{"N": 100, "M": 1, "c_0": [-0.6734627037626415, 0.09493958777766665, -0.06665211099677126, 0.26277133550470166, 0.22857297319444814, 0.5594266884195254, -0.7792747598305731, -0.37305333734296675, 0.8837172858342699, 0.9373486757373375, -0.9738025398797956, 0.266258247587722, 0.5456802611304588, 0.31815626233703553, 0.8298685128381962, -0.6229750268453649, 0.5834394941996524, -0.016298536626149884, -0.5032082288244992, 0.568554310186367, -0.06667949480367064, 0.3677853755626659, 0.7609427900657817, -0.7828571807174178, -0.5319759029674054, 0.21471228950623455, -0.08853356830003278, -0.6928203654895431, -0.41629599942420836, -0.9114396908581017, 0.20358997103223442, 0.6091686494305706, -0.7338110081307416, 0.768567599965742, -0.6900697897056305, 0.9830173737552801, -0.0008805290532416521, -0.32968902785467646, 0.13643867993185665, -0.7194743940217105, 0.4491110749789742, -0.20713595672046026, 0.6164848755291532, 0.518912137199621, 0.4936302429898516, 0.5731447695483218, -0.6673987134787087, 0.7561352346864234, -0.6953489333437763, 0.7740831612087189, -0.049096510568036544, -0.36507489345201205, -0.18537963247625044, 0.9326922824401034, -0.6922237405010874, 0.5558499545593332, 0.91112881704177, -0.9020442667508897, -0.45070514087402236, 0.6773730635140862, 0.6869647380982802, -0.5889936306176689, 0.23469316672827345, 0.793644823313834, -0.2735379464174563, -0.3849087774975346, 0.20696080753292367, 0.7654499380760298, 0.6445002195442209, -0.2557261414504921, 0.46768415298788857, -0.14666897265082368, -0.61165599480223, 0.37310345905402564, 0.5905875850280666, -0.018497192128168027, 0.41208980181434884, -0.6859694530181799, -0.4996573299271905, -0.8785476676246526, -0.8968457649925334, -0.3414122167941098, -0.21746818225981857, 0.24497738070504815, -0.3293780013301457, -0.8785104301251547, 0.17375663668368113, 0.4857520346594739, -0.9907304180139902, 0.15441492544403257, -0.3333877328937198, 0.8135264994010389, -0.7120608639681814, 0.8289249176598237, 0.41317290357504866, 0.42790935875553626, -0.8186944996670593, -0.5706831604090177, -0.04291580734724265, 0.9949628647297191], "matrix_coe": [[[7.0, 0.0984803317872065, 0.04792517713467004, -0.19571357344045504, 0.0846702064604723, 0.10702147698943287, 0.015677124497655903, -0.2099345805936752, 0.32687811553197754, -0.4951561461193845, -0.4213880259003283, 0.27971306201493196, -0.3699940521578019, 0.11624806275624189, -0.5016225291884141, 0.9137353162060582, 0.1999646457299038, -0.5031536408882623, -0.5691557701209562, -0.380057810150196, -0.16352195427827354, 0.07382806733066793, -0.8994172567918972, -0.739530744650684, 0.10367215420304299, 0.7185548621882005, -0.26119778713410124, -0.07631301580560057, 0.49958008447769786, 0.7948821342569659, 0.8356209295864361, -0.6579499505396516, -0.3888301152202501, -0.15534759784412067, 0.012914079291969749, 0.4128271744422838, 0.2398700997137686, 0.4013436977522289, -0.5357721986658446, -0.6555924536680043, -0.2045776940596461, -0.1794778407725346, 0.7664907325244168, -0.6137563199867022, -0.7659682806430296, 0.7506778107427436, 0.4657651037972528, 0.10662291040809002, 0.13245406735876242, 0.034784973664583774, 0.16170422253095795, 0.24634123837313138, 0.5340150170468596, -0.20978593625561637, 0.6936315861659632, 0.671592373620499, -0.8307317845153583, -0.4948012406755211, 0.08220280044079331, 0.15437176912087414, -0.3979405381732246, -0.9242440053145841, -0.11904503459144988, 0.11563020716936512, 0.6427070440586342, -0.3575125939989079, -0.12764817479074364, 0.648982800018542, -0.048096367661228934, -0.5445314991328444, 0.3779160175246583, -0.8588870602997095, -0.35683504759630513, 0.3558021670095304, -0.24593866503491768, -0.2483659876743537, 0.35065748937101615, -0.42869421160824484, -0.5049645079851867, -0.4221820786450743, 0.1437663048370772, 0.25083163547360865, -0.027163077291671778, 0.33774953247479234, 0.6365590340854459, 0.6350603339545833, 0.2094199119734501, 0.025941852202144844, 0.4607052109279759, -0.13674020957093158, 0.09399912435369062, -0.005615782988681928, -0.04954613061163593, 0.21228231501702055, 0.29360117319403356, 0.5035068478026465, 0.540173735920481, -0.18279122411697235, -0.3028859374104904, -0.38322549085033353], [0.0984803317872065, 7.0, 0.5256177480473014, -0.10117273918158887, -0.9439519951035232, 0.34306073682718985, -0.9275053080736235, -0.5204427707765096, 0.13778875781554167, -0.08519946342472517, -0.18952448859007343, -0.7325281763145813, 0.17599904861141757, -0.2707135149538995, 0.6587540518755941, 0.00863683585152275, -0.6031141972907534, -0.39707329867605323, 0.22975794826569595, -0.06018054681303309, -0.1412671503831492, 0.18779119393107102, -0.03276388402645358, -0.3598366927387243, 0.17251564756130122, -0.2496789779601326, 0.33023689263390965, -0.0016479211741355915, -0.7274888326296, 0.24902712537267613, 0.7375296019485575, -0.42321584535559564, -0.6068805291050263, 0.02296381659498259, 0.028941872429048665, 0.14789366005317017, -0.6242328387631796, 0.8404388191218397, 0.5244287202273208, -0.2950362337270648, -0.49305116716380704, -0.35975801054145096, 0.19589226966812978, -0.36171660448960985, 0.17958723747624816, 0.5342057284037445, -0.24427155530323763, -0.6463551128494264, -0.05887572650938189, 0.882770502289064, -0.0933325678696445, 0.08225959604699074, -0.6453869566969171, -0.11895796695616312, 0.11836658581545612, -0.3468108916464243, 0.015291074395672233, 0.419675343502403, -0.2514978186443896, 0.19317004986807818, -0.22905423529668245, -0.8717331334912904, -0.19286411748480103, 0.44605341832291767, 0.5952794412037421, 0.7569596065094943, -0.25610501183427836, 0.7683369941060343, 0.12996454208121566, -0.4245632519512632, 0.3493430257268315, -0.5070748946719291, -0.43264793779950916, 0.596150858883062, 0.43357989086717197, -0.2483188025694596, -0.043205015677991954, 0.02937142137180304, -0.6435863868393331, 0.7299672903013477, -0.09660612076464281, -0.16175515642704252, -0.22682503162250456, 0.38217327442894033, -0.18610441676464295, -0.3066802050666757, -0.04016078790102584, 0.059916180869587166, 0.5145710278582432, -0.14728067581230642, -0.10258219087133402, -0.8096322334620878, 0.24390184127418246, -0.4123367979889223, 0.40257406202024515, -0.672518868403791, 0.16117052466595538, 0.6303243209279117, 0.28085761575551205, 0.33104026278621923], [0.04792517713467004, 0.5256177480473014, 7.0, -0.6334565392328114, -0.011428178770730879, -0.7083098277264275, -0.16687831883706183, 0.6170257521448259, 0.41296623986781533, 0.1832416162117816, -0.224305752638003, 0.15566229004706322, 0.08961887448468331, 0.5677402603329904, -0.730778452950685, 0.19455020765222653, 0.3207502962476445, 0.39011372017249024, -0.7672672175788906, 0.42963088428089735, -0.3462284868491976, 0.4687548233427825, 0.2846667056257086, -0.19924194606510748, 0.5013723682787101, -0.21943762949708157, 0.3479376864966246, -0.5715461834582451, 0.8685183613684728, -0.43089048023630294, -0.2655254123407519, 0.877733212108627, -0.7241658692897738, 0.6175676876085943, 0.3377462878383819, -0.19137284018854606, 0.8536624182415018, 0.16954745841780783, -0.10099471961032735, 0.393499356100794, 0.6092082181935867, 0.30287825713874295, -0.07645493435335615, -0.3459273273821135, 0.3470227169215252, -0.07214317920863555, -0.12448487289616017, -0.6907956163278457, 0.2969423418650048, -0.024632558961482198, -0.06206736202713581, 0.20124548492185168, 0.14713223914799256, 0.13518716037665257, 0.18141447879049233, 0.5243058767450723, 0.20372496134685303, 0.7006740785157681, 0.11863876276309537, 0.5249570689067724, -0.2771636450372188, -0.7555429937828511, 0.07906574940596056, 0.2519888645698676, -0.31475597603330885, -0.009615576060197029, -0.0997857233629289, 0.09374956037843152, -0.4150098651827303, 0.5438819024237782, -0.13230646615830988, -0.3533574473127876, 0.13805306290093666, 0.3212276117021078, -0.42275870879785793, 0.12291306213514552, 0.7060606412672268, -0.3467664564843992, 0.08657871519986537, -0.4973245082746749, -0.7176204708631669, 0.6775312865114236, -0.08310207434653105, -0.19054134781919851, -0.2618861979155013, 0.40098712222245103, 0.14299193538941513, 0.5624780530057714, -0.15705480694021068, -0.36324567526124696, 0.5491713384356984, -0.7117269044106741, 0.20251800293881494, -0.5673394194876157, -0.5926300907671901, -0.31984569236761917, -0.8195052495328462, -0.2346166376576796, 0.03772272055995529, -0.41452907549873297], [-0.19571357344045504, -0.10117273918158887, -0.6334565392328114, 7.0, -0.31144455909395496, -0.16873928975666597, -0.12890586945190596, 0.8764627971285275, 0.011357107433089597, -0.21800330268869772, -0.09614914441796518, 0.07422016144773602, -0.5265157322771943, 0.04703382777882892, -0.6081002301845954, 0.45697673353035784, 0.5919580782484408, -0.09878400278463484, 0.4938887188046217, 0.19643528447382574, -0.3541890559415193, -0.11113904227187776, -0.6719654222957795, 0.10566307437843436, 0.7857767348344695, -0.10099832026311284, -0.059825207560534666, 0.35245949208193705, 0.03882983070042201, -0.29459512625072237, -0.01973557638418999, -0.0037944846749575767, 0.5676654746780145, -0.11886408521281766, -0.09155370258888595, 0.369554940507995, 0.02827781181909339, -0.10877415942827973, -0.6482610940936347, -0.07074381885862335, 0.032847087910850004, -0.15584897756940275, -0.24881274290592148, 0.2570100479761728, -0.3631479279936136, 0.7730043354799323, 0.04841810422895554, -0.8579471376428537, 0.6250409591589903, -0.7359770272901797, 0.13435889660739075, 0.5908683861938582, -0.001073542434975372, -0.06106775027692812, 0.12197617819223505, 0.04524260160666249, 0.5328230203164652, -0.10986800486968706, -0.15767270153751822, -0.14070081936597822, 0.10316811664088243, -0.6984878535928114, 0.5435021904252477, -0.3124189093367007, 0.2388796153278525, -0.0936745010473411, 0.14597192225710875, 0.5861078851909016, 0.6431479065835288, 0.3304553098434122, -0.18194605769995964, 0.061818287594692656, 0.5504027188080896, 0.3150069101903785, 0.5643169382386151, 0.4549036396776227, 0.3987646099025579, -0.3576226710155015, 0.32493390363432173, 0.7308786856223697, -0.5288196296677252, -0.14871733086883399, 0.23149900251976918, -0.0621707448312242, 0.7125914777232287, -0.5406111548514878, 0.6713871807265004, 0.27826952680696415, -0.21631203235918006, -0.16037391654958655, -0.17187194919015247, -0.25024766722001657, -0.48411947031429337, -0.2020200126797037, 0.06731933748124286, 0.6320011203582143, -0.2847627546084256, -0.05675135451018243, 0.3996714321738817, -0.5886324805245459], [0.0846702064604723, -0.9439519951035232, -0.011428178770730879, -0.31144455909395496, 7.0, 0.5909043900393167, -0.3821583356462912, 0.7076060175708137, -0.13468922736228606, 0.32848047390144464, 0.24028568656203841, -0.28769230036445603, -0.0531503326294025, -0.7569586542860343, 0.18941584538935796, -0.7198421097003852, 0.010819017550168342, 0.3820284121511026, -0.21181402886672596, -0.2863720789852322, 0.0932154272280834, -0.6256520785733912, -0.30678476405448785, 0.24927521984884016, -0.24966677460201958, -0.5897099657816194, 0.5060603352828044, -0.11108289213073819, -0.28837644147665054, -0.23139661627843122, -0.2974032617841229, 0.3360051274530542, 0.16809732831015634, 0.5786064844410603, 0.5275116695906008, -0.15195357958055922, 0.43191395126559295, 0.21833064922520817, -0.580909866324591, -0.6552643473697177, -0.12501970720400046, -0.32570247236174765, 0.1162331968923167, -0.12938210946019268, -0.48763695619823955, 0.3882744337722537, 0.1836392511611411, 0.4894878246208276, -0.12765420214464218, -0.5627598226561178, -0.3411249740862484, -0.1309362784523188, 0.26233118801516886, -0.3793505014314059, 0.4063733766940154, 0.05006380738032323, -0.5576956110741347, 0.0511400429072828, -0.09771413544848817, -0.10701073230778102, 0.3375728549785231, 0.22224838384841972, -0.027178154760758466, 0.25562280714163643, 0.4927048277253969, -0.24902298821760405, -0.9019508678217399, 0.1186168062765871, -0.27902033732934217, -0.01919257651615136, -0.19622040483099246, 0.321739649593066, 0.41712079533672464, -0.5185026970328442, 0.1007070614295531, -0.7155743956595443, -0.6143278681898324, 0.3919265256586639, 0.13723391018433828, -0.012040385878029691, -0.05480967482147381, -0.06331223466592772, 0.49149316846645563, 0.6385484845437137, 0.413916823518673, -0.34399172631996455, 0.44871056524509556, -0.23965479145735835, -0.6484510031301872, 0.39643347717049826, 0.7659750115360722, -0.5292651038973598, 0.16032068447014192, 0.14150860894251638, 0.04478847406703812, 0.09513642880495188, 0.6264851799864326, -0.2499431534929607, -0.2916184477605709, -0.27669699025855865], [0.10702147698943287, 0.34306073682718985, -0.7083098277264275, -0.16873928975666597, 0.5909043900393167, 7.0, 0.14072389902276772, -0.8710134995033678, -0.18910157242673598, 0.7814346988644969, -0.259671686047238, 0.27100258161206714, -0.09146683121908439, 0.4924985338541026, 0.36562029544614205, 0.09840510871349695, -0.07308825045535605, -0.5768279695602846, 0.29519765058080427, -0.39527312866471187, 0.5735079351029806, 0.25784628398077336, -0.3453838459183439, 0.25186861013440875, -0.09735608175450083, -0.4987639696171099, -0.17870397853482833, -0.13660240644022015, -0.6370448457226354, 0.0765235771706827, -0.2659277952980068, -0.23021831760150735, -0.01111960618379959, 0.1135780350796538, -0.3069077038081328, -0.3777029867193573, 0.1685998491326095, 0.16564681771340717, 0.11459538737013597, 0.3835431936193805, -0.2842211921971193, -0.31462950916478305, -0.00250346921006972, -0.17845810325403788, -0.7175198329672574, 0.14479868663665818, -0.3773235101578629, -0.45053687625197314, 0.4418519059344832, 0.3955114696997366, 0.13172853488444058, 0.616929412084056, 0.12182346106252462, 0.041880198311420536, 0.5467016761288157, 0.10244109211856367, -0.017553410940474246, 0.5233726357826787, 0.44719218866760246, 0.4287155916077594, 0.30136189511914346, 0.036388532604576085, 0.4798379343411039, 0.2864439573533224, -0.29542357674439457, 0.4870994232108976, 0.7947416024733982, 0.26041847907887705, 0.11503820102244067, 0.400755385668524, 0.11568503363945526, -0.8385652534172932, 0.32431626252645085, -0.5323490146946686, 0.5858605376978536, -0.5345441386872765, -0.1512296327453354, -0.6405110496735297, -0.2709492946037798, 0.005192295718779771, 0.41446735495490694, 0.20706744944039146, 0.4089047322225592, 0.5572131351055223, -0.002226065172437508, -0.2868844861862584, 0.05681622610176218, -0.4879470208388641, 0.09008905790093791, 0.7597112714466405, 0.2272098541308447, 0.3390849803327347, 0.14160226182059565, 0.4991865241307094, -0.6191194898688226, 0.08863657532334424, -0.3168484939760612, -0.8281951204610475, -0.5429656148286643, 0.49746764736656957], [0.015677124497655903, -0.9275053080736235, -0.16687831883706183, -0.12890586945190596, -0.3821583356462912, 0.14072389902276772, 7.0, 0.2713056435193111, 0.02555660476322963, -0.07825423478751359, 0.8132033604921309, -0.46108340930704317, 0.10027507636839328, -0.6405439973334558, -0.35286720437621655, -0.31707794163403547, -0.5228764587501394, 0.43893079080513164, 0.42808753753503126, -0.3262914135145494, -0.05965820312241321, -0.31521682610036617, -0.35794076528489616, -0.35730666637125197, -0.5800692039551011, -0.010619779766073645, -0.03322559892323407, 0.34572039564627133, -0.8759297551379728, 0.06747359265065578, -0.23282208740677623, -0.19381380211832244, 0.27298598032865184, -0.005880006200201571, -0.22266254179557898, 0.2849321444594286, -0.2813324909487144, -0.16563277109979757, -0.6830554357376164, -0.038352659889482554, 0.0002642632314091564, 0.041035011192446014, -0.1840639874492227, 0.3362405279311469, -0.6803707151373664, -0.19420449397434492, -0.04666647258885981, 0.07625067333962887, -0.12086564154369017, -0.7129629248527272, -0.37885414546333307, -0.6234939336788984, -0.24067960644636033, -0.1860353929542743, 0.0367140023556054, 0.31863456301713766, -0.19854720731532127, 0.09003757868926998, -0.5501710266087609, -0.2842986774584526, -0.4210853946079468, -0.41447137321771377, -0.5695281546109024, -0.040931212641765025, 0.43784798751748033, 0.24127725799962807, -0.011015253170259864, -0.52132545592288, -0.27055495650603456, -0.09057419504323905, 0.689641685542028, -0.40428731489612313, -0.37035027241558427, -0.11746251303061117, -0.7114553528085704, 0.1371427665332523, 0.7145256707261303, -0.22628283441813501, -0.3475671282622954, 0.7729011379658504, 0.46548528048607407, -0.10381720335478595, 0.250760296005724, 0.03216503800861137, -0.03622855964173044, 0.8106181952490528, 0.8243560200301603, 0.21815937976984445, 0.10556717249191161, -0.43497668345829843, 0.22115417327477283, -0.7011172541251808, 0.7141288817598022, 0.10562529308453161, 0.3744064751304965, 0.7475694322078965, 0.3648216577802086, 0.21685359328190223, -0.06864300837367643, -0.16880305967233467], [-0.2099345805936752, -0.5204427707765096, 0.6170257521448259, 0.8764627971285275, 0.7076060175708137, -0.8710134995033678, 0.2713056435193111, 7.0, 0.739275340018849, 0.04693707847157147, 0.07952767067747968, -0.693453485341855, -0.23177478312673905, 0.7198409672160875, -0.0010737735136033821, 0.5917437755979253, -0.0017780591954562608, -0.546962910049712, 0.06311438686697746, 0.5443769383886581, 0.6577325463534236, 0.35525375522814695, 0.3031262700618709, 0.1011307274243114, 0.45290985933493855, 0.2871227728155401, 0.6250857114594495, 0.7686008569326721, -0.3774172481417979, 0.1630526290896035, -0.39677522730893044, -0.3031483953096147, -0.6043814502956912, -0.3234295286782338, 0.33904176514576223, 0.21758032573148167, -0.08259122969739996, -0.25925987834598563, 0.03950828010187024, 0.7734838364196039, 0.255751936868875, 0.13529976333516025, -0.24506166196126722, 0.3857925434830991, -0.14124665905931244, 0.5240546902096337, 0.047559393915640014, -0.38112070446675106, 0.08615983085676926, -0.4069180507206116, -0.08753563543127285, 0.43130679885987955, -0.35974222586313553, -0.39326860859523105, -0.21551488551434472, -0.6198331317939458, -0.28086073482931706, -0.22444098868547735, -0.06782823040483843, -0.2650254545143821, 0.018475396818092626, -0.01569656469583547, -0.8368939150900825, 0.35841583778739783, -0.693791973942152, 0.4705641955187374, 0.07391139823554793, 0.09752159503244906, 0.045466782557211705, -0.24498520582998817, -0.3585908520510942, 0.34423594490617093, -0.2892005656741039, 0.08139772751292451, -0.6187760869413466, 0.3646650887927714, 0.6839205244805495, -0.0043228755511831585, -0.23695653702901254, -0.1086053669464524, -0.2504736504857633, 0.3742305095761105, -0.1660654678794643, -0.8620411740840707, 0.21637732019190903, 0.25581868587957635, -0.18265531733367169, -0.48196894593233064, 0.5445307452902122, -0.014422200776199268, -0.4373950363937308, 0.19775609596181742, -0.2503969584403325, -0.1477767906777907, 0.29705441616908357, -0.37791340434989107, -0.09331480541324477, -0.026313754219742802, -0.05280913496699957, 0.616859769343197], [0.32687811553197754, 0.13778875781554167, 0.41296623986781533, 0.011357107433089597, -0.13468922736228606, -0.18910157242673598, 0.02555660476322963, 0.739275340018849, 7.0, -0.0478842772708139, 0.859399522521008, 0.5323061819586425, -0.08017227879190136, 0.7863834960804859, 0.26076803967548656, -0.947072668842819, -0.08413084457515885, 0.2507560332246226, 0.03227300051637316, -0.39151138232589533, -0.10786515650421569, 0.05497480277305211, -0.01352056597040363, 0.4204570937135048, -0.13003079303588072, -0.10689525330832916, -0.17660994694661802, 0.5898020586456267, -0.6523614545192312, 0.6756624728640133, -0.5392793164845548, 0.4755867154759994, 0.0841692692940268, 0.3950448361074248, -0.43204552338348046, -0.1491785805051692, 0.46395151601375595, 0.43209892817566753, -0.9078877890229148, -0.5608120464451438, -0.26866905455601353, -0.8946944837120054, 0.19072386812885234, 0.06020456465487789, -0.13383254621925977, -0.35826280809147526, -0.4497619238626358, 0.29730692564772054, -0.0734343432909823, 0.13152195389433086, 0.7415251660398599, 0.08007667036139177, -0.12427189323659427, -0.3276296344962335, -0.3830739659493656, -0.12826354857754996, 0.24054742339462276, -0.03855908575279332, 0.17703378490085875, 0.16510343112060122, 0.5177888300265572, -0.016228027198232464, 0.06175178120777103, -0.30979373457365966, -0.009656715568097662, 0.6552702549404188, 0.32043454217801237, -0.3476963456890133, 0.3661796604783625, -0.31580524970714396, -0.5124295765061853, 0.5191307483857397, 0.240746582928963, -0.3097474842001463, -0.11776761188164098, 0.3473337557639584, 0.20669683179821163, -0.3528183635846617, -0.21784998624765695, -0.12828872936194202, -0.7713237032851337, 0.6904694342674178, 0.0517503138472204, 0.026868964961562325, 0.6713885894626679, -0.3568066270559286, -0.13316405892577343, 0.10634509176610774, 0.13838575369121298, 0.27860122681670574, -0.21846891880059127, -0.6174722297103722, -0.8434511871778615, -0.15608352128789893, 0.5781983583323027, 0.00792355573598158, 0.1290485766098366, -0.14545683438276158, -0.7004771454294905, 0.3066401302328834], [-0.4951561461193845, -0.08519946342472517, 0.1832416162117816, -0.21800330268869772, 0.32848047390144464, 0.7814346988644969, -0.07825423478751359, 0.04693707847157147, -0.0478842772708139, 7.0, 0.014037531414545557, 0.85553617641223, 0.7076047023933474, 0.1855092313630453, -0.15334277403630492, 0.4943499816774377, 0.041096358127832744, -0.4330475019756772, -0.42331608334260307, -0.362351886326302, 0.2562736358938138, -0.6350949303317982, 0.5626522136316512, 0.6436035981914636, -0.6722872213229705, 0.35391461161976845, -0.5482288318633186, 0.0225417669527197, -0.04914860257539366, -0.770637470758718, -0.7119198188859892, 0.23481843402012048, -0.11638860970959986, -0.09605652751110405, -0.33357929620310045, -0.3782862822797183, 0.4191480336968154, -0.6408531943987447, -0.148107614749312, -0.3062646163681675, -0.22386166687013653, -0.5721739202535769, -0.16802114259318546, 0.7416460206047157, -0.061140483573632554, 0.07130077754371644, 0.4269488522248339, -0.2892660778206978, -0.3442405049604842, 0.11402551106990666, -0.6242846724182056, -0.0011975986438133024, -0.5547411693135128, 0.20036924592985494, -0.8991217329724069, 0.5534096491527123, -0.45607350992470885, -0.39554367781560795, 0.6950248392630143, 0.5115433939841381, 0.6429077092336382, 0.42722583865383257, 0.1878813871895344, 0.3176157089763989, 0.08444448874228572, 0.13445968255016982, 0.24209585288399094, 0.40484540581880624, -0.0067523685072012896, -0.08865671077275727, -0.19037294939687777, -0.11842519240012472, 0.43383332277546494, -0.5268136960249298, -0.6299960759922236, 0.28615150137810375, 0.503005693079712, -0.3488594457439296, 0.5965409114729257, -0.6506052556715011, -0.1462614130614992, -0.12211314180359334, 0.17379860504813482, -0.07596499843634896, -0.7922662967708639, 0.315662428933845, 0.32582772917972624, -0.5363443962575315, 0.19369467361089665, 0.10771705698187573, 0.3325056589619475, 0.2894115534379065, 0.071083188293116, 0.31918508046778493, 0.508301086457434, -0.13918827931571143, 0.2792929515381386, -0.12424943478827422, -0.24122715283760687, -0.26885050939229105], [-0.4213880259003283, -0.18952448859007343, -0.224305752638003, -0.09614914441796518, 0.24028568656203841, -0.259671686047238, 0.8132033604921309, 0.07952767067747968, 0.859399522521008, 0.014037531414545557, 7.0, -0.4714625667553034, -0.5306420163931784, 0.0165868846373618, 0.24736259192948307, 0.4148461692941148, -0.2084230269674494, 0.17709157109833273, 0.5079260893956512, 0.3716242432114467, -0.9737447566255989, -0.4826417691051228, -0.2586581819469481, -0.024491991250462086, -0.15923537645908925, 0.41612641976202136, -0.6860344569765631, 0.24861886910447617, 0.08191937696388552, 0.06120097451668083, -0.23684102391158302, -0.02005004729159443, 0.19738495519557508, -0.21328117349720643, 0.20721196517286877, 0.24538049520813265, -0.3573951112232625, -0.5486208335572624, -0.20308561099140676, 0.1353305643362548, -0.3120556977638178, 0.6400915747789837, -0.1498435266288709, 0.3348302076699434, -0.111885836447988, -0.405578330948283, -0.7375489435057374, 0.6596052711260285, 0.2811515655459944, -0.2034954645810112, 0.1968976395664479, -0.012286607458524945, 0.03996295152481588, -0.290843632693642, 0.5286292902406942, 0.33618719252005347, -0.10832076139744584, 0.11880558957152676, -0.5168413323079218, 0.13972699297094637, 0.14512806982651272, 0.07835294871828902, 0.36157970381550353, 0.2035436784211313, 0.2586882573615994, 0.07716190235620113, 0.08917502380343967, 0.5321276890104356, 0.5820696807163426, -0.23244737826810902, -0.31609312944200174, -0.8289856769766626, -0.31181094153709776, -0.31889095116885735, 0.06159962332164559, 0.09207580338529908, -0.6858800400205249, -0.035513068678716286, 0.5330462717233293, 0.13217679903560375, 0.11041378188073647, 0.4437877651669173, 0.3624394878910264, 0.23479310854746926, 0.2840857932410161, 0.6047556793532276, 0.029582030177883523, -0.20136189178091113, -0.020214939707045465, 0.5022344264862955, -0.4617385034794207, 0.2142325358879762, 0.26511001315803084, -0.09299341531112304, 0.36391815714281184, 0.32690984975410187, 0.5999482146834456, 0.179025927991326, -0.22972261858504284, -0.7181263145867677], [0.27971306201493196, -0.7325281763145813, 0.15566229004706322, 0.07422016144773602, -0.28769230036445603, 0.27100258161206714, -0.46108340930704317, -0.693453485341855, 0.5323061819586425, 0.85553617641223, -0.4714625667553034, 7.0, 0.052072233384742095, -0.19129853418396725, -0.2968720319149637, -0.4698019012535445, -0.09147609977887527, -0.3253300487463482, -0.8112073245712652, 0.061966133511478505, -0.1738284531664429, -0.01011419567855365, 0.14877594442738085, 0.22835302437766347, 0.33692739557106677, 0.7499532603595895, 0.3734500483425751, -0.3888521828796003, 0.24755069596609025, 0.7915357115249766, -0.15442445632961366, -0.5161402681119902, 0.5252396916471969, -0.38897357736132687, 0.12521597309022114, -0.42503595940868166, 0.7636534808289892, 0.12913828638258296, -0.5804661699553164, -0.09091526979537434, 0.6716611075437231, 0.9303264578164425, 0.37313349242648286, 0.006388788536287882, 0.3410481565580068, 0.33706206614100553, -0.42362376874262675, -0.03770816290670953, 0.01651245015028202, 0.025477157467778788, -0.528201606901705, 0.049111227435883364, 0.04622988218976709, 0.0680116980850316, -0.3074855815144255, 0.10650768433627666, 0.2587186948553013, -0.4204656966396334, 0.1183077699747721, 0.40160065382280674, -0.1410420463389186, 0.10067463950599453, -0.9253840381337457, 0.20848465443356767, -0.04838938325355857, -0.10388231302377493, 0.2576433979505035, 0.6735638659312806, -0.062229337535092744, 0.26478523894199935, 0.05991534942195842, -0.36202151374980485, -0.720890771540785, -0.015455712202385397, -0.19574113728920617, 0.021647968722556588, 0.21543619711513662, -0.19884272626789667, -0.20750745557539385, -0.1272734623097146, 0.3581456096085571, -0.022095289659208928, -0.0324667143937486, -0.1144437553988743, 0.29259693566896217, 0.17516269929860906, 0.0725327984770805, 0.060420182479982376, -0.17483178009103428, 0.1195545627778678, 0.43844344815174585, 0.7519794698615292, 0.7725000012488872, -0.8021483351534848, 0.58939087634189, -0.43032003990050394, -0.4635238117678142, -0.32689133296829465, 0.7810000637458563, -0.483075742671946], [-0.3699940521578019, 0.17599904861141757, 0.08961887448468331, -0.5265157322771943, -0.0531503326294025, -0.09146683121908439, 0.10027507636839328, -0.23177478312673905, -0.08017227879190136, 0.7076047023933474, -0.5306420163931784, 0.052072233384742095, 7.0, 0.23911581930343928, -0.24985012817176633, 0.5149502258174403, -0.715352168550117, -0.19821201235322594, -0.024773185361170014, -0.21647179949423645, 0.5081001497888264, 0.4873682963633703, 0.6642340939104794, -0.5386204790280003, -0.09128132298474834, 0.12881680393647743, 0.4423945225045065, -0.5936120103204865, -0.26629445231277593, 0.0902068882244107, -0.09088798802251497, -0.4303663833523237, 0.2580916790800347, -0.02215087900663215, -0.033275270246273525, 0.710039441232482, -0.7785255407080024, 0.11767362760509892, -0.00995947741664771, -0.4330515614532747, 0.14242663512468434, -0.4344604345376428, -0.25287978430258684, 0.35941669981540003, 0.7239871611854842, -0.1602948454486638, 0.13670933528159068, 0.44491949165108124, 0.5651953022342022, -0.8062069865684289, -0.6617024915943444, -0.7908261579095043, 0.32878059134520976, 0.5335579138951965, -0.4605822805079335, 0.17837869094040726, -0.057354561826758244, -0.04088181354628084, -0.1936656707212786, -0.0736192459825159, 0.4464946352026846, -0.4278236874983604, -0.8251828514512005, 0.3343484933833629, 0.06221648953124381, -0.7318810412866892, 0.17160574664345773, 0.05976478921525419, 0.3219782285341122, -0.6787025860801886, 0.4624592996264205, -0.25110107814623295, -0.002774269058433254, 0.6387470534309272, 0.4214224173619008, -0.23704914528147647, 0.4228941545075715, -0.01948983331697085, -0.33863276987648916, -0.20107514231476886, 0.7167390534270186, 0.46808129771050755, -0.895058007035102, -0.3853981829937745, -0.15013730132914183, 0.22039942063494955, -0.18905555623710057, 0.38675733437388793, 0.007534336632897487, -0.8812539634829142, -0.10705139771218997, 0.18619997365364394, -0.2157356716880886, 0.026230696178113355, 0.10095625593779767, -0.6379296081978465, 0.43535487268029893, 0.6200017150238728, -0.6542152293261977, -0.5088362488493215], [0.11624806275624189, -0.2707135149538995, 0.5677402603329904, 0.04703382777882892, -0.7569586542860343, 0.4924985338541026, -0.6405439973334558, 0.7198409672160875, 0.7863834960804859, 0.1855092313630453, 0.0165868846373618, -0.19129853418396725, 0.23911581930343928, 7.0, -0.18053874401890135, 0.3981571340117811, 0.07506631521963336, -0.048509215590062715, -0.8033510288715721, 0.031274610409018244, -0.06975434398643421, 0.8765692615652725, -0.2783710934399104, 0.2830311440777531, 0.08539381637298993, 0.24076314370107554, -0.19073746200932773, 0.08367733770848629, -0.2262812186842218, -0.5042792795558417, 0.13587559398806182, -0.06425535730224896, -0.04454822224978683, -0.5966916594558287, 0.6789157912461645, 0.2458478862915947, 0.7643369789612933, -0.02074250450689541, -0.32826928395644284, -0.6552954176282301, 0.7265331252585465, 0.07512392314499183, -0.08077061711257216, 0.524803355300369, 0.5040154645345436, 0.06072281848456251, 0.5335706541982979, -0.45844111785755104, 0.24650821372653264, 0.5816358844125782, 0.5251614206458983, 0.04634135097708336, -0.31629305033243416, 0.17044924358981128, -0.3873325243314384, 0.23255264082681104, 0.26530689113242856, 0.010230540424167378, 0.01752941602711844, 0.24665876860293756, 0.13255053638800085, 0.04316499851138533, 0.17216100477504837, -0.611062755119969, 0.19455506652674437, 0.22597050534011176, 0.5055967646656141, -0.024348086306144934, 0.42272285185143943, 0.632963460848039, -0.33297427645519173, -0.6223352733389383, -0.5629805624176496, -0.4009774521552113, 0.2776568587124806, 0.8522126431999639, 0.252514828260723, 0.02422960309480482, -0.11904722790895683, 0.3085145462466452, -0.16207198836670234, 0.23434415341751014, -0.3620472540241306, -0.24394573482466397, -0.3992564563359333, -0.24110896687480277, 0.7583889542396327, 0.6841588505094296, -0.2100325934715368, -0.5800648940991397, -0.3348558661494886, 0.6387054084100146, -0.4583201742686187, 0.3334397900528625, -0.7150493628035189, 0.00831953127590479, 0.7079882530920476, -0.664737683381721, 0.2563656337214979, -0.06305355891449993], [-0.5016225291884141, 0.6587540518755941, -0.730778452950685, -0.6081002301845954, 0.18941584538935796, 0.36562029544614205, -0.35286720437621655, -0.0010737735136033821, 0.26076803967548656, -0.15334277403630492, 0.24736259192948307, -0.2968720319149637, -0.24985012817176633, -0.18053874401890135, 7.0, -0.36114123162547196, -0.08713202721249813, 0.4257095147431391, -0.5144803597803914, 0.009031836870186938, 0.34491193680913534, 0.2191778954840382, 0.05499854846988872, 0.1656284836321429, -0.18885096286460745, -0.33426354440833494, -0.01738105700141901, 0.5374181561892377, -0.46715724906344225, 0.5086281612726054, -0.0054850325502471264, -0.01870175763280657, 0.23278469316799222, 0.3999067031772734, 0.3873826787737884, 0.01486146061658733, 0.280080594587651, 0.0127697372176927, -0.6466182745501815, 0.5433538746156934, -0.5352339881514744, -0.3461338982082879, -0.3396695803967775, 0.7568884009440011, -0.06693335051662286, 0.1558745451107182, 0.09430067761016803, 0.5006705477589708, -0.36062260004822344, 0.2714596115920769, 0.6520698408746646, -0.10418083408695678, -0.1341704573315703, 0.3613856876354844, 0.5596310998999978, -0.03888098541009144, -0.3300018053569572, -0.038387594956749926, -0.37171116320421194, -0.9041214491859807, 0.6980987742590403, 0.32706302840520474, 0.01755544294879985, -0.15144637038938236, -0.1944138316125833, -0.6418245635333232, -0.46953696200055084, -0.013116360727355114, -0.6719350620579435, 0.10268920172076612, -0.3029772933922924, -0.5973164225576775, -0.36896289985845865, -0.14182216738032138, -0.28671652184044694, -0.766660736294906, -0.48702459134377984, -0.3372843360873905, -0.294222201921434, 0.5382473252397064, -0.7387988084739088, 0.7422126510218505, 0.3269430987127293, 0.0908486755395792, -0.3593940193187394, -0.5848693283161048, -0.2556050818668405, -0.3871152044166236, 0.2640553779219008, -0.4128332696783773, 0.7269757883265873, 0.15692121732797304, -0.50847744939221, 0.3194639062217297, -0.5925356497542249, 0.6909621829127222, 0.12823383489019902, 0.3008301348122093, -0.2698833110231208, 0.8925570721286693], [0.9137353162060582, 0.00863683585152275, 0.19455020765222653, 0.45697673353035784, -0.7198421097003852, 0.09840510871349695, -0.31707794163403547, 0.5917437755979253, -0.947072668842819, 0.4943499816774377, 0.4148461692941148, -0.4698019012535445, 0.5149502258174403, 0.3981571340117811, -0.36114123162547196, 7.0, 0.24353513913984415, 0.4161330257364533, -0.41922679175120214, -0.7060764135482066, 0.46533080833804785, 0.11264443771294763, -0.2083356593855994, -0.0073629002694030055, 0.4084442963083763, -0.6596926525698352, -0.3959747237022443, 0.3941780678663789, -0.07367124994252217, -0.4372964973975093, -0.5523408802014209, 0.5220729602405616, -0.25895750126014727, -0.38145542120332376, 0.3939990741735979, -0.41025646970821983, 0.5525450539154773, 0.5266287784952537, 0.2814236654871842, 0.42140944099527666, 0.08345695324565439, -0.16849434384809925, 0.395600629307697, 0.6564484499549226, 0.5717198511554371, -0.5703800612170807, -0.3027138923452375, 0.031615353692239, -0.45285995533896706, 0.045260841678848696, 0.3622542975871963, -0.5513642734261243, 0.5273176953561696, -0.5605358443845334, -0.08734622593969288, 0.220859514579284, -0.541258809130644, -0.6208483006546721, -0.17381228450096597, -0.5941018827056148, 0.15210499665732868, -0.1778156753579233, 0.4709253463055789, 0.44323134692306265, -0.14213040856374803, 0.2792897039960076, 0.02642349509286923, -0.07686484216784939, 0.24978972400495714, 0.1413619682351377, 0.5644590973284442, -0.4413553897251451, 0.11273707686654566, -0.10628792679823384, -0.3697739572732671, 0.28281417466654846, -0.02993567853283352, -0.6238757961835893, -2.3228468482350273e-05, -0.19682327847081238, 0.48968087892370615, -0.17076486355675358, -0.04597517158440878, -0.03889476886553378, -0.7359070679872058, -0.6741002126123186, -0.29214451667850927, 0.3091376906785168, -0.23218124692402575, -0.21446298571384315, -0.7632347979665524, -0.2528931439273947, -0.068886019355764, -0.03717590342722443, -0.8638973396814754, 0.10363752206084831, 0.7488970270467672, -0.8867114134302638, -0.14227751562953395, 0.01898471004354141], [0.1999646457299038, -0.6031141972907534, 0.3207502962476445, 0.5919580782484408, 0.010819017550168342, -0.07308825045535605, -0.5228764587501394, -0.0017780591954562608, -0.08413084457515885, 0.041096358127832744, -0.2084230269674494, -0.09147609977887527, -0.715352168550117, 0.07506631521963336, -0.08713202721249813, 0.24353513913984415, 7.0, -0.01846885885798155, -0.10592258674717347, -0.3090569498203932, 0.012913168803952324, 0.17014474254060774, -0.5130743335411861, 0.2333107336460818, -0.7713204933068005, 0.3388170261940935, 0.561647632191693, 0.4767920330707869, 0.5072803670760071, -0.3793239216656965, -0.05337841404511601, -0.042324308582065706, -0.7589860411255438, 0.6005900423058208, 0.44354706257329424, -0.10009952348470963, 0.12543653527641574, -0.5132159110866773, 0.261598909768213, 0.056587314563849134, -0.11686251482983956, -0.3175171574314074, -0.3718224630947742, -0.3778398108870169, -0.17958458435095015, -0.0033389173624444046, 0.032288185272093095, 0.39820127640110514, 0.4943970923180405, -0.11997243124267565, -0.2682751717561448, 0.3814963744299942, -0.16781442558496307, -0.00416400153285712, -0.1233321455997809, -0.23855102540500195, 0.7209042792816667, -0.2588359536771758, -0.33250232029271876, 0.03327403961484254, -0.07206699270968786, 0.8941544566237973, 0.16879694010204727, 0.35429304847800114, 0.20352752160721765, -0.587061230434997, 0.1289112015450593, 0.7325891787338472, -0.05709876800442204, -0.06076620724344772, -0.38529350946705176, -0.22245767885270096, -0.3338737504035746, -0.29859277169946374, 0.47226548740920604, -0.8710247802894218, 0.5623573381268798, 0.34012336985968883, -0.022227896768562627, -0.25775341207185154, 0.0583871958332467, -0.5467645589754465, 0.8963307127875058, -0.3080591791962095, -0.32926261391931255, 0.12456917523262323, -0.1327166805919936, -0.07089415603437266, -0.10209680522109976, -0.8329862545463568, 0.5239709783673869, 0.29430129294406804, 0.1873391881918658, 0.142931156851267, -0.07047168870345089, 0.581788340183417, 0.05170143372654268, -0.2676908100592007, -0.8348184753299208, 0.7395678701977191], [-0.5031536408882623, -0.39707329867605323, 0.39011372017249024, -0.09878400278463484, 0.3820284121511026, -0.5768279695602846, 0.43893079080513164, -0.546962910049712, 0.2507560332246226, -0.4330475019756772, 0.17709157109833273, -0.3253300487463482, -0.19821201235322594, -0.048509215590062715, 0.4257095147431391, 0.4161330257364533, -0.01846885885798155, 7.0, -0.692422592328628, 0.1099730152579621, -0.570895118552568, -0.026154295928815352, 0.3292614666539482, 0.47979949245702747, -0.5085798444380397, 0.7997153751933057, -0.920515504986028, 0.21596796226245818, 0.0534009239457085, 0.31839959547828256, 0.8287681879871349, -0.10093019251223512, -0.29750555642826093, 0.96384657140446, 0.5027680002869663, -0.5371048107706141, 0.3306146883491605, -0.11429612665318889, 0.7698931157339117, -0.06138370529645376, -0.038455736459244605, 0.22094229230855378, -0.6173320539910082, 0.26135455727854384, 0.4833079522106454, 0.09747024491471001, -0.20771907003641243, -0.2176764819869521, 0.0681989371265308, -0.7154468997423287, 0.09874964528455843, 0.18669956439388224, 0.3133562116753421, 0.07447521080436204, -0.14700954277340672, -0.21917307016474197, -0.30767186557700643, 0.09012925737991773, 0.39867517388820994, 0.005007708579999326, 0.6121446733828968, -0.5750383536351469, 0.1871190053825349, 0.33747081577894966, -0.6453679048238585, -0.1360077293120996, 0.11087349840925009, -0.27898255176139053, 0.13350836472198102, -0.14226339632852492, 0.05414137297215271, -0.597527340096896, 0.24566487353050848, 0.03537202845559584, -0.03227560967432752, -0.1797101704970533, -0.166183572315586, -0.18983875178777654, -0.867459117089347, 0.5456708437536308, -0.41880359811792234, 0.4763133605630583, 0.016413865850877674, 0.024527309076396442, -0.6359001058883383, 0.3014185636260076, -0.6667989609936108, 0.3785491985463516, -0.7093289070849955, 0.2784437648044735, 0.026462793936233187, -0.11187587604729354, -0.06910283038088871, -0.4848321606631387, -0.10940656759030376, -0.09008939820347417, -0.3017607130601412, 0.2147635834921371, 0.6537528836598103, 0.1396096280255268], [-0.5691557701209562, 0.22975794826569595, -0.7672672175788906, 0.4938887188046217, -0.21181402886672596, 0.29519765058080427, 0.42808753753503126, 0.06311438686697746, 0.03227300051637316, -0.42331608334260307, 0.5079260893956512, -0.8112073245712652, -0.024773185361170014, -0.803351028871572