{"N": 100, "M": 3, "c_0": [0.06318726814631725, -0.9783342326483624, -0.4726424085860874, -0.5194161326974631, -0.34215584055100967, 0.4722396808097764, 0.9395397308331543, -0.7139213366565482, 0.3952872765005242, -0.9563952498208386, -0.4513560145400233, -0.5047536721233761, -0.8581216965596936, 0.40035498681998183, -0.8762848252106503, -0.3477745945820201, 0.7565076487504927, -0.5231130239142217, -0.6918153832209175, 0.1195186411491318, 0.4804733748718746, -0.5696418504752347, 0.10168697682050443, 0.7136107941265011, -0.9718214496269288, -0.28042464943054335, -0.660239238091227, 0.808856721304402, -0.028229573725778945, -0.9742015183402812, -0.9496569517026179, -0.9498097464551905, 0.7918912038844172, 0.03926129433473924, -0.4905523629085813, 0.43366742167191297, 0.1838846986917262, 0.6985283042208674, 0.9490351787743625, 0.6022063768973742, 0.5567877941344017, 0.06054442631457024, 0.7337249519958473, 0.2857250949722969, -0.0937660843542174, 0.9735740122931311, -0.13678629927525865, 0.6456385428462603, 0.3784887867520419, -0.06898311739736496, -0.7392239395226345, -0.24966039180389532, -0.8334316275861644, 0.4179406072177265, 0.25363513034596386, -0.4269510847630662, -0.13015883573196696, 0.9380136968858717, 0.05607354584957358, 0.6512093433792354, 0.787242604015153, -0.907674791852314, -0.45129806184231414, -0.5323313248155748, -0.8907128733956757, 0.28253320806077276, -0.1488166563238702, -0.8672146357904884, 0.35498272950709375, -0.16207821036370706, 0.4171701203263469, -0.8186708494841817, -0.33762472044260616, 0.6263289617554011, -0.5626990695312615, -0.7912818055556152, 0.49732629561465336, -0.14758898791175912, 0.4234667101752805, -0.34905566356165263, 0.1497427719093105, -0.12145322695468286, -0.8843156734437154, -0.5891189203567397, 0.6979127068111297, 0.11907187132301389, 0.26518598649109815, 0.6685533178870695, -0.08032317276744916, 0.584123069785677, -0.5659249168391924, 2.6194841039384187e-05, -0.9508692129674385, 0.4886412211091993, 0.056604105761018264, -0.8023186256437915, -0.9909059329076881, 0.703122201392284, 0.06956191885540997, 0.4942970965681439], "matrix_coe": [[[7.0, -0.04127056006118068, -0.17229769632696468, 0.12553355672208122, -0.20395229875994325, -0.040767718403806885, -0.3329529494157606, -0.27793116595094314, 0.5644604057725293, -0.02237114590397926, -0.24828129189263626, -0.15492777856506412, -0.05864199923304225, 0.07676889000526765, -0.09550993473984737, -0.026601097683405572, 0.6268460280988792, 0.26072556355825993, -0.010149716773433903, -0.3258772339801588, -0.01616806349983868, 0.37707068476565864, -0.28124720549277094, 0.13902816895322778, -0.6411559370088682, -0.5543428075900386, -0.3186658642600284, 0.3578570347910599, -0.4786869558957658, -0.6791143418115921, -0.8220642736352485, 0.15630195043653305, 0.6483389545542604, -0.2495619401485074, -0.5989745606448201, -0.05237137306535211, -0.4061311705641918, -0.04627418246603676, 0.3053434489419069, -0.27356971657456, -0.08594106685830516, -0.4840328365283382, -0.1240297902509746, 0.09198662812392211, -0.1882429653229737, 0.6830722462873882, -0.8268627291498889, 0.7892208411835742, 0.08451227286630347, 0.42445996006320286, -0.36697426451617854, 0.7377995736776235, 0.21404075675637735, -0.24110373435811372, -0.6090121333779854, 0.40973524091517133, 0.4782799738489709, -0.5287894454567296, -0.3696674260914323, -0.4490312621289736, -0.8369153808542322, -0.47745958403185595, -0.3246704088081084, 0.6847803584608765, -0.2145826802684453, -0.23190219267990209, -0.5117145722040061, 0.4026926534219455, -0.4552454292936505, -0.35569724840607686, 0.009050537170712136, 0.3205762857008887, -0.1541113490453233, -0.12936546709289665, -0.527730468113465, -0.36025672673990206, -0.10693371351007985, -0.3946081006592601, 0.08511351669001122, -0.1692991767798564, 0.3686430005634489, -0.686456788335343, 0.26474721055845096, -0.08774390338940452, -0.7126806499930672, -0.011589940452642722, -0.47702128331636884, -0.5096263026716662, 0.2276671695864394, -0.3173799804309131, 0.027618909288097848, -0.4652866559969985, 0.31158697655709555, 0.04409694606133985, 0.6759692249334124, 0.08368398165159818, -0.332984042443247, -0.1182849839757063, -0.3462240609266213, -0.1183229120382957], [-0.04127056006118068, 7.0, 0.11080794216459955, 0.10911429994649202, 0.34154238850167307, -0.010404245111001686, 0.5773752611969274, 0.35390698174138646, -0.5914156078635482, 0.58987082922765, 0.2306467135676984, -0.20394084504516885, 0.41489354663740663, -0.34426969184773804, -0.42492905140759407, -0.30356433912307923, 0.6165982405564647, -0.07589985010534628, 0.03875007052312496, 0.3839235410127766, -0.47388295675936665, -0.07892932294381172, 0.30221203357515103, -0.028987359868601015, -0.6682998362492774, -0.5693028846675204, -0.08604779601792989, 0.1687509178024862, -0.45579280407380307, 0.10023234700460026, 0.4988777440531349, 0.40391421320750553, -0.17991908069777096, -0.046781795993173225, 0.5257168048660068, 0.4950393040205705, -0.3746360972632309, 0.5870282999830332, 0.062214054979870426, -0.4679756000001801, -0.1965973236455063, 0.5113993465238218, -0.26410534922913986, 0.1412980202544396, 0.22459936200547714, -0.5609180075804986, 0.3361358244470276, -0.459152337806643, 0.6588601802629572, -0.6746062125643575, -0.1937274840359241, 0.8771474151895857, 0.4564750588880706, 0.43813774686095197, 0.22829207891986592, -0.1935062669507167, 0.0294621659850538, -0.3490211283916085, -0.08924176277219964, -0.24881616255787953, 0.2251113329278298, 0.5008162375547847, -0.538320432312514, 0.7090431850033636, 0.16868988703021426, 0.09619637804847114, -0.006934271456712104, 0.5254919939993552, 0.09401649591030248, 0.6089761634084203, 0.0924943935713265, -0.5744779027509989, 0.28829749120459547, 0.0783118105164946, 0.45451308383932676, 0.05236753018560503, -0.010323803137497367, 0.010092296833509096, 0.29490186288067544, 0.29802031569073906, -0.5627264851769621, -0.4575248404188156, -0.2062404842117661, -0.39373428628422, -0.2477710667121631, 0.12009368749292548, 0.518356380094759, 0.03488354967475704, -0.08393205935931403, -0.8827004194375541, 0.3014326057461405, 0.2827844395569046, 0.19438799107213622, 0.2849706566044543, 0.042696868233039975, -0.154740333147378, -0.11953852573360313, 0.4632694418810359, 0.11216819865708105, -0.1775294238557794], [-0.17229769632696468, 0.11080794216459955, 7.0, 0.3811266445356494, -0.7782481458555611, -0.1864668784296819, 0.23127345324753823, 0.05519523461538456, -0.44113863435392264, 0.2446557057053893, 0.07399614934270016, 0.356118725029567, -0.854955838394106, -0.44469332809871376, -0.7071903643194078, -0.034718965538381275, -0.1660982912256882, -0.03774985456600133, 0.7407550497431998, -0.6209346045330142, -0.2774086444174233, 0.5569490197813802, -0.8463674634692648, -0.11062087080528926, 0.394031812285232, -0.40636776787318474, 0.1919819674382821, -0.014505944618537936, -0.043193436131544916, -0.3621961929001908, -0.24002990882502118, 0.3828901012612329, 0.0753518493908425, 0.30855723005263513, 0.5078185333628287, 0.2212634384151475, 0.5163843625467948, -0.0029778196515602984, -0.06339398156660991, 0.1822312711344667, -0.3490137882295423, 0.2976156652875328, -0.013940707915524264, -0.30812284827219705, 0.5839006367369792, 0.19682678032919032, -0.16919619754215964, -0.05601576849610279, 0.21169563955810133, -0.38648014192952984, -0.8886014016138336, -0.2674211366714463, 0.8879964398317601, 0.3114930656141399, -0.6895793833750394, -0.6544718034542836, -0.24920099813538776, 0.7509094492918718, 0.5476470772109931, -0.2766406749192767, -0.14762514998593557, -0.7404200994140346, 0.43372309323795566, 0.262918259399501, 0.5525184690350364, -0.4693085587475315, -0.829809654785135, 0.39331322390070844, 0.13689568654869277, 0.35329823925800996, 0.06881561842263695, 0.5660280294917663, -0.437726488325747, 0.36547181058180067, 0.484510388598014, 0.28138091827489076, -0.19915876523379228, 0.16878165887679475, 0.3717607180659903, -0.46946571788398495, 0.22350139079406506, 0.49219703776454127, 0.1613475338446455, 0.435322430397187, -0.5670904212568161, 0.5851404620634237, -0.007422844253505145, 0.21973806401565765, -0.720507252622179, -0.3329573807794093, -0.5607860365337934, 0.115975034883534, -0.7483549378482721, -0.32632126396926386, -0.4848390737821321, 0.06137309824510062, -0.18198848782674104, -0.3728708322189922, 0.4852133594804633, -0.21927215129853206], [0.12553355672208122, 0.10911429994649202, 0.3811266445356494, 7.0, 0.042791455102989095, 0.44319580268609426, 0.11264269825044892, 0.11644634855540748, 0.14383775533414966, -0.32830729910754186, 0.22338735858153091, 0.34491401125140086, -0.6767182417882593, -0.07004201986441971, -0.4433617059523488, -0.07952844574574702, -0.3598692856448339, 0.38018273893352594, -0.03474694330525374, -0.30899043836587925, -0.1691091269306938, 0.15312608796464433, -0.29894370025913986, -0.19388901843454853, -0.13775748511402763, -0.25285641294018923, -0.38471240306398513, -0.4574094486442062, 0.1256093196929715, 0.4990060522042121, 0.24703156187856257, -0.18186192091870446, -0.5010730354109665, 0.3251589554464822, -0.35339966242689513, 0.4202039252189014, 0.4324815485697755, 0.45744229719997254, 0.3503185692219586, -0.7782914121336475, -0.6720287669516656, 0.5701320809188226, -0.5232694800606837, -0.4783678850364439, 0.6672845631447064, 0.5331504847410056, -0.19347946630707946, -0.5188396102234077, 0.07216973785403114, -0.2093450108245647, 0.3343682279843998, 0.31198235422464093, -0.12853176963689228, 0.056342218315416304, -0.4725633626510587, -0.14668084138121595, 0.06985065682515712, 0.8391947855775681, -0.18587643515845287, -0.5270100549251213, 0.1816725613489023, -0.8881165907770918, 0.16295467560729593, 0.378469968100841, 0.1894501157581976, 0.3073740418207094, 0.7878548625623283, -0.3084890313449107, 0.14941694575910502, -0.17313016755525734, 0.0699950377827947, 0.23807369377295107, 0.6174067487019705, 0.2893837668221422, 0.0995840731895119, 0.4481808463145325, 0.714327499332845, -0.12796405918872023, -0.5279272497450801, 0.04511331112590966, 0.07457403219352843, -0.19604023430132445, -0.05411943709351752, 0.11333679360051274, 0.03437537975873983, 0.41142645769443265, 0.35984878456990055, 0.4863564576232031, 0.27480900639374184, 0.1023406155717741, 0.4529206489099149, -0.8641283456619299, -0.52192216639033, 0.30522799229862185, -0.13626715159513503, 0.8145663054280239, -0.12361406474749925, -0.3616676573552593, 0.32257941677840574, -0.6267664228178652], [-0.20395229875994325, 0.34154238850167307, -0.7782481458555611, 0.042791455102989095, 7.0, -0.0005281804394422496, 0.3337762522175143, -0.8632638610653574, -0.7867191879418777, -0.27473010074803217, -0.0716370345634868, -0.6958041475103135, -0.3304312321591516, 0.8195487753234634, -0.4229608881619975, -0.3282707966965934, 0.30191694798080837, -0.15142784167512835, 0.18740610258995005, 0.23309313935670883, -0.43776448054133543, 0.014067594982221543, -0.6865348164430999, -0.6821419792149026, 0.4856661928252337, 0.17136970321200717, -0.6681184167430295, 0.4465403152206826, -0.25180411001413305, -0.5854145172247661, -0.28794478996219175, 0.05174818323200481, -0.1968791123995962, 0.1987191598514344, -0.15082161378515024, -0.6400080562088889, -0.01590487031967236, -0.1354534282804999, 0.1672749085408043, 0.3223048245859286, 0.056253923457205035, 0.4056458508828369, 0.8566935063912173, -0.5191885614552376, 0.06836787412232592, -0.4618571354597948, 0.5655919195733556, 0.11475114557541488, -0.6822110336232362, 0.02090635335332025, 0.19639175555661126, 0.186161632751074, 0.13877494182901629, -0.5673583201732513, -0.12673520373916736, -0.23243598582306346, -0.6862488804483307, -0.1619435685565186, 0.05501066885859496, -0.05453146204301862, -0.34661337375640333, -0.3560171391737599, -0.5845379596296097, 0.7976098227871651, -0.03820297918905058, -0.1568438648533803, -0.6619957989935629, 0.2267632815781273, 0.1652646654743033, -0.4791198674980237, -0.030950272402839984, 0.141895358939653, -0.27139309709009307, 0.5813409987563718, -0.23034576159675424, -0.4037709820386056, 0.4987886334484408, 0.13467171412910917, -0.011667913637709026, -0.15077013291340735, -0.3845380262043665, -0.23792940011967478, 0.47710557570829737, -0.07863331439911592, 0.10085939707599478, 0.6973063256931882, -0.48561575120063627, 0.4886897022283727, -0.06273292889012794, -0.05848995533811219, 0.7797955042997862, -0.2535021374675861, 0.1297169536868712, -0.33903508528969584, 0.009944157875158233, -0.1287463090159029, 0.8696717737460875, 0.197955816630361, -0.20130413391946633, 0.8272731378459941], [-0.040767718403806885, -0.010404245111001686, -0.1864668784296819, 0.44319580268609426, -0.0005281804394422496, 7.0, 0.5125665891828883, -0.06521467417291105, -0.6435640683480357, -0.8181371859647024, 0.7312500172861798, -0.0928811154972582, 0.11989587183427552, -0.41841688078330475, 0.23494154206412032, 0.05785874190174578, 0.33491772987016155, 0.013331398623208646, -0.010355010423621747, 0.05994174917059647, -0.4239429952854885, 0.1632995239117414, 0.5736454115777205, -0.19428000190838546, -0.586833209616132, 0.10549169947170478, 0.5067656265267317, 0.4336496105995229, 0.8659608970640433, 0.3408923371889814, 0.2749266921879059, 0.32204438142429304, 0.10078189084095746, 0.5312411997434743, 0.08295990913216666, -0.07644624137119127, 0.3893696074065911, -0.6014372140085679, 0.15858804306144147, 0.42691601540643287, 0.5444024414153907, -0.14100162513762315, -0.3228906888845564, -0.8307377212984225, 0.15961006643611864, 0.03661908406413161, -0.17330478609466404, 0.18518431815312164, -0.0011806850497055876, -0.3713910897585573, 0.3127416368925249, 0.023175191937309103, -0.15443811466863244, 0.6925950409709767, 0.08142301326154922, 0.6775382418059843, -0.20094500224928313, -0.05686007728117093, 0.3505547913527667, -0.0025203867218666076, 0.06423314237938915, 0.022935621238265202, 0.00037383412045999265, 0.5637154701869673, -0.7395354406386582, -0.7817998025010163, 0.6717143733161048, -0.4687249378722864, -0.08156297149309222, -0.37236646036136456, -0.696876312789266, -0.571151228590031, -0.35781619628362316, -0.5354862665855282, 0.48472355891275765, -0.20385391270793551, 0.1463289113214401, -0.7896801367772701, 0.14169878247781176, 0.31967853171403204, -0.3145381951342383, 0.4207894369384364, -0.16730185595287683, -0.7046011734858055, -0.01357168975006251, -0.7976592662984193, -0.11328758773677394, 0.6312044515337432, -0.36789983834097884, 0.2458646167122347, 0.22045925821920465, 0.016206027587714722, -0.7201691540179007, 0.12498367508732233, 0.4149131767078469, -0.01100806532599341, 0.04183861788805898, -0.2247075246079333, -0.1395417876137237, 0.6184337068602068], [-0.3329529494157606, 0.5773752611969274, 0.23127345324753823, 0.11264269825044892, 0.3337762522175143, 0.5125665891828883, 7.0, 0.3914104345481626, -0.25329413850905425, -0.2449406540599921, -0.16682338380989292, -0.13716706747515983, 0.23301765798410168, 0.04498020582171769, -0.24241338299600157, -0.179562715923394, 0.2379939461482432, 0.5023728124731628, -0.3780843863329155, 0.42460393665100726, 0.1707364229962165, 0.19099838798721303, -0.25784182641006514, 0.2778277821355499, 0.41815408583260827, 0.3309639234000208, 0.13506449713131463, 0.6143062748349535, 0.34652444090090895, -0.0819540688864493, -0.4144445168149621, -0.39572672598784375, 0.41137070463007586, 0.061666471771366416, 0.15583806961988889, -0.7614591284756588, -0.7607162246586081, -0.43024574221619993, 0.4527292681106494, 0.12340326258553924, -0.01076781090358625, 0.4727617290872821, 0.5079528924066499, 0.08448321133979753, 0.36507438422138794, -0.04417765718928213, 0.5708774467180022, 0.6132973436238425, -0.6403191565892304, 0.20124813102981887, -0.17974403242694514, 0.05197127574448501, 0.07544626514516861, 0.30261495231527435, -0.2864375421895109, -0.4561750642472765, -0.23670731907430842, -0.42651601892227764, -0.01895225137882872, 0.1938615630560352, -0.42904327434900624, -0.18696848057795634, 0.36865029267582083, -0.04938127461495534, 0.27124293243525743, 0.5669819472590798, 0.5186021242813825, -0.16495895331132404, 0.46290463680278604, -0.6778618225775322, -0.4056817070380576, -0.5974392379516191, -0.22459428070275633, 0.09775174316211643, 0.08449223417938612, 0.3512204067304072, 0.2548682926217243, 0.2953360544666275, 0.09544193064633832, -0.169562986182914, 0.762187441738889, -0.18641665754754888, -0.18985484117128237, -0.2536450954982503, 0.2087804963280091, -0.03719841164246218, -0.3606313913567234, -0.4702486081526067, -0.28609379317026895, -0.09331511930103775, -0.3192286701689818, -0.04088784922122446, 0.20075369518065478, 0.21962427832318587, -0.08646742082134606, -0.621827549706055, -0.5609172275271412, -0.18051064661916005, -0.20245909940965334, 0.13971760923834653], [-0.27793116595094314, 0.35390698174138646, 0.05519523461538456, 0.11644634855540748, -0.8632638610653574, -0.06521467417291105, 0.3914104345481626, 7.0, 0.5378390264991848, -0.3470193244248495, 0.692541997286336, -0.5203213821576086, -0.6325822509749572, 0.08640654682057836, -0.5021918179266625, 0.07656698376842574, 0.26390974831245284, 0.43694539831148416, -0.2144855925277971, -0.7066979619472427, 0.16265893509817464, -0.19645684191094026, -0.051617301014466155, 0.15616212596292112, -0.11941543146890732, -0.375641871969457, 0.10490092846689603, 0.6933589417425039, -0.0345879141925437, 0.1033505567444335, 0.5057684444643444, 0.4962072818676275, 0.3059950698529965, -0.2105369167770037, -0.3098342069444292, -0.5226392819091955, 0.033337330704804824, -0.13292468818274272, 0.07030356755661504, 0.19964038163757358, 0.005454534750765294, 0.17857082633745058, 0.21706539322398477, 0.5314873484012592, -0.4316580396323979, 0.0023678701858189655, 0.2623634474563681, -0.463682292643127, -0.4954058019225289, -0.8906156905903767, 0.09179771724554064, 0.0010887894520985597, -0.7367857699325339, 0.41363944176370926, -0.11087035869847806, -0.5690329192883012, -0.04792900496298447, 0.4550562775262845, 0.2826460212838664, -0.30108451398603353, 0.0662985331771857, -0.06371905751614537, 0.6077812893047283, 0.27696071909116204, -0.4265928593195166, -0.38866143106505513, -0.09496409155264884, -0.3490715250757289, -0.1355219445378384, -0.025485223278868374, -0.8839846610859374, -0.538354047709144, -0.0206486471484556, 0.4388587426021622, 0.20271280903977407, 0.3045498890031708, -0.7763081668531785, -0.10967899011191784, -0.38039292762074095, 0.6188092188954721, 0.20975017222364523, 0.02052610975367708, 0.14106245955332697, -0.19350157294736492, 0.03733919646327588, 0.09425812881308548, 0.6153412278803183, 0.08332944541494336, 0.4267800040003742, -0.6226341268653581, -0.7348347723559587, 0.012276258207564172, -0.2593149300943529, 0.115511142247263, 0.26495574403956024, 0.6174197205753229, 0.7923836873093306, -0.40202171310698287, -0.6136102591261658, 0.6314539756673416], [0.5644604057725293, -0.5914156078635482, -0.44113863435392264, 0.14383775533414966, -0.7867191879418777, -0.6435640683480357, -0.25329413850905425, 0.5378390264991848, 7.0, 0.5107607391155955, 0.09263055007489518, -0.31838012732338217, -0.733094502986759, 0.23682559382993662, -0.2614838343270782, -0.4074202918458958, 0.5931015444160026, -0.3488973391680562, -0.23945975084571358, 0.0740772641902705, 0.2255664669132178, -0.2769100307217758, 0.5480101117211111, -0.13806013763360225, 0.5854070235143873, -0.2326561074189748, -0.34155881774501984, 0.04846134282070835, -0.4649487380250281, -0.06376428518042454, 0.1385394896578338, -0.5645250083771788, -0.5992921487596623, 0.5792434707939325, 0.23031816367083158, -0.372369506820318, -0.1924064236731584, -0.396922138129403, -0.26170586046406275, -0.5962137298635563, 0.22365955074598398, 0.36096391477985135, 0.7409844603022351, -0.29776085140974407, -0.012220339839482008, 0.1839884023061411, 0.011368694291496784, 0.2977831280016625, 0.3951292819845986, -0.0722523152816299, 0.03842881645803642, 0.6432724439823807, -0.4089856107951737, -0.19248013612115678, -0.16698247805511157, -0.21674590617697764, -0.563036486845679, -0.3887230065199967, -0.3743193303002996, 0.647438640067022, -0.547862051417516, -0.18010552541061697, 0.04340677234490009, 0.744862673824422, -0.7467107789951464, -0.3960700050928704, -0.31790308868058204, 0.22600957756625428, 0.48747679160885715, -0.3973702345339991, 0.16309074817474034, -0.18281271872228733, -0.6284191692523821, 0.03548709713082654, 0.35953597457765096, -0.03738241613450488, -0.5076658421177588, -0.5486895902168715, 0.2188930729031182, -0.6640596127982805, 0.5929523908666412, 0.874546064168805, -0.03137757347694936, -0.5859954047336181, 0.22144799211412747, 0.3025910781721626, 0.49014736498818, -0.22230017468870866, 0.10675742166162983, -0.2962382589932079, -0.7356327137448034, 0.22853645038987924, 0.1058113677588941, -0.01213195914223264, 0.5245336706064281, -0.236160588063409, 0.3590445467668344, -0.2000168615272213, -0.021912557272134148, -0.29407114973718906], [-0.02237114590397926, 0.58987082922765, 0.2446557057053893, -0.32830729910754186, -0.27473010074803217, -0.8181371859647024, -0.2449406540599921, -0.3470193244248495, 0.5107607391155955, 7.0, -0.5001752036082826, 0.1665996975740649, 0.21942877044436537, 0.12773867336284983, 0.27189335729190245, -0.7570027772098582, -0.07775508452872848, 0.21343882917868395, -0.09857694961310925, -0.14483797317152403, 0.0045562101521234855, -0.5333371110967241, -0.39455943568376306, -0.6678562660338191, 0.6599207190648473, 0.02589028646282321, 0.21630461428589842, -0.5673833213875922, 0.08990256812754716, 0.3934037949651894, -0.0063865464207455425, 0.2853463698198295, -0.7699228741360546, -0.0338210653041654, -0.4317842833662646, 0.8038304298539181, 0.07391228695114149, 0.8512500665658369, 0.5581284075163206, 0.5223725362398166, 0.2573111979305476, 0.4532213994861727, 0.4165704378479149, 0.45478667755991475, 0.11726433943863945, 0.6834373352305088, 0.23286667048648546, 0.03714559163311648, -0.19550714003536807, 0.041666023967189325, 0.08375249489455827, -0.15256386349853046, -0.3162198935788756, 0.1294584638991929, 0.3595082734971493, -0.1682868885683777, 0.5876707941379871, 0.5803546913928979, -0.35479457125970737, -0.31116264746575406, 0.12166407078165697, -0.625244011767396, -0.15296147804115634, -0.20824503750061807, -0.4133304014351008, 0.25158530916461763, -0.251989109521944, -0.3216098121568023, 0.4454251486885723, -0.5458685601067005, 0.16979740966051549, -0.08218284651182395, -0.2996173824296736, 0.6599201948149507, -0.48407164448085016, -0.36942636902864423, 0.281157460644502, -0.032320251766758235, 0.17846280379776291, -0.2548214599175922, -0.06251441891065468, -0.194790150267095, -0.7995702733752778, 0.05087135170776458, -0.35287305746466946, 0.5370847133060563, 0.06194914336209356, -0.6986506986047756, 0.4837813405680895, 0.49504703297863273, 0.07951633347398124, 0.052548392273552125, 0.6039295341596393, -0.6654799935625952, -0.6469437811322548, -0.2542836564437765, -0.700417966616447, 0.6543069175102483, 0.7108166056535592, 0.1356904958623597], [-0.24828129189263626, 0.2306467135676984, 0.07399614934270016, 0.22338735858153091, -0.0716370345634868, 0.7312500172861798, -0.16682338380989292, 0.692541997286336, 0.09263055007489518, -0.5001752036082826, 7.0, -0.23910765061857453, -0.05905263828489371, 0.02467605725334865, -0.13894724411860637, 0.2822141762457222, -0.20248749670155342, 0.05559995458742151, 0.04728073236283592, 0.06505309127826253, 0.33891654781548075, -0.1104703492118082, -0.12560984532096486, 0.6662934525358968, 0.3580871737392137, 0.14509500548265208, 0.5732469211047675, 0.32563987935518135, -0.13433833267973938, 0.42813447095445945, 0.0632898220293252, -0.15791033769788376, 0.5189087899595342, -0.7455141603536737, -0.7999295403793003, 0.7942894160767819, -0.1785457337319376, 0.05015968258989689, 0.2516321723605166, 0.07482702051067625, -0.6989315881120661, 0.39915181554466006, -0.3840837317600241, 0.21195507514295442, -0.40773319800290364, 0.2828138996463576, 0.7227633309846362, -0.5191792729305932, -0.025461755165724242, -0.6323823320916517, -0.470689357509651, -0.46807029241650255, 0.3690103103927076, 0.11385655225287383, -0.09718962605197157, 0.19245426690820122, -0.5364571500026124, 0.17314425275795253, 0.8389065832959166, 0.016233189658534375, 0.3004927472121717, 0.36403717053968876, -0.12097187181955238, 0.12508526807414655, -0.10511081349441986, 0.54632465918885, 0.171841329144232, -0.6295414520562198, 0.7243406692612577, -0.020996618403664846, -0.7313252901968151, 0.06882870939726371, -0.14847874549848106, 0.17299102393068355, 0.062126135459456666, -0.2617856007783116, 0.5597386763936338, -0.34966762145077535, 0.32731587174143906, -0.08561953551931156, -0.34504692059052977, 0.07879749085451015, 0.5196609398088983, -0.04613549495530567, 0.04046038909009275, -0.6824801481656467, 0.16581651853096036, -0.30489606221576737, -0.8038148758800189, -0.3683337037320421, 0.07498224133541509, -0.8795997901463033, 0.1639399155266239, 0.1931016062709663, -0.5318324225003763, 0.5180838594974355, 0.3697345345295884, -0.03230438975385552, -0.09778614652327633, 0.346656974310221], [-0.15492777856506412, -0.20394084504516885, 0.356118725029567, 0.34491401125140086, -0.6958041475103135, -0.0928811154972582, -0.13716706747515983, -0.5203213821576086, -0.31838012732338217, 0.1665996975740649, -0.23910765061857453, 7.0, -0.15405038534297477, -0.008428038755879386, -0.1663190061391272, -0.29473721356367577, -0.7250038874614001, -0.24758040553870664, 0.02437259347493992, 0.3547945053017165, -0.053315903718364144, 0.4004220476762306, -0.3546810986550105, 0.37131376080252854, 0.11719386643227292, -0.31732218393882516, 0.18487586415494794, -0.48664705398932984, 0.9832942731127408, -0.11819768245009032, 0.41931182698209746, -0.22542491396556696, -0.4762390761624111, -0.05185771085096913, 0.2934639024722625, -0.3033961747619016, -0.13558623141931248, 0.07358909553310156, -0.4354319534050137, 0.3852608071376229, 0.6480481921483094, -0.037911658924599356, -0.4030881822330358, 0.029298225402268896, -0.07936451686998103, -0.38287879723200113, 0.022396590353081614, -0.060206644319058755, 0.10614145976678557, 0.4587524718211362, 0.13535030343200738, 0.6047743534463401, -0.5045604018912438, 0.8904600711302741, 0.307329212196529, 0.5514802459319106, -0.09854797844032792, 0.17463594192306697, 0.0071837596650032864, 0.418338069423434, -0.8951557355468902, 0.3934506102371613, -0.23670686594478163, 0.13440455174738863, 0.20169947446862557, -0.7196828804106353, -0.6288001236442586, -0.323672205690234, -0.27259672955145153, -0.007839169573353288, 0.27916419364325784, -0.4313085740281394, -0.1876227193832467, -0.4560834394112332, 0.565108954582151, 0.13960077311418284, 0.46437680802135217, 0.008751401923553281, 0.3215619657123754, 0.5735218421491117, 0.4248218587496595, 0.40077154170441576, -0.3586462853900223, 0.2187180417802681, 0.5911105536233561, -0.49360030095082497, -0.6373422285062121, -0.36291211639832865, 0.1932030838119152, 0.40527040452796714, -0.02636795241634582, -0.3417454979499177, 0.6517368272244117, 0.697440640999631, 0.41779388190621636, 0.0027150486682696595, -0.6765835195165757, -0.6204667886820063, 0.22424188703668158, 0.3258647131731822], [-0.05864199923304225, 0.41489354663740663, -0.854955838394106, -0.6767182417882593, -0.3304312321591516, 0.11989587183427552, 0.23301765798410168, -0.6325822509749572, -0.733094502986759, 0.21942877044436537, -0.05905263828489371, -0.15405038534297477, 7.0, -0.4009191350416833, -0.15100136645709306, 0.3712771277762448, 0.6944059493201764, -0.3559941360652654, 0.6420267238146411, 0.6040685151997671, -0.4429602798616764, -0.2909919085596129, 0.6179964312951207, 0.508666056569612, 0.17417042613150358, -0.21029829005673417, 0.04693693376557562, 0.5039804624025341, 0.06463105605891939, 0.8846610045607539, -0.2211704255423571, 0.6629730050484621, -0.480324896447069, -0.3952221398144353, 0.051963537403170834, -0.4505467273655994, -0.514938144361525, -0.12608558617822907, 0.4541437711548326, 0.1763740118961512, -0.5710366600178152, 0.4451465604048126, 0.33924682971955455, -0.3251437949386611, -0.682100585761807, -0.04618809615242225, 0.4423367471277486, 0.7153597042256494, 0.31825553551039176, 0.6467689107241315, 0.49776348185279806, 0.3584582777245733, 0.37881460562893654, -0.45055223174830805, -0.5256825819816612, 0.5782255307552981, 0.5351842742869222, 0.5581534665802725, 0.30522257274440334, -0.11448371261486678, -0.12632473913379327, -0.27580980928763676, -0.420466709962104, -0.2069585639425704, 0.17439065083660243, 0.39334729565063986, 0.8227151200723266, -0.8698747225283537, -0.780915418593199, -0.06793986300456467, -0.1272697616583618, -0.5106904980813635, 0.08342582194518311, -0.39705179262203627, -0.2132757375248816, -0.10142950815211216, -0.815605463575053, 0.5360729396581627, 0.2583585832826143, -0.5315361372567388, -0.17250235544783632, -0.11674428926064617, -0.4975441775479167, -0.22222776699661417, 0.3355656649148355, 0.11238451842395558, 0.8730495418045026, -0.496659701096416, -0.7642396827414195, 0.10713934588954421, -0.44614875720672076, -0.3367099695106386, -0.0039933475528254325, 0.055758170284854636, 0.04504762101274595, -0.3114428521215292, 0.07901338986498319, 0.3736273926497189, -0.3705082490466579, -0.4190753811568725], [0.07676889000526765, -0.34426969184773804, -0.44469332809871376, -0.07004201986441971, 0.8195487753234634, -0.41841688078330475, 0.04498020582171769, 0.08640654682057836, 0.23682559382993662, 0.12773867336284983, 0.02467605725334865, -0.008428038755879386, -0.4009191350416833, 7.0, 0.24597758900484057, -0.3834408783057587, 0.10407379883087953, 0.12505764113738005, 0.150344134713845, -0.155576033723676, 0.3188098633847154, 0.12643776048740163, 0.38039243499719255, -0.7448417096753802, -0.027297083373637898, -0.4391562497123025, 0.10413125269272827, -0.005619022893071812, -0.754225419393645, -0.172120760396121, 0.088203439517748, -0.3523321402072831, 0.8120902993743186, -0.5437860469199466, -0.6801136623313218, -0.2218054380524126, -0.05518588810099012, -0.2062924551572226, 0.1203406044710238, 0.6518547395529168, 0.16546802454731901, 0.01160909773577834, -0.10465583611583773, 0.4315952583553264, -0.5829348872263785, -0.04108700117426611, -0.200840937685139, 0.6170297875826636, -0.6288806766198408, -0.2942783569193359, -0.13409925045157778, 0.9303305876933292, 0.19594508546465073, -0.7547033960191278, 0.518168470370326, 0.15998922334881582, -0.3096137315515216, 0.2562622056730359, 0.5552230689300619, -0.24268330733089638, 0.44627460558172594, 0.041716236929566275, 0.6566315004946812, -0.4137637013117257, -0.076596514143071, 0.256235151816798, -0.43933458264548797, -0.1386228520937577, -0.15126335612569586, -0.3843601285438242, -0.22798671163962836, 0.2293898552578988, -0.650940702413241, -0.19811127144124818, -0.7091166578214269, 0.34023233196666736, -0.6748785600560014, -0.031731044537862796, -0.38984073231747185, 0.4846430336920986, 0.5395662134657875, 0.2565855641685433, -0.307336359229896, -0.14439916876005832, 0.36358789777908695, -0.09007272109074183, -0.6290912747683697, 0.3542529422442986, -0.03210500102313174, 0.24236446675980639, -0.3477716033567485, 0.39893124568212057, 0.40746195911619143, 0.47981476382563937, 0.0519829857127827, -0.17355948612324534, 0.8322730960752749, -0.2981720045846332, -0.1457138961510568, 0.4440661353053543], [-0.09550993473984737, -0.42492905140759407, -0.7071903643194078, -0.4433617059523488, -0.4229608881619975, 0.23494154206412032, -0.24241338299600157, -0.5021918179266625, -0.2614838343270782, 0.27189335729190245, -0.13894724411860637, -0.1663190061391272, -0.15100136645709306, 0.24597758900484057, 7.0, -0.5381174493399088, 0.674421538972831, -0.20689900111872728, -0.24518879202920896, -0.6441754310239123, -0.0036994030166029868, 0.402874438748257, 0.1079806991311405, 0.4070042711889097, 0.864303439487474, -0.09513393108860457, 0.13608916754933542, -0.3458246552878633, -0.014809955670979758, -0.7644111650110117, -0.6640049932785327, -0.1218951154682476, -0.3513921533240151, -0.5936810477057056, -0.2865612915631126, 0.8039759646233071, 0.5891311484426383, 0.4100582177788148, -0.3377848040361747, -0.6248496854865385, 0.336401783932724, -0.04612729242537372, 0.18276010632252593, 0.0926674580508069, -0.803734493073604, 0.1489192579557983, -0.1313475911279236, 0.05899189052405296, -0.4158623146772519, 0.02561000211560094, -0.8327859869739228, 0.4530153726007158, 0.22805842140326504, -0.3270373920099833, 0.3589463348500377, 0.7719650699827256, -0.12184046631265444, -0.1727697006978055, -0.3380533142202925, 0.18269900093675417, -0.44835523093185947, -0.48781266559082803, 0.03577737357406541, -0.11987620675796895, 0.7010567654358306, 0.4435463830609687, 0.2739243206645616, 0.18247162814469808, -0.6870429640462576, 0.35793251493833944, -0.00842629790310212, 0.10206597209107837, 0.3310092872077197, -0.7015412837960501, -0.41741553543561305, 0.434549227521553, 0.1363294600020517, -0.30208640745027837, -0.031170778569855395, -0.17082270013415535, -0.12237422411068766, 0.0172565653101322, 0.33650600313565104, 0.3351478966093644, -0.386571050694532, -0.6601558257877097, -0.2790926508986168, -0.03182897107620963, 0.10378052091817014, 0.11836826655958355, -0.44359929966264555, -0.3690559779238798, -0.03784189187223075, 0.4922678016345423, 0.04263479239861878, -0.589439560548271, -0.3395164480639391, -0.4798802041449789, -0.29778760572632446, -0.03441155212899627], [-0.026601097683405572, -0.30356433912307923, -0.034718965538381275, -0.07952844574574702, -0.3282707966965934, 0.05785874190174578, -0.179562715923394, 0.07656698376842574, -0.4074202918458958, -0.7570027772098582, 0.2822141762457222, -0.29473721356367577, 0.3712771277762448, -0.3834408783057587, -0.5381174493399088, 7.0, 0.4589551991052736, 0.052745556756743195, 0.17686859543235345, -0.10551956380267624, 0.22955370064969083, 0.5405228311964336, -0.14338078027371193, 0.4210407589623659, -0.1752598667352101, 0.5879294640532657, -0.5349892150807289, -0.4070417947309648, 0.08511593394711081, 0.302175516319956, -0.14731285627021162, -0.09570329233890895, -0.5492234560370137, -0.3263812935057617, 0.6753587944142394, 0.19430357667615294, -0.7433078822041637, -0.21092005121607638, 0.21833436887165192, -0.09265077134783872, 0.8093580561533278, 0.19199800968923286, -0.03952699410204119, -0.7234315458982925, 0.617957633833778, -0.19940971422486042, -0.3044346971289913, -0.32307493069535875, 0.5159477811998512, -0.46791968609488743, -0.46081266863583925, 0.1178069243855151, -0.7851723886300548, 0.1157041330754125, 0.3283639839978636, 0.601671201930297, 0.949844217870278, 0.20969362764632127, 0.14046240624894102, -0.46502641779230824, 0.48719828210961036, -0.06725600941468379, 0.21162317644811668, -0.4600345878168971, -0.6876354219958715, -0.39531306073689376, 0.2800181714186718, 0.08238463238821314, 0.5926326005371241, 0.5594258784831099, -0.5635583118833694, -0.6150513219970443, 0.49427702545143526, -0.10047759922390298, 0.09463100728314622, -0.7638524801808665, -0.019444621638340487, 0.2019979588697154, 0.24406333192192564, 0.628562656901861, 0.16594160381206202, 0.8471935942895497, -0.1511734032908233, 0.3010815463117873, 0.1231642315300765, 0.043969366273222565, -0.05944971765038276, 0.3469881092376961, 0.3444695704613614, 0.2737195230532983, 0.6483684634558133, -0.5411023322163901, 0.8682043150731871, -0.15856931151978448, 0.3128328021069078, -0.0770135516292142, 0.1600943199298248, -0.717027731300758, 0.7417334448372563, 0.9289487431192653], [0.6268460280988792, 0.6165982405564647, -0.1660982912256882, -0.3598692856448339, 0.30191694798080837, 0.33491772987016155, 0.2379939461482432, 0.26390974831245284, 0.5931015444160026, -0.07775508452872848, -0.20248749670155342, -0.7250038874614001, 0.6944059493201764, 0.10407379883087953, 0.674421538972831, 0.4589551991052736, 7.0, -0.08318995259229034, -0.6903453636162022, 0.27956730073100555, -0.3773873255950617, 0.4874768500519897, -0.34916019483033145, 0.3303865089252962, 0.27014158434909774, -0.08621246612179922, 0.0679148520020516, -0.06556709998013577, -0.2810187791896738, 0.24675246915378635, 0.1859390608270215, 0.172861448903201, -0.42873807645269113, -0.10786248039649882, 0.10477458237154647, 0.10238954674448797, 0.4914434863187864, -0.33369951517062135, 0.43541618306186103, 0.13402114398987042, -0.5935893062824699, 0.43998976536557444, -0.5150202988900706, 0.17854671579117198, -0.3628992862812419, 0.32692429031173376, -0.5720720052222095, -0.8243791192960749, -0.5292486952605662, -0.346462046851722, 0.4135686895718296, -0.36001679796535757, 0.5886515312923395, 0.20628540586475697, 0.020724625720750733, 0.14430144553531, 0.03904868888744728, 0.6222472509626158, 0.43731503917235415, 0.4840006844653002, 0.09700570789689089, -0.45241100413597213, 0.7417308517527927, 0.43637806673821977, -0.5516597385579328, -0.02510886597391393, 0.12309524630730317, -0.14696138800023584, 0.7459667806992345, -0.005511366593915823, 0.8209245252569848, -0.3081678993927718, -0.2926193301533552, 0.0033947926010766682, -0.4606053042683681, -0.0765151908848053, -0.11278272156516378, 0.11140573883140847, 0.5094630147742949, -0.15015039424624999, 0.11315450033633434, 0.2880079387141641, 0.2721019599851273, 0.23687456005768182, -0.19231202135756253, 0.38573690610456857, -0.13772616395167558, -0.5670392661138582, -0.615495779882048, 0.9302488888948017, 0.36316990319822673, -0.12397655985346945, 0.5414383327338279, 0.6023195682788964, -0.2812252980263569, 0.5763229028736936, 0.6874769767020195, -0.7518182592552535, 0.5411629330355292, 0.7795662351236929], [0.26072556355825993, -0.07589985010534628, -0.03774985456600133, 0.38018273893352594, -0.15142784167512835, 0.013331398623208646, 0.5023728124731628, 0.43694539831148416, -0.3488973391680562, 0.21343882917868395, 0.05559995458742151, -0.24758040553870664, -0.3559941360652654, 0.12505764113738005, -0.20689900111872728, 0.052745556756743195, -0.08318995259229034, 7.0, -0.4778585736470432, 0.24482208513180925, -0.4958197191357746, -0.3380215438765516, 0.41296220357274294, -0.060215641240871864, 0.759923744741906, -0.002809182098544305, -0.37733933214037385, -0.003088373386152643, 0.1320509275240962, -0.11439519170052304, -0.18474250461141228, -0.21719438045298523, -0.23644991234965762, -0.09242427987801682, 0.7166640184223594, 0.29157773974941437, 0.10450910760119059, 0.06973821042763784, 0.3076110734164481, 0.48717125915591675, -0.18068894170543248, -0.030541260971186368, 0.10789113753698998, 0.1743286705217293, -0.05447227740761207, -0.15958268245244, -0.2304082156451147, -0.9165145583891386, 0.640533037265266, -0.11270431889754728, 0.3393490098480276, 0.0919875674114583, 0.07653436437241767, -0.3096027839121387, -0.3780761229709426, 0.23271852016563388, -0.31949676101638824, -0.3671331826335966, -0.08155898099755776, 0.2562134646277998, 0.1607089970639013, 0.07802061128874449, -0.025714625873746844, -0.23300771017678967, -0.2604553300766914, -0.13399731063989984, -0.01814698880110499, 0.18493189330711024, -0.19286034307283473, 0.11244528983948987, 0.2679813295111284, 0.050694870187289354, 0.1305991868152514, -0.9671091385071711, -0.9120417732558842, 0.6778056046475385, -0.41227879031178194, 0.06027040042969345, -0.46899276748760965, 0.017098651068436777, 0.18264473995286168, 0.14546756062011124, -0.5227632512122302, 0.7289030573446429, 0.49450580110817266, -0.4078980120209281, -0.46278204631262787, 0.2695613759277953, 0.3182681146910469, 0.2807130220711165, 0.19189126989941707, -0.3679451417667875, -0.5013824065644722, -0.9291375643953395, -0.2088098269114652, -0.45222438969945467, 0.6035095062702815, -0.3260857641654419, 0.41605536157489964, 0.7612008156923395], [-0.010149716773433903, 0.03875007052312496, 0.7407550497431998, -0.03474694330525374, 0.18740610258995005, -0.010355010423621747, -0.3780843863329155, -0.2144855925277971, -0.23945975084571358, -0.09857694961310925, 0.04728073236283592, 0.02437259347493992, 0.6420267238146411, 0.150344134713845, -0.24518879202920896, 0.17686859543235345, -0.6903453636162022, -