{"N": 100, "M": 1, "c_0": [-0.9741319655799032, 0.40309733063279407, 0.9286010664936033, 0.8672037118363161, 0.8201226494870322, -0.9163418123377001, -0.5432569537314151, 0.5014773855029362, 0.8965711963316263, 0.33842416357334626, -0.4013408371669056, -0.846059107348321, -0.6602365904569669, -0.9422090604497699, -0.45870645308995184, -0.279100147517118, 0.014566424902980879, 0.28481776640335643, -0.44628857123479726, -0.5096153089232485, 0.8176577931877502, -0.22991560223812635, 0.9428441786955135, -0.3800675832125704, -0.8992775424159019, -0.564741282328667, -0.38365634405314886, -0.9483137019181413, 0.7694659751556687, -0.04049927979223833, 0.9565852740706933, -0.03439637177012744, -0.5682037343884481, -0.8874336236611324, 0.8301831474959767, 0.5711560383730228, -0.05594739064687215, -0.2014994028221797, -0.9987958131536399, -0.16221233470898744, 0.6212633431232748, -0.6353749338922843, 0.8009560516697161, 0.23237658256578486, 0.7720383977622407, 0.25866405413018034, 0.6687556601284694, -0.10588255018912052, -0.8803379944138936, -0.3898380585800725, -0.18778124425813436, 0.24269327302458787, -0.2390402379346126, 0.744301579855388, -0.6223524477912339, 0.4903874289776, 0.4477159154285322, -0.5990034346280355, -0.424840683745926, -0.7249631770770844, 0.18786930279374614, -0.7337004036980315, -0.5181332203089595, -0.5747477202172309, -0.8117435381611382, -0.17134749277642647, -0.4717517192112435, 0.19091689971912018, 0.26397225211108677, 0.754184938840385, -0.18926464182860525, 0.7921301384761392, 0.08458237721893891, 0.9454156024900331, -0.32857307912898115, 0.027014076680514476, -0.9050830260355247, -0.8549891247887236, 0.16974121082611782, 0.5499631446792692, -0.5017941731169586, -0.4876407344815685, -0.6673449697708291, -0.04988188623406464, 0.7719428026159443, -0.060013967538608215, 0.1045885122158936, -0.14072001300220482, -0.8820904380874293, 0.8218268434277416, 0.9558396848129747, -0.3514370758687704, 0.8405847865404621, -0.5549451074437377, 0.5317123154735741, 0.5385477572474655, -0.9939216580431092, -0.6240525162637294, 0.4991462509345712, -0.6822268692905884], "matrix_coe": [[[7.0, 0.3035661721780367, 0.07995600295110683, 0.3028191289066473, 0.788690756412826, 0.3370287355536128, -0.5317224120154936, -0.3158017036098898, -0.5388955083546458, 0.7280430084842293, -0.4049185233969438, -0.1878409977053047, 0.7422571203012562, -0.38414286150450305, 0.10108292222240012, -0.7853045319789074, 0.42507498305908387, 0.48284703762265235, 0.29872411414840294, 0.6446985016738824, 0.2669036821508146, -0.6193015926484259, 0.2808879097294361, -0.2885442319080247, -0.3802207754086665, -0.6513208084430303, 0.735371983814572, -0.4517365747794727, -0.4092305666297026, -0.37063604432714115, -0.3912636410233946, -0.19399167229188852, 0.25415325372661357, 0.09436230693858816, -0.052298397345524106, -0.8865084179468244, 0.41263640514160693, 0.47608616211357146, 0.44386139257099644, 0.4148254536272513, -0.25165497752848043, -0.4266482409027187, -0.09889065545852926, -0.5647199159758549, -0.07794904552115056, -0.3651480963132969, -0.08232920218584261, -0.5444311960685011, -0.4581325813736159, -0.021322817655932913, -0.48224198434612364, 0.2739365699224052, 0.11806633362674024, 0.5753161757941303, -0.825286726966865, 0.7103307469979037, -0.30095117056806153, 0.502740606374704, 0.38870899958746086, 0.3034099276813227, -0.4909483770326668, 0.3566439076056249, -0.8292748535340199, -0.6409955886620122, -0.20692899334121595, 0.7405149001559692, 0.5307530467018449, 0.024054249893416202, -0.23302749367340292, 0.3987589407415548, 0.4257027106071547, 0.549026034404902, 0.5715312875140259, -0.3653823536762204, -0.11278661374413668, 0.47834886672098675, -0.4446790969021318, 0.5776481754542169, 0.49372506125740334, 0.5409879316283006, 0.3683846951916425, -0.40798929355192315, -0.0037663379644472528, 0.18870272886556627, -0.09409326041960642, 0.04467088562063415, 0.7258221298091905, -0.4183739077365938, 0.5479094287479676, 0.009764620160881865, -0.5036391317007306, -0.04633836614390596, -0.8922973617161444, 0.19683944438103174, 0.6953786400518549, 0.1278362145862233, 0.2864755539663377, 0.3772891102621774, -0.32296486831068905, 0.16943345762968942], [0.3035661721780367, 7.0, -0.44769418133986993, -0.34050734339912325, 0.04719146183062373, -0.198151075351789, -0.361658316879541, -0.38156776194176634, 0.025067209445580385, -0.41275842021870623, -0.48761586135061097, -0.3936586909899972, 0.1655271968324845, 0.00371224803351744, -0.04793545288450629, -0.1742862038659062, 0.23448606151148965, -0.0555157321696641, 0.2565455097869547, 0.05799219498229036, -0.16480079545981496, -0.3373715754609641, -0.16044116789339502, -0.2631824227491585, 0.3676305696771647, -0.36926328026831245, -0.4162739121639528, -0.3553299057094059, -0.08963302944512719, -0.5801472714240316, 0.3295914289912989, 0.005472523081336389, 0.08096006190228922, 0.07076341736541036, 0.7128382587025612, 0.18368434960741498, -0.06801596207418714, 0.006150063853084475, 0.06116436851383833, -0.054571588175245545, 0.7440924723242803, -0.7110581860713473, 0.15441298420719618, 0.16294421675960802, 0.33901652266694415, -0.1478924708701157, -0.42598127387338436, -0.7371667754133223, -0.3791941780399506, -0.00011347179233800464, -0.12496253395181944, -0.47472894244985564, -0.40904927059373797, -0.1914330205810737, -0.07267501586057645, -0.1636758895216358, -0.41941712894024963, 0.1392440566068558, -0.6825863493183165, -0.1675103727836842, 0.6768145898055424, 0.23765018727255316, -0.3897237835329648, 0.22915221367771466, 0.09564432916265697, 0.3719438739363796, 0.8116343010810474, -0.3395275822935788, -0.02319147232314045, 0.3182146636764065, 0.6099524340705131, -0.8252566530915614, 0.2355446759989921, 0.08269584405256625, 0.7758626126524937, 0.44934929435620985, 0.7241762460459891, 0.7632601299085622, 0.48534661590717887, 0.269804927899151, -0.27390457179277117, -0.2122059872768347, 0.04491260334126057, 0.04934165013828151, -0.029874916339295066, -0.7748324043274999, -0.25738180259655774, -0.4653199189815189, 0.20084588443061424, -0.13232576851870992, -0.7359461829856088, -0.14675880962780263, 0.4365260272567877, 0.5155794504624247, -0.011205870210305724, 0.0017988426453856565, 0.29107043763839924, 0.3249060720523764, 0.5466651914529468, 0.23507821497736048], [0.07995600295110683, -0.44769418133986993, 7.0, -0.2613905955094721, -0.43465584947204694, 0.009190847614874986, 0.37112725584506023, -0.08701633075379167, 0.22083214746023616, -0.1630925168088716, -0.5212940079888649, 0.4507470765367787, 0.45011234340373796, 0.65955067573919, -0.35127612136812014, 0.5515337431018839, 0.20715265645464287, -0.799008063912548, -0.04810438288624963, 0.5087724638469215, 0.21809609205672564, -0.8557799905869274, 0.5552245518921981, -0.03150790048718155, -0.20318640122450338, 0.006760198610050949, 0.2109450351798583, 0.13843920871547, 0.06283165950776315, 0.3263435116052116, 0.32703510783646816, -0.32540981328290075, -0.012879501390081316, 0.052662053448125246, 0.04821541354465908, 0.13223937114314444, -0.02662881887289692, -0.21705990572507183, 0.33516488960566027, -0.01174144544444189, 0.5948681377294767, 0.1607727844753839, -0.07892802840963586, -0.3588745467399771, 0.879848754241161, -0.19751411293346122, -0.20011133575500106, -0.18665238644408788, 0.05482476238603695, 0.4157667143856578, 0.29899313108900083, 0.2736864897820044, -0.04080400477629309, 0.06343697455469055, 0.34644501248649684, 0.41081134607731684, -0.5440634010158408, -0.41476186400774095, 0.5685638675425531, -0.6642322446050292, -0.27203816914789003, 0.06909664284568517, -0.5569688940488532, -0.3290122318646087, -0.543502618425169, -0.07098897500036172, -0.2929193867431208, 0.27785729002957793, 0.033767953991614696, -0.046088014376195585, -0.18933911521383306, 0.7531737918442112, 0.7273757705932562, 0.4885408948858254, 0.22549897739965807, -0.15784572483280512, 0.7172627620757206, -0.8111109909934611, 0.4011153350398011, -0.1112869760340034, 0.7713185831308107, 0.471464695220404, 0.06500137460664712, 0.3504251916644092, -0.7624173719545397, 0.25060049972108134, -0.15862510339930513, -0.19612694490343308, 0.5389665964019232, 0.21705370482739816, -0.6991741877206527, -0.0326489110604995, 0.18790615831597934, 0.10783813802169084, -0.8776107469255535, -0.0598703980228672, 0.7092010306119032, 0.3362209359048094, 0.6822579524963448, 0.6642478194919819], [0.3028191289066473, -0.34050734339912325, -0.2613905955094721, 7.0, 0.4982054024200555, -0.5640132706347087, 0.24775881972914382, -0.0031394681767796806, -0.7316393121104691, 0.6937594521215331, 0.25706677428458824, 0.19713434801992946, 0.3653197973912907, 0.194116642744651, -0.02138571994476457, 0.5670372898666891, 0.064299886711505, -0.545047742896937, -0.45868594696030507, -0.4154846419242656, -0.385131617500591, -0.6886047708884689, 0.5345499074515749, 0.39259165868451795, -0.04468838377692941, -0.4772841170241775, -0.538380381162255, 0.650286947605955, 0.22776816190877125, -0.49628802688289564, 0.5893457649935603, 0.020357493245490854, -0.05796509127829941, -0.3963960608315702, 0.3667173246136448, 0.49284071443331934, 0.2190794282401387, -0.11885028709453516, -0.3224265342484489, 0.0773320953964407, 0.898640707912508, -0.2705581039693309, 0.06925738795268943, -0.15866593773687476, 0.3813272378232724, 0.27391571158736205, -0.14629859309523652, 0.22940060109078075, 0.19120214120142354, 0.19908578441697578, 0.298319082777736, -0.14048438097718097, 0.6651781775197994, -0.24931609910721353, -0.19515445098130857, -0.7567205272321903, -0.14267425880720008, -0.24789219262358053, 0.1756091531353332, -0.09226837421828737, 0.30544579467351474, 0.05582657237058153, -0.057683113805344965, -0.14692433121752635, 0.541969519023467, -0.058560570381568255, -0.4313592292053474, -0.19297817646795223, -0.5260522031818656, 0.36510078216540753, -0.38937306114605896, -0.50100388892365, -0.34026999135798663, -0.8341548675719325, 0.02040407628255636, 0.3102786715832506, -0.11309071585237318, 0.34222148763888693, 0.1810683198841483, 0.3617031947664784, 0.7149356803681317, 0.26573042601817454, 0.1354067832261754, 0.31998473622347823, -0.7090052812018118, -0.07977045483585898, 0.012116362461188412, -0.5352065626200413, -0.4165365819836875, -0.1416227393922097, -0.37727192069817483, -0.2462094230865547, 0.22823635424270616, -0.4336083032929978, 0.16925292829122696, 0.045002807165666514, -0.08877810689177823, 0.02792750336881511, -0.6838172191590721, -0.30996411455782935], [0.788690756412826, 0.04719146183062373, -0.43465584947204694, 0.4982054024200555, 7.0, -0.23872646528136143, 0.10266612100237182, -0.009931659317289343, -0.15579667102414663, -0.55963513925758, 0.2715336720912298, -0.2668444858086564, 0.8175589819484577, -0.27229515411417793, 0.04083451931198767, -0.26796640269965544, -0.6999900712254374, -0.06495712067599135, -0.2580963087143925, 0.2575487435140382, 0.14933842105788253, -0.04523708238138047, 0.15095568398918502, -0.18921241331621919, 0.09477327851208805, -0.4382512422449717, -0.07798354837164856, -0.06693760390580428, 0.35095990081316053, -0.028973468550262726, -0.1837932416356881, -0.14216734312105905, 0.23123886791582193, -0.1819414325011096, -0.013859999436408366, 0.4326776322097201, 0.31526031210627936, 0.7791000190630415, -0.47720750773561627, 0.6345720903416523, 0.24551189804337925, -0.5183150851155486, 0.34669197748765157, 0.006725257995223499, -0.2674334414993741, 0.3157704590057553, 0.33591363928783746, -0.297758439219698, 0.18108230796405866, 0.3082592113656477, 0.20732052895985564, 0.42983637637986427, -0.007740325857352959, -0.07493113397303286, 0.2145827084296159, 0.4837726729203249, -0.036405417070722534, 0.030834519641791847, 0.02452331589786061, 0.15621961539340967, -0.05667060194746998, -0.2902016289508319, 0.09570605474029303, 0.39573386669646204, -0.5961200494990806, 0.5037057731682111, -0.3808916560245037, -0.1334245411824042, 0.33379768302683965, 0.028264191376762948, 0.10999966229186908, 0.36658068134112076, 0.774427334517183, -0.11837707854660595, 0.40462423524297186, 0.6352566730291271, -0.21508432485852547, 0.021114414913756763, 0.36199355134914013, 0.9326044684893746, 0.5308444308969931, 0.15091327811793365, -0.021190713064286548, 0.8546158455525961, 0.36852740816592444, -0.4394023837098223, 0.5892731063850296, 0.3306401364912188, 0.5634701443969825, -0.7086622329207334, 0.03481393270599442, 0.6579507372179565, 0.7684296298217475, -0.13481462635561514, 0.3000698818560097, 0.7912330600449429, -0.05094202923539215, 0.6258808042018358, 0.09204368735567803, -0.1489586020769964], [0.3370287355536128, -0.198151075351789, 0.009190847614874986, -0.5640132706347087, -0.23872646528136143, 7.0, -0.03014031050184185, 0.42730141144557776, -0.21594736807261716, 0.313448346916982, 0.45495541699764797, 0.41629557570410336, -0.5896882985442548, 0.7699779979463213, 0.47534277753772036, 0.006092942698255666, 0.5573194662316601, 0.3857344364671911, 0.5100674854675613, -0.6333559156126952, 0.7580156508699485, 0.1883154053772813, -0.04012086804271442, 0.43070521285660757, 0.14552247160314158, -0.5076093289179266, -0.08644987176479979, -0.801311490897981, -0.7822388436587587, 0.10966255453043772, 0.2097672700800879, -0.21369609071416906, 0.10823767096358683, -0.5877210496810757, -0.30704122912234366, -0.7420333534238595, -0.009832410180173223, 0.4693412625304334, 0.5221793336087224, 0.5384919999823661, -0.3669535446254292, 0.10015418062612413, 0.39846994055608853, -0.06951196902220391, 0.19578961426552888, -0.5195790526206479, -0.907363939489813, 0.1809415808316781, -0.46886102117229966, -0.6250002734550033, 0.009581065198245309, -0.06630724487409279, -0.06695852644191835, 0.5488867491805944, 0.5276932997217703, 0.624458719714748, -0.6679326262636849, -0.05020447624966473, 0.4567530347478834, -0.04730453682369962, 0.2225482567891195, -0.925950741803049, -0.09235082731508681, -0.07986453764387613, 0.26370927685538725, -0.7103231748470901, 0.402072536341338, -0.2507391451260029, -0.48897698696759573, -0.6957193450605431, -0.48354461778821833, 0.20101187806321752, 0.6474796801564322, 0.10501097700095308, -0.208175661171228, 0.5730272298913119, 0.009649556759478983, 0.409167297138018, 0.30418060081056075, 0.06436005627196062, -0.21331500056149477, 0.1784284588254077, -0.0424386175786583, 0.5839913334831204, 0.343138147444507, -0.14632986789570546, -0.39800893499028334, -0.6159438061054436, -0.4995824428917671, 0.5190183427231263, 0.018830276411255564, -0.6996038289106667, -0.19692875731659143, 0.2237695116681393, -0.25142465749482956, 0.15840747231494912, 0.5471774284859288, -0.016052771958364187, 0.017725961342101693, -0.33328366220594474], [-0.5317224120154936, -0.361658316879541, 0.37112725584506023, 0.24775881972914382, 0.10266612100237182, -0.03014031050184185, 7.0, -0.16234953997936385, 0.8008074619319743, -0.08138717738294132, -0.383062981331161, -0.22163580099226465, -0.676256592685894, -0.7235052922007945, 0.050814437265607415, -0.011273525788961791, -0.01885893594928656, -0.03605851115628911, 0.5386096377146501, -0.09163614236227091, -0.08605277797925437, 0.13137397848838095, -0.06020593888093617, 0.7005805994486693, 0.08915969425762538, -0.05509635328306883, -0.5449830156773027, 0.0031629913731876513, 0.23608107494901498, 0.6586087354781653, 0.36401073036139087, 0.5341192807521158, -0.22495362031829969, 0.10791403639282393, 0.29875699538979994, 0.0746240610901423, 0.47391339108538455, -0.2821983002549713, -0.242825239200812, -0.1696804296645945, 0.3117346678529975, 0.22294074578165946, -0.00756442180942829, 0.3629218987991165, 0.4675578849401587, -0.3965769304972344, 0.2826017386781152, -0.6621642664784766, -0.4257904303555131, -0.21579267000185365, -0.4387340780692217, -0.2331040771706202, 0.3553025477657017, -0.3673981944873552, 0.05693969794618692, 0.27519242171959046, -0.0006206754608946152, -0.21452119130932568, 0.15310498208727208, 0.5104024153277358, 0.44841890248622773, -0.28763988265317697, 0.6134074809467587, 0.26090232389812695, 0.26935949930820335, 0.10613689300196105, 0.0875830709629315, -0.2552303678714254, 0.5035251050034961, 0.13795292007156523, -0.15266040092181055, 0.5971223235739813, 0.24454827371118792, -0.30388653907744356, -0.15835482558945335, 0.0967031344428988, -0.08052900393817297, -0.4608753523365281, -0.6168793162153405, 0.414470535618249, 0.05776164782146087, 0.0034698460533229003, 0.23221476422552612, 0.6968334843980217, 0.2564315365365495, 0.06653813051953006, 0.3051690352411307, -0.5803151988609994, -0.4188348004566097, 0.6172077909424598, -0.4334500904295697, 0.0035921134834062673, 0.15646194668487112, 0.13997776189837152, 0.19357041471449254, -0.16551755816917535, -0.39550788104010315, 0.6088980147014404, -0.2777418975691156, 0.07835454885398829], [-0.3158017036098898, -0.38156776194176634, -0.08701633075379167, -0.0031394681767796806, -0.009931659317289343, 0.42730141144557776, -0.16234953997936385, 7.0, 0.014777608714501511, -0.16156625941331193, -0.0998379223253163, 0.6524774863301932, -0.3151363440919779, -0.4365197365095522, -0.5875076285910706, -0.08945601860993402, -0.4230557644750711, -0.49523237651445096, -0.6017752176942367, 0.5679470314720978, -0.5934074672941361, 0.029978234261422543, 0.9316593563688271, 2.125371704142509e-05, -0.6883671274346151, -0.04465565979541297, -0.573898319484968, -0.39286924919983557, -0.3766079681126122, 0.0010141035630375494, 0.0007534086047202848, 0.4321366306442933, 0.22950572409751513, -0.18458271755994204, 0.5218717799465904, 0.04228430230085234, 0.025678991278546892, -0.43423326912375015, 0.12837677881817822, -0.599600528674537, 0.020848764747938286, 0.5316094297981273, 0.2239997288149842, -0.7366933995247524, 0.38609890432894867, 0.20182278146608756, 0.7498550072039656, 0.17597113671237885, 0.9130439846617571, -0.8225588674801039, -0.182269247234768, 0.2234918533194259, 0.47530443784033816, -0.22358354691587667, -0.4711191404150843, -0.29291016929205926, 0.5726141779887897, -0.22658139906436847, -0.6799709250183338, -0.37375060578531827, 0.059060137531686596, 0.0010969851097328842, -0.2449756837401319, -0.2307709566294569, -0.2532091512857525, -0.6819165306799365, -0.3635335310025436, 0.14749945462443925, 0.5923362099328131, 0.031555582035131424, 0.043991526432423544, -0.9299668422438045, -0.4569722911065456, 0.11022714044183757, -0.3845638231054136, 0.3415360251763344, -0.4829807659251312, -0.0511982570425904, 0.699924252914196, 0.38292023667855, -0.23844612527889386, -0.4652922318498425, -0.7052252704651554, 0.2706747129499376, -0.29053206938472853, 0.1840768713958718, 0.06893588744560386, -0.4204575243003087, 0.18089385414984616, -0.7051594444732231, 0.694941808739205, -0.19606293901940886, 0.1032084030159468, 0.137290924607385, -0.5569322456352379, 0.2960033164359017, -0.7415395510741684, -0.2594975858952, -0.8525971460583109, 0.42313071042539496], [-0.5388955083546458, 0.025067209445580385, 0.22083214746023616, -0.7316393121104691, -0.15579667102414663, -0.21594736807261716, 0.8008074619319743, 0.014777608714501511, 7.0, -0.07555176968805632, -0.3073769154923144, -0.050772867359087925, 0.24643009185019737, 0.26024778386621783, -0.17907964051734893, -0.2378369377327677, -0.3658365185297334, -0.14777173549416056, 0.2542707272738469, -0.25827421917542825, -0.6168442905311705, -0.06087913647558496, 0.20667346094992967, 0.1963531777322982, -0.01677057177813357, 0.4126260727863409, -0.6841259565314313, -0.33428328504991756, 0.033471959364592685, 0.14883618442638835, -0.276572894623869, -0.03649614807068258, 0.16985367425805076, 0.4935178247295664, 0.7495318260868484, -0.5554733951269616, 0.006609965808827001, 0.07596944629126945, -0.3958711739020141, 0.31421142380568945, 0.11705484087131834, 0.7321673716595876, -0.5099700360731731, -0.04529180082686857, -0.1508555244491615, -0.18092019574466411, -0.2928318229248603, 0.34855210681528037, 0.17518313875118374, -0.6605161557496753, -0.8790626781181536, 0.482057720562, 0.6889178755924066, -0.12458363164426678, -0.6699740171096534, 0.11272529244927565, -0.194092337399007, 0.8167396213490177, -0.7558319803295165, -0.34964109334645765, -0.09635057292333815, 0.1885013281129182, -0.3537148123998739, -0.30159269612642914, -0.3884326315256924, 0.45670123273839636, 0.6098511381548297, -0.011697080086116918, 0.09893383845822434, 0.033229007027518964, -0.5647288198950914, 0.40399717941134106, -0.5219188589648268, -0.4081056800834938, 0.33445399351672656, -0.23711127449561942, -0.32155996491398386, 0.13086034604757923, 0.18963469953616574, 0.250668073067301, 0.20563728842707674, -0.32279322902880647, -0.14464293616508805, 0.4525510935857686, -0.39012651579775515, 0.17383408344828455, 0.3981536267756629, 0.46576805992251535, 0.22597637411716054, -0.028446304101484632, 0.9414332497193543, 0.025918110154081297, 0.42718871997799357, 0.17743036676150603, -0.0728025122748126, 0.1870343432669257, -0.3995274173256441, 0.2586179373785409, 0.567524790913561, -0.08496681264079875], [0.7280430084842293, -0.41275842021870623, -0.1630925168088716, 0.6937594521215331, -0.55963513925758, 0.313448346916982, -0.08138717738294132, -0.16156625941331193, -0.07555176968805632, 7.0, -0.04078433642193535, 0.6542414176134648, 0.8595585778940311, 0.6826923792995023, -0.5348937894846104, -0.36117523285704256, -0.48466515761693385, -0.8027077983211469, 0.03233120037666204, -0.08639425775813425, -0.6228870151702258, 0.7684521411635199, 0.043331694951318944, 0.338878374342944, -0.00154388554431939, -0.04470233323466011, -0.19520140323003043, 0.05055317632938694, -0.12203209809552495, 0.21461725618461625, 0.22120756088233118, 0.21161327577842481, -0.01539426190681048, -0.7293241037550912, 0.10285267217988991, 0.3442010268301452, 0.4768222949436651, 0.22325492923892742, 0.35544419918170544, 0.6263451992446085, 0.014569425101562894, -0.710826302865705, 0.24579067717735725, -0.2546577315458346, -0.6050074545473783, -0.07269794233019056, 0.21258282561341302, 0.2185573676236936, 0.2977099670491137, -0.6689317550716742, -0.07563881791812155, -0.24564640652469916, 0.3444869355625193, 0.6866775775707883, 0.2659902909267944, 0.6692766385386928, -0.08790069773455578, 0.2172171984547242, 0.673782997648936, -0.518075858463757, 0.7815404819480205, -0.03972916909504021, -0.02299048417126659, -0.2880346086040091, 0.5179885017465518, 0.4335047307413964, -0.529165386297205, 0.24677770018120837, 0.0234835354176548, 0.4356494975542755, -0.3523302173906834, 0.03139262688553712, 0.5603170872005143, 0.35826365775188806, 0.6149546806715196, -0.8645182646711006, 0.0906987314802139, -0.2683723942780456, 0.19640612703803773, 0.22958716636911203, -0.32859381486454664, -0.7162461766507516, -0.16722470788674682, 0.3050041298058195, 0.5257444845272055, 0.5703581107518092, 0.1322557524547252, 0.014458640383737453, 0.3741555750525527, 0.2671515468032464, 0.023190739960376128, 0.345088165234704, -0.14679266165367832, 0.40078371575364047, 0.48322301737694295, 0.10667014140986808, 0.6079731404115845, -0.10062066513847723, -0.2952640552468234, 0.2769422294526216], [-0.4049185233969438, -0.48761586135061097, -0.5212940079888649, 0.25706677428458824, 0.2715336720912298, 0.45495541699764797, -0.383062981331161, -0.0998379223253163, -0.3073769154923144, -0.04078433642193535, 7.0, 0.4656641104962387, -0.19028182077561184, 0.6662238572003851, 0.401923876915697, 0.7398319315302242, -0.009688100531378363, -0.42050791883086336, 0.38144456420525863, 0.17346409217523506, 0.13356822654973177, -0.09581951464903693, -0.10020131000058652, 0.2780482258801831, -0.37778696150092606, -0.5065581131981702, 0.3513775316602372, 0.041981701962472195, -0.0019305487530556498, 0.34040111394323747, 0.20295649132005278, 0.5587072654482739, -0.3191941197441732, -0.07981672184977018, -0.32843418764135857, -0.5327733920777861, 0.39960813382018356, -0.5009908010005686, -0.06432230672328199, -0.22564564885027893, 0.00735606903517283, 0.17046053097449598, 0.12663697632784032, -0.21606567306312552, 0.3521276658545973, 0.04536458608231597, -0.004292441076852116, 0.06288238330977514, -0.017941565534606685, -0.15043541928433568, -0.16809808865321352, -0.8884997718241359, 0.2077891700108072, -0.5359637457507014, 0.13251474294515364, 0.14166804545659462, 0.06744310274948839, 0.14412817657326316, 0.46676987858094154, -0.24379445249030296, -0.21891065200744908, 0.00864551635861699, -0.542428618754631, 0.24371626018731063, -0.5566086335469628, -0.8902722943891712, 0.3734815424158593, 0.3084068141054215, -0.3639441971521824, 0.4242138580419377, -0.06616327088964047, 0.2979886403719938, 0.6480949673637604, -0.16016748756107146, 0.04675555651267471, -0.03965136064373875, -0.44641426925850536, 0.370079820988672, -0.2624856449282047, -0.7385713089704484, 0.7848383653511481, -0.23119979755503384, -0.1251849402479317, 0.5175517875930322, 0.721009785710728, 0.26658169798914333, 0.24591478223853058, 0.39196229326501, -0.2481698223450054, -0.02600414003276441, 0.04609605116408666, -0.7862364233701226, 0.2559936727824401, -0.2708216993715803, 0.45067593524128546, 0.35855507900567796, 0.033728226220626656, 0.5188953796167564, 0.6078393075132698, 0.17683505889766193], [-0.1878409977053047, -0.3936586909899972, 0.4507470765367787, 0.19713434801992946, -0.2668444858086564, 0.41629557570410336, -0.22163580099226465, 0.6524774863301932, -0.050772867359087925, 0.6542414176134648, 0.4656641104962387, 7.0, 0.19394169564146724, -0.0894370952770358, 0.03739233057785363, 0.1781699790393101, 0.8258914700499742, -0.21793628508417573, 0.1288670956998268, 0.28159556216904313, 0.8748061922503609, -0.22866494850511887, 0.011827112882965896, 0.29421182864440176, -0.10649604541369151, 0.08195787150190381, 0.788019784989717, 0.7071192547214866, 0.15956959330269216, 0.18557626575681585, 0.0851262572235878, -0.04648746762425615, -0.06597576684305684, -0.5034636928977752, -0.0898108664693098, -0.481733271186813, 0.2396092579969915, -0.30098381118140083, 0.4313756356916749, 0.4640993438431573, -0.2025619015527983, 0.3923631070686362, -0.8635737548403717, 0.39364547785094683, -0.04182265579474509, -0.030857113312959816, 0.2554145920826021, -0.10583056477221497, -0.1666911531231986, -0.3729514843428672, -0.027033192722829336, -0.3169963637520956, 0.08566394777972586, -0.5544164748213342, -0.024935305325331947, 0.253693845516878, 0.15285313949801305, -0.5852620949468997, 0.5067837853844148, 0.6297188114577814, -0.20373988095350515, 0.3650060331388463, 0.1298342405848052, -0.5590958312013872, 0.005570580917739321, -0.011645164592493984, 0.3335858699905174, -0.17076830765403972, -0.12685835160667747, -0.41939584721864653, -0.1502878757406736, 0.33149847528584964, 0.2466528580147993, -0.15161252062575514, 0.1267372113588583, -0.8183542653362331, -0.43774151006186224, 0.5563739303478068, 0.06915734489692138, 0.34879405782757633, 0.34367597382386883, 0.06384986501850287, -0.16687368787108814, 0.10189122686479823, 0.027254459279986598, 0.24240849395714426, -0.6453851890454402, 0.07730578047732672, -0.24587141464515538, -0.2182200217115341, 0.24536670069642597, -0.2215899036142065, -0.2646416552407751, 0.09092277989651354, 0.29306054757355304, 0.41601390625315604, 0.542070034323237, -0.2792382505275438, -0.11114972751867436, 0.518634565626289], [0.7422571203012562, 0.1655271968324845, 0.45011234340373796, 0.3653197973912907, 0.8175589819484577, -0.5896882985442548, -0.676256592685894, -0.3151363440919779, 0.24643009185019737, 0.8595585778940311, -0.19028182077561184, 0.19394169564146724, 7.0, -0.38092808597188976, -0.0022112823977628038, 0.1402076752473025, -0.3654679455112858, -0.08576069007340748, 0.7364884312070039, 0.32029732845357906, 0.302594748714597, 0.8282226518850586, -0.06351415680768657, 0.6985455797586035, -0.19409688443966322, 0.13868054169499588, 0.6548091582070503, 0.6577363459770098, 0.053764439132768294, 0.06294607283680431, -0.10837270631050555, -0.11805882589040273, 0.5745512087629281, -0.39395957197416775, -0.010075788380538797, 0.2231078941054354, 0.25346522792712345, -0.34798062553367826, 0.4095508898956819, 0.7957896282480554, 0.324988056698543, 0.12632093990900817, 0.171474166987577, 0.4253421276122946, 0.26909225428231, -0.210074816682305, -0.5533751279543561, 0.44560247781277784, -0.7622917260780737, 0.09425835490920909, -0.32391970618215393, 0.3528403393652131, -0.031101240559830656, -0.22991630077665803, 0.6584977037827866, -0.2148962858818978, -0.6868101181649064, -0.019403200426789224, 0.609299965224467, 0.2528101924377899, -0.2603567796312435, 0.09602199215606588, -0.3181984512036672, 0.006247978990571168, 0.17825529945413998, 0.3686443848844223, 0.8231100775301816, -0.5285228456129505, -0.08462147958205701, 0.7534482369687237, 0.7160256991273359, -0.383365965892159, -0.5682084332353898, -0.18421238390802486, -0.042856932767133316, -0.058387183094065764, 0.009242470923314983, 0.4670171864576469, -0.07101263182545092, -0.331686117419693, -0.40763500306559397, -0.2573868072110287, -0.3891217263737162, -0.1558550444594936, 0.45047133701294295, -0.34661304350860034, 0.22042571027455482, -0.6065607492417041, 0.4704632564356417, -0.08266697730188144, -0.018576487308227807, -0.7560234794001784, 0.0987208469023535, 0.4192056198660672, 0.273940056731786, 0.30302003776880104, -0.17187382324627076, -0.2802959221534752, -0.1779058612950417, 0.38799075661044924], [-0.38414286150450305, 0.00371224803351744, 0.65955067573919, 0.194116642744651, -0.27229515411417793, 0.7699779979463213, -0.7235052922007945, -0.4365197365095522, 0.26024778386621783, 0.6826923792995023, 0.6662238572003851, -0.0894370952770358, -0.38092808597188976, 7.0, 0.22420094090688525, -0.7639259969163923, 0.40402492715220584, -0.3159678589730802, 0.4746216642605985, -0.29012903195988304, 0.7455907126351233, 0.19564657401615526, 0.23929975417371052, -0.11026603806867108, -0.00011325838228282148, -0.3312600075265998, -0.08656802812198827, 0.0059889037246148025, 0.4133093114747033, 0.09173554079178059, 0.14166424181293458, -0.707624480500067, 0.021803986509061346, -0.4134866835899287, -0.26266209058893, 0.492825006326834, -0.6950132449180917, -0.10779095817659978, -0.48686446235627934, 0.042083259858240574, 0.7018681331323626, 0.10824467257685866, -0.46893572388979776, -0.2790051810073554, -0.5602623181975843, 0.1458461611368631, 0.47285220024846075, 0.49782392059204694, -0.18906005572705864, 0.5745106467237373, -0.21411387319979092, -0.6277800174923205, -0.05868769234426752, -0.6048425861647525, 0.5010014041967303, 0.14936518413822242, -0.9283388366095413, 0.1257054134487745, -0.18430039707384727, -0.4163478651866144, -0.5449921463137799, -0.2992016111220337, 0.00047017820506933816, 0.17748241748341353, -0.05867336425970049, 0.04313779408548335, -0.02310553993822906, -0.030875180432786253, -0.3569917741972217, -0.2937558699832018, -0.024343206954454355, -0.42445606663738555, 0.08763749320436243, -0.4665541449748315, -0.05526878267778068, 0.12254827239678523, -0.14443584997564607, 0.28251107608503356, 0.1646372283466513, -0.10804188463615672, -0.5661730379369757, -0.3813704004558127, 0.25735228603141946, -0.36637195097939734, 0.3987458740496237, 0.8258979073457138, -0.31030494667633557, 0.21102967798724181, 0.21736388981363408, -0.523316287603326, 0.5903217620157613, -0.3047782659115663, 0.4392868454349119, 0.32858539434464773, -0.2254834897000325, -0.1347704597108228, -0.3896254954795476, 0.06093736246023207, 0.5529311964625336, -0.5158690666503702], [0.10108292222240012, -0.04793545288450629, -0.35127612136812014, -0.02138571994476457, 0.04083451931198767, 0.47534277753772036, 0.050814437265607415, -0.5875076285910706, -0.17907964051734893, -0.5348937894846104, 0.401923876915697, 0.03739233057785363, -0.0022112823977628038, 0.22420094090688525, 7.0, 0.32934481383544845, 0.4014195680649262, 0.1132151180697063, -0.323846682476682, 0.6250825402550717, 0.16067238116312432, 0.08613562186605561, 0.592261724746157, -0.1469734041197388, -0.28494533684054735, -0.335560269788308, -0.13176758527498922, 0.40073418488944546, -0.3284227374823152, -0.07196504212960275, -0.2649653287053758, 0.4394862239590558, -0.13128092858470453, 0.03845232273178878, -0.34718451408369677, -0.1810877413028652, 0.0970343031373031, -0.3708442125727418, -0.4574749697313758, 0.7228116479354372, -0.341855537585557, -0.3943590901265407, -0.02893876374454718, -0.07646627885533941, -0.8146934722971825, 0.07613718211146381, -0.4815268607456873, -0.36131764947473766, -0.04122374008513652, -0.021541117497023143, -0.13881974547929188, 0.6157957578702855, -0.047937802516594075, -0.6871929875205814, 0.20723145634649942, 0.16910669405678203, -0.6039101158056713, 0.03430751524223985, -0.12772867481525163, -0.35724977337808095, 0.2175172945304471, -0.13393592105788665, 0.028592262993191397, -0.26874503149604834, 0.04137452613746717, 0.3829290774492973, 0.10084493320731802, -0.15527336835990702, -0.39654303137005686, 0.3214658153649075, -0.740212940707457, -0.44220254616421206, -0.0363045337762935, -0.004030645382168796, -0.3932515189439453, 0.39698112140143804, 0.16467691520425798, 0.014391981021251166, -0.0641004294901929, 0.07300063190796569, 0.10636909747619727, -0.008583172716606469, 0.2972690847152193, 0.13121459959784243, 0.643224762435187, -0.2884954593088741, 0.48759264448941764, 0.6346629262606593, -0.4012338335569484, -0.34863553566072947, -0.18180947643332468, 0.8786048452806057, -0.04815360672833491, 0.00806732064386817, 0.17050706389834214, 0.679252738057593, 0.005740191488798452, -0.08667064200429053, -0.06522000523146831, 0.02121342700047313], [-0.7853045319789074, -0.1742862038659062, 0.5515337431018839, 0.5670372898666891, -0.26796640269965544, 0.006092942698255666, -0.011273525788961791, -0.08945601860993402, -0.2378369377327677, -0.36117523285704256, 0.7398319315302242, 0.1781699790393101, 0.1402076752473025, -0.7639259969163923, 0.32934481383544845, 7.0, -0.8240244540798334, 0.5046434206203241, -0.8069839880289793, 0.016656142490340642, 0.4858838036901538, -0.17545418409217173, -0.42063029957009446, -0.3685748332027119, 0.39100962298478814, -0.32014625526682605, 0.018723696462222605, 0.36743821034335733, -0.5330090833949923, 0.14635863340359467, 0.2215883368961875, 0.2811924158002055, 0.4397911688151823, 0.47688188631019157, 0.25627266499706813, -0.011842494167487838, 0.2522558505517889, 0.5273554431275871, 0.46374025675416597, -0.5642077876152992, -0.3374332030962487, -0.312212164346629, -0.1778582066982891, 0.15793005473849941, 0.11654076541969616, -0.06645273402046781, 0.004058153617604088, 0.12488985815530818, 0.6235139129171272, 0.003077385231717855, -0.14694232971376153, 0.3232783623496034, 0.27586306385737447, -0.39242525244115, -0.03470977579373158, 0.20193281184788558, 0.14973226804046114, 0.4014583968585601, -0.06841874877438425, 0.07602466865860813, 0.6789937375935209, -0.5299052841613123, -0.24407426794652187, -0.1832540474644171, 0.8337971704960019, -0.8993445072415063, 0.3227261776899777, -0.08749694022593701, -0.0025821344692942283, 0.4828466765481707, 0.6130054829586435, -0.13890184825155816, 0.20318299926723515, -0.1960545678616662, -0.18650085526142623, 0.4478922122043385, 0.4612280938737654, 0.3757474481466536, -0.5170854247050224, 0.6833152178176933, -0.6498830783713736, 0.4747345899326292, 0.1837960923692643, -0.381505699476671, 0.2027399087699553, -0.7524060815008625, -0.24083830159870812, 0.4245427391718848, 0.36336656531713873, -0.28907695183259396, -0.8865177000145267, 0.5926466546832474, 0.03173715838980051, 0.22096557246388304, -0.3272708310983169, 0.37102347813837167, 0.3490604845265175, 0.9873295529622967, -0.26713751447861733, 0.3894103692312305], [0.42507498305908387, 0.23448606151148965, 0.20715265645464287, 0.064299886711505, -0.6999900712254374, 0.5573194662316601, -0.01885893594928656, -0.4230557644750711, -0.3658365185297334, -0.48466515761693385, -0.009688100531378363, 0.8258914700499742, -0.3654679455112858, 0.40402492715220584, 0.4014195680649262, -0.8240244540798334, 7.0, 0.08276369415364115, -0.5255133180081961, 0.01728555947783672, 0.03661443454578306, -0.43851139871505473, 0.17259188824187, 0.5822711332957202, 0.6713316358995196, 0.045825897329359044, 0.5496750162029251, -0.7673278748952516, -0.23460312107260328, -0.04889426499789684, 0.023211043142625565, -0.24643532201995877, -0.04990611709517023, 0.31078130538294113, -0.20100955391845388, -0.07583141422344097, -0.009776291278115412, -0.12639273493354286, 0.15818482862116845, -0.05327639826909902, -0.49633633772948094, -0.20562313624754747, 0.6060568326035534, 0.5497738190774042, -0.3411786445187126, 0.3799373985922898, -0.25766545861190504, -0.8139778765245008, 0.05619470535897131, 0.2819999926165888, -0.1275092512759186, 0.5698718704359544, -0.21400049664046994, -0.3358297342826809, -0.7531775853659427, 0.24471646805935077, -0.07204762157732025, -0.5390025386060071, 0.2572706266691269, 0.06280672867519543, 0.09663892234887728, 0.8454339869508671, 0.05817928318063181, -0.0715157383828241, 0.568152176491294, -0.3961221026329734, 0.15638533273393906, -0.09537848907880075, 0.5305248341078519, 0.7610665332680919, -0.11377976144020907, 0.3720223872345412, 0.3582539369708364, -0.6967674172408578, 0.5928940171150388, -0.27957545682622087, -0.23989286534269527, 0.02152775229078996, 0.12875389882021282, -0.4766179480134358, -0.24099304263782362, 0.29532532962772584, -0.7598438885119262, 0.17779715696011644, -0.4208865778110801, -0.6924562087390026, 0.9249031010143807, -0.9476556411259504, 0.28638544775685815, 0.5803621355856572, -0.6652108278367623, -0.18814065824415904, -0.11322432629692047, 0.22313118708335677, 0.01717684986678547, -0.04109888216634239, 0.03945946696673297, 0.48940216658449076, -0.44457903771848617, 0.028023815350421755], [0.48284703762265235, -0.0555157321696641, -0.799008063912548, -0.545047742896937, -0.06495712067599135, 0.3857344364671911, -0.03605851115628911, -0.49523237651445096, -0.14777173549416056, -0.8027077983211469, -0.42050791883086336, -0.21793628508417573, -0.08576069007340748, -0.3159678589730802, 0.1132151180697063, 0.5046434206203241, 0.08276369415364115, 7.0, -0.015963909553942113, -0.7303169797919672, 0.567310147933195, -0.01858269842069815, 0.5421586773597071, 0.43725308308333055, 0.2817243310377373, 0.043041569966827176, 0.6713356736032714, 0.3901633468032959, 0.8880664812541972, 0.15044664837691824, -0.697392612113529, -0.3227340079869683, -0.18967053789045552, 0.4579795864076428, 0.45933599631009914, -0.6787056145932973, -0.31567005225098155, -0.15273489768407233, 0.13781644461727205, -0.2345970812022231, 0.22190562986080176, 0.569024783925113, 0.10879588880837554, -0.2178527230931372, 0.5850164073691406, 0.32096634588766326, 0.10067733753420338, -0.29382068273093076, 0.5519604154029272, 0.1116015507159851, 0.39548152523595403, 0.184834271091324, 0.7775405510936115, 0.47318850426596626, 0.2950355647714018, 0.196054657709388, 0.004942566032223095, -0.6804793963988239, 0.24777025441238787, -0.243515899562175, -0.4682318518315147, 0.5457469478488217, -0.6549854050821398, 0.49383927704418595, 0.05762746408157815, -0.571333625483983, -0.40246954286098, -0.15022667249308375, -0.3837780767386545, -0.3005117711894375, 0.15878344340606843, 0.41007377042350557, -0.2274160025922939, -0.7435652995687698, -0.9256569985685191, -0.5475309919571332, 0.04737273043247159, -0.006425996935000344, 0.24909029199865085, -0.445337323478737, 0.4302204642244396, 0.13718500697143066, 0.16358169922199362, -0.15313971911689073, -0.49926092811292677, -0.3957877838703394, 0.4291825300551535, 0.01583977719653773, -0.32958454760070577, 0.02926923371497736, 0.19432686138496091, 0.06403506093776956, -0.028606394223681608, -0.06977909333692178, 0.18698163789904054, -0.643405601685051, -0.4398153775588013, 0.20512021924667279, 0.45983664857537043, -0.06207796990010728], [0.29872411414840294, 0.2565455097869547, -0.04810438288624963, -0.45868594696030507, -0.2580963087143925, 0.5100674854675613, 0.5386096377146501, -0.6017752176942367, 0.2542707272738469, 0.03233120037666204, 0.38144456420525863, 0.1288670956998268, 0.7364884312070039, 0.4746216642605985, -0.323846682476682, -0.806983988028979