{"N": 100, "M": 3, "c_0": [-0.11131879849335369, 0.3194158353038916, -0.9707520901109523, 0.5341522030806041, -0.7783645535980166, 0.9331309568991066, -0.6795226991792589, -0.8575928070539725, -0.8049368161795374, 0.38040179831397203, 0.5958691996859011, -0.8552707010902052, 0.8611526666623734, -0.24024335609989156, 0.5755766105332336, -0.19921717094824953, -0.6914993185893714, 0.3713190098764476, 0.2595557579243086, -0.3349408201976445, 0.9382723665967432, -0.9057104833119918, 0.537315783267569, 0.1332916810453637, -0.6915507878170675, 0.6817587037948571, -0.8665146670784236, 0.06633323831370985, 0.9796453621597472, 0.5127756064930129, -0.8209406253404032, -0.05342271506648122, -0.3584893305568737, -0.2955660134603486, -0.16778512925423072, -0.5634972395443729, 0.9570016946172917, -0.9364085426804021, 0.06701663894651722, 0.8940071767559754, 0.12066154605136004, -0.8518247494046052, -0.07689794653926274, -0.36645451023909703, -0.9849444737117725, 0.08277708252954463, 0.411062865784821, -0.34930001347265804, -0.22465912698671198, 0.01640614482772218, -0.6215078187378202, 0.7700422629503294, 0.21324204713778805, 0.45609148843266056, -0.6105245740334713, 0.18742255002931896, -0.4529914848088339, 0.696762158230045, 0.1995622367164389, 0.4555242564096944, -0.7532620052945209, -0.9112543582222075, 0.5549435246507808, 0.6738100501306965, -0.8023385443102005, -0.39299879307454, 0.4467124680876222, -0.11398656782480443, 0.15507917132218463, 0.8385511019311744, -0.4563376412035862, 0.6923643365571521, -0.8043653418267283, -0.5503210610194755, -0.8114228329959137, -0.7364434651953395, 0.4252140792897636, -0.7465417328230644, 0.044076482117462845, -0.8238820358925316, -0.11609829107546732, 0.8777440559891851, -0.9517798615106037, -0.4166097521943064, 0.8548092779445327, 0.3891284807402402, 0.20493677379266084, 0.7450820150151698, -0.521532666931912, 0.7432596083672722, -0.5006073839152063, 0.9323503209850148, -0.5115839628750292, -0.13201999270728515, -0.8883948689558994, -0.7372214458689339, -0.6286385801336745, 0.13012242160797216, -0.36871743235526466, -0.7139006430379584], "matrix_coe": [[[7.0, 0.3401368090537933, -0.49814636939509227, -0.28352397105675875, 0.33445735562657, 0.4986245593643712, 0.8192415940859479, 0.09095376221337292, 0.005213741721092013, -0.3977804853072633, -0.42456535542410945, 0.3197388640877801, -0.5350749598031728, 0.3618913552211851, 0.2176767736633054, 0.1871398361091381, 0.19322284279137092, -0.9000953719460363, -0.2556176003476057, 0.41758314621987336, 0.1495304750468427, -0.2215218862677082, -0.5266413249181275, -0.5000745500444405, -0.790331029011722, -0.1866275723545595, -0.7121666064938525, -0.12322792294732665, -0.8831381955392038, -0.332885615969039, -0.6905602176128816, 0.33367823155787835, -0.17619174409244465, 0.5515373832146442, -0.7860963200275833, 0.4117998327952357, -0.45245950024397985, -0.114684192578968, 0.5718086274585179, -0.27887191967619274, -0.30597532009377915, -0.04388348592515501, 0.10809003304425246, 0.5121770346317058, 0.18034962348211292, 0.5121326614568589, -0.057928715344305215, 0.23867961026983786, -0.10717031049952419, -0.08550191936941964, -0.14627442296589233, 0.6855480588598857, -0.3659476854508136, 0.34349099693110885, 0.13737321404969505, 0.274370089276347, 0.007078775021528649, -0.07120742151012371, 0.32771707561823793, -0.3130931162643963, -0.13668054324860068, 0.0791697599909118, -0.5110145474478788, 0.19383481280457948, 0.12238765130905072, -0.8865880388965226, -0.31042258219468166, -0.8025911047357496, 0.3439029070204558, 0.19191523420455692, 0.17173966881687197, 0.6130391662425971, -0.2520594195825595, 0.09246422179817548, -0.4290931502985159, -0.21037492234103894, 0.5814818245017004, -0.5804391041559833, -0.33756249884501677, 0.390926104573629, 0.24400956236413718, 0.27042269101906014, 0.14204831016302322, -0.7145201371390452, -0.3490750213802666, 0.43821338936985055, -0.4245800507734572, 0.3832061624613674, 0.3081769317407774, 0.3605211409006803, -0.39096927731625064, -0.18230391472681606, -0.5740573797157901, 0.5187020519149037, -0.2804568922292533, -0.7608258734393261, -0.15248839988741858, 0.11553127479674874, -0.15991109574140439, -0.34044653289410776], [0.3401368090537933, 7.0, 0.5786901552943262, -0.061896868478681366, -0.30919998779210844, -0.5482384001615067, -0.15277306851108485, 0.08598385820258869, 0.8377742481291035, 0.4849883525151262, -0.7291705215183136, 0.6409209782666827, 0.03888064589384399, 0.34404565732425274, 0.6090938887667812, -0.37398025986867234, -0.49257630542199016, -0.36452926266806374, 0.3546929147673801, -0.2700942992245491, -0.36833423619453165, -0.1359817142657047, -0.546748693012361, 0.6554283366801403, -0.3966887261138521, 0.04674044635307362, 0.18068928888461055, -0.5244491907243887, 0.43035770831411946, 0.38792383340035563, 0.08268326041185214, -0.3928271264187507, 0.05121498638942912, -0.4611952302249387, 0.4234261864943627, -0.09168567172257014, -0.23244585603877232, -0.6211650245043914, 0.1901179049930486, -0.02135673558437945, 0.3210627670502113, 0.2212697959381047, -0.014159779474356315, -0.009754537950087405, 0.11306482163660836, -0.05957169989898914, -0.07635414792829609, 0.5667736003364867, -0.7188477211158103, 0.06495282054376039, 0.8787391303366434, -0.37267404042165786, 0.27446450492684527, -0.08271911418533784, 0.01858523820025093, -0.23035094139925094, -0.2653546254783342, 0.43343777732897815, 0.27101332172978854, 0.7918596783979308, 0.5538238472394399, -0.2170939865403394, 0.4047900657629735, -0.11425526442784217, -0.4608871080011764, 0.04077583672252372, -0.7220486899946355, 0.17797892914016167, -0.10991368982188521, 0.45581766010808367, 0.7287585706326616, 0.3679285503451659, 0.5017143564611155, -0.03983229222307272, 0.1577977806640518, 0.8818469192292477, 0.5449800059086836, -0.6789603590824999, -0.3838341881604137, -0.0774970575283338, 0.9702956327189396, -0.10036104615295105, 0.04987972190343837, -0.12201578459139817, 0.2550355754442206, -0.02862793278678588, -0.6948826007513339, 0.47946468825982214, 0.4139810235064403, 0.1936709231545053, -0.06338657620485755, -0.673528972467345, -0.09614173262612913, 0.08736837153944732, 0.4676413167516018, -0.20769215676106312, -0.1014023597068382, -0.4004445868306692, 0.14466098483030532, -0.5152584490016067], [-0.49814636939509227, 0.5786901552943262, 7.0, -0.4485898495136287, 0.3522739677136797, 0.47558193471379573, -0.46389209953365895, -0.10744705831467538, 0.641253669996932, -0.6306483459938562, 0.1407689431021688, 0.2184864300684235, 0.7344733411288167, 0.13414639118996474, 0.2216258728316327, -0.4139200286424478, 0.14562113601913662, 0.22379268477112424, -0.2344540536937747, -0.24839786190199775, 0.5007384503467422, 0.4785917649618938, -0.2438578842196687, 0.5015613256040394, -0.43113471108258783, -0.5459614604427503, -0.06548933280941338, -0.23762351733767006, 0.4610911236252564, -0.2942397034773342, 0.4169956964382511, -0.09731051721761452, 0.1942281512332249, 0.11480786963873402, 0.7227702677674284, -0.3445379852647441, -0.5424840440137295, 0.15760712595347148, 0.4005295220062306, 0.7715048822818407, -0.3217436001787132, -0.8178833257747713, -0.13719436215025915, 0.10524440995909057, 0.46186683304036613, -0.005185838304284207, 0.023313058517907326, -0.5015206618188128, 0.1980592965071406, -0.27819910598595654, 0.42787691752561186, -0.22784186883696467, -0.005035394650102054, -0.45287991711919173, 0.1530333213143562, 0.8880763681699531, 0.6406498121732056, 0.17571138502461814, -0.7587742115961268, -0.7798899091806498, 0.27097706667501265, -0.11561059236151516, 0.5156119788709244, 0.22778964889272268, 0.19546938936966107, -0.1355212236751907, 0.5328410598541695, -0.6082735154862576, 0.027647386967576182, 0.20984500079805102, 0.28396252391962196, 0.1467748667492066, -0.43977925894028314, -0.17817746828527514, 0.017718913636314504, -0.2280802932486905, 0.6648456867877877, 0.16679682768805115, -0.12703414532931934, -0.9726506925123953, -0.5361908557650945, 0.73270457719169, 0.07691316510049195, -0.4080932719892437, -0.09135720487791954, 0.006417387537692054, 0.26374214456097134, 0.29739589305574077, 0.5321868323342875, 0.5378816684513947, 0.09116801085517068, -0.8885497375556044, -0.11426848881859253, -0.3183644120117227, 0.05330893383678559, 0.5205210610551456, -0.5631689410353915, 0.311532085691981, 0.26093420080590546, 0.3322171760006678], [-0.28352397105675875, -0.061896868478681366, -0.4485898495136287, 7.0, -0.2692653697434184, 0.42217644677596544, -0.22306450244672238, -0.18016438130651224, 0.15800157362186384, 0.04939445314627644, -0.5518844146442051, 0.5268199819877499, 0.188158733083013, 0.14756023371896587, -0.08925091278943853, 0.2300270580903363, -0.4081153000473834, 0.8881588897800379, 0.24871333146989993, -0.10182741153708308, 0.11683004003241226, 0.439484660188179, -0.23103317422762515, 0.7141039636442172, -0.3737106913029399, -0.434400653370534, -0.32265453020318835, 0.4186934342810833, -0.868942547668004, -0.18186932754285556, -0.6118300046413404, -0.18029011618884871, 0.3677696589400179, -0.8108626973701528, -0.10875922935449622, -0.3469217744216019, -0.13180891503106007, 0.502189915315221, -0.2099723442128214, 0.2851447320801379, -0.020609477212045868, 0.45502065832768546, 0.2624619733157667, 0.0013262163708462893, 0.5237859638848628, -0.4068761303304217, 0.17689719383794467, -0.2133166096730157, 0.8144563921356442, 0.046771963527385996, -0.3956140166405018, 0.007252418837435659, -0.2931431644568824, -0.4651852582559587, 0.37930370769231136, -0.623841823801566, -0.07279562343104007, -0.3118705566033858, 0.4427221225846827, 0.2516496237438661, 0.13995614909217702, 0.15547747408945023, 0.023990643605021678, 0.031014104500353135, 0.3982595469652226, -0.2918348473142973, 0.44795161951745177, -0.25811097007142114, -0.4161015757619092, 0.17127419134265987, 0.6085213677847814, -0.5654667151585252, 0.0428218847359676, 0.5004641650563295, -0.6177174938800027, -0.5527804112347843, -0.2481786153123935, -0.65082411829141, -0.34069987721852857, 0.4948387831130554, -0.08230981717451169, -0.31304477800080155, 0.09171592039597787, -0.44486630631922297, -0.306168700694038, -0.1553194903013192, 0.5443253499935699, 0.0695024920513363, -0.7284444962278429, 0.26610110684268573, 0.19099149729875275, 0.3180972308433052, 0.37198940874500397, -0.1849028928962806, -0.3192472227265636, 0.024633041177703152, -0.16566768160881162, 0.18464314565364948, 0.20861656657569694, -0.43318106786365584], [0.33445735562657, -0.30919998779210844, 0.3522739677136797, -0.2692653697434184, 7.0, -0.40123651516480396, -0.39363654483717114, 0.5917236789877869, 0.08050538902498694, 0.19280875423661636, 0.13553619744167844, -0.0157550882220171, -0.5788377424410639, 0.47554154929047643, -0.3818555804952357, -0.2727114671004848, -0.15972170623280912, -0.6199915598718198, 0.6119433800886396, -0.6134786777212695, -0.006309448085051073, -0.6286410619866946, -0.7495555666578902, -0.2326879178658472, -0.3301974168074141, -0.009375795760367511, -0.005744673453296989, -0.1442399558881392, -0.25903962158360516, 0.5082089242045786, 0.05815868121107304, -0.10386578977181471, -0.2779216657421488, -0.04060596271227335, -0.19571789844164333, -0.27391195192189066, -0.6411666936647932, 0.5049625072058392, 0.38271390528620497, -0.23170673735785063, 0.13702044083853204, -0.06123502522946345, 0.7800847761652432, -0.08746681331021067, 0.6476405456974805, -0.28640269292952236, 0.37199969507693353, 0.23887826309937576, -0.25403277325980556, -0.18108253854668965, -0.028998088797364985, 0.856435102414957, 0.39609379272284473, -0.05104748522026481, 0.9257801474187357, 0.5141886613054008, -0.36439375757833403, 0.17647002978656, -0.5613792219641268, 0.4197502756869518, 0.4805411131360289, 0.01579945679427608, -0.08238051606119645, 0.3372106717269192, -0.03986042970784631, -0.0848614610992019, -0.7434885626188293, 0.31297980868267006, -0.3142935280129955, -0.11773429721181972, -0.1696499273486175, -0.019388097244758207, 0.038780300431257686, 0.3764688272677086, 0.1867780701704902, -0.1592173375817778, 0.23883374199352136, 0.38266605678032617, 0.11758741032154552, 0.23769552134907812, 0.22216514847059932, -0.23525909492206432, -0.6359785465866304, 0.15925399250777517, 0.19661418303253075, -0.05814675368418776, -0.09802309121772135, -0.40614900624838457, 0.28948268161953083, 0.1253836257358445, 0.5687287568645596, -0.07390205537435013, -0.09954473448353462, 0.7144170300063926, -0.19058336300955836, 0.6048500863772608, -0.4730218794325598, -0.1519207075975222, 0.5131819780512048, 0.3595015481424766], [0.4986245593643712, -0.5482384001615067, 0.47558193471379573, 0.42217644677596544, -0.40123651516480396, 7.0, 0.6042545671231532, -0.043073667625871837, 0.20485604808288427, -0.726318799463628, 0.037836775185833726, 0.7118365938204567, 0.1935711416234931, -0.37926476922138375, 0.48403542341347383, 0.8223329050741146, 0.8921206408800741, -0.5572180147888743, 0.5793619306224156, -0.2972484070419311, -0.5302615936498272, -0.7481292956175796, -0.14347371856912872, 0.03114565179252793, -0.20559823536153887, 0.6803192312057313, -0.017485791750275204, 0.1752165206735785, 0.41105436341917123, 0.7414859640949598, 0.021090909943331404, 0.9037608881115768, -0.26617559142963687, 0.5187093798906106, -0.01318640878583821, 0.06037693605110861, 0.0011122471644180454, -0.07298870425912873, -0.519931553885819, -0.08743852819651454, 0.4172055170808562, -0.49552790087355747, 0.20969048909016585, 0.5049219532562794, 0.3898266425159287, 0.005838681045357008, 0.1360306992710314, 0.37146241255624, -0.40752729656348485, 0.6606487781263333, 0.39763568721381404, -0.73019470546846, -0.6675249185019991, 0.616429610320679, -0.24379435729862642, -0.39589746377675095, 0.19824253849240137, 0.38624808452266857, -0.7154844371296384, 0.5072723486507229, 0.04669668959734263, -0.3780418584248081, -0.31887333763602144, 0.5828142554535927, -0.47514357824288767, 0.19223995442762565, -0.09811883983206093, 0.21717152177385168, -0.5700709863091326, 0.9588130268857127, 0.10884551991186941, 0.06076316242279223, 0.36367860422417886, 0.3569060623771838, 0.03394544451949155, 0.5804580970697706, -0.18008349979639204, -0.6565966272869134, -0.7426987429844562, -0.18311499238067375, -0.32104205834978683, 0.5978166354143071, -0.07460270126403279, -0.3828355007887312, -0.5335318364849505, 0.12935716170244227, 0.006798530633744804, 0.8653366794166004, -0.7060978793316632, -0.3559887018894683, 0.16572466284494403, 0.039781444561994395, 0.3594603732921582, 0.5729992149128018, -0.6845094642365076, 0.29782339247088396, -0.03482600145895853, -0.9621718847647445, -0.41456466734870245, 0.05810158769457918], [0.8192415940859479, -0.15277306851108485, -0.46389209953365895, -0.22306450244672238, -0.39363654483717114, 0.6042545671231532, 7.0, 0.7569489584004985, -0.09750864671824078, -0.33006538144489195, -0.45288100778391305, 0.20502667220219783, -0.38940026721101295, 0.11124324707895217, -0.003924248159914656, 0.07350910059569538, -0.13209193144461984, 0.2586077838270042, 0.51196895480631, -0.4610404705617077, 0.5360784394882692, 0.39663755804990575, -0.10346610639145704, 0.012242283581591185, -0.09838309247244159, -0.3049544786795645, -0.6899151060329629, 0.5669964002425232, 0.7340034935159621, -0.16138206987692072, -0.05860626625965615, 0.1339509068884397, 0.1276730876354788, 0.8532555933084351, 0.3796265084644188, 0.3022463448204058, -0.5761126689316325, -0.46741929077875966, -0.2923997043608376, 0.1034324916736944, -0.850176783996143, -0.03800454852416424, -0.6048179944705001, 0.04015093240103296, 0.58793607595811, 0.4901550955589178, -0.24456248858081553, -0.05126129478877128, -0.4985757571815278, -0.03042228973645167, -0.6995598511568785, 0.37430870878702627, -0.34132665780098437, -0.28589684914923597, 0.05428395676026754, -0.10439386888770064, -0.45903728179968517, 0.6693704868752599, 0.1547157758477966, 0.3581296863230581, 0.7786786729651394, 0.022993612613497083, -0.07519113671498112, 0.05782328969373052, 0.14946849205564328, 0.8990871882492861, -0.050798035739334835, -0.8298397849460735, 0.8253058880075717, -0.844068416109718, 0.30202849420391065, 0.2669812793615629, -0.5863664207253728, -0.015989377366836366, -0.08055725304011574, -0.06898770572025925, -0.25104592654325575, 0.04413546849393546, 0.48322049149309865, 0.3588786225946201, -0.2205401145331788, -0.6148444073245385, -0.5020728123993277, -0.31146741030669334, 0.03143899394403604, -0.3318454525011728, -0.2041718218976818, 0.2989646747160126, -0.7980100677245763, 0.12958772925517525, -0.12883667868185955, -0.16592967264157676, -0.3175542704723707, 0.07101314640353129, -0.12557287839343256, 0.20274276058366225, 0.5724119929443656, -0.36404727054669206, -0.007275673308180131, 0.30356236350355426], [0.09095376221337292, 0.08598385820258869, -0.10744705831467538, -0.18016438130651224, 0.5917236789877869, -0.043073667625871837, 0.7569489584004985, 7.0, -0.09507112700130538, -0.48987107684272313, 0.18802718887623304, -0.2570279708823672, 0.6788702101651052, -0.2302159431554971, 0.13548435002787507, 0.07458533473175999, 0.24533529547407373, 0.7779115948392832, 0.1207426240764582, 0.6163304916543848, -0.39456661030184725, 0.040448039891625154, 0.2497443372924648, -0.08785226241076971, 0.3372823487407328, -0.50876316744957, 0.08331540053568598, -0.830756338495433, -0.7735946920290175, 0.7588970311387822, -0.002718500073625285, 0.5558086535554041, 0.5536759862618581, 0.3440499761509219, -0.2422400883376853, -0.4146004154978581, 0.6480195112039153, -0.0021955379448582724, 0.16126445312887916, -0.8454903086550642, 0.060396933996746505, -0.04663368554865177, -0.4003508470439383, -0.18501534313608914, -0.6380407759881004, 0.3366529393134383, -0.27349091329096653, -0.3210470579191915, 0.25094586452885004, 0.5178244291790159, -0.280083787705228, -0.7982620094095474, 0.09478922193179717, -0.12246484860013529, 0.8248607141204207, -0.6518820323738024, -0.1415055026653529, -0.02687263486424596, 0.5227793851194353, -0.6064600114816739, 0.5745868846574176, -0.26728039045450414, 0.2985266534542277, 0.2818900612459547, -0.7432770572896157, 0.23393549831814875, 0.30353236155022323, -0.02580279048372991, 0.05630486962179848, -0.27831186722508816, -0.5696383755635662, -0.6815161499533795, 0.8265088251447121, 0.6639031323643378, 0.57336649577578, 0.24369697679540026, 0.20360282236172944, 0.18852803097389303, -0.1482656851678823, -0.10477895817536587, 0.3014622542322125, 0.05297157603787461, 0.12703967277857942, -0.2785590240496967, -0.503857904743293, -0.571626264225, 0.40377099861582133, 0.29253584417565603, 0.8449028350526242, 0.003907388933564793, -0.06468146611016878, -0.7457630228755573, -0.515344062024155, -0.8437982215015017, 0.27161355582873803, -0.10315951633494269, -0.5648291588336685, -0.33600391754855286, -0.3745224242944051, 0.6219365911215058], [0.005213741721092013, 0.8377742481291035, 0.641253669996932, 0.15800157362186384, 0.08050538902498694, 0.20485604808288427, -0.09750864671824078, -0.09507112700130538, 7.0, 0.2558008246605503, -0.533596393604372, 0.41446984285013366, -0.14796403026507554, -0.04105053932945346, 0.27433505313080797, -0.11241147349639524, -0.5469624733281732, 0.0597414141678998, 0.44663122335193917, -0.025274189247716405, -0.5352257433083867, 0.8891396478640643, 0.08410317992178995, 0.6744065100995413, -0.16563863450434235, 0.22028784922514943, -0.3796085418408257, -0.3855379747455733, 0.3821777623021485, 0.5480950284395212, -0.37815771884449545, 0.18121668163333648, 0.5132091558504033, 0.6275684045046142, 0.5235650046799936, 0.6418565496865907, -0.41455421819243743, -0.1549755241627926, 0.17427640513666587, 0.36133304339022754, 0.5468599414851121, -0.15162508266589403, 0.15037465188293586, -0.5537712604162147, -0.33284231641091, -0.5630937414712079, -0.04723685346645623, -0.2530172677780165, 0.5572956542285394, -0.6249387974679264, 0.4957454225547495, 0.2142212744020906, 0.32224811702926104, 0.6530241888614423, -0.4959056524927785, 0.017063336212982172, -0.2107391640271058, 0.4200700035438196, 0.06933773364960993, 0.5796712871515473, 0.5968764434663858, -0.19771424085451772, 0.03487094229622323, 0.5005299481875221, -0.5011205253524549, -0.25622671449774836, 0.2211921617830208, 0.021886741443527313, 0.6612276861115594, -0.31879958841021394, 0.918720265216769, -0.13202578614062532, -0.6179294901936311, -0.5351733231266782, 0.46043193500805213, 0.7391850219853184, -0.20624764108690807, 0.17688110232795262, 0.5245621023266707, 0.5733621334411962, -0.25858086127213364, -0.7127063141152357, -0.1516108210504904, -0.01749441316941691, 0.5217824467889831, 0.4681562603737728, 0.3433823837329384, -0.03571509643827531, -0.13043711580780415, 0.647064963631929, -0.26954863667037554, 0.5806053834636398, 0.11057198884901998, -0.21889925785620945, 0.3255221000230013, -0.6161716536924726, -0.3582971638338591, -0.207440718833669, -0.10489143555632685, 0.4024144715406406], [-0.3977804853072633, 0.4849883525151262, -0.6306483459938562, 0.04939445314627644, 0.19280875423661636, -0.726318799463628, -0.33006538144489195, -0.48987107684272313, 0.2558008246605503, 7.0, -0.21731818078119958, -0.0330706639770143, -0.26408487722080776, 0.12763991420354404, 0.5094686275367937, -0.49371120884948994, 0.47123673978021974, -0.3809661683187473, 0.21646589532007865, -0.3803601896880562, 0.2516247062226986, -0.39574360682244014, -0.014443601835204656, 0.5209593923037701, -0.6660634433286875, 0.40587343550683586, -0.3129102518954684, 0.2715704017303606, -0.3595192156221725, -0.1178313538788407, -0.4138967672545588, 0.4223304799681691, 0.2708416816639807, 0.33108347640151115, 0.42981788207410876, 0.6918903831356504, 0.2735998178003838, 0.6754408372318599, 0.03850259709349113, -0.208761002372572, -0.3411284896243306, 0.27504221296566156, -0.3573870980374483, 0.40492497415493567, 0.17840440873144647, 0.4211151161528863, 0.5744625427022729, 0.4997687923891774, -0.11468316070641826, 0.11949015622540293, 0.488979007773251, 0.2975710741393849, -0.5365393163738296, -0.22227304564972994, -0.05864104857964014, 0.12158287842382953, 0.10550061607679151, 0.08747638159840143, -0.005009532440566344, -0.13821518718523984, -0.29022948144752037, 0.04853427800434851, 0.42350045784298795, 0.8900012321878195, 0.0035310338328273794, 0.808025208599638, 0.0739882627307864, 0.10473717808849603, -0.20943605122350972, -0.18872429644331612, -0.03854000379715994, -0.39084191781414557, 0.7314194687501556, -0.047315113056712765, -0.36695303967207693, -0.528728688691977, -0.1389720560839356, 0.7584821729676197, -0.2282669889762392, -0.6481545374560563, 0.5740961989731774, 0.22612776666027123, -0.5634393003512441, 0.16627285649728663, 0.6795701061754666, -0.6656782024250508, 0.10720965587261055, 0.9583388852690939, -0.6038072722628133, 0.227945351482703, 0.21891688283481692, 0.1494096698048477, 0.012819368660943908, 0.22360599282171556, 0.7272007085328454, 0.060616233466255665, 0.0998372740137583, -0.28022558738511716, 0.3828623379453049, 0.4136229914700973], [-0.42456535542410945, -0.7291705215183136, 0.1407689431021688, -0.5518844146442051, 0.13553619744167844, 0.037836775185833726, -0.45288100778391305, 0.18802718887623304, -0.533596393604372, -0.21731818078119958, 7.0, -0.19310208045480526, 0.2585601379911566, 0.2010467042241486, -0.13321201935539062, 0.6207882554835249, -0.6166529467361163, -0.4444066898947663, 0.0631258449924883, 0.48793098979749083, -0.8859069936750432, -0.32281468675031166, -0.24471747714732617, 0.36286521954061124, 0.3294446478534063, -0.027667440844062474, 0.6737629509818588, 0.35685311002533937, 0.06972294326812745, -0.3029368309767252, 0.43443374929809897, 0.6713639718707682, -0.650299625451052, -0.1390924810718671, -0.2768544758528898, 0.18187295317291863, 0.2222455532623795, -0.019904876009016803, 0.23749825120404178, 0.48246993755882883, 0.8814243462048128, 0.14943648697356005, -0.11368463600253298, -0.20020269517175127, -0.010285627407179976, -0.6132555777410884, 0.22312131137928448, 0.7308252769806627, -0.36611095775540414, -0.09407747081120799, 0.2102330871282283, -0.3537840750830561, -0.2484398797388605, 0.3141398980229284, -0.34830870818285053, -0.324018218171953, -0.2887728392717511, -0.34957481255906375, -0.5970442383784877, 0.9137309290910538, 0.17094737095007462, 0.051356991748311875, -0.4866690102275356, 0.037269998337119414, -0.4182927876512529, -0.23945674015826646, 0.32704001761078016, 0.4313991166542297, 0.47054078381316744, -0.023429162921450586, -0.6579563470984168, -0.2690614673953263, 0.3263161861199606, 0.22177794019765318, -0.843527516332374, 0.45193489680817667, -0.48950821777376463, -0.6682205000598134, 0.5535595323863225, 0.20475357064487243, 0.5104483427903288, -0.19446218940852045, -0.027749689423806956, -0.612571236380613, 0.052620241388944944, 0.0079689120519717, -0.34247156884232377, -0.18059375205299166, -0.1920505110832188, 0.87056306245779, 0.5110734928626348, -0.18481332938441253, 0.39140161400395224, 0.19800499659986293, 0.11560522422281205, 0.04509615227463337, 0.35991050388780943, 0.6366644587865489, 0.25186266512358424, 0.3926822967273167], [0.3197388640877801, 0.6409209782666827, 0.2184864300684235, 0.5268199819877499, -0.0157550882220171, 0.7118365938204567, 0.20502667220219783, -0.2570279708823672, 0.41446984285013366, -0.0330706639770143, -0.19310208045480526, 7.0, -0.34712418362085995, -0.17580922213242922, 0.21958138139125638, -0.7789408479673402, -0.38291971113993806, -0.2573508414516035, 0.27147945330008794, -0.8899230037655699, -0.12202988584225793, 0.17119665976569798, -0.2184846546732817, -0.455229287825738, 0.16828048961505093, 0.5804845124267741, -0.771691207837966, 0.5897124224053227, -0.4561654644487688, 0.05871774912422101, -0.365928830209163, -0.3513293335453851, -0.7551114535350507, 0.10940777104126664, -0.12787838912662708, 0.45602739819400573, 0.1054492937066347, 0.056257229623115634, -0.5396844753705776, 0.0340141506137428, -0.40333110120361426, -0.39879308004420355, -0.041234824981103535, -0.1618359597676512, -0.00415587069265877, -0.5847455533663246, 0.08671071919827922, 0.11826764762820119, -0.07987643535023203, 0.30080501184480424, -0.23015333158699158, -0.006059432037260004, 0.0937717269203524, -0.6206871038815303, -0.1223634473687617, -0.5109157775437756, 0.1269251939737015, 0.048611952513125445, 0.21762562591611, -0.004390281108858307, -0.129559267540289, -0.2360203605653558, -0.9384495897307927, 0.12156989476693791, -0.8941961571597322, -0.06694354850665529, -0.42655308876699616, -0.11386015986909304, -0.1168378157512604, 0.22320542178281455, 0.5189625470002757, 0.0704045241521114, -0.7261708810357014, -0.608498470414749, 0.6541937513598786, 0.7468735422985477, 0.11922300507601369, 0.17448562635536202, -0.33771882530405883, -0.07223099798422317, 0.05266703683282725, -0.3485273521247595, 0.6815329119582527, -0.03729248671768404, -0.5849055545927309, -0.17998891699199027, -0.10266199754714489, -0.6228139307152354, -0.09640943362661147, 0.2824193522252265, 0.10860348834873967, -0.4077499285056083, 0.5020646549226448, 0.2838823520168199, -0.27280863482524775, -0.13900901929691678, -0.5276438811359914, -0.31464138144408815, 0.6911362408927921, 0.1370282950997912], [-0.5350749598031728, 0.03888064589384399, 0.7344733411288167, 0.188158733083013, -0.5788377424410639, 0.1935711416234931, -0.38940026721101295, 0.6788702101651052, -0.14796403026507554, -0.26408487722080776, 0.2585601379911566, -0.34712418362085995, 7.0, -0.3617301952431463, -0.014482318486435553, -0.2889983565047307, -0.0675173105015161, -0.24329808374234363, 0.23892225311217885, -0.14556658198333838, -0.3001358823788619, -0.0843407878708613, -0.09464424494422341, -0.5646846144084454, -0.44782739415913053, -0.5694893560695384, -0.30241714849593304, 0.6740763694744882, 0.28638493456710723, -0.19529089961554824, -0.06470366208442024, 0.09990689476254677, 0.9405965624641013, 0.32760928979528026, -0.1009111908168745, 0.24787657306200273, 0.09922837201245849, -0.4320689835721446, -0.01784597368482088, -0.31179565641027507, 0.6485715462796937, 0.38921231099293774, 0.3574353857936723, -0.31691853323930597, -0.7575534816366678, 0.4195784624882939, -0.06962199967045724, 0.29787335692590977, 0.05040688139027982, 0.43628440484331454, 0.09798297886358576, 0.740705046770062, -0.5695498687455928, -0.39632211713889454, 0.5126151016933638, -0.039498153986315954, -0.26228321120366616, -0.01989407803368426, -0.0054675751911346104, -0.429124734261373, -0.09691923985746631, -0.7269142896796985, -0.34323733546956026, -0.08921823219077551, -0.5018074535615227, -0.13592342109974098, 0.18487058509323617, -0.1275449095438994, -0.5867557493121962, -0.8118204541672889, -0.6564613564077998, -0.006258656237767335, 0.2943856838627914, 0.19988526736809575, 0.07195912039619934, -0.37468948902515054, -0.12113347065023283, -0.20397756434303038, 0.5024257115025008, 0.7768314276506509, 0.19839360604114709, -0.15647839610018743, 0.052706157579078816, -0.3193516692693835, 0.715757660028943, -0.36675842499423117, -0.5385599064455898, -0.2796076073765488, -0.31675713219123325, -0.09903782575816922, -0.48391297896419627, 0.1963410136574013, -0.1736242170417338, -0.1411205772070112, 0.20749254519649662, -0.0560932879009759, 0.05749027272045337, 0.67632528416232, 0.059841525391008066, -0.2688432646499931], [0.3618913552211851, 0.34404565732425274, 0.13414639118996474, 0.14756023371896587, 0.47554154929047643, -0.37926476922138375, 0.11124324707895217, -0.2302159431554971, -0.04105053932945346, 0.12763991420354404, 0.2010467042241486, -0.17580922213242922, -0.3617301952431463, 7.0, -0.5869810835811801, 0.35364295666651424, -0.12153648273619178, 0.6666261707242329, 0.5906186165951781, -0.42265736560617784, -0.14000959244860234, 0.49635360255583194, -0.10796306828861002, 0.12632049227456466, -0.08660729361713326, 0.15904916224542687, 0.6708261718076736, 0.05132843592088143, -0.11239404771686601, 0.23663559275998702, 0.21649805606584138, 0.38144666747306544, -0.5131870180778838, 0.4933708533770118, -0.06398054797143615, -0.43774251877538806, -0.05583328822467648, 0.08701064344298404, 0.21305703524505892, 0.21776666974655856, -0.4466519492280683, 0.19698026235983734, 0.33086459313714967, 0.861656191997132, -0.2532859223892947, 0.13532046980337853, 0.023356632565674218, 0.4630106427488103, 0.20440374474473844, -0.37910290441280803, 0.21787708568864605, -0.7736190994134728, 0.17442179272805358, 0.10827534856584986, 0.46547362855836094, 0.2837333154156729, -0.30639927042361637, -0.30564485312155565, -0.3344648339013222, 0.3833828986796104, -0.15741537784299464, 0.023328556534105704, 0.4302842759567529, -0.15605532715378712, 0.39273893681545724, 0.6001155314196729, 0.6660478559020158, -0.5821907961354751, 0.8864486039188075, -0.6775273256587704, 0.2962885956005017, -0.6051460441112431, 0.1435447790490767, 0.3396226733259282, -0.38442834880789833, 0.0202452477535211, -0.22045303332793087, -0.5802428293780718, 0.007397273046044095, -0.12348178770343776, -0.3110780999144622, -0.03444093159941308, -0.3045393710884864, 0.469116753754391, 0.13617830672412912, 0.02726663956195341, 0.5522245906009373, 0.28041938164981883, -0.47172485693927924, 0.42916994080464077, 0.847326878572805, -0.4906038971735438, 0.1920889938660526, 0.49713529461274497, -0.029646043412776546, -0.7953446702414397, 0.137254585482516, 0.4091447595281914, 0.014034371169145965, -0.09758789532795609], [0.2176767736633054, 0.6090938887667812, 0.2216258728316327, -0.08925091278943853, -0.3818555804952357, 0.48403542341347383, -0.003924248159914656, 0.13548435002787507, 0.27433505313080797, 0.5094686275367937, -0.13321201935539062, 0.21958138139125638, -0.014482318486435553, -0.5869810835811801, 7.0, 0.6180695472605082, 0.4556004708785588, -0.033545246890483105, -0.01295745084950084, 0.397433847653585, -0.18668177867201918, 0.7907765488499274, 0.6416607601923783, 0.05412193675090493, 0.0004957684417976616, -0.1733818403579529, 0.5864305331320803, -0.5300738920952939, 0.3691688766155039, -0.03939069772867354, 0.5686597675227754, 0.396074493601547, -0.25901878070617035, -0.68777451778023, -0.4039384759023127, 0.4254206550038244, -0.39130135552001677, 0.10578656205243298, -0.3120172652445401, -0.3507515635104391, 0.22659682718437546, -0.4906729898617924, -0.49700976659519835, 0.39964727768830866, -0.22338726232466088, -0.023268179980529657, -0.04235718298511637, 0.19525492635032515, 0.17104735790275694, 0.3326399430046596, 0.16499667194538525, -0.45063116680072945, 0.27710462277713344, -0.5976556705723455, -0.015538011607914903, 0.10171280206934874, 0.32359133197949896, 0.6846161304333873, -0.6147477076218039, -0.0435266584238887, -0.4113166152676788, -0.06636889828074599, 0.03919090457496521, 0.3476244588858908, 0.06270006208058576, 0.2169352333010166, 0.22870467563759433, 0.36016192622032994, -0.5239663512199736, -0.5345407005336538, 0.31261092160617965, 0.4179557334367967, -0.3490357974544869, -0.2125898320945484, 0.11041481090286731, -0.9402005548480031, -0.3816185376916761, 0.0532762588553104, 0.5880635457651897, -0.37001090856047403, -0.3551691258728077, 0.2244511952571855, -0.6972146145681011, 0.323559535463251, -0.018118884741436303, 0.5492830560095778, -0.13974806391001227, -0.5712465819027981, -0.3671834310394194, -0.7513790938808308, 0.683341549765148, 0.07882956270035324, -0.25399327689567475, 0.051290783364765336, 0.13373074422154496, 0.17506518495503265, -0.24970829866946043, 0.34016867046866195, 0.1290206694359084, -0.22857172382042779], [0.1871398361091381, -0.37398025986867234, -0.4139200286424478, 0.2300270580903363, -0.2727114671004848, 0.8223329050741146, 0.07350910059569538, 0.07458533473175999, -0.11241147349639524, -0.49371120884948994, 0.6207882554835249, -0.7789408479673402, -0.2889983565047307, 0.35364295666651424, 0.6180695472605082, 7.0, 0.5457313717078147, -0.16753136561139292, 0.04452731511693786, 0.5645749295648079, -0.013114680185564942, 0.2128997738889118, 0.6934096750829983, -0.6279836468515961, -0.3842615147267946, 0.26438898893856555, 0.17299797517695303, 0.7324129850767231, 0.04821502112872311, 0.4691918420708907, 0.05302860011411292, 0.5000831929940039, -0.002083196048595415, 0.820672134198349, 0.07155494231494819, -0.3468375054099869, 0.14017913235185686, 0.1006119323927861, -0.10427895093804584, 0.6914640188435235, 0.05557773640127506, -0.07325588318887899, -0.2374123785731459, 0.0686470110289088, -0.647260542436735, -0.47297326396906647, 0.07391059691512902, 0.355283288632966, 0.12223832865660089, -0.08413516564630907, 0.4683811250764913, -0.058610940049766413, 0.25958841795574994, 0.0031047118146898534, -0.8749754886670078, -0.26185512842166925, 0.27460583720240916, 0.4768528574435762, 0.0555315980756701, 0.2572088188480095, -0.510808561886048, -0.5090269522773432, 0.8568029381831574, -0.5015897175158786, -0.08935235438124733, -0.41597079312702734, 0.35745859559625615, -0.11826296830928351, -0.8497742040384734, -0.2150720819258356, 0.341129708490868, -0.2181650120366344, -0.1146583271535686, 0.014775549050707992, 0.44473302751020194, -0.901707042322965, -0.20495460001710297, 0.39085721172607824, -0.26387334491660575, 0.635347905641849, 0.9331107092620599, 0.008327343721762137, 0.18263374459290915, 0.3487382379394002, 0.4010890348107332, -0.6285426965998144, -0.5740396487377198, 0.3576364289782026, -0.26973016042103415, 0.11700274894791418, -0.015637460824177385, 0.9198513831909172, 0.7806715461093365, -0.2535272851360598, -0.09055441693490762, 0.16784497858515612, -0.3712726501750676, 0.017251579508852366, -0.5671329110764949, 0.7658993506513403], [0.19322284279137092, -0.49257630542199016, 0.14562113601913662, -0.4081153000473834, -0.15972170623280912, 0.8921206408800741, -0.13209193144461984, 0.24533529547407373, -0.5469624733281732, 0.47123673978021974, -0.6166529467361163, -0.38291971113993806, -0.0675173105015161, -0.12153648273619178, 0.4556004708785588, 0.5457313717078147, 7.0, 0.7619863386632395, -0.4156083976791164, 0.39243829260159746, -0.40152966083662167, 0.34837077404030903, 0.4755476935555296, -0.18108068765680618, -0.4240364133338502, 0.14998241248999822, -0.5064697809164284, 0.420554688372595, -0.3781635877550701, 0.05275263896883464, -0.48036423914125814, 0.46048422908092745, -0.7146366077291401, -0.2572333483009367, -0.2414253548780142, 0.4232008183648581, -0.6685259772860082, 0.6734363501113068, 0.5054461429819215, -0.11393740830841947, 0.46238429941138537, -0.1617020291322232, -0.29782809432034685, 0.577406032716056, 0.09833775396705136, 0.7021187094946741, 0.5978568053876612, -0.36857558279418323, -0.14859383382775038, -0.13781823406187343, -0.5547966016172324, -0.019553609138965422, -0.7013873223845634, -0.7688548521685865, 0.3272468597541376, 0.5030659494760115, -0.3955434129780626, -0.5712162172382255, -0.7030857575923274, 0.34382920881290646, 0.5149943620852615, 0.24218660529473346, -0.0325189602697844, -0.9203114443807647, -0.4268546196866897, -0.7748280258626767, 0.23567412779594465, -0.009161352644641796, -0.42148492539459215, -0.02854850618514604, -0.5735745750514775, -0.18472235324715702, -0.2714707718980722, 0.14391326472886012, 0.7805333935265522, 0.0030395945304029226, 0.2531298483314961, 0.5564094932676662, -0.8550332615397708, 0.11883585291198906, 0.08333068243527286, 0.1909064233857194, 0.4495906496109554, 0.26503266139508996, -0.5898831225170779, -0.7682049042634491, 0.3851033504811483, -0.20515003399803067, -0.07326645509649465, -0.026118777087043132, 0.4291342209379716, -0.26553202574719637, 0.2378915028933215, -0.03296311921952311, -0.032435099914109644, -0.71345393115602, 0.3626827542012716, -0.12342751449027223, 0.09649758356848448, -0.08547945650816968], [-0.9000953719460363, -0.36452926266806374, 0.22379268477112424, 0.8881588897800379, -0.6199915598718198, -0.5572180147888743, 0.2586077838270042, 0.7779115948392832, 0.0597414141678998, -0.3809661683187473, -0.4444066898947663, -0.2573508414516035, -0.24329808374234363, 0.6666261707242329, -0.033545246890483105, -0.16753136561139292, 0.7619863386632395, 7.0, -0.047559721181493764, 0.191757864609444, 0.3327032087568631, -0.06341574021415486, -0.10272658968738857, 0.34275082231092435, 0.1576295683522997, 0.06238629856043154, -0.7565276501640839, -0.17606737965164543, -0.313047419374504, 0.48998649300581265, 0.031033110163693145, 0.11828641829183839, 0.656640458194885, 0.5509368900011817, 0.4040684352242385, -0.3019571654832143, -0.7728780508117581, -0.24509649215698603, -0.5908320971851896, -0.4453626922537627, -0.23373015494865812, 0.21584295155641264, 0.27407889904925176, 0.55833141574184, -0.36198070774228663, -0.5434709497698021, -0.7154973316597687, -0.059735564823867215, -0.2758911571843601, 0.6072701299882761, 0.23254261350425587, 0.8171051901619224, 0.1395032969184069, 0.5734594030065683, -0.15393542748279732, 0.09013549941327614, -0.09436615907883916, -0.008739987225950374, 0.13550137493442183, 0.7737716042090703, 0.03716771808692365, 0.2948722362386691, 0.5384603016933245, 0.4866186977349529, 0.4164564013957368, -0.29934662413004576, -0.14338533530676734, -0.230000247734775, -0.35338560611517966, 0.20751560639966105, -0.30125811422269544, 0.5953101773818839, 0.21843706907549398, 0.35027390607714937, 0.6761712066537306, 0.17858292376881302, -0.36918015004902904, 0.5893121125603193, -0.21017579456104307, 0.48480043247445415, -0.40810622810920105, 0.34458435365138973, -0.47441034153141604, 0.46220830272804747, -0.38589085385791944, 0.5286437876691243, -0.12890718854005578, -0.5621945052428609, -0.3114344440935797, -0.8108630080018038, -0.8723665358066222, -0.5393127092567139, 0.07049196164794802, -0.036042518784036304, -0.42736474041564365, 0.07611376771798906, 0.7293768882165854, 0.3819575359825409, -0.5848923162245516, 0.4006391984240476], [-0.2556176003476057, 0.3546929147673801, -0.2344540536937747, 0.24871333146989993, 0.6119433800886396, 0.5793619306224156, 0.51196895480631, 0.1207426240764582, 0.44663122335193917, 0.21646589532007865, 0.0631258449924883, 0.27147945330008794, 0.23892225311217885, 0.5906186165951781, -0.01295745084950084, 0.04452731511693786, -0.4156083976791164, -