{"N": 100, "M": 2, "c_0": [-0.5943334395668773, -0.9202128090191068, -0.334023454191382, -0.17701268353009914, 0.3001143927370469, -0.08062170076382413, -0.7222449851120911, 0.6193739598166916, -0.06887672946697787, -0.2556653797808399, 0.09392983544801381, -0.8485612074655067, 0.8376161576908325, -0.3980767562636278, 0.8784760518302162, 0.6686794884604679, 0.35974697725158356, -0.6970760000092386, -0.50479051385222, -0.33474281036441034, 0.04350992604493298, -0.18750099521459385, -0.8617515310277697, -0.9330937382830811, 0.6067896382020124, 0.3741055987588877, 0.4526660846484911, -0.6845349688664215, -0.005844624650844121, 0.3928277430576792, 0.6929378044621486, -0.1028251524484749, 0.6421762472017893, -0.1422274007775528, 0.8231877973236159, -0.95899677841137, -0.3215805048005014, 0.5494077122726915, 0.33007491049343196, -0.15243849706807833, 0.48195932081534654, -0.5892144023705499, 0.5777641063981811, -0.07844060083175197, -0.8533859391548553, -0.02123743359362229, 0.775981068595536, -0.8649764708106784, 0.8253697412801595, 0.21686238953019155, -0.9985006182237859, -0.327269041733107, -0.5751327384263074, 0.494136601938741, 0.9012609922220731, -0.464262693868146, -0.5032863682442075, 0.23746316353527352, -0.5096536859194032, -0.5318098375201381, 0.9766341582643621, -0.7089748660292681, -0.030937573197356905, 0.6661203149094854, 0.0319382710099434, 0.018229508525759774, 0.23429160946873684, 0.5707056780349571, -0.04064456085673984, -0.7500511429836534, -0.5365257991881456, -0.5110831543120111, -0.23410194160286868, -0.651069566568363, 0.7602040189566293, 0.7107234383017484, 0.1387567741942295, -0.3808604162690292, -0.10255520327093492, -0.5321038344376416, -0.9708745884073253, 0.5931544063725842, -0.32533114939372365, -0.253818758729524, -0.4613024891768456, 0.0682415800550511, -0.8836113034383095, -0.1692766047041654, 0.1501089328919316, -0.30973891322926095, -0.018105521497588706, 0.5682740560899309, 0.4927949413264199, -0.9848585956150464, 0.17988705675570937, -0.12839338797968813, -0.6468301648886554, 0.9123350152036362, -0.14444597697334216, 0.4220008171981413], "matrix_coe": [[[7.0, 0.11449965091419978, 0.31878260782282997, 0.5544754935308149, 0.17576192411468483, 0.2810399504316168, 0.1503202110614681, 0.616648512132739, -0.2832105793037991, -0.31618559871377494, -0.5163270039346907, 0.1326424675434339, -0.2255182148820909, 0.18726649511290328, -0.13557902450856552, -0.5111731152238139, 0.043542414237937255, 0.09672109566497955, -0.6975745960860115, -0.4060007697210135, 0.1771951256431068, -0.05341150866655653, -0.01338019338011831, 0.37205566892506514, -0.3462524780612256, -0.2504117796298091, 0.7011128169922622, 0.605587598226504, -0.0849366782953146, -0.20152465776655437, -0.06130103838193768, -0.13873735390408626, -0.030984060008355407, -0.123630685495699, -0.27718575076449026, -0.10378403755771981, 0.4928747835459317, -0.029672464555349, -0.5963950144537802, -0.7831554065702931, 0.3152470070025122, 0.07485771560712551, 0.40892343138443543, 0.1492798616780684, -0.5687005937458435, 0.5713903986956905, 0.02930033142866373, -0.3908000774249779, 0.08595844667411212, 0.7386826683614596, 0.7495581323618015, 0.3333657102006726, -0.15288762273143186, -0.22061516509739154, -0.31899571964551177, -0.013967099916343373, 0.741607877142834, 0.6236601223208831, 0.6934946258322086, -0.3468119944425716, 0.09610614248650062, 0.6130540690929953, -0.2434241597326754, 0.02849862647730461, 0.19624416342873774, 0.32068040036294376, 0.21191556069418205, 0.46895353612971236, -0.8571448966084443, -0.28966960458947855, 0.29574188429416415, 0.5013518958958154, -0.9377830324872489, 0.11533607961621306, -0.47127040845923795, 0.1833962180433426, -0.45676805665436704, -0.6390113446926287, -0.6476951714561792, -0.6326624013306226, -0.15140865462275999, 0.08825277418922717, 0.3594750529626167, -0.539519870930033, -0.12511981441073383, -0.6464937951656775, -0.4396128936312199, -0.2691863577472572, 0.0267042531003856, 0.09747437912404178, 0.27594361625028596, 0.8145047397752272, 0.5489831513526953, 0.598146863349152, -0.005040826319734015, -0.3841997730288884, 0.6650708521300193, 0.18370541242268024, -0.02195962115441319, 0.2364166388471296], [0.11449965091419978, 7.0, -0.27904654975800214, 0.4803322340044103, -0.05013893019698046, -0.10691398987043599, -0.4341544798168121, -0.5641299550513235, -0.0002200847186567545, 0.5039795271093901, 0.512956639693811, 0.7954065117639528, 0.8005526518657731, 0.18332746764839292, 0.5893966453060855, -0.04498899679712631, -0.11472990408616524, 0.19627964832343436, 0.15114387684616037, 0.15916376130585297, -0.18868385025071432, 0.05922832922789745, -0.18591409739675613, -0.43697978370654234, -0.5035661826273453, -0.24584162325266679, -0.1751594324272877, -0.1823733747262346, -0.8342786745865521, -0.9778123208678, 0.2626353034203879, -0.8741859094883789, -0.12365272676076933, -0.45054062761336344, 0.5912479394739005, -0.8688196267474351, 0.5306379213643224, 0.5517017192418918, -0.6013490341218228, -0.08415792391828625, 0.2723330163459683, -0.3237202449512786, 0.0020561058437194024, -0.05809262481065358, 0.12896862117142627, -0.42074627138558773, 0.5038452644890175, 0.20049256179255215, 0.19091909908229177, 0.5910211267798244, -0.7185922545481137, -0.689240869342376, -0.2754443143448434, -0.4635250410362266, -0.683639764768721, 0.4236499570862984, 0.5889938037512614, 0.5680555772053784, -0.06719938482463472, -0.05070915266037834, -0.6889187072645415, 0.14881454784919956, -0.730147071439552, 0.4882851385795559, 0.7757898024217136, 0.5801998841363034, -0.11378324034299037, 0.21702014678834747, 0.03486022617597895, -0.1064176390689704, 0.15608520156489547, 0.07356629036080808, -0.4475223671559927, 0.3691230462910693, -0.11137596841972008, 0.6544647181229739, 0.4035555659658674, 0.011816687565566086, -0.4360680767188674, -0.2557762473616171, 0.06315270227867131, -0.061980292550876226, -0.21484507647417572, 0.08062803285294207, -0.3370371621541123, -0.2063158899933457, -0.1724247329842199, -0.44391453239757295, -0.03661531428318332, 0.046162298313830785, -0.48725790195572893, 0.05768515749281011, 0.4712718983581925, 0.7457215674177504, -0.5572316429653232, -0.05021625657248319, 0.8183345412115546, 0.45666359566325276, -0.31731127962586847, 0.5052374004309352], [0.31878260782282997, -0.27904654975800214, 7.0, 0.132694374811563, 0.05403997848814335, 0.445219938788044, -0.1357918154384501, -0.8586228907316268, 0.09223847432841614, 0.3077410852382745, -0.6276545935402811, -0.6785937772029099, -0.1124720309358812, 0.05106375685797793, 0.2283944653932204, -0.854990464503624, 0.07591591615586823, -0.34764699559203194, -0.3601570929459813, -0.6899527768641911, -0.1470602381631967, 0.35993481343702816, 0.225190739345984, 0.5617258503019986, -0.27389601013958353, -0.004700537687235329, -0.19064931492625325, 0.5221569333265372, -0.11991146371144401, 0.6427716105116166, 0.000288136852107268, 0.38601357336502984, 0.44693944145276765, 0.3265017204228491, 0.34251260388697435, 0.16167693684963091, -0.15652166250271382, 0.7253510235208844, -0.25646001172123356, -0.20781992874125754, -0.06656889762510798, 0.027226062288368436, 0.09975646387768, -0.9380947899881532, 0.4270413107910409, 0.2626414488944038, -0.2422188186655947, 0.3828211200090119, 0.14116514052240925, -0.838685288148899, -0.11326958965559153, -0.0004574093030951243, 0.13782190449454212, 0.11744520729283403, 0.31733158668696304, 0.5621936286110325, 0.6612562000838564, 0.1346686605414651, -0.13437946301098824, 0.4314788896893291, -0.2787324367042322, -0.5173710568388538, -0.29228145154802443, 0.10453745027029382, 0.20466974905411228, 0.3265457989282645, -0.09937930154205898, 0.29914567386506663, 0.4917271635765996, 0.146487266012719, 0.7295107717416656, -0.5704963224903529, -0.11373365727427298, -0.04266650095304336, 0.24526922932040618, 0.9004487489613893, -0.5679888429854454, 0.1860001202130379, -0.11710891997422879, -0.1749496907074738, 0.021729665023376477, -0.05030520071510347, -0.10220390924281908, 0.035703768503371425, 0.6030977954969847, -0.6567119148507418, -0.5720431406901724, 0.1543711711759863, 0.031126993987472984, -0.6385698666490925, 0.6868040509776938, -0.15669589592178335, 0.18831568868363768, 0.2536605705904973, 0.9040425798220519, -0.00823189414231329, -0.7507263553715047, 0.7398513311159882, 0.23217417717433397, 0.07113358727576369], [0.5544754935308149, 0.4803322340044103, 0.132694374811563, 7.0, 0.3851685085670462, -0.3811008387607463, -0.69596841123129, 0.11058202526331717, 0.6349383113657345, -0.08622923586907993, 0.19504429326746764, 0.22769052918713095, 0.14114347710859754, 0.002303019103773618, 0.15051688139499997, -0.026681526411248768, -0.4799831304209855, -0.21816032260983265, 0.08032776549017928, -0.13456944874680488, -0.15160970571895815, -0.0686273713541522, 0.2410039497556602, 0.40740576832670783, -0.22800141320766454, 0.12003623610714076, -0.6444792502631695, 0.18961292519071593, 0.8363633604038476, -0.3757500510938053, -0.7323833209201394, -0.04750656366842221, -0.012326442957203976, 0.002146749378820756, 0.11999756240608406, 0.14102234787543466, 0.4764283665527618, -0.7654703835608369, 0.3881208525717361, -0.8743704848196084, 0.07003837397183887, 0.1653893462949405, -0.8555242688875171, -0.37565748546303657, 0.30837564999731537, -0.17864304079905025, 0.34123605447553884, -0.49954724755325985, 0.4421781178705684, -0.02035923552489982, -0.10262183723740037, -0.22803006863862174, -0.27129867742129476, -0.19685073645790185, -0.2898332391256948, 0.6896420320301044, 0.701697826294182, 0.42369351496572394, -0.1594391160257762, -0.16697575286823896, -0.04111283966455881, 0.12316318735545928, -0.013440344510600721, -0.019615113260866623, -0.28065188641703676, -0.040134262615988625, -0.4545075505462439, 0.09773998203886824, 0.3349414398878481, 0.14829103942891342, -0.13623306681522673, -0.051777087126155585, -0.629058195909243, 0.03971638387875309, 0.7919460842403605, 0.43478363024448385, 0.07984249008561495, -0.19455010573537246, 0.5136657269112748, 0.6118403595995587, -0.4666016920962449, 0.43073498586707637, -0.7326723448020871, 0.12548430949094702, 0.5248121684457692, -0.4000130163399208, -0.1289839742047162, -0.43411273204419354, -0.2146799300500407, 0.33449474735192997, -0.058499617813325355, 0.22605746984953967, -0.08947780918355364, 0.9240713680104724, -0.031032765691828446, 0.5295488270489899, -0.6449512547839976, 0.6192561465498385, -0.6761484847883148, -0.27114121295161275], [0.17576192411468483, -0.05013893019698046, 0.05403997848814335, 0.3851685085670462, 7.0, -0.5231250757817635, 0.08485906189605563, -0.19008666557606435, -0.07650381203154544, -0.12056147467748435, 0.5939908236547731, 0.16096071303379467, -0.4982799587331488, 0.2642548809256329, -0.22332347339582115, -0.07405009888032377, 0.49853800622781685, -0.34170146717872907, -0.2609711279238588, -0.14707692729773747, -0.3054442174910441, -0.2777738871654247, -0.7824778120400183, -0.4371665188166356, 0.15850904077288486, 0.7929086261335399, -0.5815354457025749, 0.11975412343578107, 0.608994338595072, -0.5666561469617498, 0.1968442905808212, 0.2685323557803061, 0.5676372018100087, 0.6166086658261039, -0.22295992148599686, 0.59007246469353, 0.15258516757707463, -0.06196535678564197, 0.17756579315669452, -0.013981873599610894, -0.20128459491283657, 0.1896593264486297, -0.14652981684818678, 0.28759786880696314, -0.18082942461877904, -0.13570569291399137, -0.49026712523375404, 0.11460592906965372, -0.14722013416684043, 0.27447763110850865, -0.0697508406218742, -0.054181508904610376, -0.6593047952024181, 0.12077791108687741, -0.07010149318332193, 0.6006301137914303, 0.23944312149326663, -0.40386103669328366, 0.33035408293818014, 0.5817966392529277, 0.5957582160501484, 0.39687364072418063, 0.2982574745367166, -0.6139572303640688, -0.20587645632502294, -0.3424864271292932, 0.12007374809280735, -0.5528165270636777, 0.6597138235682714, -0.02593290541245885, -0.5637028234798693, -0.3007593231854714, -0.4030658628155138, -0.3883726927630733, -0.21843914760474492, -0.2707278924708485, -0.5727483862846604, 0.21261204718144278, -0.030486466873273943, -0.5267044478143338, 0.3355435007666778, 0.48962335069086516, 0.035275605637153706, -0.47663828882401316, 0.31507137599602286, 0.0437501198426995, 0.018222628789497985, -0.4736339384202721, 0.32892384295164434, 0.9598004056444505, -0.2757909917675446, -0.14589083371277534, 0.10568373359752559, -0.699030969980578, 0.36404373633467557, 0.7346892763082751, 0.06510809478677482, -0.22738256333575735, 0.5121312684506161, 0.33527802839489595], [0.2810399504316168, -0.10691398987043599, 0.445219938788044, -0.3811008387607463, -0.5231250757817635, 7.0, -0.21506017699990798, 0.14345074832634852, -0.11992342201794459, -0.7851526524996234, -0.13666432541987827, -0.04655672162606972, 0.09252326812187062, 0.23755986955230757, 0.5847513632259131, 0.4581954323268682, -0.1167001796558852, 0.1315444380105948, -0.7302629582896858, 0.044716341025212714, 0.43176167030627033, -0.1189448130685451, 0.37193568488909756, -0.1451417703046084, -0.019201481760375172, -0.4923335018675171, 0.3514370839175247, 0.47031406789668395, -0.0473692922823965, 0.2775178724853846, -0.4160085826417036, -0.7492790463186227, -0.4256467655715963, 0.2341489250576927, -0.6392241444206629, 0.3716215274496699, -0.43269693037986845, 0.05244496788178932, -0.10872979858434006, -0.28357041240085623, -0.08432412281609092, 0.05227021838590162, 0.717450632039601, -0.06478779424515002, 0.5813357759320943, 0.2915072136393255, 0.05978671630167254, 0.016779734621737763, 0.3367917384698502, -0.03707938726274973, 0.18985517684002362, -0.48863375272934995, 0.6323299631580732, 0.07679732164546005, -0.0754899767749656, -0.8093228835063027, 0.9342489259586868, -0.5196714469288056, -0.4018985294491304, 0.24839132109378248, -0.8558911362889993, -0.1910330282899111, 0.8322727820201048, 0.30009138777135314, 0.149180538161098, -0.5125800646851908, 0.5194611522516555, 0.13997789707711283, 0.23720221577645395, 0.10545977870882894, -0.2970551700236229, -0.41438720343453095, 0.641415737399242, -0.5525949199208425, -0.33304025739220955, -0.26670453866007704, -0.48016723444868215, -0.5755726620757735, -0.0002572984876635376, -0.6453926701538099, 0.6687428024660977, -0.5197400934722345, 0.22693999763117834, -0.20671556750486664, 0.34172769605181763, -0.1453109955330386, -0.25543597620702074, -0.231594519459286, 0.21305112778842528, -0.044731343299669324, 0.22257447279817022, 0.05441294421764553, -0.1364826967938655, -0.1541810618023387, -0.10805357394563542, 0.44429857196002454, -0.44761330955303513, -0.5703685111184427, -0.12871683292916103, -0.08213113414989359], [0.1503202110614681, -0.4341544798168121, -0.1357918154384501, -0.69596841123129, 0.08485906189605563, -0.21506017699990798, 7.0, -0.40930032592051047, -0.12809420484234213, -0.47709265746092355, -0.7472817768351373, -0.09651872862015476, 0.41327364685220824, -0.1012871466098606, -0.08437897083316381, 0.17376020767714384, 0.26403901786952155, 0.07375567579220865, 0.177452503187699, 0.13849474189760347, 0.1838486019242036, -0.670151232588077, 0.3526538004653017, -0.5025783644229964, 0.9405919510339609, -0.016380786347079845, 0.28603771723315274, 0.14470062191176858, -0.14317833937693958, -0.10197040206682395, 0.04245108881130433, 0.037523010824379366, -0.03962480063602947, 0.3143444739247845, -0.3322750413899289, -0.8664150814579219, 0.11166740142040021, -0.026920402241494723, -0.7345647015021932, -0.1104059397665551, 0.5639293611611973, -0.15761500148831065, -0.033516935097712586, -0.4833300820065318, -0.2410768178573789, 0.04637170837339277, -0.211136775970446, -0.3881325929985958, -0.010574224972629276, -0.38891596084625235, -0.29987218534932714, 0.29191130376769236, 0.4732491628112967, 0.5733274058798412, 0.2324365336054921, 0.4065523932705877, -0.3825222519557714, -0.44393252568359365, -0.1865774443807755, -0.2818218610380663, -0.3433391803767123, 0.3226874952345371, 0.15187326229887255, 0.8119557739001113, 0.37894056279217314, 0.04286051046638151, 0.2636088659448501, 0.09831735934366392, -0.6396317679551726, 0.6274375829215963, 0.3955735393976141, -0.8246692490193845, -0.37262183378277447, -0.30462212320295834, -0.1420725884481303, 0.6080253430214522, -0.140829769846609, 0.09900769363127271, -0.30866152394656055, 0.6990705212112753, 0.08032807777958939, -0.1558954140466846, 0.11486102688060384, -0.4484582490197043, 0.491075158518016, 0.020173028947594318, -0.0026945276548553387, -0.40480465977104774, 0.35919052978087684, -0.09411739604711544, 0.5144647964505822, -0.48054362477809975, -0.2502751931196846, 0.8232724008697201, 0.17725986538262606, -0.7553108558203357, -0.5065340338618805, 0.37903099451200095, 0.4895123313053844, 0.6448991315553421], [0.616648512132739, -0.5641299550513235, -0.8586228907316268, 0.11058202526331717, -0.19008666557606435, 0.14345074832634852, -0.40930032592051047, 7.0, 0.2932246388822466, 0.5555181991493456, -0.5781770670746941, 0.8155701082318321, 0.43803914187120885, 0.3559381722986601, -0.37834245626717966, -0.21679191593606773, -0.5077699282175306, -0.05630311863738979, -0.3191703385182394, -0.38547953794750767, 0.2983792789634696, -0.4826083066049106, -0.7556722227973527, -0.5680984849382987, -0.10557248870705849, -0.558598382283995, -0.013105930715800018, 0.2375265815654921, 0.31937975498535476, 0.09463013874802662, -0.02833703478245464, 0.4530389802192323, -0.14656740189071138, -0.2264051814468493, 0.12158198251277952, 0.03039009867191944, -0.11812874211212354, 0.670028003554219, 0.5736513657747839, -0.2421743574003815, 0.6715424402287975, 0.3797231398725702, 0.3450004703199063, -0.0290542000100108, 0.24158912706557745, -0.5438378186850685, 0.40930763280618665, -0.29126977757126693, -0.014976207351373616, -0.0753696291395648, -0.03580338492217583, -0.42632641819300154, -0.6048100731993183, -0.29790846448680364, 0.3070311656243616, -0.44574015721548743, -0.25630673772265566, 0.3775461311070252, -0.7087926430922933, 0.3257161382489515, 0.8202281048032571, 0.47821219566716966, -0.05208779463817659, -0.3114301613590802, 0.5513320370387809, -0.36366200733197607, 0.2882389354600976, 0.03587132739168997, -0.08756249048561615, -0.10435151977568013, -0.23873225035570378, 0.3437917132600208, -0.374461107451996, -0.8782494283754544, 0.32971448729484676, 0.5543479774490256, -0.13248539782765179, 0.19799454625024637, 0.015170870471857167, -0.30774151689928575, -0.399073907477395, 0.023198979620820515, -0.19874615101072002, -0.060635649067704356, -0.0112348878203814, -0.023033165549667056, -0.14670369193816557, 0.5141912092272352, 0.3193729144317574, 0.3457993322046029, 0.5982042656922903, -0.419174926283328, -0.603903633548647, 0.012611106415606699, 0.8247817167833491, -0.45503813993631603, -0.3063335762287015, 0.22958199378915944, 0.4327130680023883, 0.245751511577617], [-0.2832105793037991, -0.0002200847186567545, 0.09223847432841614, 0.6349383113657345, -0.07650381203154544, -0.11992342201794459, -0.12809420484234213, 0.2932246388822466, 7.0, 0.5629645323582091, -0.018877659948858927, -0.5797812147476825, 0.5157632261393061, 0.6487024460715722, 0.14659348542529993, 0.14643038466417835, 0.06143962329971053, -0.03388642149103693, -0.4689004097066708, -0.7053177135285361, -0.17358374791448195, 0.3224048355738045, 0.1438283296536671, 0.13724503052058346, 0.1898174293838042, 0.22917473998880844, 0.6002865401214448, -0.592663595592812, 0.03737282398216735, -0.052250952758769675, -0.504491841038946, 0.20921895564056192, 0.3967808542974023, -0.5329886490731125, 0.9333723147935222, -0.06891423779076167, 0.3778670438425591, 0.429069446743815, 0.18684627098001116, 0.3910895322267083, -0.17049321038659937, -0.08833164218128753, -0.44221766510757554, -0.3172264612775688, 0.4151024426322045, 0.31543140873510356, -0.5425530531314846, -0.1449452620761793, 0.21488472779717238, -0.4796840502403642, 0.5157214234949676, -0.10763500694371508, -0.5544160931810325, 0.10295078993316897, -0.746731562598753, -0.09341523417567443, 0.1902910988549611, -0.7619669232014794, 0.1835523504666834, 0.19985769044691115, -0.5982758710088129, 0.7297436470055683, -0.8400014331388337, -0.09534165292292451, -0.40945154286667695, 0.3459631745316789, 0.2554517475799627, 0.34122681991789583, -0.6113565541602404, -0.36762815285146433, 0.5665278520823152, -0.0036389873846481846, 0.6208529237897298, -0.04192394567148661, 0.29647276106361176, -0.5167164875319702, -0.18713685169474648, -0.3092104792281982, -0.2003448795527486, -0.34983450317998266, -0.439198102010642, -0.1741625280449146, -0.2849905348934566, -0.14340573088803166, 0.15803878210923772, 0.031253870361886094, 0.01403366387025029, 0.45720519759397416, -0.06332495165314012, -0.43290782884633394, 0.6336234927482445, 0.20943625875300143, -0.49792736055175524, -0.18470651668323246, -0.6624857282270429, -0.6380371290457424, -0.8878169729141463, -0.5526188823089822, -0.2025404489933904, -0.4130079185472705], [-0.31618559871377494, 0.5039795271093901, 0.3077410852382745, -0.08622923586907993, -0.12056147467748435, -0.7851526524996234, -0.47709265746092355, 0.5555181991493456, 0.5629645323582091, 7.0, 0.5637190265476291, -0.11718220449908845, -0.5595554484056269, 0.02685456959955901, 0.1887724639503583, 0.04191655254505511, 0.5009334446572731, -0.022453881230915296, -0.5236406403180875, 0.4898379158019788, -0.5764844306700768, 0.44101884513797796, -0.4501486417702346, -0.08925707062260468, -0.06733804835377899, 0.734963634703504, -0.32621885080234125, 0.20867030285423294, -0.5225724320567561, 0.37525875630379657, 0.21035013580883022, -0.8407801693345388, 0.15419078883030246, 0.253736587545903, -0.29345578856645815, 0.1318833445725498, -0.24276816194878792, 0.22904050742718773, -0.13701932052025256, -0.021430303370403192, 0.44610720420658234, 0.8438033591452365, -0.5546640551401046, -0.32661226373479246, -0.8109792768840075, -0.1683897891926125, -0.4843073944443551, -0.5117306036253332, 0.006083737836034553, 0.3559038822569942, 0.15860966376414476, -0.39676201442745207, 0.2725919613680754, -0.3534481888236216, 0.5185638723642885, -0.11042598337747445, 0.6664203500472341, 0.0742955748758356, -0.2747590698576441, 0.6689380750027651, -0.04415226975468345, 0.2710865883648057, -0.1876890865180405, 0.2195716586905161, 0.43495795095610856, -0.011746188329506135, -0.507657284836829, -0.13293747874130146, 0.5376664201466879, -0.46917118782943656, -0.742045031527609, -0.2230509237338607, -0.4807993900651213, 0.27998076282741335, 0.10474181361855228, -0.7251862333569159, -0.05868547112061395, 0.8441755129987722, -0.4448900378825189, -0.621045404319045, 0.11306112497466136, -0.40064354063928675, 0.3158612047965248, 0.2858098206238009, 0.1606747482172839, -0.2847967399723782, 0.2488025221265706, -0.03697398962086551, 0.5861183898212201, 0.2985506439647425, -0.032244785372666396, 0.5007114231654293, 0.03266128078924613, -0.1304543502854153, 0.5822545630524778, -0.47184329346566733, 0.44566725361446613, 0.661470747717289, -0.0027584754090369534, 0.21861299884506247], [-0.5163270039346907, 0.512956639693811, -0.6276545935402811, 0.19504429326746764, 0.5939908236547731, -0.13666432541987827, -0.7472817768351373, -0.5781770670746941, -0.018877659948858927, 0.5637190265476291, 7.0, 0.6042659260831273, -0.279410787686066, -0.11128224713364832, 0.5641065770853815, -0.03453184782549201, -0.5352511028494195, 0.5898795712524796, 0.02930840173703353, 0.230641573253606, -0.145897873858588, 0.15838029541425325, -0.7970520473227479, -0.19138556392824868, 0.32180670557051894, -0.050866028917054384, -0.5000781601108887, -0.09171565602978082, 0.2523138462653418, 0.3151533625833576, -0.169270973241201, 0.9106655610738215, -0.11660592883431042, -0.1634735808000758, -0.4977436203431077, 0.4080141607432304, -0.12771201010403788, -0.30348982241990974, -0.05314562459964289, 0.1380040655256649, 0.10374136000937817, 0.015753127250770493, -0.22240431538204442, -0.05026372123568479, 0.0603273770923447, 0.9190752957809853, 0.40548111132289577, -0.535268577083017, 0.08427966935703157, -0.20029528957150444, 0.680531849867928, -0.33807704201632793, -0.6814870105396872, -0.790780389121106, 0.5558958137354766, 0.16315443702792587, -0.0571722535772351, -0.1099076562064567, -0.12131941289244885, -0.10272505392056142, -0.5469125912672024, -0.29624204490614925, -0.31606503436594247, 0.18904529401003556, -0.19933719581809017, -0.0918888823434838, -0.25957876261211577, 0.673120989434731, -0.11945156955046854, 0.0036532204775432398, -0.035578099665409146, 0.20626644251461812, 0.35898611630988375, 0.28978181119312296, 0.09432955597944925, 0.033052159482824806, 0.5137475602511217, -0.3881692286587546, 0.8541314723574636, 0.24133982992628766, -0.13661535020435667, 0.38514378693345996, -0.27065372183397973, 0.08667779780057439, -0.16620287880206008, 0.6591191284144928, -0.2770553514306767, 0.19126819852778576, 0.403869357176035, 0.2865363249220707, 0.42540021539064865, 0.051287136483446405, -0.04874324213886938, 7.609418914933386e-05, 0.22426755820534905, -0.39863659211142455, -0.012622367307564164, 0.175797256652519, 0.4888661721848795, -0.26576662661846484], [0.1326424675434339, 0.7954065117639528, -0.6785937772029099, 0.22769052918713095, 0.16096071303379467, -0.04655672162606972, -0.09651872862015476, 0.8155701082318321, -0.5797812147476825, -0.11718220449908845, 0.6042659260831273, 7.0, 0.2907349426680843, -0.018285343638850704, 0.3745383300307492, -0.26186685123321185, 0.21198353245734625, -0.4380376743222255, 0.12480967427676193, 0.4315234207887415, -0.22153068374294915, 0.015210149483492197, -0.08546630292027735, 0.5784321231815928, -0.08669157320942333, -0.18611837156594324, -0.2016683621944585, -0.5923882822772946, 0.03776316684388359, -0.6845893616885336, -0.36363124868409835, 0.6940203837904733, -0.4086516602968828, 0.281733216575208, -0.06822790305517923, -0.3562491704770929, -0.6567716559203797, -0.04778152929858792, -0.008030253915880081, 0.5826086113853013, 0.19477625703259882, 0.3892627019190398, -0.15362407724347693, 0.4358575076361979, 0.4957721029407871, 0.3507510969620238, -0.4637345096573994, 0.32789466048227034, -0.002637125188293621, 0.360817683939443, 0.041155445650903566, -0.155435355241624, 0.2501837404578344, -0.5606335933078848, 0.4498332027541079, -0.3047076658862774, -0.06960271466439094, 0.2867543542635198, -0.28072373608690526, 0.3516736274150496, 0.20191581476972775, 0.8384965673986731, -0.8828047210916188, -0.17402368514734412, 0.1573249795592917, -0.1786601640172074, -0.4150606987631019, 0.14420814462822706, 0.36373183870477943, -0.5770487787776828, 0.34038418173915286, 0.11190515205855389, -0.2639916873759397, -0.02102919455765817, 0.5796218438537242, -0.06888034556890021, -0.7521128177196671, -0.5848014474312927, -0.12895643182504357, -0.1377220639618647, -0.14700843413172382, 0.7111339975940965, -0.7893963730172896, -0.24768951524735472, 0.22763245364608986, -0.5059446583681424, -0.5101136507323579, 0.5022108225194009, 0.43588729299634044, -0.1576441219531315, -0.23173634127504217, 0.1461831357194221, 0.017306876077603617, -0.18488236622844123, -0.3077543972937349, 0.6774903920979507, 0.18273085055298166, -0.2237024207232855, 0.28653916383539935, 0.21502484588463222], [-0.2255182148820909, 0.8005526518657731, -0.1124720309358812, 0.14114347710859754, -0.4982799587331488, 0.09252326812187062, 0.41327364685220824, 0.43803914187120885, 0.5157632261393061, -0.5595554484056269, -0.279410787686066, 0.2907349426680843, 7.0, 0.49367689820557414, -0.42339008182659044, -0.1952515547200272, -0.535697076086741, 0.43177832218027357, 0.2899763923668519, 0.03198526406577362, -0.252173708743913, 0.5202551582546113, 0.7168205770683644, 0.21916940363434323, 0.019939544080715965, -0.0655015131978176, 0.04574989015319564, -0.2848609985061329, -0.7702230721147263, 0.02434738341547149, -0.657607683702632, -0.39210761253732773, -0.8356830314264008, -0.481096684856925, 0.4717460803376332, -0.2754654632199647, 0.012520822566643774, -0.3191272113825012, 0.02879585453284217, 0.09991442023408892, -0.3474720173566066, -0.36531555072363275, 0.04916946373700992, 0.4477504865851414, 0.15108605374476491, 0.06105055060242459, -0.40250824226809323, -0.15560816027559998, 0.08456800054739322, 0.13297822740813015, -0.10264964920310793, -0.5597679809632208, 0.38425974738061797, -0.05730823536815943, -0.3175423230287191, -0.22885445037301178, 0.04353370995445105, -0.4365470648523193, 0.028991308964712914, -0.36478597040271066, 0.18366907965339685, -0.0836655143893188, 0.3530198208450499, -0.224274202377293, -0.5631158687287203, 0.038703612813860255, 0.19658312869816585, -0.1844753205403662, -0.09550541870099472, -0.04646768587700245, -0.019701516387517826, 0.28106120197327034, -0.08087037347921466, 0.24597781243566774, -0.004112967610065521, -0.9872800837216, -0.18443323089589025, -0.18775262962466976, 0.495547352328257, 0.6304975586875603, 0.5702794722628393, -0.3311506648059861, -0.5065226729364677, 0.3555499688988577, -0.41391046997169456, -0.3000093734130075, 0.22436843681259067, 0.3834013331067294, -0.26699868971197904, 0.04182037639482017, -0.4500916648753732, 0.6497702618395067, -0.7095889057579235, -0.13259498787907675, -0.12685184099782132, 0.007559741364936201, -0.2201530161274211, -0.48276264966194604, -0.5742777460443046, 0.03924397079860564], [0.18726649511290328, 0.18332746764839292, 0.05106375685797793, 0.002303019103773618, 0.2642548809256329, 0.23755986955230757, -0.1012871466098606, 0.3559381722986601, 0.6487024460715722, 0.02685456959955901, -0.11128224713364832, -0.018285343638850704, 0.49367689820557414, 7.0, -0.040376712607173015, 0.6206979039108442, 0.5170257601549024, -0.1779966343530136, -0.5456702575259291, -0.3826223308334341, -0.11638518898483441, 0.4050486628214518, -0.3658840658897089, 0.24519746547028953, -0.4649916100545163, 0.07469220764005402, 0.16622606376541338, -0.08227720178862741, -0.15690581145053195, 0.7684183801633058, 0.1144249959808934, -0.10348867399345851, -0.1033425952476259, -0.1671532392810945, -0.16418753094088423, 0.4749977857861831, 0.1080086295037721, -0.2875425889457487, 0.5398992789938513, 0.5302255069037047, 0.3107400192667038, 0.07900083234109956, -0.1382147263094331, -0.8533626408552547, 0.3549447189779351, -0.3498987537901016, 0.6518460229284511, -0.254556801845763, -0.047170075898529396, -0.18828289713256408, -0.27224589382049835, 0.3672443180668674, 0.20734586323110404, -0.8483380460466017, 0.33329108344675795, -0.4270256357635491, 0.7105713001364129, -0.1780417279028268, 0.565840424234805, -0.5062298173698692, 0.32389269903905893, 0.11741675932949125, -0.33702971392339287, -0.42183222115069463, 0.3909303017679817, -0.763717952754939, -0.30310410944109945, 0.04695845493135664, 0.4085854553049235, -0.5886866471709845, -0.4815986910348221, -0.04781297734878698, -0.25337862768080344, 0.08746244008388615, -0.7488223924478891, 0.085447832360102, 0.21734124786717657, -0.24979840933361075, -0.8383454116603501, -0.196425047747384, -0.8342329223066578, -0.2187382126888342, -0.3772337247288067, -0.5756906363144692, -0.13395581481977714, -0.04371486497342314, -0.12477119817258187, -0.5776130510011925, -0.006895780557487519, -0.41375723544206855, -0.4044705443049189, -0.14999264091779285, 0.6979271859691554, -0.034785386627109616, 0.08980056134909797, 0.6464138820322614, 0.08197150046574109, 0.3357352200205619, -0.3698122238494215, -0.745119722170136], [-0.13557902450856552, 0.5893966453060855, 0.2283944653932204, 0.15051688139499997, -0.22332347339582115, 0.5847513632259131, -0.08437897083316381, -0.37834245626717966, 0.14659348542529993, 0.1887724639503583, 0.5641065770853815, 0.3745383300307492, -0.42339008182659044, -0.040376712607173015, 7.0, 0.1347320685852582, 0.13273804911491105, -0.9568024569688999, -0.10494403473758485, -0.11131377176560497, 0.38583150151750045, -0.057332510958443494, 0.8658694400595859, 0.0634845220709308, -0.26269541663048535, -0.24502610363319866, 0.12297560278952213, -0.10253947411394815, -0.31523137628190945, -0.034654586191165127, 0.4505300547254123, -0.7082200406278086, 0.36600705055219773, -0.028643506900857374, -0.3362454980045839, 0.01861719833934261, 0.027638950196810175, 0.01569901877815738, 0.05229978190058571, 0.14423696935569108, -0.46594377486012784, 0.2723768142426244, 0.38229445333876155, 0.12061114398681139, 0.264851443435957, 0.029084423134218218, 0.8544370423583296, 0.5517604931445739, 0.10875491703353957, -0.2002310548519043, 0.6086639858019425, 0.38431641227437074, -0.34298045952720446, 0.577515025219447, -0.3517744263818552, 0.002539132652110032, -0.41425148408575885, -0.0029984040940341794, 0.07060601818919654, 0.6087702725225341, 0.40782723331797266, -0.5638159468228975, -0.3659211785014702, 0.08866079280817174, 0.4181373797529282, 0.5500876374901353, 0.3769926134322221, -0.13651367950234394, 0.6893578016459181, -0.25747409780460884, 0.3728332539589494, -0.0590766282132168, 0.11051081423492093, -0.2076503106487656, 0.15251309046328343, 0.29158405896308315, 0.35641500386221425, -0.8198566601829993, 0.022923014703297717, 0.6463459561818454, -0.43380884653715945, 0.45951758978242285, 0.38464203071783887, -0.5874149287488234, -0.8143460424402242, -0.8423805970920502, -0.4625489312135197, 0.8436010344361928, -0.02230827239272315, -0.4803907262003192, 0.14279394422923009, -0.34697018208480324, -0.33890924733444594, 0.20865055841885338, 0.5187938378401511, -0.2513684351950123, -0.24024148908801535, 0.6529790107649687, -0.33432464420656127, 0.05491891461471288], [-0.5111731152238139, -0.04498899679712631, -0.854990464503624, -0.026681526411248768, -0.07405009888032377, 0.4581954323268682, 0.17376020767714384, -0.21679191593606773, 0.14643038466417835, 0.04191655254505511, -0.03453184782549201, -0.26186685123321185, -0.1952515547200272, 0.6206979039108442, 0.1347320685852582, 7.0, 0.7329464350703758, 0.11894219809974738, -0.1387497571881342, -0.38848434469901605, 0.06551934456900366, -0.4844364859258974, 0.22164913358604066, -0.6689753294085201, -0.08767751716294758, 0.5681628268846999, -0.029209878826285562, -0.19041713275704897, -0.5521954300475691, -0.2845567455418251, 0.13867119358822633, -0.5207548237597779, 0.21319441283197005, 0.5844969599030747, -0.4393882738254017, -0.5577815822167421, -0.0386673878082342, 0.029458652334779956, -0.13302476870023472, -0.518661637090052, 0.1385175220764343, 0.8544680452220201, -0.4428011803410773, 0.1984303709869808, 0.8864910123955096, 0.0704965210732591, -0.043184249107654615, -0.03890397410363222, -0.08011084336477914, -0.6799024807149819, -0.4786711371179162, 0.19334465460211447, 0.554669738068446, 0.2610931903884659, 0.30403287500020726, 0.2323101428564054, -0.7344970963352572, 0.4227532286133413, 0.5407079133869956, 0.478210748181898, 0.4612609098803273, 0.20063327086842953, 0.45221026240780837, 0.29593992195708285, 0.2981268951494336, 0.46364905008542867, -0.4138567671843322, 0.13119070858419768, -0.7461159509271761, -0.8364948923347627, -0.3114331051559913, 0.23755811626417067, 0.13822193678583572, -0.178330068698484, 0.30222655824339695, 0.8142515596749884, -0.7235674298029273, -0.44326587519419636, -0.2658766949024295, 0.366901423264824, 0.16935491029184435, 0.3129758801834148, -0.5928615367019776, -0.2378221903995693, 0.6387997242405163, 0.035469230432378485, -0.3928971301009514, -0.9198002570208277, -0.22560579565873062, 0.7697277836530776, -0.5395980305110948, 0.3916559968994586, 0.0754961444483615, -0.9193356501987159, 0.6705929736520759, -0.36039107168038287, 0.05717955295171695, 0.03404482623898897, -0.3869202399918039, 0.16384495197500915], [0.043542414237937255, -0.11472990408616524, 0.07591591615586823, -0.4799831304209855, 0.49853800622781685, -0.1167001796558852, 0.26403901786952155, -0.5077699282175306, 0.06143962329971053, 0.5009334446572731, -0.5352511028494195, 0.21198353245734625, -0.535697076086741, 0.5170257601549024, 0.13273804911491105, 0.7329464350703758, 7.0, -0.7414056054881111, 0.32169035935039547, 0.3676144420119769, -0.5344653072114193, -0.26064111177143345, -0.005769050437108625, -0.5825291919445231, 0.17017859447504313, -0.24020137349674808, 0.5335578556687666, -0.39219507976691703, 0.32234086533571915, -0.03733801517648472, 0.007226204861804586, 0.02039894320954061, 0.10865362828205027, -0.24976399492572843, 0.03355484069669701, -0.5515483862313805, -0.18204663246380792, -0.39755152697320384, -0.2025767120321873, 0.271105634191783, 0.06652809096708912, 0.5372784244313835, -0.05893741430478894, -0.30636510957159513, 0.29794648187718753, 0.615495567915139, -0.6536076865500381, -0.43838976922490325, 0.5551520622475556, 0.231783712594142, 0.7520177492327662, 0.200220636786006, 0.12392348346107251, -0.6526046112564011, -0.22466521880417611, 0.6283946151635182, -0.1326686542206098, 0.06437030308541214, -0.6219619570940308, -0.08839175438475722, -0.1519368999860139, 0.3184901823008741, -0.19718328925110962, 0.38076088311001755, 0.14462680729610855, -0.4589103096383689, -0.5023568736666499, -0.052683055451933414, -0.07963683042289893, -0.21061241663300678, 0.408680665883439, -0.21378757901232448, 0.8716876545768595, 0.3551233132706537, -0.6029687497112128, -0.32879507602643476, -0.6324592309089405, 0.025155977936633045, -0.2591480804262848, 0.11691148153674913, -0.28433998857362763, 0.7882927096269516, -0.02936521755683774, 0.05113083237663929, -0.09690400655384046, -0.46163371513978124, -0.2509696828195115, 0.16717001770279838, 0.13038503729409978, 0.12293375768523762, 0.437564578844426, -0.2105493729145368, -0.40688322264581034, 0.43882516944907235, 0.5368167023844079, -0.18088864144291494, -0.3146179809457824, 0.36568978325861723, -0.39840942079214725, -0.04508391927056832], [0.09672109566497955, 0.19627964832343436, -0.34764699559203194, -0.21816032260983265, -0.34170146717872907, 0.1315444380105948, 0.07375567579220865, -0.05630311863738979, -0.03388642149103693, -0.022453881230915296, 0.5898795712524796, -0.4380376743222255, 0.43177832218027357, -0.1779966343530136, -0.9568024569688999, 0.11894219809974738, -0.7414056054881111, 7.0, -0.6282083872649646, 0.05095343611941994, 0.3041279579511049, 0.13850565285777128, -0.012659184207013618, 0.6159475400321983, -0.13409413107173485, 0.10813247456794128, 0.087463124320174, 0.3781822110279376, -0.21774661450238664, -0.15453570563579777, 0.24084254263180016, -0.35491864548096486, -0.036584673227375464, -0.7989953263679694, -0.5097549822352405, -0.6768605702632611, 0.15695129168710453, 0.13029291910910779, 0.10646147795111327, -0.05793109199433333, -0.7807744338197778, -0.019844436515735198, -0.6643802480572754, -0.1283149603236975, -0.1551046180069059, -0.42028519684538834, 0.8721706864854366, 0.29457444544633904, -0.010223356882185564, -0.07967723066852617, 0.5735768226312032, -0.06209595361240383, 0.22623575099074644, -0.5397047156762836, -0.04722532863414419, -0.0690493563779796, 0.14973947965769807, -0.023191321573487467, -0.3138396516599402, 0.32890004667103767, -0.30144302376746024, -0.5417466298734308, 0.48781834034687965, -0.43783224676501886, 0.2702744488535793, -0.3549871683446584, 0.7485441868303755, -0.30579309602768057, 0.36874243365986303, 0.5036977317907647, 0.12139496670390315, 0.4427662723092789, 0.16217775363097475, -0.7590717622525023, -0.06351264206624885, -0.7956110328256057, 0.3091619744019667, -0.36525470610473565, 0.28001639369283504, -0.02466697269361684, 0.5498664989536102, -0.03230516825613505, -0.3479258124932151, -0.4780126432136137, 0.14136554267654633, -0.44410004679781967, 0.1618116767854192, 0.34778651697302676, -0.17937569013309673, 0.11931068294058567, 0.06480994835564813, 0.3007421802574144, 0.38851871354587497, 0.44238458685399085, 0.21496038336560863, 0.025329727974002125, 0.2435223350106035, 0.33198506507743186, -0.135705814616907, -0.8077499568314828], [-0.6975745960860115, 0.15114387684616037, -0.3601570929459813, 0.08032776549017928, -0.2609711279238588, -0.7302629582896858, 0.177452503187699, -0.3191703385182394, -0.4689004097066708, -0.5236406403180875, 0.02930840173703353, 0.12480967427676193, 0.2899763923668519, -0.545670257525