{"N": 100, "M": 3, "c_0": [0.5033175661557452, -0.44739030423565374, 0.756708771874822, -0.8795431455759617, -0.31553057354957437, 0.3911166519844429, -0.6392397673424519, 0.3045687785150817, 0.6886431327425038, 0.749181926888004, 0.09846611650794279, 0.12667745755006754, -0.4936021549348184, 0.2650923526670381, -0.917705300611654, -0.19970736542721057, -0.33097862267049805, 0.6787409078868891, -0.328991665688003, 0.2481518811169623, -0.9413865227032245, -0.15685785524251794, -0.1421696275066775, 0.5455173188196318, 0.5177981184082172, 0.46165528620155083, -0.9962878431183602, 0.09509580325733413, 0.07056337741846375, -0.8721384679094606, 0.350750778283893, -0.28888163203476314, 0.7487591981049873, -0.03818145599944134, 0.5885997934571825, -0.24532153837868376, -0.30387189560041006, 0.1325412730702833, -0.7800744071813583, -0.8134605236375685, -0.049230791791687434, 0.6708061947853028, -0.9477291462283834, -0.8808083981974357, 0.47695620609062983, 0.6933622324149922, 0.21697158270006134, 0.2732908756111616, -0.40097137593086285, -0.003515774982950415, 0.10584977955374719, -0.18373148895336944, -0.6160662016560317, -0.32168808546280503, 0.6754885210634936, 0.13823452355018095, -0.9063411301420272, 0.7074274680266497, 0.7679696094111828, 0.7211959444207743, 0.9827079230786118, 0.4861007296138564, -0.09365329761294228, -0.3962913446877816, -0.15048546797490414, 0.6452989580823105, 0.7097687105756316, 0.5539192358725695, 0.4383998191144425, 0.1766390412216876, -0.9450626011617189, 0.5767221126324602, -0.12119730146719032, -0.6075949327245775, 0.6353584131786831, 0.5859193678337205, 0.9755079585451414, -0.8220860208172254, 0.7718235210004001, -0.3947861611275627, -0.5639569266967335, -0.5021423245696366, 0.7447575464476379, 0.10249917480100867, -0.6702279021939723, -0.562935919193327, 0.8055673346752132, -0.19082978588135546, 0.8784867776145804, 0.37471107090832123, -0.3206331886376106, 0.5010962692367273, 0.7584991341975786, 0.05002218487424659, 0.27579791942965803, -0.9378339997587617, -0.1330136263896593, 0.09891585957023996, -0.08031631592811528, 0.5230574063907709], "matrix_coe": [[[7.0, -0.6453196577946019, 0.3429421834493578, -0.07987365585208639, 0.1628709916717943, -0.2093396056111324, 0.2742636631302837, -0.6305705430276055, -0.25314779470152227, 0.058613351606646935, -0.46126223235776453, 0.04329475910701053, -0.3114934897053725, 0.5166629023952307, -0.1747907346812595, -0.5565369834781038, 0.950280541836594, 0.23046102532234647, -0.41289756609368256, 0.10716875927874914, -0.22063076600949116, 0.32617877498745895, 0.20905121776085878, 0.6533500279525191, -0.6482412118474157, 0.05374099551247902, -0.006849760174733155, -0.6130738125759696, -0.02925273614724666, 0.5500848240252152, 0.3829385234882525, -0.37244474994582344, -0.9818331462423592, 0.3664159571356911, 0.46638729663583933, 0.2516258606700812, 0.01075933520775485, -0.1069151571424104, -0.2133007228138991, 0.07027304891603903, -0.21990088332842672, 0.7352049260002844, 0.47173456652641477, -0.05469570598333273, 0.3841109327692136, 0.35714967605335834, 0.1913013816207494, 0.16685618271452718, -0.04621406744434864, 0.052390641767898316, 0.44826789754483154, -0.4162950886470991, -0.22910371312343492, 0.2174435069945262, 0.3903234327355283, 0.5068917488536355, -0.3857612185232231, 0.37974019095598144, 0.7848053173847374, 0.7055180039163709, 0.011479134107622357, -0.3249953790025466, 0.4063595130808615, -0.045049511806528386, 0.2477679962805892, -0.28822440416486705, -0.08303147679452605, 0.5204340749346066, 0.0007283592038502817, -0.185799064050732, 0.28838007038397695, 0.19135134994027925, 0.43611900737106235, 0.07372455868366679, 0.3565937353108175, 0.7999776991507268, 0.17046751705548946, -0.4662063247388878, -0.31544585501305833, 0.13889805759921892, -0.22399973426969422, -0.6943539702696336, -0.7433165709601463, -0.30060499362721904, -0.021191791327509257, 0.164180886933176, -0.37102880834891694, -0.0752275942475612, -0.7194642146977382, 0.3971807362084223, 0.005465808155818763, 0.10515931817757762, -0.28452529366778445, -0.39738539800931094, -0.7698003876262619, 0.40511283359957284, 0.22582767900803846, -0.5455420129523711, 0.4990798411443822, 0.13063492247901842], [-0.6453196577946019, 7.0, -0.6776042000286909, -0.1823093120730569, 0.7256490604835442, -0.46519230078873697, 0.8383875939778118, -0.9149473683465781, -0.06493717861917014, 0.6774367988210517, -0.006425331092185127, -0.03995999505498893, -0.2969993172361973, -0.02017889752932389, -0.09507014187241503, 0.7105353894299307, -0.15179508950758802, 0.12540985305178776, 0.7654663067278857, -0.21300335431142736, 0.5726674236152118, 0.4968111669910471, 0.0247277737707714, 0.6648653284168029, -0.6213979943458052, -0.080272749866388, -0.2860958092565453, 0.12716772896645878, 0.6044843753249183, 0.2766353697046995, -0.3998376956862538, 0.01546704672057242, 0.1847064499833624, 0.6230896475255845, 0.14068385222888025, 0.5888718926368477, 0.4042074285030641, -0.35437800158136623, -0.1497815129202985, -0.35427285093550787, -0.10097140408562666, 0.40451568892389855, 0.25877331731998865, 0.21780324140017182, 0.6235386763993502, 0.1776128394936065, 0.6264315260079685, 0.3467910013846853, -0.6904237801856128, -0.5603481293270598, -0.20814333952800612, -0.07965696230911423, -0.7681238134696321, 0.24362961727242283, 0.41046965579530736, 0.4162403505939487, -0.259176134187859, 0.35702478025865236, 0.6670383681229759, -0.7413129380909101, -0.10897637320606168, -0.04371989857507186, -0.15341673609607065, 0.18877779315993592, 0.8170189822669016, -0.05971759335153326, -0.27711611855383866, -0.4874582864068735, -0.10659239172317181, 0.16566951627565252, -0.45335765672244077, -0.16611408972109443, -0.6315043299476584, 0.34024298258711516, 0.2641933768171256, -0.6527586272254448, -0.4815510707205376, -0.28210245044049154, -0.30190598913968114, 0.26707074609492665, -0.2223330224137594, 0.5115519878530617, 0.3279988460900458, 0.4387178477228941, -0.043520333720377447, -0.22961955561788427, -0.3367282216134212, -0.39173326166176026, 0.5101797835520743, 0.1798109307197957, 0.207596998148466, 0.2918402708624135, -0.3372877697007479, 0.11384028780549249, 0.3161437976702166, 0.44891886824811933, 0.24717489649691604, 0.2420534996780146, 0.15686681848486428, -0.22475922125210124], [0.3429421834493578, -0.6776042000286909, 7.0, -0.40257161534655606, 0.18329831250159723, 0.3634939198533056, -0.7470481413985409, -0.1788181152741123, -0.48599894587753667, 0.22419075044954329, -0.5426253817818562, -0.664226239312173, 0.4818326789638665, 0.4683196732103603, -0.25965870545745173, 0.5684674564674714, -0.014406052341212283, -0.014932571972326003, -0.5019258283774675, -0.38822498382171855, 0.7476027700961865, 0.10991778345043546, -0.6769274565275014, -0.05122379096698981, 0.3257760785323882, 0.0466877500759173, -0.13122283278233926, -0.4180411727577279, 0.04030319198764998, 0.16592371782205495, -0.22185209957447294, -0.33734025778966015, -0.5438477452902084, 0.508201812820942, -0.37173075632673447, 0.5078796867025464, -0.09249152637913349, -0.010783202465450836, -0.05994281652732103, -0.1164183448500784, -0.3440117946170549, 0.4875551980867745, -0.10513344391834822, 0.0014544789687249704, 0.18322335943267687, 0.24433684900187913, 0.18125640911423124, 0.061112922776505485, -0.5203846449695397, 0.2327940500476715, -0.3209503340611034, -0.0031910599195204004, 0.24082697910345408, -0.5923069920902798, 0.1006412317394143, 0.05192689089222702, 0.9291061611687086, 0.6492238474322072, -0.1407793012336539, 0.4301057532498773, 0.11870231013465293, -0.3127503183742295, 0.46917712763941966, 0.5103617360157511, -0.5702439429268871, -0.3630494352805753, 0.046944824894666226, -0.14706975406754874, 0.2102858852256042, 0.28410463422469423, -0.25635844852468337, 0.7886458564605601, 0.06346985467098998, -0.6373434133166435, -0.06215265738314257, 0.16431603764868563, 0.46789603882005437, 0.5189712756209575, 0.09491983466103315, 0.4025417516710941, 0.16771638762026564, -0.09789335376263841, 0.13030827762375496, -0.27450695664115765, 0.166046974580345, 0.059571240684958005, -0.49597599882770405, -0.9390459233239884, 0.31384234191647886, -0.11284450539089863, -0.5169504770427431, 0.29265170264862306, 0.4423768164207753, -0.5824410983328732, 0.3453731776490332, 0.20103300845084293, -0.3251692171171977, -0.2466901190441677, 0.5108962471527467, 0.29316397080768386], [-0.07987365585208639, -0.1823093120730569, -0.40257161534655606, 7.0, 0.8574261083711381, 0.3619084725686461, 0.11677910487978593, -0.13888093234088017, -0.013796675669343061, -0.8102760988382564, -0.15568063239440766, 0.10264306982148241, -0.21297335829634212, -0.005144703909971238, -0.07043129087761257, 0.5633241680739918, 0.002097178033858782, -0.1270959401581594, -0.748252945457258, 0.19839559551612007, -0.2088580685921846, 0.9452666419040539, 0.00011706585573856287, -0.36538751303670325, 0.07132493833637588, -0.28323277682438885, -0.25999493142290764, -0.09586314422020814, -0.4351941052746847, 0.6740686773681142, -0.16389604815228476, 0.23752859706826723, 0.23235867599313398, -0.5375909991571415, -0.22086244210968986, 0.5406120330836539, -0.004654160424807596, 0.6602116278808463, -0.034835166647421145, 0.16677341468484097, 0.4391605444197446, 0.8182497836217868, 0.07840704276205557, 0.5655626519084664, 0.008990695059153175, -0.30222928354122014, 0.14768651511942776, 0.10503018796971153, 0.44432996383541656, -0.5644102822562825, 0.12396415355134871, -0.5574941575407514, -0.09211712640229508, -0.21071295944053425, 0.3821178351603778, 0.025126340579310735, 0.8822417345107709, 0.15157011359558048, 0.010816536731371063, 0.02436145129825329, -0.040098181301420954, -0.25073945171282164, 0.6430346755292999, 0.487650479835966, 0.1071630330444946, -0.08646566019175728, -0.19562974932388122, -0.8839896280382051, 0.6794233256744309, -0.7003547474433126, -0.11237819069912569, 0.06625342835649684, -0.23765097248036815, 0.25738623826672336, 0.20186685785753422, -0.007726146908170972, 0.24532410046829023, 0.5763744970781395, 0.0658865927116965, 0.29730405146823635, -0.14982340808258254, -0.9304929470325762, 0.24648204191042544, 0.04123331873864933, 0.22649673494898037, 0.1970096190379711, 0.15069076893472655, -0.036972064687053496, -0.5942738655746429, -0.37445758573184507, 0.39257740804349917, 0.03451647010087111, 0.027262195703799508, 0.825096907832475, 0.48521517413714266, -0.19577411487164909, -0.6009314200215206, 0.29451861737215745, -0.8179658407460441, -0.42280669738740484], [0.1628709916717943, 0.7256490604835442, 0.18329831250159723, 0.8574261083711381, 7.0, -0.1575253835366498, 0.2169694550808332, -0.5581191883410787, -0.02010359424293029, -0.26821349234332836, 0.01037515892899199, -0.026907073207449672, -0.49508748289128646, 0.2575949856607922, -0.1731425752752116, 0.3106853652754482, -0.29497800059489543, 0.25369789392804876, 0.24400724173641786, 0.2176906570549153, -0.035141278787717334, -0.08729574744098045, -0.1671486165296625, -0.407318075147977, -0.040591949732048604, 0.8149878581753143, -0.028218281894825226, -0.2761878285656424, 0.2836980466735386, 0.1816373723960112, -0.28495985421955583, -0.4265770258280661, -0.17422951081062799, 0.05442942818102359, 0.29507189323603256, 0.24833854393762955, 0.3563648528255374, -0.7862618839504221, 0.2061023779868818, 0.05945444552521906, -0.3916242282669946, 0.3151229971824976, -0.244116220679918, -0.5583434721578592, -0.7092308782337403, 0.44723948364820965, -0.4471778616179066, 0.015998044966300196, 0.533016114975954, -0.2448022627184897, 0.45988063751868413, -0.7299402324803327, 0.2194219681866083, 0.3800775588589045, 0.3623374963363817, -0.7343431540307777, -0.24884987830989136, -0.906612663751799, 0.4338202186062925, 0.5924285771273456, -0.4579121400674898, -0.5431936595878852, 0.530139311298716, 0.46536877857631165, -0.14699602705761727, -0.6016383397621032, 0.24719764616865092, -0.6593130146113945, 0.4447547794371396, -0.11178434726267494, 0.6209209078501972, -0.42522344897713393, 0.30966328735673754, 0.36009690571347197, -0.4896515697969319, -0.1517762151426475, -0.3040763465536307, -0.857727051474428, -0.618720988547422, 0.08944725471479287, -0.1260319559398031, -0.10952189305700466, 0.7159924508801796, 0.39687512203041986, 0.5416407115412749, 0.19659201700995887, -0.1868298188493438, -0.1705926778518705, -0.24858916661916697, -0.6461121972714259, 0.00414640848741521, 0.12165352180226874, -0.7651294171807156, 0.22261531887197927, -0.006885314245498542, 0.08562774090064273, -0.04217299230828697, -0.2720906795557949, -0.800232576347984, -0.2686729319098853], [-0.2093396056111324, -0.46519230078873697, 0.3634939198533056, 0.3619084725686461, -0.1575253835366498, 7.0, 0.28065018904059236, 0.9180906863235463, 0.5106166721119316, 0.4371226330392677, -0.2956327103490255, -0.05572919054696457, 0.4584426313609258, 0.18797031464429814, -0.6757638865954702, 0.47124474120694204, 0.01940857137883345, 0.07656745208140148, 0.4734650760653287, -0.3605438492155316, -0.2790514822660033, -0.02412767987169684, -0.33182310985424934, -0.15617574534085932, -0.11287466193790308, 0.5184153630662811, 0.523497508647202, 0.3213620686989256, -0.2229643707331821, -0.2266681575610473, 0.34362977258203653, 0.453949501322082, -0.35809966590009146, 0.659369122771641, 0.13016196916983236, 0.659297462818762, 0.0024146909088693658, 0.7582788016852842, -0.8886382331179412, 0.6174131557130047, 0.0002916533417678391, -0.08510206164799772, -0.1160550383559924, -0.5787901312163541, -0.2779138157847949, 0.7825842429370979, -0.3005054997845038, -0.1825716648308583, -0.004690904900568227, -0.2399667394863888, 0.7601410422242147, -0.6873200275344691, -0.5716652050811163, 0.30130879229723107, 0.2763094245200808, 0.4297991232224594, -0.3147141822402396, -0.5063653697419105, 0.2873904912962826, 0.884468108021558, -0.5704258892271522, 0.3991582902706998, -0.5653131747458668, 0.22123408848833237, -0.17489649379078331, -0.14218700650147065, 0.21609852371486182, 0.8134100983653836, -0.22281224282872203, 0.5992957001084518, 0.6796112145124065, 0.6639024480926392, 0.2803910493585313, -0.36253320372331177, -0.1126884261441421, 0.18846911724197501, -0.14229000639120915, 0.835680832551003, -0.5144884845100207, -0.25188058777931166, 0.6218163136234378, 0.6918180378515346, 0.4435666794804747, 0.2191516042672048, 0.4627364719499889, 0.3621697311430867, -0.2943354256774495, -0.40990125841201097, 0.8626941630810085, 0.16514428077832788, -0.846770969652527, -0.1893628322413098, 0.6199847299086847, 0.4294568847863902, 0.5937776800980492, 0.759306605187188, -0.5708616416740809, 0.28511994059834755, -0.42704063547707194, -0.5432312543021411], [0.2742636631302837, 0.8383875939778118, -0.7470481413985409, 0.11677910487978593, 0.2169694550808332, 0.28065018904059236, 7.0, -0.2646059165610467, 0.6327826254547462, 0.8794017010628239, 0.028215866831289738, 0.770196688216449, -0.6441945868747637, 0.14462046513746762, -0.15330279972576621, -0.06589828967309519, 0.3664592730334362, -0.08338417905359563, -0.243496958806531, -0.20588855518426197, 0.3266605872284929, -0.43468393681685136, 0.04018854439447894, -0.14053567266446354, -0.5334837294696604, 0.30053792645530475, 0.3949488891276163, -0.2383749226009969, -0.6742325762875173, 0.07700225794984439, 0.36963252791709245, -0.40794415553584795, 0.07954710503137563, 0.024338989846183656, 0.10451055987440716, 0.21530588343861545, 0.6413296508290278, -0.22305050105662205, -0.18179454697869224, 0.14871676919008214, -0.5705505516025204, -0.3372854704452559, -0.4730675163115621, -0.030003274913326994, 0.19171324650825738, 0.0029836750414133917, 0.036912750163067276, -0.6284551690601207, 0.7563529989960751, -0.23744060863616956, 0.22470455182165527, 0.7257369493854822, -0.2363064604085261, -0.5089212796129834, -0.10488652850992208, -0.11374327493107894, -0.24993355753211832, -0.4459583392173031, 0.6198062550127235, -0.01570872781577881, -0.813749638882963, 0.5219845333211215, 0.4359691381655795, 0.19275025237151056, -0.04969818256939462, -0.6841001564463078, 0.43948990276569644, 0.3168946838233633, -0.3430150446047776, -0.5972886793147959, 0.5344321818177002, 0.02836590758842661, 0.23748485934287933, -0.7367090367737067, 0.10929245894594075, -0.4165945002274988, -0.8088739539633403, 0.406159187162733, -0.041361434670785124, -0.35533416648287786, 0.330710439352083, -0.09840857970779293, -0.41326598004721293, -0.48451775664523555, -0.09554309705271324, 0.13062734276944754, 0.7134689595905381, 0.10511635180337997, 0.15952008525069283, -0.2863997312058353, -0.46237217645614226, -0.37222237844794326, -0.15367609996905374, -0.22388994787155725, -0.20146644926024526, -0.14130836956237858, -0.651060918707, 0.1599186840652438, -0.33618635786773965, 0.052258272442167186], [-0.6305705430276055, -0.9149473683465781, -0.1788181152741123, -0.13888093234088017, -0.5581191883410787, 0.9180906863235463, -0.2646059165610467, 7.0, -0.33960805401849736, -0.34107955029723047, -0.2194478026779325, -0.00802121146723167, 0.567911869292923, 0.27004114559270187, 0.10268438137644154, 0.3721465875781558, -0.17369267544612976, -0.2856378980819525, 0.09500262202052245, -0.5774166707722515, 0.47128130799665313, 0.006887657091888544, 0.14226923655258528, -0.4582882721357846, -0.0712251478619298, 0.49111237977518996, 0.7463558088265876, 0.027485290446871424, 0.20873678270865081, 0.030519427024159995, -0.4337080288740297, 0.0538939958402016, 0.6280899690988613, 0.36516158015565914, 0.8509288430535942, 0.6260653674970926, -0.2961333011925661, 0.026279132209727774, -0.4171851908156131, -0.3029381554797398, 0.16528047677929458, 0.3839223249496502, -0.2291138873710098, -0.4485892672799868, -0.04756441731332228, -0.3223113853677906, 0.4462179762871621, -0.3872113349099665, -0.08564340217712019, 0.29449077913930743, -0.44265530368720063, 0.03924859666994163, -0.10740452351129448, -0.46687612280678625, 0.5157108794742244, -0.05086737895064197, 0.020569210107646896, 0.12922248937071723, 0.2191504454244937, 0.09766383497756181, -0.593654675714263, 0.005328774580220408, -0.3378470282925661, 0.4273400564410621, -0.36759713210445333, -0.07902939839099832, 0.14957095198450698, 0.14449899970319025, 0.029035787095232912, -0.2171404425247928, -0.30537569574363077, 0.06893966294342047, -0.042008840347189436, 0.1964514954384815, -0.29849474672484966, -0.24473017764716332, 0.12173092725071233, -0.4599153229959574, 0.3906853283371259, -0.3685883291327984, -0.28952850353703385, 0.766802716126807, 0.5474120480915534, -0.32690232679769404, -0.014888729607611784, 0.678987829155171, -0.8164223435093204, 0.18192285994796342, -0.1572796377366822, -0.09899647559807023, -0.1405234102822368, 0.33273125479252696, -0.4495471200729849, -0.7082896357928443, -0.1686594690915989, -0.3664567776991855, 0.3702103724121293, 0.10954571843152738, 0.34046337455838893, 0.05926924438086356], [-0.25314779470152227, -0.06493717861917014, -0.48599894587753667, -0.013796675669343061, -0.02010359424293029, 0.5106166721119316, 0.6327826254547462, -0.33960805401849736, 7.0, -0.3272656855292837, 0.18423538629784053, 0.21800667001170337, 0.6668271919025952, -0.7944061163956202, -0.04149009798914993, 0.2649275514194218, 0.3381367087122209, 0.6204855429875402, 0.4482802494727012, 0.9490223099482988, -0.20739290247079234, 0.5190576048857589, 0.028542296577657167, 0.8369248317547102, -0.25622141642627694, -0.2857740603311748, 0.1874461634554323, -0.895353837484078, 0.5836074051275242, 0.14294944540451104, 0.30652412954566377, -0.27493003388426984, 0.2634910678327653, 0.12102698683046187, -0.48526838029146335, -0.6028936593999249, -0.23947311450538722, -0.1128200024512952, 0.4713549580090417, 0.2791867460656454, -0.561258898773871, -0.0793577994418575, -0.2585876018046711, -0.626747360246929, 0.11182677784930761, -0.16000983117661205, -0.10152395525644486, -0.5303297763353995, -0.13860979283214514, 0.6202429837546097, 0.10758854056202605, -0.44833863990918765, -0.5467331222217717, -0.21170168691895985, 0.005695507882652606, -0.19128142761696432, 0.17363570012142127, -0.12687413547320914, 0.4822539099103662, -0.7141913994215671, 0.10286581257313387, -0.4038628674314789, 0.24362880632525008, 0.11116397578075587, 0.061907239973556294, 0.26779546657220155, -0.6281335291959023, -0.5800019124151996, -0.7886008916435553, -0.21843557973709682, 0.4014818067990571, -0.4557331418233992, -0.3176073870221823, 0.43304475008234267, -0.6018963549778599, 0.0985047623176023, -0.41264619695156024, -0.5102995855557593, 0.4833100100848684, -0.156828743185506, -0.08592039247358707, -0.4746762628799043, -0.4497799765694446, -0.21714645328998272, 0.3844103042918441, -0.76900192694557, -0.11903963101800341, -0.2878757652517605, 0.15032291745196935, 0.3018254133798264, 0.8978928119580394, 0.3579528790235136, -0.4155853445317337, -0.6792596103944956, 0.33088936464439955, 0.3618810923528417, 0.07735243786197898, -0.01445570966842813, 0.2416115607297884, -0.46180555633315845], [0.058613351606646935, 0.6774367988210517, 0.22419075044954329, -0.8102760988382564, -0.26821349234332836, 0.4371226330392677, 0.8794017010628239, -0.34107955029723047, -0.3272656855292837, 7.0, -0.36126542405082673, 0.4295520574066929, -0.4238883803186093, -0.06083262853225646, 0.22246818281614233, -0.8113235598509917, -0.015082463474091479, 0.3285224113268592, 0.02583188329448971, -0.10515291270593752, 0.2733682630831815, 0.2454280654501413, -0.1539102098924895, 0.35807084630267694, 0.21030117844431695, -0.15415112184166435, -0.649900734486926, 0.3035905029772801, -0.5537029319632558, 0.3536994071774564, 0.3013817573185025, 0.6052208794304015, -0.3960955774871132, 0.5725478002636026, 0.008125059629599196, 0.050870105781186226, 0.164637439902793, -0.26300745347609533, 0.16951601330010813, -0.2971074636726495, -0.38906658061539046, -0.2615387404539804, -0.009076152296300655, -0.14348089051623214, -0.675917233861214, -0.2842506319736289, -0.0204939912549722, -0.0938361656788157, 0.16891458665071024, 0.19672963577412816, 0.30731283624922945, 0.7459046099617859, -0.24653495905213252, -0.581245253821966, -0.41305172830429826, -0.07528735002058573, 0.17224546596163348, 0.14949061697526989, -0.1971592213286152, 0.0707375137341213, 0.23718687106658787, 0.023917230186069283, -0.7578018966033073, -0.504357296481694, -0.21720075039421927, 0.33952775804247315, -0.1938905814800127, -0.16173757397785027, -0.5885678367059982, 0.2748074874773181, 0.7681950735362704, 0.1614731621084915, 0.07085853811894505, -0.35560669279494517, -0.08700473328318326, 0.1334965592267543, 0.5753781961304918, 0.2140203768359199, 0.06381271486113693, 0.3813365794147374, -0.4638359820946396, -0.052784788987327635, -0.393895246333797, -0.1512786436563225, -0.5784181596329775, -0.06637031962726525, -0.31468452755760545, 0.13570444926239733, 0.24280274181343087, 0.5200721939870252, 0.14597739205135296, 0.09548194102382146, 0.47058309283050326, -0.1904611194599264, 0.16779793961294986, 0.6001173875616437, 0.08846819504266623, -0.2751674488121386, -0.5279173456004415, -0.11913852776906741], [-0.46126223235776453, -0.006425331092185127, -0.5426253817818562, -0.15568063239440766, 0.01037515892899199, -0.2956327103490255, 0.028215866831289738, -0.2194478026779325, 0.18423538629784053, -0.36126542405082673, 7.0, 0.26385869513581417, -0.14713891964814163, -0.26819235433630173, 0.2504116573708175, -0.25477886657967586, 0.3562336484539719, 0.6608058119670526, -0.6204819568680182, -0.15158269337716124, 0.12151936065978863, -0.4334440953162272, -0.10157313318685213, 0.46930340577876506, 0.047101109445230716, 0.17513300209078309, -0.8069288815452049, -0.4086933381687484, 0.5638608260297966, -0.39888372729517374, -0.6049985277451935, -0.17141996822734062, 0.5299641835046587, 0.20527586779623563, -0.09758807626613708, 0.21236998812789176, 0.205513744412682, -0.5219832449411971, 0.857051601740807, -0.006594231678657025, -0.36581728120886303, -0.6419611211195744, 0.4223316735153171, 0.538069118918417, -0.14981892752086623, -0.31361795243094714, -0.6936771083056656, -0.8060273230018268, -0.6816209103094655, -0.017365678271146545, 0.03765553088643303, -0.8055479790653748, 0.264553051658029, -0.4754813451416171, -0.19108379169020528, 0.3554404399259692, -0.39454704777577976, 0.6139493088030354, 0.15618104587599269, -0.7441524252648135, -0.7128845035755058, -0.012862322799074288, 0.10031808574967505, -0.11531741054855882, 0.6739861578225521, -0.9535779186333097, 0.35744876011765214, -0.6724351708644161, 0.41475732478611094, -0.179702063543266, -0.5623006660806121, 0.8362975197021059, 0.27353031768895164, -0.2524931649340333, 0.21395233654890777, -0.09360429578536578, -0.1651467763680966, -0.3273178429323178, -0.5245421164731275, -0.7791857431713131, -0.42969275718746425, -0.3144371161146803, -0.7918661739827505, -0.8887456831142482, 0.17140207860891232, 0.4098079507665986, -0.1518968475416953, 0.2385689114519829, -0.7004681022533867, -0.5685563795050784, -0.5192267034531581, 0.19052030337937098, -0.5640125484870634, 0.6128289055923419, 0.02773951061265434, 0.6380877991168963, -0.6893728055269948, 0.2653365749794858, 0.20642250377656834, 0.17328453589112724], [0.04329475910701053, -0.03995999505498893, -0.664226239312173, 0.10264306982148241, -0.026907073207449672, -0.05572919054696457, 0.770196688216449, -0.00802121146723167, 0.21800667001170337, 0.4295520574066929, 0.26385869513581417, 7.0, -0.2098339078607817, -0.3991520384711914, -0.35293987594382514, -0.8976982593298393, 0.2262387400234962, 0.17498717227353433, 0.2506598848326469, 0.10401562573921064, -0.06046859163145013, 0.2736870493662473, 0.5472971404961391, 0.5760900642482003, 0.8638949778994651, 0.2628207336866746, -0.12055855263078763, -0.7605517880947057, 0.0812034195860305, -0.5595905797009465, 0.13709203908269352, 0.8307987121516032, 0.2997282203192426, -0.4756938132068028, 0.003919296700811481, -0.34521212913360033, 0.12799128405016402, -0.14186890858393475, -0.5187945796615727, 0.24048427688518004, 0.08956771342805325, 0.6046586260574645, -0.3526466395907851, -0.06438233242700497, 0.6067740276443347, 0.07608184463674328, 0.20634557608364545, 0.1992594226674882, 0.48439073052026704, -0.10434855453561731, 0.3185008881176339, 0.7832700106325654, 0.3090833013517065, -0.11647605312827292, -0.10293902118876674, 0.21992500193064446, -0.08818188095386192, -0.7319102729214576, -0.22709975711952002, 0.27081815794393505, 0.13695148112731959, 0.16206606152310932, -0.20135961517597745, -0.17337971976804056, 0.1837881146349769, -0.614566537435519, 0.05900140057207226, -0.19028962416128337, 0.12466420527250888, -0.3432996288417862, -0.33595740400573193, 0.5499115012998221, 0.5748570689210073, 0.5128462438682662, 0.5255415157942624, 0.08153387127527623, 0.5403913976354071, -0.45082545199116997, 0.06004464811499388, 0.5619337684313646, -0.5649346170220884, 0.27816907010477854, -0.29001092853658617, 0.0804372410316625, -0.5751024550611541, 0.2704900271889863, -0.0906431067099096, -0.1451652385364064, 0.15603189884794832, 0.8042041338911976, 0.40984462383733855, 0.3281701783350621, -0.8360568443367671, 0.09596250576829979, 0.004643378699203726, -0.22923405778237094, 0.4059819748298228, -0.6538022194416128, 0.2661276623801412, 0.5390066813584771], [-0.3114934897053725, -0.2969993172361973, 0.4818326789638665, -0.21297335829634212, -0.49508748289128646, 0.4584426313609258, -0.6441945868747637, 0.567911869292923, 0.6668271919025952, -0.4238883803186093, -0.14713891964814163, -0.2098339078607817, 7.0, -0.08772709507382648, -0.07684381057131928, 0.3298097831866964, 0.5949362388264035, 0.7633143532429676, -0.8809274258871916, -0.7452067101127989, -0.283968460162624, -0.3343757076560273, 0.28550960054453367, 0.38034030229093463, 0.6005802586219668, -0.12781000502923978, 0.015486100869517738, 0.12410479481460723, 0.5040203705934956, -0.40589929364888655, 0.07557254947691794, 0.022113493491840996, 0.1733454080989516, 0.2412675322131137, -0.3483137497890464, -0.07209560191262121, 0.6507951346224989, 0.11475056591140165, -0.4449090386749668, -0.0997568126861006, -0.33157084750164156, 0.34949344029859164, 0.33950737316473445, -0.8125107585447547, 0.5601369298846475, 0.06322965034115802, -0.23598274130879415, -0.8656945626612088, -0.2853871294945972, 0.07006229291860921, -0.10582086937619717, 0.21908852888153696, -0.1274089067352724, 0.11535477135163319, 0.502494660654687, 0.4991839855551832, -0.40180318042881613, -0.41401215366956856, -0.8218752925212859, -0.5891706316572465, 0.5582457194008372, 0.037326489070159674, -0.11528435250958957, 0.3297729642813745, -0.11886391934949958, -0.09968887707562468, 0.6223240438973185, 0.1910270046201641, -0.3059294678483109, 0.06660366469993173, -0.06862109605360112, -0.5442591387676388, 0.006505178342688378, -0.5223666256731454, 0.8770779368080606, 0.18441067279785495, 0.05948012731144736, 0.33060962007491135, -0.007888864809125873, 0.11124097464036087, 0.2691100209430808, -0.4808798247474393, -0.32134165226667943, 0.8099484433018325, -0.3853427796786937, 0.041895460970722276, -0.28974930310732006, 0.7660127903191252, -0.10326026358713103, 0.016341353142638626, 0.11372921807142267, 0.03804575550334688, -0.20472161857702564, -0.39980028076734453, 0.6168954993083111, 0.2116752574101044, -0.3029912556350566, -0.7204235839161248, 0.25383707132148947, -0.2878027001072402], [0.5166629023952307, -0.02017889752932389, 0.4683196732103603, -0.005144703909971238, 0.2575949856607922, 0.18797031464429814, 0.14462046513746762, 0.27004114559270187, -0.7944061163956202, -0.06083262853225646, -0.26819235433630173, -0.3991520384711914, -0.08772709507382648, 7.0, 0.5259560385892941, -0.2042642295188225, -0.30782510094862203, -0.37945682236207534, -0.6233292116322072, 0.1415130513721956, 0.10992723648272174, -0.1166660461693021, 0.4005373090445352, 0.756145994404084, 0.42405214658039947, -0.35242035125205495, -0.17906573645107704, 0.09251163648969296, -0.2206265229410348, -0.7918891767205595, 0.5244993723989584, 0.1005761690855893, -0.2873452746324263, -0.19062937123898893, -0.26768075073085607, 0.6126711962157181, -0.22609008785465234, 0.30474467132712135, -0.11583670372512411, 0.28810017202172755, 0.3958229270138167, 0.23963545335086023, 0.06714209542664551, 0.05775954381317483, 0.46433779163946864, -0.36353223767688647, -0.537626121056802, 0.3987909021520759, -0.6477800373241324, -0.18442924745360068, 0.42044495071103816, 0.16743723354941475, -0.2460174028117459, -0.10569247084121969, -0.3894984037149879, 0.02890805522252826, 0.5819839273683152, -0.8646424402399303, 0.3359113439033399, -0.2282895958764486, -0.544996205115944, -0.23663973887507483, 0.5600144244604097, -0.025845720630579216, 0.5565304666200137, -0.5550234591955168, -0.1999814624990327, -0.15745344776616, -0.3075439124675755, -0.38420806462039314, 0.3909772485430696, 0.3330046220778189, -0.30466007666025363, -0.29729922235647155, 0.4440553260678084, -0.10442012141531909, 0.2764703372983375, -0.052294860122185205, -0.030497154649354652, 0.10191844990671206, 0.46139138560615667, -0.16302407437293154, -0.22202501775953998, -0.5569492165127897, 0.2885406168349851, 0.22076251236657507, -0.34040536923456055, -0.14404205743247278, -0.4140673396415505, -0.23604784368289677, 0.49119216503696483, -0.4298887520966216, 0.22737411018214404, 0.43693385322556333, 0.43791853702891426, -0.053303235688840656, -0.22391173618107696, 0.3601436082009106, 0.18889859856583424, -0.21973674450874525], [-0.1747907346812595, -0.09507014187241503, -0.25965870545745173, -0.07043129087761257, -0.1731425752752116, -0.6757638865954702, -0.15330279972576621, 0.10268438137644154, -0.04149009798914993, 0.22246818281614233, 0.2504116573708175, -0.35293987594382514, -0.07684381057131928, 0.5259560385892941, 7.0, -0.06774808483307326, -0.09380028539402563, 0.10225154718021123, -0.29198891248418657, 0.3048498963838604, -0.6503926424743667, -0.27553412603921223, -0.4222499821597847, -0.4417896208485079, 0.12328700937723047, -0.011703250611200366, 0.7164998668319611, -0.5311514261847543, -0.1580432260047625, 0.7203846399837157, -0.45830718701505213, 0.044311876639698156, -0.4685387339389534, -0.22293132872183496, 0.21278178277305804, 0.0488581619415287, -0.061173712815655534, 0.4499301484672049, -0.39819257649383066, 0.2566718823344911, -0.5868634899443927, -0.21138257281647865, 0.15852941652545338, -0.05948831813602429, -0.0763720772121298, -0.1622533226978623, 0.19558569435179862, 0.445929410862254, -0.45290368200806697, -0.2827321472449138, 0.2917915965025599, 0.22622778681218492, -0.55996408443015, 0.5593245921071266, -0.7846716609021098, 0.7120053444281396, 0.05929617711534507, -0.15289366593922948, 0.08698210942233331, 0.2385656132914451, 0.1841675072136688, 0.48232488022397635, 0.4753074240351882, 0.1554782162061601, 0.3961143379186196, 0.1769915322003368, -0.5001453079176598, 0.14199095097651693, 0.9059195844474006, -0.6624349123811708, -0.06873555209042526, 0.6352699061083302, -0.05694469206098207, 0.30851830206071695, -0.12417170598529048, 0.1822951986223078, 0.64567078677412, 0.5606385899206381, -0.9161178207423807, -0.18108267050083737, -0.5589552669754909, -0.4961101410591997, 0.09100398382483688, -0.23797199058199803, -0.09904922982520203, -0.028420209393326457, 0.1312313699406098, 0.3201908362808772, -0.6976288142460001, -0.06358712874176176, 0.4174842808539734, 0.1000854940934317, -0.22277100825403873, -0.0672789957037192, 0.02245117722884804, -0.043784962493933044, -0.3931055895018545, 0.2899963705397208, 0.27599233457600203, 0.2427953653665731], [-0.5565369834781038, 0.7105353894299307, 0.5684674564674714, 0.5633241680739918, 0.3106853652754482, 0.47124474120694204, -0.06589828967309519, 0.3721465875781558, 0.2649275514194218, -0.8113235598509917, -0.25477886657967586, -0.8976982593298393, 0.3298097831866964, -0.2042642295188225, -0.06774808483307326, 7.0, 0.3468461186715406, 0.23928788889346908, -0.8122305389498146, -0.06265754348381858, 0.5127308224464173, 0.21897923469217107, -0.1644160398862632, -0.0340193053416854, 0.6732064742673134, -0.2774596450782336, -0.7347975791828081, -0.5326685219249632, 0.3383416949973075, -0.47362680801953827, 0.24666504414615442, -0.05145282468717416, 0.32983644072760576, 0.2090903890728275, 0.12800282202219915, 0.23206151196661984, -0.29345061863411415, -0.02739724114047115, -0.3137972304430471, 0.2500228406187066, -0.43336613709306715, 0.22081349810634499, -0.34636252222831265, 0.35220403227835817, 0.8387366205045326, 0.1744784688292973, -0.04029438039493838, 0.5179455109971158, -0.05182972646471096, 0.06400691403497083, 0.027694295221990295, 0.7015893474296582, 0.7155936553513613, 0.6264135310626167, -0.26672346286382287, -0.24685422393390788, 0.1511515473327778, 0.260082253222758, 0.6297635993183186, -0.4593342079359678, 0.4058421968245347, -0.02450595702806624, -0.09831462955974124, 0.1475865914873702, 0.42102231307936977, 0.3672467264381083, -0.5587448471223191, 0.17580630326327507, -0.03484488069506919, -0.6239179839183114, -0.19910053381240977, 0.33371260690997406, 0.013296841843809304, -0.08589854707946853, -0.014055882559438682, 0.607317758980976, -0.08156110204569678, 0.018148141235268866, 0.45515588181911104, -0.046508590305425535, -0.3362905466547865, 0.18519510086454183, -0.20978093587787838, 0.1773937922543749, 0.3550780925005599, -0.49667879711031204, 0.9307036396778907, 0.18783655801910837, 0.11206696764609347, -0.5393177623795304, 0.1956579214516314, -0.5493502767235933, 0.22644864878647408, -0.35750065383988316, 0.09519562092094436, 0.48397214371799446, 0.5390272317120668, 0.6618744461247217, 0.7807576190540577, 0.32008291893904106], [0.950280541836594, -0.15179508950758802, -0.014406052341212283, 0.002097178033858782, -0.29497800059489543, 0.01940857137883345, 0.3664592730334362, -0.17369267544612976, 0.3381367087122209, -0.015082463474091479, 0.3562336484539719, 0.2262387400234962, 0.5949362388264035, -0.30782510094862203, -0.09380028539402563, 0.3468461186715406, 7.0, 0.5611045934084222, 0.39670904022377895, 0.041651576596708484, -0.6961892171209885, 0.6615252929826927, 0.014679756666684085, 0.14687905035096271, -0.05026813014750198, -0.3256906343313928, 0.17113320924858577, 0.18135337203987079, 0.08924313943363327, 0.20570424418266997, -0.5677259369659794, 0.4079711147770342, -0.5266922250977873, -0.6454686826611109, 0.29048355996287833, 0.43273449571997036, 0.44264471955505136, 0.30611957068932716, 0.2927699395713823, -0.28377171208260965, 0.3867926276928184, -0.1282766116093227, -0.7973200326350527, 0.674854514623584, 0.7229242689641151, -0.5863507699264455, -0.6371319333057659, 0.5847728920659105, -0.4243253539952604, -0.4876977737846191, 0.16523403340335774, 0.21687014365520607, -0.28369693376049776, 0.18340897434127235, -0.5084711701830604, -0.22208380993059773, 0.46992192392414656, 0.25498765179402305, -0.011845567361508103, 0.7824300798041253, -0.3916766375491003, -0.5312641069496206, 0.06249469139720221, 0.7013507697551424, -0.2234258557030706, 0.08193254656983284, 0.01883360499689757, 0.667558559831491, -0.6802030371575456, -0.6141128883733343, -0.10799055758617837, -0.2319831998475156, -0.5209953158518927, -0.40577222580413674, -0.021558291363577564, -0.5165432011203976, 0.2674877140490377, 0.2343883583606141, 0.2191969187883711, 0.34358980984925047, 0.10353709331652938, -0.2740998553463264, 0.41263179244124126, 0.4365081833069149, -0.24371319079065878, -0.572496352899426, -0.1061238051830461, -0.2024186702780988, -0.19764678879267972, 0.016096942171951678, -0.2838261189683343, -0.7623150318725062, -0.12822579005591228, -0.21772623768752786, -0.14626906708589282, 0.20737051327906664, 0.8076589802466139, -0.37612905315945944, 0.582139683054482, -0.7295200106849516], [0.23046102532234647, 0.12540985305178776, -0.014932571972326003, -0.1270959401581594, 0.25369789392804876, 0.07656745208140148, -0.08338417905359563, -0.2856378980819525, 0.6204855429875402, 0.3285224113268592, 0.6608058119670526, 0.17498717227353433, 0.7633143532429676, -0.37945682236207534, 0.10225154718021123, 0.23928788889346908, 0.5611045934084222, 7.0, 0.5886626896308731, 0.055928698010885736, -0.21383891839915037, 0.24804238539259993, -0.6201645327811249, 0.850909439938804, -0.21654930543008122, 0.5159263153740807, 0.44997065628924204, 0.8058692903431588, 0.4021473068875192, 0.4416285277088441, -0.6394597006030461, -0.43077356620423, -0.21338720502443076, -0.011658562437874553, 0.10823578482957452, -0.45599849330088993, 0.18856874115723432, -0.07444035176622898, 0.2729877834953358, 0.5131119161679369, 0.2323821695904449, 0.5661269777347522, -0.4219282001487752, 0.7076468510877827, 0.16144273691519873, -0.1498980804434734, 0.0003135893564287784, -0.41007752421773325, -0.12484440306477362, 0.04419190018298691, -0.05192678191931566, 0.11881859139076445, -0.13128470768507072, 0.604581056630267, 0.3812483109851321, -0.0902128072759143, -0.3685389523349588, -0.39770361396954645, -0.8106712819694927, 0.2689462483641676, 0.7043599045071174, 0.25419706274756626, -0.33271221928777717, -0.4530228623819039, 0.1994815037584643, 0.5689809102604078, 0.8078182652749875, 0.3185139410111497, -0.3325813066982207, 0.6332566496305376, 0.16725243007348078, -0.18823051295486004, 0.23027307885848391, 0.3459813742211535, 0.0889484243899088, -0.2593290721019943, -0.2610756314924727, -0.506661751414051, 0.1840781370892972, -0.015571640437614609, 0.43453798429102886, 0.06835132208382833, -0.024858201949348957, 0.557534681709235, -0.5061767921997711, 0.1956074050305867, 0.20690801029099704, -0.07516815123463083, -0.13103890981705413, 0.1942226679499881, -0.1965994028664474, -0.3150758243655639, -0.6049974104098995, 0.440695914499734, 0.6541382619876845, 0.10498457236784597, -0.257232718139331, -0.4809003528720889, -0.2304162289001842, -0.20289307040222482], [-0.41289756609368256, 0.7654663067278857, -0.5019258283774675, -0.748252945457258, 0.24400724173641786, 0.4734650760653287, -0.243496958806531, 0.09500262202052245, 0.4482802494727012, 0.02583188329448971, -0.6204819568680182, 0.2506598848326469, -0.8809274258871916, -0.6233292116322072, -0.29198891248418657, -0.8122305389498146, 0.39670