{"N": 100, "M": 1, "c_0": [0.9765880811014462, -0.6005842087062399, 0.5982771906410069, 0.616835647773766, 0.4616048808679798, 0.33779171552394516, -0.47310777656932457, -0.27568834415989363, 0.7717409506672406, -0.7251217154021763, -0.5845395615590006, -0.8343363367039791, 0.258084098223083, -0.13922270267430958, -0.7892008641333794, 0.18961428461867058, 0.9675255198367767, 0.8539224421033156, 0.4951140882829006, -0.17681386255872433, -0.606053789653975, -0.25155836348236593, -0.15361780074197995, -0.9400474631454123, -0.47975933541126303, -0.2277478750520623, -0.16298141727755233, 0.04966942977903699, 0.8633135548261648, -0.20521459678913212, -0.6077910347356281, 0.29008021147884233, -0.1020492611133541, 0.795781889708256, 0.9982809140701627, 0.553760996490896, -0.7115974838283312, 0.682606839452053, 0.4255894759740322, -0.8671054264390372, -0.8401049302384067, 0.8676600257083398, 0.22910987412560058, 0.5939459060880479, -0.2580298681073925, -0.861145160534738, 0.40780477001801385, 0.8262203179050631, -0.23333881746888507, -0.03594344844316999, -0.26637745271927904, 0.09666542385505794, -0.2898390677078797, 0.12979726610135978, 0.31886885008273214, -0.35101652169047015, -0.507825503652845, -0.09433295651466245, -0.9586911140188279, 0.4518176310102777, -0.7233601870135022, 0.03464315332437429, -0.6349336563049184, 0.8781333769957211, -0.1749982614834691, 0.0057807057208232315, -0.7107434261684453, 0.2868060909107224, 0.7369482383790777, -0.7467302853972626, -0.19235721355771607, 0.5022495813721992, -0.908108551899464, 0.7419509570393632, 0.47229276263425946, 0.9985547023677901, 0.3684970740023146, -0.5400999320820423, -0.7759128714507901, 0.22131903178229728, -0.7947977101673096, -0.9480634182245642, 0.07545586019355377, 0.9746425331295245, -0.6642468818380389, -0.45815956197611474, 0.029443429628829954, 0.7328636708901992, -0.7182199080437905, 0.8526948600011288, -0.030179302728127855, -0.14473764395939526, -0.19358051613693683, -0.3636822756408118, -0.6442009382252907, 0.2381097075839691, -0.5764812482620192, 0.31878177326578805, 0.21478906689170318, -0.9732028547980591], "matrix_coe": [[[7.0, -0.28096541098918126, 0.13447617757020058, -0.2088124827311454, -0.19569687548467096, -0.06730492213200656, 0.3278801042043875, -0.49081026548349493, -0.3626153421525292, 0.47439754642749654, -0.6145924400635666, -0.38522522931088243, -0.4594797824262886, 0.1706833753199679, 0.4259537198162695, 0.6942480902762127, 0.14969316507737807, -0.8520753271063262, 0.022033830943931187, -0.05163711403132509, -0.27627978898221905, -0.18054422712741713, 0.029485687807171646, 0.22833831675193328, -0.3910397459705428, -0.30471249488130614, -0.5972829897218042, 0.12907291204725624, 0.10469758639699744, -0.07843683889405728, -0.5992085198553389, -0.08055135835275706, -0.15658884958753416, 0.5091121757348878, 0.667725074449093, -0.20474297141784925, 0.07212390300469007, -0.5714568640652363, -0.5692207128338127, 0.2680916111788021, -0.2784926298604975, -0.15262334419258405, -0.6204557698619634, 0.5763263650820658, 0.1255067921686701, 0.04245069841963045, -0.40211890065782374, -0.2229303548401218, -0.459481399089941, -0.053016725221239014, 0.782926375246825, 0.04838104746830596, -0.4981792017226351, -0.6575448218192056, -0.05179290142748427, -0.29112200017449197, 0.47167862801963567, -0.44502428816374173, -0.30667503353862935, -0.08476536059053519, 0.12006300914940993, -0.2639703398176658, -0.3618943963584993, -0.6939097043323309, 0.589121782758915, -0.8195221308794451, -0.04739823469759685, -0.3057625344406488, 0.4707730226606537, -0.17494285270753474, -0.04940974840775125, -0.3645445174059988, -0.32840063836918554, -0.16740964112710333, 0.03210151645681503, -0.7732684315293163, -0.35104768725724644, 0.16838361037680682, -0.01138843926815214, 0.39458161841317674, -0.17283678373402078, 0.47992459795295694, -0.039100524867669684, -0.22056972995600954, 0.31469343019177787, -0.047619089585665075, 0.6495671943133843, 0.4439412103861655, 0.8726602448646834, 0.15587751524456728, 0.2009989703802142, -0.25496477355021685, -0.09174652334476863, 0.40645762326774015, -0.5015241842853576, -0.3568828965469525, -0.8302405707896032, -0.0985658541415545, -0.2823215605477525, 0.03520040350539677], [-0.28096541098918126, 7.0, -0.6994547229793235, 0.49269889115327814, 0.07924014108758337, -0.02003729854214098, -0.6382824712301977, -0.30560288549415004, -0.07638944232834977, -0.3567863463524923, -0.0524796084306286, 0.2689037214105128, -0.8606883704392044, 0.06954324026927772, -0.5955980128668601, 0.13307008379855123, 0.4909411961566308, 0.21302944741430307, -0.31054535466983524, 0.13425816237778632, -0.7246782511774456, 0.03355957391594222, -0.25277307417679995, 0.41576355196351367, 0.2134642856669453, -0.15338573513392384, -0.5281792759196214, 0.49925317240064393, 0.34970632767637966, 0.07771080479800307, -0.030564006690565915, 0.4026580954264829, 0.5002426620448559, -0.03006820512073738, 0.10691861003663394, -0.03545126998846737, -0.12272352011538412, 0.08010244173426173, -0.33200591308239114, -0.0930306223348002, -0.03246150329167974, -0.17565343443285653, -0.23757552101066226, -0.12088071755084595, -0.8224577532211977, -0.2526726053148951, -0.42377558321593145, -0.5882764880751123, -0.9319071410127073, -0.3230705382943113, -0.48412005623182564, 0.48076145923798697, -0.6622237963656673, 0.09561757253079617, 0.32098511799341534, 0.14518951808741365, -0.4837420811536618, 0.2954430763556086, -0.37043363901564885, 0.236297655605904, -0.16821148955634224, 0.14050403011302537, -0.34863815906173423, 0.13745342439476693, -0.07855545912925788, -0.2914775688763448, 0.16166961681189096, -0.6181171595118222, -0.30413196927448527, 0.4898364353984015, -0.44327398339454105, -0.6560968317855992, -0.7483304541337893, -0.25926340831330474, 0.5985492274395883, 0.15140497029732725, -0.19531503311549492, 0.2099274836765832, 0.16787305830227472, -0.3064769657001385, 0.4559159271010067, 0.08144626036353841, 0.4478579941494629, 0.333917995924486, -0.04981984613917512, -0.38942344917370175, 0.6873207264583239, -0.06714927509915536, -0.2393620655564439, 0.04959841053496339, 0.02226792193477012, -0.1307722642609478, -0.23574917467136036, -0.2236511987737697, -0.2547367319026925, -0.38845750741046825, -0.4137958604763935, 0.055515619574169506, 0.04757616664249853, -0.25416140328408554], [0.13447617757020058, -0.6994547229793235, 7.0, 0.20720295996734484, 0.0023956064019989842, -0.714924747555554, 0.5554145186060848, 0.07795673820775306, 0.3059592912831861, -0.48786058665375465, 0.465734525076948, -0.07815444100192681, 0.07656844030900323, 0.4193716871569424, -0.7935322307997769, -0.37020251790140524, -0.41865944220343476, -0.7437605625014055, 0.41139457537764557, 0.6987038314593961, -0.5056512481844173, 0.5778665051376732, -0.5373087066089492, -0.15510396059183296, 0.34525838942625686, -0.38536622645881424, 0.144721653662367, 0.7443540729220381, 0.13027019949578422, -0.6517750720866371, 0.14650202826078207, -0.7911555522410663, 0.22084679987282918, 0.23805687270140607, -0.06493424184136554, -0.2569384726417283, -0.797335489264482, 0.6937489445381337, -0.4214405851706554, 0.856603146821203, -0.3220816747871861, 0.04835218152912768, -0.14866120070004052, -0.032261599818952824, -0.22934563537686758, -0.4649660419468341, 0.3817780244660831, -0.9790670388533778, 0.0008288182056015447, -0.43573461600481034, 0.14590119237938115, 0.5727644334382469, 0.8392814761060621, -0.13229902414257344, 0.3352784038939802, 0.07801453872500774, -0.18909587371777214, -0.0689831695131371, -0.11385319350887813, 0.9322755658708113, 0.04516581374175477, -0.7132254776179195, 0.4039502093634266, -0.1478940927227994, -0.415823104071828, -0.2568081307114455, -0.9441586769099326, -0.3987489008203633, 0.4837490230837671, 0.28654790378354367, 0.38043252417498197, -0.7881103349235024, 0.703319912741265, 0.8102444607735251, -0.2622748327576091, -0.6364493390258258, 0.21683163366834468, -0.4129293039870281, 0.5848545047830727, 0.5536918587028281, -0.0395086895217559, -0.2701751379058577, 0.8129510049995679, -0.1283004881072125, -0.8671150488093691, -0.644253341068056, 0.4025037640987099, 0.26201169479688735, -0.49299743651968364, 0.2336000914557126, -0.2169276997091928, -0.24051261867664198, 0.32068669273796213, 0.14688190172743987, -0.5100372032920834, 0.4385804436975156, 0.610280012573472, 0.3560506716784748, 0.725572535188963, 0.5525702721385426], [-0.2088124827311454, 0.49269889115327814, 0.20720295996734484, 7.0, -0.22962859546643843, -0.17125649965352352, -0.016157101323991063, -0.03901206391836465, 0.7198368186583066, 0.6208641516700695, 0.49084013885648825, 0.7318704874125752, 0.3309843836089812, -0.12796956707756602, 0.47905640267035654, -0.5473210535699545, 0.5639165233950336, -0.4128553813096987, -0.6711048602033475, -0.2989712116487184, -0.4326398349186048, 0.4944371789565847, -0.20553591995587195, 0.5680116856848021, -0.3191185557241014, 0.575821574107527, -0.17788405606598434, -0.3227907277684742, -0.022575749531065337, -0.060379634966486795, -0.050625270838006275, 0.6169109141957683, 0.3740472061552502, 0.4039617964164832, -0.39159328402948956, -0.13322598623866133, -0.4178808037573354, 0.18903836963581, -0.3271956101575123, 0.31354955665390505, 0.6022791589340244, 0.378283581148775, -0.5170084315303473, -0.06199364241769445, -0.2301651452309803, -0.0461996555257469, -0.6607239270865611, -0.7614980834940334, -0.25421968866491207, -0.010193229097892664, -0.009591899743697785, 0.47005208875843474, 0.6251684905760868, 0.08872188812699866, 0.4302474882271454, -0.48045005265585994, -0.05308627005528321, -0.06582579196779514, 0.16442241502964583, -0.002332674759858211, 0.5157031374161591, -0.012135044293331121, -0.860164878163554, -0.09527497167273202, -0.19623713406833643, -0.4787360203693293, -0.482032595883524, 0.0813961086861883, -0.012593515349974549, 0.44145324435542266, -0.6289678430290587, -0.535599371679035, 0.41899178163854467, -0.5294035771219652, 0.6831000783800354, 0.314103411479679, -0.3674162191190461, 0.03908375565869915, -0.16694716875986315, -0.12782951971629408, 0.1924591387800394, -0.5649888162682127, -0.2809166172695976, 0.18279990233844234, -0.14372288282733325, 0.05333425330586605, -0.5942182320721551, 0.5476247013313169, -0.1714840185875527, -0.14477851062832836, -0.898372129609745, 0.4779969889198332, 0.6063135825638404, 0.5190476868895071, 0.7710348991101519, 0.06832042784289882, 0.33781857713597074, 0.1580416427606881, -0.5673809768738474, -0.04973677296093726], [-0.19569687548467096, 0.07924014108758337, 0.0023956064019989842, -0.22962859546643843, 7.0, 0.06062981331213457, -0.04980578535342828, 0.21912419050592868, 0.6433377001599947, -0.12534196868375347, -0.6058024694768095, -0.002838574784206571, 0.3329901007942724, -0.5414814062904908, -0.08570255766416901, 0.012143774601619306, -0.21586887027017942, -0.3486570051303953, 0.22626728859984047, 0.07066532112137192, 0.5633880445351975, 0.23100040719113135, -0.1746738086384827, -0.004830309572758207, 0.11973349100744213, -0.1834498290323665, -0.1626077306801461, 0.4496839915883939, -0.3400662969022431, 0.03701464976620872, -0.5120999983822807, 0.757490671550781, -0.4113301310268277, 0.36941069019705086, -0.43727751056240227, 0.6777581221575408, -0.05706358534572109, -0.45544759408233093, 0.0020975346047222843, -0.09544299455806671, -0.3608310016282119, -0.38276639965638337, -0.6150199116300097, -0.28180445528673914, 0.6174236111999418, -0.2798827483591171, -0.25478826855346837, -0.16545995735549335, -0.2391398427547532, 0.04370346840625805, -0.7669549315062101, -0.7725194561675609, -0.5431916399993313, -0.20803818903093574, 0.41901655424303486, 0.032262338405878666, 0.6058761723352553, -0.3159992346407726, 0.14374463027136253, -0.04190726089937258, 0.16638056377074983, -0.2921782251346957, 0.5981577789582833, 0.5882649215629749, -0.09341046776687023, 0.27468936353905415, 0.03858634920631321, -0.5272658468870142, 0.2365044554129807, 0.8825555196609502, -0.23188650775850572, 0.5854327787640168, 0.039541289061987506, 0.3469949033551958, -0.063256789109712, -0.35617568755278217, 0.10016588442811702, -0.5726387144158808, 0.17061953434787602, 0.011773466026909762, 0.7886015647084079, 0.1695836305290308, -0.3084418245758621, -0.04780175035111078, -0.5361643103964505, -0.24241947149626564, 0.20780183629715232, 0.12779098213232287, 0.0762566369168507, 0.3962816171871739, 0.35964010119499124, 0.4700317697226273, 0.30507858790912445, 0.15424280065001272, -0.6591579348457958, 2.0477423377851522e-05, 0.5743374148746614, 0.30988264714647284, 0.42140936286773245, 0.06757607531637877], [-0.06730492213200656, -0.02003729854214098, -0.714924747555554, -0.17125649965352352, 0.06062981331213457, 7.0, -0.04302777599434804, -0.33867017355599427, 0.24266089174093208, -0.9147999817626309, -0.4476911294271616, -0.6502994859119986, 0.630847038942941, -0.13359417973919852, -0.1354662710240756, -0.21229890477935032, 0.1265083028978058, 0.7983708951058506, 0.22516873094621914, -0.14830733702643673, -0.3569616530536752, 0.022293630811409004, 0.5910874320959403, -0.28703831477282293, 0.27329970287604866, 0.08541836420117965, -0.8945483109294062, -0.06763713260910842, 0.7944508025673298, 0.37450820230452964, -0.03943333084577727, 0.9578731232967725, 0.8927164578490223, 0.2552277257496769, 0.1534178639763506, 0.22115474815160807, -0.3961042248777371, 0.577412815288135, 0.8161779720052642, -0.036764840165791735, 0.1513380506619728, -0.05178812517979392, 0.016658725736711455, 0.013418465092230658, -0.6685795599362082, -0.47585024049476277, -0.1823087489121581, -0.4477812677024068, 0.33528887815618447, -0.7832928191458077, -0.3738989271663178, 0.27012921989622773, -0.6735060022453161, -0.46726064092658826, 0.38408842747601724, 0.1285843628564498, -0.0766529119521352, -0.6237172087847705, -0.24244616354296766, 0.906526134814823, 0.09004584819262806, -0.1785366251873599, -0.19718441270301978, -0.11990541085787632, 0.35968127087376844, 0.21783274066860647, -0.022289294891419398, -0.31070885327940256, 0.27005657549429385, 0.48733710151060605, -0.1960751824233422, 0.11721432381426711, -0.5515319694849565, 0.6720948621588512, 0.17272602882736754, -0.3565737756179679, -0.16953701508799435, 0.48408159967236686, 0.5765863761963868, -0.4251033103759708, -0.15313052925299087, -0.48292820380094703, 0.5879148685205409, -0.06957023731951262, 0.3840575533194974, 0.5450045105928174, -0.8571690875997539, -0.41430585379126095, 0.6891702310561483, 0.34681628667085707, 0.7700282538524394, 0.003350899869508428, 0.014462686400873892, -0.31176009743608524, 0.2698840690821558, 0.18285403912541254, -0.6454646670667378, -0.14715941230052554, 0.6936144541947349, 0.14295061053471825], [0.3278801042043875, -0.6382824712301977, 0.5554145186060848, -0.016157101323991063, -0.04980578535342828, -0.04302777599434804, 7.0, 0.35248426509735786, 0.2512046366937444, 0.42973389073570756, -0.3796102065710324, -0.1513245400045361, -0.1237103741663953, -0.5964793362930062, -0.36539993317952, 0.6340257715932447, 0.5735764042137945, -0.057486841493554874, -0.22037856328663485, 0.34497374125674396, 0.4595854191983686, -0.16424144050078837, 0.1796522367145017, 0.06893197322894129, 0.3836057513347826, 0.17201291827451026, -0.5884087517655299, 0.5834033757454975, 0.44497385199270756, 0.22618110451642615, 0.1688069893867572, 0.09895728660071113, -0.07527719634313945, -0.574824444472588, 0.4545127338755235, -0.32376182378473317, 0.08589416804010419, -0.19091580718025525, -0.6178220832266905, -0.4570023329574542, 0.15562454465641373, 0.3305854083194708, -0.20340841821943223, 0.18989574168736034, 0.7131141057581312, 0.9416466805682218, 0.04077073238604334, -0.1478285425823962, 0.2569852040334548, -0.1289545735377201, 0.024290633371874648, 0.11687593832199905, -0.6855922535103366, -0.35208662781458955, 0.33191488333035646, -0.30594068937176366, -0.1193554797572105, 0.14667032724592355, 0.18297498386718414, 0.43265565330770794, -0.6384422980469486, 0.7612846448410784, -0.5840363348867763, -0.07574586814879414, 0.031395113357145066, 0.7385393846900614, -0.8876026862150257, -0.658977331878956, -0.1338873629171734, 0.44825198098680996, -0.49225468100732384, -0.2702505899720429, -0.051591810485053013, -0.09253446060421622, -0.09321269204764893, 0.6996336712464717, -0.24057104217951297, -0.12826157669667348, 0.5733797338014588, 0.4234619456105637, 0.4793555579216582, -0.22753927752441128, -0.11210316411769705, -0.5072146970042802, 0.527992492680958, 0.03169920691651518, -0.7483809924343969, 0.666388987827494, -0.3818241722946062, -0.12959781343444554, 0.3551548363336532, 0.6510013436457753, -0.24180739981076427, -0.39385461718502957, 0.5459198955326174, -0.25103780122773733, -0.28002994647123447, -0.6138962156211646, 0.8680859784369892, 0.009881246972933688], [-0.49081026548349493, -0.30560288549415004, 0.07795673820775306, -0.03901206391836465, 0.21912419050592868, -0.33867017355599427, 0.35248426509735786, 7.0, -0.19507591721977058, 0.5145211371840324, 0.24703222091118437, 0.4490439526244854, -0.6421882899936034, -0.03956273624733242, 0.22307626805290814, 0.34434888720155055, -0.15030755664151962, -0.2099919672541649, 0.42008257371090996, -0.20739359371677113, 0.11936894570047496, -0.631730335022803, 0.2892120729621468, -0.22252994836363282, -0.38461061478271696, 0.3491630506592607, -0.20355238696097755, 0.40673528644319035, -0.5181312477638331, 0.36969686227488907, -0.4673082878286112, 0.3348022562197417, 0.009657963465838026, -0.05622660364989429, -0.034747866314147946, 0.4066344408594531, 0.015564012700919339, 0.3443777031990969, -0.20453811444442915, 0.05243909986078843, 0.042200977099292825, 0.013225962253161638, 0.45846246352890097, 0.03606894704389463, -0.4777542219468429, -0.6284445035484659, 0.7704665866775948, -0.7232418527687677, -0.697386609528991, 0.14521118842474268, -0.6656637864961383, 0.2876696131376808, 0.748089754641184, 0.48944343229296394, -0.20328918688180708, -0.033406309464997896, -0.3839872376164062, -0.1711665992062209, 0.43806683413294367, -0.45314188336573735, -0.12754437294837495, -0.4898325509683574, 0.8060252815859053, 0.42155886613991544, -0.5483555973205834, 0.11256823561704277, 0.05037392952833586, -0.04502414226914997, 0.0796160167408273, 0.19478678650766623, -0.1295138819690328, 0.6753373223083883, 0.33956450723516474, -0.3664154454683217, 0.609384555029987, 0.5947039891985975, -0.7216469969417009, 0.3896691940731831, -0.025609239921408178, -0.23382237340848622, 0.1723482789565549, -0.18517897967037078, -0.05823354526052704, 0.23462010528747967, 0.05909505228042278, 0.2719658717690834, 0.380110463703377, 0.06515832000284139, -0.7406659287090555, -0.6535135488092199, -0.3634356829242321, -0.048700536253388216, -0.5939470758657329, -0.4694484969933469, -0.16716765338386985, 0.2000573185591521, 0.017809971900901056, 0.415884408928362, 0.48091395259686376, -0.4307609001079351], [-0.3626153421525292, -0.07638944232834977, 0.3059592912831861, 0.7198368186583066, 0.6433377001599947, 0.24266089174093208, 0.2512046366937444, -0.19507591721977058, 7.0, -0.3135471539614627, 0.41797062951746944, -0.34974800502368275, -0.31049771200544596, -0.002529840890950874, -0.18655942852489094, -0.11489902015098263, 0.07427071682899444, 0.018387927458338282, 0.20715344157888382, -0.4657018338056407, 0.34354264565667525, -0.40573231719289604, 0.3349302108822996, -0.032786688521150964, -0.25782479730451646, -0.22232884881767456, 0.16516800362524808, 0.4644248290535842, 0.5208303578890496, 0.2323146679499919, 0.4681470219798629, 0.4116220422681658, -0.10031921158908552, -0.484925368239676, 0.18457623294549164, -0.19745731779212683, -0.5714073162656794, -0.0926153837235878, -0.30190918399019406, -0.4578716670534142, 0.7811500455910776, -0.35561162423687387, -0.24674305476845992, -0.04218280091615989, 0.02560562649487519, 0.6145890816469253, -0.07729739477891362, -0.06950885009132757, 0.041913980138285734, -0.25735741391640143, 0.20602188519618636, -0.005815516750262928, 0.5511000319339303, 0.07484767030943429, 0.26677322780170787, 0.36077350388702856, -0.4263768297520121, -0.24992293581610625, -0.2926505135649988, -0.14610310994847264, -0.4162888844165732, 0.2414237821598184, -0.37004567676820976, -0.18013093052758355, -0.6222543581173107, 0.5403105324847353, -0.7904817217462953, -0.03565163302779528, -0.15943062947741327, 0.0038270605413321945, 0.22525992481265344, -0.24195091396287294, -0.33933555729344056, 0.4773445283644606, -0.12831799362075869, 0.6592664406422015, 0.0011710766088592894, 0.38373290228843127, -0.3188391503591139, 0.05153799537150894, 0.1610556768285103, -0.5409499899412132, 0.1766014198522805, 0.18699475835199753, 0.5327036074950917, 0.07019010017889826, 0.5277263467230653, 0.19037007792701655, -0.2317986592865925, 0.6771521061399195, -0.5826009551678004, -0.2995276921697282, -0.6973410473314833, -0.1041297646014927, 0.5898066502193866, 0.4682349042671854, -0.48801036300771916, 0.02877203177479304, -0.2620432447182377, 0.13392929636254336], [0.47439754642749654, -0.3567863463524923, -0.48786058665375465, 0.6208641516700695, -0.12534196868375347, -0.9147999817626309, 0.42973389073570756, 0.5145211371840324, -0.3135471539614627, 7.0, -0.11271952940286933, 0.0730758226268966, 0.3028247132141486, -0.2351606661114034, 0.02212689799863421, -0.40973367228112234, 0.5687697292824676, 0.18701877274504586, -0.006422839209197062, -0.8428995928992662, 0.1598345493700173, -0.04371657616987923, -0.07267773561329038, -0.18276013489552356, -0.0027243414904210006, -0.03340485085354383, 0.12299435071202325, 0.20927766302561968, 0.055917435593848985, -0.1695105212221959, 0.4427966148373996, -0.23157385927165386, -0.5504392356066792, 0.8708781633818174, 0.4421762078188265, 0.11650064877400435, 0.4331239913049689, -0.4810884827489581, -0.6766076174734353, -0.2728158626062358, 0.09151011252312369, -0.09733816533900841, -0.48464092104011014, 0.4590613626031299, -0.23966380164330503, 0.17280079285423433, -0.18901691689498734, -0.04285470162127836, -0.15437056026120166, 0.2148751233290742, 0.49378322422770493, -0.6072124522844079, -0.17090498491278205, 0.6059126609946532, 0.38249925943995633, 0.7997316141076385, 0.6719032288872162, -0.5722646687074063, 0.5576522977744711, 0.04336971351815899, 0.4330630816454275, 0.2328540486459998, 0.35645798373463133, 0.22013528296584628, -0.21578669981985144, 0.08673363693088199, -0.07449067219793548, 0.3591913419179398, 0.5122014787204119, 0.4433560223293682, -0.10417975494268694, 0.3345605797996778, -0.23872739926980535, 0.820092400993135, 0.7829164957495307, -0.15415599541896807, -0.23465455688131953, -0.11988978175826048, -0.11572327948741301, 0.3458239172929587, 0.02804845533754019, 0.1473402694893915, -0.21264090040655326, -0.2884795170754282, 0.023263256956311817, 0.4267853470493159, 0.2901915997599245, -0.6060209189452158, 0.31096246830121865, 0.6741972031997494, 0.5070652052034761, 0.27150136603972497, 0.9358702632814206, 0.1689112947688649, -0.3069704312770991, -0.0039797286696980905, 0.33915851215583337, -0.6809171112041705, -0.10619347050370642, 0.4729981717333289], [-0.6145924400635666, -0.0524796084306286, 0.465734525076948, 0.49084013885648825, -0.6058024694768095, -0.4476911294271616, -0.3796102065710324, 0.24703222091118437, 0.41797062951746944, -0.11271952940286933, 7.0, 0.023976126503474138, 0.4218801640258263, -0.8166116737997604, 0.2676742461331494, -0.9071560868273503, 0.26155979395966833, 0.514408526621156, 0.543838430894692, -0.1828141964677893, 0.25717388224502846, -0.08289545088006356, -0.049138498162362376, -0.344433799068399, 0.32779192365231147, 0.2808967483528533, 0.12123832976032212, 0.4473384668865963, -0.2896291648758115, -0.7656828707419444, 0.0252044782523575, 0.571393543559946, 0.04998121380180165, 0.7736292812610965, -0.0829656909756541, -0.07419872062028288, -0.3734539766835405, -0.12896054461678919, -0.02093735318972134, 0.008507276893818805, 0.2724976197289377, -0.3415776513863422, 0.07796266427688403, 0.04684243617640882, 0.5502876664367986, 0.5672179479709429, 0.03239501865630068, -0.11846144205830256, -0.2575740485223381, 0.1624153091570526, -0.5464880261452247, -0.20015018510459548, -0.30506283235881915, -0.6729079070025962, -0.5120659920553939, 0.14769756020762514, 0.6927132447199051, -0.6188216496090386, 0.046278131240861775, 0.2107427116302114, 0.39556290929744, 0.674419505857965, -0.15251280105653597, -0.18845394348889666, 0.1886196774053226, 0.012138007111349491, -0.06588632856086851, 0.30729604258419707, -0.298633728736187, 0.320404710531319, 0.3564571481065757, -0.2953473490691507, -0.6582202327923378, 0.1464380801006404, -0.7562558274078428, 0.14848870292868677, -0.7158393736757694, 0.2009661885737699, -0.28960414949511015, -0.3620477668955162, -0.5151183645690499, 0.49937263810582255, 0.3981464099479588, 0.26324045147976305, 0.45570129826394545, -0.10296720649296665, -0.6706979174458763, 0.10205035260173756, -0.10979005417374699, 0.02586726369865544, -0.5001508298362047, -0.21809349607881745, 0.8402066877912027, 0.5194146006010554, -0.14184305527650964, 0.38669083152662775, 0.3474520909551797, -0.5016987728689716, 0.08811895098494738, -0.48148566378089985], [-0.38522522931088243, 0.2689037214105128, -0.07815444100192681, 0.7318704874125752, -0.002838574784206571, -0.6502994859119986, -0.1513245400045361, 0.4490439526244854, -0.34974800502368275, 0.0730758226268966, 0.023976126503474138, 7.0, -0.3195581396110586, -0.07129483241384171, 0.5686428772050653, 0.422532546292699, -0.2948995274816041, -0.6487835823927868, 0.7985996168688336, 0.3183161516898183, 0.5824710442950933, -0.03353544019569232, -0.3860062817080123, -0.6644927188522219, 0.49054925332681143, -0.03570605050789155, -0.11851517066409789, 0.07666073983843269, -0.2542223540468862, -0.22920863120987833, 0.173646178476079, -0.3911562710371018, 0.2995301374559869, -0.6156629253941316, -0.24841873151178595, -0.1491444139661633, 0.17957273766447646, -0.31348161469905433, 0.3815494513699891, -0.027144875877839647, -0.6235016326929305, -0.022441945088457205, -0.4447745453334593, -0.26242163594383805, 0.5471101096077648, 0.2865398955801526, -0.37631873929334025, -0.30364722909579667, -0.7838077699306032, 0.29241357244762023, -0.3752929381245006, 0.7197586326228123, -0.31111196430202326, 0.2651022522309736, -0.13526866714025976, 0.9850102952121769, 0.2344679227345785, -0.3305143961192686, -0.3306883947609438, -0.6461120762808569, 0.31959828295421433, 0.9306242635013287, -0.16754819764711726, 0.6575382678432351, 0.6463174002723515, -0.05782304078945011, 0.42425386351481364, -0.4093773176311595, 0.4570029042779611, 0.2632757346128807, 0.33867914268608157, -0.5910787831677109, 0.6878298904215401, -0.44579962666523143, -0.3531839756737625, 0.06778737283179592, 0.32523422591493656, 0.3573404575332666, -0.09245546094920143, -0.895553615966974, 0.2672912604334179, 0.2812243869254001, 0.4475050273903085, -0.42459940279131025, 0.21125547486611596, 0.3508826325150167, 0.01023689055250121, -0.05660085609789567, -0.7138100828344367, 0.2280074450019951, 0.06471663298700725, -0.25066235985486773, -0.4351638591947834, 0.04020592031475956, 0.05735905481601078, 0.5951886067477505, 0.15962039184159704, 0.27053115486599655, -0.4156240033833304, 0.004277729080176318], [-0.4594797824262886, -0.8606883704392044, 0.07656844030900323, 0.3309843836089812, 0.3329901007942724, 0.630847038942941, -0.1237103741663953, -0.6421882899936034, -0.31049771200544596, 0.3028247132141486, 0.4218801640258263, -0.3195581396110586, 7.0, -0.3522331785362304, 0.1338785479193807, -0.022043118039903664, 0.0113696671464516, 0.08976150465396215, 0.4157174328194304, -0.6007701303902244, -0.15263168047050435, 0.523987346887675, -0.08489972018471603, -0.48006963770134314, -0.09352812536857336, -0.3217493958017622, -0.3876373845945629, -0.10338106448410955, 0.12140311206562737, -0.4907542759661626, -0.3562560017908827, 0.28029576582177573, -0.10425437011294547, 0.2512977254662965, 0.3874605176258408, -0.15089633882997822, -0.22876740988778865, -0.0486191335789149, -0.36212109651074753, -0.3097043727795372, -0.4627593908714126, -0.5863637727962423, -0.578419337447961, -0.45740979729937603, 0.3574710505998955, 0.036450957021774144, -0.2575487047642867, 0.48767973914726204, 0.34959593814208656, -0.20470755859085865, 0.1362882588851524, -0.09114819716387912, -0.8892175386679269, 0.29752949163902254, -0.23762025140167786, 0.23209727769509536, -0.1713233327422795, 0.21922685755199955, 0.03958477926275261, 0.5665101082798587, 0.3676766795135036, 0.47129297465906417, -0.13226645769701595, -0.17207612306429088, -0.563405617671542, 0.39521166673336516, -0.2745609874276079, 0.07615944516259976, -0.3430225177945002, -0.026674746277705386, 0.04550387925864996, 0.07411750790148375, -0.06505585709577344, -0.12169727628295357, -0.26982322944433523, 0.0018952449898872459, -0.2124498030883215, 0.11809520935412099, 0.9700533588699192, 0.1567847654787613, 0.4820583475454865, 0.40137032532250005, -0.49841659834996266, 0.5888345191066076, -0.08214612035510904, -0.637883128868935, -0.007352362262350698, 0.059357644088967154, -0.5547500720079805, -0.2356681734220457, 0.296554969121698, -0.12348614702816296, 0.008336997995987305, 0.4880291593338524, -0.6606139905369267, -0.7139535069922471, 0.3525429287440436, -0.2587781230186621, -0.17035681786794465, -0.48826822321489183], [0.1706833753199679, 0.06954324026927772, 0.4193716871569424, -0.12796956707756602, -0.5414814062904908, -0.13359417973919852, -0.5964793362930062, -0.03956273624733242, -0.002529840890950874, -0.2351606661114034, -0.8166116737997604, -0.07129483241384171, -0.3522331785362304, 7.0, -0.1300595436402402, 0.19626012985160912, 0.08447314212477286, 0.10062107559400069, 0.44888490694839556, 0.6251202506987901, -0.09385171861686203, -0.06541963778043047, -0.39603645763437767, -0.11240152473739873, 0.5100607565542035, 0.3037136660939903, 0.4678219174668774, -0.06287278175302569, 0.10899873670123728, 0.38011951571314073, -0.08875814352170519, 0.4812103896825928, -0.035493725881394655, 0.007109572674424136, 0.08488724240068013, 0.49760906147586725, 0.07838648254707659, -0.09001705648391722, 0.18927979451574295, 0.37485183013431556, 0.07843826202863369, -0.6423844691986023, 0.017010111903020597, 0.004866257442825761, -0.16471100104412195, 0.5773232055367412, -0.2893476865258914, 0.13236075205110298, 0.015197159762732948, -0.1766795471779674, 0.5892963564650331, 0.19239131284871025, 0.07829461054496134, -0.35514958182780354, 0.135565935018104, -0.2381056294395969, -0.4409107201661142, 0.07680458975881299, -0.7624346625420655, -0.5742542910488767, -0.35846505620433544, 0.4643722850759229, -0.04727342323799555, -0.09779497241712731, 0.005838352832529647, 0.3797330353133723, -0.3338540953129612, 0.202264029617385, -0.549605635788666, -0.40894431812955856, -0.9094747848175975, -0.7135868360715172, -0.22891745801208607, -0.4156011117221795, -0.12214983914156663, -0.5611943213983481, -0.1329149366178971, -0.8039592940214745, -0.12403952694306375, 0.24303311121761473, 0.01488586498793465, -0.009421603962860625, 0.4045190283262219, -0.41801700251124707, -0.5426281306449297, 0.092401089961478, 0.5846226629113982, -0.18596166361159716, 0.7333905998833825, 0.13670966549942953, -0.7395228348496442, 0.17568464641434867, -0.8347480579498665, -0.19066470233535315, 0.061466915524326815, -0.16448265892709513, 0.4523658861803377, -0.4489488546114099, -0.8494392338936558, -0.7752048602871088], [0.4259537198162695, -0.5955980128668601, -0.7935322307997769, 0.47905640267035654, -0.08570255766416901, -0.1354662710240756, -0.36539993317952, 0.22307626805290814, -0.18655942852489094, 0.02212689799863421, 0.2676742461331494, 0.5686428772050653, 0.1338785479193807, -0.1300595436402402, 7.0, 0.22636323766029776, 0.22008998293992743, 0.2739843426544515, 0.16205218642549735, 0.43515206344860413, 0.07655278872421789, 0.4261727725926723, 0.27099858623441353, 0.4403185618089003, -0.7418048678664779, -0.35599237601608846, -0.5793921646799279, -0.2080986961145067, -0.4102276463139368, 0.28727794258125794, 0.16316100224489283, -0.8857628976928852, 0.21132392171981773, -0.24814821996935676, 0.12962788895248134, -0.2511369586097667, 0.2357581071506376, 0.10694466661401858, -0.20703656525282155, -0.7221693935688713, -0.9385838854153045, 0.5322116387633073, -0.28014949249256926, -0.13667044522060146, 0.6663123896733874, 0.04526401984209416, -0.05299300826241604, 0.5086249041530455, 0.103503325214922, -0.810103776233514, -0.18872147262264083, -0.28892211625432307, -0.7264794682250318, 0.41835499497425666, -0.11927182912548273, -0.3559893195340602, 0.05395108361983736, -0.5212353863848999, -0.2810604720171368, 0.16175043835418101, 0.2798452073348605, 0.7534581471237178, -0.24083535731511396, -0.15031974531479297, 0.5597680130056475, -0.09411289063156947, 0.0957208703528103, -0.35504517577495465, -0.17137708415417086, 0.5986569897879397, -0.58985931175074, -0.39341015857185024, -0.2379934338953369, 0.11382141926446132, -0.11555686369423523, -0.10840735650543276, 0.8730256373664056, -0.4001965139847329, -0.20456420003285258, 0.44821697948614303, -0.6059344603987851, -0.6781705985147933, 0.04406379926914239, -0.11919594365064112, 0.26361063478155833, -0.1262097610516315, 0.018969868226180298, -0.6256597610588094, 0.10915053273472797, 0.007724473037558521, -0.20271844303606434, -0.21547488789392222, -0.051858622890992745, 0.8148819894796944, 0.2508493431250609, -0.3032650137776476, -0.6121548434619651, 0.2416371273573299, 0.5178214038630902, 0.7556704036122897], [0.6942480902762127, 0.13307008379855123, -0.37020251790140524, -0.5473210535699545, 0.012143774601619306, -0.21229890477935032, 0.6340257715932447, 0.34434888720155055, -0.11489902015098263, -0.40973367228112234, -0.9071560868273503, 0.422532546292699, -0.022043118039903664, 0.19626012985160912, 0.22636323766029776, 7.0, 0.5566573375344448, -0.3390329587971094, -0.02829654067600529, 0.04670305133134178, -0.026572436766506113, -0.8422545236155753, -0.19486932551480096, 0.5015337856528728, 0.16957790675782647, 0.5043297617543967, 0.35528178384669773, 0.6527011408358612, 0.18876021014995015, 0.18999142604756813, 0.08672616492696728, 0.08445762766070253, 0.010541199924492872, 0.06727555673135655, -0.25467529615741347, -0.5556426322584955, -0.47804189607572556, -0.22919822531372247, 0.20823983113644529, -0.10877686447111501, 0.43229286882743967, 0.18646076855755922, 0.07398822329806487, -0.009306301896475189, -0.5110804508004179, -0.6428755563379257, 0.07261956712360185, -0.5832244456376144, 0.2125231240037413, 0.3785334705874177, -0.3541009286454414, 0.33125686475912186, -0.26008676018500665, -0.1486223684115996, 0.1763820178436557, 0.18991323570469776, -0.6557027714739493, 0.08267655026123721, 0.3821688275343067, 0.24358828114740305, 0.01652564594931416, 0.44035578998439484, -0.5413278239030112, -0.5593551680863382, -0.07172982974685593, -0.278312961975267, -0.1411359685083261, -0.5144770721119096, 0.04299903690822182, -0.30672758521086063, -0.005841816280390821, 0.14937821675508411, -0.39609887871369975, -0.56137459045958, -0.39270395785994616, -0.5100671203110484, 0.34410656814440665, 0.9213180970521222, -0.37638994347664667, 0.18653641646396624, 0.2532420197309968, -0.983934098222178, -0.2662319523681088, 0.363214286702902, -0.1743848668566681, -0.3771172784904969, -0.0665261906618354, 0.06399241108550902, -0.577972636156612, 0.15848408382288293, -0.1514619505540582, -0.2625858245287812, -0.3029424010001516, 0.5533996184461552, 0.6859934362395208, 0.12722155060181728, 0.6558247872509639, -0.12436130260402134, 0.014421759401771705, -0.29307351194015385], [0.14969316507737807, 0.4909411961566308, -0.41865944220343476, 0.5639165233950336, -0.21586887027017942, 0.1265083028978058, 0.5735764042137945, -0.15030755664151962, 0.07427071682899444, 0.5687697292824676, 0.26155979395966833, -0.2948995274816041, 0.0113696671464516, 0.08447314212477286, 0.22008998293992743, 0.5566573375344448, 7.0, 0.5150446273888798, 0.33265514756205805, -0.07397926320687565, -0.14183751814473877, 0.26851472186986536, 0.05111969268107819, -0.485911315249282, 0.2551591688971262, 0.668090863095514, -0.6914623324176639, -0.48706902112397, 0.6966443226900818, -0.34035442790604276, -0.47924869391561653, 0.33991760583041364, -0.28250824499680527, -0.3235339654746825, 0.3245795457075449, 0.23977482381650783, -0.5418063972799553, -0.15120694167403947, 0.7627452518526523, -0.033310907722741034, 0.7441020952573854, -0.16103738484150676, -0.12737701865820283, -0.058241020999737936, -0.09686236107230373, 0.3009010957023488, -0.22851934295473764, 0.07714168596560178, -0.11047393001403316, -0.1818304773792293, 0.41852377003033014, 0.14857574466495227, -0.46355525749806314, 0.24778880789853153, -0.04680669114661473, -0.27251175723638643, -0.3431127738256444, 0.7350241380723599, -0.2686536361562827, -0.33003827731546376, 0.07338179928788646, -0.638654006822302, 0.14454928506595421, -0.10346480795977808, -0.03983639166306041, -0.09342050783056344, 0.29991393344770634, -0.0572325689218488, 0.05507169414933433, 0.11709245150679415, -0.1560724297427356, 0.5237114190566554, 0.5186330065122848, 0.3115893275843309, -0.4590733594196066, 0.695196426009677, 0.9144183558641894, -0.3023155165774287, -0.3108916642097964, -0.546270376529929, -0.429653083975886, -0.03216804480925861, 0.524945962168728, 0.15848153106027696, -0.3706556378901985, -0.34955058214573664, -0.9187972406114496, 0.03059016835189765, 0.39617193054718935, -0.16328257361005905, 0.0029562168460337546, 0.4068843878395443, 0.2738982670692205, 0.012152346552118054, 0.43784800716896966, -0.4455610721614718, 0.3663806296693244, -0.1712644731576939, 0.11929590347514596, -0.08447319657959707], [-0.8520753271063262, 0.21302944741430307, -0.7437605625014055, -0.4128553813096987, -0.3486570051303953, 0.7983708951058506, -0.057486841493554874, -0.2099919672541649, 0.018387927458338282, 0.18701877274504586, 0.514408526621156, -0.6487835823927868, 0.08976150465396215, 0.10062107559400069, 0.2739843426544515, -0.3390329587971094, 0.5150446273888798, 7.0, 0.07037780042122632, -0.30653824734760615, 0.06882731312050039, -0.32414818796229716, -0.3934484388442393, -0.21732958802787883, -0.4843990032125085, -0.04300263665889037, 0.46057602040180656, -0.7345614896028224, -0.6761413237516265, -0.25922795201536286, 0.06539359124322708, -0.5385737871988076, 0.27273040906631074, -0.6800892875596598, -0.4758183273522131, -0.7987553846228371, -0.6156861300074912, -0.5246091889920276, 0.32334016472795013, 0.8851274078050326, -0.8802029208878438, 0.04776010871834724, -0.129017325354436, 0.3403373716952576, 0.5752279202383253, 0.5378162961200919, -0.35367456856383805, 0.8761222660985832, 0.682763913407086, 0.09654521704994967, 0.035247128712319054, 0.10032926526847818, 0.02678866491981413, 0.36092529742683777, -0.1629424232486001, 0.17221037273273732, 0.09718444740856125, 0.11627789565606728, 0.029103309133300836, 0.12569953210362295, -0.405604176671185, -0.4803819997549674, -0.7817873370492238, -0.15710955201248578, -0.14205026254572273, -0.5039827085489226, -0.047781212378792626, -0.3840942588950661, 0.20951180130695612, -0.2337427576747062, 0.10196789023351194, 0.48637942680977764, -0.37300995822312455, -0.22290209179322518, 0.24701504683262865, 0.8045850550505751, 0.03880323009304654, 0.5625696665423052, 0.3066511123401161, 0.10524932793290143, 0.2719468136515222, 0.497791599906525, -0.26495170904458176, 0.6714266583166482, 0.22459263739318525, 0.7931713552423552, -0.22400617574554926, 0.3105604954231249, 0.36445554497951926, -0.17150941876491277, -0.025822823707347564, -0.0800090453962955, 0.4277087139943423, 0.16250266468391272, -0.17138009438644208, -0.8151611604717742, -0.2067079018071567, 0.638232882999969, 0.33369395327060536, -0.16773912482396058], [0.022033830943931187, -0.31054535466983524, 0.41139457537764557, -0.6711048602033475, 0.22626728859984047, 0.22516873094621914, -0.22037856328663485, 0.42008257371090996, 0.20715344157888382, -0.006422839209197062, 0.543838430894692, 0.7985996168688336, 0.