{"N": 100, "M": 2, "c_0": [0.06393019951641987, -0.679481374912607, -0.8642614368949901, 0.39781021971335995, -0.5073725244715162, -0.3611925664645068, -0.5420035782159154, 0.3952413584449814, 0.20046807177958392, -0.3717308880447594, 0.17869603102720055, 0.3463377011769502, 0.8532453211865976, -0.5758171039778033, 0.963744099157495, -0.7188884457569025, -0.9031739453719718, 0.1810817895779271, 0.3531678432281773, 0.5816099128581598, 0.43282642928168213, -0.23482932515218402, -0.9463060445390086, -0.4163823262937205, -0.25650609102149047, 0.6456902284665276, -0.2356680601474439, -0.425722816302323, 0.4224613031428195, -0.8575608821496128, -0.7330011904841565, 0.004308939526357358, -0.5814176534891367, 0.11396806698694761, -0.5393479403606563, 0.3468941727835504, 0.020446257565494674, 0.6302144319036691, -0.3218229951536149, 0.9988409429020755, 0.08339586873096527, -0.8799364137116255, -0.5877140393348452, -0.6341665525326547, 0.05370712445841863, 0.09654008832282801, -0.4631495619676862, -0.8829458519984419, -0.773257542324685, -0.07294419058748525, 0.5607842103293166, -0.4988621682027745, -0.3938616460649482, 0.5187694211370704, 0.9678329573891127, 0.5482760512011946, -0.5132620837880049, -0.3904811548484606, 0.18326244543485215, 0.7287284357495307, 0.2664202276620964, -0.2742192291357064, 0.39051456582196975, -0.4825777497291657, 0.6790479556709839, -0.09275815977488588, -0.9098997348277627, 0.12051301432043915, 0.3143994338215008, 0.5923178340704804, -0.17374538111224758, 0.20717617142260414, -0.3966522584722274, -0.8125310255607909, -0.6063222771474375, 0.931858126780867, 0.3182995753121165, 0.7276769507879373, 0.583075601597284, -0.5156665989024303, -0.7787083579107319, -0.30880580426140236, 0.19643200204050215, -0.3797510553571888, -0.6709766411184488, 0.8416342629860736, -0.31885075303418753, -0.34664657783361097, 0.9089592175417163, -0.4139497827358116, -0.8363670670749219, 0.43137790281635424, 0.5511724341306006, 0.4990805916647614, -0.2992635469381728, -0.21873887791776125, 0.4989411614326329, 0.045845842854026486, -0.9460723006650313, -0.44852049350262924], "matrix_coe": [[[7.0, -0.45469248027004217, -0.0720144970393296, -0.506963535915392, 0.34237631613582176, -0.7696563346593224, -0.5235046741687513, -0.30461408145553304, -0.04289111371643595, 0.10955541866386875, 0.07565232604687866, -0.7286473735849031, 0.0004032481144937705, 0.6715375529977092, -0.5227221979013139, 0.6088170772295722, -0.6802631326970981, 0.03079643917164976, 0.1699026570454394, -0.008200508142687801, 0.48106840391021044, -0.05764348602826064, -0.5664740521899304, 0.8240823944583746, -0.13970587881254848, -0.11213399445791572, 0.3934040398246976, -0.014562768485145927, 0.5736918623734701, 0.040348842417963215, 0.5811729476975005, 0.6396201365129739, -0.3296267811851942, 0.7284666200599268, 0.050861758401441914, -0.07965372702522688, -0.2522460519769676, -0.37654576099585857, -0.2730373729626264, -0.4969694790865662, 0.542690294882586, -0.40414718087627055, -0.05327600237591923, 0.2639714150989412, 0.4115664155454648, 0.3301167854030691, -0.4196087054813785, 0.3814177440136861, 0.002684332585919158, -0.7789675354142539, -0.3503214313721873, -0.09326266091396551, 0.15167885895318434, 0.25824610772301027, -0.29322714687091656, -0.36291044368707137, 0.06380526858440239, 0.8320282554676306, 0.10157063481456508, 0.4337075787172793, 0.11321794568581955, -0.2715337716718118, -0.6135445618868186, 0.5919140706198425, 0.16590571724884917, -0.3375576404805313, -0.0231436555584974, -0.3296266946851836, 0.37381105774752577, -0.5055102773860344, -0.39150815198839994, -0.2172723704714945, 0.15223215116147237, -0.7264821913337425, -0.06825361313893896, 0.7130665584357283, 0.45865971545168316, 0.4693972842159957, 0.22799085581034007, 0.08076393999618103, 0.3911788727526675, -0.1501852309912992, -0.12105541671482556, 0.09010968534342512, -0.04437318582030536, 0.1527686171485363, -0.1697413754039767, -0.17334568181635923, 0.7054351265942862, -0.10767456821946009, 0.6453310618048727, -0.13434287498063402, 0.1278232556481802, -0.04690998180739836, -0.6228335195834778, -0.46538974610789363, -0.21585385288943648, 0.26821287817420525, 0.635580815795066, -0.4409175056567788], [-0.45469248027004217, 7.0, -0.4837413900534794, -0.07460423308254105, -0.793735681390621, -0.49874015817286543, -0.18576303038897346, 0.07635819741979732, 0.751165749115901, 0.42606256861251457, 0.17340690383153512, 0.3703399416858839, 0.3444259973174866, 0.30001304008506113, 0.2847177825782945, 0.17071791065964748, 0.17452031835011694, 0.1957592826056307, -0.10101026672137103, -0.42077512207491474, 0.737578663765869, 0.044315267703776806, 0.5583396793876729, -0.6375882801647259, 0.4853174338381021, 0.042662074061091015, -0.3858313087287767, -0.20487078132285408, 0.13104919586216335, 0.42720352651674265, -0.25166798622745945, -0.5435439271486597, 0.4590355610445038, 0.020468014183849803, 0.12896570794494044, 0.04607243944972916, 0.2512327621789141, 0.46915511468498927, -0.13070094996860415, 0.18795139457304288, -0.4189541885194975, 0.6135896542695045, 0.01194770765666564, 0.41691530809956356, 0.49464072578654994, 0.10010215229960151, -0.20148444077861605, 0.4010767349034752, -0.8899396142757541, -0.021656757687201655, -0.5002645787755166, 0.6925347930834067, -0.8304862553604541, -0.3038345447492361, -0.1789985170742806, -0.08126416025859562, 0.36668626362123447, 0.3318974786344695, -0.6513138877315222, 0.6078388469710667, -0.3521623694919708, 0.5796358436025622, -0.23319836065853317, 0.24427538565551332, 0.6865918841495291, -0.18665395418168484, 0.22049086816413288, -0.4661638566205035, 0.1807631224277475, 0.018418490921413566, 0.0877669156202443, -0.24088965945273788, 0.2820597764625836, 0.4509452784667234, -0.19748431347727402, -0.1785574067103668, 0.9183237197070195, -0.1616647994760484, -0.015232723730438158, 0.11280636854178017, -0.3715582314387197, 0.3696549272298886, 0.2726147625864448, 0.053534457175885564, 0.030540054301967823, 0.3937117829227057, 0.2815954170882855, 0.5289145304844056, -0.559552781969993, 0.5023143227561555, -0.027985598679107326, 0.21365297897655955, -0.18165330654163547, 0.1690237459897781, 0.04904934402693373, 0.005808547788920926, 0.6149481477996717, -0.46531150894662154, -0.6890174688642626, 0.569897496694939], [-0.0720144970393296, -0.4837413900534794, 7.0, -0.22509847617237677, 0.5989545540337393, -0.16022850941993638, -0.3180605106069263, -0.1750365887588855, -0.2998441000011429, -0.6856789135227545, -0.19843808145858943, 0.5494709971202476, -0.5807815644842554, 0.33263475583246516, -0.0851917896826101, 0.6432436110921991, 0.5049109930048465, -0.2215087345298281, -0.21896432938356847, -0.19831610628203977, 0.2817732238435333, -0.07498383260542585, 0.21441704451806087, -0.5056994825169864, -0.29523368857379007, 0.3460327709663753, 0.11339177567435899, -0.1026347012372707, 0.4797994327231878, 0.7756362109395494, 0.05164620514787033, -0.12715224835730965, -0.1147865932579506, -0.15648523160210637, -0.5485725422907425, -0.22956188072528028, -0.257581370364367, 0.38876390092106505, -0.26254653068176637, 0.7144176677877021, -0.4471736213956582, 0.39391895158273993, 0.6896167119336001, 0.17716513547813184, 0.30351219685161634, -0.22047239102848826, -0.2311953798317532, 0.26834047060745014, 0.8386772110915985, -0.6219713524288599, -0.0576511289542857, -0.14704100353745775, -0.730071544425183, -0.02437713033804345, -0.42297950116870087, -0.13796757406529347, 0.504074698831007, -0.06675641280642852, -0.4633153144617127, -0.6072586134565782, -0.6243138192017476, 0.0033887228502123, 0.06843891953041492, -0.046544199678618, 0.10382368715485613, -0.4038522930502191, 0.1535449499523125, 0.11405727374289265, -0.5549541026171977, 0.38667121777079005, -0.2022452543286215, 0.02445413905899807, -0.20125121100116605, -0.8322038757205319, 0.5142086194287283, -0.7288429807512428, 0.6964577484171417, 0.3191571627052472, -0.4956857019369548, -0.5873701186938315, 0.36617939280986533, 0.4917511390896159, 0.3831547065168772, 0.8272101711825692, 0.30806514634243864, -0.4205004832234279, -0.19963085416326154, 0.0038984267344490675, -0.4329865148728338, 0.7111099344785055, 0.118106464348543, 0.3699838752137017, -0.9559235449199962, 0.004977649793561412, 0.6163330690599995, -0.09541683739158624, -0.365134360964971, 0.3567497977178995, 0.12639197919345113, -0.35337305183510037], [-0.506963535915392, -0.07460423308254105, -0.22509847617237677, 7.0, 0.7583291097826899, -0.5263662031978372, 0.8975216342289902, 0.09614537762708864, -0.302333793857703, 0.2183569404204737, -0.001307661791902115, 0.4606329130855118, -0.21749692363993312, 0.33907871663632916, -0.01042590385141473, 0.38687164956338305, -0.05381992244246714, -0.17149811147334715, 0.280293506952334, 0.08663655346902033, -0.18551468157883477, 0.6446866408703524, -0.2803062689921272, -0.4183132600983459, -0.6424137535192951, 0.20613949645107388, 0.024081423307873884, 0.14060627417538885, 0.5181834920637791, -0.23694830748889484, -0.05656744378449663, -0.7175660989708549, 0.010700256189246193, 0.3268254792071654, 0.3575985274180029, 0.06428861783685469, 0.1825230079193918, 0.45340223302600435, 0.5046961430315522, -0.17949508722320373, 0.2582059817686613, 0.13834518316428146, 0.22688029914752716, 0.5466108971969237, -0.6049351131134137, -0.07976246427248224, -0.7539093311164798, -0.25629982172368404, -0.5706766160246104, -0.23751357419546737, -0.14708634394312914, 0.6047178111893392, 0.4187883000480559, 0.16650598891860002, 0.11875623163907667, -0.3688253818751238, 0.3422563636214855, 0.4229684905924822, -0.33854892235728773, -0.3197996204912693, -0.5584392338325063, 0.11181247428736985, 0.5207167768231549, -0.6203759174510904, 0.370480796757632, 0.324980167853822, -0.4040002246066916, -0.8066274502523793, -0.8072787840613079, 0.12319417427265966, 0.09311627897636843, 0.015516568279887677, -0.06346689141676665, -0.0532966814513498, 0.7131054493060547, 0.020523717153650978, -0.0565459842254139, -0.223016148793571, -0.8321667570802799, -0.6343895346200241, -0.2653787730520939, -0.5731342528647716, -0.46636259954612036, -0.4269916023401058, 0.013124528110432188, -0.24633457514411816, -0.44169141542014023, 0.12384487441283554, -0.1341682042554575, 0.053654705140311565, 0.14090452828889077, -0.45636286300713147, 0.20876455764138058, -0.8952207012618769, 0.26114791182486985, -0.6692916002946991, 0.10359047498234886, -0.04335245377830299, -0.13526089021050214, -0.38219681355772583], [0.34237631613582176, -0.793735681390621, 0.5989545540337393, 0.7583291097826899, 7.0, -0.14749460261948333, 0.6378848047717209, 0.15887290175129576, -0.24293613093449407, 0.11469314174171696, -0.1037301038417121, 0.11271577890486983, 0.5856870141996069, 0.5727302201020916, 0.25580549788962914, 0.07451683071901316, -0.026630057374230298, 0.5593546667244542, -0.05546238508762369, -0.3821468140077694, 0.21546374429820903, -0.34776788501997535, 0.7457920927691268, 0.6675044360520337, -0.3151240454923423, 0.03497466542814065, 0.247579555121465, 0.18788230232481373, -0.17928120226048017, 0.372177671086372, 0.17189878308535778, 0.05374819313799617, -0.5903893284044783, -0.8710874732047033, 0.848653883008734, -0.8046123899168549, -0.19537387175739263, -0.2569122613102296, 0.4264842186294082, 0.5733025123387279, 0.2883108042421987, -0.37987377164118585, -0.062458439089406514, 0.3465326924067642, -0.32374168276275905, -0.4121084474217358, -0.623047710551321, -0.6070935994539307, -0.2069054206691675, 0.13131566689244734, -0.25294371398755433, 0.28153084388974925, -0.45181819041109683, -0.08284945196036864, 0.10705664997562048, -0.9024208316324575, 0.6396968960145373, 0.37562577173014056, 0.13430416352151187, -0.24485050447172596, -0.6796347002345144, 0.2532876284257921, -0.4265701154427106, -0.5686580278734626, -0.41365869550315204, 0.8385583499634417, -0.3360380444389228, -0.5463427664044802, 0.42643280574959963, -0.10540997787289685, 0.10549813113021256, -0.07713462341049115, 0.36719449526129955, -0.16519137396176775, 0.12835350405764734, 0.12805355461930645, 0.32720359042187575, -0.09160246611702783, 0.8214133564042685, 0.25713690576897563, 0.31127484521692317, -0.5553695596174673, -0.3840026223923121, 0.1482852620094004, 0.4406553800302575, -0.6708779506600693, -0.18407011998467704, 0.08243696933952949, 0.2698128306679606, 0.35685039895316706, -0.44094188158199465, 0.9080959206640911, 0.3095834755212794, 0.31166439407951274, -0.15820352420806727, -0.22402991254554938, 0.530175991660276, -0.029266828131825573, -0.43600874993991157, -0.1150975135918153], [-0.7696563346593224, -0.49874015817286543, -0.16022850941993638, -0.5263662031978372, -0.14749460261948333, 7.0, -0.35072839019419144, 0.2818759942983766, 0.2011584061149032, -0.4938512743018729, -0.5740038381105753, -0.8368409920071472, 0.19259992417968252, 0.13087962982464818, 0.5617973918392964, -0.7763737561887769, -0.6974135271964464, -0.3783239850103767, -0.3680481860172693, -0.5036911590315264, 0.5002518966555063, 0.02993273046528433, 0.28985116299454106, -0.785529383302832, 0.10708782018374752, 0.10000739203088571, 0.1913519846729992, -0.8810239811828305, 0.19155596122200724, 0.701234713835555, -0.2540543393985114, 0.34041983977917, -0.031125575234415948, 0.445534094825907, -0.08321167454628875, -0.21482466351097695, -0.7083381185272707, 0.33552202736650294, 0.7079059628374174, -0.026200289761850848, 0.08123283026407502, -0.21908066236535084, -0.35070592993461025, -0.2644812359736809, -0.30844159891777423, 0.17812378518698724, -0.6623519132403871, 0.6414328602653279, -0.09249133016618372, 0.22703793044538534, -0.18391573399785466, -0.22787658404354627, -0.2975349623857567, -0.16281012239338788, -0.17504074057485952, -0.36871167295089646, -0.6583943950562804, 0.06328357667483453, 0.7254364672892546, -0.5046675170942118, -0.17018534374722005, 0.20953642752652613, 0.27495125065978065, -0.37676426317000034, -0.7922154589750398, 0.5800795273684463, -0.30758997727153026, 0.8079227197051004, -0.13884260465362297, 0.37736611258672337, 0.2342600429804258, -0.3655033522276755, -0.38224998546237476, -0.4089475631600795, -0.0369446061668568, 0.12509485665656905, 0.4626849250732663, 0.741009820398594, -0.43744545427190085, 0.07323738265214352, 0.05895754569479106, 0.6091589952221774, -0.04926069397023736, 0.6395663217926151, -0.3948346700870803, -0.3727936313090283, 0.491732993083454, -0.2050788595101547, -0.8439291165868206, -0.08042184690739862, -0.6206345160078127, 0.2774580595683167, 0.3176243781508383, 0.20171217304795297, -0.5018954559345228, 0.08408208883161095, 0.06363985010498041, -0.10994959394811643, 0.3273660483196923, 0.7300516878441281], [-0.5235046741687513, -0.18576303038897346, -0.3180605106069263, 0.8975216342289902, 0.6378848047717209, -0.35072839019419144, 7.0, 0.6829370332966058, 0.21077188469674613, -0.10312886501138085, -0.4274745788178973, -0.15925790750609126, -0.3977847252143728, 0.5929243699081377, 0.1274945786822479, 0.11120843486984633, 0.40758164089810833, -0.19409739574496454, -0.30086735164187817, 0.15766761792751716, 0.4662394885419119, 0.6938623824535946, -0.04825684746620107, 0.062348438743900836, 0.6377563478014858, -0.06386979114995384, -0.11580792430231224, -0.18144690062763957, 0.39247142621083597, 0.4030518424793881, 0.3748173050909873, -0.15371851095255962, -0.8681855315623898, -0.3069694520677103, -0.2612243362269544, -0.07920783564091938, 0.24710029790755383, 0.29940214619384586, 0.4516671837296724, 0.8248209846267789, 0.6731816825707972, 0.4887874964180745, 0.5067455233625711, 0.060978519397408615, -0.7096563284813958, -0.8845581844636615, -0.6652586180593517, -0.4063389650613779, -0.373197550443218, 0.2196825366268378, 0.4749305882302681, -0.12833728809380784, -0.6172436099737585, -0.400020633534807, 0.9301356891020987, 0.640249004324563, -0.542011495475164, -0.01165457500189393, 0.31781631384920006, -0.13008128773439587, -0.5068032302983064, 0.16983539936403735, -0.1512302587961999, -0.15786236996747494, 0.2776327889746124, -0.035293390614271836, -0.0921473155503123, -0.5375517247273792, -0.656598723998581, -0.14629730412938813, 0.6832931104076376, -0.6329026689970808, -0.27018296705805056, 0.6139615404746779, 0.053852915878942476, -0.23146854734427402, 0.5304371037850364, -0.0713282813318532, 0.04143365194936122, 0.20832209087752918, -0.37917481812766507, -0.4020158189860463, -0.06473982890164254, -0.1902999219331033, -0.7998963517008719, 0.23146733406184383, 0.2820285545395036, -0.29019385741287207, -0.921395732526031, -0.1484876513099559, -0.9504466074350868, 0.8672847663225407, -0.44248746489851254, -0.32799990825720526, -0.07868820261743636, -0.03038709234614312, 0.1834634670921833, -0.08187896572584752, 0.16554689716706728, 0.5986270946269285], [-0.30461408145553304, 0.07635819741979732, -0.1750365887588855, 0.09614537762708864, 0.15887290175129576, 0.2818759942983766, 0.6829370332966058, 7.0, 0.365105727269017, 0.18766536429905578, 0.09358722927252083, 0.1301587897939216, 0.31499711459697854, 0.28665836920390886, 0.17554889403432083, -0.5295913437835191, 0.03616104602861592, 0.2890277505198089, 0.10805649901518755, 0.5223713884572787, 0.7675469260072378, 0.04668435933329507, -0.6519626232801017, -0.17099478544640112, -0.23721777986878378, -0.10021281695639372, 0.2419022795883723, 0.5376245284704981, -0.5709644996780042, -0.30658489861158933, -0.5649833804783089, -0.306310427869, -0.19618623380208733, 0.4352085437734654, -0.2856487893126308, -0.28824905192578654, -0.20573489606018247, 0.14722938299794963, -0.10827148458509517, 0.07193135400426476, -0.3818234180565582, -0.31089193658856573, -0.7451563799495854, -0.12612626111697178, -0.254185347917243, -0.12258049228089529, -0.013357662035174855, -0.3836271275303954, -0.8680035871683045, 0.041986959397829704, -0.6627812564207732, -0.14714259915250083, -0.4452244629975344, 0.08279542868889589, -0.20802108149084053, -0.4821234430289538, -0.1275568053877293, 0.4139416563875271, -0.3808089539734425, -0.5664430268084425, -0.9212348102752116, -0.6732197462131494, 0.0150042555110379, -0.4636158933542003, -0.18432747902632218, -0.2169284009127016, 0.48321194963452374, -0.23501828462717012, -0.4255131882327474, -0.08695452445370677, -0.6557545026235136, 0.17851458670510612, -0.37319311602190797, -0.34204882337222764, 0.3273480558359476, 0.8219625475383001, -0.47622993694041116, 0.8825631460672234, -0.5052278062704777, 0.5444468279537396, 0.10534535050826688, 0.4267375838653207, -0.21942874093948983, -0.8467444588571313, 0.616230762500636, -0.41917301204831303, 0.05160550386508911, -0.11800206758507892, 0.2030490902116444, 0.6152196084408899, 0.45687010568711584, 0.03254958102968386, -0.6577879292775586, 0.20527120087740736, 0.16049234097741993, -0.11184230769656966, 0.8422737420753652, 0.3593499305453378, -0.3535492957949682, 0.04326691971168484], [-0.04289111371643595, 0.751165749115901, -0.2998441000011429, -0.302333793857703, -0.24293613093449407, 0.2011584061149032, 0.21077188469674613, 0.365105727269017, 7.0, 0.8474802658176825, 0.180300282873312, -0.1725601397991292, 0.07824736882204353, -0.026065587746285312, -0.2076034518199108, 0.15125055646194108, -0.33648750128267, -0.1499882227443614, -0.3084623756339976, -0.925488531800673, 0.07130903441048941, -0.18616764601927915, 0.22626934432015622, 0.4648687044525266, -0.2251133532101518, -0.1850884133894043, 0.2497034180541462, 0.19692829817156898, 0.2156994273378976, 0.3755907828461935, 0.36702427880922883, -0.4441738458962833, -0.3076539641859031, 0.30409247836404507, 0.03758748847169269, 0.6636391602781091, 0.8129620931903774, 0.047484054267258324, -0.04380912571299411, -0.09681232772163106, 0.3018613004513666, -0.2166233454465496, -0.3068020281756938, -0.6888177186186999, -0.3912634968603921, 0.30823831898221843, -0.057083689137730986, 0.5035796989070316, 0.3099457399370651, 0.4193903104022094, 0.19892774700693638, -0.0778677248080274, 0.021765719057503574, 0.33651314376995844, 0.11896219129413055, 0.15453338496266755, -0.21793213837582226, 0.34892575312144025, -0.340741879902121, 0.23088929819285964, -0.23220991409241076, -0.1688139184598062, -0.62188856402789, 0.44685632208176074, 0.25374991804268787, 0.058536124131674416, 0.8764706631292738, 0.3238809330663057, -0.28730456411431604, 0.6820123945169139, -0.39080636753607334, 0.003663642261538591, 0.6697982840615331, -0.4506698575330662, 0.36765796628444414, -0.6944716783994794, 0.33027294813396635, 0.45502044564860444, 0.014287201971772134, -0.13695994687242086, -0.48737901975443776, 0.21137304696921033, 0.06429051698997879, -0.2937389032478297, 0.040991714528557655, 0.2441552808423224, 0.06345502450546947, 0.2506837165272484, 0.330022995256126, 0.6222682284001166, -0.16357862461151562, 0.06888753222623878, 0.1549529744374185, 0.3344759797883956, -0.8595444888910302, -0.7534225038138599, 0.1873452819471364, -0.2928777682364275, 0.2430911683156527, -0.15834665116126145], [0.10955541866386875, 0.42606256861251457, -0.6856789135227545, 0.2183569404204737, 0.11469314174171696, -0.4938512743018729, -0.10312886501138085, 0.18766536429905578, 0.8474802658176825, 7.0, 0.34794215730828815, -0.690950175820429, -0.8223639547128658, 0.4664703844234297, 0.1918828937737449, 0.7330273854694385, 0.1907144702615704, 0.678176697362532, 0.5264617870319923, -0.4657575801367009, 0.2518316453679279, -0.4782068755896872, -0.4549125935792262, 0.04206937135255728, -0.3887037663699019, -0.4828363289923454, 0.17664825623334535, 0.4601907135410568, 0.2043142186987219, 0.09325292768147708, -0.6971618907855786, 0.29503401221017356, -0.2051812097426583, -0.4711015539061293, 0.2009662231366638, -0.5437745425990156, 0.7064695969743553, -0.35711907109891716, -0.5053393236147958, 0.12525269562551644, -0.5973783875054637, -0.4597003558407817, 0.00019472769465900264, -0.5114511789718541, 0.06256155322297641, -0.08670875803077449, -0.28235981104338814, 0.6860131406779086, 0.27504786100618084, -0.08234094234628042, -0.574350288132865, 0.5140900711956764, 0.8135900771463371, -0.5121358361337701, 0.3178966357787596, 0.10408621925138228, 0.0026718195748316464, 0.2093878319840634, 0.4146764325102372, -0.08580793007758536, 0.09083192598199297, -0.5373385119469526, 0.18005963652479506, -0.48005462427758716, -0.03503047107233048, 0.3068606181345821, -0.0991793619743313, -0.40017108814714086, 0.11194600897813634, 0.06483139861736431, -0.5302488120136943, -0.042716300161368626, 0.7154820849988746, -0.0878585776955163, -0.35184271008989254, -0.26200224949469564, 0.2001886481238917, 0.6218150412915442, 0.6781707516472917, 0.17940979665362233, 0.4764219682073314, 0.14883719819604435, 0.7058757388417467, 0.4771559300548496, 0.1516906173381607, -0.15100277942254303, -0.284843167896045, -0.07914687582703928, -0.1363728494353864, 0.2635617510727286, -0.1357704297056277, -0.6378123500896982, 0.8398691147347597, 0.692064473170839, 0.16573446635280287, -0.7943086673876711, 0.12346730493114855, -0.3621172363253141, 0.6375418864671247, 0.196590635560983], [0.07565232604687866, 0.17340690383153512, -0.19843808145858943, -0.001307661791902115, -0.1037301038417121, -0.5740038381105753, -0.4274745788178973, 0.09358722927252083, 0.180300282873312, 0.34794215730828815, 7.0, -0.10171211887807952, 0.7433259813603836, 0.3760445546099169, 0.6168016053344103, -0.399129763863156, 0.13815708079423494, -0.08692563867328607, -0.2110190020964544, -0.2489529594245875, -0.07933701591094466, 0.09367820017820305, 0.16467598112981796, -0.5412670070306851, -0.7136004863595905, -0.23151124008493207, 0.08096212764955646, -0.4399185519035035, -0.053841796945398035, 0.0659546463125702, -0.1314484428320245, -0.5507934977833138, -0.12154775324877243, 0.5156976599191652, 0.5302432801463615, -0.555399267050372, -0.0746938614960404, 0.353821704831512, -0.6021151807854104, 0.09387584622670397, 0.1847563986963694, 0.8446483448036748, 0.3848842663482639, -0.7781335013685752, -0.24021213253037155, -0.3317955573310194, 0.23443154266717325, 0.636334966370335, -0.37761534571925826, -0.8065104497834905, 0.46476466123054516, 0.11799279571933852, -0.7009248350196989, 0.3225288643490436, -0.10105621943785059, -0.48220071591510405, -0.006570424327159596, -0.5337926251418286, -0.5971087952207446, 0.4095674816349344, 0.43874308172488563, 0.03355987698698737, 0.0012087542219991754, 0.14809035608314458, -0.6284637804347253, -0.27812109875093327, 0.1584636170092102, -0.12732219234189746, 0.26865198652080546, 0.5432650931379555, -0.03997217573820888, 0.11656339076815248, 0.8875025500332745, -0.5305071737358429, -0.17205100256699912, -0.07901363935724537, 0.4587493829171472, -0.4082774924179531, 0.35991542135601406, 0.7099353895492744, 0.868147553582268, 0.02951870477263796, 0.11884570961163554, 0.6169533957677453, -0.16088606891066992, -0.4307756012910757, 0.1205666539145338, -0.18851930578094778, 0.2176097312170293, 0.7988933995259047, 0.2934600971349657, -0.6650600067681214, -0.2341094343157396, -0.19537394556450038, -0.3867977890577585, 0.010048017775554419, 0.5151360594449881, -0.5419303989655244, 0.15988148193549456, -0.39733727740935765], [-0.7286473735849031, 0.3703399416858839, 0.5494709971202476, 0.4606329130855118, 0.11271577890486983, -0.8368409920071472, -0.15925790750609126, 0.1301587897939216, -0.1725601397991292, -0.690950175820429, -0.10171211887807952, 7.0, -0.42920272426225814, 0.58664077891875, -0.701664982275712, 0.06731424161948119, -0.2206765745081638, -0.4042793854972382, -0.22331770818817076, -0.4487911546255662, 0.2305626251485302, -0.4240552615708859, -0.5308590906164867, -0.633959432187537, 0.5150070990401723, 0.15207210647303215, 0.22202613975127106, 0.6098613978541887, 0.07521621474595719, -0.015028584403235845, 0.8080000713848503, 0.3308401724861365, -0.26326352973995293, 0.4386204736067463, 0.27304825470565675, -0.35778784889063187, 0.2329125380573489, 0.8796477429484046, -0.008062853341349596, 0.6671774271627009, -0.6399084749629638, 0.46216129759131475, 0.21666505510633494, 0.27738977135789344, 0.12283834409050054, 0.13291082282971622, 0.07913149361692118, 0.05028062266309119, 0.5292865052719689, -0.7501585739925922, -0.717423670004207, -0.2554979686161174, -0.11819303147110516, -0.3144454266670401, 0.07962249366152419, -0.018998297877527826, -0.07915953943455323, 0.15030006131543727, 0.7478171831221243, 0.6777223606973255, 0.11574572147199103, -0.05009192530149842, 0.2816162146482948, -0.26585500856764344, -0.24833660190034756, -0.28527955604711086, -0.3615908595230941, 0.34194039232128004, -0.7365169909296746, -0.3427640845058253, 0.43127119146905013, 0.8229047698077587, -0.9696205190158568, 0.21519367802096934, 0.2104688130285597, 0.07962423418841391, -0.44381286274520815, 0.7399900317336578, 0.83456678699137, 0.055594032382751735, 0.15613961822471123, -0.22177613778564198, 0.7446936175222543, -0.11670556965865475, 0.03173350613630732, 0.3013460428034944, -0.4804806169876942, -0.8223193961717445, 0.3382060353462215, -0.21218442387630565, 0.28005103729810554, -0.15032000440519655, -0.4078735797005807, 0.512095938840742, -0.2082633294888936, -0.011026289600547856, 0.15425042493990193, -0.2657487782369419, -0.07190878668779432, 0.23896608398820285], [0.0004032481144937705, 0.3444259973174866, -0.5807815644842554, -0.21749692363993312, 0.5856870141996069, 0.19259992417968252, -0.3977847252143728, 0.31499711459697854, 0.07824736882204353, -0.8223639547128658, 0.7433259813603836, -0.42920272426225814, 7.0, -0.1233578244698601, -0.025129138954585795, 0.4941321247556263, 0.6601352328674994, -0.3956595941525607, -0.21381260121733348, 0.03428054838816008, -0.1267304140090313, 0.5250818934776502, 0.13530733080644275, -0.6036570772686594, 0.4674486122024444, 0.08586705829446362, 0.32737277275569965, 0.1442294766212755, -0.06820435424697813, -0.6703729434560474, 0.4122376003271626, -0.1424858142622133, -0.3747062616373812, 0.4491148142801358, 0.24358280137113586, 0.5291784582554622, -0.26450820701488964, 0.2587114672485402, -0.0517353217473604, -0.8803004682412211, 0.24122054054102593, -0.4732614762852855, 0.3148348251341031, -0.1147629681424277, 0.04758328879579099, -0.3903609659651225, -0.360381263920566, 0.5192256436420544, -0.0680335786194819, -0.5344372637662441, 0.21429461487943025, -0.12979744932054593, -0.03565843016077186, 0.0014786962083581656, 0.07899186587373164, 0.19250917226268527, 0.033884028586842696, 0.7549049664493614, 0.40204295281348457, 0.3212662969864186, -0.15552435980403445, 0.06647801763355421, -0.15689443950370585, -0.08210471245312612, 0.1099177765913657, -0.07046241908439066, 0.3698624623111304, 0.20571587805654, 0.24882256275704062, -0.632470633789489, 0.03820258980718072, 0.2893838066253669, -0.05184896530568084, -0.6240633561327482, -0.04614970679873753, -0.08496483486332829, -0.27876469648668634, 0.17611813432450063, -0.11877921297141236, 0.25566148834710534, -0.20535922624117686, -0.06518774375959335, 0.23052847243367136, 0.10933793732471342, -0.11308463355582632, 0.231625743446898, -0.3809681800292537, -0.5221283734863482, -0.08083144989707414, -0.033352508042327256, -0.7370380103639204, 0.05173657093882822, -0.1900032818235956, -0.21235134482520257, -0.2944129285907281, 0.03846994414301186, -0.22815303329357706, -0.13808131224482612, 0.18840614692994917, 0.052298335305897226], [0.6715375529977092, 0.30001304008506113, 0.33263475583246516, 0.33907871663632916, 0.5727302201020916, 0.13087962982464818, 0.5929243699081377, 0.28665836920390886, -0.026065587746285312, 0.4664703844234297, 0.3760445546099169, 0.58664077891875, -0.1233578244698601, 7.0, 0.18899391079162786, -0.6359302044720108, -0.6037034028477836, -0.23402696759522446, 0.2879011492816228, 0.5922490661325508, 0.22554078628149687, -0.6654980828582933, 0.13070863698010093, 0.044393368903076214, 0.2910907493890935, 0.10896659596861147, 0.14250567311452267, -0.2149920150208523, -0.17010826915206578, -0.15596494258716975, -0.35096178418986734, -0.8019065328829994, 0.5640294256814062, 0.3707245713088587, -0.26513776500572306, -0.6442618688325574, 0.31225378528807024, -0.7609875871870073, -0.09152141998778562, 0.17431280276252603, 0.13152336163807066, -0.5158575269217288, -0.1513774680936255, -0.14673345117058945, -0.4047110672785862, -0.6868104142649886, 0.4504470609927962, -0.5271426814601045, 0.1357899752543339, -0.20264099584883788, -0.15596108073872605, 0.07525182434056843, -0.059049506739570656, 0.19929518435819205, -0.30470596381484916, 0.0953562971594133, 0.2825268552964306, 0.08683444881835167, -0.11838110064428642, -0.5396380601756472, 0.7412144424578169, 0.5504237998350328, -0.5152254488337558, -0.6766455889767594, -0.46878866032046884, 0.9470003233626345, 0.09352492963725667, -0.4653941955957249, -0.27294354826556, -0.0701931612406198, -0.5355204266033069, 0.36211494845599757, -0.11583772829096162, 0.38771904184277783, -0.624283115141726, 0.7217933619393171, -0.08618316492615496, -0.10477810200935067, -0.19182511569767324, 0.05546110888837941, 0.19477458509028622, 0.20482575003686376, 0.2673014492966639, -0.5304012104278054, -0.32977063833695475, -0.05728523459880608, 0.5361165304236404, 0.8641249960758732, 0.3732160390035526, -0.18231365542886957, -0.39444911679086825, -0.25748246172725997, 0.3734646028140487, 0.11543805692737763, -0.40680369737019273, -0.7076485764686878, 0.2706762028224001, -0.5576409823251928, -0.2603997652223985, -0.5128469977579984], [-0.5227221979013139, 0.2847177825782945, -0.0851917896826101, -0.01042590385141473, 0.25580549788962914, 0.5617973918392964, 0.1274945786822479, 0.17554889403432083, -0.2076034518199108, 0.1918828937737449, 0.6168016053344103, -0.701664982275712, -0.025129138954585795, 0.18899391079162786, 7.0, -0.23514545729446534, 0.5166675995099685, 0.25412900897656954, -0.07410463622765862, 0.48622525661521854, -0.9164845754361216, 0.5040353346462076, -0.8437176134545104, -0.05910134642131337, -0.14304465622026186, -0.4030497067681864, -0.403161661795463, -0.29028133785076393, 0.06221592450595992, 0.3892829997077163, 0.4318608689837573, -0.9631999252456663, -0.17953218746762578, 0.0968914235246423, -0.6602136408757968, -0.20858559749670647, 0.2748443689462199, -0.13936268579165556, 0.3144547102162454, 0.4095439484199641, -0.3275522907485384, -0.09623233369699369, 0.7415611206871295, -0.08477609849220025, -0.07378042491535763, 0.06144633142670597, 0.3759270627381426, -0.2890906975548819, -0.30938807723277195, -0.02207892757131613, -0.219633455152222, 0.8465846021264007, -0.6858452752753496, -0.6503522545915135, -0.025194433287793028, 0.11430589051721718, -0.07820979449491428, -0.655174119573376, 0.1457284453936305, -0.24012064974139924, -0.3918706927453349, 0.7749661142035231, 0.5971557438163495, 0.20572572770890107, 0.8966665775469838, 0.43891119145392343, -0.6240839022485775, -0.6387668363803922, 0.3542849043716916, -0.6070182221562198, 0.6643219210539186, -0.07226885332634592, -0.5639969280906723, -0.44604030945546935, 0.3935886222547722, -0.005259195800497496, -0.07956954853699261, 0.5071282599374098, 0.1063115817953868, 0.42403864285116377, 0.2089614317264219, -0.5336073755748096, 0.02342532195895286, -0.6077398127785807, 0.38080821342672566, 0.5348603670173335, -0.15166347309252448, -0.3503067690019537, 0.22460385033317865, 0.44532347234323355, -0.4321458065491005, 0.04173072153444557, 0.13741243874553155, 0.26487740524065906, 0.33492793702354384, 0.6655881480162216, -0.7252449167757823, -0.15323128505450845, 0.6481180028198339, 0.3768248826586964], [0.6088170772295722, 0.17071791065964748, 0.6432436110921991, 0.38687164956338305, 0.07451683071901316, -0.7763737561887769, 0.11120843486984633, -0.5295913437835191, 0.15125055646194108, 0.7330273854694385, -0.399129763863156, 0.06731424161948119, 0.4941321247556263, -0.6359302044720108, -0.23514545729446534, 7.0, -0.21291670819977604, -0.10898045073788254, -0.5825548494246101, 0.48785590884022256, 0.18670668620355002, 0.40676644983222987, -0.21683290547487089, 0.18838910760628913, -0.34311953385004024, 0.02257765506935261, 0.6818093528497027, 0.5811217528941504, 0.4461740674962167, 0.3151288210191776, -0.1972497813851275, -0.4635551839123031, -0.13859495951385026, 0.16652457621450578, 0.6484240174519029, -0.4318510097134993, 0.09796887144190913, 0.5837714938654812, 0.05999092211093515, 0.15357994764793403, -0.6536220339873916, 0.5145722135074178, -0.00591287739621138, -0.5472175052028986, -0.3332278949570596, 0.43777355930456396, -0.25565982925327857, 0.774182273801602, -0.5300297305819657, 0.41846752511864427, -0.49056283267745204, 0.6916097055190615, -0.7321745216005242, -0.6914133738398828, 0.208667593085043, -0.39705911670570126, 0.3375926355651928, 0.0035895391738987037, 0.01697890225965959, 0.31382885382471826, 0.08547176008589208, 0.03235158647818426, -0.03351807934374795, 0.32350857889779583, 0.04896086822126833, 0.46598810954118797, 0.5876206470834884, -0.03398132239891627, -0.3036615223144302, -0.6253588548756128, 0.5354245681299121, 0.18258801496087163, 0.3128583332932493, 0.284203858285347, 0.12380971666373086, 0.3686590834380872, -0.40663174860287554, 0.9347737196900483, 0.4827973098746656, 0.40415188209409725, 0.03571596174741076, 0.0064675238153784065, -0.6660212762748621, 0.030637387054429865, 0.3161285120373054, 0.5532104494863883, 0.08846038843586701, 0.0669618124220821, -0.6468802006043992, 0.026008392109248657, -0.10662783385134811, -0.697910449990929, -0.7853930343139093, 0.12668956958675492, 0.1603284366511546, 0.00454946177186244, 0.25211837991567543, 0.030320217899014512, 0.45225452117668263, 0.8671027274466079], [-0.6802631326970981, 0.17452031835011694, 0.5049109930048465, -0.05381992244246714, -0.026630057374230298, -0.6974135271964464, 0.40758164089810833, 0.03616104602861592, -0.33648750128267, 0.1907144702615704, 0.13815708079423494, -0.2206765745081638, 0.6601352328674994, -0.6037034028477836, 0.5166675995099685, -0.21291670819977604, 7.0, -0.18709865400404735, 0.1871708774231462, 0.3369672176106029, -0.5487921792426075, 0.5203978340674715, 0.20559481406579838, -0.47047618030466476, -0.5319730216181492, -0.36151125717490784, 0.2725710955064917, -0.7754637191083517, -0.402967926406928, 0.6304737866069454, -0.6948464019592671, 0.14857218652428594, 0.23779796423662747, 0.010167566373053383, 0.06525954922742772, -0.5015373071910407, 0.1572076538654068, -0.09987654004507562, -0.1157505509992901, -0.7757163761836574, 0.10891008256582557, 0.41469525141389063, 0.06521519096691053, -0.1837799259916395, 0.045832145881711917, -0.5168698007885065, 0.4150978637711049, 0.6553085781343242, 0.4583263288260784, -0.008124073675267574, 0.18849370214360306, 0.7641815906712459, 0.17441040202866498, 0.2096169111726387, -0.5105179652015781, 0.3113500733228167, 0.0709225015974071, 0.07277501648214502, 0.13628139430358788, 0.3720899726150373, -0.1793628283458334, -0.018447142237593805, -0.151909748518834, -0.3394864000557054, -0.04490734206504654, 0.21970765431381611, 0.5167994633592041, -0.517764479566689, 0.7622518821971136, 0.20502623628142658, -0.0959488987850432, 0.5988172768414568, -0.7696863933087076, 0.1965762182553914, -0.17397390603474416, -0.5931056478099291, -0.11530172253599924, -0.0258001411218568, 0.025728444000811646, 0.10996091554610676, 0.18788163460692697, 0.44558874673026794, -0.19354515745744993, -0.8689033681542511, -0.027435036026864812, -0.08432136578996163, 0.38466853537480805, 0.4032285557728641, -0.6421005570136598, -0.4068644012140279, -0.5470388600557153, -0.4681507226472681, -0.32646172853377664, -0.24390233194634092, 0.2985956933854139, -0.09153509543744531, 0.5133418076034229, -0.5782728326709907, 0.29542727139049463, 0.24357157669376406], [0.03079643917164976, 0.1957592826056307, -0.2215087345298281, -0.17149811147334715, 0.5593546667244542, -0.3783239850103767, -0.19409739574496454, 0.2890277505198089, -0.1499882227443614, 0.678176697362532, -0.08692563867328607, -0.4042793854972382, -0.3956595941525607, -0.23402696759522446, 0.25412900897656954, -0.10898045073788254, -0.18709865400404735, 7.0, -0.004175553825586209, 0.07665664860788013, -0.1285654250380709, 0.09608736192782996, -0.4347655463937107, -0.10336420508633659, 0.2690370791294239, -0.08322522146751976, 0.35213837458247843, -0.49875004767015363, -0.8687032245175326, 0.340036154092235, 0.7302090518729338, -0.061426357607177406, 0.36885636615656336, -0.21090951673805325, -0.5640533255220482, 0.3527436549862881, -0.2675271967165712, 0.043911664720568844, -0.7845978324692796, -0.5350544255303286, -0.40671795453366244, -0.14064225776242545, 0.2934990684817431, -0.05112716256573724, 0.4931023419128211, -0.2302696599254881, 0.05888352799127916, 0.263026478874572, 0.318691894091234, -0.37376572915431394, -0.1552112142054628, 0.44297214242017, 0.17879684383114824, 0.41679934427406184, -0.2835061027529707, -0.29602915596802437, -0.3196540542443004, -0.12104130414987913, 0.29422929478484283, -0.3332245826309953, -0.13679491225847296, -0.1717545698532934, -0.16841771820115214, 0.1267295032805138, -0.07631634278557142, 0.8027309528711242, -0.04207160053519221, -0.03541124257973738, -0.6742010853938706, 0.3118988272318539, 0.28619621890640445, 0.4182218486937703, 0.5061119106230909, 0.7695056493008567, 0.4368202636635272, -0.5891935828380254, -0.7283531532259763, 0.7098193831022543, -0.3729948118547258, 0.08082945957538112, 0.041207741731163594, 0.7116405955436926, -0.5539794223768029, -0.7550012249841896, 0.009061541972203546, 0.21209386403562425, 0.4467997073928718, -0.0023165759786939466, 0.32804537478994145, 0.08800765946257627, -0.07669264523835939, 0.7473259072370915, 0.13466681989389273, 0.2743935513473583, -0.5537400723416759, -0.2267249597388059, 0.4400068810974598, -0.062230868172173937, 0.7778460861364491, -0.47919324143855446], [0.1699026570454394, -0.10101026672137103, -0.21896432938356847, 0.280293506952334, -0.05546238508762369, -0.3680481860172693, -0.30086735164187817, 0.10805649901518755, -0.3084623756339976, 0.5264617870319923, -0.2110190020964544, -0.22331770818817076, -0.21381260121733348, 0.2879011492816228, -0.07410463622765862, -0.5825548494246101, 0.1871708774231462, -0.004175553825586209, 7.0, -0.3833518120344013,