{"N": 150, "M": 3, "c_0": [0.48988422933228093, 0.1349297160267786, -0.681131266107734, 0.162394577925018, 0.45718418282313444, 0.9271976896425791, 0.4791677819987381, -0.3121132874585011, -0.872585884012052, -0.9129039880700336, -0.5690041835047317, -0.5374636834521893, 0.31757348553181597, 0.9857026246276022, -0.4624443988052005, 0.4613586470023461, -0.2928189093486542, -0.7166980484111984, -0.9764982642955249, 0.2956270075386773, 0.7480178258396011, 0.03286016130359126, -0.7406114360568328, -0.579601397975656, 0.2597546869202365, -0.8400373262991241, 0.013401803814716118, 0.7306031319481716, -0.19479042068674168, -0.6755910563872285, 0.164220628567449, -0.16679846233295303, 0.5520525958858933, 0.09813875029213937, -0.7764755878421807, -0.7016028515407531, 0.20040357198479697, 0.20772091857808372, -0.5885462219391895, 0.7228847647686651, 0.6743363447554069, -0.5337411449705496, 0.3231170103965699, -0.6589120578562844, -0.2713836437238295, 0.7116184416786571, -0.8337147181925892, -0.9933065036295026, -0.2020161727159573, 0.9602126623395255, 0.9293331354464742, -0.9924627848647876, 0.09242382607711996, 0.33994394695799635, 0.1303088485275281, -0.8793125505591262, 0.1522898808611124, -0.5363666673357872, -0.08356806529678695, 0.7518013270050412, 0.6705675267223672, 0.09187929773894066, -0.4081894067300873, 0.29017205617625685, 0.13121501744961694, -0.08111559281570568, 0.6030343659659416, 0.09288274293502519, 0.12316025047401347, -0.9173194358267571, -0.8512202337965162, -0.5825138970731683, 0.10681310597442417, -0.4640135676435846, 0.3161232107422123, 0.362426213384885, 0.9441009251681378, 0.18104846146961218, -0.5262421952560952, -0.3013549634423751, -0.4103939660979359, -0.7686876746830142, -0.5820336522527538, -0.9266245217173517, 0.9006406180848865, -0.9190218969850636, -0.719870938661789, 0.3174618417940822, 0.180413160183317, 0.7787709314318303, 0.17630866787813892, -0.5778836499760949, -0.8626823010142417, -0.029988703644543202, 0.06279006456250125, 0.2067650472627609, 0.9580616486561824, 0.3150918157663547, -0.9716898024766074, -0.9161033118750141, 0.8067739510782159, -0.3310883414200638, -0.8139036436861851, -0.8051577375846237, -0.8991017571818591, -0.25941220887838656, -0.5125122703595824, 0.976880572599212, -0.017180190042958454, -0.41173299236308836, 0.23972805838244926, -0.8260192249656009, 0.4863079073571608, -0.5474523981387838, -0.9039152652958538, -0.3074220356477968, 0.7532357371063034, -0.13307648375478753, 0.9725496937097102, 0.12846593920609806, 0.3088789460690504, -0.673617896459618, -0.429269029005392, -0.26967273991731155, -0.8887406872763459, -0.7873375345375195, 0.20357358051349594, -0.417463131259838, -0.7335889475550033, -0.09976404447633125, -0.7450543072421811, -0.5427509254841676, -0.6693871836378782, -0.4888026938130299, 0.8261515387879121, -0.4451626333393124, -0.6399346092270051, 0.3270154652561732, 0.08591263239636926, -0.35029826049513524, -0.8419136497766646, -0.6671068589737317, -0.765249377647343, -0.4663907346662488, -0.9084615404475971, 0.45181337071697114, -0.2919489460585629, -0.4977474129595125, -0.6163742847835847, -0.10438783893352133], "matrix_coe": [[[7.0, -0.22195910664135443, 0.3512571969024223, -0.2714889823860026, 0.14026053329583776, -0.434643884334203, -0.21063076465196373, -0.07200823994914185, -0.030453854805886027, -0.46262629937243527, -0.24838978152195257, -0.5228318771543818, -0.37168282609568215, 0.08073749779853645, 0.7517582148156989, -0.5801773447076253, 0.19772612040082715, -0.3047397286407475, 0.20252455139176195, -0.5878502739528089, -0.047988759378993495, -0.3690057106040556, -0.05952989290827104, -0.10314716460160933, -0.7263982798980514, -0.36269386881868504, 0.03996407419434833, 0.08313788962449209, -0.37314965417491497, -0.18154217660136662, 0.7834519484802611, -0.33755964441358177, 0.27725681434002203, -0.06579720792188593, -0.3763473353691299, -0.2742759735618756, -0.07455115216990982, 0.38100543199866554, 0.3701661449331448, -0.4574820640115378, -0.03024674669935723, 0.25722724746811765, -0.13339828062587422, 0.44842486218328803, -0.07001030814597964, 0.2234990270809587, -0.6593101587351624, 0.16348188892158855, 0.058870631714654564, -0.10872686983886759, -0.3134203663636278, -0.28306632885848393, 0.595363124500981, -0.7163901487491671, -0.24989550559449825, -0.5484816613416793, -0.6719419119219617, 0.4600233927743256, -0.26731869691395926, -0.45079793845853, 0.3084479614945743, 0.10247977651450513, -0.28646191631540896, -0.21401679633797677, 0.02088279232722834, -0.4461839198824201, 0.6079511218143308, 0.8481484413086049, -0.0019755947378168326, 0.15013967964566532, -0.8073930989509273, 0.21105284850008177, 0.31104595998009676, -0.25593037080332204, -0.3183318903876017, 0.08375528442699265, 0.23696068890151567, -0.05332617266759143, 0.7601527850956473, -0.5808721406881583, -0.7057958841926774, -0.4442882531984452, -0.05331149603515828, 0.16453020431023324, -0.3615354024313884, -0.546643531771042, 0.2788393392945039, 0.4216333281911684, -0.21570415315961844, 0.2454951595243795, 0.09293344678377236, 0.28556864552069605, -0.15140055925848928, -0.28435214782004004, -0.41810477242254285, 0.07010458577930123, 0.09554882997205993, 0.2573842130529771, 0.6478373200691021, 0.1896033208049439, -0.01709338829552176, 0.050716615471853466, 0.6876881319745798, 0.28202132361378407, -0.5988344203634203, -0.6634201506234879, 0.7518828717054027, 0.2505222062013712, 0.06528559055453909, 0.6403977996531127, 0.1362950839639283, -0.34612841382668547, -0.5641738870898466, 0.7244655487049987, 0.08777662568160816, 0.02151038573450359, -0.07645975358833645, 0.1319283107910929, -0.7573465981760181, 0.5743510343360634, 0.34762259742985435, 0.191732914341586, -0.5997274433359413, 0.6047159877302062, 0.10126748290955989, 0.018414190730156044, 0.02987101140324011, 0.3229504827007128, 0.40971872845535673, -0.3452631890615738, -0.165213748291415, -0.20427065132421574, -0.7434006952347846, 0.7814502459904482, -0.1953066574862572, 0.0931995598718598, 0.24893823224978906, 0.11220789431518652, -0.32824290563820646, -0.15868007315386867, 0.17917173987687995, -0.04862720870683923, -0.022106064267969683, 0.5282863405943321, -0.3479802768030772, 0.263763447064707, -0.3106539040122728, 0.34211885186126345, 0.058393918363436104, 0.6895802102384154], [-0.22195910664135443, 7.0, -0.6818042595270586, -0.6939850446903243, 0.13541967042216196, -0.24022775648172612, -0.0012265628395796702, 0.5137402650991323, 0.287050244933468, 0.0010646054571157304, 0.7205218634162867, -0.15980508505824353, -0.3630736457318213, -0.30540218277150477, -0.17681820596452325, -0.16365324362812028, -0.09209670299978667, -0.14913937606732952, -0.07937298086882949, 0.18013970485530972, -0.07301458283773032, -0.3228307028088149, 0.284693115601927, -0.08924624919487789, 0.5049756370918708, 0.06612407027209022, -0.1056252364539707, -0.2466469697564918, -0.09527361028164372, 0.4239776386740206, 0.5939802666334459, 0.63928977711716, -0.28668184846048184, 0.2939567532894243, 0.6192396383889642, -0.29306688790880076, -0.1447114570639796, -0.48045252650081327, 0.24276503911900282, -0.26613078739280704, -0.0016843469590986926, -0.1588840925212217, -0.5212811536642253, 0.730831953854326, 0.06131804821758147, -0.033552984280849296, 0.6067904623057991, -0.46224703420783586, 0.3987435141122524, -0.4496871192419746, 0.16583654393751823, -0.10446496768592728, -0.8147391962515788, 0.15699635371364207, 0.2914497509909253, 0.05741779325520646, 0.6173447821496993, 0.28035888376327467, 0.06955495195316086, 0.056084290757918875, 0.4264098617288705, -0.05653044106707916, -0.14525003006402626, -0.8175983206191624, -0.63703375771755, -0.16782869154632307, 0.42107847619961714, -0.45203979242196335, -0.18920919784487178, 0.341184766250495, 0.22785145227667636, 0.3178159613496727, -0.04168560636613716, 0.1819448437487745, 0.4702265091067517, 0.4084307538335241, -0.07010355816916392, 0.26396642559586514, 0.2933653508410665, -0.15641960669471677, 0.4599792467821757, 0.20724914790558469, 0.20104804376828467, -0.28700231770344053, -0.40327963840962155, -0.41535035427355904, -0.04146163672353809, 0.0300732290809278, 0.5280826007816406, -0.32247855216449717, -0.7889386277761872, 0.3703446601751996, 0.4397275573425654, 0.04307258679110726, -0.24575465740445446, 0.35154637899918484, 0.38195429934857916, 0.39927799219890026, -0.12818565138236215, -0.058104161798072984, -0.36296708369552844, 0.17765236976396315, 0.05600998295129189, 0.33742622131328925, -0.19840098618597646, 0.22243245804096468, -0.08453384534954567, -0.5918077784451762, 0.21231283440111337, 0.7641007623248726, 0.12374794027969904, 0.39761333060976, 0.1563486350211165, 0.7623642975632801, -0.10384022917902458, -0.42388340672247726, 0.5287791473035122, -0.09483312377557096, -0.37922397354759063, 0.2787807527152526, -0.855095319892445, -0.01197750120746044, -0.7388703344167259, 0.1419443374584839, 0.05697417519486336, -0.3566311493301655, 0.29020293226030924, 0.15469975020099325, -0.2858070911706295, 0.08951254689953347, 0.3988325538240636, 0.08009914324130385, 0.7106093814199013, 0.27593613172342035, 0.18807333795972592, -0.550171331694553, -0.09989121332530893, -0.4129555847591263, 0.07918524653730241, 0.91885697027203, 0.10527919248515438, -0.8182942231047727, -0.6295906950378442, -0.2660910242320714, -0.2099120741033087, -0.2732664467489625, -0.2934333309046585, -0.23164253182505046, 0.18476398282974693, -0.4244980621586517], [0.3512571969024223, -0.6818042595270586, 7.0, 0.4566708680758511, -0.1537777756697266, 0.7436954615259137, -0.07357675206837277, 0.435935087183581, -0.538906398025058, 0.07584081492565642, -0.13814123560728542, -0.4319607742983025, -0.3508287922521821, -0.1365786146763852, 0.14078617098130675, -0.5700971500714177, -0.08956838156154356, -0.21059465723584259, 0.13689055440529785, 0.1951461650889188, 0.5089232535879469, 0.7698237256358733, 0.38105637550024163, 0.42815877032134364, -0.477954617259048, 0.3635450404493823, -0.2062284396337265, -0.2131806534968943, 0.7382500354728836, -0.7645417444507995, -0.2958906488540719, -0.030609205781205295, 0.38738709189484766, 0.14135095938353182, -0.2909355127183524, 0.15815726735704727, 0.38930338619889104, 0.4734156724482925, 0.46378546754853667, -0.7717144800596543, 0.027601868208680047, 0.5492558376864205, -0.1378634457655653, 0.11527000874009885, 0.6827626926425432, 0.7355512517755503, 0.603324359745423, -0.6464961716198382, -0.23498095491940307, -0.06376874945575484, 0.5308823912107317, -0.5563089900692839, 0.36126443700308464, -0.6489974061644335, 0.5787152807833631, -0.24215995259287948, -0.3031150127752503, 0.11720517071020264, 0.2739424359176086, -0.08218769588154562, 0.1609686525051519, 0.5021572212473466, -0.34457065305656276, -0.2579170056535053, 0.2353919706329699, 0.2709493015498805, 0.13946623716196482, -0.007916383487879153, -0.07762909923765138, -0.09669102499562454, 0.2537497101340853, -0.5579568005667084, 0.074041082067418, 0.2685130194210439, 0.21255157901723765, 0.05511773285004207, 0.2878467131958833, 0.4747909764172389, -0.31022169129016774, -0.3964631629559773, 0.20841072690882623, -0.318112671099933, -0.17578650708467758, 0.34586667679776695, -0.3648818433554206, -0.4881151074732414, 0.6303573762249792, 0.5033871407318207, -0.20928496047816125, -0.3794378767769254, -0.28950511534947687, 0.29576779088724736, -0.264239341571876, 0.05988938626144247, 0.014974779299650187, 0.06446470223530243, -0.3225016133863997, 0.40145860174577486, -0.30066924350542223, -0.331140023262835, -0.3995801127751789, -0.3419284825676351, 0.3943637003106617, -0.5004775561771021, -0.05250770797466342, 0.4885528385613438, -0.8088061917557716, -0.5273864204445646, 0.3025506700624221, 0.3785553817811038, 0.16793196795083487, 0.1285798157922282, 0.2642891239176244, 0.000461667262369847, -0.5136626765964982, -0.447503776340902, -0.3626531985396313, 0.4580295855612877, 0.30167411485124274, 0.40700326177939683, -0.8779739757127654, -0.5128531172887164, -0.3835312802920876, 0.024617018640621602, -0.6335151454056865, 0.15301563706776, -0.19629574148982998, -0.23868696749005147, -0.006409225859572487, -0.1946547156930747, 0.16370746037998707, 0.7801644651070223, 0.42360788218397105, 0.6285686659335199, 0.6842389199762222, -0.7016728205866052, 0.5608044521908313, -0.5432981216143065, 0.4951108716640622, -0.3128038313561786, -0.11298676537548835, 0.31019687014208097, -0.037006298242116875, 0.36894363732049484, 0.44193904068889833, -0.4143158532277621, -0.31083658693242966, 0.30123033775872354, 0.16036073605485113, -0.3719513901815902], [-0.2714889823860026, -0.6939850446903243, 0.4566708680758511, 7.0, -0.3824526010368162, -0.3083187835814869, 0.329365017167093, -0.4817757122760735, 0.1388330005973355, -0.5110376245304836, 0.42780532981130115, -0.26571086545734224, 0.3435119043789956, 0.17267592156020095, -0.12336314681692495, 0.30130812257166717, 0.4512185832485178, -0.15827761944004315, 0.21084328896516835, 0.11745582975619095, 0.5472354233749277, -0.10251782692052402, -0.20413517222874056, 0.11447649896572232, 0.427955068739589, 0.0802280743735806, -0.4105505577861699, 0.2322905875767436, -0.2813656193506837, -0.242149828828766, 0.07852477231095811, 0.15517590818372207, -0.07860629015735598, -0.3222702375817078, 0.5253342671374024, -0.2219679272584415, 0.159394041040279, 0.5627394334951763, -0.2778554534902521, 0.16194334115778064, 0.4831134328039939, -0.3231447352478326, -0.15991672552180736, 0.12005984852073759, 0.4213848082740006, 0.5931840200220018, 0.6332395829781463, 0.6020046562064301, 0.09153002900675444, 0.044172646185898, 0.2552459147178958, -0.31891840307899666, 0.03175021430508718, -0.5792837167928158, -0.422520086060178, -0.8607851409865148, 0.36212195883491116, 0.8673097912509418, 0.19207312766617335, 0.0981618266962494, -0.38150049436716005, -0.052956671468370686, -0.09036549867630528, 0.12941742205180984, -0.44496260899917617, -0.032662521033595016, -0.7779888248714038, 0.24980417367672025, 0.30232138643398576, -0.29146110180949114, 0.2515512539474136, 0.07238766239943395, 0.30090306323558247, 0.7273767663305972, -0.6532429540028821, -0.37732477383651375, -0.3589050728936434, -0.032529423856802575, -0.2676958167222636, -0.4336907927974345, -0.3311916692150735, 0.23939457786108687, 0.08483273671876157, 0.506695841997457, -0.19762831853753304, 0.18561581004963967, -0.2543686077476236, 0.2646404134563263, -0.47362211788412834, 0.6612047379297312, -0.09969312901429783, 0.030217285258464344, 0.5288571198990666, 0.8868578299283669, -0.25227437482323756, 0.0036081057842725084, 0.5596239539508505, 0.15844707347828235, -0.49078188857286564, 0.7793596104538971, -0.10683075168809353, 0.6615430812607603, -0.3467934624906164, 0.7559533383747612, -0.16112507857167213, -0.28923570564588563, -0.20980925194819955, 0.0002994999276109134, -0.3699562731110604, 0.5373330552955085, 0.16521625085059988, -0.40137159473969075, 0.2606633404585552, -0.18973906981018096, 0.17247200161033138, 0.07625988711524645, 0.34832855018497355, -0.36717411340670625, 0.9322292543875661, 0.29503703908912216, -0.4617799095355265, -0.02660724070098952, 0.8019955550241078, -0.012559452379007241, -0.07583530593289178, 0.7150299681813146, 0.3902590449857051, 0.5691922185226761, -0.1080532160962343, -0.14490158518828233, -0.7147916492392794, 0.3833664840000548, -0.360477877816208, 0.2704977296971647, -0.9179311180980928, 0.021882619351905053, -0.2592712670289332, 0.5169847855785985, 0.02327212564418213, 0.6672433678724601, -0.09255434640974058, -0.05289142812672787, 0.3572517158779771, 0.14445955820867873, -0.15584091855096438, 0.26247123102930026, -0.28802957639536475, -0.527211015648643, 0.06520034615925807, 0.3705637767215739], [0.14026053329583776, 0.13541967042216196, -0.1537777756697266, -0.3824526010368162, 7.0, -0.2724752432294557, -0.15459335201143842, -0.23431349018587766, 0.08678984512614685, 0.6549333621530637, -0.4458219023589246, 0.5128771694015346, 0.3298382877232946, 0.19622887319932736, 0.4498484649199068, -0.23805609910098025, 0.5341741146488634, 0.7962506539299141, 0.8411688616245758, 0.32355478585151687, 0.06546212406087815, 0.017451909547109512, -0.15033006975836227, -0.11210003053373818, 0.8342907286710455, 0.596488062603445, 0.2919533717487979, 0.2090279600769258, 0.3652406461093376, -0.2935439625131151, -0.07277886021452229, -0.12691314743881454, -0.0019495353592141607, 0.8737712560018178, -0.17540738180339177, -0.7949019358267184, 0.42444219829079044, 0.017210748066998516, -0.4809943583104801, -0.31760129022007033, -0.8312153080066201, 0.021546692152542235, -0.4670039458400762, 0.3072294545140819, 0.250871973178056, -0.010116169225501404, 0.41656332622963066, -0.04045340356232474, 0.15398326333872925, -0.2600274707016068, -0.5752202586643607, 0.4680914959977589, -0.26286160640350087, -0.3700517898141168, 0.6912413362881389, -0.17151494393242694, 0.3356574368602976, 0.14956467407477536, -0.5390418380444, -0.018559021215789673, 0.4637972559828676, -0.20426417236417238, -0.2813733574227367, 0.2026320984928729, -0.30256476447152836, -0.49552733976674157, -0.1820711244622134, 0.09449681663611331, -0.6455369914625086, -0.5809282952169711, 0.015566292352110045, -0.25372372517386166, -0.07408165748397888, -0.2803833833877565, 0.7616712884375039, 0.4099398235268683, 0.7671011424217351, -0.3593648892562499, -0.3159829655578542, -0.8014843507078079, -0.0617442931504133, 0.2415659816834701, -0.4568149068534708, 0.5439123823111318, 0.4554867567949912, 0.2510898203308143, -0.5595379306310304, -0.35603604645513465, -0.5055011723972855, 0.3568035309226911, 0.6931233252220506, -0.46713209026970415, 0.40368362046649753, -0.05545821243382998, -0.3835478082024184, 0.2667016712470538, 0.17787961959953447, 0.275307857782763, -0.6749754003578485, 0.025935470647897363, 0.4382236811061633, 0.3237515504767863, 0.27925111103858224, 0.42021617832256286, 0.2924977913013378, -0.3213298719005636, -0.598053785276289, 0.7064043473984467, 0.20817884420301525, -0.32472924476507425, -0.12081731236115878, -0.05445779997713085, -0.7007646400031933, -0.28637322754623395, 0.04784989835130493, -0.49572633505993535, -0.7792380558810627, 0.5614401030844776, 0.03089937139753607, 0.37839062829712544, -0.4282494749982748, 0.1451603248515747, -0.2963664936983892, -0.5234725266132515, 0.04874845606521694, 0.055475220510186496, -0.36387228857979814, 0.33420182809852705, 0.7124871112180198, -0.8051531864933064, -0.1197101977238878, 0.027946875101971358, -0.05836548027284261, 0.4737133729205638, -0.619666284971177, -0.28260914179316465, 0.10738242367608519, 0.14090108745022634, -0.19430524149750428, -0.02136930389083691, 0.06189625084395067, 0.7163783275806292, -0.6364039179268711, 0.03174872977756049, -0.13440419899082834, 0.23966553663759527, -0.26797332381901373, -0.7475196186012074, 0.287076403685089, -0.7066281014261235], [-0.434643884334203, -0.24022775648172612, 0.7436954615259137, -0.3083187835814869, -0.2724752432294557, 7.0, 0.6536244405386598, -0.5528250203854957, 0.36545340975664375, 0.18411849893899235, -0.8854772123366211, -0.4189690214132822, -0.6182151801245684, 0.09970694403173952, -0.4050108154545452, 0.21043277757232604, 0.33343543612986526, -0.07071052735670447, -0.19502388114614178, -0.6978261927400035, 0.03845868944465547, -0.15258793274546634, -0.30193191373582695, -0.5376817066730221, -0.447455140685561, 0.7403253156290708, -0.479925904930817, 0.09310429950218468, 0.25562963425568297, -0.7799472493793038, 0.476213753124334, -0.032887250307409466, 0.3454755248475163, -0.06968393427101394, 0.41239977613541434, -0.15542381071185019, -0.30888656718485985, 0.42824444593236755, -0.568139147898505, 0.08178496778828404, -0.5515600044330512, -0.7566870572176472, 0.3774304162591946, 0.5250032269467453, -0.7679660779007949, -0.3904125546835231, 0.5293411943826456, 0.7323066014647641, 0.020168076390544964, 0.6181769207803365, 0.18904769888351058, -0.02366587815147958, 0.5179568189659991, -0.1681301290590772, -0.39907194885251784, -0.6598773079815976, -0.0688623329171475, 0.7315597838665857, -0.22126353129472454, 0.07231554582362731, -0.04744270079575763, -0.12180629529917986, -0.2683089098860374, -0.36483909271133963, -0.6695087521887577, 0.4153455053389159, -0.7267879544098921, -0.3166831776707375, 0.27927386020234524, -0.026599373634222268, -0.29136055905353864, 0.11516486499882705, -0.13617328355127178, -0.4840274590835957, -0.782411002166921, 0.18143907559253147, -0.43998660949438184, 0.24096383935962717, 0.14603950276245858, 0.4794928097321498, 0.05792578198680598, 0.6591098037449297, 0.3653162841960482, 0.45111355265417763, 0.8138788357842666, 0.5824964598895064, -0.24667604406999866, 0.8375033447151505, -0.7293973795975804, 0.3344248485869079, 0.546999493310302, -0.7708651545824455, -0.3284578777502303, -0.9330072831196743, 0.012001478769496643, -0.7010735549536593, -0.5617085398094109, 0.12625898809982328, 0.35985114969688303, -0.2867526590882108, -0.09489373714175908, 0.6551787267482942, 0.3348900328497555, -0.2848466156834266, 0.019879216312428394, -0.2623753250854185, 0.5970594020154891, 0.06383760550082473, 0.25713356542067123, 0.7143672580176994, 0.2566027004167788, -0.5110090250297352, -0.3981482331220252, -0.13078316775948817, 0.019444473922348715, -0.31791728938222186, -0.23291605886146816, -0.4243295170754149, 0.36244444852823854, 0.04832574000288492, 0.028675637763948547, 0.2567748677842938, -0.441832006523297, -0.17484369233092378, -0.25461676890052376, -0.29948754379168163, 0.2083781650086194, 0.473572192853124, -0.05241879183699205, -0.2071114273835365, -0.4586360141151764, -0.6182483082728761, -0.02818187452407661, -0.27523843926564495, 0.7841674945696839, 0.5134355804789823, 0.3076024040470804, -0.11245229626497988, 0.39388091646403733, -0.5728685419390906, 0.8117014694962679, 0.371460480843242, 0.09357796530805285, -0.29231951559634684, 0.09657056372733952, -0.018301658541154953, -0.08151493230781492, -0.48165016638997105, -0.4125365109214245, -0.36231247372241515], [-0.21063076465196373, -0.0012265628395796702, -0.07357675206837277, 0.329365017167093, -0.15459335201143842, 0.6536244405386598, 7.0, -0.3099775988302731, 0.5839547788840307, -0.6633275169542103, -0.513525323823657, 0.16223612216212357, 0.15385097013634041, 0.26328661467260606, 0.8452176987514277, 0.3733435381146104, -0.3444734674950948, 0.7615923916618423, 0.4012794569782714, 0.2703998193634656, -0.12815809735087447, 0.5729092297649978, -0.4704023883060724, 0.02360995407054789, -0.4413427383534123, -0.34702079857840784, 0.3618159990934813, -0.40920283996350926, 0.24491217076940464, -0.020878818897665075, -0.07444611155580982, -0.0877705987756846, -0.30575708968425885, 0.6932704155180585, -0.6402699938047585, 0.04340925580486443, 0.723821536907185, 0.6629713726768187, -0.22491179961326346, -0.01939693229738315, -0.13309594450553375, 0.009604940468787015, -0.3672722760206094, -0.7618461393845628, 0.19266240112082866, 0.41246780746616474, -0.11576922909590803, -0.12152006871426069, 0.21001588370352264, -0.11000777845036425, -0.33299119293539103, -0.11299053998849173, -0.32755965127317854, 0.21119467488179477, -0.45354809232544124, -0.19574411569292993, 0.6218735566203399, 0.2990920768392673, -0.31703522822455876, -0.6034217064451334, 0.29419978384580214, -0.4000443846913656, 0.3744760110078018, 0.044484999514046386, 0.12833904169140986, 0.29135567151410746, 0.39013568919505737, 0.14001899292057507, -0.7032747052964289, 0.28586264664106453, -0.004047929868519207, -0.45601401611272774, -0.021269698255427905, -0.11918929868712314, -0.0032235498004031804, 0.4113306649932258, -0.024932274454345538, -0.7499337213252165, 0.040267344438647434, 0.4999604133463478, -0.6573761586014262, 0.22322854277911297, -0.029092049434945588, -0.6582008040466709, 0.08870810760499204, -0.38495745363914535, -0.3877224906725458, 0.11756013531071785, 0.6595816487820696, 0.06915053115758596, 0.5908156282615105, -0.083031258472675, -0.2529715695982211, -0.37216159720235686, -0.46115991493570785, -0.7300283184727617, -0.0023220473135264763, 0.708480388148401, 0.6362692057665642, -0.6011346853166672, 0.1730322214212674, 0.39815853838582216, 0.2893824904122193, 0.27841498451480007, -0.06698303766750813, 0.22927129398732893, -0.31280352561699265, 0.7467004293882906, -0.05116855220594174, -0.06106517581354243, 0.3641152647767525, 0.5346852812043497, 0.251565788334865, -0.4791790953149959, -0.6611267964188956, 0.054874905482684255, 0.27138609286377946, -0.22985673097574777, 0.5298455053172262, -0.0069224165004148075, 0.3472498705866829, -0.317462305771228, 0.835621815386272, -0.974460305434969, -0.03525606105864765, -0.8311131545011753, 0.3663203531418979, -0.14156186809362514, 0.10176775172100916, 0.6792710305075562, -0.04692105023037696, -0.6440582764642085, -0.6957540182101059, 0.427545396032337, 0.34114761573279173, -0.007990724282272543, -0.7951606408586126, -0.148905412496798, -0.6790039667605111, -0.39188102055790963, 0.4967444014643223, 0.5593539405194496, -0.8115626767607523, 0.6544522018848973, -0.34401185077844143, -0.6353059087986164, -0.24792864880452925, -0.33806512958028645, 0.10112293891429891, 0.019714693648974713], [-0.07200823994914185, 0.5137402650991323, 0.435935087183581, -0.4817757122760735, -0.23431349018587766, -0.5528250203854957, -0.3099775988302731, 7.0, 0.4074860574099728, -0.622337263763038, -0.003207794284378007, -0.2981326553250604, -0.15492733751989263, -0.2653621946254435, 0.038935345676115674, 0.04346317229246699, 0.16412708940101473, 0.4190487346114713, 0.32857600408011334, -0.6278812763541165, -0.09022581218135073, -0.5002898809422757, 0.37793053816719846, -0.2165043671860375, -0.28979581524165876, 0.37205357595917965, -0.6104850399803714, -0.13288336836463754, -0.22671810093183853, 0.6715215353680399, 0.13876892151358677, 0.0288352356892978, -0.703240964997566, -0.11145862664090422, -0.2783367090595361, 0.062385166168929196, -0.31529111471075133, 0.19436236785956673, 0.6026639259721567, 0.019301290517862668, -0.127298737316052, 0.3905103540196162, -0.30936815367704007, 0.6579739559729259, -0.1921350504125734, 0.5678262194997123, 0.11888996276184294, -0.4758002473884487, -0.6325943752403459, 0.10882752398962725, 0.2859719064387414, -0.012570592998942254, -0.35440857960514194, -0.3318479220162842, -0.5836155431223667, -0.2029392947953439, -0.09605060666593424, 0.16048968705557254, 0.8797739004177352, -0.1180096224572651, 0.14227883510865258, 0.08127279695556622, -0.09044013773632587, -0.18572625520085495, 0.4130874029347058, -0.10290761179663832, -0.4865204169487811, -0.15407398444739262, -0.5864309017592075, 0.2199849357574133, -0.2866639343486501, -0.3156838954153439, 0.1933707140660441, -0.12973011332488682, 0.6249460938653859, 0.2082841135750204, -0.12962863936085367, 0.20024777270112448, -0.008500998043139751, -0.3472136010316653, -0.30221800771567187, 0.3390306030049701, 0.8147989961242035, 0.33219628532288725, -0.05746810860225071, 0.40636389716125176, -0.3557194327040868, -0.8235492732345074, 0.04347384009741573, -0.4901750577755857, -0.595263776882897, 0.10898059200269872, 0.23863842960545378, -0.3427753202227194, -0.7134889872473251, 0.852299214009234, -0.2198888820671222, -0.12740253130294776, 0.7557913453594463, 0.4507463384839405, 0.11119691213681548, 0.21534296910088324, 0.25878444514610965, -0.46549649050193576, -0.02449174790878117, 0.2987702753628394, -0.09293433521716032, -0.0739455653051071, 0.9130011413478352, 0.032974147119367636, 0.3450686277514643, -0.15784711086677683, 0.5754183941970712, -0.9546409625186427, 0.015629474333421323, 0.3319413751157789, 0.2569970699759956, 0.1322259443992424, -0.23919902133866722, -0.12742349722958424, -0.7436031242259986, -0.16877482972274704, 0.32433315811475527, 0.39474733886113667, 0.29436473805623353, -0.7533308059644279, 0.42026877145530595, -0.32652452458999315, 0.20148748792730364, 0.10730054466281524, -0.11271756291628376, -0.13565528196146648, -0.8423295348836793, -0.20159139130508852, 0.0012575787873232436, -0.01159367981992876, 0.557634259227842, 0.5323467981079841, -0.7082093743177463, -0.08972239963994044, 0.6808454651905849, -0.11710331568731547, -0.2018193186910363, 0.3376862730479515, 0.07711131106302149, -0.2493579443440327, -0.5376686589329375, -0.2460708053251478, -0.1887430121807101, 0.1951281997930625], [-0.030453854805886027, 0.287050244933468, -0.538906398025058, 0.1388330005973355, 0.08678984512614685, 0.36545340975664375, 0.5839547788840307, 0.4074860574099728, 7.0, 0.7870479694872365, -0.08913713017500535, -0.2571595315951192, -0.5075763525365418, 0.6254838636203832, 0.5592039823033976, 0.03128528016188259, -0.17748140784469568, 0.04791211039509813, 0.1256911464725352, -0.2338690537128535, 0.044598943614787334, 0.1830508756022271, 0.21595872685917872, 0.48868578267865925, 0.6233778964022956, 0.31184662279095443, -0.5643594785276936, 0.485092377951458, 0.412910707721835, 0.43219038669403753, -0.05266942336998348, -0.17661899142759452, 0.00016041141922018554, 0.6106022788373919, 0.12827403658485603, -0.4520912948426403, 0.4350873849946728, -0.5561488059190427, -0.13463995362856462, -0.36203972997278666, -0.6269269248582291, 0.10751856662212367, 0.15303535997628348, 0.7723011704753375, 0.08173166419079014, -0.1100018361002979, -0.11274351646929692, 0.09815937622614612, 0.07693177989808708, 0.48770497063147156, 0.06476343536143858, -0.07242591019503786, -0.31457313820793875, -0.41860432683554727, 0.35556325616023243, 0.7904025941327957, 0.07766452166661653, -0.5371857400670895, -0.0503298275792029, -0.4275312696839263, 0.16294009151945366, -0.37679207105219137, 0.6841483693774559, 0.17103063430404686, 0.2490374509446367, 0.24469575877496474, -0.7791049023402785, 0.815814483725706, -0.45339807739388227, -0.04652705461796769, 0.7292505845682558, -0.1639316662278386, 0.34100960816455883, -0.07512540133579326, -0.15893596864881554, 0.00969895601963855, 0.1452116024811827, 0.314833843049678, -0.04912239363814741, -0.181629738561761, -0.0749128241971212, -0.5763601338377602, 0.4302165944396319, 0.26346821309097357, -0.26809190687559414, -0.4457978659637091, 0.45944644552654923, -0.2769367568132448, -0.04584195679275793, 0.13369352962409553, 0.13358128441945416, 0.3579954810737056, 0.5710943574682497, 0.20469526613248323, -0.045899686690414665, -0.09285338333160342, -0.5531562219201952, 0.13175211367539896, 0.18031492781070302, 0.371126466309617, 0.0038169911017984504, 0.04574822338738471, -0.1118639543538501, -0.6976768677596039, 0.09584349607101617, -0.00643066981720386, 0.30123411002249734, -0.2012101498526725, -0.21070833869101802, -0.0762502711573908, -0.08163708782378398, 0.3408018813621969, -0.19640487464260548, -0.008077928001359758, -0.41787949763208987, -0.7039259200252481, 0.2500075679389633, 0.7395303044796813, -0.552283282399595, 0.18056176225658538, -0.6090062340609873, -0.4103342144454113, -0.9686410421151838, -0.28449179933724267, 0.27748094553112823, 0.5322423669688634, -0.7292897376571497, 0.08347689883663811, -0.11859486608852376, 0.03877677083246578, 0.3626612892413439, 0.24277904309072795, 0.4051378069241054, -0.27653019699035675, -0.502259175556523, 0.5266619988503987, 0.719302469349504, -0.47145438223033465, -0.6971231856080797, 0.0044909375555599595, -0.1165287523608568, -0.3666190600079725, 0.23966280414188712, -0.7317293840747319, -0.13111601128586348, -0.05751108174176589, -0.32754805043069235, -0.15208630890091568, -0.38474967560793105, 0.26897544349961167], [-0.46262629937243527, 0.0010646054571157304, 0.07584081492565642, -0.5110376245304836, 0.6549333621530637, 0.18411849893899235, -0.6633275169542103, -0.622337263763038, 0.7870479694872365, 7.0, 0.2190008788578255, 0.17731862523304143, 0.045684364456297866, -0.07425564970387233, 0.4184866152825477, 0.20427854895375508, -0.8149786054405728, 0.7048015714675553, -0.716141245842223, -0.7274416913880862, 0.08048778127513256, -0.7337255274155713, -0.500203176285429, 0.05370436414123003, -0.6274258572123841, 0.3477799579452272, -0.15696594406446218, 0.5487378731060795, -0.4086066001512474, -0.3713821186046937, -0.19505195257636698, -0.043897730892567766, -0.4895009370751565, -0.47794495555528327, 0.4090922123283851, -0.17831805682962365, 0.5702624077235878, 0.11771152198408252, -0.677267209512461, -0.07008379730935377, -0.07774544923490367, 0.3794581823568892, -0.29909311007836226, -0.12079086645151882, -0.6630476190112792, -0.0033646306809331783, -0.095885731575301, 0.2828958554137877, 0.8491160817253487, 0.13939726022992982, -0.4718102336896126, -0.3002951744092416, -0.013186983685763098, -0.39217593404778717, -0.5155757680789184, 0.40792277229654594, -0.2144261951442239, 0.2560593632937911, -0.14805859718560122, 0.2514274582300986, 0.010273132396598106, -0.5737872154237006, -0.22791933200144443, -0.17237431687521232, -0.21329486172257772, -0.1463408099608463, 0.18641077166266018, 0.6119201964721177, 0.18538311307327793, 0.5131990739389596, -0.23389536233952124, -0.34163591937634386, -0.03781660760485572, -0.1574489913809778, 0.7272002974720917, 0.03101984017113457, -0.34626983880734574, -0.4325314326226387, -0.1316759655037626, -0.5709903215753849, 0.8910960289967909, -0.5408271275033042, -0.4926998408108958, 0.5773350863833546, 0.27055857427165164, 0.6081839799585098, 0.4131678987986471, 0.25632760302318625, -0.025442756059684934, 0.43795463789527656, -0.7130689861615078, 0.27065393619203615, -0.46894183795583544, 0.4236197480127559, 0.16830243076342533, -0.0841106734274869, -0.44705389752649205, -0.5112997910514314, -0.6740633360715008, -0.46585059740665913, -0.32316249749614545, 0.10061769819337463, 0.555082507657656, -0.24056968819589442, 0.1271563400423159, 0.11810828476875979, -0.010119094531814699, 0.7765206203464738, 0.2062205605731584, -0.07831491794500667, -0.34592684522099093, -0.0030393823736755143, -0.3161896305977038, 0.08010728384948607, 0.08178471021960965, 0.5152036938789513, 0.3535800270092304, 0.565671321584829, -0.9169223935413398, -0.21512505763010237, -0.2618750158145561, 0.6351505436736822, -0.07386929126798858, 0.6412848214870284, 0.43884220084777814, -0.1267130639242584, -0.21282311652155528, 0.2567477839196175, -0.11315389095066697, -0.8098260830579861, 0.151992551066918, 0.11989669148622539, -0.44254198412133094, -0.0101107659495564, 0.4601457811591847, 0.3711937862175976, -0.29776483956141464, 0.21183274541974328, 0.5590663837647369, 0.32524093053278813, -0.20532412217705398, -0.785376997023871, 0.11110928182094293, -0.21360895105748068, -0.4551408026362944, 0.5177765580891049, -0.616253105504602, 0.2957650138383907, 0.20339146278868991, -0.7633862576553587], [-0.24838978152195257, 0.7205218634162867, -0.13814123560728542, 0.42780532981130115, -0.4458219023589246, -0.8854772123366211, -0.513525323823657, -0.003207794284378007, -0.08913713017500535, 0.2190008788578255, 7.0, 0.006913998923254727, -0.1080154663605396, -0.12704800413305517, -0.6552808397175234, -0.10714116746568758, -0.011017523233929238, -0.19090246385013632, -0.35541863069313584, -0.25372369074515455, -0.04430746735758073, -0.003952629776572736, -0.09271731853265952, 0.12689923053814645, -0.24636330374750337, 0.12385788154244404, -0.261981749851815, 0.5221373576750499, 0.045005591161074054, 0.11904184434995346, -0.3376916675995596, 0.18601387948758075, -0.5842547872956496, 0.13965071718667232, 0.6112095728713327, -0.8824704786618993, 0.26540404260617523, -0.08033127700279774, -0.03877836537037915, -0.07784195192948262, 0.07125541972098492, -0.05780767734190029, 0.12198144127453614, 0.370502404087274, -0.08376593309392188, -0.6310001544385907, 0.5627335628356551, 0.07651527816501513, 0.2570690481873059, -0.21393744740215814, 0.01691316757913386, 0.05296688512334846, 0.5814953197932382, 0.09432487744672091, -0.3757467293819021, -0.22048292502104605, -0.6301920922158978, 0.4253231371536872, -0.5629549966143821, 0.2782983902733942, -0.4521076547804169, -0.25375559782736357, -0.12742827263135448, 0.5026254852783845, 0.6156880184494891, 0.037567943152581496, 0.16000385646887283, -0.37182576391458766, 0.10845056895759697, 0.2517974663086737, 0.5160297388166768, 0.654447272800637, 0.27569884502563724, 0.03725674835702497, -0.2937308655128448, 0.24864312491559692, 0.04604510034322651, -0.4396795558461072, 0.7474777659732585, -0.5369386280276331, 0.40817198519041975, -0.13385464721642149, 0.5052154825872526, 0.19416485812064543, -0.0856340650694225, -0.5215547056371724, -0.07667408530017605, 0.8975814778852931, 0.3259822190339374, 0.08612057510979554, -0.1338743683350544, -0.42913465784484284, 0.5271577005599555, -0.585261532421988, 0.3340211921288052, -0.607446123087442, -0.271664443198839, -0.3895108459790967, -0.8091776434976108, 0.05862076247877113, -0.24494502513892757, 0.09608239418077824, -0.6230857338104351, 0.09776897614999047, 0.4573909061772201, 0.002651692298168973, 0.933427366000517, 0.061528525288285785, -0.20811811255124557, 0.8028614165321257, 0.4746817582659326, -0.29321126099026606, -0.3898369020249469, 0.8239359055705378, -0.08617201727863688, -0.8466005833102049, -0.0651857023951602, 0.5015191764876787, 0.022204868695715918, 0.2480983050210912, 0.23604659151611207, 0.26423233758996223, -0.3208058584518033, -0.01701007166227586, 0.0057308947426844, 0.23208148576236143, -0.5443081904695585, 0.44042143050755267, -0.6740895976569383, -0.1781172499938174, 0.2126674908066133, -0.13647371548091225, -0.4363981134104232, 0.35589211580304525, -0.38550470114350555, 0.9608741490097175, -0.16674621674079848, -0.29052834336978617, -7.669892410167023e-05, -0.1307933983167514, -0.7299114469592717, 0.2059083162415103, 0.8649232841903198, 0.07356252445891664, -0.8391301726235332, 0.032163859653643545, 0.3021115626742552, -0.37184076356740803, 0.4145380441684656, 0.19047552727396466], [-0.5228318771543818, -0.15980508505824353, -0.4319607742983025, -0.26571086545734224, 0.5128771694015346, -0.4189690214132822, 0.16223612216212357, -0.2981326553250604, -0.2571595315951192, 0.17731862523304143, 0.006913998923254727, 7.0, -0.6304829736833479, -0.54713326451647, 0.42569300616217287, -0.03379261315286752, 0.40560561219930946, 0.6963115223167096, 0.00593373092252536, -0.057833012574262654, 0.8502087849903037, -0.11415886830714805, -0.6692103887681629, 0.10718780486481094, 0.21494897769634536, 0.3650045901747401, -0.579151230225311, 0.19908075616787735, 0.17955943931657314, 0.3127532467419296, 0.2215761447599387, -0.12401794205335126, -0.4167183811447188, -0.021114633860968346, -0.018591999210294197, -0.39487807329878477, -0.1363069040567665, -0.35757800719485733, -0.2670288882734434, 0.3652196000962218, 0.6226220119609507, -0.2732399879054407, 0.1125335169624877, 0.7002420800575972, 0.10192354331880726, 0.09894926598922349, -0.5692376701308846, 0.4746413858726235, 0.5142692124774104, -0.8810573122409231, -0.15367927718338403, 0.27518145791134296, 0.1220444326488268, -0.4714376569093669, -0.305764848672031, 0.0048267743836585275, 0.5014029264860651, 0.5598390549963392, 0.15044734882719402, -0.03799162602155193, -0.09382069636659973, -0.04628709275722809, 0.2618472360230226, -0.18958963042039745, 0.29473052833367075, 0.6548189083354914, -0.1280608380759669, 0.2782964499518643, -0.3037648571228906, 0.7370879475629444, 0.2974826789131866, -0.4848395017383508, -0.45988881153141214, 0.19363992699576515, -0.32942034522737973, 0.4994857845638716, 0.2863604451487487, -0.46581506538595774, 0.14222536111453277, 0.49339242821784524, -0.5190042324083535, -0.7225459065602666, 0.14352378092915208, 0.008828748367515793, -0.27697260445123684, -0.5951326932759163, -0.6378782969336982, 0.4570223044813746, -0.18676864970717055, -0.20115406139205416, -0.5460689734302003, -0.11184670232579319, 0.5639427202970089, 0.21217101384434534, -0.09805469771264419, 0.6667909751935812, 0.1693308759873846, 0.0070700468799882454, -0.36461518288722183, 0.5951703622996094, -0.7804770386614377, 0.7744352432284058, -0.3436629925803535, 0.5146136234751395, 0.4840358104295919, 0.10249189207577114, 0.08253695248126425, -0.006171912669891144, -0.5589523978392719, 0.4827035878496324, 0.7550207170998644, -0.366146976