{"N": 150, "M": 3, "c_0": [-0.7562867829024753, 0.5277921747527423, -0.39211587172036144, -0.37012437824050726, -0.3010356257956994, 0.9479234383131581, -0.34347277175684754, -0.37548068038384774, -0.5451471778477119, -0.2219318880750929, -0.48593336930518305, 0.9365254294739276, 0.657795656444335, 0.9911293526303706, 0.031319982153120485, 0.9662650374310449, 0.9921127135296937, 0.08501618953399359, 0.7607903356339654, 0.12186355840757601, 0.24732944986574013, -0.1274680962352861, -0.7116982811911159, 0.1641764223019775, 0.7742618994364316, 0.6672338686760837, -0.2022772902787091, 0.9919527296492945, 0.879404713512657, 0.9834511734813032, -0.7824217273804142, 0.09456818765199215, 0.04069896656159733, -0.17460112661575766, -0.957309660856559, -0.15613258172676114, 0.2126003452959142, 0.0590875609664967, -0.17985444315349053, -0.8491317553910562, -0.2872528572312789, 0.8424475105289297, -0.2870032575600896, -0.9131149241801928, -0.9275155302883602, 0.22795254169503765, 0.19772256123626586, 0.5804766627671862, 0.39140637751010443, 0.3989343328804704, 0.5716331988675094, 0.2814360524804378, -0.1341890587065091, 0.022294039884768857, -0.8667949094364213, -0.5944741812444916, -0.642869753485031, -0.9647742004845277, -0.22188724533461857, -0.3717249942702796, -0.5841414782310315, -0.9102931233073153, 0.05219485120817091, -0.5558143833043743, -0.9282248542919636, 0.4344991360977568, -0.008993535319416823, -0.21760041751753323, 0.9190149828437766, -0.07127510111603308, 0.3675425475301355, 0.20424928375080253, 0.6910018571560228, 0.4629169650177982, -0.34053587824604037, 0.09415470038547635, -0.10879770005451972, -0.7714938436914229, -0.24141842809445513, 0.7317571342838716, -0.8247025423025374, -0.6891108312125722, -0.24904796611742452, 0.6235357372903623, 0.9246974100413103, 0.10917242207413969, 0.7821558332500504, 0.9972580847756622, 0.8403613539488595, -0.7045025505512499, -0.495186049532635, 0.34175739262472793, -0.018647973115163863, 0.28585305245489834, 0.5998767236915716, -0.8090020219453085, -0.3384842328996591, 0.9918949312346133, -0.7465190891324658, -0.6080250058396508, 0.10450852805106114, -0.2820836106217153, 0.7170153974940614, 0.32662137794900814, -0.10471051638629225, 0.23802455670846823, 0.38384205093581025, 0.6076065016815391, -0.5107782680084305, -0.1387104589713528, -0.23430942605582872, -0.49614783703087695, -0.9969170539884227, 0.6912433580636255, -0.4383509441327118, 0.20618307270676284, 0.2995118110740742, 0.3235903956879147, 0.17590887932671517, -0.7481202683923205, 0.9609614151307173, -0.8626902064138187, -0.733041241065421, 0.9946940549022638, 0.4116288868234945, -0.5646134252372277, 0.0482835334411329, -0.34585708923734937, 0.42622573588281587, 0.4408334756214429, 0.7080274953602843, -0.8825214673017758, -0.029032124099145573, 0.4435892693080783, -0.5044421607746201, 0.9515558593679747, -0.6372270355932279, -0.6067461539514727, -0.23586951352393837, -0.11821725766964608, -0.8665617431485955, -0.5225717468426172, 0.4223138203058727, 0.23127579512042873, -0.6288357320870062, -0.5957403360630744, -0.9024236651697846, -0.6215627162292621, -0.8772828351718691, -0.7825242753996327], "matrix_coe": [[[7.0, -0.45097737777764046, -0.20122418748570037, -0.09726588650040302, -0.1224922131442806, -0.4793806597267217, 0.543294819711071, 0.5033125332965125, 0.03326207406606585, 0.18617344417056003, 0.3042909570753034, 0.021696149273923826, -0.18689586664903657, 0.006186642329154335, 0.2786639969309026, -0.2931765656414562, 0.004743748814728832, 0.236335904525093, 0.3074032933925448, 0.5903773885523322, -0.4680023546032025, 0.5279417071490076, 0.4649127595948288, 0.13785787689782425, -0.5797486428255014, 0.08858163756248194, 0.10247752023562562, 0.6280987617592548, 0.012872654766526992, -0.7042517833505056, 0.08808718021723005, -0.30908846809141866, 0.40749601754353604, 0.14259096080912004, -0.29131438193370596, -0.34270601735286244, -0.3787098006685701, 0.07177023820582407, 0.020713758179976782, 0.051226882536404617, 0.04584012773144153, 0.7320517699723932, -0.8867264729254204, -0.14238773088739853, 0.2139308044889292, 0.044630013322663364, 0.22891992897803748, 0.6744645103042863, -0.8352157725669392, -0.24279549008684653, -0.10340228369831772, 0.03651872600556749, -0.810344305428984, -0.22310353167927366, -0.028044581999499996, 0.5740569948249559, 0.32768636862153855, -0.22237851200508585, 0.04809651137225579, -0.40454016438497753, 0.01929551432740828, -0.1916957786408091, 0.2355592903015611, -0.09041409488595498, 0.013680186465777622, 0.04882121112283788, 0.06914972879377945, -0.3175325162882995, 0.12180452064297098, -0.8968333368368854, -0.5506774645662041, -0.31109874941143245, 0.08456874019025884, -0.07787470204766422, -0.36454136418679794, -0.5467504338359734, 0.7110484175064764, -0.5955562382554369, -0.37547837589331146, 0.026946372998444268, 0.4104204567277536, 0.8908351614430015, 0.2767169460826735, 0.5745355057575658, -0.3229665174466263, 0.13272371029698782, 0.01478148820450853, -0.47985467798176995, -0.07931752304619177, 0.16544405566572684, -0.030712749672587858, -0.2898404235259632, -0.0939524768048754, 0.5482771449321981, -0.2847797374550024, 0.24664529862654905, 0.3722246204027382, -0.10959706875632902, -0.4028704233376855, -0.5060714267854307, -0.09599419952406485, -0.5905376089656479, -0.14513665198197834, 0.10885457063229809, -0.016500802337024223, 0.3903261844128503, -0.20916373675480981, 0.020867114073439996, -0.041856085107638275, -0.32676958372592135, 0.3281153857792325, 0.7310120424628224, 0.18982370403469329, 0.4922303971672628, -0.540327592963902, 0.13054574322853751, -0.4163321199692007, 0.23521590685436178, 0.15171863972390232, 0.8957068509979205, -0.12931267216650433, 0.5482232638585092, -0.5550944489896851, -0.08396926175370234, 0.10721312692717366, -0.7897637657659785, -0.20400254453235211, -0.4419458248255256, -0.8074779956045002, 0.9502049307826534, 0.09730004428505667, 0.16552579418973168, 0.396873778001555, 0.6070461392843742, -0.6859654735106854, 0.4395272952335636, 0.5609048801340013, -0.2983786820514057, 0.19750740983967452, 0.10832082301402224, -0.7576051690800303, -0.1571541640014288, -0.299552798433673, 0.33120146397210126, -0.28242399657019535, -0.1364043061764495, -0.2366730642311371, 0.13642827844779992, 0.022757817021421545, 0.24206485156902025], [-0.45097737777764046, 7.0, 0.44847142158835496, -0.4562970506837294, 0.18414472652758196, -0.3896853798337774, -0.02282923682257043, 0.6888064126818738, -0.1527619379819838, 0.15719013110537272, 0.2629846725532532, 0.28464544277540393, 0.12893327993359582, -0.7460778235536798, -0.36064036773286356, 0.19517034906719277, 0.30140393984298663, 0.6857034905870454, 0.23403768139898262, -0.14752297380630708, 0.06616885099696135, 0.0924573034608609, 0.0027949918594307732, 0.5635424220060234, -0.29537959978046646, -0.42038264852897445, -0.0014187884353791258, -0.34922020774699725, -0.09052958874924166, -0.24708075334602075, -0.5842735601644986, -0.2483868813314667, -0.32013996141000856, 0.229532631501163, -0.1283807356346306, 0.09702313806418283, -0.626458751152645, 0.6723100554884036, -0.36419766141679544, 0.33073273472185716, 0.1493317055361323, -0.3710357432299668, 0.3137924945609818, 0.2502358779346945, 0.47986100811826193, -0.29816432836190376, -0.747176656673293, 0.8205150952697307, 0.6184736896292766, 0.2618004494919699, -0.2904597251362635, -0.20063739423836247, 0.17344244022810296, 0.4731657662961295, -0.1631739968168875, -0.5878398936851749, 0.4644823093747441, -0.2526747633756852, -0.6526302822615929, -0.8416845259855952, -0.34173608929633903, -0.7234895901479352, -0.08043546889576547, -0.5370210869295361, 0.41602761608210725, -0.8226270555014216, 0.15349946555509408, 0.46012099710445, 0.36590960504058434, -0.5084666602982194, 0.3938585068013647, -0.5674995971993582, 0.43154288854995526, 0.7066556522176419, -0.33824594118012297, -0.8329022685140627, 0.3553147112552857, -0.1188230644352849, 0.0633710797786855, -0.14065852299037795, -0.35090459644910943, -0.08352920480487536, 0.3694488491296184, -0.6950618495228733, 0.04431589874510089, 0.27925444943875766, 0.20174199701879214, 0.5469731829344795, 0.008977596285414169, 0.5357779018844233, -0.5216694928580856, 0.35174355045716643, 0.2548787316015175, 0.26587553161988975, 0.3918634308014177, 0.8074470244634417, -0.5078185693223783, 0.24318583835374175, -0.649737473805539, -0.21175341513732027, 0.25870336784689263, 0.0013913291620566426, 0.23691921280438777, -0.00011065019472766835, -0.020722622985186234, 0.24481621628579342, 0.510962120730651, 0.5579658701324419, -0.6336746846935318, 0.2241088792860142, 0.20986894577575277, 0.013840657193515682, -0.321859733224123, 0.11410003530784651, 0.04562573666662262, -0.24560093363441127, -0.16583442372622093, 0.30047049103704193, -0.5904882887592179, 0.004252764410201504, 0.43019331458070287, 0.03418176016841823, -0.4486394056940911, 0.08433613450380806, 0.6933470444167891, -0.15573125106149222, -0.6343161051365052, 0.2547414003986723, -0.7667840895405439, -0.02983014260886785, -0.12620448282261598, 0.06863280041373065, -0.49675061889627925, 0.4191359787345865, -0.29457367561661885, -0.5367952405537065, -0.056145279788586966, -0.18680396252968912, 0.2734809565435157, 0.25563481478260863, 0.5404320395145783, 0.5534876363087615, 0.4521650087158746, 0.3689753878814779, -0.5289068648898215, -0.13646100834466723, 0.20375911431521887, 0.23064296893341796, -0.13679798374480534, 0.011617273685080143], [-0.20122418748570037, 0.44847142158835496, 7.0, 0.02911593711552296, 0.01788622012859653, 0.061131036865213595, 0.22234231930315085, 0.6170395546159189, 0.5605438831248186, 0.6796178489088907, -0.5901451055691959, 0.01725351815963605, -0.035885078708700724, 0.7027695393434705, -0.40229258842273563, -0.056119438744410055, -0.45295265316431355, 0.4538605397848947, 0.42063564687099864, 0.6933568577885136, -0.31597202206790975, 0.26615690245793333, -0.9432984100851054, -0.22765499939028133, 0.7617286400818939, 0.27079605371115933, -0.2753658898570537, -0.19740169016043718, 0.5432360067110111, 0.02375622636187158, -0.30299996348727587, 0.6990963321105703, -0.9347421531935185, -0.08893685690837427, 0.040680409862195344, -0.31871316606383204, -0.5492664241676427, -0.6891458002798774, -0.26232641736286033, -0.36755521774163136, -0.17522936048619675, 0.7057425481740669, -0.5166215274045621, -0.4046135057064003, 0.46389951949521824, 0.5239143071411023, -0.13278217640898926, -0.043244062924190696, -0.0343004712255639, -0.6941655699582523, -0.2172831087131235, 0.03517560300864209, 0.6309818155593709, 0.07004875636681951, 0.11315471644271025, -0.147195827941224, -0.37979188708433054, -0.4789020201412494, 0.10401577075220425, 0.08751412605246278, 0.17548738195546454, -0.6325503480896708, -0.28362957994419324, -0.18947568220624578, -0.4319730087771453, -0.06922652124119766, -0.28678082436453745, 0.22346673202324308, -0.35201908248463787, 0.0026705930324415483, -0.6208577219614949, 0.6498291435185679, -0.010431220826851106, 0.3668276331715603, 0.37904688417503785, 0.17324889366255736, 0.12621709296053818, -0.5259125134371339, -0.19808331920859523, 0.17630760590979788, -0.36733439332239004, 0.08069540320745983, -0.07358284506758273, 0.49290704317162826, 0.6892800985444347, 0.195427451389508, 0.0919342559442815, 0.3350582751553466, 0.30550044830111656, 0.010000053549692689, 0.17732113438154817, 0.37017141024166955, -0.3853465640645345, 0.40524743866049806, -0.45631104157563507, -0.08384379497287786, -0.5658731956736859, -0.36250774258251106, -0.43183192683527816, 0.13732206142463355, -0.5938727021855539, 0.4222546925611137, 0.516214103165535, -0.3381017169630127, -0.38033755375943845, -0.4524527649996244, 0.3307290725510037, 0.5702097486177375, -0.012052471275756926, -0.24387528823196158, -0.7144337465420321, -0.1256983385055055, 0.46101639807435424, -0.5962612896585945, -0.3617547243820176, 0.25282854493712836, -0.08320893299170329, 0.4900195252153914, 0.34904332298752894, 0.07489429862792996, 0.3656646007198927, -0.0014880774803553987, 0.5308141237956256, -0.46530187954755886, -0.7487261896660655, -0.23238081347721684, -0.28229048418334346, 0.2168410332107471, 0.4394932038819914, -0.3524664695448847, 0.045182631938098794, -0.252167671440772, 0.07194031102771259, 0.045184915455376284, 0.7630653221949846, -0.2767752875321141, 0.5399710547276713, 0.16029364141792235, -0.0763520754026753, 0.24239525688638053, -0.2079038487766467, -0.22427785386980703, -0.4079875850924811, -0.38403082714170056, -0.2567115983552658, 0.3430936385604566, 0.08198201442958775, 0.419584813329241, 0.6819716155160864, 0.2859961974091956], [-0.09726588650040302, -0.4562970506837294, 0.02911593711552296, 7.0, 0.3074646557427996, -0.592770737862428, -0.8255895395556012, 0.32671248462885494, 0.7117309931014546, -0.5440018863914488, -0.14378236931817023, -0.1953897354190094, -0.20983440164649758, -0.18341267288822227, -0.0253879735721958, -0.4813468878257813, 0.6376550940141756, 0.2167432208793021, 0.15581780370498377, -0.1794491916298192, 0.06646484635593031, 0.44241892034249664, -0.9210444974822215, -0.07910883987848094, -0.4812131135682447, -0.024463632832126936, -0.37574586385790765, 0.4922695529077521, 0.5654057405173276, 0.051184046152931595, -0.7363132906209809, -0.5107300059233064, -0.1290057968858619, -0.042888205688941694, -0.2646248043332481, 0.15787557824258092, 0.9156020639002298, -0.19137832205617433, 0.531724596143953, 0.1685878780231722, -0.500393590831772, -0.6577704972260559, -0.2383059566873169, -0.14543391534495087, -0.1380510526136426, 0.04537088683185564, -0.5901356538312554, 0.4419983385358015, -0.1677899957925233, 0.9127928829387235, -0.489332037981272, -0.09074277163869604, -0.5860415320067376, 0.1225117221873786, -0.20579816653629923, -0.2904808282010197, 0.22121709940682632, 0.2275172117668025, -0.20126267008131227, -0.7864770985943571, 0.061758908662822964, -0.27238286311251914, 0.3285170538944233, -0.31661899441593355, 0.15860109736489125, 0.6256358147292318, -0.1954695404589254, 0.5380101808578286, 0.6099733650733736, 0.08179764231705167, 0.23601775362985244, 0.18294714054658945, 0.1358227876418594, 0.2396476530523033, 0.4275067095466949, -0.6970405822852841, -0.0664991656983579, -0.32758193614771147, 0.5829098517244573, 0.037329737155043174, -0.3213169201407664, -0.06477581162504653, 0.6439243984052188, 0.3122366979821507, -0.20657650076405554, -0.45827158566849513, 0.5320127180828664, 0.54524253287874, 0.7325606683341999, -0.2200538656198977, 0.19359138721923363, 0.586060808079798, 0.662580870951166, -0.10705192243700357, -0.18484004606504034, 0.014306181569479604, -0.27254030529353745, -0.3960039961151013, 0.33535916002267907, 0.5249339255753434, -0.7237278465004671, -0.6314331952366313, 0.24221579796948967, -0.07451252086401527, 0.03254465931633166, 0.3606275335503013, 0.1286897321801217, -0.5024226855963049, -0.22469744115449963, 0.010445908031402773, 0.30124588574558486, -0.034763245768668516, -0.214227314730426, 0.8062015408764023, 0.1024435624113984, 0.24953420830708328, -0.27848423381806986, -0.5372206172271428, 0.1252215469271849, 0.048351616652977825, -0.038102383688420005, 0.06087986050442051, -0.2926009406928991, 0.07230953886830571, 0.05708196316586234, -0.1330334944376096, 0.5934764523303606, -0.13020854751430855, -0.7455889639691209, -0.7341924074307339, 0.4627722803431378, 0.45542372963427935, 0.7111686479807124, -0.5835176181903442, -0.1540660347344951, 0.8184756410227316, 0.4108468547607296, 0.12949557985046267, -0.3351838948249143, -0.5985313305767241, 0.8494523454863427, 0.6094891619498335, -0.6006280362291826, 0.8058290564025539, 0.3084888573841622, 0.09838486410945313, -0.3746824239151887, 0.3748561671322461, 0.3036923931696862, -0.6751019235503474], [-0.1224922131442806, 0.18414472652758196, 0.01788622012859653, 0.3074646557427996, 7.0, 0.17234375771877586, 0.07170932749349213, -0.558476992469643, -0.4230123896660616, -0.4688918814264258, 0.29024951822007683, -0.33193231849952265, -0.4063483752920751, 0.30608665393477597, 0.8241899739360958, 0.16940550976788726, 0.05176699311272648, -0.694025680660415, -0.5438594055841564, -0.15857056302143324, -0.21067019464940262, -0.10397279003125925, 0.28093379247965977, -0.12483636302445467, -0.1868555773250068, -0.19111422295967728, -0.651317942795829, -0.15503813062302374, 0.14370237361437166, 0.8745439215413013, -0.9239465040183842, 0.30964070736388916, 0.44685003629256714, 0.42659790098247385, 0.30177381992955565, -0.20347097159844552, 0.5473332572082503, 0.6353605469383727, -0.3997734451296545, -0.3689542641842922, -0.20020704088739338, 0.05198855940255909, 0.5507257695261079, 0.03545680056858358, 0.30000517233349955, -0.17637989966034717, -0.23240349743356525, -0.6017331804849951, -0.0865115852854309, 0.128413734905791, -0.5120730364105672, -0.5198904847133968, -0.16397664140477652, 0.03700632211042976, 0.2012137238695053, -0.20059710207250425, 0.6420605544204463, 0.14069620294271057, 0.08979420199705412, 0.790684617564299, 0.4430527280602172, 0.37837952686539067, -0.5834688015340346, -0.29278795493760423, -0.6751265458457165, 0.24499188637910008, -0.4874209735690276, 0.5474355087000633, 0.32104048984583033, 0.6685387498778215, -0.046554278238635116, -0.622361021454726, 0.2453064837034069, 0.4662773875387485, -0.07832202730070836, -0.11723502044874334, -0.14552967558797092, -0.06145847824063433, -0.5063337449119908, 0.6222813584018265, 0.08921135841296124, -0.42173033193400855, -0.8528953307050448, -0.6820120593847412, 0.13423961129095918, 0.2926156975548877, 0.3269843784730406, -0.06238395687639198, -0.16345734882132945, -0.6681195150367083, 0.47288418641472885, 0.7262720692488143, -0.05466036501982818, 0.2954245514423359, 0.3447496137105235, -0.3460466496238469, 0.06632905866043792, 0.742287494717885, -0.7564300531828684, 0.01454302542194319, -0.4995806040667701, -0.07797402685569144, -0.09682178783830553, -0.029030327352635887, -0.023916256668054747, 0.16343141700481478, -0.1621749181697404, 0.07721070976771083, 0.4248232155295386, -0.10461604009828573, 0.19355347702014392, -0.14785600094399998, -0.37144423870069676, -0.02983537066703912, -0.4788253320527639, -0.020049400520762983, 0.43211763408490733, -0.19709356031688718, -0.07496259705114694, 0.3942315159306857, 0.3095826872423193, -0.1898012663852201, 0.03823448340805258, 0.1381366136814175, -0.13458515174799168, 0.10895404247490847, 0.47095211360964817, -0.14845915977098878, -0.10942295912536382, -0.3567829535210355, -0.16809252154863408, 0.6498471371639505, -0.4649018031085512, -0.9696611302335564, -0.5332495836264497, -0.015339327743038367, 0.6704943394129868, -0.05854395070897811, 0.1638670157037334, 0.05792964972152492, 0.3227431858771541, -0.18425952230080633, -0.6115963193824526, 0.3770492645252814, 0.6550727244741967, 0.20197446451929357, 0.4010821275542993, -0.3009330722759873, 0.15664296934026511, 0.06865029706544323], [-0.4793806597267217, -0.3896853798337774, 0.061131036865213595, -0.592770737862428, 0.17234375771877586, 7.0, -0.3566159657122594, 0.30469537539623537, 0.417380210751493, -0.10041442877531626, -0.5789114084857945, -0.7551382716643472, 0.05929221468611612, -0.7521533656892604, -0.035366896161768024, -0.47997395911144725, -0.2567605289572199, 0.5006603416483293, 0.25273671679611054, 0.0684608891680003, -0.015532293129174923, 0.09361446381529648, -0.21331065030508378, 0.3564525765906348, -0.9444235968693813, 0.40333009784685125, 0.3437385363432037, -0.10678553240998057, 0.10693523528431781, -0.05204276861351298, 0.05280697048441496, 0.6938595148573559, 0.15307364956842995, -0.1149654683085034, 0.1250213895424992, -0.33370756680740943, 0.4500433768111698, -0.7362098024302471, -0.3569091767492324, -0.005648831571591462, 0.4357395482771915, 0.7142438543028442, 0.059149547205899156, -0.374856799651074, -0.06221251752659451, -0.1448205763465693, 0.022582415774087705, -0.227588993250883, 0.21848131445391505, -0.5782567520550321, 0.33095076649587263, 0.4514963111365151, 0.13661685763831355, 0.11058891337095211, 0.24268154703790623, 0.22534074336195564, 0.18614994878932878, 0.22932083791745628, 0.5017121113677141, 0.1457603109884904, -0.06711897569055425, -0.733256660347043, -0.06842266773394923, 0.0888547028268154, 0.347589550633999, -0.09031525599584, 0.19215517274274063, -0.43858628933092536, -0.06399678983123269, -0.23589585004593827, -0.5044096433114756, 0.5408778671340597, -0.5156488254711674, -0.25785526617780996, -0.10148700238304476, 0.4203426578032168, 0.15304877284449958, -0.3370575202047872, 0.07372132690064603, -0.8781640580292409, -0.5313497762482762, 0.8181972624113647, -0.3214252814692131, 0.6224934139792999, 0.004348476901982146, -0.12930840410318611, -0.35974962170831104, -0.23819895975415462, -0.19745310736157584, -0.6210940054328943, -0.09835774969187527, -0.7398352154759613, 0.43320147509128715, 0.04435164175751449, 0.7535320178311755, 0.2690775895323352, 0.016173977584271526, -0.08096632615833688, -0.4887276939017714, 0.3122821176748569, -0.714273007914524, -0.7115957319768186, 0.20754018674444374, 0.0057441380185296875, -0.011383882511400878, -0.4206008815986715, -0.4853775797404344, -0.22474448245549727, -0.3947609839821329, -0.15018818502972986, -0.42053384640512115, 0.6747818046886924, -0.26072042290465713, -0.5266297298696697, -0.5301676995951592, 0.592141128951359, -0.8364881572983817, -0.854333523863029, -0.05379996217235783, 0.8222185571352465, 0.39140874371537193, -0.1463867255981871, 0.049246194256229, 0.008210587749768905, -0.07436528810390297, -0.3275043542484569, 0.2893751786848795, -0.2030384398185764, -0.20497333012748675, -0.5380764329898707, 0.07647483234059105, -0.15045873714785096, 0.015700815729922102, -0.3413220246155533, 0.21970322451481117, -0.03462864883944217, 0.10121976232256547, 0.09277048454688219, 0.500289198090206, -0.1808155816565319, 0.05646469183191227, -0.06546882864423686, 0.07430917103133972, 0.015567353514092552, 0.08270889596082398, -0.5397965568137868, -0.784102368130725, 0.5756863010661895, -0.2966252837262965, -0.5191293949288133], [0.543294819711071, -0.02282923682257043, 0.22234231930315085, -0.8255895395556012, 0.07170932749349213, -0.3566159657122594, 7.0, 0.549220366399015, 0.174941601095703, -0.4318720668221856, 0.46071885649258215, 0.2699895215992101, 0.3168422840668339, 0.13310424283432254, 0.6726193934083251, -0.3946633537890182, 0.9380351639527242, -0.3068589658718385, -0.07904238687782772, -0.5412107569338079, 0.006007453119464046, 0.5647415483663516, 0.1528342260120743, 0.000320557963198409, 0.7199779296769957, -0.4311833179512009, 0.2721932630725701, -0.007531389895649165, -0.6475911085387825, 0.8835522708228118, 0.03154483269896691, 0.32839427236559393, -0.6228497633574055, -0.1015952726976419, -0.5374293305649857, -0.47197384852885427, 0.6186362702188934, -0.6499674073122677, -0.3988728399718615, -0.4668452591667518, 0.5478452632592363, 0.10610555899890106, -0.3160986879418033, -0.03353150395671356, -0.2892106488446252, 0.0905511872712279, 0.2683777706761419, -0.2851150712144974, 0.4995223151632153, 0.7409355937439739, 0.025444921025747025, 0.7117565083367505, -0.010293496375376576, -0.19636852280703532, -0.6303637586196559, -0.518618020918573, 0.5497938844609536, -0.2852017087844412, -0.11243296222447996, 0.026244241274497426, 0.18191123914818252, -0.6955454849626128, 0.12917431036893845, 0.16219021999472671, 0.13192899250707146, 0.14665449216478565, -0.37877001371042174, -0.055431416619281526, 0.49805122142740155, -0.667583651240365, -0.8813704961427771, 0.4025167614872971, 0.13788174730680502, 0.05201904007560243, -0.11233957145969575, -0.03719254099744462, -0.12808896369503286, -0.7877451543997439, 0.2465201479353527, 0.8741458906179518, -0.09371868696246555, 0.11863705184005102, -0.2131448050851873, -0.029660573618319308, -0.548472734789772, -0.14378835475624308, 0.6347779297791312, -0.6933480918039874, -0.9656742166049175, 0.21105178095653176, -0.014631511693078525, 0.4540421545983404, -0.27505489630895696, 0.5049487112217448, -0.47315714396529596, -0.23342148580257338, 0.028489062756927197, -0.12443026956640446, 0.4977606883572907, 0.27174763769561716, 0.12111441960758107, -0.05308484512373224, 0.18432060576725506, 0.7973582931427341, -0.02427746496813621, -0.7752615076576578, 0.0105544612734505, 0.3224905796849362, 0.32528223236194576, 0.1995083659714667, -0.28482492458034847, 0.06917657993088033, 0.6546209890322259, 0.05555679561693383, -0.6288368719050476, 0.04567574628400717, -0.12876553694372228, -0.7511758607320919, -0.22197440041196226, -0.3865108076245257, -0.11512871947827241, -0.02369873371589304, -0.43756585055134656, 0.5285641370140866, 0.31244963505750656, -0.7130019750998031, -0.2891710968414173, 0.10410858771097198, -0.4910840511330823, -0.5882238942456434, -0.001575772144970844, 0.7855203303965161, 0.461367770490297, -0.16890441028653025, 0.5263077495866049, -0.21419832833106045, -0.719467991437025, 0.7242632907766893, -0.6562506575703766, 0.3201143423584498, -0.8595504627207947, 0.21662458639310422, 0.6062486938020919, -0.3301320443324025, 0.21915963093686863, 0.46587505793053774, 0.44263306294539695, 0.13196535252875607, 0.010028157677612004, -0.4147123012288161], [0.5033125332965125, 0.6888064126818738, 0.6170395546159189, 0.32671248462885494, -0.558476992469643, 0.30469537539623537, 0.549220366399015, 7.0, 0.33172222632165793, 0.7607850833136911, 0.18571563572351057, 0.49817884368346066, 0.23030708379694032, 0.45180456373273126, 0.08841649162368581, -0.15263609849088433, -0.3149334631895042, 0.48160918490540205, -0.6062612141825373, 0.2816821930776858, -0.36011414391170826, 0.677548446148659, -0.8255019045668502, -0.05860704371510295, 0.19473132772764012, 0.27588331521098164, -0.08053744341655378, 0.43078684686161495, 0.04995421154951063, 0.24548822129312264, 0.08292274247151044, 0.19635755277537248, -0.2192623001952384, 0.5801685184307557, -0.03081589713135846, 0.26710139622391904, 0.02005380376025112, 0.8067695811854914, -0.21459860470416314, 0.15203585118961538, -0.3800427805028549, -0.20583649800541148, -0.41429497047705144, -0.029441426127752468, 0.38122553407258697, -0.6141491835683414, -0.4223098444835123, -0.17889500483504062, -0.20073556313894858, -0.4519020953701014, -0.1817243636279514, 0.6742366123975423, 0.4563635798952044, -0.6094686207533577, 0.8033127799953403, 0.16025943046400193, 0.377079113680316, 0.37800152645910945, -0.002318001422579541, 0.018327164384380312, 0.25812106626983145, -0.5443974483104979, -0.858092258451719, -0.2471690411140327, 0.15530384195042646, 0.44667873886536036, 0.16999018705745605, 0.08740303251597403, -0.4647319391740633, -0.56488887532475, 0.5055312105642207, -0.24126900041556265, 0.0002025942276020487, 0.19231960320637498, -0.7679127655973078, 0.9093757741960613, -0.19563386681981354, 0.09723958413524092, 0.31083709863206943, 0.32269547932545417, -0.2433631682233104, 0.21965506366657706, -0.17055897564289757, -0.0930187101544051, 0.24774003569152336, -0.7308592796410888, -0.1053608745899498, -0.20719498960872207, -0.05120901227733066, 0.009247374047236079, -0.4934564971553165, 0.03913619648151556, -0.05014767298860889, 0.30053790272083836, 0.40972183289211417, -0.7706473343896701, -0.7393943429732291, 0.09721212156167569, 0.486683168471433, 0.41782066564440634, 0.1867236017083771, -0.2921129237680957, -0.8162366963078195, -0.09185360798486975, 0.668229357034972, -0.4493133073592631, -0.1491576547117115, 0.666529919646029, -0.7033476814610331, 0.46750730206196756, 0.2622305702902492, -0.12219624654183514, 0.45988337049384165, 0.13185091726317788, -0.7609639054778031, -0.6205189812811341, -0.11519541878283246, 0.34072422208890973, 0.5741503633858871, 0.3438967306385252, -0.3090211612613146, -0.37555654837767816, -0.5279370447732992, 0.7696879800934147, -0.04233115071019378, 0.264920236839993, -0.697673326023053, 0.572079407536553, -0.042838300625135606, -0.6473204164264293, -0.5217447423677145, 0.01250256623068946, -0.7558099567428543, 0.12463970368288546, -0.07733117676688128, -0.5979370983306862, 0.11071840336270045, -0.16000293018623135, 0.41965083572677564, -0.5374614980590778, 0.177898726645207, -0.09253554828536792, 0.22069548583322263, -0.5787841981718136, -0.3096143334999393, -0.7211103259295791, -0.4093877807450068, -0.27757465014596905, -0.314682886604399, 0.4180388227782492], [0.03326207406606585, -0.1527619379819838, 0.5605438831248186, 0.7117309931014546, -0.4230123896660616, 0.417380210751493, 0.174941601095703, 0.33172222632165793, 7.0, 0.23092395826506018, 0.18058327211408898, 0.6040664670531668, -0.5796370360159165, 0.12307999002939152, 0.014369767603944705, 0.262427257092011, -0.44710241686818675, -0.27970039910718136, -0.060274786491243515, 0.5247096654091945, 0.5457638638021356, -0.4865044893906936, -0.09118496437647339, -0.7149910852326127, -0.2955592871510001, 0.8802619898920669, -0.5657971508337793, 0.7603178862661331, 0.3065693662231239, -0.8445704397510649, 0.240900902695929, 0.23386098748604267, 0.03950776238378895, -0.1996455992832874, 0.3371342445668175, 0.044247365146854234, 0.28330674464523686, -0.4022710865101491, 0.2806891234537201, -0.012528206586663648, 0.14427131040767183, 0.542968316728955, -0.16684045539780634, -0.10783910316041534, 0.2332159631673889, 0.3987388605325253, 0.4256217444352144, 0.5662227521416416, -0.20564113453273225, 0.003301985449070788, 0.5315428245157818, 0.5470961220255361, 0.44172283003008417, -0.1697194938752763, -0.45214382965242794, 0.20233942073582156, -0.2513709137690142, -0.04791704470152547, -0.3833022997425952, -0.4155586721617368, -0.17165309587774602, 0.9205440468635486, 0.0326006309879634, 0.17346158535826683, 0.4137718644823578, -0.3880009222955463, -0.39300314328564834, 0.2636550678682925, -0.21897475570907654, -0.13646452005584886, -0.2973327430737387, -0.6898781686425267, 0.14890880879498725, 0.37601161264090655, 0.08696448825438763, 0.06485190729122547, 0.7481458219732706, 0.36771234041830736, -0.9254579989466367, -0.6852152726376836, 0.05134340524078507, 0.27441056609429637, 0.35836811957790715, 0.0034085299150010684, 0.2834721769371953, 0.5247996769518615, 0.31305625358901423, 0.6020597344617262, 0.08611181340241503, -0.1380526184552322, 0.22050802470654185, 0.3007919175029983, 0.36352997353920813, 0.5758465668906316, -0.026825218411172025, 0.6085619344555133, -0.04497682173654749, -0.31274361964602404, 0.1193010833124295, 0.3138465552373064, 0.6039850035747347, 0.3488989039153272, 0.44549838081194304, -0.4640995687037457, -0.02719019942869305, -0.5534592921614921, 0.1454930138806707, -0.17373959992659282, -0.6483955460015604, -0.4288961857600493, 0.5845652258897935, 0.459903854147544, 0.5114784288284124, -0.3372430591954366, 0.7199590938911185, -0.6276381354525128, 0.7552810101387493, -0.2225950647069752, 0.12767286993115, 0.6776048661230618, 0.08892871239897504, 0.04528861126811634, 0.28797078991491465, 0.624672700004393, 0.32534063376837397, 0.4260265368634977, -0.6217145689304373, -0.5849661057444814, 0.7063252634058346, -0.10704094265786979, -0.2820495743653143, -0.03222781772128103, -0.2613303263935992, -0.7882535338259143, -0.141245178337445, 0.5689024845917707, 0.1402789362262118, -0.5851146462647407, 0.22328755687100355, -0.23753463830047117, 0.7204495763927885, 0.5078805320620581, -0.3076855760151219, 0.18366158552422807, 0.7170617959414725, 0.39909867937901433, 0.1682218430464717, 0.14278140011559026, -0.05434796965739519, -0.5406332635920418], [0.18617344417056003, 0.15719013110537272, 0.6796178489088907, -0.5440018863914488, -0.4688918814264258, -0.10041442877531626, -0.4318720668221856, 0.7607850833136911, 0.23092395826506018, 7.0, -0.18899288880539367, -0.26703579321866455, 0.10316904899276436, 0.45112138422638304, -0.26689673059011976, -0.7987514527701268, 0.51220696802759, 0.3762097162182152, 0.08068613713997164, -0.3078509680708782, -0.22497597966341676, -0.11791854474687402, -0.7571275453418683, 0.1899261179173033, -0.13293493493000796, -0.46792072314777944, -0.04389735257879557, -0.1531631459176862, -0.030381424176185945, 0.2986724177481306, -0.47051285681222255, -0.07133556804793573, 0.6319805746401923, 0.09231651209682434, 0.28465036122966736, 0.5353611379358387, -0.12784429751413362, -0.6956149577372093, -0.4979679404877426, -0.09806315177523028, -0.5058754029300881, 0.6071659145909365, 0.6900382167031669, -0.23888522587335603, -0.6804035979957609, 0.7895208887280654, 0.012724146432391725, 0.6768307297538043, -0.6124386191444341, -0.2683208150341342, -0.22106552432522575, 0.332554465884507, -0.20270272235422793, 0.6403988919776311, -0.009695211635086576, 0.37573526088012077, 0.14512634839650285, -0.7577481623814624, 0.017684439295794885, -0.27273545564818413, -0.8837318890662852, -0.3281633760439574, -0.07085059470281652, -0.2781893908808215, 0.11759135430895351, -0.6757403463186505, -0.5602401137812526, -0.3976809109467968, -0.101467625360817, 0.07541254338947434, -0.06035932865618299, -0.47357532207422204, -0.27132795028920553, -0.7616169435933098, -0.05884364320744784, 0.07408370221352767, 0.6851806640263334, 0.5468949505433998, -0.17356724900158116, 0.21106238919237397, 0.33173384384460824, -0.5768073536370585, 0.09071310998989257, -0.8698872235621248, 0.3388974507473501, 0.0029142931075378797, -0.010180860678886239, -0.2232078988714996, -0.12056390768042569, 0.35907374617200594, -0.4083984848677613, 0.18241009702483302, 0.04907288990974079, 0.056418743355681755, -0.44231001861275254, -0.3586221918827156, -0.19221916348192647, -0.0364194967258773, -0.34057789794004756, 0.36773784735944837, 0.40497052501762054, 0.11751811090460151, 0.11680682647286389, 0.23906507334057192, -0.07722196082326893, 0.11887255868443058, -0.13310937189919292, 0.17886843146018383, 0.14374737824659678, 0.47177837667779654, 0.5781420449810823, -0.7760970661415411, 0.21020471969831456, 0.05725639646209313, 0.03538040766190376, -0.7706062005807096, -0.8354542837911155, 0.6936397528401859, 0.2598716335996749, 0.36931194069102835, -0.16164759397423245, 0.36701044782362846, 0.5243764167088147, 0.5076033256516315, -0.4616313601329395, -0.7778596872254453, -0.4394572576848108, 0.46130545766303577, -0.2277352880182466, -0.21241496636449353, -0.00920213980704454, -0.15425786560065136, 0.4298166563010506, 0.84894530413933, 0.6510773297480856, 0.30103313973140433, 0.0777982762272611, 0.4750111935589916, -0.21695645508938466, -0.35410206705861147, 0.63928173639201, -0.4338134920589324, 0.7067780078087504, -0.1634784900887326, 0.6551061664159858, 0.03929696524888371, -0.736101030721814, -0.2586775452561092, -0.6848824015827714, 0.1738105520091584], [0.3042909570753034, 0.2629846725532532, -0.5901451055691959, -0.14378236931817023, 0.29024951822007683, -0.5789114084857945, 0.46071885649258215, 0.18571563572351057, 0.18058327211408898, -0.18899288880539367, 7.0, 0.4770165403209208, 0.14499880560747647, -0.01156246690243945, -0.05382385227505104, 0.2279124752749042, -0.2217472805695917, -0.023376171215843344, 0.7813958557957417, 0.2510683923495538, -0.32932468869860776, 0.26714991216378303, -0.04234213590273039, 0.5488602782353078, 0.07351315572089723, -0.07967795377845444, -0.35569242685268265, 0.6046040353811488, -0.039083133344353094, -0.4413322952217189, 0.7788766346179052, 0.2805335066782917, 0.5677189514416159, 0.7445089145981902, 0.4264635243911725, 0.8202002032626721, 0.10081977256467889, 0.26157153454187476, 0.4955575813005815, -0.6562200468703001, 0.014145655296254667, -0.27259344906026517, 0.6100266475914504, 0.20754640082340936, 0.08879180113545782, 0.3629934110440529, 0.4707986613422612, -0.058333523015493216, -0.1959176574462882, -0.7839936802278962, -0.5561611793608381, 0.1529542604201739, 0.09793287230018888, -0.0182654129621731, -0.0073020445845350945, -0.09619881876748149, -0.5328358835740246, -0.615726293103912, -0.5510310881170478, 0.49783237175158845, 0.05369669703598623, -0.4779524656905464, -0.11880620125645847, 0.20739579563388677, 0.0987106646300333, 0.6507374389639706, -0.4981256005020612, -0.16262164502988874, 0.023903805680734802, 0.06175468660232042, 0.0744761425396363, -0.2283648539845068, 0.1517652649997583, -0.03599927747574805, 0.06452950981438388, -0.027126824672319416, -0.6643940171674326, -0.29969099940245747, 0.31590872570099604, 0.13908220124999504, 0.20179049492978463, 0.514836224082778, -0.017253666983509608, -0.6030030738214038, 0.622033233786736, -0.25315847074246933, -0.09462981720254526, -0.5984373473428211, -0.23711758428468221, 0.37433822305711173, -0.5611996119387864, 0.26931505742681616, -0.18722417561729232, -0.7276007214772787, -0.22127835632570503, -0.04994747902110808, 0.06977902892594856, 0.07569608851485166, -0.9067532310993637, -0.4307203142509447, -0.5162615996176257, -0.30564720084537567, -0.09469794043146662, -0.786543425781216, 0.07970001220571943, -0.08920997861510283, -0.09856070443273879, 0.45279331318546134, 0.6548534710791469, -0.8817951619301498, 0.1987562791348907, 0.33724315713791153, -0.23610872543887562, 1.5202337265041166e-05, -0.5012946462587498, -0.4970815435710454, -0.0949062609794864, -0.0006474520684133234, 0.26775608018467745, -0.6572390353970469, -0.8969824007043496, -0.7106682673267135, 0.18197255982852156, 0.3863339253823712, -0.5236557421824428, -0.2727556570321784, -0.41726771451705214, -0.027052297063145825, -0.1903731178918684, 0.44029611395194257, 0.6612368962966348, 0.8915581059652462, -0.5150430344992883, 0.9681673812308524, 0.17201360425096057, -0.5557958865134425, 0.36480233477407964, -0.3320584047654114, -0.4663278371496741, 0.3593250304810951, 0.4640750604937063, -0.25279991583880956, -0.393332765471339, 0.1193727335409096, -0.3821740131300353, -0.778934521655041, 0.08818318652076584, 0.3810479212627693, -0.1980433481582934, 0.05960991227354695], [0.021696149273923826, 0.28464544277540393, 0.01725351815963605, -0.1953897354190094, -0.33193231849952265, -0.7551382716643472, 0.2699895215992101, 0.49817884368346066, 0.6040664670531668, -0.26703579321866455, 0.4770165403209208, 7.0, -0.8470824481801129, -0.3911987465784328, -0.0019993910369684453, -0.2132622182522298, -0.22399257302499898, -0.24001954706113415, -0.03752677850612696, 0.3218596280540653, 0.027405691875872717, 0.6580571815544469, -0.27887004747167876, 0.04518561237572705, 0.46415977277260945, 0.31291034797457495, 0.26528689863929156, 0.38479639531541787, 0.4761278200780339, 0.4399827625251389, -0.4398927075125355, -0.38507156587321967, -0.04863145285358372, -0.45396020485473176, 0.0862268674679405, -0.2569731908808195, 0.001278274817169578, -0.6250349752276304, 0.7695508345935709, -0.2931966526458918, 0.5324586675777196, -0.7300252187231587, -0.4993948716331371, 0.04343259878892525, -0.25179283784677053, -0.07652673222006823, -0.6251211233035369, -0.1432089304890829, 0.4249307219159677, -0.22806236506123956, -0.3527626017541653, -0.2951081680971831, -0.09837454695353276, -0.18621113289903768, -0.08452668501080995, -0.015793196253787167, 0.18130557657362312, 0.07857284533323527, 0.16847372129583627, -0.021897824034839086, -0.17146859086900534, 0.3274066043223347, -0.07219488649073535, 0.18831714762253648, -0.14896411752677718, -0.02513764557614595, -0.21212346203667376, 0.23111181215435073, 0.40809139775569925, 0.761374695579587, 0.17204628793408028, 0.43922596658349233, 0.17515753184712324, -0.2839266559379735, -0.5592607601193028, 0.19854898791393039, -0.01514370479183913, -0.5197949742151585, 0.5869091935253217, -0.05516883402784167, 0.1217267629012091, -0.3281416194682739, 0.17321320636036086, 0.2180848318249704, -0.6401633227184038, -0.029962174193120195, -0.2608625202165822, -0.5036040679373018, 0.1791435318891792, -0.0961459964882585, -0.08660655650968607, -0.6795327734223485, -0.17433039317097265, -0.04275017348858701, -0.053506333732029954, -0.012323676670193962, -0.5506011035518867, -0.40803448865467296, 0.26098145694081154, 0.3867417890117477, 0.7635435325170854, -0.22516401224453708, -0.1921982491006382, -0.3684107152600139, 0.28864706936036066, 0.5677979001493652, 0.26479886801386865, -0.5819797301268367, -0.40932848357137686, -0.795150387821135, -0.6163006237956794, 