{"N": 150, "M": 3, "c_0": [0.1263996461009338, -0.5482781719286891, -0.6369947915780763, -0.7144930823524756, 0.4590911889056688, -0.31075508061095003, 0.899165974559236, -0.9197750589840521, 0.4558304203325798, 0.1438684021494827, -0.8999746272638522, -0.48200307371724316, -0.11440514616505348, -0.3200121169596468, 0.3388874765063039, 0.3771302809588697, 0.3750397491043609, 0.7221157705781316, 0.7572120896125143, -0.43813135895143795, -0.685405949235127, 0.16009419852282125, 0.6966110623493802, -0.35769425592971493, 0.6418974227625689, 0.36139597888462993, -0.4181765611867456, -0.005038740320312263, 0.1642343535398223, -0.9027411821866065, -0.6305746128641982, 0.24823014415527744, -0.457830613897678, -0.21869632111752613, 0.49836184319760335, 0.32879052489561733, 0.0003517070422902613, 0.8948396912992271, -0.7216339367406104, -0.22845973122526098, 0.26454216191579016, -0.09169895166115238, -0.7193708794619964, -0.825756411082418, 0.9616517180108768, 0.49847003080825525, -0.2773119677669702, -0.11002731944911082, 0.00857178306744344, -0.0354185378907812, -0.701982364438462, -0.5887628961721878, 0.6633311205255943, 0.4265621953055485, -0.05275725571832979, 0.6184554821199688, -0.27944247108011355, 0.2455694837772573, -0.2323373762639902, -0.599432274464172, 0.20392227280919029, 0.04058870208187071, -0.6250295381919284, -0.8530390116005906, 0.5437548610844187, 0.37317726269473694, 0.37964319100332555, 0.7417432855505237, 0.8117353495901778, 0.46429170740241377, -0.3988732110935642, -0.5750198841955636, 0.33544330285435264, -0.8021345860950411, -0.8100763406590563, -0.465820171835418, 0.05820892447281922, -0.6520946296741708, 0.9375240744877624, -0.6011476908156164, -0.5665796838094819, -0.8610482143791585, -0.8865604792482364, -0.8319328877179606, 0.7595160337207538, 0.9261238301134376, 0.5378156531095459, 0.6573798081954287, 0.2547436472880902, 0.5709192566272285, -0.49518222948330726, 0.07212174621181733, 0.021007573865578166, 0.8164245189187009, -0.03148541211424383, -0.44820858729783564, 0.9693185064380476, 0.32614159925894315, 0.14857334071057982, -0.13697819975699432, 0.16442043000402173, 0.8750042985436359, -0.6920809734823716, 0.5629966960967479, 0.42218399760881176, -0.4643758217596954, -0.5074479625001616, 0.8451201681074012, 0.7980454369367607, -0.6522938719647406, -0.5634396928829373, 0.9230802754331695, 0.27029467404140317, -0.8491258370478905, -0.3119932413947888, 0.633102313901674, 0.17636952230369385, -0.3765721117128804, -0.7077523701213619, -0.5778308993729377, 0.060740831151301355, -0.04349216200264183, -0.8283290236584906, -0.4883398934315577, -0.5906233959585121, 0.2839797709897107, 0.15808388415907593, 0.7470067129611213, -0.24055829592216282, -0.7248227620917551, -0.6206306062975397, -0.9118742498816195, 0.5038616563622353, 0.03379402696074152, 0.26100335189422474, 0.8251456569354201, 0.28055281389324715, -0.8791146934464737, -0.5211921031757853, 0.4905642542629767, -0.550347545798183, 0.19445277696870922, 0.583294539495119, -0.6316011342364927, -0.41708315715329203, -0.6870354733143615, -0.04465442247308049, 0.14798131879526077, -0.23319963041043024, -0.44479829865724674], "matrix_coe": [[[7.0, 0.2765162446518816, -0.18270678352521386, -0.5450314933462956, -0.6166317756791805, 0.5316560997757396, 0.27932828641187335, -0.028180308942381327, 0.043617249537656555, -0.6579769171545955, 0.3833675266327934, -0.4165994651894628, -0.31050900604381604, 0.33500813422894327, 0.3648025022328971, 0.5924484810116888, 0.056078910182527864, -0.5305914895437123, -0.8661943415934206, 0.11436186251681013, 0.14790003231847093, -0.5764551148332494, 0.5383319293918809, -0.3674497956896625, -0.39123135589105584, -0.05790631782495481, 0.05363084910931293, 0.28500319670939445, -0.007454248949174014, 0.08751536159303841, -0.5234446599028633, 0.33393288716242076, -0.6001398179980929, -0.3753620513410112, -0.15893785790842196, -0.3121470800224202, 0.29128476301979767, 0.7879811660884823, -0.42837141934945444, -0.4955646329958918, -0.57989429111552, -0.14802860025173314, -0.11586979075030446, 0.9026056505491207, -0.7005983910708187, -0.15510333938876386, 0.26116561837117924, 0.4869662086282587, 0.3821698528674875, 0.12263792288060538, -0.8434964434742894, -0.4799351559025884, 0.04462806783279083, 0.31656393374045266, -0.6572153291728001, -0.31665695055398335, -0.40116256542373363, 0.45479220636751183, 0.6366956499367051, 0.1660396570856495, -0.2633634020553821, -0.5913752476801194, -0.32010814454481273, 0.4227716350137962, 0.2966389754551324, -0.47867110782166666, -0.11251691050353096, -0.24784051533362195, -0.3633071029502454, 0.6463624321873711, 0.3650950853228374, 0.2866215136232473, -0.5195578678486917, 0.0861696514287229, 0.10362868316879359, -0.4902384467603942, -0.3671367535104928, 0.4597444911082613, 0.34643499021820134, 0.3699871683345224, -0.19040054335213885, -0.28819659701282196, 0.5445754067162789, 0.12508424467016832, -0.12815552944852748, 0.07632519243254343, 0.11758334514861168, 0.051072017560375826, 0.8263549306367768, -0.07400887342975859, 0.0357925608855052, -0.7906756027954047, -0.42323969446632204, -0.6540404145261064, 0.10492167032320654, -0.2074574081820486, 0.10615548049590329, -0.16016264565170113, 0.46337859987796426, 0.2924269670673145, 0.46802067952363524, 0.11904260602103478, -0.3279227534165017, 0.4370590223757511, 0.8199566911929659, 0.9629377175225735, 0.07516596146669818, -0.5469028633940957, 0.5009799003089515, -0.25880313720585923, -0.07188325456653821, -0.5480126208471802, 0.31695844022264374, -0.04676721837981335, -0.2925296999089726, -0.40561190082775866, 0.31143718271844967, 0.3759297207045964, -0.5625318385002395, 0.16222560331630387, 0.45899510946455035, 0.4552862941206002, -0.5351249011152145, -0.8231426027065364, 0.2950352720442022, -0.09197863828028985, 0.20874474675940924, -0.2638237400438329, -0.23078469062202522, 0.15149062371256772, 0.0020202070075270306, -0.32403712742729807, -0.6441047782578516, 0.32976515990066035, -0.006146576649280533, -0.05110777078703821, -0.4157699443010563, 0.36933941782157387, -0.07771059919089573, -0.30675407004182675, 0.04606165495907777, -0.07116735752013581, -0.02723642964173334, 0.6066186168724972, 0.2826131655196811, 0.07094462652525291, -0.36488737740509647, 0.018669951555003728, -0.3432106717986072, 0.37981149232040545], [0.2765162446518816, 7.0, -0.39153077971562755, 0.3303010325468487, -0.1163278564054886, 0.572481732689857, 0.02340302207516265, 0.12879383666974387, 0.5536538044573591, -0.04616439137105921, -0.674191649749575, 0.273203192216001, 0.10776488707468013, 0.3446494146225394, -0.8548347771819284, -0.025665774221604876, 0.2284026652565636, 0.2620111696107883, -0.18737744994306704, -0.34000472604187437, 0.1496814263633568, -0.2907568951114702, 0.04562374034533345, 0.17969699773417336, -0.6395038205677168, 0.4321028913085143, 0.21945505838218615, -0.6047249548838202, -0.29821176757847245, -0.11056479060630442, 0.5425401630422544, 0.22099947556173039, -0.1405184403447196, 0.33835927679316624, -0.28953164458360015, 0.18177196205688695, 0.2403621501987896, -0.07731264222786083, 0.7130216715668056, -0.342326909628321, -0.33225416666675933, -0.3790188836099613, 0.08832863360774734, 0.1963374884976008, 0.7262619999539914, -0.1915730051480251, -0.9038553949308288, -0.0064417353145491685, -0.30959385929845595, -0.6184493376178026, 0.20614684535696703, 0.27533343427561396, -0.2146112020808526, -0.11651477113630226, 0.43235580443331667, 0.0025325289722819555, -0.5246710328403454, -0.3412853753513341, 0.8095042521002112, 0.39359553255149926, -0.04902322953249838, -0.6000371881462158, 0.20982071633743082, -0.9438579380646542, -0.3181879194709675, -0.730584502028804, 0.7383106567969475, -0.3971421109951707, -0.10388211840542017, -0.7571169381411, 0.6341912874552715, -0.44181596819240554, 0.3845811568228661, 0.3396059271602492, -0.5410854395863144, -0.14163532687370017, 0.19852589414007227, -0.8492074902747029, -0.2133953222883339, -0.13471827962588434, 0.1666715162975776, 0.18193347195639653, -0.3759301959635959, 0.28406838147512947, 0.33499119103010955, 0.33329939505430506, -0.6507173704684278, 0.4227319322674026, 0.15669341572577333, -0.11847842240035655, 0.05639116148457157, -0.17826981162299727, 0.7756670766244922, -0.4124399845800988, -0.3443246367736882, 0.49625259620328643, -0.8999239515783525, 0.2225098342540357, 0.1951507780274251, 0.244965038034739, 0.23028358422820938, -0.4064180605251032, 0.713105711484828, -0.5210832466144136, 0.1334341226812994, -0.6775857457244979, -0.24944265331697013, -0.17139145283051593, -0.3505174275227343, -0.04018803429164619, 0.1739606826191149, 0.4088847789871537, 0.4190826173906925, -0.4070965832437765, -0.02844694375365109, -0.04442143563500245, -0.2796053119740909, -0.5378937343710524, -0.2733212853408491, 0.44100042601271205, -0.10866270874548012, 0.19952590997004171, -0.09206016453696908, 0.7452145135596888, -0.6007029242802557, 0.6798021909348226, 0.04308200501441073, 0.26852192815284504, 0.3588451200835463, -0.5714267492048735, 0.06606012744092338, 0.8978353653949269, 0.24934635098845814, 0.083785357594087, -0.34704385276616323, 0.37551927417185116, 0.18484813814437917, 0.273586568317578, -0.016443675775836386, -0.877058475315627, 0.36319136581058364, 0.2248816559737994, 0.7834610776391995, 0.05743525172841757, -0.10772775925394729, 0.161182892230193, -0.31436050976121344, 0.004472377849083831, -0.9408405839476232, -0.2953504888747752], [-0.18270678352521386, -0.39153077971562755, 7.0, -0.03933676483715243, 0.0792365569205491, 0.0260918558739891, 0.29960113032612035, -0.3435848851868474, 0.6883993948443248, -0.05081005241704217, 0.4533090578600736, 0.337974418471612, -0.42743006427463737, 0.46482796631480383, -0.5397417785448785, -0.44227292293025866, -0.3474707322880427, -0.24315573682580705, -0.8251827543858418, 0.09501037997055706, -0.103756906539056, 0.5061551349890525, -0.0019290496618084019, 0.5585828607832339, 0.4823304849458101, -0.5714897103758434, 0.13467836817775014, 0.7936819152134822, -0.025408431083458916, -0.552775094652955, -0.5847897228419576, -0.4844125675104415, 0.6357692105664534, -0.3186013974569575, -0.10760630469476096, 0.32459819662396217, -0.36800070316415134, -0.61860996628433, 0.3105257483748707, 0.0011730603210664547, 0.1696966574456753, 0.5356375607452821, 0.7286869501106426, -0.35269702469536557, 0.020699792192100608, 0.22835658438239692, 0.33474122867610934, -0.10787528723700457, -0.3679786823915049, 0.26222605281164046, -0.703513396203958, 0.8475858925323287, -0.18158911485885199, -0.6818050247942584, 0.30385566034136513, -0.4781215738004999, 0.5672478409433865, -0.5693812190585424, -0.6556901829489212, 0.21780419692743846, -0.3793020267200784, 0.1407509030239369, -0.23707863583680633, -0.34060089451012154, -0.25273069066050335, 0.10158670845899653, 0.4292347265834473, -0.1475426953876363, -0.7759465690975522, -0.416176937328277, 0.43560739894592393, -0.3459011437477606, -0.15720572318069015, -0.2962348956655353, 0.09319964603734965, 0.22477949070376568, 0.2913404212872561, 0.038416034168708535, -0.1825403623673072, -0.3944238038139727, 0.13896761950202996, 0.5668597440808423, 0.3218635192989967, -0.11964715719666474, 0.49461333312515166, -0.6213425008978871, -0.4364190971567461, 0.39230148796288944, 0.13130964741277706, -0.2815220387085552, -0.3673570317915491, 0.17895271150907544, 0.08949666826448777, 0.14043965441931783, -0.509576023114757, 0.6913073798742704, -0.6019340781292405, -0.7749802468089888, 0.7338440352935158, 0.979930146016073, -0.08431638241496142, 0.06852316363389743, -0.016163832544684342, 0.7904025755615858, -0.5884600530060327, -0.5768173131634523, 0.14010465569312336, 0.21542566173179756, 0.7378209822511419, -0.44543288135410175, 0.03972391549525156, -0.09030248005298824, -0.04932757369878049, -0.9120662804915456, 0.32680223614703197, 0.36705214558828203, 0.38100896532217066, -0.8224836706521439, 0.8541477244375963, -0.33996861106417176, 0.5395011567055614, -0.19061162820979993, -0.1365969238940311, 0.40530521540483777, 0.8459815013188061, 0.6512274990072782, -0.34735574353774046, 0.026151507531049667, 0.4496777597744197, 0.1194813867778568, 0.6852762366129359, 0.8281830904476695, -0.19861511689383649, -0.2307414045241627, -0.6553530867819679, -0.566047405941223, -0.009029599291815349, -0.03191261226234454, -0.24599423886313543, 0.1931328841704656, -0.32445595870182, -0.2481812929805285, 0.01831191754583883, -0.06189232168256242, -0.2093219706179431, 0.5621939213733749, -0.7493008534478606, 0.27273843851529334, -0.4998859153219193, -0.5959348325943685], [-0.5450314933462956, 0.3303010325468487, -0.03933676483715243, 7.0, -0.2884209160755843, 0.3722926116507286, -0.20090208208540083, -0.47284954373148214, 0.32718358375136747, -0.523597975940823, 0.1660899828681388, 0.11730961732536094, 0.7822346266786784, -0.6156528117709077, -0.1040606059470619, -0.15317075239993716, -0.17520780749555198, -0.3342691878524635, -0.37396653422783666, -0.04588938628555439, 0.3396789715551485, -0.4993801598234764, 0.11981505508851265, -0.10004389817904336, 0.4182915750380434, -0.14931534214662967, 0.6756530018882203, -0.4655275912688187, 0.38687777426189673, -0.5504963534520804, 0.23471823247786072, 0.2538856697478016, -0.13964630521931876, -0.37555960940184663, -0.08464372743344373, 0.32270902389600864, -0.051989047664292576, 0.19178129930472831, -0.037271525288402496, 0.2870803760944878, 0.5697447958744009, 0.46266934473383436, -0.0769481397341143, -0.20744890116305115, -0.025434965420890188, -0.27481119573642043, -0.22153880715750074, 0.8145525606337383, -0.002659315940040763, -0.1920276870020814, 0.2980701544379145, -0.274146819458703, 0.3337849876563652, -0.8157782268128057, -0.5585581538603013, -0.19271299609118087, -0.5848092578641509, 0.6244401593699105, 0.624741584283159, 0.3020539812321785, -0.7574813769212707, -0.8166364702954394, -0.023894209106307462, -0.1470234291854876, -0.49720546203956184, 0.1711743353906754, 0.1502387793106421, 0.2328175993819932, 0.40273486707629225, 0.7965630315181564, 0.38854400462852046, -0.26909713026569126, -0.3788575852495386, 0.5143278422150868, 0.5813236704775502, -0.6097258078567931, -0.08604954361492323, 0.13990235156957231, 0.49601391030289954, -0.4415594539683426, 0.3057467605733457, -0.02028667032719822, -0.03563260601481977, 0.6830558146284051, 0.10146829445082384, 0.9292676050992905, -0.44241756895057005, 0.4311482029574001, -0.3903231014851879, 0.2779232958822946, -0.2397238972357585, 0.16493654385118872, -0.5620207115899517, -0.04306591128879822, 0.31817583103872593, -0.34865143661244624, -0.38019818763633195, -0.18246550236428394, -0.45896723492912295, -0.055737367536315974, 0.25327120170545125, 0.22953451716825768, -0.266361569659312, -0.3938856002018164, 0.6866807013343998, 0.0358313603056688, 0.021594633378285266, 0.27929261300737895, -0.08236817589620915, -0.8014066620347752, -0.07873303270801413, -0.3515084949174797, -0.005834349261206295, 0.5650366144913876, 0.34340745995980115, 0.5259682204234148, 0.6234459372316246, -0.3047393702609733, -0.6359266281094283, 0.4051799830401701, 0.759225776529389, 0.12107552840699798, -0.6113057730946678, 0.09947154941676573, -0.23823924885946746, 0.13084145983886097, 0.5467892649287602, 0.015803244166722852, -0.9015894284570152, -0.89501394791076, 0.412660660827862, -0.004892174226862722, 0.02276532944440346, 0.7256286814688204, -0.6226803013629555, 0.06934707818455665, 0.8661737950363007, -0.46320228499511906, -0.25179970464435075, -0.7066074896273561, -0.0520493446824295, -0.8577533639706949, 0.10314232228369513, -0.3049335581799405, -0.4562757282379717, 0.2982114847981947, 0.117468065131618, -0.18056765171722888, -0.13541912162320913, 0.5610199717589623], [-0.6166317756791805, -0.1163278564054886, 0.0792365569205491, -0.2884209160755843, 7.0, -0.027473555499307745, 0.5462738493861279, -0.6627467791289371, 0.03374538660198123, 0.07566829646597384, -0.5570301153999083, -0.44250167466206847, 0.021174198837575098, -0.6292277668466651, 0.07970337108908598, -0.3425826238138131, -0.0814668800543692, -0.4193706340954896, 0.7126627944746868, 0.4895095517564956, -0.0211912262803583, 0.5013458367273511, -0.8746459596292718, 0.11098070686947814, -0.4182647276514938, 0.2750176918954572, 0.4797969445436372, 0.2469007748795211, -0.12754332254837053, -0.3168340067956863, 0.2985276055726285, 0.33723893088682644, -0.18654146225615476, -0.029129259688079556, 0.5554515911811464, 0.4800369154425015, 0.07771603728331589, 0.3105709704718582, 0.5296700134232268, -0.3369311792189843, 0.2580724811257544, 0.25057939751652825, 0.1171848117149672, -0.16312775848160133, -0.3581740454274346, 0.4500410089966582, 0.5134548286275487, 0.3161372278012351, -0.6941784427278113, 0.2835431186948276, 0.6372030936512081, -0.4960294317657048, 0.4970485176869752, 0.1838359812230428, 0.07585601478625525, -0.11836628406660266, 0.38522512174837953, 0.7095752815186951, -0.4197835404340937, 0.29987109239719834, -0.010382651149753341, -0.04755320150362319, 0.42316853917050645, 0.09928444026648431, 0.5206391600811768, 0.6338705274449064, -0.9512670277317969, -0.2145635557700094, -0.017822638044941552, 0.6970166783561242, 0.7086830750379698, -0.3432975621075738, 0.4330631033679091, -0.1752520681014368, 0.37856019859940426, -0.06664462030393659, 0.40418742749294845, 0.7902919654586122, 0.031683930309837294, -0.3137533509674214, -0.7369969428852045, -0.4689621568211658, 0.0356492293174413, 0.42285486654100946, -0.08290607874125777, 0.08721908028904135, -0.2182213522535318, 0.8028465952767694, 0.4321961713302014, -0.2717902599891714, -0.21485573174708894, -0.7158226502572375, 0.3542971270067514, 0.20805124378208273, 0.5318367913846664, -0.3673493818956941, -0.39786410796936644, 0.20345723706972518, 0.16984859495160665, -0.4210974888684824, 0.9169574350967724, 0.008300147099992605, -0.13155028313149164, 0.7978181090437553, 0.1719261497962732, 0.5638693570513242, -0.7791241773250195, -0.014996750420552485, 0.17079306061008048, -0.7241413022352656, -0.2055606886681831, 0.5621161906768339, 0.371071005299179, -0.2999889998183537, 0.11367086049936459, 0.7132973864607233, -0.37915807129526957, -0.023014510414093192, -0.5727958183941717, -0.14594859466865007, -0.6622762434672571, 0.23256689458806834, -0.11314592279446067, -0.826837195433927, 0.1151468759648302, -0.3569526158879599, -0.877325607123477, -0.22044022590836132, -0.11974711481223632, 0.479608657886029, -0.27746920062594127, -0.39185853361907996, 0.34177344112950614, 0.14673606104669346, -0.24397877822228975, -0.2062623695721647, 0.6927119386148268, 0.17275993822024116, -0.5037489106400591, -0.24968538224295234, -0.2650682219122623, -0.49236448122148735, -0.01168483681264465, -0.4346629794301369, -0.6783314613104738, 0.21500360118542816, 0.5906382339638219, 0.11831446791837474, 0.24885712138337257, 0.5467371476763332], [0.5316560997757396, 0.572481732689857, 0.0260918558739891, 0.3722926116507286, -0.027473555499307745, 7.0, -0.35794238974036685, -0.15013902754657504, 0.6123130630063884, -0.6306617448595508, -0.055303107625427894, 0.09676411229969917, 0.5098247988170703, -0.8606442426899548, -0.18626026193956802, 0.06603002986592221, -0.014164581279005883, -0.21421132604542703, 0.36481295824579707, 0.013888608114786205, 0.6422155620190539, 0.2185911788373267, -0.8083082004716678, -0.3281129835257457, 0.3001531965801849, 0.6942694791204316, -0.6227868571136165, 0.18059306375745776, -0.18760564340436192, -0.09417172076701563, -0.7110559600782969, 0.0703688322528575, 0.41263585100957023, -0.29805403779040873, -0.09119185907225347, 0.1617508512800403, -0.5166403842443656, -0.005292664060424168, 0.09377610141391979, -0.5232086403231542, 0.13355002428499185, -0.481528830779129, -0.5518197339500311, 0.13540156657733804, 0.3680166197094543, -0.47733484958416383, 0.6012324489539784, -0.1405264536743377, -0.024975456834535725, -0.16472251119956616, 0.14329270193029187, -0.03914683233897254, 0.16874766849475464, -0.5235914978875156, 0.44095128641712966, 0.2619872272335608, -0.014723568568834944, 0.09047886236504743, -0.07151267130391392, 0.9714198739421596, 0.10906407956314412, -0.04436765484467686, -0.03965428301255358, -0.2962941827198815, -0.47621669143098944, 0.13197862493941037, 0.36201720508744417, 0.19851594814817686, -0.12211036697302236, -0.10597269873530535, 0.48795233737675203, 0.07204337188668575, 0.42946051946310604, 0.23436682766865546, 0.5621361889756447, 0.46898471223373583, 0.10412811442781766, 0.2683022485966067, 0.7887911309978786, -0.235076428241918, -0.07012357105929679, 0.0992384323738249, 0.6345973407787713, 0.19156984573554503, -0.11686678398537831, -0.4252090937447611, 0.06647937676289128, -0.3567935382115871, 0.20564918459497772, -0.3549153524832578, -0.3358111668611362, 0.4331173366778607, 0.3713145157775619, 0.18491888356266717, -0.06628310890372613, -0.6061335017781744, 0.2769283737182633, -0.246776579890579, -0.7032003248276197, -0.2195589693919482, 0.1466242398783959, -0.3416449522819198, 0.23113308454587855, -0.6733097020648654, -0.15491651793231276, 0.12126876904831585, -0.6325084945309644, 0.37722971938652217, 0.3476056511115906, 0.31452744398904753, -0.43149093319935883, 0.024566932288325072, 0.09185141913112993, 0.09899495517882562, 0.7778600280225625, -0.2814920052361083, 0.2911691734895827, -0.2958255426163915, -0.4641199295622267, 0.3549172538978802, 0.40068205423776027, -0.0603632103253362, -0.0658059556260513, 0.2408311718597944, -0.7480386658946784, 0.8471613536055171, 0.6833915418738705, 0.30129321660688424, -0.5126325616763804, -0.00032959462605408607, -0.5033265107981721, -0.1967875299541877, -0.33750627508325914, -0.005564544303037544, 0.24969801461867558, -0.5895264718380545, -0.40597507520727827, -0.114980146270794, 0.13062047839421975, 0.2192281707292918, -0.2650002790553442, -0.4572393984684937, -0.1016313189411957, 0.30582067942461455, -0.20172973406317352, -0.544100526870551, -0.3399693498086108, -0.24322482803645207, 0.22275956827249477, -0.19290157381622253], [0.27932828641187335, 0.02340302207516265, 0.29960113032612035, -0.20090208208540083, 0.5462738493861279, -0.35794238974036685, 7.0, -0.316425062303053, -0.3111405578586093, 0.7233822866529063, 0.31149531941012265, 0.20393659189417734, -0.34733604796032347, -0.28914374990588665, 0.6524531592069986, -0.8024341854425221, -0.09799073126173097, -0.08847425433003486, 0.4148967885620858, 0.17162068228508875, -0.82242557970296, 0.16400161959701842, -0.10479911023755617, -0.047625307290996566, -0.40996099063163305, 0.7065125845400684, 0.13684484739733227, 0.044487720448540546, 0.17903515938842762, -0.17813159123984001, 0.17456984407212106, 0.5489910141506673, 0.8520135576068695, 0.479915813850198, 0.3021584763280314, -0.47618318597442555, -0.5673406134116615, -0.36844444445742996, -0.7716737896213468, 0.1943834283386856, 0.2575618245747946, -0.4569357855371332, -0.4447040956735018, -0.10861835814386556, -0.4259287044681619, -0.029256273425150248, 0.22537328280808788, -0.21257813666412528, -0.4511342916937554, 0.5006873352536658, -0.725257328073256, 0.09110250977424594, 0.5015720205698431, -0.10530560909485354, -0.29614459779004054, 0.6011000254669829, 0.6412293209377871, -0.40344591611859837, -0.36390738695473623, 0.0672828631201603, 0.08232632302377008, 0.048998309825585284, 0.06945099757014006, 0.3456194046769614, 0.17438754986314642, 0.05143884899653095, 0.4818089564090209, 0.37358974002460377, -0.024687442439829343, -0.06410794142936027, 0.29177272351478134, -0.5672285390753355, 0.6480816924755275, 0.03498300491172168, 0.41954339773908766, 0.18333721616896748, -0.6581265393756418, 0.3871630393571637, 0.21369780863674714, 0.2555977451287301, 0.7136877619594453, -0.06672066626540951, 0.05681375423477286, -0.1203179123689182, 0.4410496011694405, 0.2457281580194428, 0.030802534538749482, 0.6138776978843548, 0.9324793284612829, -0.4249365753669856, 0.267057449052849, 0.9352765755152945, 0.6323472756889421, -0.15087997815971255, 0.9071819750625769, -0.08970062349731389, -0.007271015792624236, 0.12243894836775615, 0.07066965361836841, -0.5242604017345364, 0.6793116863940678, 0.5792006594552359, 0.4764507787717398, -0.1440710167842374, -0.1746486178779788, 0.8038134603191192, -0.36598611787984614, 0.2951511843448218, 0.03437376961159888, -0.0576900172344178, -0.12259971109966161, 0.14684200173809647, 0.16373988363012293, -0.4183908103467091, 0.07363347127455744, -0.19786579853219144, 0.0549305977793626, -0.07622499913565572, -0.29233787780288545, 0.18295430801845258, -0.14348177454322375, 0.18428375472623348, 0.2125180175046586, 0.4642175954040779, 0.23017331072356972, 0.5951330811411735, -0.0696867007676597, -0.35816671986294624, -0.8313162708494737, -0.061865530299444416, -0.8746321257030713, 0.15974509583139906, -0.2955574488436239, 0.026115429972742188, -0.6676747581906084, 0.15262076333963637, -0.02771659016353112, 0.009916843185879376, -0.3318147815704364, -0.08639421583936158, -0.5824047075784139, -0.014510933570188511, 0.5239696237669893, -0.7513385037691435, 0.010714909849385279, -0.39778512787857245, 0.28026401228518383, -0.33331318991509606, -0.4383041956673489, 0.3582055056107889], [-0.028180308942381327, 0.12879383666974387, -0.3435848851868474, -0.47284954373148214, -0.6627467791289371, -0.15013902754657504, -0.316425062303053, 7.0, 0.45852245964914085, -0.3216724641186942, 0.6568742011738073, 0.32216311100706996, 0.22834842765979646, -0.00627757738010204, 0.4271696481388143, 0.4503775826748453, 0.27333270621993955, 0.19627570271638617, 0.06902046221492064, -0.3931821908884191, -0.30699812198938126, 0.7099354906099862, 0.6055006245542938, -0.15747169388002813, -0.5872692419376003, -0.46417757982233676, 0.13406302761282496, 0.20363720330148682, 0.19496039966045453, -0.3192199374436282, -0.5119646463835453, -0.25077506204544653, 0.15694072300866058, 0.03082119171775277, -0.201770842724888, 0.8687919462677691, -0.04252155713600558, -0.31733100726828567, -0.22416013255395928, 0.2545857730117549, -0.25079738470038193, 0.46450888683547364, -0.21146648191838713, 0.3167519225631068, 0.013448199769031444, -0.4232439096553837, 0.36852565295442075, -0.3431041164838641, -0.5995575184457316, -0.3667393550474659, 0.43079657989819853, -0.7929027518701754, 0.4314643989852651, 0.9118600892267918, -0.0752916843820488, -0.9448345433416957, 0.4296957276430695, -0.5434898206195551, 0.021814387375728828, -0.18931285633771155, 0.36181645371228255, -0.18342324177725178, -0.4225859245909729, 0.49915474845011487, 0.5155772173019142, -0.5706895608196505, 0.18551277684254552, 0.4432672374374518, -0.42064978288840715, 0.0722215968179658, -0.12889495829407116, 0.1049828914133375, -0.5507518994570211, 0.20726723979776152, 0.07108021296944322, 0.23330610149231923, -0.4732154094490131, -0.052776884703848004, 0.5954963624869651, 0.7629277391931502, -0.6783613341119508, -0.31312399266922275, 0.33835793228907884, 0.25989713989355034, 0.909561450406422, -0.07354591353831541, -0.3235225034324959, 0.46229303992510395, 0.26259737650402015, -0.19050174179810098, -0.0708048468635194, 0.22396861753095632, 0.07489651018559229, -0.3042216207365771, 0.5089871333394356, 0.44312736707836287, -0.3640218640630979, 0.4265246365403943, -0.36607546503592236, -0.18440897494328368, 0.2134152567232397, -0.6181548131325852, 0.856521230291523, 0.06882335057947908, -0.45214967059550104, -0.5393599001338794, -0.11191203849756148, 0.7617325909585158, 0.15294147872959396, -0.18272054269578075, -0.06704066473385828, -0.19412419287017202, 0.4651753309081412, 0.08136769374098751, 0.5503143795989232, -0.6022814326569538, 0.22821831928608605, -0.6276697459681664, -0.8099915607261167, 0.33155177730116625, -0.16560562162169223, 0.18989702672117414, 0.40834260306294645, 0.22238538073171465, -0.24110170210250337, -0.36186881618082367, -0.11642782737068191, -0.5192123364041249, -0.09170102109094846, 0.4493320677836754, 0.6843541574821232, -0.1258111364764818, -0.32494968196250995, -0.2980913761419486, 0.229345132396519, 0.024986029946136412, 0.8545516472368193, -0.030654214821576486, 0.15842511861383413, 0.0928568280618074, 0.49580277111977034, -0.05187470986357223, 0.18866351696694705, -0.0737645814011576, 0.029912437917154033, -0.04778812533495025, -0.5380177039080853, -0.6895573512994004, 0.05667491846287964, 0.623190745511875], [0.043617249537656555, 0.5536538044573591, 0.6883993948443248, 0.32718358375136747, 0.03374538660198123, 0.6123130630063884, -0.3111405578586093, 0.45852245964914085, 7.0, -0.19281858226906912, -0.20711556858499025, 0.07487074861198617, 0.2602539793297707, -0.16945968744351758, -0.560224143982142, 0.7427837338669836, -0.022196629324096828, -0.11716822921207082, 0.20581240024625802, 0.1358096749465525, 0.44989717686360975, 0.4913928191048904, -0.16049523136338262, -0.6365120156317928, 0.27821494927136214, -0.3365404386311003, 0.37104548172849094, -0.35343095785405243, 0.4074271842529136, -0.08447490424882065, -0.1469654791140561, 0.5639961473535577, 0.583006641406608, -0.3152374975318949, 0.02269958018304541, -0.1724748178491119, -0.20458019415440243, 0.4656751767496836, 0.7331447679377281, -0.2613806063070424, 0.34583731285214636, -0.466775723021001, 0.6929670616764412, 0.2544749098989114, -0.1761757481073748, 0.11806385569366773, -0.487953148453553, -0.05111449286005665, -0.1757858501077163, -0.8661206472998803, -0.2272984923834055, 0.5327002246619983, 0.02502402204857468, 0.23210925162122642, -0.19147231299301803, -0.4721485908531122, -0.36015820940760024, -0.0754052574017623, 0.5648855138937872, -0.6951523563650182, -0.45696926635738855, 0.20133984803074312, -0.5591811865450437, 0.543785897116629, 0.16321272794786146, 0.2105580349233267, 0.8384777774991576, -0.3147698735490626, 0.2748724387857808, -0.7959089567938964, -0.08562027199316358, 0.43255136383809134, 0.2689207370779252, -0.0033584105613808646, -0.25780396667456773, 0.1060044116519987, 0.03731065552344326, -0.45051477955737584, 0.700071219398076, -0.6589882856185579, -0.23594343249134975, -0.40268950937860504, -0.6805505761971696, 0.05509529931375656, -0.18710573794008656, -0.3191129426360958, -0.23185310146982485, 0.07988109374496988, 0.12383914514460947, -0.026717889070855483, -0.3998892187738652, -0.10463060987030703, 0.28524131592742363, 0.37327617354802345, 0.026803560065850274, 0.23079890176553297, -0.6037784889196459, 0.10574326389614574, -0.6488313158030858, 0.6886796241299902, -0.5126168885751751, -0.6036725290317029, 0.7270199089807488, -0.5351269316843252, -0.5618225632746932, 0.40218192242766904, 0.28188012644432137, -0.6455243999773725, 0.8612789077470282, 0.5574096089298002, 0.1044652359451308, 0.09489872924555565, -0.691526493165739, -0.28201145981693587, 0.5845001056420496, 0.017488027421369345, 0.33617866147487074, 0.1545941513087088, 0.24511461448020366, 0.4892135568034659, -0.4216810899209994, 0.5030937131859758, 0.12510842752623796, -0.12180406359307316, -0.5550947620080822, 0.2327305319699724, 0.5614922219279757, -0.26307031228789857, -0.05236842845208245, 0.8368323654222904, 0.5798107206378589, -0.4699357651844509, -0.04845982145268013, 0.22702917139966994, -0.0014973678114499345, -0.9484928081011514, -0.2396633577702375, 0.11683982105701585, -0.16400111505530812, 0.02189271565544626, -0.41145004906609184, -0.17089566280096236, -0.3457783876148145, -0.6184578090005578, 0.2377029596825666, -0.17260584582454186, -0.4021896582195642, -0.233456221354312, 0.41819446884523215, 0.12383541555809119], [-0.6579769171545955, -0.04616439137105921, -0.05081005241704217, -0.523597975940823, 0.07566829646597384, -0.6306617448595508, 0.7233822866529063, -0.3216724641186942, -0.19281858226906912, 7.0, -0.3074335629295629, -0.22981918677836854, -0.06920726734654425, -0.20488885043836913, -0.3401433523563737, 0.1138012388945473, 0.1127349552561201, -0.33502043970689765, -0.5084409106859581, 0.19860487244200709, -0.5048292781346471, 0.539282400987672, 0.25289559542791507, 0.13908417060109124, 0.5260364728126903, 0.40963776208413893, 0.18692110404901552, -0.02019423271575671, -0.16693078026884678, -0.3021366478115972, 0.4154860789221795, -0.6735320655454363, -0.8681921035355672, 0.2514736468674281, 0.12862243322264666, -0.5104231895235857, -0.20188634431482988, -0.549577410957862, -0.14463235972886723, 0.5523780561832417, -0.5497129319418765, -0.025645139693067698, 0.4629205807814245, 0.061595648147802606, -0.26077307628393454, -0.08550933331441668, 0.9838741683353724, -0.12077401166161472, -0.12633884469355205, 0.6298378238021449, -0.1403494740665301, 0.18557691375014507, 0.1596303269321926, 0.6742062531785225, -0.09148134145855702, -0.5532325260518407, -0.3809678969099688, -0.3043849943652278, -0.32704775747320936, 0.1871343458043091, -0.5737933331946233, 0.26823617727467663, 0.42431194620925106, -0.055606613595165166, 0.6104444895329211, 0.025461212343683925, -0.784564636813447, -0.6271135498910365, 0.03939242145163879, 0.6093578533864914, -0.6538724236128193, -0.42698797622755635, 0.4230269917887173, 0.6160986238995667, 0.7414950192814587, -0.31032371603882736, 0.33827081148391214, 0.032100783020300616, 0.8625295031665661, -0.19670174130208706, 0.8404079229813277, -0.01672098702389535, -0.02984993367940758, -0.12842504356584894, -0.5234290544635232, 0.10897548116535516, -0.02008551896793065, -0.17667029985940552, 0.45988086744600065, -0.3635417195426556, 0.8037395659941433, 0.6063257554767305, 0.8565773824624219, 0.020101943106284992, -0.049478365337203956, 0.9667263643302808, 0.15469046517062912, 0.5848540645959632, 0.1389408724527108, -0.16074636187886604, 0.49986947704761464, -0.7660190528601452, 0.3990868584714573, -0.3638125810895688, -0.44377778895567355, 0.3416139117000849, 0.6767853369511281, 0.3988075861175626, -0.17757932015468403, -0.2275213843144206, -0.8748138850384279, -0.4499471928986113, 0.1941128501541718, 0.31868865877062125, 0.08070380646338271, 0.4897041132529458, 0.48786493294026934, -0.08000593892840568, 0.9173875155880402, 0.6399985604297056, 0.006858045506198174, -0.06586720427940485, -0.474628194666594, 0.3564009788525122, -0.19518338780428113, 0.5948864788685224, 0.20332636601783705, -0.4725446568710324, -0.5373418093509333, 0.026779724517308257, -0.35637736587664126, 0.03819243090641766, -0.4425541497016505, 0.7600916543897296, -0.25652849460727456, 0.06542508311697381, 0.8540588491710293, -0.13207820550586535, -0.09054302616451904, -0.7013460815797387, -0.8110792232547962, 0.47003568495242076, 0.25173434738075606, -0.3427461830172188, 0.4749588464040959, 0.08373593068214857, -0.3319295023508223, -0.2069592208836576, 0.1147151539818414, 0.22098848136687188], [0.3833675266327934, -0.674191649749575, 0.4533090578600736, 0.1660899828681388, -0.5570301153999083, -0.055303107625427894, 0.31149531941012265, 0.6568742011738073, -0.20711556858499025, -0.3074335629295629, 7.0, 0.7761775232784562, -0.44464883368661967, -0.06312571065210171, -0.0317188685316423, -0.6149395244807861, -0.2426587556108094, -0.13032067383402735, -0.08379222471584358, 0.17736505614153364, 0.008179590943664383, 0.15017743174955056, -0.04108248041280349, -0.6402898331587178, 0.5899995382643048, -0.011105484022681411, 0.31369319200596735, -0.17794430087749646, 0.20901052019001254, 0.15925313211782943, 0.6473156847035095, 0.18435720708249526, -0.3580400161349536, -0.03415951530429839, -0.06888607501921884, 0.2618606442518425, 0.22556783111636225, -0.259462821907683, -0.4047629555111456, -0.09015357743662411, 0.42078040712954756, -0.37623374818404853, 0.44025923473528294, -0.3175608449960423, -0.19859706211898975, -0.04939558624081697, 0.3834600699405841, -0.23224272641828325, -0.02205752535190475, 0.39660278601997345, -0.08497552000956721, -0.1124690848446066, -0.09418123530248834, -0.6963090716461489, -0.08907070233903414, -0.1355100107387227, 0.17958678217229096, -0.32890385791924215, -0.6189938991322874, 0.2798872544152564, -0.2815738886995739, 0.48180034688260753, -0.3735130432703013, -0.6815279453759663, 0.05725174378936604, -0.3305746412059538, 0.09865244607945578, -0.43170311639170666, -0.0035597949938429574, -0.09669013837863716, 0.39286595568699245, -0.020762608051499543, 0.6433721920293778, 0.49550525606198015, 0.09403329878584632, 0.2204668450612819, 0.590395011599735, -0.05789645529180709, 0.12158328759565773, 0.13508403960835658, -0.0018340062100714594, 0.3068283047362983, -0.13055211170763337, 0.12157983292834817, -0.1722649441334475, -0.1609754974523695, -0.3864024129947212, 0.21865405082155664, 0.010419388084527359, -0.846796199220711, -0.039639613320349376, -0.46206676250361045, -0.0449504107381693, 0.01511605641674052, 0.41581953689003215, -0.2992444512702537, 0.7526323682535341, -0.3095995867443767, -0.11936210576691975, -0.35776853122668983, -0.42167826437521183, -0.2773759710569653, -0.06915862626459512, 0.6711157555177873, -0.12600773118001118, -0.553808951930694, 0.6097878833255868, 0.3686085827177936, -0.1292165512744664, 0.4641612895881657, 0.47127068611358225, 0.40109463298802583, 0.6619996436040867, -0.3207377450979302, -0.6176081530323825, -0.5520814676775805, 0.5242083744278849, 0.05799688701240635, 0.2628542325373773, 0.224322460734097, -0.5744322152876796, 0.7228970005958613, -0.49071510573059374, -0.2520619308901343, -0.026375663444482722, 0.3097537540177724, -0.43941108254920913, 0.00040073647674843116, -0.7909009076933318, 0.0008246911277467461, -0.19853921572494337, -0.05704816923364864, 0.35912694396680367, -0.4667525052594226, -0.3685562844598843, -0.6615097270885536, -0.425600021171603, -0.06882254405412203, -0.24888901429679644, 0.4911746772304941, 0.20036612631325568, 0.006807184459266757, 0.3371155357351925, 0.10557955425471, -0.46173249257614246, -0.10872559379891134, -0.5015543282795452, -0.14521391185196508, -0.7879225631723341, 0.5616215453783471], [-0.4165994651894628, 0.273203192216001, 0.337974418471612, 0.11730961732536094, -0.44250167466206847, 0.09676411229969917, 0.20393659189417734, 0.32216311100706996, 0.07487074861198617, -0.22981918677836854, 0.7761775232784562, 7.0, -0.012636662489884043, -0.26360932898676903, 0.07698573458851454, 0.13638566294987742, 0.7656559210297875, 0.19913043718556622, 0.16690065046267932, -0.4946927498032555, 0.002171063253190386, -0.0506349199999826, -0.1796756559989171, 0.2172122500816558, 0.567047639358611, -0.25072759301687575, 0.17527813176634677, 0.23388098882024577, 0.45393250948902075, 0.11239559635716034, 0.44041407532371535, -0.239492322864422, 0.5521847390460448, -0.5871301554246429, 0.7006404554296823, -0.3435899172913268, 0.048016143225117824, 0.05669266592676392, 0.19601625150105173, -0.2383095228162524, 0.06357643719201311, 0.7893314794885788, 0.282304816434475, -0.04405138696964994, -0.42060722725154476, 0.29318295901559654, 0.3790282253540316, 0.36273462725858785, -0.8684012070980928, 0.09618323304267218, 0.18883760478464162, 0.40947993180224707, 0.12622692816035674, -0.51620195424218, 0.016848933176349057, 0.2671978471351599, -0.7217691743074744, 0.3122782580795411, 0.20015679116798446, -0.43559049548863515, 0.22018204593779167, 0.009376412918897348, -0.07116552921194264, 0.3396291301814225, 0.2853929124418537, 0.7374079380965215, -0.008562249900035956, 0.534206893269924, -0.09942756195997715, 0.40690886299749573, -0.1890091338985881, 0.33120513170272337, -0.40574681021737624, -0.3666028894155082, 0.5065685731379888, 0.23722139179226587, 0.03030028570164056, 0.316378323292408, 0.033543824193125626, 0.4764611656599289, -0.6119332697292127, 0.129359908264723, -0.16562249061003187, 0.3098223527746993, -0.7335036653956307, 0.2460708948312753, -0.002901262455808795, -0.07393512816701564, -0.10705411272719634, -0.8095478139637514, -0.6305847502489109, 0.2845999200415279, 0.21624379588009068, -0.5744658806425473, 0.026506474164493365, -0.5970551815719286, 0.6452129882805426, -0.1947286551258668, -0.5067486564205795, 0.39188680998283876, 0.010321608884250155, -0.25140447523862386, 0.05364696065260799, 0.7633933309217009, 0.027622732516133564, 0.13681391150631095, 0.4320449385658658, 0.034922179347026905, -0.20131253555302853, 0.08766165693056704, -0.07699895828789483, -0.11352