{"N": 150, "M": 1, "c_0": [-0.8717983596411707, -0.8396777917467424, -0.8148766252823811, -0.6681629789564432, -0.7085733191134171, 0.24351725809871594, -0.0572928645998807, -0.16173005360912973, 0.9845140430460328, -0.815682392907835, 0.9247492816263967, 0.6290845708278108, -0.8754940147011159, -0.428211988616767, -0.8678424867757073, 0.10928463595902715, 0.8479368721663645, 0.4889057494235698, 0.07271606884933779, -0.5079985911119989, 0.6500095710779019, -0.9624240236460246, -0.1269600143071834, -0.041895414355282545, -0.19336379411947724, -0.7546487658597303, 0.6636672777959016, -0.9393137260992863, 0.9434832011583372, 0.19346018739790916, 0.24160474613088012, 0.5739164031222099, 0.6128908169275207, 0.1604764083553234, 0.5438918283246958, 0.6536493238918786, -0.43745751902773633, 0.25028124407385866, -0.19223636159171376, 0.4020384671805708, -0.3873980206013976, -0.9715244046801657, -0.21780808979414767, 0.25171531114616896, 0.05981404367938814, -0.11178960826000939, -0.07881838486875536, -0.9713171990885394, 0.829113800737477, -0.5457025321257241, 0.2757169751170587, -0.5283458775113876, 0.5721183129602121, 0.45754251760292397, 0.7440749842010144, 0.3935353249471538, 0.6818952338992688, -0.2956421521738115, -0.9602101723258527, 0.7831742430104844, 0.6566658516984889, 0.5565744993345023, 0.6090067962769348, -0.25069892900345403, 0.6796342982024883, 0.5336675895583505, 0.22196677599582215, 0.6090811662138644, -0.0796756158526104, 0.8173412261262798, 0.8954770783396853, 0.6041818304683284, -0.22421935726330355, -0.8975418111956335, -0.19953102591587357, -0.4610421596044847, 0.0063787517407662975, -0.7665761579065267, -0.613314239425369, -0.0911316344190578, -0.12496437812495453, -0.39756478040856313, -0.7052443371681407, -0.528499267908539, -0.2513212066504049, -0.8289604069430632, 0.46160853299424187, 0.8198496614388726, 0.46088859806817073, -0.9744908060402928, -0.07521940899291701, 0.8459140602794433, -0.6753314984097138, -0.02233292967309941, 0.33599662800255836, -0.3516712103889179, 0.3965727380720594, -0.0048989637161369615, -0.7211277862901906, 0.9828524829088876, 0.998797964290888, 0.8121434250719806, -0.7110933378689956, 0.7304225336860235, 0.16803370687025176, 0.09388590107234651, -0.036472588719614896, -0.9443056845876794, 0.6674835065057607, 0.4987854750254346, 0.3043606519353952, -0.13368042074477904, -0.010324779173907395, -0.30929414121256493, 0.8852780485093739, 0.5494694292284483, 0.2858198932841727, -0.3184615980205394, 0.6820378071914497, -0.07680228635686803, -0.6808859328816932, 0.6844191849985712, 0.8663476979283178, 0.46528479266998346, 0.3443218715089258, 0.47622641641254715, 0.7098426838440699, 0.4694969792741748, 0.9543990699022458, -0.08785312008193347, -0.3155621103050712, 0.7249777692851369, 0.00014630934293013986, -0.8833554622193205, -0.8443910550199603, -0.801245300708272, -0.7638579310297096, 0.011031093313675466, 0.08695961218353587, -0.2733733183439193, -0.48339729113844476, -0.4191220652831569, 0.22730209383840494, 0.06395540905375663, 0.1255408380711147, -0.824193790509772, 0.7723083188466748, 0.4943139843244433, -0.01774347498948181, -0.8271692254728464], "matrix_coe": [[[7.0, 0.6484479885962897, 0.22388129862669004, 0.1270141937071001, 0.18530147253788432, -0.16177574329786892, 0.14746198050580483, 0.40429217443682197, -0.8762858865262714, -0.3011509695544361, 0.1889058218850641, 0.006379280051713732, -0.05433711491855597, -0.25868308810473506, -0.805719578457169, -0.2681438059274188, 0.011986705476919157, -0.6326620790455848, 0.3109164601516943, 0.5929331984120072, 0.10580284407576679, -0.11855954581648165, 0.6316818577097922, -0.045562598894139716, -0.31604035121662455, 0.18814100580199788, -0.25376286389586544, 0.1165947394947906, 0.28660585112150416, -0.10643893247539427, 0.541899996915828, 0.10037274611894365, -0.3874627501725736, -0.69540902936725, 0.5625977445435817, -0.37695692707433737, -0.5557914021216991, 0.7293262482184679, -0.0676070362770671, -0.321866835578449, -0.10471521256971072, -0.10691981009896345, 0.8925623625212917, -0.3041576444122157, 0.36163673333022617, -0.10394348113568797, 0.00998439983931787, -0.43468008605432806, 0.43598080534371064, 0.05841874611903042, -0.17675744133549776, 0.24656617718558516, -0.06612299590394222, -0.6209702205719633, -0.025813737450221863, -0.3753805275314044, -0.8758623364985338, 0.0706103761432626, 0.534022200098542, 0.698862589415024, -0.21367973092201875, -0.022297339639460567, -0.3094958630160527, -0.2430654993898801, 0.11789130924367663, 0.2887099661752941, 0.07063161390311912, -0.11073502602662855, 0.3532586184707027, -0.13770823630982232, 0.47066047681325784, -0.41461186118518056, -0.3171776835036808, 0.06950742626808726, -0.03839802554633609, -0.535917659900199, -0.8950146168541369, -0.20960866378789622, -0.22116171986438082, -0.5604717228360643, -0.41161717409285037, -0.5889311319448958, 0.14630464263519927, -0.6417203887698575, -0.4391557817684608, -0.31260315478388734, -0.05348619410367472, 0.023493744784336634, -0.03879656070188375, 0.5311108679401779, -0.17112274750019418, 0.30331989366691214, 0.23165046982470106, 0.3965957458476459, 0.2542535546428908, 0.17215363199648293, 0.7343714068120535, 0.277245277080473, -0.0277570152191432, 0.07634744088449841, 0.3733048283341911, -0.2897516001941376, 0.6871732558006705, -0.24924192597371397, -0.9873551547456263, -0.21141538002141158, -0.5839356839915294, -0.17280061300556282, -0.4849414465884663, -0.6148391415031956, -0.4109311842165433, -0.26450507239890564, 0.1890320124498912, -0.27946622788391695, -0.2399654934212344, -0.07577344105368078, 0.27193178644951077, -0.3870464494114211, -0.7350209931599728, -0.16254460151289685, -0.8901905786743124, -0.017591756857891938, -0.3673703143316217, 0.21068757471804256, 0.3501227497614754, -0.6097605053196832, -0.24549001593749642, 0.14353106056003218, -0.20571700654281155, -0.2788961742853273, 0.22074446846780282, 0.36093026232514247, -0.25869969185688646, -0.27694035471909906, -0.506275693718142, -0.03423055829408317, -0.8654400773150561, -0.3661136087954847, -0.12844965801194397, 0.05420184052578003, 0.25362360156991315, -0.2599307510442329, -0.016940981898160845, 0.6132988634712815, 0.18041215655201492, -0.2796914823752228, 0.27530999875611784, -0.03456498718795087, -0.6733023874141985, 0.34036542323945707], [0.6484479885962897, 7.0, 0.097789077660694, 0.26865700837519846, 0.34442141560565664, -0.051883657494992574, 0.09383210712144052, -0.6088501293801662, 0.4748231885481349, 0.7088005097564316, -0.578130696831233, -0.5098493323884504, 0.06420148258523573, 0.0916836024476948, -0.09941420025423853, 0.39919801426074164, -0.1914423771618854, 0.22036505527351258, -0.40614991916158627, -0.14299667653424186, 0.43364406247368614, -0.22357658225902088, 0.40245472106968516, 0.8275823918972607, -0.01245852581728224, -0.07258362634660376, 0.3371126429671738, 0.529787451093533, 0.07488359840359404, 0.37928209254896794, -0.5379121700325138, -0.29001224559321037, -0.7111718361497069, -0.009712527727151699, -0.851870329342355, -0.3983508338904086, -0.6361138840193783, -0.774502429412177, -0.1714707261802515, -0.6526464898031772, -0.5283167734375592, -0.16151798239578963, 0.06976599414234919, 0.24932214459406676, -0.008749763551591294, 0.21277465002442342, 0.8794931708526132, 0.1811094811948708, -0.6197697836279734, -0.15279759483426514, -0.21991393882390065, 0.12513172890299584, -0.32802202394766766, 0.8213522451939941, -0.014433494792552848, 0.24841691586294745, 0.7218175253871844, -0.865131119552929, -0.07222436023806955, -0.07363426200447276, 0.06899918627771973, -0.6978619959290117, 0.5001820199295277, -0.5416484630496594, 0.1795441916981333, -0.22356907076885835, 0.0020549451596463264, 0.9075807254455954, -0.10022473189785241, 0.4380476674575611, 0.221144102125582, 0.0791271516203309, -0.28986748627980485, -0.16288040913249946, -0.17408883692959665, 0.7465291121662492, -0.6762265850542069, 0.18919689623726388, -0.03541330873634729, 0.42968067913828656, -0.317578800398422, 0.07916878097367386, 0.32255616145869936, 0.0867149968236578, -0.1773160924281002, -0.8565969887786012, 0.2318329240807837, 0.8238380015533531, 0.5275909566910166, 0.5169375377786394, -0.6728649136443496, -0.2355894321008174, 0.019952598056392157, -0.2162364297954732, 0.002912012124941299, 0.44119030453508823, 0.26422637613717015, -0.42601439095565696, -0.020408453181605446, -0.685456914582435, -0.21974789130971262, -0.23083555187772675, 0.40083522439302666, -0.44658552643619587, 0.0275853554290999, 0.1523673564600374, -0.09116970894700394, -0.27939275930135965, -0.2121815928145342, -0.8734291841397315, 0.0920675512885305, 0.18150100457308094, -0.1548815897320579, -0.22306839319358962, -0.5780039860591811, -0.47112914165433917, -0.3004850904803218, 0.4554119589862382, 0.5448826474560022, -0.19420297935787145, 0.5341186222892578, 0.4031127837657902, -0.09645008151724499, -0.03971773157745895, -0.23283618137712025, -0.8783686332059113, 0.17531235522256994, -0.31400422379920523, 0.18050208259320444, -0.05740268312858032, 0.588565120956221, -0.13674983828182752, -0.33738001906776427, 0.4077306022681042, -0.2364688599102569, 0.003909900065938388, 0.21495307073044945, -0.07894378269229896, -0.11199895345636646, -0.13807564346650292, -0.45398431211089885, 0.4371255168182966, -0.46396898431198974, -0.452797508377657, 0.08751641648449704, -0.01959387996103168, -0.3446194017140005, -0.046230453675903616, 0.0451236830185644, -0.727835439934675], [0.22388129862669004, 0.097789077660694, 7.0, -0.20091501185658744, 0.3901536945258619, -0.3945164696099227, 0.007289103783421957, 0.7174523592953181, 0.014474407502846898, 0.0368776444696024, -0.15448764440925722, -0.08621657688928475, 0.15174965614848102, -0.4960734317299278, 0.10335893184937106, 0.4652628413825033, 0.7108550025515621, -0.342553725062126, -0.4264231279699713, -0.1293777342427035, -0.7244097554434095, 0.3638869777338838, -0.6273094035342314, 0.07905858171244384, -0.024829227086477945, 0.5241824761976641, -0.03020309499892304, 0.8404942157358435, 0.4285021287270083, 0.9197877866871531, -0.025367278738275045, -0.21248242520664207, 0.7281811530855713, -0.06603102506796532, 0.08289348847122935, -0.7530156274178033, -0.04569101029029332, 0.6022152079691288, -0.44900176865079544, 0.3671860417594517, -0.24689973320862146, 0.25893764371963734, 0.15508561384202757, -0.2020263060404457, -0.07442705040800712, -0.3661702640206932, -0.5944925887164219, -0.8879875147484894, 0.4429718196983594, -0.19167600454567446, 0.0907539912281754, -0.395982565352763, 0.7351345501215909, 0.05624794835218072, -0.6506942444256748, -0.24767707841912812, 0.03130838873670938, 0.6536659265128857, 0.32569053730633835, 0.6037213716925534, -0.3447331285765327, -0.7828337130806351, -0.2826004699855543, -0.4692683015385445, -0.2949812789055859, 0.04615693147291111, -0.4769496564926434, -0.30899823398474136, -0.23136296127045464, -0.009133676537975699, -0.07655097204410732, 0.2950374183133384, 0.4331243218029712, 0.4217867405333591, -0.7841264203179399, -0.20579076369460125, -0.2494455899594159, 0.4739115587699789, 0.16356701224215242, -0.27253301600607627, -0.12579986009946809, 0.5432639847627843, 0.2830638791306077, -0.26335768387002645, 0.38594613575038395, 0.44151508123274374, -0.04535545894798643, 0.3650813526979304, 0.847350744230474, 0.8648404241198882, 0.03788236117202559, -0.019893418868457302, 0.5836612070389458, 0.20196334114668435, 0.054051183600787533, 0.39707859391515044, 0.4783315773841468, -0.2373707466352558, -0.33517800778357254, 0.0888836544872813, 0.3653686248435233, -0.11614237315849552, 0.45786317368854634, -0.0942006238048444, 0.30274951844652875, 0.6719086786946376, 0.18156028523025025, 0.11020639515953756, -0.0649318747817964, -0.3704598264575263, 0.231047154275152, -0.5030504962875559, -0.42270422242802186, -0.5782506469830065, 0.0581104912567989, 0.22707224388719238, 0.3898071823673801, 0.3384466683776741, 0.3404331312663933, 0.5329601821399719, -0.4855089085922508, -0.2245451712437968, 0.3146622134123187, 0.28236252571342213, 0.08257977760070578, -0.22621602567687638, 0.4375822035143577, 0.3392186777609185, 0.042788631646328845, 0.36775346233702466, -0.2892210189545381, 0.023053266667518724, 0.12443057876860752, 0.5371788751568578, -0.15008852391227523, 0.46155881030632284, -0.30300174113686906, 0.3425674193004895, -0.4624215014835029, -0.47961588031488556, 0.08755289820784884, 0.2720150943860338, -0.5033028367618033, 0.46136649318398004, -0.13428766047270924, 0.20383587829471228, 0.11279566484105508, 0.021525170750438916, -0.16571238866524662, 0.1268458988198513], [0.1270141937071001, 0.26865700837519846, -0.20091501185658744, 7.0, 0.6746020031875082, 0.3813548424421871, -0.5925626127952953, -0.05274834404862372, 0.22031176555391996, 0.25774136717464935, 0.3396881392081381, 0.7492621738829297, 0.43901181505407605, -0.1774314485104873, -0.14939083221185434, 0.4582070856563698, 0.19851936537990977, 0.20190229620905553, 0.18692824370722372, -0.23722198853083343, -0.6958213778518582, 0.055021858152077385, 0.1160755737138941, 0.30109113635059215, 0.16180482097793414, 0.041124668234997275, -0.2148433958605529, 0.4581801336147979, 0.4901593157477442, 0.09608472706249538, -0.3222942084400726, -0.27933293473042864, 0.1347251919838226, 0.17377899336241143, 0.34324054297847795, 0.6769009905639769, -0.5254536063413725, 0.1946850264321318, -0.7582458211820178, 0.2305063736022781, -0.1001221271845173, 0.6948202177616771, 0.6633433108343012, -0.5757350017531874, 0.17942553562756247, 0.5729802221223186, 0.9220417499008735, -0.2828733859173794, -0.4364714269222615, 0.8346620779928107, -0.10213399160960768, -0.3708938913565548, -0.32184218196585646, 0.15094711585475507, -0.277810398158026, 0.29883250084583524, -0.9213316131274268, -0.10531041169623978, 0.14917614237068455, 0.077056430515835, 0.15637407446887241, -0.15484256291679044, -0.3693424900695317, -0.28603110594882475, -0.19815956732371542, 0.7004396577152563, -0.3857523405829987, -0.7839452772801738, 0.38662005843642877, -0.8991358150273063, 0.15716280351185574, 0.015059835165162516, 0.2908088630716845, 0.712962768382666, -0.5629734170766145, 0.08156902245498121, 0.25278557972121507, -0.007802733855580168, -0.34898228993891545, -0.3025297217725583, 0.8558622148648949, -0.13071234085681205, -0.5720032130183329, 0.1268814203219355, -0.05145047940892722, 0.3458018317205527, 0.543686046730889, 0.5553596277155681, 0.1770863216937082, 0.10955500605931534, 0.78465413021072, -0.25175209801968235, 0.4154247359450789, 0.6864593310026281, 0.09936998076002901, 0.1320809015260329, -0.5289812902024943, 0.4768166422876787, -0.7041279219591587, -0.03784650067635409, -0.6175251341435322, -0.7282075694173483, 0.10997906966126658, 0.412057429992982, -0.20380057406918628, 0.633658503189749, -0.10300644926268432, 0.5259289752367065, -0.7388655276763291, -0.1844080111534535, -0.1645058062442788, 0.1053886307099785, 0.2911688356745661, -0.44082696450218883, 0.33129023269034796, -0.597161069845459, 0.1826752926901154, 0.30343504726517123, -0.4955850174185549, 0.32248137921988107, 0.5805350907394953, -0.7410620738338314, -0.16162866740485948, -0.021142745571747112, 0.5901458459989493, 0.5906825326405816, 0.12693593938854653, -0.45626998008121444, -0.5075161368163844, 0.2876211543300484, 0.23649255917978707, 0.8196843496748158, -0.8196630979085573, -0.11023487974049484, -0.15012527580478296, 0.4217022721770525, 0.3917886840465903, 0.012534434289889429, -0.42147525677181985, 0.7107443804287505, -0.12906257975622626, 0.05917915545446206, 0.11295251837768161, -0.6695315983667104, -0.7107331504579303, 0.1263664214879323, -0.5222458013680286, -0.673946216211235, -0.24471650251612598, 0.5773357652986002], [0.18530147253788432, 0.34442141560565664, 0.3901536945258619, 0.6746020031875082, 7.0, 0.3382485173166958, -0.23287515798365277, 0.011578466738570992, 0.008369538918446384, 0.1785267190261557, 0.2138573047058534, -0.5131014847937851, -0.7631406714202416, 0.03632444603359897, 0.34425203966419504, 0.28359988571512984, -0.7133022384861929, -0.2884171381311261, 0.18003111006473738, 0.3667993984217266, 0.4872677226665416, -0.060221063032005584, 0.024773690542707616, 0.3695650315409036, -0.23677612086754563, 0.03883416377556537, 0.41430973470614063, -0.024585599651476442, -0.3750539827231263, 0.12609794949622888, -0.4190944850141298, 0.042478421975661096, -0.027241342214087028, -0.19600489553229983, 0.07289424132484612, -0.1956804483429171, 0.18562081891561721, 0.08371721703885049, -0.06623051982116734, 0.09864697193133987, 0.6598583634271558, -0.07912510628665781, 0.034043678823014734, -0.422391535690684, 0.4259056578311158, 0.0750393963508853, 0.19628799240832584, -0.1307612915488071, -0.18857843423965026, -0.42781010070049863, 0.13434097117557076, 0.1656273348006474, -0.3144554708723565, 0.22064692354756366, -0.09838091055974119, 0.7123798627518434, -0.1965417698585118, -0.14325678129744024, -0.24317661661365264, 0.3624745909747118, 0.14839144953512662, -0.5147795623224442, -0.5711668702169963, -0.7470006143994437, 0.09259385121154895, 0.06523239345794174, 0.5963067031639833, -0.1294438506310287, 0.1607649293062028, -0.23697702012125654, 0.4272916966659559, 0.5245872284064526, 0.23130039723509688, 0.3914636172848964, 0.3812133161548745, -0.5098160555085745, -0.10930584475134675, -0.11007884088117403, -0.12930625731504697, 0.10388755969602359, 0.6881763496411759, 0.5134238791992676, 0.49352985242158076, 0.7707032785526513, -0.5557062116544093, 0.2546477844595749, 0.406591635179141, 0.3007962506188082, 0.32564694625900614, 0.724758514842248, 0.2284058205252255, -0.6545481772779904, 0.12110179335632054, -0.23568320369477447, -0.7153741809662921, 0.04668377556066661, 0.14357194095000247, -0.645832535517167, 0.2124066219079639, 0.16191713849390732, 0.4697512912246715, -0.2954994280848431, -0.3700532622374165, 0.6607891858719412, -0.04625080837362017, 0.008388754941119014, -0.2695017167261329, 0.4304933900629626, 0.3270809424331391, 0.21182854552473773, -0.5846971555915756, -0.08961649246697323, 0.3675936186566455, -0.13006624724829252, -0.31051741426814106, 0.25665519396571645, -0.37407736183107243, 0.8145436399771082, 0.15907736466872358, 0.35359028295710004, 0.12146881107115792, -0.40332058765389445, 0.6714969472326766, 0.2062282898825143, -0.5394581753166688, -0.4845100931305083, 0.30647002961539593, -0.18169655987715816, 0.3953624480794513, -0.6511010766497879, -0.39368331766691955, -0.1768870958677401, 0.5471479251792055, -0.0357620021702485, -0.48815977706956526, 0.18139372552569366, 0.836771021150905, 0.12972537816607188, -0.35109433065647466, 0.37518923213291067, -0.24055888769950473, -0.30995508727198073, -0.2353942748224399, 0.20034947238947343, 0.13006963172912767, -0.08046759780370183, 0.27085354923291827, -0.39266617506541357, -0.6314072327157754, -0.5576268159809546], [-0.16177574329786892, -0.051883657494992574, -0.3945164696099227, 0.3813548424421871, 0.3382485173166958, 7.0, 0.15756081965255975, 0.29173059748988317, 0.36768088784506325, -0.2843983965318748, -0.6408362060708006, 0.2651697461800797, 0.3123540208717981, -0.35938710169331123, 0.027767854930053293, -0.06794480059318753, 0.3189547119193732, 0.15518658960849407, -0.18159593110173533, -0.6516721518618434, -0.6001416824839914, 0.09252797721058625, 0.5667396098390522, -0.245054665162025, -0.16006957337253436, -0.6642474555742739, -0.10073655691303762, -0.4454343720856081, -0.11975464553077975, -0.13131903863226269, -0.2489890600796667, 0.5867671268492143, 0.0551446507823532, 0.2270374174576979, -0.5981869345819001, -0.2233456218694173, 0.8366943441020418, -0.09409180146547824, -0.1375358283626814, -0.03972206921515076, 0.4364243356287716, -0.3582007677751321, 0.18262475478460827, -0.025120131832179315, -0.1461868912686881, 0.024294666267050236, -0.22401439729952555, 0.24923690795769504, 0.607264916842823, 0.201452802709853, 0.1829638863785361, 0.03733740287873011, -0.13716338463707922, 0.07124880985680937, -0.6316094587109975, -0.16437970907335853, -0.014223693538286453, 0.9484121806865176, 0.8012008049748491, 0.31702024445879173, 0.2931000457470181, 0.2461056292404491, 0.02912940470267844, 0.3021992839974903, 0.14507138353901894, -0.4549866366843083, 0.21383975562738522, -0.009172237786723936, 0.07282031977127557, -0.10886138295380232, -0.24896775626300804, -0.003824588779811844, 0.013673698587514327, -0.5576785246619753, 0.07768098220250863, -0.5556926153190336, 0.7291078015296688, 0.7507221607099401, -0.5166736210023816, -0.024708836132339873, -0.8002792053982385, -0.7727579147960203, -0.7093029173216198, 0.7401085710966671, 0.1283826013863405, 0.5819726174602338, -0.4799325326892413, 0.7634419237494465, -0.0321649138251936, 0.3525696477868725, 0.16609766521033031, -0.516032294425905, -0.149841056495709, 0.7771703837063095, 0.8397615682203918, 0.5978256228602392, -0.6097710704334404, -0.3173577079826715, -0.9364764249038076, 0.2748818596031679, -0.12807985045676717, 0.2611597929167164, 0.4814587247826996, 0.44719796942849444, -0.17348810762967215, 0.5743311902768793, 0.2788394809591721, 0.5932280572907711, 0.6605147259824298, -0.5872579426719841, -0.20408216319415495, -0.09157762329584329, -0.2695159626469388, 0.45671039169867766, -0.47734394655136814, -0.5007580358394628, -0.44886005425896347, 0.25818602548033254, 0.4770173986329467, 0.4039048649846362, -0.5946689578662027, 0.15292437921732716, -0.48870081648294295, 0.19752064076750764, -0.1609106622792309, 0.03268938593264359, 0.1473649997867974, 0.29385005213044435, -0.358851588217999, -0.21321957958039006, 0.16406710298792104, -0.4853923534631349, -0.7411904686657935, 0.012629327263953272, 0.7599314271443376, 0.07409038257008715, 0.00745384005914973, -0.20848611610643886, -0.3079493146452629, -0.040307150746520026, -0.3261959253767872, 0.4582131304913135, 0.5372782847326321, 0.4189336680182574, 0.7772876137925935, 0.09857100951669007, -0.20625105010816347, 0.3645083032592673, -0.5357946959703507, 0.21026304137538143], [0.14746198050580483, 0.09383210712144052, 0.007289103783421957, -0.5925626127952953, -0.23287515798365277, 0.15756081965255975, 7.0, 0.3532751693214582, -0.12947376761547902, 0.5126519612363385, -0.3063310170548328, -0.07311458906414958, 0.37182812758031925, -0.11790123337521707, 0.79150304245197, -0.1631297727252693, -0.09031694612388663, -0.07644739206475404, 0.25060319335660486, -0.43141336484922754, -0.5806089288811705, -0.35047271194060536, -0.32293817548296744, -0.26510435745232963, -0.26051292322854314, -0.687774939616232, -0.1899997118749378, 0.06340042805166224, -0.1082553870521501, 0.09556603871059122, -0.4831917332558091, -0.08927881719859931, -0.07947149805193299, 0.1263569422780053, 0.11586514774779033, 0.8697287358010146, 0.5589256948929537, -0.26732501175932544, 0.35165093806366876, 0.11923347149796193, 0.20250806005871702, 0.019272629313885403, 0.02550029856177627, 0.3525972426426094, -0.013765954403105796, -0.3054859231484961, 0.04824845332319905, 0.45836667814348164, 0.15700425982279764, 0.2967607495005642, 0.701507365601238, 0.30945453348761887, 0.34678988580478487, 0.8384788339876152, 0.08903469429876099, -0.02174439295487962, -0.15771883315403012, -0.7855695857731497, -0.10553204837419328, 0.25211045305357604, -0.058697908587102554, -0.6994013063184459, 0.08495679656024135, 0.6612148712240336, -0.6949888201383119, -0.8132775412163877, 0.16917361601126668, 0.5987500544225988, -0.21684485329551184, 0.5110651468607006, -0.017918937031441873, -0.9202368605695025, 0.41669163881093274, -0.2752649031209946, 0.30857482789993007, -0.23074641965738063, 0.23784855452240627, -0.4206135786444306, 0.11236779177789225, 0.3259003494363657, 0.3284523039573426, 0.728587612844042, -0.09005572677359064, 0.4088480723436092, 0.07941515605931482, -0.004105014162423148, -0.5483542201712739, -0.793411595631538, 0.1664892259635813, 0.2904504132482213, -0.2616780720238925, 0.0522270771153317, 0.3070678230935604, -0.4510765038322767, 0.19433954838629264, -0.27664856667011206, -0.6520955859245227, -0.377843537181235, 0.15391637050726992, -0.012457357618279596, -0.4637622476445765, 0.08216187029951105, -0.8274744327686812, -0.6007304851351039, 0.4397870846639851, -0.4056140203427693, 0.26511363475833427, 0.652190118463396, -0.23448013321324845, -0.22948450176275625, -0.629368579888218, 0.009635716996557964, -0.6485654841376809, 0.5778629055229734, -0.18119693922938862, 0.18829543032852092, -0.40231199432580855, 0.49770165992978743, 0.5405420293806409, 0.6179047009858067, -0.015928292105021558, 0.3534977912168218, -0.13607916712377244, -0.2351150817252019, -0.573544328348964, -0.7321085716743019, 0.10024404812495669, 0.11882604745441339, 0.26203883212215384, -0.360779674386677, -0.8093162855925303, 0.17963620874583297, 0.5296404430716177, -0.02795182431768739, -0.21666606821435463, 0.10457026044452511, -0.028408925514518124, 0.5027145813200504, -0.04334573597117897, -0.048328664942191346, 0.14898981748467888, 0.11402099129941612, -0.13277463943977308, 0.18049126404697713, 0.5647136066541203, 0.7152216873868418, 0.3042358116080539, 0.5311689735277834, 0.2611637672506353, -0.20689869342580092], [0.40429217443682197, -0.6088501293801662, 0.7174523592953181, -0.05274834404862372, 0.011578466738570992, 0.29173059748988317, 0.3532751693214582, 7.0, 0.4916386851019845, -0.38128190918383553, -0.7418795079690552, -0.2174664186319265, -0.16177507376375944, 0.16016386082786216, -0.5909603028163207, -0.1269087694593951, -0.4957272910857139, 0.008129481861769872, 0.317846126202209, -0.2820617304203268, -0.31044374788474094, 0.0747182819609633, 0.2752011796930316, -0.08114408997813438, -0.13393519803340403, -0.06225705916701707, 0.45693749170695774, 0.07876529601834514, -0.09677722941194311, 0.48375224235140113, -0.37906287830728935, -0.28469578794438, 0.21071310963063716, 0.6116054283811025, -0.4367192039261929, -0.03694272286222411, -0.11615043719018792, -0.01634144299147211, -0.5544202883415759, -0.18074095004664537, -0.2326504220288247, -0.03558577948070507, -0.837754040158352, -0.2575377417279231, 0.24690466673910505, 0.1086364799062256, -0.09776849343129967, -0.491580096191379, -0.500295011425713, 0.6256062503397108, -0.6918588429354257, -0.35117356342310735, 0.5882025644024376, -0.13262356580781398, -0.08298820436822729, -0.5342891088551273, 0.08150544955356898, -0.41301535985959603, -0.8387728063300697, -0.8279457025175345, -0.047774344733648055, -0.8596955848039628, -0.7850615777310819, -0.006008811672088332, 0.37655057731641195, -0.08630631479229756, 0.09219251664609507, 0.5287903871053206, -0.03659081923668017, -0.6787145799562317, -0.002888492415173971, 0.16687829287085476, -0.026316310335346538, 0.8492626786421309, -0.45868123859094356, 0.12923749330389311, 0.0368443708666546, -0.5158535100632484, 0.19871255071388538, -0.31709455055887714, 0.07785023909720401, -0.34661983279623754, -0.38806846922321525, 0.09856890171221755, -0.113978576646378, -0.10066325994192771, 0.31037274703115103, -0.5696805078576791, -0.1704545173543589, 0.85202947688177, -0.25611170500520264, -0.36334629275260166, 0.08365573200978105, -0.7919414278390046, -0.37991765708950986, 0.2882329325931603, -0.3454812944896243, 0.20585071676913502, 0.39436229431369396, -0.4267155019824208, -0.2898283685745092, 0.3888565248029998, 0.2779781858279653, -0.23041441039796695, -0.7222288098762087, 0.7089540057061208, 0.67286100772826, -0.20206604962137475, -0.3080252470190977, 0.4089674623557218, -0.17419941452320753, 0.07895342147458173, -0.26997663691135765, 0.45595174340848543, 0.33677089309758124, 0.01401981164744992, -0.25060949212511574, 0.009472371605190766, -0.6764032627733426, -0.4772560645500288, 0.6240302420570709, -0.3345950166503755, -0.190429800569497, -0.006969463773492723, -0.012782845436081991, -0.11401820732116874, 0.4059690976721104, -0.5431602126004549, -0.09739537425382183, 0.3504584697824644, 0.19522580414662083, 0.6958044599493176, 0.03417531064319079, -0.22250057024230274, 0.19052018980423346, -0.5918469983118508, -0.46577451353695964, -0.012284283576124988, -0.21984524794011506, 0.688112059021345, -0.4936131773258512, -0.2862577331270998, 0.09536055562826107, -0.8252709467029375, -0.7184599317669563, -0.42523198994358724, -0.18780819522354952, 0.04090840317600586, 0.11197501262012377, -0.4151679638786171], [-0.8762858865262714, 0.4748231885481349, 0.014474407502846898, 0.22031176555391996, 0.008369538918446384, 0.36768088784506325, -0.12947376761547902, 0.4916386851019845, 7.0, 0.5797865505427247, -0.47650976024917513, 0.28863485173667636, -0.09154790541682034, -0.45272085476065627, -0.7505391797554746, 0.23025611991067363, -0.17058925449197826, -0.2140867122135538, 0.7321948209284059, 0.11785447425139361, -0.4836094359740132, 0.2886166356994897, 0.16637508574237825, -0.4593700559797427, 0.2879095404491432, -0.47869284015355373, -0.32397526234408025, 0.00243468878728903, 0.017802734914350804, 0.2501890609816164, 0.4369033547491301, -0.14780085352886052, 0.16093274499144083, 0.3819985023110939, -0.5186865063405587, 0.5501889534200433, 0.46583652350079197, 0.22281225585885522, -0.09101673479050387, -0.4524792976820383, 0.3674099363801324, 0.20322791041296728, 0.028658888897947765, -0.23393549709245087, -0.42537400171008244, -0.5085508386826714, -0.5138789454490998, 0.2930759800854692, 0.3180348917611626, -0.35806726798054966, 0.483031688135829, -0.2559318456722467, 0.5293029877995563, -0.709151530790478, 0.5781558180304689, 0.09211284713195456, -0.12172246936633224, -0.17985298678360107, 0.43100967111202726, 0.31788658510308454, -0.5706591050141432, 0.7135610030238566, -0.6619536912970015, -0.22111024718605, -0.0839902423551947, 0.2881056438635685, 0.2116202258777089, -0.09566745420224299, 0.7709075436231858, 0.0017891263341671682, 0.24676737537670168, 0.28247198831100073, 0.8311119519840431, -0.6987656898809516, -0.20386967719668403, -0.9009712738315262, -0.07891145022388302, 0.7755446827765224, -0.13057682933074732, 0.02144755216238492, 0.5012021604131871, 0.6861106506043049, -0.15951928917405778, 0.49912024130874366, 0.8938477751412437, -0.5521919578239994, 0.20290016812698575, -0.19495848077588263, -0.2023117103040939, 0.14639686580100486, -0.4101770159089174, -0.4176035465359821, -0.06325965602517336, 0.014153105869907812, 0.054342247543634814, 0.3525218205724854, -0.19445430672439534, -0.05287846262125151, -0.13040015934163185, -0.5642626129662116, -0.003907243766657298, -0.14113467028565885, 0.15196255807103354, -0.916610709496972, -0.4971907055450223, -0.3720298659546595, 0.1673835351885078, 0.3265899833547614, 0.557344184084108, -0.22671754868639904, 0.6264046450565384, 0.6152346483098696, 0.5865110230748711, -0.244425095924518, 0.329766151262362, 0.15378932702956893, 0.43518147128954343, -0.4414269917470076, -0.1367602547756701, 0.6361781288385115, 0.7739096047994225, 0.6878572908093461, -0.015441455047272568, -0.30940243370919174, 0.21059306117660848, -0.42165869141133816, 0.7390717511363221, -0.3227137965446264, 0.007454187874522011, -0.5968594248824708, -0.8704720313623342, 0.48608809561596433, 0.29310426946781787, -0.45040230103196444, 0.04830175185113439, -0.29007948784275583, -0.18605442780871473, -0.36274358283729635, 0.3837846007873691, 0.43170513093078267, -0.15645653669216275, 0.16309704321307272, -0.7370273888091392, 0.26872472251973645, 0.15107373807886582, -0.6773330170866542, 0.3736986534387934, 0.6184360187303062, -0.4404465241665477, 0.20111393666504407], [-0.3011509695544361, 0.7088005097564316, 0.0368776444696024, 0.25774136717464935, 0.1785267190261557, -0.2843983965318748, 0.5126519612363385, -0.38128190918383553, 0.5797865505427247, 7.0, 0.11351114404752183, 0.9338794082063666, 0.35752258899339306, 0.1381124177598494, 0.11379743812764676, -0.0013669776753703067, -0.04731633822356951, -0.01394530817235684, 0.13836695948643474, -0.10273168086804252, 0.1778071770619163, 0.511839418987895, 0.3566631519904315, 0.19808645692979554, -0.2730483222355007, 0.313141744550383, -0.3157496629233769, -0.728608098855978, -0.27285577405629113, -0.5888016263436727, 0.6440680758340833, 0.5149061601537692, -0.6140783224504266, 0.3235506182015757, 0.25324309098305453, 0.4004030201354478, -0.0620315805074908, -0.02105315156150467, -0.542061244323189, -0.13609160067595016, 0.011808188204949, -0.0838574589391593, -0.19623064517313005, -0.6472482332705827, 0.27464765896794074, -0.02552290622078346, 0.214189420816969, -0.24273531721949293, 0.4107828819263213, -0.030500581054315523, -0.0418953627673202, -0.022069520645319418, 0.478896067257925, 0.094650222475257, -0.24534051197705176, 0.5800646092922044, 0.1887758145739964, -0.7140726532045916, 0.8627028714833351, -0.3733904622710339, 0.33899934428718215, -0.10352513370304472, 0.3400719304695241, -0.04215294194890429, -0.05783578250686583, 0.1455916354153648, -0.7777542777351588, -0.29262884331131767, 0.2831044994927292, -0.596177358886166, -0.09179420702978269, 0.1978873009870259, 0.2126163590105521, 0.2709626321497791, -0.26726339578741987, 0.4213655076635343, -0.4026231978331618, -0.05819022588694589, -0.48469251146971626, 0.25937622738671995, 0.3316242730496586, 0.2714296779630194, -0.366725190288964, -0.10506908737109688, -0.06810710203757164, -0.2785251052077026, -0.6275946529847755, 0.6528487404067227, 0.30501549622754776, 0.1981043292005702, -0.48427672090440554, 0.7238841838607062, 0.35223666219032346, -0.135373903038718, 0.6872539849046808, 0.6174191144508163, -0.35415697271090785, -0.3634761404826662, -0.47247443199291084, -0.17654725205859, 0.5606470036235858, 0.051945543727891286, 0.37742897972816425, 0.33616415496378105, -0.05261575614768366, 0.05995763759477524, 0.0603550509398072, 0.13509387509250392, -0.8808025388892189, 0.002603030006523621, -0.1297926623255512, -0.05224352010066413, 0.04334822168405994, 0.10496407158998666, 0.6665701243951148, 0.017324800894582992, 0.2568278797250696, 0.1322902413411955, 0.39437681164933514, -0.15294634338479884, 0.4055924717553614, -0.2409143883524023, -0.4131091321020163, 0.4814035484150687, -0.5577501656839495, -0.3462194645390365, 0.8400708440631712, 0.6979914283732915, 0.21427417831681872, -0.3841420688464474, -0.39733935826910116, -0.4963841427138427, -0.4810146863510417, 0.8336024028997486, -0.087342694185227, -0.18020433469099584, -0.42642149564720466, 0.09988813663530016, 0.05187608986144698, 0.6309119175340514, 0.13271921958716182, 0.006616965913723405, -0.4171838401068474, 0.20356492510162227, 0.07447732539901297, 0.012878117108324094, 0.43190727738430623, -0.22685155959996295, -0.25782974961271654, 0.27521845209681794], [0.1889058218850641, -0.578130696831233, -0.15448764440925722, 0.3396881392081381, 0.2138573047058534, -0.6408362060708006, -0.3063310170548328, -0.7418795079690552, -0.47650976024917513, 0.11351114404752183, 7.0, -0.13491391219940463, 0.7599152205317496, 0.46045558609603177, 0.04491760264756639, -0.9061470702287964, 0.02793440121833357, -0.8063747757431091, 0.2946388504664177, -0.5149770564189957, 0.1857487113169496, -0.10886102413109011, 0.4622873695586438, -0.5501540970419099, -0.4231223396098073, -0.2629720499854775, -0.2475553288325959, 0.49399404591837337, -0.6631789978575182, 0.1658181333660087, -0.5355042849354619, 0.2646857037888948, -0.6956816222265436, 0.14519260611998774, -0.39014678314661977, 0.5723602811147155, -0.12747404926192596, 0.18336737832329897, -0.18711845649462278, -0.22802368373310922, 0.14615645969924107, -0.12556547893248948, 0.3861205516917865, 0.6948629828150656, 0.16202960233653063, -0.12410380579196023, -0.0620986598383132, 0.6968851849617634, -0.5018205003833189, -0.13262912963183926, 0.8377658030026458, 0.23934742433613554, -0.3832833258773043, 0.1054541001265199, -0.0975528986439077, -0.2655767937615402, 0.42325974277105227, -0.2610989536794954, 0.34356530484583114, -0.19237480816353003, 0.6155116437889521, 0.3973873013074385, 0.6016724193816247, -0.20339593173658133, -0.24538528293630635, 0.04927324230680452, 0.20055521952661826, -0.7446390391052576, -0.4700820972076596, 0.5700363303181919, -0.3205944285225264, -0.2725208225071628, -0.6262068447801692, -0.29708563524588716, 0.3904493941371774, 0.2580765990263756, 0.17881209070235848, 0.47673741389337576, 0.4367251246701691, 0.8117998232088173, -0.11276466910093508, 0.17671528694825067, -0.0007872075393792199, 0.05876656710046779, 0.25222840265845514, 0.33460845208457934, 0.0017443962992651496, 0.6443659093597347, -0.5736308846589931, -0.6560007719080478, -0.5252967301909637, -0.18109190062867042, -0.6096171171809143, -0.25218540189198413, -0.10792517422951664, 0.49018738206037815, 0.5415849249430846, -0.17710492210301088, -0.2353839284940208, 0.35260202195672274, 0.23561711690434817, -0.2057106057895014, -0.16133793290422105, 0.061563095078501995, -0.618008640750376, -0.3841125242200798, -0.2257206660912795, -0.6937870920342208, -0.22364045395665932, 0.15821465403295054, -0.0071776094032539595, -0.3303250400805122, -0.394205335380553, 0.19511934509006768, -0.10209538671876217, -0.3139609946505648, -0.009033520660011618, -0.03605248212407364, -0.2827027738926622, -0.2025653857256705, 0.8681934216303597, 0.13827446289511647, 0.13489975471884907, 0.44378292852290313, -0.06078727154054442, -0.943460040998255, 0.24509407858153986, -0.1690512688550011, -0.13849192084343587, 0.5946333878598611, 0.6048059950812403, -0.3014729198375117, -0.39277994844414954, -0.16411245927486706, -0.19028034535877147, -0.6725922947871922, 0.1092880400181866, -0.025652016021275315, -0.5833803215720921, -0.5816314995968584, 0.6780008126520192, -0.4640681039436815, 0.3939940759112739, -0.43591042388993884, 0.2185485827881588, 0.02284263438869849, 0.11221275137255882, 0.07040330786827109, -0.033056932745129, 0.14431904633677295], [0.006379280051713732, -0.5098493323884504, -0.08621657688928475, 0.7492621738829297, -0.5131014847937851, 0.2651697461800797, -0.07311458906414958, -0.2174664186319265, 0.28863485173667636, 0.9338794082063666, -0.13491391219940463, 7.0, -0.16615536489194171, 0.09232740127111416, 0.6097998560388849, -0.9224593611630996, 0.3214346350879025, -0.1620310791050068, 0.7592016932318502, -0.12319819446892433, -0.19740690310720466, 0.7772565053974883, -0.5512140299967744, 0.6037513460701693, -0.23110916852513186, -0.31510824142779625, -0.26071384719152946, -0.342615201390834, 0.13406576803938242, 0.04383918286749111, 0.12422850617797287, 0.2994067386539758, 0.26045737065085617, -0.6184009887928421, -0.3206161504061702, -0.09586726800505996, -0.3466025201201719, -0.34905226042916615, 0.0833639985862571, -0.9508882875892709, -0.21102764586310752, -0.5866722639135447, -0.5348235724736826, -0.03458783289436529, -0.43013556014076715, 0.5665040784683519, 0.1420937803212523, -0.05067421424872243, -0.023570297847297472, 0.8321232336366347, 0.8717429401741015, 0.28995765929278505, 0.0401016745091356, -0.2580086146989272, 0.011394189896728246, 0.43358832262739666, 0.3158704855066432, 0.6747458267735369, 0.7371388919164188, 0.2422608035247913, -0.40969595663540215, 0.18338250544052492, -0.04955762408623887, 0.15588601514636835, 0.31451502214211025, 0.2938818757345203, 0.4718362940640679, -0.024234037650841533, 0.8135972141214174, -0.21449675296922077, -0.4792109423704196, 0.27375559822347206, -0.028269458640093892, 0.2983431819479745, 0.28008693681464925, -0.6479713381744662, -0.4704615751875336, -0.12746148611854236, 0.6833525843074211, -0.20994556340552895, 0.31260320049247836, 0.11304388231881868, 0.1678746546145451, 0.45204397946958874, -0.455729934337475, -0.8515953039773745, -0.652372435340547, -0.08338850816705823, -0.03866881667744193, -0.08339649553456874, 0.25687835132510894, -0.7590965132020822, 0.6102801698434352, -0.2367611938895411, -0.30386662576280443, 0.09828861864138494, 0.01143695117859922, 0.045812233871078245, -0.660779387754829, 0.762821098788272, -0.2941337467688738, 0.7033517387767985, 0.2516012534387104, 0.6870656089802964, 0.42686754122529424, -0.3174789529220592, -0.4730196776027038, 0.721622363955335, -0.8432490684526726, -0.0578829938258153, 0.30474269131359577, 0.0731514365856114, -0.09630792