{"N": 150, "M": 2, "c_0": [0.7598627151147126, -0.9777502909199132, -0.7974015674033348, 0.40676402951714774, -0.8700081572636897, 0.8309428043633744, 0.7702121910856499, -0.6980795684953134, -0.766852217625577, 0.15706997128753253, 0.25858524277042183, -0.579603192884445, -0.36053812579422084, -0.4741296548028091, 0.4916521828636542, -0.1552271487833381, 0.8789009691169583, -0.050162310257831244, 0.5512556550950571, -0.20177692313450923, -0.35737503604443344, 0.2637760994737448, 0.7417536923853911, 0.5739580239739168, 0.3932406470732399, -0.458193938198624, 0.682843269348276, -0.17617837062310127, 0.14510591455276534, 0.09800996795750039, -0.6268925593506836, -0.06658678970401843, 0.5473472968485567, 0.05204387150676948, 0.17787457101070925, -0.09084607308604453, -0.25957166967021195, -0.638904504556552, -0.03520276398732536, -0.5316407552486975, -0.9776339742406384, -0.31729519842546083, 0.5371225129970703, 0.4015948206321154, 0.11516042893550882, 0.9270560963051326, -0.8339663932485426, 0.5126073067258317, -0.567250260393898, 0.8203640836575261, -0.17192670167194768, 0.13020120366954746, -0.9868176192705205, -0.1398140076555281, 0.22930921174911778, -0.032779119107913646, -0.1805576351569067, -0.7349912850985425, 0.7866752964576902, 0.41349179519324264, -0.10087775694517309, -0.12362357877553842, -0.010628844271345361, -0.3773919162997237, -0.06841898193972606, 0.05137438503894454, -0.11388226200183715, -0.4268727624070221, -0.0871338366478378, 0.5929528897708372, 0.13681896648401026, -0.6429419968983623, 0.43828166992465567, 0.43226051458943116, 0.8727189077942614, 0.08604237412170912, 0.779829335926268, -0.26045820768057415, 0.3496194480485688, 0.8643119200615643, 0.5369434243223601, 0.8935125892769971, 0.7503225690608264, -0.27087934076209397, -0.8002121713536927, 0.4021640751506528, 0.28010109599755273, 0.08417596647102532, 0.29226235676173906, 0.6321098933774776, 0.5935850103386364, 0.9269060696212645, -0.6198185428983973, -0.7647654766639611, 0.5195165105990118, 0.9367950775603293, -0.9472478491054308, 0.38751645894113773, -0.9478232534323894, -0.01711794714549275, 0.6203052843745358, -0.3412784448062338, 0.10350632084045186, -0.8554408124407431, 0.35510995955000024, 0.5260828347022359, -0.4891672288133255, 0.31380784529911443, 0.6206341858722331, 0.4279899316239666, -0.22110491244710495, 0.26232834181179077, -0.19033714104580168, 0.8656620248730176, -0.6655543204291159, 0.7595781260548276, -0.9547433349252303, -0.42950132479550285, -0.11092661686460215, -0.1614428848384537, -0.07781246884446746, 0.011772372200890002, -0.5672337037485027, 0.1969117453248519, -0.35653542980981623, 0.8701723519670577, 0.33685396914833676, 0.7336487474961257, 0.5238383249977434, -0.36588189329269816, 0.6582555016391516, -0.7195344657922722, -0.7830992350590225, -0.9791386915410389, 0.38827389975656934, 0.4066152212621297, 0.33471629454785035, 0.6319159241380647, -0.7668578990776362, -0.0257711202365547, -0.08167296111680322, -0.3948695687892816, 0.021909724199802305, 0.6510637942575224, 0.7612988834765246, 0.1288007965566016, 0.9775616899049173, -0.027283130864348193, -0.302399939936431, -0.42730092211668147], "matrix_coe": [[[7.0, 0.32684891736231036, 0.4633158783611817, -0.15179904653264376, -0.10717188929805532, 0.5780288585053452, 0.4410497548174104, -0.800681615852999, 0.8539483863251696, 0.12010714023751068, -0.18486537727506813, -0.39801388074565347, -0.10183383776355737, -0.7603525822306919, -0.5351805519244646, 0.2324204130737133, -0.4245310285269843, -0.08025934486123842, -0.5773747160639138, 0.008197929864909526, -0.22576086028933384, 0.3116134932419743, -0.5020716744603282, 0.4759770616539316, -0.20088763108931362, -0.21285810357165647, -0.3206764512850323, 0.03359074106398108, 0.5931923619801753, 0.011414283488987653, 0.2590147844872197, -0.19712302676068028, -0.6581760591288064, -0.7779739209295805, 0.2975736390366275, -0.6798238832630445, -0.7813647695323647, -0.4644121335879924, 0.17128031551037104, 0.12317112658119145, 0.38601578246235313, -0.3978730518452166, 0.4911150643002926, 0.953648935662391, -0.3435175195941803, -0.02924025351466697, 0.05911525054176625, -0.5567712877434171, -0.04107388594075767, 0.2672979686853043, 0.6279750638881825, 0.37551754692129435, -0.648062661163738, 0.024694898084079098, 0.35229949313194586, 0.7589375449297551, -0.6733615032953799, 0.623162784671988, 0.08952424576951867, -0.20542531687669396, -0.36881454173027917, -0.004797144571394241, -0.10012065703196471, -0.8145971648797854, 0.39545391652814166, -0.2557184437550879, -0.5783620354892703, -0.6095665604583144, 0.27242241108676746, -0.29949454578105006, 0.1501076128331018, 0.30711572569704737, 0.09163648399961133, -0.11119530407715628, -0.5548926500580055, -0.02159056904640333, -0.38781015421766296, -0.3487058613054147, -0.9528563091469654, -0.6221117991616043, -0.3889758206983228, 0.5678678593544877, 0.3201360384970551, 0.11672189248354092, -0.29020441476669556, 0.5501882531793529, 0.27322636632705466, -0.4629455488126726, 0.12488001441998131, -0.19406219122992496, -0.4145567409845572, 0.18122625492474764, -0.3263352876078365, 0.10114338699960657, -0.4608813952538281, -0.3579824699800952, 0.24387561643404254, -0.5064753075605691, 0.1310387572631928, -0.6463927514353984, -0.026785000531692416, 0.07595324464703523, 0.18586795614457396, 0.8191128041838307, -0.7439276902787109, 0.7156394819359009, 0.5379160478756972, -0.24683302014695674, 0.2686675954824973, 0.7320090730799995, 0.3912955130194664, -0.09641513460063711, -0.07233431681633617, -0.39752374492502884, -0.6822151241211891, -0.1356996296451184, -0.05497412522686984, -0.2491833123776125, 0.2358221915065548, 0.2287462553910249, 0.1210024088147783, 0.08577843674930219, -0.6026721446438539, -0.018308178211521087, -0.4125290636001635, -0.18005467702883204, 0.009089713375225239, 0.2958820689354251, 0.2106716994380644, 0.27951323955398366, -0.6723606410738756, 0.06265619579745296, -0.5924359891773817, -0.047055773522964195, 0.41174745443698857, -0.16284839700416132, 0.6310640978703486, -0.12788087136628845, -0.07607785504861964, 0.4559542902325231, -0.11482068118247701, -0.27041429004103756, -0.2837457995896573, -0.22492872213593207, 0.2337292664917734, 0.42202571708362946, 0.498677262440123, 0.5135105087215082, -0.36573933485742827, -0.05364612847748307], [0.32684891736231036, 7.0, -0.462734412264735, 0.5732911621888686, 0.07702882854686788, 0.5774717583855791, -0.06266883172402238, 0.29801331823091215, -0.12216294379357673, -0.18329260028859728, -0.46089450162878787, 0.10317044451181179, -0.3392665073900668, -0.9414973630979142, -0.41890161694234573, 0.1544484694164101, 0.39745257384863963, 0.1544971948876317, -0.058279065293548316, -0.4284498682314113, -0.45883238815306426, -0.1321731690986887, 0.45930740051575336, -0.7614818694160783, -0.13682829477804048, 0.2537564623010635, -0.01126460275210317, 0.16336595832252554, -0.40988837199338, -0.3770039856163716, 0.14519054069638027, -0.1447819252332495, 0.5877541134359467, -0.05373264328860272, -0.5242442022180207, -0.27022363294416185, 0.33876045445629765, 0.6468258502291211, -0.1836296008041277, -0.21169111151885267, 0.48798657640895016, -0.14607847102784155, 0.33387227722877344, -0.7073123166959078, -0.18576615643330374, -0.1281441312019984, -0.19844160192729554, 0.014939186639570057, -0.1639459860015572, -0.05249026521140232, -0.44391263411374016, -0.6051558471522733, 0.20842671946934366, -0.7983125193461309, -0.03753224314619752, -0.4821948470061945, -0.1205002850167165, 0.05038098267974522, 0.8139752855127171, -0.2289357802173415, -0.3823901778946226, -0.8854090016144958, 0.03536232573478282, 0.6329679421686722, -0.7309633284757093, -0.19394799657678885, 0.04352393538568089, 0.10050971780397977, -0.32549887760038, -0.5443447487527298, 0.20520283575282883, 0.17496884914766442, -0.49090422574507697, 0.4016153594883194, 0.6062896221111704, 0.43737556507226527, 0.4260449549755352, 0.3874621511952996, 0.22384075463444164, -0.017845620229357317, -0.4376328511629505, 0.44417454931035794, -0.5938455081918294, -0.47491740195683285, 0.07063007643133679, -0.061989242848450976, -0.13470540917726992, 0.19481622627135065, 0.23330322231045564, 0.5524741929829222, 0.04601991408666506, 0.6779258043956351, 0.09880577481296138, 0.15239795205611628, 0.25595721154225615, -0.592951256269973, 0.051930182072412956, 0.1888401702560114, 0.6415320283768251, -0.7299796337458472, -0.8476719326925006, -0.3138236760955171, -0.23702434932400585, -0.6683701523340569, -0.4580952268280052, 0.2038367999292814, -0.0921583768459231, 0.5167254866640365, 0.314872197501614, 0.45512294752583426, -0.8599566622739192, -0.6371152214828258, 0.2807688122901262, -0.19752907452166402, 0.2160330844399736, -0.4605089675645828, 0.010610579166168144, -0.5352506548051602, -0.01981871884334374, 0.35659943843163777, 0.6048140225883314, 0.6963520777840853, 0.11646632721592942, 0.6954181434256514, 0.6386821798067306, 0.07158224212049591, 0.026307656852382122, -0.4823471727215718, -0.31233529765417956, 0.6458000053330966, 0.838947898168724, -0.5097847913303871, 0.13085877988561845, -0.5197605537961927, 0.8574798618675552, 0.7448621862772082, -0.25033640888253017, 0.48290688233293366, -0.47595134565304353, 0.5505317712866185, 0.5268335760796847, -0.15074289311316835, -0.3032899010473036, -0.11229903002000097, -0.03661963699406667, -0.0009452628203071578, 0.35940860885237047, -0.48263185482580295, 0.5780237740506298, 0.05034426789997304], [0.4633158783611817, -0.462734412264735, 7.0, -0.5442423875387902, 0.41660419832934603, 0.5870278761482051, 0.20384361113941174, -0.7097797416839885, -0.22279848979186978, -0.3031508401387163, 0.23702355209033144, 0.32979151950641783, -0.19727705280224428, 0.013569430980488795, 0.16305717708348855, -0.1546855071074431, 0.26349856907815794, 0.142945651120006, -0.30802426912697956, -0.22720280882022337, -0.09371871143782395, -0.299352926352764, -0.5124874004762172, -0.16727963468222606, 0.30206817402238695, -0.5696250741475107, 0.4832460655912958, 0.06958337697344552, -0.2902994788302926, 0.19185364654589976, -0.012162139469210409, 0.4939778376844455, 0.5831605432577889, -0.6742118711079507, 0.04198343518714598, -0.22337866797817274, 0.06644632774473358, 0.3296951674579922, 0.8463834846985683, 0.4933454658469809, -0.16918326018423502, -0.5826363050078057, 0.07106874902418037, 0.03719825086002837, 0.08903980260018018, -0.23608452989656303, -0.2565760196864415, -0.2494282265615182, -0.2307180466192542, 0.6401155018867382, -0.3484733152759949, -0.6735018909077188, -0.26505553435000484, -0.7497691553945475, 0.01502588880508604, -0.695455997015893, 0.8540013249771001, -0.25202202401587415, -0.1773716211829851, 0.6383984527814084, 0.6793026150910746, 0.21377359607666957, -0.1792477727308709, -0.2171551966596983, -0.21514060943406932, -0.8902595222923514, 0.22066993509360833, 0.07705174866605802, -0.6537988204444979, -0.3317397437995687, 0.27462993539499725, 0.29988266002409514, -0.2561641899706436, 0.43039297627816553, 0.18147612421861758, 0.17921126933478781, 0.4842430533107194, -0.177537586696367, 0.5120390726295603, -0.1910448827087171, 0.2649769409190199, 0.04155930334317226, 0.003095524596471666, 0.5752881511586199, 0.46432836991643556, -0.11821291776153664, -0.31177533694287196, 0.1593614587786356, 0.6076935925842308, -0.2040226804436608, 0.40051306717316115, -0.6459911980945909, -0.15014453165810782, -0.30800682070087304, 0.08486206017294906, 0.3568131827548051, 0.09041601199091831, -0.29978661206310786, 0.28778500963456155, -0.5317434926593527, -0.36472056684018983, -0.15973180629216355, 0.15160382498648461, 0.541269404540194, -0.08232584163270262, 0.010369496704503156, -0.422773578057298, 0.06724181752036795, 0.05335429188918317, -0.044128158375351, 0.21349123078666166, -0.5969576928518301, -0.04028933372030252, 0.006631729134834341, 0.07437123573539495, 0.2972024399884736, -0.061317788461145994, 0.05220416325483157, -0.07578750466139861, -0.11265695174867962, 0.20542673594108773, -0.635173109092509, 0.9132246919189846, -0.13679394579877202, -0.2445288777512531, 0.39653054492630924, 0.5419236890950254, -0.17119630396908236, -0.6233550673873889, -0.12226615191938972, -0.20117265380287352, 0.5683275114187607, 0.38314415007457914, 0.20689540442123455, -0.6862275760396633, -0.5650478319227551, -0.6041948382408276, 0.26311550282390184, 0.08930382953630689, -0.30205258146730196, 0.46606888015372805, -0.25917573455660015, 0.8976230158681635, 0.14152941199358238, 0.21340837970465376, -0.43176042375539814, 0.2469158345360869, -0.7068254646273512, -0.13622285407617463, 0.05590632255435546], [-0.15179904653264376, 0.5732911621888686, -0.5442423875387902, 7.0, 0.0305143458307775, 0.1280215994143279, -0.1085141899270573, -0.6290612804931753, -0.5362980476321527, 0.533848529580534, -0.5649258391820188, 0.2496725879219921, -0.33649017074279997, -0.02051470807461797, 0.45649205327820974, -0.10285817910704531, 0.08801516788212949, -0.07368464684938059, -0.32028039065108127, -0.038054879982120426, 0.4370045214324876, -0.736149116791248, 0.5982900635204986, 0.8524549777265276, 0.06279933575943186, -0.7964919438383754, 0.10234298511217155, -0.23128265185980856, -0.454667332298618, -0.8053282678927014, 0.3507621180166489, -0.33162079264856126, 0.14157049612627515, 0.12540191634927078, -0.27536786525013524, -0.139635722018839, 0.0801211835662694, -0.6747577891611973, 0.2892911086240366, 0.6025191967190375, -0.1890670896151576, -0.30985322782512226, 0.6481908018322813, 0.7650271118826155, -0.4081491966624794, 0.69741819980526, -0.374573366360167, -0.09461503783315395, 0.11012918616956058, -0.1583054474835741, -0.8012935406520075, 0.3563769489288706, -0.15231799954091851, -0.01724276256368895, -0.04031252131777918, -0.4262852094547429, -0.033804167425714904, -0.16092103493999177, 0.8272713174633313, 0.022970193930540006, 0.06947055050885576, -0.3274549283331629, 0.6434419709191266, 0.4668662628718314, -0.01520533653105427, 0.09690686521528358, -0.377058862586344, -0.5229401200091014, -0.14298901761344174, -0.7181460626734791, 0.4918586308405948, -0.40577945978794505, 0.724598179151335, -0.2590874604564346, -0.2674482530713097, -0.031478803968498004, -0.01866835772695563, 0.09268226472383478, -0.6040145622054377, 0.22441953568106188, 0.22066235825567393, -0.6734782253059823, -0.7509791150144891, 0.32855815436415403, -0.7817759893827363, -0.1303468939141792, -0.03148202855533311, 0.138546593487054, 0.3134048531214315, -0.036623677497732654, 0.6640640018736197, 0.21868705475395567, -0.6659494882413076, -0.6040175985498673, 0.4035040797507976, -0.09544481931914717, 0.05080105227865861, -0.7061900798719284, -0.06477956977005295, 0.7585345480162538, -0.35131150792771393, -0.8511174188280523, -0.37082312409106166, 0.591539006584826, 0.22213026626752175, 0.6082506496092568, -0.012502554879225247, 0.22582236415453183, 0.4146041215223737, 0.6970249884169966, 0.20469388441882397, 0.2409057029395758, 0.10311384282501335, -0.4613069740541941, 0.4184569608492841, 0.27555065933466105, -0.043849872984393135, -0.13107468826137236, -0.1380843863464727, -0.8485987317193808, 0.02232551566437202, -0.346850033704451, -0.1528245402788554, -0.17733659432069027, 0.5695663685774313, -0.31017530857438624, 0.32297512967891606, -0.5413668248466738, 0.8069269523014913, 0.28206896229039957, 0.2958557685749903, 0.31159124576496877, 0.3283097799894721, 0.23655308257848917, -0.00418841353046584, 0.3442598823415639, 0.43640754956055683, -0.16196670708537686, -0.6683362192235187, 0.10148283395611246, 0.19409934548173968, -0.2107088330733341, -0.5082879833361078, -0.16938410676454163, 0.1366425884752822, -0.5611345191750978, 0.16542879787525955, 0.18895062508049953, 0.6141976354118079, 0.5887906595103991], [-0.10717188929805532, 0.07702882854686788, 0.41660419832934603, 0.0305143458307775, 7.0, 0.6151336390700344, 0.02906932071336632, -0.15947057437124912, -0.3312558573215385, -0.7997752394745559, 0.16318350542085946, -0.31063547064394936, 0.8030300464976659, -0.009779811067006428, 0.42691328254035654, 0.0960459147529682, 0.2550654089144835, -0.02207762189274154, -0.275226671565136, -0.6028123563931992, 0.07092452816008699, -0.28437829901372935, 0.5586013775000516, -0.7587857199006781, 0.6555069822660804, 0.027616866383621597, -0.5443312910304343, 0.03269974976187262, 0.22614769387832978, -0.20169242346603578, -0.24835814872034623, -0.39771455325243465, 0.20374189597786785, -0.2299986154874003, 0.1308318951076668, 0.09418846446100115, 0.3322280290065627, -0.5706817249100502, -0.2682390055174896, 0.35666068610349955, 0.8646988121808867, 0.461289948237658, -0.888016041839509, 0.012536319123888973, 0.2785409729492836, 0.3310212862788984, -0.6484369502808774, 0.05513346507768002, 0.07813608225985047, -0.21851010314113983, -0.7512007972047953, -0.29102769523061844, 0.48351667022711764, -0.5175905059976379, 0.07810211155365132, 0.2049613816030711, -0.688077090596137, -0.7422894438666082, 0.46435292543959195, 0.7704949346364751, 0.12814976908415998, -0.23748625947440116, -0.053005552525211885, 0.570052593324635, -0.3019865419566604, -0.888586716940626, -0.7147673268034749, 0.27019214072529807, 0.628389505812371, 0.08905061826756189, -0.49414030133215836, 0.13580432316841473, 0.006235136006342401, -0.1888012610661326, -0.6445120420311975, 0.08738316873856555, 0.10028593923247797, -0.6016992976800494, 0.14591156570272412, -0.33346403721685514, 0.21521866938122303, -0.45144971903701814, 0.27402391721213837, 0.21946919949275356, 0.20549471984101197, 0.02216099808939287, 0.34179009103518854, -0.05396214330930982, 0.6566011334995625, -0.4289816315708964, 0.5532076282546714, 0.5732028747206521, -0.5571360197948626, 0.07060594115522356, -0.030907738276982233, -0.05393089287047337, 0.17348059969737317, -0.20875391420174472, 0.16404662919833202, 0.1373753683501442, 0.07004758124890542, -0.24723964134943666, -0.27151529376211136, 0.18636470165488372, 0.678264238911678, -0.5374158444167562, 0.5674737679572215, -0.06862446733671024, -0.3860216740605761, -0.4601139853514501, -0.5406863972981147, -0.7432195158380644, -0.2961354806175065, 0.20592538754456813, 0.8415421815956519, 0.4539048167166686, -0.0816844681649056, -0.46678007327973103, 0.14380893043539844, -0.38137039848944654, 0.0492987205658757, -0.619004861120736, 0.14666748391278572, -0.08402011538748533, 0.6077190663047354, -0.13955416585249059, -0.0015314696263860617, 0.5615659915262308, -0.19519147867836784, -0.5007529366662661, -0.1630709327176677, -0.47345350642531525, 0.48845581082915857, 0.7915281576220747, -0.2404838707992687, 0.6621546112534185, -0.13603438766759746, -0.3296734727352105, -0.3416785766878796, -0.658486871453459, 0.5616869453289757, -0.4866950304625707, -0.04815676716374995, 0.7184078563075085, -0.46692115426642267, -0.3648136914046708, 0.1625484917989115, 0.9030881595659057, -0.5721503691979611, -0.08282429845823636], [0.5780288585053452, 0.5774717583855791, 0.5870278761482051, 0.1280215994143279, 0.6151336390700344, 7.0, 0.5394539125451925, -0.33231610470116313, 0.36844268119526236, 0.7141910985333815, 0.23980444005404955, 0.0797137778452448, -0.03288172187638794, -0.35281410317442374, 0.5155594191083375, -0.977314246247251, -0.5422958189772893, 0.11067947026538505, 0.39797368074711015, -0.5726884134789582, -0.6916806594001881, 0.214226686417883, -0.5810400881193272, -0.21346826437852673, -0.7454274753680836, 0.14256422054788498, 0.6200163050883758, 0.15413847451943896, -0.36625478144291557, -0.8795213923777591, 0.48191271639997835, 0.6843442171631964, 0.5873402758041362, -0.20825459019724968, 0.6582105259391475, 0.32625750481541926, 0.20725842296686503, -0.5558976725254595, -0.15401434710430373, -0.49789238079132203, -0.13552184165795111, -0.36307990087856945, -0.28467462462635174, -0.49049244628320776, 0.1153908853478165, -0.812407171625666, -0.6055094910322588, -0.10010153768976326, -0.3833141856287209, 0.03374003865923347, 0.17034574034392547, 0.2615922224898193, -0.4420934154283559, -0.7078462822774734, 0.6095367784991692, -0.018491812203543567, -0.07775460326231698, -0.13465312105983773, -0.06812981411034313, 0.10304394023841734, 0.46219503989337696, 0.7136320945736676, 0.0890331756832512, 0.7290799082792487, -0.12089040382979177, -0.013125708431408811, -0.023018876797792243, -0.1249749558338965, -0.027560944326496473, 0.14157685268311582, 0.007207210441814382, -0.018966373892619792, -0.0051944978153907195, 0.05344577978626841, 0.14910193709952235, 0.04337924313563235, -0.10247501590664032, -0.2717596909141654, 0.18661981820617535, 0.3077394828358755, 0.46548398232558896, -0.8446637779093984, -0.12350947874351759, -0.21517269181678378, -0.7319227674222207, 0.3756547768699241, 0.6398662037395495, -0.16675731287769147, -0.41169177850054506, -0.12282508013504145, -0.2501835519941781, 0.008182819407621, -0.21298101066240382, 0.2966087778247819, -0.7994817893759144, -0.3175150716597026, -0.5652701253276076, 0.36465772816044884, -0.7003095074040638, -0.8518433991845775, -0.04126601885165915, 0.0496747730262137, 0.5321581367872541, 0.8274953244757053, 0.11811078550613452, 0.790331821226435, 0.4556018041595338, -0.12073580630369063, -0.6435586234267013, -0.434913775979924, 0.08853467265089354, -0.817568603663043, -0.18506426235299833, -0.613065942039556, 0.09870799464412072, -0.009681512375577461, 0.16569827740491694, 0.7737696145358868, -0.0247598116684139, -0.3930722240136625, -0.6153930804282581, 0.22177919950659675, 0.009551579466124949, 0.849687656889915, 0.17900733308840477, -0.5005157854537621, -0.1369401867127208, 0.4494924571845307, -0.06506843509346982, 0.10585629950125774, 0.7949178227087941, 0.7961332971354147, 0.06021860070736906, 0.40225075688199685, -0.3612453745490769, -0.8700094403119133, -0.7707810764265929, -0.2567707056027215, -0.06528291640865858, -0.3815423138102263, 0.10336437096910389, 0.5055183800587388, 0.01823092582389707, 0.47609523094400186, 0.41293054203528845, -0.6107241360803224, -0.2912913941055072, -0.3800209323189997, 0.0776820503625133, -0.5790979460108526], [0.4410497548174104, -0.06266883172402238, 0.20384361113941174, -0.1085141899270573, 0.02906932071336632, 0.5394539125451925, 7.0, -0.18107699749836592, -0.4833580340924828, 0.0700084516364119, 0.38173348720955924, 0.353059891402721, -0.40751448146727576, -0.4128719910315837, 0.4050384024403286, -0.8642434363165921, 0.016310223198970908, -0.06043172643074379, 0.3807781202074034, -0.3007141482852622, 0.3540711578262594, 0.07374011368576916, -0.07131126657968201, -0.5746053592053677, 0.5327177806080239, -0.5043526429739493, 0.7426559041232714, 0.4383960875159474, -0.34098321777021123, -0.035749978105140245, 0.05478913292771104, -0.4266620105240869, -0.2206962386561948, -0.9862402087926153, 0.2160957307786311, -0.5623108390201195, 0.4101742394768664, 0.15360751064378864, -0.7390108583503838, 0.6802441682103866, 0.44542555208247236, 0.44657253810280517, -0.33745633683243426, -0.15136086715594554, 0.784047966028306, -0.2583970463290254, 0.6012184620614096, -0.4232427321703679, -0.8538631468144245, -0.34578877921170914, -0.7866038258713003, 0.3037256715847956, -0.6318060149493192, 0.36641922708240937, -0.20212212435085597, -0.6503689841925855, -0.24865795439166016, -0.11015246616384022, -0.7940965054567931, -0.4488530684707802, 0.04462597902445675, -0.23444329144834564, -0.19215819813051604, 0.72512975783168, -0.3147838272090615, 0.486522779572514, -0.3207218821844061, -0.42941250748262394, 0.04250008809808237, -0.5993232003592313, 0.8172930520818147, -0.7195144076938113, -0.22860665232274435, -0.5152252530371957, 0.7685554102520995, -0.2979016592738968, -0.2970908894567722, -0.19312720020428864, -0.16223469424348858, 0.5784504826528729, -0.12634257283854422, 0.4296676546524203, 0.19908669703092152, -0.34299319655345895, 0.42494054194659325, -0.5945136981645086, -0.49324815020042656, -0.5527949315744797, 0.44902589042832375, -0.01899915463797963, -0.08867864910474144, 0.7486639630769791, 0.0019266616023423389, 0.6584718317545795, -0.582928289569783, -0.4507899755892506, 0.10856132655750317, -0.6645669937089554, -0.10086106699429898, -0.5353493874926274, 0.5215766212138835, -0.0029971148328278296, 0.8623253398951134, -0.2440878346584323, 0.40594691187617826, -0.6535108580433022, 0.04126879699976316, 0.7441367432194925, 0.5574380245830142, -0.5075008938207451, 0.13054828564128496, -0.27930368444888276, -0.23954087871036722, -0.06809252798108478, -0.09597267242987517, 0.2402562796007932, 0.04616172537923591, 0.9257654381193996, 0.588655278737154, -0.4745998650053276, -0.15950822999302794, -0.8632861887905711, 0.10915865671235192, -0.34467529888905846, 0.7838063479006403, -0.2632842086656694, -0.1285112364637997, 0.2947793512970922, -0.4864769999839895, -0.48623548425076535, -0.7255157545758626, -0.3095914332467371, 0.4783307333971485, -0.07368193589239347, -0.2682215846158451, 0.6144295847979628, 0.2818624811409549, 0.43101377753097303, 0.6255828464086433, 0.005882447563868576, 0.22760267687525415, -0.06278661982315192, -0.25183810206919155, 0.6552233622881021, 0.3422211662401389, 0.0033732886573081267, -0.8420723750009956, -0.24398719342729158, 0.1267050878198872, -0.31189580508626236], [-0.800681615852999, 0.29801331823091215, -0.7097797416839885, -0.6290612804931753, -0.15947057437124912, -0.33231610470116313, -0.18107699749836592, 7.0, -0.734733972521032, -0.7881769156943486, -0.9096030735547717, 0.3200128991344662, -0.40477327994600476, 0.17400878338203363, 0.02463460507736892, 0.18878153481947768, 0.05631508553745812, -0.5038222293935982, 0.3886474378852405, -0.36772844721942943, 0.785798558014922, -0.4963553245128467, 0.03894599526920972, 0.47916251344836436, -0.027873929853253987, -0.7104683116880133, 0.3964213115822486, -0.7836069834891066, 0.3610877718888923, 0.29249243021171534, -0.3703628299485787, -0.02547742206411141, -0.3849402903778879, 0.15651244283214627, -0.5806511788513049, -0.07612629610779564, -0.00915245409487253, 0.10409952670770006, 0.6490415578787738, -0.42298665655578527, 0.10942614665819539, 0.5937353911788041, -0.41358143254977153, -0.11492656986013461, -0.08214404490704852, 0.5985116450192112, -0.3525565637281277, 0.4463579106041804, 0.1802802987460308, 0.5883398556310238, -0.34245091169107766, -0.05500547987583637, -0.5427913863447998, 0.22611796513754578, 0.049014984119191585, 0.10450424299061511, -0.4600099175960374, -0.8872552730930896, 0.10480239158802185, -0.23843901210844975, -0.5067050028911477, -0.12160093990927956, -0.00794046872725751, 0.4761333448138303, -0.24527025535648117, 0.25578648753371613, 0.30847351911159926, 0.4495523167536777, 0.27180841142652046, 0.13631166608243994, -0.2744913328804224, -0.4109933054370438, -0.7457453857945021, -0.08889947583670355, 0.6056323706842128, 0.13689036379946784, 0.2919585609991784, -0.1706903971803948, 0.6114734751406776, -0.389935116439587, -0.059457791219495015, -0.14638043006086499, -0.7049878550235091, 0.2267229492126437, 0.11085206396262026, -0.2896369724663991, 0.46111996616198225, -0.9268890205243927, 0.4932259574987463, -0.15860377834684425, -0.11871827961591752, -0.22376064269733698, -0.06636229513634562, -0.0556783358493157, 0.5967164378433489, -0.08128823878556757, -0.018779153068168353, 0.44690652763941685, 0.4644024136929874, -0.4391632488184448, -0.06321412310523589, -0.8705275645438262, 0.47395950989329094, 0.5300101981573038, -0.16122961103075806, -0.3112020282657526, 0.27039044677301827, -0.6505249951852453, -0.4072130988588535, -0.5866330408998353, 0.4936406027850606, -0.35987063058782065, 0.05971400629763712, 0.899592619415992, -0.3395551833825021, 0.03765556269650627, 0.29408353101926643, 0.3237345888286627, 0.5998811165089681, 0.16848736365652428, 0.7923755462435862, -0.3783481060311621, -0.5564753160233772, 0.6961850284323616, 0.11770791432509609, 0.08461977737660709, -0.5669794412065432, -0.8971115212282453, -0.44256789208336067, -0.45661292705221435, -0.1025367344500897, 0.1587475843313071, 0.657662823720526, -0.19107335022599126, 0.00849106081161799, 0.4854038795431692, 0.4115526930135769, -0.9387894012237732, -0.4465412841647821, -0.22968200491826907, 0.40245138306395134, 0.5045649702814394, 0.004406050418860108, 0.2317863027469611, 0.18555205479339976, -0.24171921396292761, -0.36580517623404163, -0.1474256215941434, -0.3531411698644401, 0.14753349436836571], [0.8539483863251696, -0.12216294379357673, -0.22279848979186978, -0.5362980476321527, -0.3312558573215385, 0.36844268119526236, -0.4833580340924828, -0.734733972521032, 7.0, -0.07043717761398005, -0.44477292549981096, -0.32730965013904556, 0.43226050433074636, -0.1612777635578586, 0.6634719074054998, 0.6230132213693618, 0.11223324308896743, -0.5244855102616032, -0.2779676914285253, 0.265548096938371, -0.19778747940340924, -0.2652467095840254, -0.12624647933386324, 0.22577069311271014, -0.7488386781836373, -0.9134391578032951, -0.5405197899975818, 0.5096655563495112, -0.5369875001536524, -0.5777040665596768, -0.3746219483022799, 0.13293836814542437, -0.1202113453972381, -0.20310920895914786, -0.6274476932028805, 0.2800961745256383, 0.030185003464271887, -0.3610504058059407, -0.4544057991795346, -0.6522082716017195, -0.06876780881492384, -0.11280498777180481, 0.5585334671459661, 0.5191966626545226, 0.3167979944197712, 0.0047917745280623425, 0.11166725372117803, -0.5424996051118097, -0.1289078231196089, 0.2511654980009328, 0.6981351072654385, -0.32446917819084287, -0.16900938942438193, -0.6235019753849238, 0.34668797497440496, -0.10343889668910289, -0.41623580593128806, 0.8961390060315764, -0.3333130922613192, -0.8156691573258549, 0.13225607868981726, -0.31313431114478296, 0.175808444893496, 0.6980089170575869, 0.5449211522556521, 0.10475238173868129, 0.31705675203438033, -0.4787133716347278, -0.08637161257544534, -0.24712505002635965, 0.26890202367492977, 0.07097895343749316, -0.155008142474788, 0.1680432467442221, 0.024949247450096523, 0.47175396152971016, -0.13140669343798483, -0.6357619579729282, 0.2251199884608046, 0.45373632713009915, 0.031076029003241912, 0.2721322262125221, 0.08173243674178954, 0.4875116953028864, -0.6366068203310992, 0.5313376590653536, -0.5529527043566222, -0.2662706770266626, -0.6085095513907495, 0.7237931919201261, -0.14263605548600722, -0.7069225656045237, 0.38273864333622165, 0.00548383729274482, 0.27391188619161455, 0.3851734155786657, 0.07189671195912917, 0.5593515812998953, -0.5527310997831465, 0.17401410674355455, -0.212972811319879, -0.1966988648989697, -0.624176524169311, 0.6893839689976176, -0.7294315853992868, -0.5641539252424997, -0.310065414538124, 0.1891558109485758, -0.16933293584009368, 0.22342370714699422, 0.0172620069582079, -0.3939780622718053, -0.3145093882993797, -0.06663314931254327, -0.549776590601241, 0.20481382979941087, -0.017683515103741998, 0.15196409496426933, 0.4093090607191687, -0.5368927792121321, 0.794402294081451, -0.2315003275444386, 0.5313686663146546, 0.6563203584324684, -0.33709446306889956, -0.46541975480885744, -0.11703119379267979, -0.7215284411636248, 0.08621044206210904, 0.4857871525958939, -0.30863711771727154, -0.42232696766878464, -0.012320608923013898, 0.32983319427302105, 0.07292808214911872, -0.5030527912014584, 0.2464239810438944, -0.16421264319638773, -0.00489443332429107, -0.4819584995812416, -0.80321039195032, -0.4146296767674791, -0.9118628398944791, -0.1501840610664602, 0.10719351145513678, 0.18218248328789133, -0.05471708685210608, -0.42453187294344685, -0.22906396949029595, -0.518089439753057], [0.12010714023751068, -0.18329260028859728, -0.3031508401387163, 0.533848529580534, -0.7997752394745559, 0.7141910985333815, 0.0700084516364119, -0.7881769156943486, -0.07043717761398005, 7.0, -0.046555202937115125, 0.20298795094471922, 0.17409110520268367, -0.1563970640108081, 0.05205931327913005, 0.4408745374041865, 0.297923102496203, -0.14258758261693816, 0.2725280774957095, 0.41280015413793647, -0.034301082204185596, 0.35951318228296447, 0.12608286952502823, -0.08439280393982695, 0.337742793667124, -0.39484985118588434, -0.5244510720969666, -0.5168338421237175, 0.8551168271634206, 0.03359608487192789, 0.31777531110655666, -0.029368386705821203, 0.055637237309454246, -0.1973233360597344, 0.8071193325371282, -0.02891597927925449, 0.05455959513571207, 0.5304172426287996, 0.49252982066264606, -0.08815870644915702, -0.25016270557030207, 0.05457146824620729, -0.8362078850780694, 0.005975758544686016, 0.5630804633424888, -0.23180764325208236, 0.13314173774618676, -0.36908613102223453, -0.11370469492656998, 0.5387917945953578, -0.8138679657107654, -0.19606724883400195, -0.681511306641132, -0.22169855500638647, 0.34448779576147204, -0.18226163398561857, 0.3963198285572931, -0.18515006161363878, -0.31671278612580755, 0.3589907089300768, 0.08376754393764019, -0.8475953619751322, -0.4656725401813454, -0.23811805869586222, -0.1207074989761352, 0.428822678299152, 0.3512635959207506, 0.11383472520409743, 0.0591794535049428, -0.04433288480184161, -0.5007610395489116, -0.06513192796734302, -0.3461542988084181, 0.29951029633746984, 0.7810488529567865, 0.21827176044082597, -0.46677056768094094, 0.6482337246390373, 0.004019236958705319, -0.1555119080867189, 0.1601580448706066, 0.15680778455229794, 0.24804457638530586, 0.6585480783949484, -0.796083499065075, -0.21393776493410321, 0.17934204562720524, 0.41265888525752503, 0.18620540196225943, -0.7615669504942193, 0.6652371737286589, -0.664882341000201, -0.5649538544723924, -0.20964020662739802, -0.09243584349595524, -0.2784060726549933, -0.35225832480784536, -0.007669589098107221, -0.4464698174155125, -0.3861236609766926, 0.3029989130781323, -0.3204798773659794, -0.041912540175328195, -0.1767295040509027, 0.3231930438299604, 0.1630612884016669, -0.3548725972539166, 0.381283015484307, -0.3588435487237368, -0.1940671889887684, 0.7248577239294622, -0.4624239522708866, 0.11494125170683711, -0.16672936712920838, 0.11610235241726752, 0.7665980165587509, 0.22968815745522475, -0.2858255622970727, -0.046605022026905196, 0.2549452008882096, -0.34316250780204194, -0.48072404014826164, -0.21976340988260756, 0.3253008592993951, 0.18716895787365861, -0.14309550647080382, -0.5279498770647979, 0.05036338370414084, -0.9323096279474112, 0.7082707021455699, 0.1805727066052336, -0.30177926799226507, 0.351598188718903, 0.19617469318236358, -0.40861680236448483, 0.2511695335243376, 0.08479949021368638, 0.13565246210559323, 0.4753235608692963, -0.08027357562887272, -0.40643664686920256, -0.2681501256166089, 0.01573908310087191, -0.3276404772335293, 0.3838819201637329, -0.6303084423284387, -0.32959291428549764, -0.1382569664905572, 0.08355060673740011, -0.28106720431378185], [-0.18486537727506813, -0.46089450162878787, 0.23702355209033144, -0.5649258391820188, 0.16318350542085946, 0.23980444005404955, 0.38173348720955924, -0.9096030735547717, -0.44477292549981096, -0.046555202937115125, 7.0, -0.7060128183443559, -0.460659937959643, -0.7387261746799264, 0.7114930506776722, 0.7424973149986265, -0.3527775689478937, -0.044363707327441326, 0.16252872823102504, 0.19231395741345114, 0.027418537371873164, -0.03121102496334438, -0.25663833868651487, 0.0645197600107199, -0.5549595263089373, -0.7426875281407883, -0.1320607529206036, -0.016299788579817287, -0.2277319855408123, 0.22276345886154547, -0.5865221864499929, -0.48807807698471384, 0.0718889870765862, 0.49313273145841574, 0.002132448268475251, -0.7834364053411415, 0.2567411599734437, -0.45640761879425473, -0.439246537107679, -0.9233917189092959, 0.1344326184415967, -0.6268772300272464, -0.38793417901149996, -0.3454802412592983, 0.6353447693578316, -0.001351938296118571, -0.15183490862409676, 0.20124412393231528, -0.04518180478671174, 0.5241645353920947, 0.13880323624908808, 0.5505023840420993, 0.1799138298046643, -0.0928756700259441, 0.09178934773435476, 0.48622208044126447, -0.0439455957253837, -0.16829654064850097, -0.07097584389673728, 0.7339216761946652, 0.19596697399916563, 0.5005782627539155, 0.8317590557364827, -0.6592917719141143, -0.3078474082053896, -0.08681778743742696, -0.31890460390980213, -0.00019203203533446622, -0.3962627183122367, -0.10523779637974817, 0.3208221600101888, -0.3808010885970098, -0.2305796753027458, 0.6269480814528923, 0.17127478166416488, 0.671978710134228, -0.6177720914357928, -0.0980325255356439, 0.4792715679443782, 0.26109962352248184, 0.5633401959927697, 0.15301068763161574, -0.11572839942034263, 0.19522762806606675, 0.0018170068801339756, 0.46442984924803543, 0.13520224490211952, 0.28836097438460007, -0.014191746711055275, 0.693697979377494, -0.7450961804464074, 0.7869832645598955, 0.07629357859631103, -0.3945977498417458, -0.3026011765580505, 0.27850236873485246, 0.06087500083918895, -0.22559734606328563, 0.5560179160181984, 0.8495866494516255, -0.31509784530561147, 0.8670756153462993, -0.5473791552943453, -0.5556734463132101, 0.36624000464995077, -0.517962021772257, -0.3757440369630668, 0.6558379087538948, 0.6613418808695934, -0.25798333688567643, -0.743074129714884, -0.11414350846983012, -0.21519316709207426, 0.37521063043718117, 0.034648115920115075, 0.22135848489192256, 0.015490754331975332, -0.048810651699769725, 0.0017371209218228767, 0.29295823562797163, 0.026495785217512058, -0.7078891200712504, -0.07984231032115663, -0.39636132239732536, -0.030944148907358526, -0.6460547881171178, 0.48679050316341965, 0.009148491312916285, -0.37745583007272643, 0.1950460309681028, -0.7421092804200344, -0.7281806712803163, -0.5207426768305088, -0.24115255874071306, -0.5448761570035446, 0.7841848748618143, 0.0562842279032949, 0.4128375921209262, 0.5978774343279256, -0.45809746709818866, 0.4470683997530571, -0.1280036624195907, -0.22924603091656026, -0.41554089743186795, 0.3629049588561646, 0.3602566055750063, -0.29549677807788854, 0.05026214878311297, -0.3833694491419134, 0.08380320495610882], [-0.39801388074565347, 0.10317044451181179, 0.32979151950641783, 0.2496725879219921, -0.31063547064394936, 0.0797137778452448, 0.353059891402721, 0.3200128991344662, -0.32730965013904556, 0.20298795094471922, -0.7060128183443559, 7.0, 0.055689716568758874, -0.6663709410682264, 0.49864261647023955, 0.1876604029123059, 0.7737893569871761, 0.6051494290482409, -0.5879271281031564, 0.39615182270022276, 0.366232965968867, -0.4811528189868215, -0.02715431168905702, -0.015486751616683447, 0.7857321599276228, -0.895723645739695, 0.24633827134426856, -0.18364762689544145, 0.25947227470896195, 0.4584121852560543, 0.25650325656780515, 0.6721628463273912, 0.12495246251550718, -0.39271281951047987, -0.3387180940588016, 0.07339746059971386, 0.26842948194636573, 0.11630727326879464, -0.2847358819783439, 0.3680244657268297, -0.3860552309459868, 0.0919535758469412, -0.24376792732672725, 0.07278679577692904, 0.1848497969848535, -0.07514464209252159, -0.633596848101596, 0.10947589100057753, -0.18128909714320152, 0.17629839650769008, 0.5943605327987587, 0.11538619311990672, 0.9303626605715469, -0.7949211333927337, 0.0365536889748439, -0.06827749580411013, -0.1276828321886948, 0.30398953703672493, -0.5833980371098841, 0.7371037745059024, -0.05943043712485341, -0.4178458345895787, 0.7283378193164078, 0.5532308380923783, 0.4107114235875231, -0.39653456770973494, -0.13691989166916352, -0.7868460921425144, -0.17615815095327114, 0.12131870973871361, -0.6496179709717078, -0.8108961757993352, 0.21143204982519093, -0.2808279852377965, 0.0677973658538551, 0.14455227853372032, -0.22625521666758697, 0.9362941863017618, -0.24292216379439946, 0.32603332772047855, 0.3510517023071478, 0.5960126486490558, -0.07805300306764928, 0.46926609302564604, 0.7701302810813679, 0.5176089139791489, 0.5984363743866181, -0.30811005064172725, -0.7454186259197358, 0.11396756998568369, -0.41705261286684026, 0.6759154979603104, -0.6815621975710525, -0.003088363373744518, 0.6878377952860946, 0.9777105151119603, 0.578220977073908, -0.07600711194446808, -0.3172395016064282, 0.5257339126078815, 0.10971921086873193, 0.0006711718244338805, 0.411298511615966, -0.46343275533625117, 0.07337109733262315, -0.0931062582543779, 0.019607131159850688, 0.31471762485379595, -0.22027749869432356, -0.5467607901561387, 0.08608042543325922, 0.3