{"N": 150, "M": 2, "c_0": [-0.13906956784999736, -0.7662056704390972, -0.22974646713211944, -0.3350982041487953, -0.1494106197006202, 0.6578864318389193, 0.3034561660367887, 0.25692386615834173, 0.026853228692687692, 0.25092902709643017, 0.45639531143716217, 0.7680949095449021, 0.3186842520149238, -0.20800459468294785, 0.019198904179381415, 0.15085649818443292, -0.8658607590846064, 0.26756689596334526, 0.10825356693145793, -0.20383729669446926, -0.38094782657647563, -0.33238744168029766, 0.7012973991272646, 0.6199339532200265, 0.11321627959091884, -0.20598670638663963, -0.6240178335940976, 0.439182000153826, 0.7533442129079346, 0.6805189560177871, 0.19398427127212914, 0.8098030381508889, 0.3870223169050151, 0.8281404213901737, -0.6030234590768357, 0.21307863309627417, -0.9185292560012621, 0.6426630603480046, 0.10000764543130303, -0.2623395736589029, -0.7939345011593071, 0.9731334780918188, 0.9880166740179515, 0.7951024161553728, -0.9767242870855586, 0.11758286892079783, 0.8550357083082076, -0.09294474594508317, -0.6368357974706038, -0.5468780456473665, 0.019728367570971628, 0.8067730108528144, -0.23856921740069392, 0.785928574120037, -0.5809799619893956, 0.25987783838180833, 0.6460133712393921, 0.5701680666385043, 0.8492902193555263, -0.7155699624643226, -0.6632957504748884, -0.3840075610958402, 0.6549304757530954, 0.9813695295941258, 0.9612798116393455, 0.9122151052372967, 0.38077236261043246, -0.9369495992685737, -0.5260511132928911, -0.4975021620203657, -0.011894596750972486, 0.055042441852575674, -0.21041875290160372, -0.23117893109031362, -0.1522170956603195, 0.9630005826356685, -0.35129216614371384, -0.39285645764748867, -0.2465812634861284, 0.9329984833967377, -0.4906869139703185, 0.197289835492241, 0.8058507954117242, 0.11712936480538927, 0.582316186188524, 0.2962806726431797, 0.5592588581051627, -0.6268979162672135, 0.8547414835694125, 0.26063414730191514, 0.5671671763866468, -0.5473769488346187, -0.45384768613931614, -0.7545762809108674, 0.1664669377311805, 0.6928313798857098, 0.6387863335887782, -0.78619757934587, 0.4809753246293751, 0.31119742795638805, 0.2821440471724963, 0.3483316940112364, 0.046257014019131626, 0.5453400744760784, 0.9067384007049994, -0.031517036731857795, -0.4740039964574414, 0.9465786414811099, -0.8256224241658481, 0.3207158918367834, 0.9087883024960415, 0.47247829907226024, -0.04867640804037077, 0.31096112932225806, 0.7678984700908889, -0.9586200085067815, -0.5219136414721017, 0.47856194138590324, 0.8872517294071702, 0.41779311155533794, -0.9187695903428958, -0.49698251271408367, 0.7809991227872672, -0.878430136290459, 0.0814671887408307, -0.5968839456605533, -0.18596641508152545, -0.5430596092545461, -0.08961523648317882, -0.7343299760537711, -0.6034519828398612, -0.1892480165630248, -0.9946877065469084, -0.361161291763066, 0.6600627481837622, 0.3204413102297994, -0.44538509921082037, -0.9842856448422421, 0.6413193868992813, -0.35525920068578976, -0.82954320609849, -0.911019546285573, -0.31431339556244065, 0.24805489393335334, -0.45121924063088015, -0.9875462861544313, 0.6602090631907986, 0.8780962309031561, -0.6732941558959584, 0.30781924586707277], "matrix_coe": [[[7.0, 0.05927503287943936, 0.8029645024529204, 0.37319992612446873, -0.7636287393262694, -0.35404742155952895, 0.013046224806867013, 0.475129636582742, 0.48866468468409097, 0.7338795768339388, -0.22028209781402797, 0.115060549725444, 0.14116602708489268, 0.4881882530061681, 0.03953846375765302, 0.662731847944201, 0.22449580919034728, 0.23089878348776782, -0.012053592866455576, -0.6870179826676837, -0.3153700621109693, -0.5025367479628078, -0.260402548900885, 0.06479228017862959, -0.07342941716222773, -0.19484940191595035, -0.38716606564453926, 0.44965609897254244, -0.919013245676941, -0.4862024644482409, 0.3000856486115584, 0.39458617866977397, 0.22929923622499082, 0.35197058810944215, -0.29273723063983514, 0.6891912434853995, -0.16114585823762106, -0.380723187078401, 0.1664120173522481, -0.21139546349239313, -0.2508867274250264, -0.7194032590935607, 0.5270111055512663, 0.7944596395726649, -0.5058091044067978, 0.17808241401835612, 0.12431311572476744, -0.045111169735050916, 0.05992033095200755, -0.3658213738583974, 0.7926894685621408, 0.21621579096907895, -0.06423531586056497, -0.7817145452751579, 0.4450369077786984, -0.5956543978367227, -0.5815460913955851, -0.015808450409417252, 0.08276990958437569, 0.04464189621122472, -0.5842629428622863, 0.36468038256411583, -0.5001546346870743, 0.1345807916968096, 0.17398658732388217, 0.785860412901294, -0.0894045407309092, 0.040726670261303166, -0.11918583491580392, 0.16018524159331982, -0.22179801508828312, -0.7020551199383472, 0.1204133472258655, 0.7358282437949648, -0.0982832103257244, -0.08979515711144315, -0.1266557305093693, 0.29678335532782407, -0.5588714962168749, -0.46012123098216695, 0.25510908782933983, -0.09311764123037314, 0.16042068237337714, 0.22077535803451287, -0.21302547358583535, 0.5757264715223465, -0.6685442471222066, 0.05006430910955251, 0.03342494007716024, 0.8551053584329371, -0.17751758641496607, -0.4179640787878077, 0.6028172199091897, 0.4648815648982716, -0.31718198973257505, -0.07458493617883566, -0.5078221025728091, 0.291347456092951, 0.4971143286560573, -0.20351444424388476, -0.046559559709457576, -0.027626237737899406, 0.44103237829049347, -0.5880136495979523, -0.12299317042250091, 0.2840708827808123, 0.1389360761573728, -0.2675336112676161, 0.6759595212374081, -0.3716774373121513, -0.6284879963655381, 0.008514101992022738, -0.4156807737501462, 0.04416670006490664, 0.39548807945702524, 0.13139990860561257, -0.3489328649158837, -0.012991101455510523, -0.431241520136204, -0.147932700076715, 0.3792113873470391, -0.3325052502020013, -0.18906371220247964, 0.25065966265093076, -0.01953548916026726, -0.1612075289975815, 0.5425503233807367, 0.24404414086151993, 0.14802637798052798, -0.20948186514163414, 0.45419343682848723, 0.6674404903794999, -0.4102149698423192, -0.24062802692265184, 0.5205441139334055, 0.38754922136221737, -0.5883952663308211, -0.6715604720595962, -0.20581030105757303, 0.36336087792687266, 0.2676493528633759, 0.35913749220899405, -0.02394471207084725, -0.06604790764092905, -0.4472215811112381, 0.28498276843562875, -0.09144669390539362, -0.24781761630701848, 0.6231147341148404, -0.6720872420489382], [0.05927503287943936, 7.0, -0.06746401900041821, -0.11603552912739501, -0.13471326109752613, 0.1539584299272574, -0.3032578502566794, 0.2229714959639666, 0.24388201401340126, -0.022583628253778576, -0.3458296015766821, 0.1311961934684578, 0.11531566696299422, -0.7085451571736565, -0.43437883893066953, -0.4720524913777975, -0.6072285824953596, 0.650675062754988, 0.49593280470157763, -0.1473396629245186, 0.034114089347605514, 0.44442757776352093, 0.34079209430421753, -0.6243045137995694, -0.08074116039410517, -0.5942936992539856, -0.5784580909037454, 0.022194452072568982, -0.16161659854505894, 0.5889692602267917, -0.004147672138724912, 0.41821102076828187, 0.5038021441397231, 0.7278017392612774, -0.565272802348078, 0.18447610427649197, -0.3312702801280919, 0.8952319791573893, 0.09302440713317228, 0.35806848331691543, 0.5537459427317977, 0.5338229202244922, 0.7438659239048362, -0.11621407857462707, -0.3708891678743912, -0.12658738510258305, 0.5077078749291357, 0.1256769892039602, 0.8972143079276322, -0.7249872723154306, -0.8409227003585128, 0.2474096922294935, 0.1875954889195799, 0.6241185334532693, -0.21774474125328125, 0.08091978330945948, -0.0758234204667374, -0.7842598808786818, -0.4686886992085215, 0.3689133556171549, -0.12964574357323166, -0.28975407499006245, -0.4695799714738821, 0.06825172146431635, -0.4982378248140231, -0.06603272033064378, -0.4906523450390057, 0.35390733744548286, -0.11263769551760916, -0.07594124635025401, -0.4183131958255496, -0.48660110049653926, 0.26452625778149175, -0.019280918714790207, 0.6517374887952647, -0.7254176363016619, -0.5055264757667178, -0.1900353503653437, -0.824601186420394, 0.43766488388953473, -0.2380423673849107, 0.2929644589268623, -0.20656983547702434, 0.3284427742308229, 0.4284979789959862, -0.12679508911114312, 0.2966687339078291, -0.02766917169491845, 0.15543299649449516, 0.5804121337179398, -0.26760821714203364, 0.6463601416730191, 0.6170157961256528, 0.2983043144515305, 0.5279859942410388, -0.08734592636277427, -0.08397946657041122, -0.22162782178935758, 0.4839239036556462, 0.2878199999132587, -0.3791596886340838, 0.008044388762886268, 0.23449278540890628, 0.17238936452984044, 0.4289879571129549, 0.14559123129183504, 0.5588211729507582, -0.7917159155888395, -0.40190423174950074, -0.26622111174514884, 0.41179438931958723, -0.35487778143911464, -0.17289250580324345, -0.13901096137573798, 0.4790042047815801, 0.34308633232518426, 0.594529035897382, -0.22020777973434635, 0.36891100797839105, -0.13892319561275968, -0.4253953062702588, 0.6550978599077506, -0.11365341790203021, 0.38454942226348, 0.05331559057909674, 0.07225238442387472, -0.4549742188209227, 0.27650773405644014, 0.17292391844279553, -0.1144291975663907, -0.1900393446383275, 0.4903036389332005, -0.059419116024869933, -0.3512992776151441, -0.4132776545717137, 0.6837896596064827, 0.6744301273862916, 0.0025101508508129644, -0.33804282491298676, 0.33228261272659765, 0.34167916935249076, 0.3607189178326775, 0.23159395254361081, 0.20428204657116833, -0.5169629327636264, -0.6548502887236392, 0.36829945786853724, 0.24958262436279854, -0.3839607536356595, -0.16210485575467615], [0.8029645024529204, -0.06746401900041821, 7.0, -0.4024588612041152, 0.9291830297879253, -0.18620129259680807, -0.3471759484722341, 0.26341817879319507, -0.028459350039576448, -0.18407312068396764, 0.34246802161119305, -0.17589791609700445, 0.6457113076287906, 0.03266879648005361, 0.296324053369597, -0.11229747677071467, 0.40641171675665566, -0.3100091541202469, -0.2906526548164521, -0.07902316015743982, 0.033865859023161526, 0.28959495904377386, 0.9178792767537454, -0.04982753726833988, 0.7701757506583433, 0.10237582576790771, -0.5094063286753557, 0.29079487356716616, 0.3648074289314549, 0.3484390042327017, 0.06808037307179027, -0.4744196862883683, -0.010933251311145531, 0.03390607665490242, 0.5238921193361339, 0.18874765806042593, -0.6512786614962552, 0.18020605538676304, -0.08248644783456616, -0.9380350825648657, 0.11216161474155939, -0.2641427986176943, 0.18093331152483438, -0.0018183846180075403, -0.17182778211564165, 0.1847026215653389, -0.2937044827620573, 0.7526237467863695, -0.38366929549371964, 0.07249865518587262, 0.06503991668671949, -0.013224630144949234, 0.6533517095836072, 0.3646828209231938, 0.05957756782974677, 0.6669557694193764, 0.4553151586566988, -0.3318936553103845, 0.6205643112078991, 0.3042785571660047, 0.35444769763202366, 0.1799696599259426, 0.1140897123102218, -0.5288583345376469, -0.5529108514837148, -0.32190230906510986, 0.10879802585838183, -0.14849454790168126, 0.4004684501161475, -0.8461660513535852, 0.06137751273377279, 0.38915344617236713, 0.8414635052199237, 0.20121355366506855, -0.2534604115903559, -0.40604649559533557, -0.06149702050689143, -0.2605959375796765, 0.19170248783452948, 0.4367924474199234, -0.6937781255894465, 0.2578859149663324, -0.8667615520754556, -0.6774043076797001, 0.45022159258257766, 0.23768945026879829, -0.11166642814146344, -0.037180792540677854, -0.4887594630296819, -0.1925507024029719, -0.4362156419589176, 0.1692587099780325, -0.13240095829602505, -0.2868892519781443, -0.32411224494800495, -0.10155328287532328, 0.1936668764765388, -0.32117260706297235, 0.41915808628458895, 0.1388351935448, -0.4669408730399097, -0.16773482885586688, -0.08271027533198849, 0.2989312651179987, 0.3870878841665637, -0.5544544728420994, -0.2803246035051442, 0.5277175870781825, 0.5426922069748512, 0.695139103700475, -0.04759434924644779, -0.1912378689040981, 0.3647124850732999, -0.24119065941808493, 0.12853869931177142, 0.666834510097956, -0.5369227468206347, -0.4339134024754787, -0.37928977184407453, -0.2644679192002314, -0.36826163408271917, 0.21236654264842247, -0.37403456174330063, -0.2675872088382232, -0.3403476379736844, -0.0597667018774537, 0.864221700289554, -0.7703901393786364, -0.2917335643955059, 0.7750055410423637, -0.2138062413888675, -0.42936009419851706, 0.37736586644859926, -0.05967899997738291, -0.29468723915821127, 0.05589597605476149, -0.06229924120918351, 0.07469735935040989, 0.019106843687054287, -0.3614017325598242, -0.3791105907567295, -0.6860726508910912, -0.2484035417984607, -0.5370534336351106, 0.41535057223505345, 0.4388620516076638, 0.05182140538561453, -0.07272099755156469, 0.3530901120028225, 0.0766749985212396], [0.37319992612446873, -0.11603552912739501, -0.4024588612041152, 7.0, -0.3984935025750269, -0.5526797644304628, 0.086870669544036, 4.402904430422794e-05, -0.7055323970730388, 0.4501089577501092, 0.7181192191299459, 0.06318336055556184, -0.1380256071860918, 0.7079429996048532, 0.24214591633307014, -0.7447019990448949, 0.25344015496072414, 0.04929282331484752, -0.4038842316805977, 0.17144064431689054, 0.5576357449069715, -0.2532476826963429, 0.38676059062784796, 0.41295964603442936, 0.28275194104036094, 0.568151226876952, -0.3477543370356867, 0.06439652874956203, -0.01868498441739519, 0.4954600692937121, -0.6500270194667221, 0.047332521826257246, -0.45942365754088355, 0.09505220065908015, -0.11627810710529263, -0.5570486734315582, -0.1857846455870683, 0.17117525651615484, 0.2181483156335573, -0.031514425409179925, -0.7274560174922922, -0.38919860645851734, -0.0871435731874195, -0.617412651927082, 0.3367343145622863, 0.2688157164402205, 0.1356246255498077, 0.29472324325726174, 0.4904746929011028, -0.23824776866561448, 0.020691726534045385, -0.1239350692326584, 0.1928976701886711, 0.42313682626844873, -0.40851295449634906, -0.321854600945667, -0.4498506135476238, -0.3920736022465757, 0.6456611354742514, -0.30933426179650636, -0.006221416244450384, 0.12270160684345921, 0.14163337174879143, 0.7038607627505846, -0.3012348169162343, 0.058261304613068665, 0.24974765907520835, -0.1379779648029248, -0.20443620866479018, 0.23734898357755219, -0.04039069379460525, 0.09483810814059312, -0.15278901765012964, -0.24853687685796277, 0.5713031616992428, 0.21381733336978437, 0.7985744242918607, 0.31034338100134007, 0.06364140207944868, -0.2206920471443854, -0.08427412425337599, 0.29591978201317515, 0.7489295013354975, -0.5838784663661318, 0.7844314196114748, 0.0037897618008777556, 0.43627438365335713, 0.4473315691371169, -0.8017823325513586, 0.9130829616326763, -0.12287860659939387, 0.20346477879067426, -0.23186463569868077, -0.5281067082596609, 0.1769377928718101, 0.056788598988572137, -0.2383907621898529, -0.1715738653230906, 0.18831843031004647, -0.12017996675312315, 0.2852107945244766, 0.43661683616154834, -0.3834856979970066, -0.010190760867186732, 0.2746856204302701, 0.29049100279833207, -0.018856029915209738, -0.5865664423451729, 0.02833900645073051, -0.14918691442903376, -0.7558396156741292, -0.431456472120312, -0.5710134829561498, -0.8114340306645348, -0.0026416290911113194, 0.3151230447084987, 0.1832391379294902, -0.7336271741613144, 0.737898801899064, -0.8298923119140332, 0.0703305211114833, 0.47141076154179173, -0.034443316749451114, -0.506507537448967, -0.02324507133515019, 0.7042065473640178, 0.17122921073979103, 0.15790879277997671, -0.13880767094409618, 0.38647524637993125, 0.5521323510163016, 0.05800565585061901, 0.2843787231043853, 0.3673041262264394, -0.49251783295893736, 0.3476579032106222, 0.2751590988230337, -0.8525937080362063, 0.5684053805118365, -0.027282325129891483, 0.07094229636823446, 0.4186872300117872, 0.36228968925222826, 0.11959681455119942, 0.025915427349119335, 0.28341736896614034, 0.2681748923322451, 0.15197440482679214, 0.5916746907266113, 0.7263503965548339], [-0.7636287393262694, -0.13471326109752613, 0.9291830297879253, -0.3984935025750269, 7.0, 0.021511170361753873, 0.19208505419168898, -0.5752740270422224, -0.25820025875880925, -0.16812984801781117, -0.07436139989401802, 0.4006803168626134, 0.5430565160382397, 0.5170959825795483, 0.7234903590424397, -0.4556200385211201, 0.5101769852194638, -0.014037087066181453, 0.31015081171572634, -0.2853432488675035, -0.26273076897156455, 0.41804637374125786, -0.13740697938176005, -0.5062839548600863, -0.5561043741278303, -0.4462975136491535, -0.3253876266721901, -0.04400575478148261, 0.7103387396356773, 0.6962720485863454, 0.09799922851632314, -0.2693031804387739, 0.5475653030505547, 0.22515469540927935, -0.5543493567409228, 0.07150744434867651, 0.2687798982552678, 0.39393962550675177, -0.42199282689595363, -0.041422073022853056, 0.05041646578610348, 0.8050699573437154, 0.06270813688140287, 0.053026851430510114, -0.16689331957518405, -0.13113325839112844, -0.9409340518232819, 0.14241727198013354, 0.01592650415579766, 0.7616640017110374, -0.22414219373760913, 0.74689648290531, 0.2832233165126692, 0.06271279705092292, 0.10537909024592751, 0.010526169118817652, -0.11426836649636762, -0.04721295658267344, 0.1411907601668454, -0.833659752835686, -0.021979845454092928, 0.12454184305506888, -0.8309567179675887, -0.8420107602662884, -0.1843723620703468, 0.22712028679501994, -0.6645013246066221, 0.27613527272959404, 0.5274141337288984, 0.17890550637511193, 0.7318262244946465, -0.26700707775340915, 0.18219943491761015, -0.4951805807730262, 0.6743079277933877, 0.5838488736950134, -0.6451308548881654, 0.002027759568035581, -0.5787476499930065, 0.2398021448013461, -0.22275840286399995, 0.0423351360580817, 0.449915166916123, 0.18307657661202303, -0.2894543590760825, 0.49267402129902615, -0.20307842456936254, 0.2104705654816077, 0.36459398824340195, -0.1133291839440459, 0.29491534049352897, -0.42054155362114365, 0.13355326737514828, 0.05259645470690866, -0.3709019758136429, 0.6371256971178663, -0.28908364438141076, 0.04497394110720965, -0.12912621497640175, 0.3696517178132206, 0.7540007569969522, 0.2949837004068385, -0.26172329915392356, 0.7067188471062247, 0.8629772319919238, -0.4220440864205264, 0.5386550492134572, -0.31127786217846654, 0.8618635465886131, -0.03336810145519509, 0.06936753353614589, 0.41401998690036446, -0.21055476879632917, -0.10942251095439826, -0.35188717929339197, -0.023451202148737416, 0.9125603514609528, 0.04301014295088379, 0.09358340147598687, 0.01864867437543949, 0.712953951387906, 0.0842081587158634, -0.2705064485394435, -0.6297018389395681, 0.07064224633620952, 0.6599674629009171, -0.07015044033080409, -0.568277178906448, -0.8323146940993839, 0.45326058964116744, 0.2114183311926925, 0.5768721159756685, -0.15385827712561362, 0.026839317596407897, 0.29214189495546816, 0.011473353576546774, -0.03260462528589603, -0.14086234971569733, -0.8506681565205674, 0.5873693311007195, 0.5182236930749877, 0.35568105599987265, 0.1135118406006308, 0.45533745156156247, -0.17161199626945267, -0.47565935906693746, 0.7066626897932897, 0.48080106869057726, -0.16551718003825067, -0.0676174470310299], [-0.35404742155952895, 0.1539584299272574, -0.18620129259680807, -0.5526797644304628, 0.021511170361753873, 7.0, 0.04075580281999147, -0.011805749580865776, -0.24103070934219262, 0.41918185830853094, -0.5952523545367564, 0.17432782042959172, -0.026179031663154828, -0.8306838349580464, 0.011716411606655708, -0.39716130780029113, 0.2347658011303606, 0.1377447199405446, -0.5965441514539447, 0.05455439628104708, 0.5137613897270166, -0.24855133080853797, -0.5594597704164784, -0.3498338216738628, -0.38769983171493894, -0.3303289136171049, -0.18789178432852793, -0.18926633710440632, 0.2958280719630153, 0.8725506339514615, -0.608831260965922, 0.6667301058810495, 0.0864439523239402, 0.2846418054782325, -0.46991335683535307, -0.42830073661874923, -0.6668419103773496, -0.25890587487685035, -0.31290478089272356, -0.453681417914813, -0.01870404225554856, -0.16391445432467933, 0.2938493418646315, 0.38867914954084704, -0.02424516459415016, -0.19831340911238293, 0.1455374077051046, 0.8285569851888968, 0.5837120835801459, 0.03417403391181839, 0.6585966933423335, 0.40907312990670563, -0.24669907268870706, 0.11934321556464567, 0.3739374636751174, 0.16425541580763015, -0.7570851385383439, -0.6835826190320449, 0.5411673775235197, 0.5997629263724151, 0.011028017008735791, -0.4272305350301082, 0.31065663576922886, -0.45524505989291, -0.46807915886323503, 0.5565888670255097, 0.15572333383910864, 0.37615977588249505, 0.3145170621699078, 0.6967968476878252, 0.5613000547678026, -0.6160853733599069, -0.3699427210381745, -0.17164410911091876, -0.4924326748528878, -0.6167219872369512, 0.0430781601623651, -0.8917478499290806, 0.40950403287960624, -0.6728148017760254, -0.2124073670167177, 0.11441084323206896, -0.04904733886504464, -0.5917060938355337, 0.8100718246324856, 0.15024620704164526, 0.15430116162604257, -0.7290981269020912, -0.3520939654988663, 0.2644475644780657, 0.22886388587328832, 0.17056513511059723, -0.12585206061818677, -0.5904894439085443, 0.6039544837397179, 0.24586517364993155, -0.08029777107012437, -0.12052188692776533, 0.021279756943248573, 0.6074692147127805, 0.19316343126773106, -0.20084816576951925, 0.7728188065422221, 0.13663695808279464, -0.11432173307597793, -0.6334108990969456, 0.16454301014421868, 0.5725851828211748, 0.09341158752214529, -0.5835635066545753, -0.5371320004108242, 0.41854882022617357, -0.12037361539214797, 0.12738196669685742, 0.7044429438933244, 0.20446325687262656, -0.5714366051392623, -0.3559117201041271, -0.007572303184634532, 0.12097934269083699, 0.009099054011945995, 0.11088201845201118, 0.16863152319149366, 0.2228637998196592, -0.0883767431610415, -0.5027100754078112, -0.04139386930374611, -0.02225490449102796, -0.20183287258281235, -0.08092941705339463, -0.00048357628134865216, -0.8018183015584041, -0.18086628145883066, 0.3919982815234402, 0.3039369146680091, -0.49240770225547337, -0.4545061093151106, -0.1638829614096935, -0.14655343246289265, 0.2515512765610506, 0.05851694310053368, -0.4222053550551341, -0.26289555651051844, -0.13351474180250644, 0.43144602107640306, -0.1634533251710215, 0.1566703041982671, -0.169824803575781, -0.5631672023959394, -0.27764960214045065], [0.013046224806867013, -0.3032578502566794, -0.3471759484722341, 0.086870669544036, 0.19208505419168898, 0.04075580281999147, 7.0, -0.6406438774264704, 0.18377821194946842, 0.46644064213723313, -0.4702688278242362, 0.1354641144068418, -0.0018539797063453767, -0.6463759011063293, 0.3113425692903429, -0.355753382838786, -0.1987905886410788, -0.113828375028044, -0.8158851048552015, -0.38126166243415627, -0.8135633913537257, -0.009092629024362475, 0.3950050476573499, -0.2893746364679718, -0.6777816917651914, -0.20390185157714202, -0.2759933340238495, 0.18723412735810663, 0.03618874112342674, -0.0022955131701259957, -0.4114676279351178, -0.3025728201861805, -0.2998790603667304, 0.2295139232010368, 0.014962367357924222, -0.7510271461108544, 0.22350443004378784, -0.2787447451264844, -0.08981937967925646, -0.7694769111272659, -0.43961198486121134, -0.36913545585621954, -0.5829009532995665, -0.10835129350295547, -0.021287196841228706, 0.05102628589851843, 0.020661426996556154, 0.011179239469681024, -0.18838141317106127, -0.266227386711152, 0.6915520213016995, 0.7620872192052759, -0.27391119873693204, -0.7247962777265349, 0.7155738658593869, 0.15783225060780914, 0.0016574693691961961, 0.06573457588024123, 0.0031718458362894886, -0.4803684751871987, -0.2556191759137624, 0.2193305830244281, -0.5657758985345881, -0.6392686204830397, 0.32254857440219764, -0.29651774428082034, 0.10632408946705962, 0.024685055706989978, 0.5661235061389969, 0.8071810734354785, -0.49078357238572556, -0.474762104401632, 0.16507413969474038, -0.4604420422026331, 0.06755772628491452, 0.45928346982465595, -0.3846775857653607, -0.322818720921095, 0.07064477027712579, -0.20242242877467476, 0.830993367501708, -0.03564066299129187, 0.2874442705172686, 0.7668743074433546, 0.37548479004312796, 0.06165655227293643, 0.09815450383344437, 0.35712699612453225, 0.20882956244651263, -0.09197147800817151, -0.29656479301356886, -0.5326937787928135, 0.19078483930659318, 0.47786083214452457, 0.010017754008082136, -0.16896930814430633, -0.03266678247764643, 0.5566549686715652, -0.6081397419382054, 0.3021819551840459, -0.08638165146786114, 0.7132035578377836, 0.5831577163697372, 0.04341832430867276, 0.14554980184911148, -0.460599523628485, -0.2542456666040521, -0.14452811986244463, -0.7662388737378308, -0.594269100568557, 0.07447834226062566, -0.020663280303325204, 0.32383889999478477, 0.24322025362176536, -0.21163979452194293, 0.22581470369430967, 0.14254188882072327, -0.08941104179341364, 0.477918611218505, 0.09700096369702393, -0.2233660943645871, -0.004282132307398379, -0.5009524672352778, -0.19670611478834266, 0.11841342224284324, 0.7617231082920621, 0.32566280610428633, 0.2461522222496324, 0.03897478585941938, 0.41058815791161596, -0.17016101122135074, -0.5147617189559986, -0.7157303938627513, 0.1622413192331209, -0.5183262867887322, -0.07816853298966098, -0.15968991395082066, -0.15514597321146006, -0.35644975516305066, 0.5256335093231459, 0.22981503583932028, -0.24081804134739881, 0.22309121404080012, -0.21183219122772678, 0.5263876619456003, 0.12369357447605189, 0.11181774454288762, 0.2946442334462347, -0.5567388462727596, -0.5039124199683365], [0.475129636582742, 0.2229714959639666, 0.26341817879319507, 4.402904430422794e-05, -0.5752740270422224, -0.011805749580865776, -0.6406438774264704, 7.0, 0.1953015298671139, -0.44038367621301544, -0.06405002507382795, -0.5645969655399632, 0.5028062531386612, 0.7212259200017819, -0.7913591004461937, 0.5550252660457118, -0.5986426126371228, 0.719333777726253, -0.11671451131196986, 0.13737023603455567, 0.030219690858179105, -0.7492673622721557, -0.08675543202755209, -0.10611090801747147, 0.6613557980850104, -0.5312682310425715, 0.40402398810332185, -0.49420511283042434, -0.45246066338307056, -0.2730053638258896, 0.04236102369881056, 0.6249669760086505, -0.36644412897515766, 0.09886185466656983, 0.3691054359494874, 0.25148219565707985, 0.04478181720905905, 0.8775140527552017, -0.2673193622761255, -0.30791651131886455, -0.27805620349581184, 0.48497348548163854, -0.005731258817934792, 0.19716825317168896, 0.4534380739094992, -0.36311108977825224, 0.5129949613721534, -0.05311184250887646, 0.8136160119881883, -0.7268333315094775, -0.4201965260964876, 0.12475610787116853, 0.0667880942680108, 0.5900395834705345, 0.4215295317770129, 0.6286893196052947, 0.33650370847579447, 0.8362441204484763, -0.03828497416065768, -0.13006004138479932, 0.5013665422788909, -0.7483142690937943, 0.4999885512003517, -0.6241269671564883, 0.05816707778385011, -0.22452345056192546, -0.06348241725863035, 0.1769464173630073, 0.6476098333428779, -0.38360247169153416, 0.018916667306573487, 0.21348113047329376, 0.11795792892944723, 0.3479514188203461, 0.25387473381772585, -0.17008170291380798, -0.22237805968468072, -0.2232969508421936, -0.026304775558385063, -0.2762934954733597, 0.3063862471590997, 0.43095782016272155, -0.05046981380904225, 0.3312517946258189, -0.836501911235273, 0.20096074582337442, -0.6423695344010953, 0.30108684170411104, 0.043229914715001705, -0.00860466512156366, -0.34198947075353603, -0.37652428047342035, 0.479539061023329, 0.6813491361727775, -0.00039706908792447315, -0.22160082485558708, 0.2727367980360813, -0.06390237352466033, -0.037999341046553003, 0.05451156286829795, -0.4302961356158066, -0.06826462318580417, -0.09345526577133445, 0.345546192725809, -0.055134485538747224, 0.1850334122719186, 0.0689320981037902, 0.045059259025434395, 0.08775633380264392, 0.1892494639200062, 0.07263717786313628, -0.3561473878847373, 0.5880208781498486, 0.6889544367411722, 0.05534485575490722, 0.04549801057987901, 0.4041013787861534, -0.5204204430694627, 0.013797279912415306, -0.8599990006745349, -0.4823966669496347, 0.3585359519944067, 0.3054373824656056, 0.2838859804759488, 0.0007127150434289575, 0.2406113699115382, 0.12913578039663753, 0.31367463018489494, 0.5654856563943729, 0.3855360255959779, 0.1836568592622032, -0.18785525319470164, -0.20269610848332786, -0.025972543722406205, 0.7084167641460697, -0.20978280444558095, -0.4360461307329011, 0.14090102472640398, -0.31387156036538844, 0.3913692103710684, 0.12221673381145459, -0.1727632765753685, -0.12459276873518976, 0.18066077052170648, 0.8759258988688368, -0.4991294308552304, -0.7728963724410659, 0.02397158803279087, 0.02523981545015319, 0.4462309429717335], [0.48866468468409097, 0.24388201401340126, -0.028459350039576448, -0.7055323970730388, -0.25820025875880925, -0.24103070934219262, 0.18377821194946842, 0.1953015298671139, 7.0, -0.5490896101954816, -0.5445673255239515, 0.22083053574572853, 0.42253527334561714, 0.7459213809817675, 0.03721005629447305, 0.07521858259404546, -0.23630796541240395, -0.6426078050780112, -0.28280471105017235, -0.20582816454138986, 0.5172479090045012, -0.2751997363691072, 0.5839317509697421, 0.34588856954318636, -0.0960139049357005, 0.1684075357696453, 0.42311313895873504, 0.2054036032045854, -0.08708911497109917, -0.18800479178891405, -0.04737948837754391, -0.14406277435050185, -0.481305691707292, 0.5539125534046838, -0.3453335960805183, 0.083751977397716, -0.1836215254352871, 0.030412183752498212, 0.289919458705727, -0.7814846365616483, 0.7833538131303834, -0.40666452863094493, 0.22925930989924104, 0.2345441824831378, -0.4777244231079625, 0.12807518321633138, 0.1554865648986672, 0.04790491767095517, -0.2939662708058607, 0.4610572276813767, -0.31781659321668254, 0.5896784067994367, 0.1823518989617745, 0.9650494266131515, 0.3039845408747781, -0.3176710845881835, 0.31724410547831283, -0.2815254715054867, -0.24917191143897177, -0.16609512731574305, 0.36993405349446573, 0.6796838987010434, -0.06084020021372161, -0.5233350240107171, 0.6386886246674726, 0.4821229312956343, -0.03819621697914577, 0.022531143138784016, -0.1903814026674583, -0.5653893092274821, 0.1899721212993839, -0.40199998991079755, 0.0369097899102222, 0.21532502665005282, -0.20000047345641958, -0.20183333520875057, -0.0861351009940865, 0.27940905966703466, 0.7427929797733441, 0.46470607655385354, -0.09611442653974622, -0.26461634462406347, 0.10757849521247076, 0.24564751654442185, -0.6512049384782688, -0.3578548239366306, -0.047021116493828896, -0.6965737462934143, -0.45120189304043135, -0.02387345280399311, -0.45219711844090427, -0.16934691432421012, -0.04448548319463996, -0.6088837347184912, 0.10236659219406352, -0.16849203232735033, -0.3838012572096775, -0.25750616091383116, -0.15111512185795184, 0.14827744307193091, -0.24260355762078434, 0.14857139888896986, 0.07265961727838643, 0.015227153852636732, 0.0333323979627842, 0.1972802419170525, 0.35041930670480803, 0.2710234689234712, 0.7731534982575843, 0.6216422793304364, 0.15854073882042652, -0.7754286713178821, -0.2747791659772948, 0.7264225244315636, -0.4218351143054395, 0.7670468154782097, 0.16300372520713502, 0.3561895496850258, -0.4825083564360617, 0.7260311032679043, -0.15209629787325518, 0.1095938615649632, -0.6034734379379714, -0.00826059493274367, 0.1272438192728873, -0.10449529650036515, -0.12064592548070763, 0.17856919998698784, -0.045873419834171814, 0.11277174190506356, -0.1349424920077943, -0.0038780537061647857, 0.6264305251293527, -0.21320922647642204, -0.15978671554417778, -0.22265541386977572, 0.050971873846713533, -0.25612316157283344, -0.60827011930884, -0.9444307012407351, -0.27895630608262956, -0.2847190242536448, 0.061226104678759885, -0.1369806122788716, 0.49699262808136346, -0.6338974267732501, -0.7498391892298715, 0.42282715231332046, 0.2722351605377604, 0.08993417537786863], [0.7338795768339388, -0.022583628253778576, -0.18407312068396764, 0.4501089577501092, -0.16812984801781117, 0.41918185830853094, 0.46644064213723313, -0.44038367621301544, -0.5490896101954816, 7.0, -0.3510619760368938, 0.11561661854889094, 0.6456968929609972, 0.49218363816181787, -0.11950116225303742, 0.6592095291344529, 0.047376403173440274, 0.24808282182341723, -0.21424572192353253, -0.9211267628535103, -0.35615406214186196, 0.09787202929679828, -0.49408402111352756, -0.4358408379304739, 0.08197248824336523, 0.21355366130226416, -0.5198910554136875, 0.4834104554566523, -0.31295088524869874, -0.04471881043308379, 0.1888077681924787, 0.8142490253919714, 0.17649373722207162, 0.013926546180450083, 0.22479710531852826, 0.23771293122095272, 0.6434174084462987, 0.2001156451313486, -0.8655315195988653, -0.42083947602067207, -0.44709290641562793, 0.22368858458907015, 0.1771517898464281, 0.6187955098604363, -0.4135600458954627, -0.6623737999249476, -0.5950591241949671, -0.33519500601442465, 0.10606974641676215, -0.16326193874154182, 0.14634891568595032, -0.3920225857625519, -0.282427948133843, 0.09010957352033455, 0.1753738842307222, -0.32788389445442323, 0.3895728641877052, -0.08854393198434585, 0.3414325870749906, -0.16373549683218802, -0.5557798895353038, 0.7413360278944325, -0.45201195314585096, 0.6025543805458611, -0.6291517141427079, -0.1250901465590103, -0.13940430554458183, 0.12480125447113344, 0.08036344230452608, -0.24785615901565894, 0.5603169452406616, 0.3441074841421825, -0.16660708447622097, 0.4410392059059598, -0.14180666728191138, -0.057240827695848484, -0.5650985310915617, 0.5100071120791139, 0.6122676759623404, 0.17392334329975379, -0.9249442146694039, -0.623970739077096, 0.11242185519035752, -0.053519277014455136, -0.08771367201005986, 0.4810894379646913, 0.3538192346944464, 0.0005820462121681746, -0.6398031298727109, -0.07396927608414838, 0.0627137252844232, 0.25333959012561347, -0.5339811709048841, 0.5860805848301212, -0.022424716711920256, 0.11488948082553163, 0.3307111479266389, 0.5738390662905948, -0.19898223894517963, 0.34826015248246556, 0.06465498471900899, 0.3200661460572962, 0.740489690442925, 0.27816868815649487, 0.5136816491339582, -0.4551483728775372, -0.13701657086764418, -0.28756378665740434, 0.4016130768039732, -0.5721691347171187, -0.7042236361297135, -0.20745667424077052, -0.1450518268725295, -0.40102456543171094, 0.46369366212364715, 0.07954201297479524, 0.4573853836432942, -0.09824618206983549, -0.263040360432815, 0.5493724103368338, 0.3078787479043239, 0.6328774333942584, -0.7167074765333513, 0.11589754695326238, 0.07153275711391327, 0.048257915851730226, -0.1541259618373556, 0.9557154607566316, -0.21996688219392369, -0.5913448207356462, -0.16216084247964146, 0.02352997740312257, 0.18380934026743834, 0.051049112216486225, -0.2978830559999417, -0.7290637446161778, -0.32103194804466473, 0.22863834571946295, -0.16376567470256242, -0.3007916067602042, -0.738128091886187, -0.5542110679297271, 0.20690725632327234, 0.3793390177743525, -0.10486576739439668, 0.4008808182041137, 0.4187895339259946, -0.8427717240351573, -0.346475938924655, -0.43634816195169057], [-0.22028209781402797, -0.3458296015766821, 0.34246802161119305, 0.7181192191299459, -0.07436139989401802, -0.5952523545367564, -0.4702688278242362, -0.06405002507382795, -0.5445673255239515, -0.3510619760368938, 7.0, -0.2271058839161969, -0.10681883961503202, 0.7746852257738355, -0.1207727695469828, 0.060660377310735925, 0.11370995523997851, -0.9067206758570462, -0.07528938929508555, 0.8013704304692673, -0.0768285675999868, 0.26008851234430175, 0.6208566220982645, 0.11756619842079363, -0.19355576553202736, -0.43728950871372496, 0.5666915338975431, 0.5112524396693876, 0.594660305986888, 0.34065763515940284, -0.482741208152233, 0.2054181013012062, 0.7341750622212839, 0.21253471693936898, -0.05631972064281421, -0.030062434856107823, -0.067628372233283, 0.2694258002721246, -0.7512980144758261, -0.04412853473268219, 0.09181462160770648, -0.03780074676879552, -0.6089912775755966, -0.3069723938385833, 0.06132634973310669, -0.6670886176904627, 0.7927872223803685, 0.19242947398711463, 0.21012467751613273, 0.8228293144001158, -0.4115067651336175, 0.41120686781316174, 0.04783457157940951, 0.4388174872977211, -0.43768496896477416, 0.8320796547578939, 0.20493933877927528, 0.5121606620956134, -0.07511427791410952, -0.3055917539644174, -0.5674309483222197, -0.04510418013250417, -0.8660596561377725, 0.1942757045167003, 0.487266787022856, 0.07264174108072785, -0.3782687578379552, 0.7438749828044411, -0.026826973389401765, -0.2548212072573124, -0.39048427164590116, -0.17726391616635695, -0.6137283514027241, -0.5244303186783436, 0.46896899059092156, -0.04652109774604096, 0.7394115450488403, 0.07133428290167299, -0.4423959808803035, -0.048513633729396544, -0.27364800722744, -0.8726564507222956, -0.031067814026016882, -0.6973229699917541, -0.7664462183182476, 0.3939788616158659, -0.10291165423729165, 0.2567778802568932, -0.2584003266997442, -0.40254274450362215, 0.12441732061084698, 0.5030942161057412, -0.5008293145889746, -0.5562618052847056, -0.24993560695030836, -0.008503140574903978, -0.08036531946670733, 0.606910753923755, -0.036206592496973666, 0.48135387815155406, -0.08736417933290874, -0.31856574800612625, 0.4072800104725216, 0.10689909890532867, 0.6194882010197711, 0.29488634281987136, 0.2707077277138059, 0.2379756183907018, -0.7208033247849176, 0.4154717064687097, 0.038772043355404184, 0.23625512110636393, -0.06951964443203806, 0.6014482058614936, -0.6993080743323927, 0.0991424595756456, -0.37100105889273804, -0.5220756298094655, 0.5147583676089846, -0.0362805728718798, 0.16948940421396919, 0.47623103151230994, 0.42792012907356813, 0.0317293740925253, 0.376812219464318, 0.589376153945607, -0.056899549624242485, 0.46722391285808373, 0.8193318068191426, 0.37078673817161256, 0.8671794119899532, 0.44750746102843064, -0.5738033366580942, -0.23545045104287277, -0.5680382352874991, 0.8059444330843282, -0.20734265287427167, -0.36167178879080886, -0.15679569823868955, 0.3900397667025821, 0.5353310746659328, 0.05310359718368707, 0.6694196313070357, -0.037813256329038314, -0.20256895266012598, -0.24375443611904757, -0.051935488929301554, -0.2790606656678255, 0.23292874304336442, -0.3527919853241226], [0.115060549725444, 0.1311961934684578, -0.17589791609700445, 0.06318336055556184, 0.4006803168626134, 0.17432782042959172, 0.1354641144068418, -0.5645969655399632, 0.22083053574572853, 0.11561661854889094, -0.2271058839161969, 7.0, 0.6041367505633177, 0.37507512727119474, -0.08648539973540648, -0.8323547367080273, -0.2142467374388165, -0.03377902060823146, 0.05101296421244195, 0.2439698487916031, -0.31062447619850797, 0.5033620230547826, 0.22281615946804378, -0.2188161054026262, 0.11679913088649108, -0.3343254934978135, -0.23047051625616133, 0.8459906826561392, -0.524935815714771, 0.2977284555463955, 0.42771753304629345, -0.16706908815157961, -0.6643899438030769, 0.03950054779144052, 0.49561034586529074, 0.11496715981567629, -0.07183945603305675, -0.5006738555113066, -0.8369484944560766, -0.5335142040267992, -0.4726136875242406, -0.007190434841363724, -0.3589004366591889, 0.20881837768473588, 0.7386087654727191, -0.4070090619225345, -0.017883481817338454, -0.46254382578294373, 0.032608489518538786, -0.09197548853724125, 0.03589347951645716, 0.22113357464613248, 0.3903475532723504, 0.7485815905821314, 0.7073193602828796, 0.031414816055474803, -0.12285080641883128, 0.6868473502181569, -0.13468962059357736, 0.7091489605087018, -0.33084094959419696, -0.42365350861787066, -0.33274042630018497, 0.030001701876154252, -0.31073894990269413, 0.5309655464359115, 0.5086363261704996, -0.6157439128683116, -0.030089221834557422, 0.9623077962748874, -0.3711510539162146, 0.26947188950141876, -0.4931102985399558, -0.3365235022264995, 0.4128239919659913, -0.4548259182198431, 0.7553719546637259, 0.3737761328060849, -0.05179984713500574, 0.40938968150409494, 0.22650577458893117, -0.08307351444753386, 0.434246243788591, -0.15859345570845895, 0.5264943433869846, -0.3906391816491064, 0.0525390994597168, 0.10637994793974448, 0.613027119579046, -0.6977628985336372, -0.35362525805386424, 0.19285435338570212, 0.04191253302759024, 0.6540147378979402, -0.06249401990833803, 0.2949123536789897, 0.0778818256646252, -0.5251469233303512, -0.02905666539781615, 0.06580595118423371, -0.3475761461290682, -0.20508277987005552, 0.5980351852947932, -0.3050276055165648, 0.0635787250864035, 0.3408262994101219, -0.19176081786033994, 0.6877899432070631, -0.07321559089820762, 0.012270254989291018, 0.523