{"N": 50, "M": 1, "c_0": [-0.31904059079858094, 0.30904995433923066, -0.38962983304376664, 0.526455355920002, 0.6958053433035265, -0.9042142599499712, -0.7929573636347786, -0.016736584158898893, 0.3602410333428252, -0.13818307280901365, 0.8986700693025822, 0.5949643349269524, 0.9425803792503376, 0.13465695657487253, 0.47651779150428974, 0.921390764443984, -0.6651138431789911, -0.4241272080865637, -0.037357993118471544, 0.06040407064380493, 0.49371789676229993, -0.041390952617789134, -0.6996982343000162, 0.7089062105086714, -0.578020913879596, 0.3052720265623865, -0.5076629336986573, -0.22934320229422167, 0.26065881642733757, -0.3680923838979995, -0.3634424609935969, 0.7990236476125883, 0.9885172107383053, 0.3765684625807011, -0.22415418441863233, -0.687175070469586, 0.8819319744387255, -0.4566737490946835, -0.45454172101584356, 0.7637101904454004, -0.7891390869863213, -0.5344989147030692, 0.42049907851591795, 0.30924970582066047, -0.24897992296014415, 0.4310072531954543, 0.6417165189632801, -0.8710886094646129, -0.7152784298028116, -0.7157235878779131], "matrix_coe": [[[7.0, -0.04587581739992197, -0.4586594794658574, 0.68539504151738, 0.0666354021424369, 0.5168997219308245, 0.09834939635703499, -0.4687838257946171, -0.0831018021572082, -0.2791899584523345, 0.3786641912292237, 0.1112577059186235, 0.016967640543973816, 0.007475887574785345, -0.8850825453102158, -0.24305013841493017, 0.5400263861912384, 0.22231645363079577, -0.569081285028218, 0.49606524138018004, 0.3558507064606333, -0.2349784727836003, 0.07735537190409936, -0.07523818607840527, -0.5908631302798467, -0.32454200822663803, -0.8800785836743361, 0.21449310934396304, -0.06359079804723888, 0.39863023040432166, 0.05488668789905038, -0.2618758579417795, -0.1782467040584219, -0.07540457525075872, 0.49853703212184186, -0.38432044163666546, 0.6359395434136674, -0.023578182741783138, 0.37178606314576124, -0.22297841289204934, 0.5658019718021778, 0.31878681391363584, 0.3712620556507449, 0.0902950539910794, -0.419420574387258, -0.6123014218333286, -0.48448094989613055, 0.3362376014933939, 0.408891395536356, -0.5611345048429822], [-0.04587581739992197, 7.0, 0.16586141538431098, -0.17371535657181592, 0.2550744104507312, 0.7136274646011174, -0.29250093476412187, 0.06065445078249865, 0.48262550929663117, 0.6971286463213593, 0.2696504702670044, -0.3571586835729682, 0.7766861890087786, 0.09415474515896771, -0.6297918676719734, -0.2626643610089757, 0.7776689600120463, 0.5715452868026072, -0.3759941133804501, -0.5342742149483537, 0.180555998721867, -0.06426827604295593, -0.022617882321089078, -0.3474323254894581, -0.47006346140597, -0.022217398910025055, -0.2280052622539136, -0.38483704715110867, 0.28170858347634686, 0.24456036152092686, 0.707852626158403, -0.21695939901219508, -0.3759384352465607, 0.1724667364147654, -0.1635400923709187, 0.5182573285870806, 0.167444432746648, 0.15397234659760772, -0.6785668191480491, 0.35077253359803295, -0.4967339141991678, -0.3423617359328016, -0.2181443401873533, -0.6327717205575123, 0.2375885910528841, 0.8348258311319863, -0.4438617679510817, -0.11895941690383804, -0.0464778662592602, 0.605724046309146], [-0.4586594794658574, 0.16586141538431098, 7.0, -0.060074413881943345, -0.13352087340829955, 0.14108943344931646, 0.61148988876525, 0.3316050879701693, 0.6998880829866256, -0.13114939346490362, 0.2364133986299768, -0.2795425973132375, -0.4620850169457368, -0.416323501181182, -0.046146682413731765, -0.5083528696857066, -0.39512416843503595, -0.19136716971625511, 0.09997240812528885, -0.3235098952005424, -0.44074879597143846, 0.14868951526422114, -0.15958313455813555, -0.18106940492147716, -0.08290354708681658, 0.4017038690462278, 0.19199380975999647, -0.3973068225630162, -0.47789674163840623, -0.5267030731054905, 0.00874874437694606, -0.35046481424662634, -0.16717336129799354, 0.6459944118580492, 0.6289681414433306, 0.1594736433475974, 0.13579636922091565, 0.1875577028930806, -0.035073494776862946, 0.1256942983343552, 0.09541643133468769, -0.5061932976737957, 0.25943031892032664, -0.5873100990760441, 0.7439006749315964, -0.6664525441171602, -0.017904410960021266, -0.09747756577078381, 0.03887596278563077, 0.14161070638396023], [0.68539504151738, -0.17371535657181592, -0.060074413881943345, 7.0, -0.22104848015363032, 0.756791437415429, 0.47193235945433476, -0.5081675253212571, 0.04352140462346776, -0.025667277468291894, 0.8272180462418635, 0.053751620757648944, -0.24990674436251326, 0.10782476237004257, -0.0570787910755044, -0.5645091766742132, -0.6267034171637357, -0.1369630802960794, -0.20399014944571303, -0.2464755340912852, -0.5303669017187713, 0.36279220257808187, 0.1302159811709105, 0.15584465800618874, 0.06726007026177783, 0.2613525623139974, -0.5046517379551289, 0.0015997045582205605, 0.6944196132651625, -0.2989744750754496, 0.6381201697605068, -0.07153656952177567, 0.1626183313910321, -0.5200275946352952, -0.5749967052718996, 0.8577450729588343, -0.7457346685782396, -0.27794632158086263, 0.3689706494272267, 0.44977854907787584, -0.22688988049545544, 0.40904971713285887, 0.28598988692840277, -0.06730233020568721, 0.51750782581455, 0.764236473844816, 0.10729209448463717, -0.7646419520382318, -0.9402240845457014, -0.288854016907363], [0.0666354021424369, 0.2550744104507312, -0.13352087340829955, -0.22104848015363032, 7.0, -0.5925599578614764, -0.04294559508381335, 0.14069513804930578, -0.3055895739914949, 0.13278009084951892, 0.021542127846155168, 0.03308192021277101, -0.09905734158840729, -0.7366729088863144, 0.06678318278149753, -0.13938913760920768, -0.5562631286139652, 0.05979208713933959, 0.18076033241591483, 0.0648363970547936, -0.1559894435523559, 0.3913167115323688, -0.1396412340281784, -0.004386626490799017, -0.20075472232616143, 0.32201726051925506, -0.1775551541497996, 0.8115066966122297, -0.4781629924046322, -0.20768539133220665, 0.46381284765932373, 0.383332219833296, 0.5017062198745565, -0.07326035030856837, -0.08539415124204874, -0.3231018022288116, -0.10710399180948571, 0.020248599660268596, 0.4144670663915573, -0.19863950998881563, 0.04945785714772111, -0.16133737399970038, -0.5709922455705657, -0.6639624301269832, -0.320406254220142, 0.015403396727810215, -0.10223133134843998, 0.6092989255755636, -0.03526950439208332, 0.44199310329739605], [0.5168997219308245, 0.7136274646011174, 0.14108943344931646, 0.756791437415429, -0.5925599578614764, 7.0, -0.6280760935989204, 0.3037066924075593, -0.8320464272298037, -0.37691545384084624, 0.6144763874282138, 0.3411140896133764, 0.09424943619794934, 0.47586872864145935, -0.9595350360055641, 0.315090389513466, 0.20992532272822206, 0.32161637715259483, 0.4193539979194383, 0.3755343937922426, 0.4631975802258035, 0.164191663051368, 0.5548961432104065, -0.3280084301145626, 0.2869765164008471, -0.8243498203965088, 0.619228453583972, -0.08745602976611899, -0.3785513788855426, -0.22190371769539197, 0.585377266242114, -0.08448365856423867, -0.2505641866144319, 0.6745844941996963, -0.3443239875496432, -0.33365050862027257, -0.059170043835513275, 0.15858989854649685, -0.43182607221901037, 0.41953990341808756, 0.007912801641567047, 0.016869611401346685, -0.25582668827131816, -0.5037597902762312, 0.10819762095394725, 0.007635247793434274, 0.6577286859557296, 0.048402350358739854, 0.5193516870351722, -0.05153069076678041], [0.09834939635703499, -0.29250093476412187, 0.61148988876525, 0.47193235945433476, -0.04294559508381335, -0.6280760935989204, 7.0, -0.5534806419542053, 0.6284979866859437, 0.1030143841943878, 0.1811194163951484, -0.3983946307688706, -0.38822720189612914, 0.5376313121231915, -0.1379827787040332, 0.6343417323435756, 0.06204187310828524, 0.5359011709855408, 0.12786019424801198, 0.36637437214506097, 0.02269204164511951, -0.6851428733099185, 0.2906755461032433, 0.09183568144431531, -0.15895230356376078, -0.25910156820630614, -0.25703692365641795, 0.8116312081470709, 0.11085449684351856, 0.016786538064447187, 0.23745069914040728, 0.336521077743102, 0.29531186771154694, 0.22660174987695947, -0.13222439977715217, 0.8097263854920791, -0.4190032084781219, -0.45188366201766106, -0.3810729904421958, 0.7255611654067144, -0.30750766355387704, -0.46864433254284676, 0.4515813758000855, 0.10394114216284711, -0.11743683083794954, -0.6671232928197551, 0.18402284969399507, -0.16966973296218768, 0.44413379858268387, -0.08780681084640773], [-0.4687838257946171, 0.06065445078249865, 0.3316050879701693, -0.5081675253212571, 0.14069513804930578, 0.3037066924075593, -0.5534806419542053, 7.0, 0.24871448503962057, -0.5123687763534424, 0.5704027997323464, 0.4633586852439704, 0.4363407231640699, 0.032698656555803396, -0.812909190044438, -0.35490562628231226, -0.28238675975135996, -0.5917106547704686, 0.2986154316246459, 0.8013375608766389, 0.36983219505250187, -0.20306024828228664, 0.32660828964407207, 0.765942789393316, -0.1512181335153583, -0.09280266915142499, 0.0682997870346913, -0.20294713876754722, -0.35441978886116055, 0.20739937863201696, -0.49241303843664286, 0.4522241948283092, -0.10166443643095713, -0.24074611756036446, 0.3062475207010773, 0.8722022726362919, -0.43239421840207815, -0.6185547983194005, -0.5937584507873382, -0.5932194590562396, -0.2763206820625884, -0.19230233953711606, 0.06928442226217157, 0.6951369943221155, 0.24729245721243376, -0.32845802895105525, -0.05816641091946839, -0.6221108310003883, -0.05453326533398106, -0.24953001077026382], [-0.0831018021572082, 0.48262550929663117, 0.6998880829866256, 0.04352140462346776, -0.3055895739914949, -0.8320464272298037, 0.6284979866859437, 0.24871448503962057, 7.0, 0.22705263305828494, 0.5649908900158951, -0.8228745479796583, 0.3482988591094731, 0.05796667370082664, -0.20799429679000214, 0.3843497569641223, -0.486989885582937, 0.07456110723771481, 0.2535016774913368, -0.22168426372194183, 0.26224921369055965, 0.0728623943161475, -0.7726980161658641, -0.6364413994906966, 0.5195610418606487, -0.31825446742358565, -0.3649482121522487, -0.22037480489475114, -0.15060929696187886, 0.403954239093425, -0.11673472982628286, 0.4222720590234428, -0.14447499325879554, -0.4668938555905653, -0.4643281040691287, 0.47206230683643957, 0.5159998576954687, 0.016108674172975235, 0.27134516557430244, 0.1435918063239754, -0.6831027413497581, -0.024989857086660683, 0.17022698401088365, 0.27181684210477597, -0.09620114890316023, 0.10472868126547663, 0.16803054370163872, 0.5797370633828023, -0.07162933175093311, -0.12058179741425834], [-0.2791899584523345, 0.6971286463213593, -0.13114939346490362, -0.025667277468291894, 0.13278009084951892, -0.37691545384084624, 0.1030143841943878, -0.5123687763534424, 0.22705263305828494, 7.0, 0.024917439938339836, 0.1579988310026108, 0.6518252200314356, -0.1752340296325423, -0.06773838745075644, -0.04198416037255659, 0.8824963284168299, 0.1837547684682841, 0.32776125576054027, -0.4620278295591751, -0.27051584484048563, 0.21871825689233737, -0.07305881140591342, 0.6085817550121959, 0.2863786090890099, -0.027187523264591618, 0.2763110883817943, 0.15932061663019237, 0.6330940676923134, 0.5158468574479105, -0.35598312042311453, -0.2603711038502641, -0.3939529559581847, -0.17694557311701697, 0.34518885034283286, -0.34063354223191644, 0.15870785106194418, -0.15647093358173858, 0.1712748681644367, 0.003908061166813637, -0.5048469244164878, -0.4582926575485454, 0.34297335214277425, -0.7707959983088366, 0.08890552707101884, -0.42677498559483595, -0.5744137560196991, 0.3321998808627966, 0.045301845835021615, -0.05743802164461187], [0.3786641912292237, 0.2696504702670044, 0.2364133986299768, 0.8272180462418635, 0.021542127846155168, 0.6144763874282138, 0.1811194163951484, 0.5704027997323464, 0.5649908900158951, 0.024917439938339836, 7.0, -0.15980727000725103, -0.7092764727361347, 0.17474078333925025, 0.0612509162928343, 0.31375197775362995, -0.06526918986276231, 0.789179466104025, -0.7825524546115785, 0.19143723302782023, 0.48601210261001637, -0.3917532230837417, 0.15898376374729328, -0.04215956218173389, 0.4226479153597982, -0.31013661224424605, -0.5057735548984792, -0.7726627014520497, -0.3845429116930399, -0.4617401182427816, -0.3246332190803307, 0.45894714417818694, 0.031030569806382857, -0.5216919334187899, 0.4105563504530534, 0.42417173508173134, -0.8013259408135923, 0.4657270200941084, -0.36865101133962874, 0.19592208465489058, -0.6736084428141972, -0.23342081433285455, -0.7299474938619005, 0.4480137129394155, 0.04387458130646671, -0.2560422239495356, 0.17387004867537126, -0.3274513609841533, -0.1792293345676672, -0.3951993449204849], [0.1112577059186235, -0.3571586835729682, -0.2795425973132375, 0.053751620757648944, 0.03308192021277101, 0.3411140896133764, -0.3983946307688706, 0.4633586852439704, -0.8228745479796583, 0.1579988310026108, -0.15980727000725103, 7.0, 0.5402939496191719, 0.12753324361258467, -0.1588534241865619, 0.3134800996688085, -0.5212717238314886, 0.10077582827738585, -0.27916281078969396, -0.24051605320419767, 0.43516300762069315, 0.3251195665324169, 0.07153615822579384, 0.13516276263760574, -0.5274886726999347, -0.2394562612191704, 0.535460514215151, -0.8356676990870466, 0.5058041676256948, -0.23370317273064267, 0.44735373908733855, -0.5898032882540148, 0.46598932473968646, 0.5020228445899573, -0.5823645392037458, -0.2513449049289983, 0.7040715980040759, -0.3949454602358954, -0.3065504386662963, -0.12955195047175394, 0.5366269322214174, 0.7176441196706993, -0.10251026188800039, 0.028788554729906934, -0.5035839734191301, 0.12579221465519463, 0.4177466788358657, -0.4087886000465989, -0.6546176723914965, 0.6776094795581975], [0.016967640543973816, 0.7766861890087786, -0.4620850169457368, -0.24990674436251326, -0.09905734158840729, 0.09424943619794934, -0.38822720189612914, 0.4363407231640699, 0.3482988591094731, 0.6518252200314356, -0.7092764727361347, 0.5402939496191719, 7.0, -0.7964865687297106, -0.39203337083028655, 0.4191960647820556, -0.1992760365166979, 0.02312137120858848, 0.5499488655093803, -0.15609850414152338, -0.1783238775595417, 0.2737931793488704, -0.042186527994016565, -0.027886188777438092, -0.8678542542893721, -0.3942290720509658, -0.2430653297613905, -0.05378475780832703, -0.11538676930338243, -0.06372734763999455, 0.10959902719752268, -0.5562667613845071, 0.5805530511577732, -0.023175100573791574, -0.1873615049117957, -0.5082734332670784, 0.3394645156438467, 0.4249374224297999, 0.016607530095762435, 0.15287352512053776, 0.2249732594090803, 0.4634052589250708, 0.7971608498571263, 0.13915312237311106, 0.4149406016378965, -0.001542135907907527, -0.08963084458589199, 0.4969620619344477, -0.32007459819117745, -0.35608471303180245], [0.007475887574785345, 0.09415474515896771, -0.416323501181182, 0.10782476237004257, -0.7366729088863144, 0.47586872864145935, 0.5376313121231915, 0.032698656555803396, 0.05796667370082664, -0.1752340296325423, 0.17474078333925025, 0.12753324361258467, -0.7964865687297106, 7.0, 0.08940019740507488, -0.34087645154617263, 0.19547870974022663, 0.859298462902025, -0.0485425382841016, -0.3083357116472646, -0.1535419772304738, -0.25761166874210506, -0.30088457679644476, 0.7395520398132858, -0.8819197320211023, -0.1606455636853893, 0.5048279762107784, 0.16795931732916847, -0.5234811301369489, 0.14470191180748126, 0.168603891154552, 0.47000946605453486, -0.749234056655202, 0.06752046868458583, 0.11887675293277877, -0.456311401724526, 0.032907191257028456, 0.07603486415428673, -0.05187828470743505, 0.4540109927203022, 0.26316885093692277, -0.11846676598973394, -0.01567162965886304, -0.3064265658721217, -0.039939474686326526, 0.0331015895539859, 0.673418118852811, 0.012191241956986953, -0.3282523320866302, -0.347699860602263], [-0.8850825453102158, -0.6297918676719734, -0.046146682413731765, -0.0570787910755044, 0.06678318278149753, -0.9595350360055641, -0.1379827787040332, -0.812909190044438, -0.20799429679000214, -0.06773838745075644, 0.0612509162928343, -0.1588534241865619, -0.39203337083028655, 0.08940019740507488, 7.0, 0.3358010588389164, -0.8317214883342227, 0.07186133511727011, -0.3718715812748764, -0.05649049694064112, 0.2319909283814141, 0.4692228449545115, -0.2159799881070804, 0.35660228641040526, 0.23610046929127337, -0.5950275365917032, -0.613918095770043, 0.3515141903445631, 0.3711929913741159, -0.6301321007098714, -0.6288260096867652, -0.5294130464854522, -0.032692115714200054, 0.5425367828354022, -0.6825448036932162, -0.5620333664137439, -0.07370507900012191, -0.1552830430205796, 0.6408931115611978, 0.17068837077359222, 0.25829420615151877, 0.012962225855761123, -0.01975407431365639, -0.016622449408898343, 0.48168753916693063, 0.0034297153321261042, -0.43386212266364843, 0.4624952078682223, -0.1623456354145515, 0.03754143569773394], [-0.24305013841493017, -0.2626643610089757, -0.5083528696857066, -0.5645091766742132, -0.13938913760920768, 0.315090389513466, 0.6343417323435756, -0.35490562628231226, 0.3843497569641223, -0.04198416037255659, 0.31375197775362995, 0.3134800996688085, 0.4191960647820556, -0.34087645154617263, 0.3358010588389164, 7.0, -0.014792137324252885, -0.18541903065542953, -0.12958624657181184, 0.0932645829473937, -0.25995451729379193, 0.5648932848291934, 0.07297980715111252, -0.3732890972884739, -0.29489348245776825, 0.15297625490528466, 0.0766737599786338, -0.1729931879078498, 0.08778114743961618, -0.6398337949856193, -0.40531345998238655, 0.48189705762002033, 0.02903024572942403, 0.3444686258280296, -0.7741075262651763, 0.23719264595319522, -0.5059253768745773, -0.03290061858071458, 0.6455401102050633, -0.45839796174657244, 0.12139362399580955, 0.44001837770591656, 0.04109827251125342, -0.5067357658759003, -0.06617441038566074, -0.00793444892874906, 0.02742817453861779, 0.048371935531395405, 0.020686927897766605, -0.06317835407770311], [0.5400263861912384, 0.7776689600120463, -0.39512416843503595, -0.6267034171637357, -0.5562631286139652, 0.20992532272822206, 0.06204187310828524, -0.28238675975135996, -0.486989885582937, 0.8824963284168299, -0.06526918986276231, -0.5212717238314886, -0.1992760365166979, 0.19547870974022663, -0.8317214883342227, -0.014792137324252885, 7.0, 0.8287646752660778, 0.4106763511037239, 0.4163054773634425, 0.31889327407609125, -0.5636345517748623, -0.16175702743958376, -0.5834358631698346, -0.19059393921476764, -0.11458722577782732, 0.3943436723326261, -0.02832324449895285, -0.1280439594555266, -0.36445044193906284, -0.3887961550743583, 0.09608888896119416, -0.7892107100785891, -0.036072805369738115, 0.44643802294693113, -0.7306411266129431, 0.6827345907046634, -0.054897197333044434, 0.5630505043854948, 0.393580607944338, -0.6935213790354243, 0.0965366560387162, -0.14740005683924806, -0.0026352744196145306, 0.7964694562618462, -0.47462600871802973, 0.5966358253136517, 0.09662129848497036, -0.7317811515435826, -0.6329968230151171], [0.22231645363079577, 0.5715452868026072, -0.19136716971625511, -0.1369630802960794, 0.05979208713933959, 0.32161637715259483, 0.5359011709855408, -0.5917106547704686, 0.07456110723771481, 0.1837547684682841, 0.789179466104025, 0.10077582827738585, 0.02312137120858848, 0.859298462902025, 0.07186133511727011, -0.18541903065542953, 0.8287646752660778, 7.0, -0.03137432599656742, -0.2542466647605056, 0.5704298281824676, 0.36685209844964106, 0.8148843787135853, 0.06791570935220559, 0.04463400165739939, 0.34949272231173234, 0.8961032800417386, 0.9503878918090027, -0.745612922873916, -0.2594054799437323, 0.3909874796213919, -0.537237605894391, -0.6668749165110607, -0.5591398186393519, 0.4668634755460017, 0.38023633736964335, 0.22285420245720244, -0.6943664630821033, 0.12259125270154358, -0.4790586063187413, 0.39758804616274324, -0.2740359588954777, 0.07968675030697714, -0.3865837721560713, 0.0538637683389922, -0.10090981749290029, 0.16258638233764122, 0.1443012116631519, -0.4865494384681799, 0.03499636731844902], [-0.569081285028218, -0.3759941133804501, 0.09997240812528885, -0.20399014944571303, 0.18076033241591483, 0.4193539979194383, 0.12786019424801198, 0.2986154316246459, 0.2535016774913368, 0.32776125576054027, -0.7825524546115785, -0.27916281078969396, 0.5499488655093803, -0.0485425382841016, -0.3718715812748764, -0.12958624657181184, 0.4106763511037239, -0.03137432599656742, 7.0, 0.031809307745880755, 0.06448152525782569, -0.24449840501099407, 0.5987564593139509, -0.10859137052623236, 0.2141051846076576, 0.2563100047359619, 0.09235669281475967, -0.2619221596771074, -0.003896431056662708, 0.5989968209843322, 0.23308050033347083, 0.7032970760088457, -0.8464406664865411, 0.03801888619620808, 0.6636997358358805, 0.16760544429982582, 0.5345314823576104, 0.004264277084261359, -0.1227160553891401, 0.2420315667270927, -0.6806712743155313, -0.13093354590690887, 0.3598110862385522, 0.3433718033214672, 0.18224406188247189, 0.395309752419885, -0.28575683873353597, 0.5175296423803051, 0.31545304916309846, 0.6988466578365169], [0.49606524138018004, -0.5342742149483537, -0.3235098952005424, -0.2464755340912852, 0.0648363970547936, 0.3755343937922426, 0.36637437214506097, 0.8013375608766389, -0.22168426372194183, -0.4620278295591751, 0.19143723302782023, -0.24051605320419767, -0.15609850414152338, -0.3083357116472646, -0.05649049694064112, 0.0932645829473937, 0.4163054773634425, -0.2542466647605056, 0.031809307745880755, 7.0, -0.04118262920551585, 0.018992253729213093, 0.19216068899461103, 0.15171442564183213, -0.1746424085386522, -0.2786170667113448, 0.15447638692681465, 0.10445947411213563, 0.12446666352160607, -0.0418900199815313, -0.6031277204652198, -0.13397060594664922, -0.027042017561270004, -0.021075117024282775, 0.692629786139694, 0.45273355708621144, 0.24069470747576505, 0.02267815755574798, -0.31538438966611293, -0.49260582577183765, -0.030651462163906684, 0.37692442105966406, -0.0046810408469037945, 0.030643459338660417, -0.7817475299781013, -0.15432285888006014, -0.2943399808537137, -0.7506603444878011, 0.03955734875642536, -0.05259893159114015], [0.3558507064606333, 0.180555998721867, -0.44074879597143846, -0.5303669017187713, -0.1559894435523559, 0.4631975802258035, 0.02269204164511951, 0.36983219505250187, 0.26224921369055965, -0.27051584484048563, 0.48601210261001637, 0.43516300762069315, -0.1783238775595417, -0.1535419772304738, 0.2319909283814141, -0.25995451729379193, 0.31889327407609125, 0.5704298281824676, 0.06448152525782569, -0.04118262920551585, 7.0, 0.5843178657548522, 0.6771738877519797, 0.22321152948447498, -0.33757609306356917, -0.33116587425478805, -0.4617382104861011, 0.574966851849483, -0.30962727957096825, 0.39540356784329767, 0.26745151790381927, 0.10745110617462905, -0.12287574726382855, 0.2509891669445936, -0.24123010669230716, -0.37408061335283715, -0.4314189120674481, -0.040532502922114855, -0.387922690787466, -0.26065911109060136, 0.05519443814453373, 0.10266098110695698, -0.23131513612628185, -0.432703335096859, 0.11085044287221613, -0.16658591640260023, 0.6724424982093644, 0.5367582234600201, 0.27834224330284085, 0.20223114939512676], [-0.2349784727836003, -0.06426827604295593, 0.14868951526422114, 0.36279220257808187, 0.3913167115323688, 0.164191663051368, -0.6851428733099185, -0.20306024828228664, 0.0728623943161475, 0.21871825689233737, -0.3917532230837417, 0.3251195665324169, 0.2737931793488704, -0.25761166874210506, 0.4692228449545115, 0.5648932848291934, -0.5636345517748623, 0.36685209844964106, -0.24449840501099407, 0.018992253729213093, 0.5843178657548522, 7.0, 0.5536522056123845, -0.35575853345963193, -0.22849365903221808, -0.48406256412983373, 0.1446906262482217, -0.00834707829320902, 0.5945744812359028, 0.3409230476113203, 0.3302727841078861, -0.037459832694122897, -0.35919149312870724, 0.8272913999487259, -0.4913540008093136, 0.8341844180214864, 0.18426893807061706, -0.5168432871177746, 0.1932548318742393, -0.028864809872991892, 0.8579629379248195, -0.20488409177317446, 0.7586420658967516, -0.1337607140267103, -0.7547589866725881, -0.3242064459908688, -0.2078234285582896, 0.14021277148333833, -0.00833254074741252, -0.29083221172983864], [0.07735537190409936, -0.022617882321089078, -0.15958313455813555, 0.1302159811709105, -0.1396412340281784, 0.5548961432104065, 0.2906755461032433, 0.32660828964407207, -0.7726980161658641, -0.07305881140591342, 0.15898376374729328, 0.07153615822579384, -0.042186527994016565, -0.30088457679644476, -0.2159799881070804, 0.07297980715111252, -0.16175702743958376, 0.8148843787135853, 0.5987564593139509, 0.19216068899461103, 0.6771738877519797, 0.5536522056123845, 7.0, 0.1745069217984454, 0.8010334247527526, 0.2506145160709221, -0.12517618829270682, -0.5394484967672026, -0.25667567327639795, -0.07458992931681618, -0.1596804027948997, -0.7767169703339245, -0.02166526545238945, -0.48839207863874756, -0.2236158769827522, -0.43517757206431884, 0.5388034504948811, 0.0017484365986046857, 0.43729237645559893, -0.3246483277303892, -0.6878358549531434, -0.014622593186348176, 0.12449259347018593, 0.06519690563091673, 0.5580138403194033, 0.004435708686599593, 0.6848276501897157, 0.3167879818595849, -0.26789607884296485, 0.10247575746827353], [-0.07523818607840527, -0.3474323254894581, -0.18106940492147716, 0.15584465800618874, -0.004386626490799017, -0.3280084301145626, 0.09183568144431531, 0.765942789393316, -0.6364413994906966, 0.6085817550121959, -0.04215956218173389, 0.13516276263760574, -0.027886188777438092, 0.7395520398132858, 0.35660228641040526, -0.3732890972884739, -0.5834358631698346, 0.06791570935220559, -0.10859137052623236, 0.15171442564183213, 0.22321152948447498, -0.35575853345963193, 0.1745069217984454, 7.0, 0.08695662993576825, 0.3566156218188037, -0.025663160453104017, 0.7723531765801117, -0.4278246779459378, 0.15508340354341676, 0.38902866969591754, 0.5166025798342688, 0.32276388974557313, -0.2991711267936884, 0.5071403350659298, 0.0773448194113191, -0.24114343240284175, -0.05267310308321593, 0.22115474626517617, -0.06686891973041786, 0.38666162436575524, -0.09979203013395188, -0.5614592561845184, -0.842400779059978, -0.4001003644525125, 0.19519174616709556, -0.40852379305199804, 0.4562866693527168, -0.2270506745159695, 0.00939414068264588], [-0.5908631302798467, -0.47006346140597, -0.08290354708681658, 0.06726007026177783, -0.20075472232616143, 0.2869765164008471, -0.15895230356376078, -0.1512181335153583, 0.5195610418606487, 0.2863786090890099, 0.4226479153597982, -0.5274886726999347, -0.8678542542893721, -0.8819197320211023, 0.23610046929127337, -0.29489348245776825, -0.19059393921476764, 0.04463400165739939, 0.2141051846076576, -0.1746424085386522, -0.33757609306356917, -0.22849365903221808, 0.8010334247527526, 0.08695662993576825, 7.0, 0.04730524064558406, -0.9828597736217489, 0.6576737032204587, 0.732677593109488, 0.7342751393003142, -0.05736430508966328, 0.33078470653882963, 0.02592104838703113, 0.9583644904267157, -0.31067685742796924, -0.35770471588584474, 0.324812608457381, -0.01868553725192379, 0.4129540658620723, 0.2654580269199025, -0.1450926684211925, -0.5137310768433966, -0.04164759756589598, -0.7317966760571601, 0.6933342770982409, -0.6430496693924382, 0.24503971313916928, 0.12184591353729735, -0.08780981630310725, -0.8950569451651096], [-0.32454200822663803, -0.022217398910025055, 0.4017038690462278, 0.2613525623139974, 0.32201726051925506, -0.8243498203965088, -0.25910156820630614, -0.09280266915142499, -0.31825446742358565, -0.027187523264591618, -0.31013661224424605, -0.2394562612191704, -0.3942290720509658, -0.1606455636853893, -0.5950275365917032, 0.15297625490528466, -0.11458722577782732, 0.34949272231173234, 0.2563100047359619, -0.2786170667113448, -0.33116587425478805, -0.48406256412983373, 0.2506145160709221, 0.3566156218188037, 0.04730524064558406, 7.0, 0.014358287643527534, -0.0925123772384292, -0.028263039772355003, -0.20372757325725988, 0.5989653985711563, 0.6250102966419435, 0.1081302504082211, -0.15939502304017272, 0.2682074757783388, 0.0445429501326462, -0.23886125194554197, 0.007047718879297893, 0.6651126730197958, -0.18910363975947664, -0.21384681947917705, 0.06755077215858707, -0.5371189636698871, 0.006779941743688678, -0.8660053941148589, 0.21599750342641455, 0.5193136511835412, -0.5671653598963852, 0.07269526134179127, 0.0687414242272204], [-0.8800785836743361, -0.2280052622539136, 0.19199380975999647, -0.5046517379551289, -0.1775551541497996, 0.619228453583972, -0.25703692365641795, 0.0682997870346913, -0.3649482121522487, 0.2763110883817943, -0.5057735548984792, 0.535460514215151, -0.2430653297613905, 0.5048279762107784, -0.613918095770043, 0.0766737599786338, 0.3943436723326261, 0.8961032800417386, 0.09235669281475967, 0.15447638692681465, -0.4617382104861011, 0.1446906262482217, -0.12517618829270682, -0.025663160453104017, -0.9828597736217489, 0.014358287643527534, 7.0, 0.4745035200341601, 0.8022088428040433, -0.15819575218318827, 0.052102889492693816, -0.1239985985966664, -0.3230615981393683, 0.5052460735144009, 0.7240971535328176, -0.429122696516838, 0.1511119970423389, -0.2724858122566407, 0.8146005014696227, -0.5808482970853336, 0.3972578520704104, -0.4769894718506418, 0.04785406715985885, -0.35656481031175624, -0.01858649680582669, 0.06151568208347458, 0.004561786759936126, -0.18223965839896505, 0.22168565897185277, -0.12827842972414483], [0.21449310934396304, -0.38483704715110867, -0.3973068225630162, 0.0015997045582205605, 0.8115066966122297, -0.08745602976611899, 0.8116312081470709, -0.20294713876754722, -0.22037480489475114, 0.15932061663019237, -0.7726627014520497, -0.8356676990870466, -0.05378475780832703, 0.16795931732916847, 0.3515141903445631, -0.1729931879078498, -0.02832324449895285, 0.9503878918090027, -0.2619221596771074, 0.10445947411213563, 0.574966851849483, -0.00834707829320902, -0.5394484967672026, 0.7723531765801117, 0.6576737032204587, -0.0925123772384292, 0.4745035200341601, 7.0, -0.033957593436709455, 0.3197238163309031, -0.2611474892943244, 0.4161502275024298, 0.3076468039026472, 0.3370185825261114, 0.32386077842362915, -0.44286397652282694, -0.5821292456215916, -0.11322910130761321, 0.05248909012700764, -0.019045687843212034, -0.5723147559173418, -0.6818958048120309, -0.8300991852021362, -0.17003055218547425, -0.5569174709616271, -0.3419328411576039, 0.1215057689745751, 0.14742427649779222, 0.5736372569402899, 0.22167085884650595], [-0.06359079804723888, 0.28170858347634686, -0.47789674163840623, 0.6944196132651625, -0.4781629924046322, -0.3785513788855426, 0.11085449684351856, -0.35441978886116055, -0.15060929696187886, 0.6330940676923134, -0.3845429116930399, 0.5058041676256948, -0.11538676930338243, -0.5234811301369489, 0.3711929913741159, 0.08778114743961618, -0.1280439594555266, -0.745612922873916, -0.003896431056662708, 0.12446666352160607, -0.30962727957096825, 0.5945744812359028, -0.25667567327639795, -0.4278246779459378, 0.732677593109488, -0.028263039772355003, 0.8022088428040433, -0.033957593436709455, 7.0, -0.5774818512557371, -0.3732341995536035, 0.7651703503047869, 0.024304794572033828, 0.1407372738474728, 0.12645728766837783, 0.014106440513201646, 0.14813714481183493, -0.017769215638294256, 0.026301091964271883, -0.07440941169520388, 0.03490518844593882, 0.11741479405584698, -0.7683994577458209, -0.1487009374745687, 0.24449516152504724, -0.014870459395472602, 0.5077451229890628, 0.30567685263032174, 0.2758361158870488, -0.5187070834187263], [0.39863023040432166, 0.24456036152092686, -0.5267030731054905, -0.2989744750754496, -0.20768539133220665, -0.22190371769539197, 0.016786538064447187, 0.20739937863201696, 0.403954239093425, 0.5158468574479105, -0.4617401182427816, -0.23370317273064267, -0.06372734763999455, 0.14470191180748126, -0.6301321007098714, -0.6398337949856193, -0.36445044193906284, -0.2594054799437323, 0.5989968209843322, -0.0418900199815313, 0.39540356784329767, 0.3409230476113203, -0.07458992931681618, 0.15508340354341676, 0.7342751393003142, -0.20372757325725988, -0.15819575218318827, 0.3197238163309031, -0.5774818512557371, 7.0, 0.08661712372292252, 0.39354944268342607, 0.6260529172784071, -0.3585482891966273, -0.1656977935516819, -0.19675543806321383, 0.6402048051058409, 0.10674967017175385, -0.5431547674310182, 0.01687914896819831, -0.8125481788051189, 0.719239955325194, 0.049759990526261344, 0.6308855887857048, 0.15060284432304494, -0.8362246057949443, -0.43133427114062695, 0.031464242326567415, -0.2698921833830593, 0.6457417305199886], [0.05488668789905038, 0.707852626158403, 0.00874874437694606, 0.6381201697605068, 0.46381284765932373, 0.585377266242114, 0.23745069914040728, -0.49241303843664286, -0.11673472982628286, -0.35598312042311453, -0.3246332190803307, 0.44735373908733855, 0.10959902719752268, 0.168603891154552, -0.6288260096867652, -0.40531345998238655, -0.3887961550743583, 0.3909874796213919, 0.23308050033347083, -0.6031277204652198, 0.26745151790381927, 0.3302727841078861, -0.1596804027948997, 0.38902866969591754, -0.05736430508966328, 0.5989653985711563, 0.052102889492693816, -0.2611474892943244, -0.3732341995536035, 0.08661712372292252, 7.0, 0.3156764273688788, -0.22141713682548947, -0.2335763332156804, -0.6628579787238901, -0.03796380773454633, 0.3409542090340354, 0.06677312514404088, -0.7412393843039066, 0.010860909169129407, -0.03744980869218406, -0.15815749215496744, 0.5512640222503227, -0.35143878418340335, -0.47567175968338915, 0.07688608224694526, 0.842027878356842, 0.5797606460920717, -0.031160105203378752, 0.09879796992749079], [-0.2618758579417795, -0.21695939901219508, -0.35046481424662634, -0.07153656952177567, 0.383332219833296, -0.08448365856423867, 0.336521077743102, 0.4522241948283092, 0.4222720590234428, -0.2603711038502641, 0.45894714417818694, -0.5898032882540148, -0.5562667613845071, 0.47000946605453486, -0.5294130464854522, 0.48189705762002033, 0.09608888896119416, -0.537237605894391, 0.7032970760088457, -0.13397060594664922, 0.10745110617462905, -0.037459832694122897, -0.7767169703339245, 0.5166025798342688, 0.33078470653882963, 0.6250102966419435, -0.1239985985966664, 0.4161502275024298, 0.7651703503047869, 0.39354944268342607, 0.3156764273688788, 7.0, 0.13888146328744977, 0.12004530089679455, -0.10449774959997782, -0.5552826758166158, -0.18919722076925116, -0.2408549957696976, -0.4436796668836398, 0.37209673549559596, 0.22137791761918657, -0.26688907177343946, -0.6374189480697215, 0.6927109421242843, -0.39712104962370454, -0.6632710386702882, -0.959019700960948, 0.1532128263523116, -0.01043008790992328, 0.3683691904464821], [-0.1782467040584219, -0.3759384352465607, -0.16717336129799354, 0.1626183313910321, 0.5017062198745565, -0.2505641866144319, 0.29531186771154694, -0.10166443643095713, -0.14447499325879554, -0.3939529559581847, 0.031030569806382857, 0.46598932473968646, 0.5805530511577732, -0.749234056655202, -0.032692115714200054, 0.02903024572942403, -0.7892107100785891, -0.6668749165110607, -0.8464406664865411, -0.027042017561270004, -0.12287574726382855, -0.35919149312870724, -0.02166526545238945, 0.32276388974557313, 0.02592104838703113, 0.1081302504082211, -0.3230615981393683, 0.3076468039026472, 0.024304794572033828, 0.6260529172784071, -0.22141713682548947, 0.13888146328744977, 7.0, 0.013998524750248542, 0.5675817280653046, 0.009971319766893139, 0.22274426562597727, -0.9317991223439419, -0.27480367967984054, -0.23564398484257243, 0.33456226381860876, -0.5136652759383246, -0.36880908300839077, 0.17224055739662258, -0.5489265750814891, -0.16262692093870212, -0.6277106692649982, -0.33471747623938997, -0.031117009789008443, 0.06346678417233287], [-0.07540457525075872, 0.1724667364147654, 0.6459944118580492, -0.5200275946352952, -0.07326035030856837, 0.6745844941996963, 0.22660174987695947, -0.24074611756036446, -0.4668938555905653, -0.17694557311701697, -0.5216919334187899, 0.5020228445899573, -0.023175100573791574, 0.06752046868458583, 0.5425367828354022, 0.3444686258280296, -0.036072805369738115, -0.5591398186393519, 0.03801888619620808, -0.021075117024282775, 0.2509891669445936, 0.8272913999487259, -0.48839207863874756, -0.2991711267936884, 0.9583644904267157, -0.15939502304017272, 0.5052460735144009, 0.3370185825261114, 0.1407372738474728, -0.3585482891966273, -0.2335763332156804, 0.12004530089679455, 0.013998524750248542, 7.0, -0.4900547518667845, 0.08518548858672781, 0.3603982922950859, -0.1349449630613997, -0.22001824676780946, -0.09936922888651689, -0.24696083701348492, -0.5765168660591176, 0.32256291535932125, -0.06469386496643881, 0.1302811272005493, -0.6111642068595602, -0.16451139074473864, 0.10385755328976143, 0.29184335182170384, -0.5111528750609224], [0.49853703212184186, -0.1635400923709187, 0.6289681414433306, -0.5749967052718996, -0.08539415124204874, -0.3443239875496432, -0.13222439977715217, 0.3062475207010773, -0.4643281040691287, 0.34518885034283286, 0.4105563504530534, -0.5823645392037458, -0.1873615049117957, 0.11887675293277877, -0.6825448036932162, -0.7741075262651763, 0.44643802294693113, 0.4668634755460017, 0.6636997358358805, 0.692629786139694, -0.24123010669230716, -0.4913540008093136, -0.2236158769827522, 0.5071403350659298, -0.31067685742796924, 0.2682074757783388, 0.7240971535328176, 0.32386077842362915, 0.12645728766837783, -0.1656977935516819, -0.6628579787238901, -0.10449774959997782, 0.5675817280653046, -0.4900547518667845, 7.0, 0.7159310975518851, 0.3211614778435814, -0.7141344254760432, -0.140742136436394, -0.1776675483887551, -0.7920421146844175, -0.7994734420584931, 0.04910738102743717, 0.21566621301943245, 0.7546469074325142, 0.046624976202044754, -0.10437715610755693, -0.11616474396580234, 0.03514177475198421, -0.246196238282551], [-0.38432044163666546, 0.5182573285870806, 0.1594736433475974, 0.8577450729588343, -0.3231018022288116, -0.33365050862027257, 0.8097263854920791, 0.8722022726362919, 0.47206230683643957, -0.34063354223191644, 0.42417173508173134, -0.2513449049289983, -0.5082734332670784, -0.456311401724526, -0.5620333664137439, 0.23719264595319522, -0.7306411266129431, 0.38023633736964335, 0.16760544429982582, 0.45273355708621144, -0.37408061335283715, 0.8341844180214864, -0.43517757206431884, 0.0773448194113191, -0.35770471588584474, 0.0445429501326462, -0.429122696516838, -0.44286397652282694, 0.014106440513201646, -0.19675543806321383, -0.03796380773454633, -0.5552826758166158, 0.009971319766893139, 0.08518548858672781, 0.7159310975518851, 7.0, -0.06543710898502975, -0.25604894988337135, 0.3371361634490282, 0.6021789508483231, 0.24105524343838214, 0.5950646924447796, -0.20369136776064678, 0.2824741551039309, -0.483529760054912, 0.15493144198670183, -0.3917192847281674, 0.19770204987898543, -0.30542332580961584, -0.31498866324386554], [0.6359395434136674, 0.167444432746648, 0.13579636922091565, -0.7457346685782396, -0.10710399180948571, -0.059170043835513275, -0.4190032084781219, -0.43239421840207815, 0.5159998576954687, 0.15870785106194418, -0.8013259408135923, 0.7040715980040759, 0.3394645156438467, 0.032907191257028456, -0.07370507900012191, -0.5059253768745773, 0.6827345907046634, 0.22285420245720244, 0.5345314823576104, 0.24069470747576505, -0.4314189120674481, 0.18426893807061706, 0.5388034504948811, -0.24114343240284175, 0.324812608457381, -0.23886125194554197, 0.1511119970423389, -0.5821292456215916, 0.14813714481183493, 0.6402048051058409, 0.3409542090340354, -0.18919722076925116, 0.22274426562597727, 0.3603982922950859, 0.3211614778435814, -0.06543710898502975, 7.0, -0.6496833424608648, -0.004052818058009389, 0.17645049268402624, -0.5082530754929764, -0.14720564239492773, 0.2949528249999469, -0.0276034664178193, -0.20419491930130018, 0.20166906430224785, -0.16081097781509324, 0.03742409690734716, -0.5438137629385219, -0.5102239594000432], [-0.023578182741783138, 0.15397234659760772, 0.1875577028930806, -0.27794632158086263, 0.020248599660268596, 0.15858989854649685, -0.45188366201766106, -0.6185547983194005, 0.016108674172975235, -0.15647093358173858, 0.4657270200941084, -0.3949454602358954, 0.4249374224297999, 0.07603486415428673, -0.1552830430205796, -0.03290061858071458, -0.054897197333044434, -0.6943664630821033, 0.004264277084261359, 0.02267815755574798, -0.040532502922114855, -0.5168432871177746, 0.0017484365986046857, -0.05267310308321593, -0.01868553725192379, 0.007047718879297893, -0.2724858122566407