{"N": 50, "M": 1, "c_0": [0.7953215130860283, -0.8648660706941831, 0.7790516551036639, -0.4166326200122219, 0.6602486271379755, -0.37683972581817615, -0.22315613062571082, 0.13939643091020648, 0.1862492328523382, -0.5307313477234685, 0.11647677964751257, -0.47363018038440585, -0.7187354102791164, -0.757996602764915, -0.37587238718527605, -0.9736314334716079, 0.06559640613736084, -0.8677534227054171, -0.8708360772476953, 0.08995810697913686, 0.37536184032975894, 0.6167182263326252, 0.46104462465263807, -0.5934067426373624, 0.8874254514106863, 0.5824251756741348, -0.6612045988141584, -0.01585935595248844, 0.9551510034644506, -0.03391763541383086, -0.12199606171596633, 0.6245572873765328, -0.6575149149684396, -0.2081580712216875, 0.5989725001044175, -0.3753919012571094, -0.6596308770769324, -0.28578880130509066, -0.37871250107859966, -0.16385175766644466, 0.7610988280120703, 0.41001256309385736, 0.9400716045838802, -0.25896171916277666, -0.09989494434016288, -0.8577680805489185, 0.9218022490463584, 0.9104327483921058, 0.6429817195985186, 0.4936932937474843], "matrix_coe": [[[7.0, -0.13507776018726503, 0.2714841659094338, 0.34973581278213506, 0.168242552362448, 0.09923628713388943, 0.01717137103927069, -0.4227205625726903, -0.09011962065780643, 0.31774858156185415, -0.12393187863182453, 0.06581460502001368, 0.39087395263115265, 0.005619167478789322, -0.29075619221413673, 0.6429643862157017, 0.7857988891856027, -0.18187235016681536, 0.17289654700771395, 0.2086619689082867, -0.08056736425605449, 0.5321279542013002, -0.050315867272726855, 0.07568068432842368, -0.0012718146557838539, -0.18724215053093396, -0.005287255334967322, 0.3795684902006691, -0.4001905782882198, -0.4700651279630065, -0.4694256375065451, 0.17543827402946266, 0.43223200441068776, -0.24759711555886854, -0.4971107652936668, -0.15351982320477353, 0.5884365665181546, 0.08065513270413471, -0.35274631468890916, 0.018777134734771828, 0.16221279869571248, 0.23562184480867776, -0.710989180810276, -0.43067225478493454, 0.28851880057828394, 0.147944686533807, -0.8917504367860747, -0.17847348035685295, 0.32602567467815424, -0.43091827544633166], [-0.13507776018726503, 7.0, 0.7191721584674111, 0.2973886729343138, -0.7560223457583015, 0.6308465580240907, -0.2290754740960611, -0.29127577123902093, 0.11041462754613174, 0.33129420270092735, -0.04563179752763724, 0.41812036719009305, 0.05224053026398345, 0.10043961381552946, 0.1946440439808328, 0.1501510411361584, -0.11525494970261152, 0.23680588136887604, -0.011270472272285614, 0.16689722201950552, -0.47183718798495655, 0.07590603309765598, -0.044068910893153235, 0.3133804886104996, 0.15902945459871454, -0.0015362064056032576, -0.618361254269729, 0.01307818964426044, 0.2973032590462463, 0.5276299058927767, 0.05695856191729143, -0.6534850764820399, 0.21918249711562288, 0.05503102512009006, 0.0783540927723998, -0.19682054498427515, -0.1402256146404296, -0.0859671436296695, 0.7499783780236271, 0.18530313805254295, 0.17372731223100168, -0.12754887201150789, 0.33915370163624914, 0.4287531624359251, 0.2915743054927842, -0.20279998081478512, 0.6895054139732111, 0.1942381784094045, -0.25894054055064, 0.0456504975184866], [0.2714841659094338, 0.7191721584674111, 7.0, -0.10797731517070164, 0.06514715364313806, -0.2795521414776939, -0.19315112989647254, -0.2500525907236697, 0.08252361927648955, 0.055057025276153304, 0.6758467386681133, 0.7375719378332821, -0.09126324687750542, 0.4816911926027996, -0.23672562695889687, 0.6884661269904735, -0.7338932364776709, -0.15231200233467357, 0.21605078798326138, 0.43375038928967324, -0.04710292468751287, -0.20985751357617166, 0.19260894091703773, 0.8001308882473488, -0.6114374580974745, -0.3009859779591578, -0.1029160800002662, -0.19599192422568057, -0.22219306619835866, -0.24290445825168783, 0.09829139313479018, 0.2398024005234063, -0.1831548846402684, -0.5628687799697992, 0.39477621773284843, 0.12810877807769572, 0.4256554659331484, -0.10653613955371366, -0.6716123811069487, -0.42696881449094626, -0.6416396601995142, -0.6567769347308157, -0.45831016591911833, 0.5335021003144025, -0.3955523343653501, 0.6385811142590412, -0.09799700621486152, -0.7422976177060734, 0.06940427309584951, -0.2107784633908173], [0.34973581278213506, 0.2973886729343138, -0.10797731517070164, 7.0, -0.5138372155592158, -0.8492850727462921, 0.7202319455866468, -0.3055374984680841, -0.35735274753492563, -0.5211878226492588, -0.5969295687624804, -0.2124765626027294, 0.5428824944371833, 0.4085226966685651, 0.058800255028178317, 0.05566986857839096, 0.8166283071878535, 0.7513346851567704, -0.14687801539225442, 0.09859706027993753, -0.33368534102027325, 0.21421519039644465, -0.22260239306763563, 0.4523705958701407, 0.358289142363752, -0.1716385454821352, 0.2822714206457728, -0.3630670492620234, 0.1938589686048351, -0.517014178728218, -0.2316845163710627, 0.6604082263281845, 0.18441338800585916, -0.07944934818620886, 0.6054398423941805, 0.2515249885797548, -0.41695782308569795, -0.25854507208406896, -0.44710233096875207, 0.2939052843613592, -0.20935715778699115, -0.8859341998165408, 0.4416377829398399, 0.22521944403566896, -0.24718625733618615, -0.7257831662964093, 0.011489299647286177, 0.5544161740765312, -0.22193188053064217, 0.7217181942874904], [0.168242552362448, -0.7560223457583015, 0.06514715364313806, -0.5138372155592158, 7.0, -0.1513976117069732, -0.05460904170337599, 0.5890086468627067, 0.2162496155374991, -0.7636262012225615, -0.3968138852943123, 0.28095718455901486, 0.31474791507897404, -0.011905327223688977, 0.45913272618047607, -0.11985432341088587, -0.19553761963607252, 0.5800872307578926, -0.12540918598091955, 0.30774097092835495, -0.18309232074989723, 0.35782258243916676, 0.01937713010654396, 0.26537601021849033, 0.8634105430234689, 0.7349382483631688, 0.04655210859396797, -0.4072736993328938, -0.38857577096238216, 0.14386646569266226, -0.038391332931533406, -0.122969005826291, -0.12042195919271048, -0.8238408378198284, -0.04004344332339438, -0.333693240569086, 0.5204602327788437, -0.07590348633087995, 0.34291134842594095, 0.6862602071117252, -0.048899602259401154, 0.31888817503885547, -0.4449825877789696, 0.30701146531738877, 0.2553577609123967, -0.3663462703621625, 0.7488035689633703, -0.052883900379348425, 0.17116813702960965, 0.3278732309199661], [0.09923628713388943, 0.6308465580240907, -0.2795521414776939, -0.8492850727462921, -0.1513976117069732, 7.0, 0.5422643570454397, 0.5983804235282277, -0.4443410830571629, -0.42859978419372646, -0.04973945211044184, -0.7116197070650822, 0.4456003044696806, -0.43462006552334964, 0.15064034035520946, 0.6022613418746066, 0.023503133400498033, 0.6446862463228573, 0.5326065502721364, -0.3500305946938256, -0.8668231232654947, -0.07018136341966186, -0.0641657996374384, 0.2713736256762762, 0.7994623051647649, 0.33667586235779257, -0.8009707377372179, -0.12712639885067512, 0.4460390276201047, -0.25185024200135, -0.4712960835456156, 0.4706196890970491, 0.09098821308979366, 0.39986046513105333, 0.8780039817861833, -0.05760795162495702, 0.4184622374492577, 0.4198312237742785, 0.6253606124358235, -0.4202956258321403, -0.018351247977703378, -0.6531939846331758, 0.6824425522854449, -0.7140287907727573, -0.07080753887806357, -0.7092870060457145, 0.1918632223123513, 0.49944258072272096, -0.23291822012731345, -0.6897416291626618], [0.01717137103927069, -0.2290754740960611, -0.19315112989647254, 0.7202319455866468, -0.05460904170337599, 0.5422643570454397, 7.0, -0.8315636571188335, -0.2350367821523317, -0.5884451979905884, -0.5691935463448241, 0.11865142918356786, -0.0548270035963595, 0.41995283132782646, 0.09692225132038423, -0.584163769824322, 0.7013327947556536, 0.8517334665538712, 0.7876951203359082, -0.6712477938337164, -0.10682472982492475, -0.8553168076583478, 0.6404564265010118, -0.38834342978751824, -0.18371959083676992, -0.14278062912370693, -0.4510456676837904, 0.5591926294170864, -0.45336947832825036, 0.24564761470617835, -0.00851643990041795, 0.3192287719037372, -0.7579436039580326, 0.7329390751085076, -0.18374829881989707, 0.39394116084593467, 0.7104624769509804, -0.8913321808291919, -0.5654928199461711, 0.507051155976872, 0.5894869549942356, -0.09565372522522597, -0.4052750050421744, 0.21331356033024473, 0.31906233281475394, 0.6645850261643726, -0.015392696418954355, -0.035537851988433844, 0.3253154452072442, 0.3708827292166106], [-0.4227205625726903, -0.29127577123902093, -0.2500525907236697, -0.3055374984680841, 0.5890086468627067, 0.5983804235282277, -0.8315636571188335, 7.0, 0.36660611194695125, -0.1475681423167392, 0.28053207537939384, 0.8536778811237395, 0.04337638343232486, 0.2534425531274056, 0.04057296336697802, -0.13983337802429752, 0.0384084717998483, -0.7157117508479043, 0.23373484210318396, 0.0593005427716069, 0.19897233287105554, 0.02664857723217917, 0.513836837335548, 0.17669906511563838, -0.09070941297076884, -0.5433956186103527, -0.18263987140420168, -0.2886248041300147, 0.0358343783449131, 0.6379829246248869, -0.6367557008527145, 0.43830543701972857, 0.6082019714592151, 0.22735480942520403, 0.22361896178136265, -0.18447142324813837, 0.10862181325789733, 0.4315043458074346, 0.03681713611346016, 0.12107164317542707, -0.204141628296451, -0.2614566045866432, 0.6840331412442926, -0.0670860732316948, 0.4129207717945902, 0.009152277211441628, 0.1741427761690908, -0.49936928304918027, 0.6834483224578216, -0.21048874442294252], [-0.09011962065780643, 0.11041462754613174, 0.08252361927648955, -0.35735274753492563, 0.2162496155374991, -0.4443410830571629, -0.2350367821523317, 0.36660611194695125, 7.0, -0.0615767850215323, -0.45668210053175384, 0.5885748096707457, 0.9099619141590727, -0.4259717541695832, 0.5242763559998931, -0.463504983892828, -0.08726213743747424, 0.36108224027032443, 0.050755586655304, 0.4524314906994984, 0.31596543669673394, 0.5279783950300954, 0.15721209590556495, -0.45753742447487544, -0.16479832745028633, -0.20873358446551282, 0.3619172556330619, -0.41467826941715435, 0.08653460834043525, 0.17531434392658918, 0.07366482864905155, -0.40694019528228553, 0.5801003462103458, -0.23091474745655416, 0.03400719438586508, -0.33041735018480745, -0.4198251161126505, 0.5664325110088941, -0.4744280770446727, -0.4783842778004016, -0.8986603654383675, -0.1315722402264322, -0.215307068305009, -0.18139783130389764, -0.07443797849739009, 0.7108282765059908, -0.4337639086836389, -0.35715427466824434, -0.3830323994460678, 0.7811768501097038], [0.31774858156185415, 0.33129420270092735, 0.055057025276153304, -0.5211878226492588, -0.7636262012225615, -0.42859978419372646, -0.5884451979905884, -0.1475681423167392, -0.0615767850215323, 7.0, -0.07166777350941766, 0.6582076200271145, -0.26837530273961485, 0.05568071726942492, -0.12904036957892562, 0.044974646910595606, 0.4590907791742467, -0.19192940583202212, -0.5795888874864781, -0.2213814973918774, -0.6834978957904209, 0.1415460556508057, 0.5348617209745297, 0.22827533496664, -0.7736959290698456, -0.3345477725301421, -0.3042944534490226, -0.7020743156129972, -0.0625556774968099, -0.46142868198194986, -0.5383404890617361, 0.03694628019443069, 0.41507597404698116, 0.7056244857777321, 0.7584106405565145, 0.18836615153799707, 0.6133127570136008, -0.30250316535926847, -0.14101821176357487, 0.03039625798264689, 0.25386185168078157, -0.28244935916978275, -0.4722146646357046, -0.485719577950699, -0.00023193634584006695, -0.2771701475754006, -0.41789126951678923, -0.3498910119346941, 0.05399576006740814, -0.06279145423613774], [-0.12393187863182453, -0.04563179752763724, 0.6758467386681133, -0.5969295687624804, -0.3968138852943123, -0.04973945211044184, -0.5691935463448241, 0.28053207537939384, -0.45668210053175384, -0.07166777350941766, 7.0, 0.05469890674216149, -0.5250914384679822, -0.7188303670819014, -0.6358432321420346, -0.11420447686322388, -0.17785323027995958, 0.5899103720083523, 0.5532416858586138, -0.547383713392129, -0.2970628197999594, 0.18594558566602215, 0.3156634328363541, -0.13054205854696332, 0.1121141011801754, -0.4473479500264894, 0.05437232465795905, 0.48041258467733283, 0.28211572906104654, 0.31742110425466596, -0.31354385761739556, 0.3623903039230061, -0.4434501362027199, -0.5283677195618652, 0.6376100742237236, -0.16354063050556678, 0.3935953758660071, -0.2428686687165349, -0.41157964754972864, 0.4953048409060148, 0.8031606911296163, 0.34051148326450886, 0.2193785932132455, 0.00450915749744496, -0.2891868893386548, -0.25881743188766415, 0.7062210211540607, -0.2993921465318614, -0.09158787672945046, -0.5116750727377615], [0.06581460502001368, 0.41812036719009305, 0.7375719378332821, -0.2124765626027294, 0.28095718455901486, -0.7116197070650822, 0.11865142918356786, 0.8536778811237395, 0.5885748096707457, 0.6582076200271145, 0.05469890674216149, 7.0, -0.2393261693095785, -0.7862354148836075, 0.012372801668335764, 0.06380821417777716, 0.39010687017025614, -0.2818251972674213, 0.3178075755547245, -0.43852023101502613, -0.34151584355688247, -0.0538289136238993, 0.06804160894879585, 0.6537752117817646, -0.6431525304094194, 0.6410140416887762, -0.08996166648487203, -0.2763764688863337, 0.3408702062193012, -0.047953922604307087, -0.11263035238649954, 0.08473294734338399, -0.4735422664541592, 0.4476978026613838, -0.4452937456929966, -0.37611170215330025, -0.29658759240074595, 0.11908131857153093, -0.14342585474105818, -0.4165041759456365, -0.08089969970103406, -0.20292169863536036, 0.19828179523563083, 0.4511596861606657, 0.5367835410251938, -0.22373319212653164, -0.6216282097368878, -0.05487620187491782, -0.1828594808459838, 0.4252724777717325], [0.39087395263115265, 0.05224053026398345, -0.09126324687750542, 0.5428824944371833, 0.31474791507897404, 0.4456003044696806, -0.0548270035963595, 0.04337638343232486, 0.9099619141590727, -0.26837530273961485, -0.5250914384679822, -0.2393261693095785, 7.0, 0.2581671013851312, -0.4057673310778743, -0.5654753982104719, 0.6154354196498655, 0.5264759985259719, -0.35240267743776044, 0.19710483727045824, 0.07424831583877367, -0.7282091365216937, 0.6794836296859446, 0.38121796620714843, 0.10825494863737983, -0.16305490123561261, -0.17328122418926462, -0.05574212695111036, 0.33171464204740486, 0.39143343021320876, -0.3072578493593129, 0.02617429228158752, 0.02632599828911042, 0.7936429403161336, 0.06389683500680654, 0.5352054818919005, 0.7568433488375432, -0.5232046179024892, 0.3441989859823016, -0.10491708848584513, -0.5053296768980983, 0.025441964345265022, 0.03638776152225187, 0.5832486457962722, 0.08645572323797435, -0.2556228281477788, 0.0564870190731841, -0.1732936516401773, 0.30912222475167406, -0.08064639237384807], [0.005619167478789322, 0.10043961381552946, 0.4816911926027996, 0.4085226966685651, -0.011905327223688977, -0.43462006552334964, 0.41995283132782646, 0.2534425531274056, -0.4259717541695832, 0.05568071726942492, -0.7188303670819014, -0.7862354148836075, 0.2581671013851312, 7.0, -0.1352858672768631, -0.2543189003062645, 0.2044407789141225, -0.013227326214776625, 0.1303386271543192, -0.12203733094375091, 0.05176342134541678, -0.43784207459094204, 0.6837132100419334, -0.002966197614538979, 0.015308073102794362, -0.11273953069690468, -0.07961907302258364, 0.2162682092541317, 0.3914411113000922, -0.13208749105791062, -0.7027925967183322, 0.03840283619122964, -0.2991903579348043, -0.8324841756020341, -0.3848524556014842, -0.47492499108826136, 0.3600986042080745, -0.5847935305751696, 0.24733498413796084, -0.011460642790533826, 0.13185933496270508, 0.0275078459372724, -0.14471384879516047, -0.7329314756491875, 0.25257980700355387, -0.2971238090318794, 0.4518523041728637, 0.08796048906617937, 0.10334103625899638, -0.1131540566744822], [-0.29075619221413673, 0.1946440439808328, -0.23672562695889687, 0.058800255028178317, 0.45913272618047607, 0.15064034035520946, 0.09692225132038423, 0.04057296336697802, 0.5242763559998931, -0.12904036957892562, -0.6358432321420346, 0.012372801668335764, -0.4057673310778743, -0.1352858672768631, 7.0, 0.49590998567005284, 0.5694400945161924, -0.14115348763550029, 0.6330014541491074, 0.11771996805099372, -0.06023023303542885, 0.5241140215978413, -0.18729581976758714, 0.42213816377080926, -0.4352938774370887, -0.26377673695408066, -0.20106933195440813, -0.6814889820036489, -0.08980387568620407, 0.37061422942938727, 0.01610001855808152, 0.27346202561090793, -0.08844092803695591, -0.3975112723252182, -0.03125179526437871, -0.14322222059607825, 0.05126587976436703, 0.2631367912735323, -0.6134871527173098, 0.5687672924116391, -0.39041614199603136, 0.18932016971664334, -0.47794405301929543, -0.10847340110741921, 0.05410203860261387, 0.16629840903638238, -0.3059845690415328, -0.03025410839841658, -0.3040882308677604, -0.33184134831489953], [0.6429643862157017, 0.1501510411361584, 0.6884661269904735, 0.05566986857839096, -0.11985432341088587, 0.6022613418746066, -0.584163769824322, -0.13983337802429752, -0.463504983892828, 0.044974646910595606, -0.11420447686322388, 0.06380821417777716, -0.5654753982104719, -0.2543189003062645, 0.49590998567005284, 7.0, 0.15843550563560171, 0.6839930706573252, 0.4695018159797355, -0.6150473754491906, -0.6953192343806048, -0.06678932370029445, 0.28972069029205016, 0.19995255731817907, -0.6125058380349269, -0.37011944714058576, 0.47921606292492713, -0.22231000916062538, -0.279457122716814, 0.17693455577149209, 0.4450644811177842, 0.29294515957065226, 0.11928497085960998, 0.2470833350599091, 0.32821477688597644, -0.33991359369267427, -0.011161840252103539, 0.5039434485668388, -0.17266714961691898, -0.03768381879511329, 0.18533975285051296, 0.25488995278251236, 0.1506123361859193, -0.23081667201578504, 0.6319027739819911, 0.3917644478556068, -0.35241866210183437, 0.18871989786328935, 0.08739010501895317, -0.3347011874247282], [0.7857988891856027, -0.11525494970261152, -0.7338932364776709, 0.8166283071878535, -0.19553761963607252, 0.023503133400498033, 0.7013327947556536, 0.0384084717998483, -0.08726213743747424, 0.4590907791742467, -0.17785323027995958, 0.39010687017025614, 0.6154354196498655, 0.2044407789141225, 0.5694400945161924, 0.15843550563560171, 7.0, -0.5221871897111893, -0.3631118124921452, 0.502562751689962, 0.09677353642060815, -0.22623957931341454, -0.8066234351164505, -0.7986958256561895, -0.038316400390971506, 0.40801004922215833, 0.7037457492226173, 0.8368928478920221, -0.45550019355437543, -0.38666964906015766, -0.3871728605432023, 0.4499601469110148, 0.09968959059084304, -0.20157390370487438, -0.7558266963306517, 0.11072091563300068, -0.14324595917461735, -0.05897048122352988, -0.8084249616904757, 0.01870501926801582, 0.46140419239869157, 0.589211309765671, 0.1746976271976468, -0.13770132340124241, 0.060878998569607656, 0.6359271756645608, -0.5713536832854368, -0.1481872029657576, 0.07234814957648128, 0.11301451806685847], [-0.18187235016681536, 0.23680588136887604, -0.15231200233467357, 0.7513346851567704, 0.5800872307578926, 0.6446862463228573, 0.8517334665538712, -0.7157117508479043, 0.36108224027032443, -0.19192940583202212, 0.5899103720083523, -0.2818251972674213, 0.5264759985259719, -0.013227326214776625, -0.14115348763550029, 0.6839930706573252, -0.5221871897111893, 7.0, 0.9029216038967474, -0.13994206047418556, 0.059753448721133084, -0.4865975405379096, -0.3955250306200295, 0.4360917575334178, 0.017281437853915893, 0.763194298326626, 0.2409729091057904, 0.5987130103500158, -0.13929029326063025, -0.261904985024106, 0.19956583422568563, -0.22562080817567676, -0.4397114261570423, 0.0021111714770394308, 0.44319426306901843, 0.00768872044339064, -0.07650363226181, -0.2887776846611607, -0.4384072758522227, 0.24220790661435432, 0.08765351534627541, 0.2408583628241323, -0.5628640440756014, -0.6719004995209508, 0.7267516217035817, 0.6140603954613233, -0.3408563725661412, 0.39674103152166085, -0.03629700653349577, -0.3204179586083278], [0.17289654700771395, -0.011270472272285614, 0.21605078798326138, -0.14687801539225442, -0.12540918598091955, 0.5326065502721364, 0.7876951203359082, 0.23373484210318396, 0.050755586655304, -0.5795888874864781, 0.5532416858586138, 0.3178075755547245, -0.35240267743776044, 0.1303386271543192, 0.6330014541491074, 0.4695018159797355, -0.3631118124921452, 0.9029216038967474, 7.0, -0.06379606073108868, -0.2163620010991435, 0.24131457376211385, 0.30842202628619186, -0.2131744201046637, 0.2944542490559192, 0.4307288489375187, 0.1614060831278059, -0.1976469365143304, -0.4507641919602787, -0.08854685338349588, 0.07415986682217968, 0.6841107883599291, 0.1022310436183822, -0.2837374809821489, 0.4321108807377474, 0.00878018976190087, -0.7647869634931941, -0.37497233409970554, 0.3372366862387248, -0.6357613604810444, -0.28674931608546395, 0.2146614021462261, -0.7190796815604361, -0.17568223095914226, -0.05813137559712278, -0.2548064960845232, 0.08017170684840091, 0.3353114622593778, 0.08159607915196387, 0.30530586596599063], [0.2086619689082867, 0.16689722201950552, 0.43375038928967324, 0.09859706027993753, 0.30774097092835495, -0.3500305946938256, -0.6712477938337164, 0.0593005427716069, 0.4524314906994984, -0.2213814973918774, -0.547383713392129, -0.43852023101502613, 0.19710483727045824, -0.12203733094375091, 0.11771996805099372, -0.6150473754491906, 0.502562751689962, -0.13994206047418556, -0.06379606073108868, 7.0, -0.707267085805461, 0.38143570950065175, -0.13064327440215007, -0.05912809495592719, -0.3061715034415985, -0.19651836178610338, -0.003915192283716062, -0.06778190624738079, 0.6417897851399679, -0.007884244940277618, -0.1211768625366928, 0.0685192045814289, 0.2540242066916718, -0.9599265445941875, 0.16259776245224877, 0.7049896792147043, 0.7098659285645528, 0.15817675751415372, -0.03387660588432795, 0.0017994704816755025, 0.7663583392107207, -0.45642119872138154, -0.0626927029451434, -0.23551494548433105, 0.4067785564398414, 0.10214327886684837, 0.2930706785475441, -0.320577289471921, 0.03102089291937249, -0.07668708046974537], [-0.08056736425605449, -0.47183718798495655, -0.04710292468751287, -0.33368534102027325, -0.18309232074989723, -0.8668231232654947, -0.10682472982492475, 0.19897233287105554, 0.31596543669673394, -0.6834978957904209, -0.2970628197999594, -0.34151584355688247, 0.07424831583877367, 0.05176342134541678, -0.06023023303542885, -0.6953192343806048, 0.09677353642060815, 0.059753448721133084, -0.2163620010991435, -0.707267085805461, 7.0, -0.07972983045242155, 0.4439328175777044, -0.35750788193796823, -0.20457685776105428, 0.17911572580009683, 0.8552369358982452, -0.06314463219991273, 0.06223578196546864, -0.39843367797072315, 0.13839709743155693, 0.15119406081753528, -0.7860981234978025, -0.21580157468774397, 0.7191168595586725, -0.02640820584221104, -0.3534415732568972, 0.2883745101109929, 0.2977719979841327, -0.40321277209337125, 0.12980700512333687, -0.6381726675244633, -0.0846469308111869, -0.4288480599155431, 0.18722362774512935, -0.5074898831125769, 0.5739669920436343, 0.32567513703564943, -0.27477741110599874, -0.46318763352608383], [0.5321279542013002, 0.07590603309765598, -0.20985751357617166, 0.21421519039644465, 0.35782258243916676, -0.07018136341966186, -0.8553168076583478, 0.02664857723217917, 0.5279783950300954, 0.1415460556508057, 0.18594558566602215, -0.0538289136238993, -0.7282091365216937, -0.43784207459094204, 0.5241140215978413, -0.06678932370029445, -0.22623957931341454, -0.4865975405379096, 0.24131457376211385, 0.38143570950065175, -0.07972983045242155, 7.0, -0.6395732762588232, 0.4880430239631992, 0.07298949581082104, 0.7247826302504752, 0.65087973682988, -0.2540851952841806, -0.16036565124273783, -0.5618049548990681, -0.6902160737396994, -0.4016705701535105, 0.16662424146573596, 0.7467992493624847, -0.08481833765009206, 0.03567848431341769, -0.15008208072362905, 0.5821714571826413, 0.23952650250587348, -0.16920220554343213, -0.3378000918997519, -0.18281819656082576, 0.02472938789953205, -0.35438551495544324, -0.4827309005603707, -0.8363498718355307, -0.07602706897936118, 0.0814294009666543, 0.4818636110535097, -0.4615583557884465], [-0.050315867272726855, -0.044068910893153235, 0.19260894091703773, -0.22260239306763563, 0.01937713010654396, -0.0641657996374384, 0.6404564265010118, 0.513836837335548, 0.15721209590556495, 0.5348617209745297, 0.3156634328363541, 0.06804160894879585, 0.6794836296859446, 0.6837132100419334, -0.18729581976758714, 0.28972069029205016, -0.8066234351164505, -0.3955250306200295, 0.30842202628619186, -0.13064327440215007, 0.4439328175777044, -0.6395732762588232, 7.0, 0.19756684308608063, -0.5496980118593598, -0.29846110729057607, -0.0968475005529843, -0.6287238332595526, 0.057356625650404336, -0.6438540551538667, -0.22726774385112636, 0.2751858220539143, 0.6954223294614827, 0.14216807393382913, -0.2560123789901051, -0.5037021819361646, -0.8685844596730398, 0.37526491497476533, 0.14491495194289516, 0.29721595522181277, 0.5188835250606456, -0.8694310470025626, -0.1825450992750608, -0.08491202356497807, -0.016981424822530178, -0.386359498524772, 0.16624714664602136, 0.01044980497085013, -0.29946976284165605, 0.14367192861785316], [0.07568068432842368, 0.3133804886104996, 0.8001308882473488, 0.4523705958701407, 0.26537601021849033, 0.2713736256762762, -0.38834342978751824, 0.17669906511563838, -0.45753742447487544, 0.22827533496664, -0.13054205854696332, 0.6537752117817646, 0.38121796620714843, -0.002966197614538979, 0.42213816377080926, 0.19995255731817907, -0.7986958256561895, 0.4360917575334178, -0.2131744201046637, -0.05912809495592719, -0.35750788193796823, 0.4880430239631992, 0.19756684308608063, 7.0, -0.4748282050537195, 0.269564067389519, 0.4961178745647574, 0.165832975549423, -0.01092000745226196, 0.48595593614247523, -0.09625237668744768, 0.3763000644932615, -0.1898675504220686, 0.2916856788007878, -0.1689344980780182, -0.591187355433601, 0.12334761278150985, 0.5451406858957242, -0.372665674378461, -0.03813076190581588, -0.2117747404342304, -0.0436614684531208, -0.7189816708628984, -0.46605067153566526, -0.3530114773289328, 0.11005834115781576, -0.4710074968654202, 0.7536260907539774, -0.5057653095905484, 0.3301417825361579], [-0.0012718146557838539, 0.15902945459871454, -0.6114374580974745, 0.358289142363752, 0.8634105430234689, 0.7994623051647649, -0.18371959083676992, -0.09070941297076884, -0.16479832745028633, -0.7736959290698456, 0.1121141011801754, -0.6431525304094194, 0.10825494863737983, 0.015308073102794362, -0.4352938774370887, -0.6125058380349269, -0.038316400390971506, 0.017281437853915893, 0.2944542490559192, -0.3061715034415985, -0.20457685776105428, 0.07298949581082104, -0.5496980118593598, -0.4748282050537195, 7.0, 0.03964816649860303, 0.4595557208418153, 0.4497656189397765, -0.25181123021729257, 0.07253883405782147, 0.2935693020456296, -0.5161501791311409, 0.02061247128574739, 0.1882883278872045, -0.25403511980475646, 0.007629492921389591, -0.25515887593444475, -0.509577153852432, -0.462349931666856, 0.7038270210191486, -0.14984066123504736, -0.23425698200230083, -0.12816266121652353, 0.06195201089747826, 0.06399132387045148, -0.29301169236693336, 0.23766449771653209, -0.4694732668010674, -0.10439119599294266, 0.6356684208295822], [-0.18724215053093396, -0.0015362064056032576, -0.3009859779591578, -0.1716385454821352, 0.7349382483631688, 0.33667586235779257, -0.14278062912370693, -0.5433956186103527, -0.20873358446551282, -0.3345477725301421, -0.4473479500264894, 0.6410140416887762, -0.16305490123561261, -0.11273953069690468, -0.26377673695408066, -0.37011944714058576, 0.40801004922215833, 0.763194298326626, 0.4307288489375187, -0.19651836178610338, 0.17911572580009683, 0.7247826302504752, -0.29846110729057607, 0.269564067389519, 0.03964816649860303, 7.0, -0.07995634343038172, -0.26830391871701476, -0.012073106463860506, 0.6199161282225045, -0.3336906617387533, 0.46872445982904143, -0.306873891576496, 0.02954784446365233, 0.24892903700692637, 0.2633733568635577, 0.13942467588521557, -0.16224062151704877, 0.6720563439207372, -0.510620251527615, -0.06350714511968725, -0.08357769298535445, 0.0007940476939287677, 0.47085255277171845, -0.6128475887292233, 0.5328750632330008, -0.4572811670431669, -0.014181052139825012, -0.11150072435576097, 0.4397095023204858], [-0.005287255334967322, -0.618361254269729, -0.1029160800002662, 0.2822714206457728, 0.04655210859396797, -0.8009707377372179, -0.4510456676837904, -0.18263987140420168, 0.3619172556330619, -0.3042944534490226, 0.05437232465795905, -0.08996166648487203, -0.17328122418926462, -0.07961907302258364, -0.20106933195440813, 0.47921606292492713, 0.7037457492226173, 0.2409729091057904, 0.1614060831278059, -0.003915192283716062, 0.8552369358982452, 0.65087973682988, -0.0968475005529843, 0.4961178745647574, 0.4595557208418153, -0.07995634343038172, 7.0, 0.8152102257824021, -0.463230282116045, 0.47995699502458455, -0.3078059290551648, -0.08600393629859504, 0.5549830200691819, 0.4315440753913333, -0.14928720856608912, 0.07843767856614559, -0.17849718859382335, 0.20283426190354215, 0.1948193014426547, -0.572388356736104, 0.27183841646638696, -0.7039205088455158, 0.05668546243081485, -0.1336748494622717, 0.04565696857562429, 0.5693394934929765, -0.410062596379543, -0.5794368823263405, -0.5031318331688392, -0.15640078125406098], [0.3795684902006691, 0.01307818964426044, -0.19599192422568057, -0.3630670492620234, -0.4072736993328938, -0.12712639885067512, 0.5591926294170864, -0.2886248041300147, -0.41467826941715435, -0.7020743156129972, 0.48041258467733283, -0.2763764688863337, -0.05574212695111036, 0.2162682092541317, -0.6814889820036489, -0.22231000916062538, 0.8368928478920221, 0.5987130103500158, -0.1976469365143304, -0.06778190624738079, -0.06314463219991273, -0.2540851952841806, -0.6287238332595526, 0.165832975549423, 0.4497656189397765, -0.26830391871701476, 0.8152102257824021, 7.0, 0.5969254024997608, 0.3745834284356011, -0.44199438283277614, 0.3580642069811504, 0.29893558933432063, -0.05917838014965393, 0.07779470045005787, -0.1152206387390805, -0.10561811837601254, 0.6529878779062845, 0.29824092147111525, -0.40210249914406404, 0.6005585717595388, 0.9549649352420446, -0.390291815636567, 0.34666096411479463, -0.01754146930204714, 0.0010932885610992482, 0.3421537493544904, 0.0004403157797234769, -0.13513933470898498, -0.3298002398881039], [-0.4001905782882198, 0.2973032590462463, -0.22219306619835866, 0.1938589686048351, -0.38857577096238216, 0.4460390276201047, -0.45336947832825036, 0.0358343783449131, 0.08653460834043525, -0.0625556774968099, 0.28211572906104654, 0.3408702062193012, 0.33171464204740486, 0.3914411113000922, -0.08980387568620407, -0.279457122716814, -0.45550019355437543, -0.13929029326063025, -0.4507641919602787, 0.6417897851399679, 0.06223578196546864, -0.16036565124273783, 0.057356625650404336, -0.01092000745226196, -0.25181123021729257, -0.012073106463860506, -0.463230282116045, 0.5969254024997608, 7.0, -0.15624633049955383, 0.8012596161591992, -0.04791678315308112, -0.7014326028174954, 0.13792510540331016, -0.42123953032179473, 0.07429066443650578, 0.9316232075421285, 0.04981051660487923, -0.8607206933781039, -0.7187598980832641, 0.47365262334493363, 0.06171279956400921, 0.3987972017400325, 0.31428243791665733, 0.26776852374629145, -0.29368443174742553, -0.1940821837130421, 0.7700239048534563, 0.17895310324881497, -0.15199445072510642], [-0.4700651279630065, 0.5276299058927767, -0.24290445825168783, -0.517014178728218, 0.14386646569266226, -0.25185024200135, 0.24564761470617835, 0.6379829246248869, 0.17531434392658918, -0.46142868198194986, 0.31742110425466596, -0.047953922604307087, 0.39143343021320876, -0.13208749105791062, 0.37061422942938727, 0.17693455577149209, -0.38666964906015766, -0.261904985024106, -0.08854685338349588, -0.007884244940277618, -0.39843367797072315, -0.5618049548990681, -0.6438540551538667, 0.48595593614247523, 0.07253883405782147, 0.6199161282225045, 0.47995699502458455, 0.3745834284356011, -0.15624633049955383, 7.0, 0.020049277419103007, 0.4746749617916959, -0.08295364184564413, 0.32526198755479907, 0.05778559993869825, -0.08846932350865555, -0.3522710461534737, 0.059247727124012606, -0.6942568447156271, 0.07745100855632714, -0.8435861111187114, -0.11663870197522752, 0.16863090754580012, -0.7669719628941893, -0.04855607154665553, 0.2560803476396303, 0.5045489224123159, 0.27259155820597525, 0.4258595134045895, -0.5239745826266323], [-0.4694256375065451, 0.05695856191729143, 0.09829139313479018, -0.2316845163710627, -0.038391332931533406, -0.4712960835456156, -0.00851643990041795, -0.6367557008527145, 0.07366482864905155, -0.5383404890617361, -0.31354385761739556, -0.11263035238649954, -0.3072578493593129, -0.7027925967183322, 0.01610001855808152, 0.4450644811177842, -0.3871728605432023, 0.19956583422568563, 0.07415986682217968, -0.1211768625366928, 0.13839709743155693, -0.6902160737396994, -0.22726774385112636, -0.09625237668744768, 0.2935693020456296, -0.3336906617387533, -0.3078059290551648, -0.44199438283277614, 0.8012596161591992, 0.020049277419103007, 7.0, 0.041161353224604014, -0.3076832222970176, -0.22129469819730063, -0.25855236654104896, -0.5802498882472538, 0.004069707721436444, -0.32958746915592607, 0.18029835522136883, 0.17344344437641945, -0.24990599910517342, -0.6814633391015563, -0.339219583224627, -0.16660787124440524, -0.153553849285177, 0.026150039159086758, -0.5975813353985608, -0.22258605040422408, -0.5357471392134066, -0.4950440405382359], [0.17543827402946266, -0.6534850764820399, 0.2398024005234063, 0.6604082263281845, -0.122969005826291, 0.4706196890970491, 0.3192287719037372, 0.43830543701972857, -0.40694019528228553, 0.03694628019443069, 0.3623903039230061, 0.08473294734338399, 0.02617429228158752, 0.03840283619122964, 0.27346202561090793, 0.29294515957065226, 0.4499601469110148, -0.22562080817567676, 0.6841107883599291, 0.0685192045814289, 0.15119406081753528, -0.4016705701535105, 0.2751858220539143, 0.3763000644932615, -0.5161501791311409, 0.46872445982904143, -0.08600393629859504, 0.3580642069811504, -0.04791678315308112, 0.4746749617916959, 0.041161353224604014, 7.0, -0.012708397119282178, -0.28690043867693993, -0.6197238391943364, 0.7821937064279378, 0.3351383020909966, -0.0566310016231093, 0.2497840894060106, 0.8371337983222054, 0.47480828777015827, -0.09379060197079503, -0.7176647043247927, -0.1616599149522906, -0.4018477895515111, -0.6533075252529604, -0.3335708818024734, 0.3604146237454364, -0.303813482131977, -0.5762483755147472], [0.43223200441068776, 0.21918249711562288, -0.1831548846402684, 0.18441338800585916, -0.12042195919271048, 0.09098821308979366, -0.7579436039580326, 0.6082019714592151, 0.5801003462103458, 0.41507597404698116, -0.4434501362027199, -0.4735422664541592, 0.02632599828911042, -0.2991903579348043, -0.08844092803695591, 0.11928497085960998, 0.09968959059084304, -0.4397114261570423, 0.1022310436183822, 0.2540242066916718, -0.7860981234978025, 0.16662424146573596, 0.6954223294614827, -0.1898675504220686, 0.02061247128574739, -0.306873891576496, 0.5549830200691819, 0.29893558933432063, -0.7014326028174954, -0.08295364184564413, -0.3076832222970176, -0.012708397119282178, 7.0, 0.07237181801629466, 0.204257068045973, -0.13578547419315978, -0.4593063513729413, -0.23551525595699174, 0.3908664919848124, 0.7684889803253245, -0.15154089383941594, 0.34313945976485005, 0.2847130556030679, -0.24233245433430894, 0.22764072069480212, -0.8188540047582896, -0.3430879159521263, -0.43073024849795194, -0.24364564630790986, 0.2508377730228837], [-0.24759711555886854, 0.05503102512009006, -0.5628687799697992, -0.07944934818620886, -0.8238408378198284, 0.39986046513105333, 0.7329390751085076, 0.22735480942520403, -0.23091474745655416, 0.7056244857777321, -0.5283677195618652, 0.4476978026613838, 0.7936429403161336, -0.8324841756020341, -0.3975112723252182, 0.2470833350599091, -0.20157390370487438, 0.0021111714770394308, -0.2837374809821489, -0.9599265445941875, -0.21580157468774397, 0.7467992493624847, 0.14216807393382913, 0.2916856788007878, 0.1882883278872045, 0.02954784446365233, 0.4315440753913333, -0.05917838014965393, 0.13792510540331016, 0.32526198755479907, -0.22129469819730063, -0.28690043867693993, 0.07237181801629466, 7.0, 0.36951226248519387, -0.4172058178945982, 0.08816269107247643, -0.7153922154708252, -0.29640614660121667, 0.5354277129976213, 0.2563948225756505, 0.3376587906242572, -0.007690914120050851, 0.09125125049808647, 0.37569575255638465, -0.6833472741904638, 0.5193559029173362, 0.02401368005611637, -0.36384425251304775, 0.3949538074361394], [-0.4971107652936668, 0.0783540927723998, 0.39477621773284843, 0.6054398423941805, -0.04004344332339438, 0.8780039817861833, -0.18374829881989707, 0.22361896178136265, 0.03400719438586508, 0.7584106405565145, 0.6376100742237236, -0.4452937456929966, 0.06389683500680654, -0.3848524556014842, -0.03125179526437871, 0.32821477688597644, -0.7558266963306517, 0.44319426306901843, 0.4321108807377474, 0.16259776245224877, 0.7191168595586725, -0.08481833765009206, -0.2560123789901051, -0.1689344980780182, -0.25403511980475646, 0.24892903700692637, -0.14928720856608912, 0.07779470045005787, -0.42123953032179473, 0.05778559993869825, -0.25855236654104896, -0.6197238391943364, 0.204257068045973, 0.36951226248519387, 7.0, 0.1449880044174392, 0.09182970060579976, 0.811598010414933, -0.397405722162705, -0.11657208703741906, -0.20776618332088848, -0.4923824045340759, 0.6069254331479534, 0.19139389147135777, 0.24924952424975144, 0.10777107744731085, 0.5208599565597143, -0.12481763718182937, 0.11253097326431405, -0.8484840561243492], [-0.15351982320477353, -0.19682054498427515, 0.12810877807769572, 0.2515249885797548, -0.333693240569086, -0.05760795162495702, 0.39394116084593467, -0.18447142324813837, -0.33041735018480745, 0.18836615153799707, -0.16354063050556678, -0.37611170215330025, 0.5352054818919005, -0.47492499108826136, -0.14322222059607825, -0.33991359369267427, 0.11072091563300068, 0.00768872044339064, 0.00878018976190087, 0.7049896792147043, -0.02640820584221104, 0.03567848431341769, -0.5037021819361646, -0.591187355433601, 0.007629492921389591, 0.2633733568635577, 0.07843767856614559, -0.1152206387390805, 0.07429066443650578, -0.08846932350865555, -0.5802498882472538, 0.7821937064279378, -0.13578547419315978, -0.4172058178945982, 0.1449880044174392, 7.0, 0.2692864304671412, 0.057400011452573896, -0.12149158122030301, -0.06945358709274152, 0.22162669929672685, -0.126090366950808, -0.3352837011755332, -0.3813019255510649, 0.6148096538161023, -0.42648805568783543, 0.08117084037480549, 0.25623249903804, 0.2020500339376472, -0.04639198365339725], [0.5884365665181546, -0.1402256146404296, 0.4256554659331484, -0.41695782308569795, 0.5204602327788437, 0.4184622374492577, 0.7104624769509804, 0.10862181325789733, -0.4198251161126505, 0.6133127570136008, 0.3935953758660071, -0.29658759240074595, 0.7568433488375432, 0.3600986042080745, 0.05126587976436703, -0.011161840252103539, -0.14324595917461735, -0.07650363226181, -0.7647869634931941, 0.7098659285645528, -0.3534415732568972, -0.15008208072362905, -0.8685844596730398, 0.12334761278150985, -0.25515887593444475, 0.13942467588521557, -0.17849718859382335, -0.10561811837601254, 0.9316232075421285, -0.3522710461534737, 0.004069707721436444, 0.3351383020909966, -0.4593063513729413, 0.08816269107247643, 0.09182970060579976, 0.2692864304671412, 7.0, 0.09500649744923884, -0.0999886884774579, 0.39514566414976815, -0.24665474906262286, -0.6944660749148972, 0.2662132566237454, -0.1587867693184375, 0.4163902882374415, 0.2547708001145921, -0.35398252172310474, 0.7801876139800223, 0.032853726904914504, -0.10797416754796496], [0.08065513270413471, -0.0859671436296695, -0.10653613955371366, -0.25854507208406896, -0.07590348633087995, 0.4198312237742785, -0.8913321808291919, 0.4315043458074346, 0.5664325110088941, -0.30250316535926847, -0.2428686687165349, 0.11908131857153093, -0.5232046179024892, -0.5847935305751696, 0.2631367912735323, 0.5039434485668388, -0.05897048122352988, -0.2887776846611607, -0.37497233409970554, 0.15817675751415372, 0.2883745101109929, 0.5821714571826413, 0.37526491497476533, 0.5451406858957242, -0.509577153852432, -0.16224062151704877, 0.20283426190354215, 0