{"N": 50, "M": 1, "c_0": [-0.9468004631335987, 0.5172307722279927, 0.2766868256647983, -0.10510034586102468, 0.22198340521806115, -0.4497987459736963, 0.7363602267280474, 0.18894509681519844, -0.7036633640159604, -0.197299235273098, 0.010882418487260015, -0.6285837086549024, 0.42107045094183193, -0.2095493070058132, 0.5272624835384405, 0.8340092036707076, 0.3074873734416954, -0.22785483493638092, 0.5651075279014284, -0.20922933180736014, -0.14037746858771394, 0.8328672931437908, -4.5181064393107206e-05, 0.4896943529487905, 0.0341240220253074, 0.49244670629273224, -0.2399838219290975, -0.6169139719359757, 0.599065481793716, 0.12541010562991617, -0.17510146979115393, -0.5957383329146555, -0.3164078544462654, 0.3009931489395943, -0.5939328065966081, 0.6574413160183541, -0.8723170304937196, 0.8882110248126993, -0.8547594490341903, 0.17364255212149482, 0.772332372839948, -0.1843477593099565, -0.01063674400335568, 0.2234377603840927, -0.4026805648518954, -0.848156197976822, 0.2867872370912967, -0.7845780055440905, -0.07873548651490214, 0.11485518533899208], "matrix_coe": [[[7.0, 0.6879269328629816, -0.11839646279448435, 0.1733707146417638, -0.19958943878882462, 0.095216468768061, 0.14264345471329953, -0.45771238698357475, 0.5380713235861143, 0.07071589907689568, -0.3760955205551437, 0.14927183733338878, -0.13132517029384583, -0.05884828642387652, -0.3700556101384683, 0.05948117879643888, 0.2798168489777382, 0.1681769471958927, -0.17139928827481155, -0.7057663441424901, 0.03285188004046424, 0.24647976893690715, 0.7027796299026874, 0.51045749643606, -0.4199257876732515, 0.046530015097759225, 0.7633917039868163, -0.04105533054376653, 0.0800346532590277, 0.40026346313945393, 0.5605934716969978, -0.05733463607393219, -0.8159042218409529, 0.09857559093976942, -0.34037098043655245, -0.11348318866057683, 0.3662947416860969, 0.09866201555004772, 0.005122204213334092, -0.5672489499284251, -0.29184769327514726, 0.14241876865064196, 0.2177716488356216, -0.42197306983456506, -0.34834547999161847, 0.2178005746368179, -0.299229751585393, 0.2266167990903054, -0.23002019423923015, -0.5281750450170288], [0.6879269328629816, 7.0, 0.05760072217911172, 0.034922867803916846, 0.12203174616809243, 0.2230365469099418, 0.18485125565624871, -0.45743644557198715, 0.17564715123587327, -0.384863054939784, -0.7893401362435467, 0.7664685119061065, -0.42808386769415396, -0.37364885025021943, 0.3391108443287276, -0.4887919630865327, -0.5303659488626944, 0.717074493666876, 0.542126358177387, -0.3140513937258279, 0.9347059358022802, 0.15370765375606443, -0.7054097544016855, -0.21738689644362497, -0.14319760427017858, -0.11858933110552372, 0.2156104521231963, 0.6067122745059967, 0.2949519648152461, 0.6995330890616942, 0.6285798932193685, 0.5329301620910052, 0.13588612422370883, 0.2600205391802133, 0.4280601172987488, 0.2570590836117579, 0.7582892771863425, -0.2970909280904468, 0.807037648522545, 0.07634388896239397, 0.3508317425080203, 0.7932829822583511, -0.5966547696521677, -0.27274353774995386, -0.21737296410749662, 0.7844314894838811, -0.42918522328875564, -0.5330194272322555, 0.019617912196209453, -0.04323424031250722], [-0.11839646279448435, 0.05760072217911172, 7.0, 0.3093336101810604, 0.2480028824387519, -0.3762251681611545, -0.19929893009234656, 0.7461367756774921, -0.3409127075049483, 0.4559922805546246, -0.2027631897729434, -0.1839378169521455, 0.03201087057945262, 0.12562559907085058, -0.32915428004153224, 0.1390028595152164, 0.6682779041232805, -0.2984020698844182, -0.0472893974662868, -0.047369380197710864, -0.5483025912978093, -0.26577530818938655, -0.8213715966118966, -0.4512345429446708, 0.3508084259115072, 0.8575538813484331, 0.6665719268119032, -0.18186237861838928, 0.4874315584559965, 0.4623864461627405, 0.45257201424561977, -0.15078978432143153, -0.27275181571599316, -0.3832466665742187, 0.3094853352256357, 0.07723282469647685, -0.6157582013973194, -0.12309601678575155, 0.22148169088547798, -0.059994006126504296, 0.006244343157590704, -0.3994773517930673, 0.521614477017347, -0.5787354689801532, -0.01798723154581816, 0.7933448455594725, 0.7298149677669021, 0.15752318405594767, -0.07666748650404098, -0.02737488465579696], [0.1733707146417638, 0.034922867803916846, 0.3093336101810604, 7.0, 0.5786218030228052, -0.6026183687129611, -0.33127190631758174, 0.521810206076839, -0.681918312381593, -0.2640437590105492, -0.015427152236985875, -0.3507661653411971, -0.6103577420155157, 0.04585164310127854, -0.35774580225354713, 0.15818870918854588, -0.3789184919395201, -0.08769677431352252, 0.31786923809369805, 0.06738672942431179, -0.009938262397872877, -0.15901137583521796, -0.5197417921135685, -0.13135167537704606, -0.16426985486003198, -0.0660398411770432, -0.1684277816057449, -0.5771844833242352, 0.116512800767544, 0.16989759604313237, 0.08121505359395087, -0.509931885991048, 0.13181293539339412, -0.07417497675862461, 0.1991299130961881, -0.014183289218448913, 0.20980177654302468, 0.19495662470631103, -0.5166066951137569, -0.12293115919749953, 0.6184455277866117, -0.1111937353072886, 0.2923440142151106, -0.2636485551454959, 0.21069068664684454, 0.290648119477543, 0.09884836784830942, 0.15192114882088914, -0.02075610034569686, -0.37460490987976114], [-0.19958943878882462, 0.12203174616809243, 0.2480028824387519, 0.5786218030228052, 7.0, -0.11374735611880749, 0.1272320525386641, -0.35666850345734946, -0.5944425926038406, -0.26813622112081326, 0.24644411301219682, 0.11298707150656728, 0.2841169942847934, 0.48188403928313805, 0.6981518905480948, -0.27134467250542527, 0.11407581440361891, -0.21958895283636337, -0.08528261860708797, 0.31139383972027845, -0.03615051721506646, -0.29633890564502086, 0.01699739786407628, 0.13666345325604823, -0.255631244407153, 0.2864181635260805, 0.8706672413700778, 0.5461944326844606, 0.007835849783722093, 0.10075839944348708, 0.031053390214693, -0.43416116968992535, -0.2672221986271055, -0.5693173317598159, -0.7387101005088832, -0.20309843519381643, -0.12136919584380612, -0.701889738358721, 0.3517334379554484, -0.6724167787150646, 0.04318936505296067, 0.3484859580691846, 0.16099243333419366, 0.41332032781330597, 0.266993165182249, -0.5340165867675892, -0.6391434997043043, -0.17545872147566954, -0.3756055085693457, 0.6733142677537871], [0.095216468768061, 0.2230365469099418, -0.3762251681611545, -0.6026183687129611, -0.11374735611880749, 7.0, 0.016135964491629462, 0.5067984439551876, -0.5517213395783284, 0.03407014756121596, -0.6133348097000927, 0.2319366538216383, 0.8784559085568806, -0.10860831410292582, -0.21231296285365608, -0.2871468870738826, -0.4104558946459542, 0.032301843379255235, 0.6538457091961343, 0.45344506854282307, 0.5939116937654205, 0.1431124922368312, -0.01537369992452331, -0.2351779565683575, -0.42239151510189077, 0.1233641881343075, 0.2677068077518152, 0.16497039702489769, -0.3483725634207714, -0.26821315301676774, 0.6130227402395874, -0.12480574458582105, -0.5764177258628835, -0.322591638781614, 0.663847613641793, -0.7171116995892419, 0.7194184688437781, 0.7090112413311946, -0.2947969832033074, 0.4788587267314468, -0.426236357113962, 0.6078456248957496, -0.03430353788859586, -0.7954647601511361, 0.13926867453375347, 0.1479749084851958, -0.25238958670982137, -0.3015573291539877, 0.031028208575163863, -0.10602167387915862], [0.14264345471329953, 0.18485125565624871, -0.19929893009234656, -0.33127190631758174, 0.1272320525386641, 0.016135964491629462, 7.0, -0.20932082304509236, -0.7098085097022643, -0.5683307797382827, -0.2766520955706061, -0.9007820146565949, 0.5002323426096416, 0.2553880262841828, -0.8508856092136844, -0.5221365073596033, -0.10112967873533263, -0.37309708723507695, 0.037093882466522565, 0.07799495703151216, 0.8016691271957286, -0.30191995018295403, -0.2611724942314062, 0.010369963842636665, 0.24731872128824506, 0.10558340687352974, 0.05833834299832663, 0.07254621908845627, 0.8915579571290935, 0.7636890174095929, -0.5319724329565512, 0.015272220782107215, -0.02611281240604557, 0.492409516383006, -0.49566197434095693, -0.2998612739173233, 0.16662465519099934, -0.3209116888180181, 0.3148175510657154, 0.216967065998807, -0.4642826640673241, -0.23852662318898732, -0.1529281425205643, -0.3144694267913427, 0.3805368376380849, -0.5232475973228163, -0.46677646521770233, 0.0285082522594875, 0.28027392508260274, 0.2364425665941341], [-0.45771238698357475, -0.45743644557198715, 0.7461367756774921, 0.521810206076839, -0.35666850345734946, 0.5067984439551876, -0.20932082304509236, 7.0, -0.048371622464959185, 0.32679771144284464, -0.6276475180282839, 0.011915441975080654, 0.0006728814252410231, -0.787174676975887, 0.5279246140268861, -0.045867375788522624, -0.939126810511236, -0.698729865750635, -0.014905106878950969, 0.18479008877799386, -0.10347014604412486, 0.13852241348322103, 0.29102978026031545, 0.6487952309637621, -0.44520712916404437, -0.01084956371384238, -0.1767884851341056, -0.3394092905752646, -0.5308190378511591, 0.19415384081172826, 0.35661150875257475, -0.27824078846057054, 0.13501313421930572, 0.1302427849611394, 0.11441100501937984, -0.18376174986663862, -0.9137094266525528, 0.9470171499598488, 0.11887612936938252, 0.06472820406426716, 0.5257258340231576, 0.17092699610976925, -0.08977055194323136, -0.5951975151156905, 0.4813660026802462, 0.14546423845440515, 0.22033202464429347, 0.9101212687684739, -0.200246601257281, 0.2639355478429264], [0.5380713235861143, 0.17564715123587327, -0.3409127075049483, -0.681918312381593, -0.5944425926038406, -0.5517213395783284, -0.7098085097022643, -0.048371622464959185, 7.0, -0.7460564255448402, -0.37581724641362546, -0.5634840027628644, 0.17205488991069817, 0.4617175766947923, -0.5472098767498774, 0.8066325626649626, -0.4517697426434514, 0.09050714449564179, 0.4206474637734863, 0.03474592774389018, -0.25450407081392656, 0.4878520575786025, -0.06988568355847735, 0.2971747955789965, -0.6332679197069664, 0.4543646615226913, 0.2064217680374547, 0.803816349548331, -0.7113931497074962, 0.6886533439352103, 0.19565716742208838, 0.9582001301060261, 0.3678739005831073, 0.20046390729026653, -0.5655716782211353, 0.10966627449108035, 0.5086761274748521, 0.05090638634587874, 0.1139942113971224, 0.6439784311794594, -0.20727626390014497, -0.27274596367347526, 0.37746017439633817, 0.17686416579667852, -0.29549171961062115, 0.25060400941363703, 0.005266179790641923, 0.2516594256894993, -0.5816379012928076, 0.5201453700839136], [0.07071589907689568, -0.384863054939784, 0.4559922805546246, -0.2640437590105492, -0.26813622112081326, 0.03407014756121596, -0.5683307797382827, 0.32679771144284464, -0.7460564255448402, 7.0, -0.20356341160857083, -0.43314016043976444, 0.18266144447136523, -0.061621825014218534, 0.588010353788023, 0.18733325929795197, 0.9512014187957796, 0.03245835565582378, 0.32018199519268853, -0.054319141882219646, 0.04773445317458469, -0.20999228223687472, -0.13435631269467385, -0.002702243732281673, -0.38120366892978563, -0.01917686872655988, 0.4457433268728088, -0.386536211653566, -0.3782367224743526, -0.299997628573346, -0.00350174249678592, 0.17313562194974175, -0.0482149631991603, 0.059798234674171225, 0.5538638184796838, -0.04739461157970715, 0.5269277613728849, 0.6864145173418841, -0.07521464286294088, 0.856602821488438, 0.5938632103067807, 0.8165366114290897, 0.3225231391855874, 0.3553183859711049, 0.17781853647559087, 0.012059831218128592, -0.5196157514017625, -0.236023250959429, 0.8456700597185898, 0.40409369899557923], [-0.3760955205551437, -0.7893401362435467, -0.2027631897729434, -0.015427152236985875, 0.24644411301219682, -0.6133348097000927, -0.2766520955706061, -0.6276475180282839, -0.37581724641362546, -0.20356341160857083, 7.0, 0.5153875520697244, 0.8036686977921046, 0.2881068865178422, -0.1846228974362063, 0.032827945606112685, 0.343692181022601, 0.058234199815663246, 0.41747916438120347, -0.22369777839542238, 0.13340761394521472, 0.3935000379270941, -0.3091651074710081, 0.3708567185947711, -0.2955038125460808, 0.24995155507155475, 0.12071502361210418, 0.8940968973384913, -0.0008802265525765796, 0.167778578800033, -0.03124885721696702, 0.4655793853532759, -0.2117665892442453, 0.09071346167400152, 0.29014638845616747, 0.2798763874954857, -0.10630835506444902, -0.0799777627273972, 0.3095914414177101, 0.2071418420902651, 0.0015811346688445749, -0.6341751574486435, 0.3036788117222231, -0.43958753514795135, -0.6753992458671289, 0.5708259402621381, 0.6328204193154452, 0.08102477923191209, -0.13247343933259637, 0.4013633818037581], [0.14927183733338878, 0.7664685119061065, -0.1839378169521455, -0.3507661653411971, 0.11298707150656728, 0.2319366538216383, -0.9007820146565949, 0.011915441975080654, -0.5634840027628644, -0.43314016043976444, 0.5153875520697244, 7.0, 0.3215402561796843, 0.6161613985626779, -0.5449482362536573, 0.7654458772791568, 0.1935338529574555, 0.9290909549045414, 0.23868896570777332, -0.3560404003198253, 0.6418579495355488, 0.13300965681158816, -0.21595935928859467, -0.25255065380578023, 0.030729959355599856, 0.06319315597846664, -0.243102803536403, 0.004100224577235689, 0.2815788615582764, 0.7583635642070172, 0.13333606552529198, 0.03956697321077396, -0.29897309932790794, -0.5887126755186582, 0.2173104703547437, -0.15873251341721395, 0.07990924016994416, -0.36692915841007157, 0.11659609024869111, 0.6311655993044032, -0.4058805461246098, -0.43760020900802, 0.08402163407535479, 0.6777534450477969, 0.29642153220273304, -0.04116360070770675, 0.6116293025414978, -0.4129952570301405, 0.23864008093035194, -0.6485390040549366], [-0.13132517029384583, -0.42808386769415396, 0.03201087057945262, -0.6103577420155157, 0.2841169942847934, 0.8784559085568806, 0.5002323426096416, 0.0006728814252410231, 0.17205488991069817, 0.18266144447136523, 0.8036686977921046, 0.3215402561796843, 7.0, 0.025272164210585313, 0.08720694963732578, -0.0012945893393034869, -0.6688629841666789, -0.053998903522399555, -0.5943601528642006, -0.5267268262952423, 0.5905884743874188, -0.35550053193242126, 0.7045717299746879, 0.3782570643975305, -0.11333683264693162, -0.9157918103371921, -0.5523934363849599, 0.24060977817234197, 0.4470474467371972, 0.26674873832568924, -0.18467899326661175, -0.182884284614643, 0.08347086025341932, -0.3038982985572831, 0.18271533293753972, 0.325356561951474, 0.39721881832585737, -0.4773814714371116, 0.1621244156619137, -0.1325969145740512, -0.20728373501712904, -0.7381382833358158, -0.35993020995604086, 0.20868329045971623, -0.8504686053691425, 0.027945665624316218, -0.6142260394245747, -0.14383881831696255, 0.5500754160324544, -0.621409043560847], [-0.05884828642387652, -0.37364885025021943, 0.12562559907085058, 0.04585164310127854, 0.48188403928313805, -0.10860831410292582, 0.2553880262841828, -0.787174676975887, 0.4617175766947923, -0.061621825014218534, 0.2881068865178422, 0.6161613985626779, 0.025272164210585313, 7.0, 0.36153419451212665, -0.5675441004387212, -0.5721853395072095, 0.08904333734004033, -0.08368831935938348, 0.3069855122863481, -0.05122629242316945, -0.456625887675722, -0.02664001573429231, -0.6239541549969779, -0.2589135038351893, -0.7286796160303045, -0.1761034367836919, -0.12000363240565859, 0.06862226758038092, 0.04180874537628787, 0.36924339834686304, 0.14143700390419078, -0.5816848070220785, -0.12211234997086673, -0.6005892344069286, 0.46056082650171026, 0.6282945196905327, 0.07707453658028873, -0.1915540307739989, -0.07028716030230031, -0.9097801587161278, 0.3558025242137737, 0.4273224066106609, 0.307664981108426, 0.5584149028023095, 0.36790187336262514, -0.10537348486775, 0.4373648406409987, -0.759754320970157, -0.2356041757502665], [-0.3700556101384683, 0.3391108443287276, -0.32915428004153224, -0.35774580225354713, 0.6981518905480948, -0.21231296285365608, -0.8508856092136844, 0.5279246140268861, -0.5472098767498774, 0.588010353788023, -0.1846228974362063, -0.5449482362536573, 0.08720694963732578, 0.36153419451212665, 7.0, -0.47420798827636124, 0.06554196618965635, 0.3785992675537466, 0.2865364124772203, 0.5709148753584055, -0.29986692671752724, -0.49906322285115756, -0.5483570618831881, 0.12300344716339051, 0.37090760310597215, 0.26133061283063297, -0.3521496287736654, 0.8631159397524275, -0.03695686943811438, -0.1685285175090978, -0.383973654214916, 0.17632512947637058, -0.4859411041518349, -0.2975242050709659, 0.18914039197352972, 0.22892049850206098, 0.2290469361426699, -0.16618658638041728, 0.2269216446217568, -0.33804311989064306, 0.16686651132000652, 0.8105282546699666, 0.38282274142395645, 0.5156178806760918, -0.21271009467457092, 0.4127260092421965, -0.36373060801329693, -0.12804901436754068, -0.5210834156219997, 0.1671990770560181], [0.05948117879643888, -0.4887919630865327, 0.1390028595152164, 0.15818870918854588, -0.27134467250542527, -0.2871468870738826, -0.5221365073596033, -0.045867375788522624, 0.8066325626649626, 0.18733325929795197, 0.032827945606112685, 0.7654458772791568, -0.0012945893393034869, -0.5675441004387212, -0.47420798827636124, 7.0, -0.004028254092916406, 0.5970415669126314, -0.22208416227131078, 0.28450025010226954, -0.49903734721672033, 0.11861705635368303, 0.013395819933565978, -0.889689051198641, 0.018685269581348862, -0.4363372149533853, 0.5972245004875913, 0.08040714897275203, 0.03356206141510443, 0.15348441579096694, -0.4495445200624356, 0.2577123574083804, -0.46566125890295895, 0.48198748929067525, -0.04562209490016067, 0.3406761193480541, -0.434007687187415, 0.1924023235381882, -0.07013875680415682, -0.6780430330996293, -0.4924515347462317, 0.11000212993254, -0.04011494324209708, 0.3079734833458798, -0.013848697935174847, -0.37162998095322886, 0.03843943081131673, 0.2703332267260925, -0.6252415896948627, -0.09730705150096874], [0.2798168489777382, -0.5303659488626944, 0.6682779041232805, -0.3789184919395201, 0.11407581440361891, -0.4104558946459542, -0.10112967873533263, -0.939126810511236, -0.4517697426434514, 0.9512014187957796, 0.343692181022601, 0.1935338529574555, -0.6688629841666789, -0.5721853395072095, 0.06554196618965635, -0.004028254092916406, 7.0, 0.12469378441722756, -0.11500501738949942, -0.38163594892887365, -0.16614012315055782, -0.285075718762544, 0.09292645621327389, 0.44043744792033035, -0.43000679017778576, 0.18016500832408733, -0.43075059699141194, 0.024230087857024074, -0.22053565549992615, -0.4152765966087385, 0.032740955808450156, 0.8092188882386611, 0.2871288116980766, -0.10131094824047471, 0.6078251814992828, 0.1225764594763441, 0.16971779053019342, 0.19409152861652146, -0.14124666415783294, 0.5247599746575227, 0.5722796842566484, 0.2672590047316814, -0.8036951233542522, -0.029833128437613987, 0.4017990809106009, 0.016350911222166697, -0.1365419568978713, -0.026147027866525563, -0.27983284652047946, -0.42444736276773776], [0.1681769471958927, 0.717074493666876, -0.2984020698844182, -0.08769677431352252, -0.21958895283636337, 0.032301843379255235, -0.37309708723507695, -0.698729865750635, 0.09050714449564179, 0.03245835565582378, 0.058234199815663246, 0.9290909549045414, -0.053998903522399555, 0.08904333734004033, 0.3785992675537466, 0.5970415669126314, 0.12469378441722756, 7.0, 0.046398027767461825, -0.7325510137495062, -0.13775033693068306, 0.703036633348519, 0.7352729458476275, 0.3429462342075802, 0.1157105273277701, -0.8742094416780289, -0.1717216137178832, -0.015475341557055322, 0.19677423479547662, -0.15150068801996575, -0.558465214989468, -0.30145586595200036, 0.447904405873758, 0.2903985373897564, -0.2330826091194813, 0.44807326635005706, -0.07543071093465692, 0.7314856831628314, -0.011152036531551612, -0.42060212691444143, 0.20161246295179946, 0.1852421545365468, -0.9743721036213977, -0.2618475920921719, -0.4186605459486865, -0.14793706073884272, -0.649721104936929, -0.34149499357816326, 0.4900101418453542, -0.2891889142822053], [-0.17139928827481155, 0.542126358177387, -0.0472893974662868, 0.31786923809369805, -0.08528261860708797, 0.6538457091961343, 0.037093882466522565, -0.014905106878950969, 0.4206474637734863, 0.32018199519268853, 0.41747916438120347, 0.23868896570777332, -0.5943601528642006, -0.08368831935938348, 0.2865364124772203, -0.22208416227131078, -0.11500501738949942, 0.046398027767461825, 7.0, -0.6744369390399374, 0.14123938237212275, -0.06632923889150422, 0.6727607830691171, -0.36010513983844916, -0.2560905988588017, 0.27695934791324106, -0.2236492776759258, 0.14193641446694372, 0.6248271295787775, -0.741170179884776, -0.5034786962536353, -0.273770541237882, -0.13902501941653211, 0.7972506461429538, 0.17230000406956325, -0.8885351735972848, -0.4652044098006789, 0.49361268831823324, 0.4683543450953904, 0.5842536365085791, -0.5074236649466967, 0.2167819989716535, -0.26018146837403255, -0.11942051821988098, -0.6288634058933219, 0.1473214160314693, 0.7921703910519702, -0.49718941846496023, 0.2191322122063164, 0.33001905826338573], [-0.7057663441424901, -0.3140513937258279, -0.047369380197710864, 0.06738672942431179, 0.31139383972027845, 0.45344506854282307, 0.07799495703151216, 0.18479008877799386, 0.03474592774389018, -0.054319141882219646, -0.22369777839542238, -0.3560404003198253, -0.5267268262952423, 0.3069855122863481, 0.5709148753584055, 0.28450025010226954, -0.38163594892887365, -0.7325510137495062, -0.6744369390399374, 7.0, -0.19997802890420646, 0.5658089243449249, 0.5260741676658474, -0.9341609494448085, -0.3014960392937239, -0.2665882024270262, -0.034205503071222165, -0.5530272033892327, 0.015246980057637138, 0.8832778213025105, 0.20322137932389994, -0.09515661067757908, 0.0004468968275086471, -0.19577205032780443, -0.013956749248448697, -0.23695218837837506, -0.38708001313895823, -0.0606146265741242, -0.9436401744010499, 0.32710845270953337, 0.14020603029177492, 0.16181653420631736, 0.5868087603786158, 0.13327849935889713, -0.15307007330510702, -0.13763525434549806, -0.0058511585890179685, 0.21688455973010923, -0.027925076600021304, 0.4579869472593936], [0.03285188004046424, 0.9347059358022802, -0.5483025912978093, -0.009938262397872877, -0.03615051721506646, 0.5939116937654205, 0.8016691271957286, -0.10347014604412486, -0.25450407081392656, 0.04773445317458469, 0.13340761394521472, 0.6418579495355488, 0.5905884743874188, -0.05122629242316945, -0.29986692671752724, -0.49903734721672033, -0.16614012315055782, -0.13775033693068306, 0.14123938237212275, -0.19997802890420646, 7.0, 0.27010633988997945, -0.592730529149155, 0.27832263786398315, 0.4203074678844636, -0.8537170787127135, 0.5908081934395415, -0.029450190446638103, 0.4352961716604189, -0.7044322755399811, -0.12209441441752078, -0.24918141898427093, 0.563930323499279, 0.08368349257152863, 0.6257655342019222, 0.42813891886960187, -0.09357028765209241, 0.019519293401896398, 0.5966156555197235, 0.11030032074428675, 0.31242574273724477, 0.7594988779417917, -0.01842523079392544, -0.026651782365289867, 0.1306501793127488, 0.5181976913883242, 0.968304024097689, -0.20431945020856723, 0.14950442349870374, -0.1369633777472271], [0.24647976893690715, 0.15370765375606443, -0.26577530818938655, -0.15901137583521796, -0.29633890564502086, 0.1431124922368312, -0.30191995018295403, 0.13852241348322103, 0.4878520575786025, -0.20999228223687472, 0.3935000379270941, 0.13300965681158816, -0.35550053193242126, -0.456625887675722, -0.49906322285115756, 0.11861705635368303, -0.285075718762544, 0.703036633348519, -0.06632923889150422, 0.5658089243449249, 0.27010633988997945, 7.0, 0.21882060152777028, 0.5347425572583013, 0.36482851377015413, 0.554246186925953, 0.3300008212797969, -0.13106583338765698, -0.10882092553093392, 0.5970390095078337, -0.7410319701184064, 0.020520078058818392, -0.029571152978942306, 0.346821430988278, 0.35289079930104084, -0.41439366406209266, -0.40190715036539515, 0.6284782536669549, -0.3731536565158168, 0.08287978905213578, 0.17275451560005228, 0.15052147305707986, -0.541387703392065, -0.17203716088787946, -0.8758685923917304, 0.024959073908593643, -0.5701912526873124, -0.44823961608647256, 0.21466744819405514, 0.17784019390355787], [0.7027796299026874, -0.7054097544016855, -0.8213715966118966, -0.5197417921135685, 0.01699739786407628, -0.01537369992452331, -0.2611724942314062, 0.29102978026031545, -0.06988568355847735, -0.13435631269467385, -0.3091651074710081, -0.21595935928859467, 0.7045717299746879, -0.02664001573429231, -0.5483570618831881, 0.013395819933565978, 0.09292645621327389, 0.7352729458476275, 0.6727607830691171, 0.5260741676658474, -0.592730529149155, 0.21882060152777028, 7.0, -0.4628724170371118, 0.09941682304052568, -0.038181667518291884, 0.2139973056211757, -0.4140040120000045, -0.8428016858316911, 0.30926264021797634, -0.2497245487104427, -0.21288182945140766, 0.3662156537082659, 0.1038547144769626, 0.07589489103842073, -0.2559386796599088, 0.06474120392250193, -0.6443362101691056, -0.00241590277556758, 0.48340161087131284, -0.11647076491810904, 0.5752360514194197, -0.19749709730412202, 0.5346862713646456, 0.79101152139163, -0.06105814206496385, 0.31782745246998934, -0.4104950750008458, -0.3297355870444939, -0.27988371358092434], [0.51045749643606, -0.21738689644362497, -0.4512345429446708, -0.13135167537704606, 0.13666345325604823, -0.2351779565683575, 0.010369963842636665, 0.6487952309637621, 0.2971747955789965, -0.002702243732281673, 0.3708567185947711, -0.25255065380578023, 0.3782570643975305, -0.6239541549969779, 0.12300344716339051, -0.889689051198641, 0.44043744792033035, 0.3429462342075802, -0.36010513983844916, -0.9341609494448085, 0.27832263786398315, 0.5347425572583013, -0.4628724170371118, 7.0, 0.10172158414739618, 0.4837316710709012, -0.011681114020903771, 0.30752665421317893, 0.6877121996012647, 0.6244234345600024, 0.6840345612899936, -0.15897812656829324, 0.014103078960787663, -0.7004373325975767, -0.3305517195558625, 0.3557815094109449, -0.1616767010017709, -0.09919082625765963, 0.2782599520607938, 0.08614882940206381, -0.01902127797884401, -0.24829828781717134, -0.29765870642251613, 0.4432537555086098, 0.07516293300563515, 0.042755978358505864, 0.009991459766922173, 0.1359858018522364, -0.06625846737551999, -0.24647523724161213], [-0.4199257876732515, -0.14319760427017858, 0.3508084259115072, -0.16426985486003198, -0.255631244407153, -0.42239151510189077, 0.24731872128824506, -0.44520712916404437, -0.6332679197069664, -0.38120366892978563, -0.2955038125460808, 0.030729959355599856, -0.11333683264693162, -0.2589135038351893, 0.37090760310597215, 0.018685269581348862, -0.43000679017778576, 0.1157105273277701, -0.2560905988588017, -0.3014960392937239, 0.4203074678844636, 0.36482851377015413, 0.09941682304052568, 0.10172158414739618, 7.0, -0.5877652797326282, -0.29122358504643764, 0.5280084498956019, 0.695327282430199, -0.5280217835867834, -0.2562501450912552, 0.21922275103880406, -0.24184903435695815, -0.12841481841402158, 0.19409270133371725, -0.061515905858440245, -0.3627321625253346, -0.20602290200136342, -0.38523209687350846, 0.4945803082229838, 0.41596243107680886, -0.7438224847146093, -0.6073961639285902, -0.18102267258994287, 0.09278040383811259, -0.25624763338549295, 0.5729370131354441, -0.4610436503245353, 0.04876791505170752, 0.7801097258458043], [0.046530015097759225, -0.11858933110552372, 0.8575538813484331, -0.0660398411770432, 0.2864181635260805, 0.1233641881343075, 0.10558340687352974, -0.01084956371384238, 0.4543646615226913, -0.01917686872655988, 0.24995155507155475, 0.06319315597846664, -0.9157918103371921, -0.7286796160303045, 0.26133061283063297, -0.4363372149533853, 0.18016500832408733, -0.8742094416780289, 0.27695934791324106, -0.2665882024270262, -0.8537170787127135, 0.554246186925953, -0.038181667518291884, 0.4837316710709012, -0.5877652797326282, 7.0, -0.6801400120655681, -0.1320401042865771, -0.6462464436201059, 0.4614520268723492, 0.4021569193822123, 0.13697976899496167, 0.5181167520088783, -0.7699900208938587, 0.5208711703480939, -0.18801686697301567, 0.28293898376840154, -0.7304807913207366, -0.032857296788923906, 0.2529800897359027, -0.31298409449266706, -0.25032207314366306, -0.17242080357745637, 0.16439009200538357, -0.4101276250318533, 0.5627922041252726, 0.5572898358238398, 0.8542141696348096, 0.6732401574337541, 0.05778526310428833], [0.7633917039868163, 0.2156104521231963, 0.6665719268119032, -0.1684277816057449, 0.8706672413700778, 0.2677068077518152, 0.05833834299832663, -0.1767884851341056, 0.2064217680374547, 0.4457433268728088, 0.12071502361210418, -0.243102803536403, -0.5523934363849599, -0.1761034367836919, -0.3521496287736654, 0.5972245004875913, -0.43075059699141194, -0.1717216137178832, -0.2236492776759258, -0.034205503071222165, 0.5908081934395415, 0.3300008212797969, 0.2139973056211757, -0.011681114020903771, -0.29122358504643764, -0.6801400120655681, 7.0, 0.4760054929668791, 0.08860929409866047, 0.0814490149771836, 0.23872275842946067, 0.5987796039971394, -0.12043453177665409, -0.008030205836335957, 0.40426828316818364, 0.583819947907531, 0.6437567451537725, 0.10720152865324506, -0.11811442873895173, -0.829792503740294, -0.1155114876976705, -0.7796551214134985, -0.22999239292889562, -0.1503602123756067, -0.23956803550768768, 0.11482238528792399, -0.10794123598004146, -0.041029531654847906, 0.08446496387121893, -0.3018493702982469], [-0.04105533054376653, 0.6067122745059967, -0.18186237861838928, -0.5771844833242352, 0.5461944326844606, 0.16497039702489769, 0.07254621908845627, -0.3394092905752646, 0.803816349548331, -0.386536211653566, 0.8940968973384913, 0.004100224577235689, 0.24060977817234197, -0.12000363240565859, 0.8631159397524275, 0.08040714897275203, 0.024230087857024074, -0.015475341557055322, 0.14193641446694372, -0.5530272033892327, -0.029450190446638103, -0.13106583338765698, -0.4140040120000045, 0.30752665421317893, 0.5280084498956019, -0.1320401042865771, 0.4760054929668791, 7.0, -0.10155412821241216, -0.1398693055379583, 0.2113950409987555, -0.5001520829313169, -0.84331898137551, 0.2630688651046982, -0.1845078211873149, 0.354079901361261, -0.4527746424963687, 0.20762729523898282, -0.09928437740201634, 0.10356592880873405, 0.6814105336990273, 0.482076558794031, -0.669295978467793, 0.6783577034523818, 0.42106984826758476, 0.6342209057469099, 0.08443859636202733, -0.15094417216595013, 0.6279687280388924, 0.2809566729181603], [0.0800346532590277, 0.2949519648152461, 0.4874315584559965, 0.116512800767544, 0.007835849783722093, -0.3483725634207714, 0.8915579571290935, -0.5308190378511591, -0.7113931497074962, -0.3782367224743526, -0.0008802265525765796, 0.2815788615582764, 0.4470474467371972, 0.06862226758038092, -0.03695686943811438, 0.03356206141510443, -0.22053565549992615, 0.19677423479547662, 0.6248271295787775, 0.015246980057637138, 0.4352961716604189, -0.10882092553093392, -0.8428016858316911, 0.6877121996012647, 0.695327282430199, -0.6462464436201059, 0.08860929409866047, -0.10155412821241216, 7.0, 0.18588107293747802, 0.5030098176112152, -0.8513026165303417, -0.24431240844050595, 0.3748849708859394, 0.40121901055359643, -0.11265927855799951, -0.17836808875952936, -0.6534956830415206, 0.6323065263623602, -0.3148382390730823, 0.25148687224636745, -0.5895988914925688, 0.051772455367974146, 0.7523612399525059, -0.15606758781038466, -0.7350216679579848, -0.5854729471873795, -0.01184084252932227, -0.34307448159258114, 0.6068215835798965], [0.40026346313945393, 0.6995330890616942, 0.4623864461627405, 0.16989759604313237, 0.10075839944348708, -0.26821315301676774, 0.7636890174095929, 0.19415384081172826, 0.6886533439352103, -0.299997628573346, 0.167778578800033, 0.7583635642070172, 0.26674873832568924, 0.04180874537628787, -0.1685285175090978, 0.15348441579096694, -0.4152765966087385, -0.15150068801996575, -0.741170179884776, 0.8832778213025105, -0.7044322755399811, 0.5970390095078337, 0.30926264021797634, 0.6244234345600024, -0.5280217835867834, 0.4614520268723492, 0.0814490149771836, -0.1398693055379583, 0.18588107293747802, 7.0, 0.13053901428622972, -0.3641520019720538, 0.17669698587310112, -0.014865495631713688, 0.17288301232303827, 0.017939583944531323, -0.17259280930684306, 0.3551387889273472, -0.20945125715954527, -0.15117543565670055, -0.8721376105754209, -0.8604284662970345, -0.3777822518041185, -0.4376989070824282, 0.3714460695527073, 0.326532218805039, -0.042951171147212475, -0.17343654626225402, -0.6039933463823003, 0.006278217875029135], [0.5605934716969978, 0.6285798932193685, 0.45257201424561977, 0.08121505359395087, 0.031053390214693, 0.6130227402395874, -0.5319724329565512, 0.35661150875257475, 0.19565716742208838, -0.00350174249678592, -0.03124885721696702, 0.13333606552529198, -0.18467899326661175, 0.36924339834686304, -0.383973654214916, -0.4495445200624356, 0.032740955808450156, -0.558465214989468, -0.5034786962536353, 0.20322137932389994, -0.12209441441752078, -0.7410319701184064, -0.2497245487104427, 0.6840345612899936, -0.2562501450912552, 0.4021569193822123, 0.23872275842946067, 0.2113950409987555, 0.5030098176112152, 0.13053901428622972, 7.0, 0.12110301456878858, 0.5221971445215696, 0.24883343836088034, -0.32286583202157226, 0.3738577150348652, 0.1550166308872405, 0.0788244838415415, -0.41592766058683417, -0.7254401697395353, 0.43383451606092205, 0.38707187661604925, -0.1630688053442526, 0.27485993346085436, 0.006377440834441472, -0.8535175694046115, 0.1788985307872688, -0.3924771759904262, 0.11139350860664798, 0.044615381074126326], [-0.05733463607393219, 0.5329301620910052, -0.15078978432143153, -0.509931885991048, -0.43416116968992535, -0.12480574458582105, 0.015272220782107215, -0.27824078846057054, 0.9582001301060261, 0.17313562194974175, 0.4655793853532759, 0.03956697321077396, -0.182884284614643, 0.14143700390419078, 0.17632512947637058, 0.2577123574083804, 0.8092188882386611, -0.30145586595200036, -0.273770541237882, -0.09515661067757908, -0.24918141898427093, 0.020520078058818392, -0.21288182945140766, -0.15897812656829324, 0.21922275103880406, 0.13697976899496167, 0.5987796039971394, -0.5001520829313169, -0.8513026165303417, -0.3641520019720538, 0.12110301456878858, 7.0, 0.5066725179385858, 0.6798178412064813, 0.26020404618058324, 0.26837941172586466, 0.256368851424968, -0.024583826936455888, -0.1744852198824709, 0.4987847458243615, 0.31384647577418856, 0.6075770564120706, 0.44134592208708723, 0.04759077423269553, 0.3490819399521663, 0.21339097862859369, 0.19489586876106157, -0.8532409477486129, 0.44629501159519913, 0.17688969179978598], [-0.8159042218409529, 0.13588612422370883, -0.27275181571599316, 0.13181293539339412, -0.2672221986271055, -0.5764177258628835, -0.02611281240604557, 0.13501313421930572, 0.3678739005831073, -0.0482149631991603, -0.2117665892442453, -0.29897309932790794, 0.08347086025341932, -0.5816848070220785, -0.4859411041518349, -0.46566125890295895, 0.2871288116980766, 0.447904405873758, -0.13902501941653211, 0.0004468968275086471, 0.563930323499279, -0.029571152978942306, 0.3662156537082659, 0.014103078960787663, -0.24184903435695815, 0.5181167520088783, -0.12043453177665409, -0.84331898137551, -0.24431240844050595, 0.17669698587310112, 0.5221971445215696, 0.5066725179385858, 7.0, -0.26499418144836173, 0.2058129325601894, -0.42867476499526236, -0.7998485613342233, 0.4160567858903639, 0.10670163681638223, -0.5931985677648974, -0.06031339624622978, 0.35020748253195455, 0.1828773687071965, -0.2598782963371209, 0.6089996023422413, 0.5410216399093355, -0.037095742366793694, 0.10575442210459629, -0.6015840182048774, -0.11916075313515506], [0.09857559093976942, 0.2600205391802133, -0.3832466665742187, -0.07417497675862461, -0.5693173317598159, -0.322591638781614, 0.492409516383006, 0.1302427849611394, 0.20046390729026653, 0.059798234674171225, 0.09071346167400152, -0.5887126755186582, -0.3038982985572831, -0.12211234997086673, -0.2975242050709659, 0.48198748929067525, -0.10131094824047471, 0.2903985373897564, 0.7972506461429538, -0.19577205032780443, 0.08368349257152863, 0.346821430988278, 0.1038547144769626, -0.7004373325975767, -0.12841481841402158, -0.7699900208938587, -0.008030205836335957, 0.2630688651046982, 0.3748849708859394, -0.014865495631713688, 0.24883343836088034, 0.6798178412064813, -0.26499418144836173, 7.0, -0.07113883434240287, -0.7649213905204117, 0.5704179984573226, -0.10076597050829028, -0.35527477904871485, -0.8044556908355466, -0.4433103934637038, 0.042658186534801246, -0.3392139472341118, 0.26008058403679835, -0.29186265387649657, -0.19652179101940637, -0.38388483651572125, -0.37266667010487764, -0.5503259103212705, -0.5955476808079031], [-0.34037098043655245, 0.4280601172987488, 0.3094853352256357, 0.1991299130961881, -0.7387101005088832, 0.663847613641793, -0.49566197434095693, 0.11441100501937984, -0.5655716782211353, 0.5538638184796838, 0.29014638845616747, 0.2173104703547437, 0.18271533293753972, -0.6005892344069286, 0.18914039197352972, -0.04562209490016067, 0.6078251814992828, -0.2330826091194813, 0.17230000406956325, -0.013956749248448697, 0.6257655342019222, 0.35289079930104084, 0.07589489103842073, -0.3305517195558625, 0.19409270133371725, 0.5208711703480939, 0.40426828316818364, -0.1845078211873149, 0.40121901055359643, 0.17288301232303827, -0.32286583202157226, 0.26020404618058324, 0.2058129325601894, -0.07113883434240287, 7.0, -0.48159794919137133, 0.0662939224838377, 0.2396923271921545, -0.46284603495634113, -0.1097216241240776, -2.69605504664705e-05, 0.06415592311138107, -0.08079859109436272, 0.1836404344964353, 0.010150436068290691, -0.06568144613230387, -0.4928630058873845, 0.3816766863203016, -0.1900816196397077, 0.36493053726876656], [-0.11348318866057683, 0.2570590836117579, 0.07723282469647685, -0.014183289218448913, -0.20309843519381643, -0.7171116995892419, -0.2998612739173233, -0.18376174986663862, 0.10966627449108035, -0.04739461157970715, 0.2798763874954857, -0.15873251341721395, 0.325356561951474, 0.46056082650171026, 0.22892049850206098, 0.3406761193480541, 0.1225764594763441, 0.44807326635005706, -0.8885351735972848, -0.23695218837837506, 0.42813891886960187, -0.41439366406209266, -0.2559386796599088, 0.3557815094109449, -0.061515905858440245, -0.18801686697301567, 0.583819947907531, 0.354079901361261, -0.11265927855799951, 0.017939583944531323, 0.3738577150348652, 0.26837941172586466, -0.42867476499526236, -0.7649213905204117, -0.48159794919137133, 7.0, 0.11116125191140425, 0.22272260614015904, 0.412489047629335, 0.5313901258564226, 0.038622319801256744, -0.6865090718582568, 0.43110815483819453, -0.25312674587043504, -0.10008361586364234, -0.12507862589175855, -0.5586896829281965, -0.5402614206778458, 0.3472762976905135, 0.7868108112399197], [0.3662947416860969, 0.7582892771863425, -0.6157582013973194, 0.20980177654302468, -0.12136919584380612, 0.7194184688437781, 0.16662465519099934, -0.9137094266525528, 0.5086761274748521, 0.5269277613728849, -0.10630835506444902, 0.07990924016994416, 0.39721881832585737, 0.6282945196905327, 0.2290469361426699, -0.434007687187415, 0.16971779053019342, -0.07543071093465692, -0.4652044098006789, -0.38708001313895823, -0.09357028765209241, -0.40190715036539515, 0.06474120392250193, -0.1616767010017709, -0.3627321625253346, 0.28293898376840154, 0.6437567451537725, -0.4527746424963687, -0.17836808875952936, -0.17259280930684306, 0.1550166308872405, 0.256368851424968, -0.7998485613342233, 0.5704179984573226, 0.0662939224838377, 0.11116125191140425, 7.0, -0.1984308916053411, 0.2358084660816866, 0.5118002210844299, -0.24331975316461063, -0.8822287319337814, 0.036512739171431274, 0.8193005999587788, 0.5982084643304646, 0.7931392787707972, -0.35138999005401517, 0.1491747649605144, -0.5204795527542775, 0.5931747127378018], [0.09866201555004772, -0.2970909280904468, -0.12309601678575155, 0.19495662470631103, -0.701889738358721, 0.7090112413311946, -0.3209116888180181, 0.9470171499598488, 0.05090638634587874, 0.6864145173418841, -0.0799777627273972, -0.36692915841007157, -0.4773814714371116, 0.07707453658028873, -0.16618658638041728, 0.1924023235381882, 0.19409152861652146, 0.7314856831628314, 0.49361268831823324, -0.0606146265741242, 0.019519293401896398, 0.6284782536669549, -0.6443362101691056, -0.09919082625765963, -0.20602290200136342, -0.7304807913207366, 0.10720152865324506, 0.20762729523898282, -0.6534956830415206, 0.3551387889273472, 