{"N": 50, "M": 2, "c_0": [-0.6266455065873615, 0.8566591393222058, -0.1850202129295404, 0.8900223639548108, -0.5456642239442124, -0.2491299201765269, 0.09312710559081183, -0.6994265160964428, 0.9237875594977598, 0.46248460599542307, -0.17393232737546271, -0.5139047907757757, -0.2536366767596401, 0.10361707804406439, 0.5433312307574238, 0.4730334887521541, -0.3250709004150376, 0.30684965722821733, 0.15579589450889642, 0.7748342159660231, 0.269566782224532, -0.9147168471738638, 0.5908989987874032, -0.288955545017336, -0.8476216538471646, 0.6842961623450898, 0.066607091678212, 0.7997052292542011, 0.48533572042430007, 0.9664917680816274, -0.3286365818398598, 0.9520920381800206, 0.6988407523833937, 0.6764795371053909, 0.9030331918297616, 0.46083945208738397, 0.20124797189012988, 0.055245774733637676, 0.6357651197034084, 0.19622420598753476, -0.11594861109990018, 0.914946464584727, -0.05366466715763485, 0.15507507101198725, 0.9889866918111974, -0.67364027523661, -0.13137987084414338, -0.851087498006645, 0.033330399782901976, 0.12034201021301971], "matrix_coe": [[[7.0, 0.1191995274005131, -0.6288109127491673, -0.23524895007077273, 0.16691875485438334, 0.9386640305305529, 0.12379359771858689, 0.6927887000208259, -0.8644816486339049, 0.2764882657222638, 0.5357957927750996, -0.5680987416372141, -0.10728215007453434, 0.024477118202313353, 0.5987938055557485, -0.21692379854169075, 0.03002732940917907, -0.13564414290744453, 0.26552423618295284, 0.23949536977794628, 0.21004623604988626, 0.0941210258657148, -0.2800755324455263, 0.1193434242301239, -0.3792648693038184, 0.43265904749386586, -0.3065960041873297, 0.13813502453587168, -0.25262972340160106, 0.39266777826520016, -0.13353907173964152, -0.4131353556608405, -0.35709718943312574, 0.03735158932755489, -0.1938569671325917, -0.3884522815164386, 0.5407946711996485, -0.21740584636016624, -0.6577783560270516, -0.08516527578140687, -0.8381778540341736, 0.9080675374418155, -0.2737757086054592, -0.15493635557337748, 0.2629749730240116, -0.39154322408086806, 0.28721127116699563, 0.17129844805479566, 0.793057549120169, -0.48799129710786204], [0.1191995274005131, 7.0, 0.15207603109580936, -0.360204541027367, 0.2660489012208378, 0.026027990340266483, -0.12592153459673905, 0.5498214203270813, -0.11140393634210721, -0.5902031530030802, 0.34866582881186603, 0.23279331298906936, 0.03587600436706295, -0.8217037076674161, -0.4224441662599582, -0.19225333571129877, -0.4549540932344126, 0.014471216843774837, -0.40860385400572496, -0.28062968541334776, 0.3931066371615004, -0.7013187140991364, -0.4342173320041972, -0.7963924253415109, -0.364066893204677, -0.4695281781400005, -0.4999792774276497, -0.590492898658709, -0.7725116591603223, 0.2707925839932055, -0.7597019095879514, 0.15188644797948037, -0.32913920013760745, -0.10547746165045291, -0.29519359158709235, -0.46593637308654945, -0.11682632750005018, 0.11839467971444906, 0.43688507418011824, -0.7702567081971708, 0.2033241033156985, -0.10474722788737767, -0.09132439172332818, 0.015520097050377268, 0.1712530788854827, -0.027257325204567362, -0.4577103411989655, 0.5294169583282606, 0.00914651612788786, 0.49718122944692844], [-0.6288109127491673, 0.15207603109580936, 7.0, 0.39556844161300764, 0.7475470284066601, 0.40103965279727083, -0.06805102806666075, -0.2079238903536602, 0.17753267763016467, 0.0023087676548518843, 0.9342976367650122, -0.7416358099793161, 0.1371586496134798, -0.8626656821905272, -0.4520777771831169, 0.4287964413567755, 0.33912466560010124, -0.038357826381998916, 0.26574854146660654, 0.8482546435673524, -0.11690485660772787, -0.28721569870653274, -0.27620341033645157, -0.18662669151200284, 0.8848245619223674, 0.35242334456033353, -0.2862266023552066, 0.1811488994568624, 0.3815078431689214, -0.6331938688686726, -0.23138791141320403, -0.33794558325983026, 0.29758365568497824, 0.650783759800845, -0.516459700616153, -0.272794588266558, 0.05851877389635751, 0.8392801042853848, -0.09616757389150299, 0.4896056098712662, 0.2817585612421043, 0.49162380521581284, -0.3407195230722845, -0.9283365422817867, -0.5500163996665219, 0.21162060581422115, 0.24304256727064888, -0.47374397335374596, 0.02854847066020838, -0.28541041573461934], [-0.23524895007077273, -0.360204541027367, 0.39556844161300764, 7.0, 0.3547315847998749, -0.13933258643824298, 0.07132440675242924, -0.13816843634499776, -0.1340789166090467, -0.4088231718194939, -0.5289147968369168, -0.10196496804761312, -0.31083894372669396, 0.0928113336437042, -0.5532033642920494, 0.9023289651073838, -0.20942293687050473, 0.18509459880767842, -0.2930100437790695, 0.6012656462660022, -0.009892851791897805, 0.9425585488112196, 0.32568022231783567, -0.7352128363573002, 0.43879097581132953, -0.08223481244529096, -0.07829359526771229, 0.013460883165953952, -0.046462870449175186, 0.3987913626853343, -0.4817196286455463, 0.01407452592795222, -0.12236752057357336, -0.4216454699408835, -0.2904340159285661, -0.4895351471351872, 0.6386093126797752, -0.043524972096169234, -0.4303405035470069, 0.17399414498382537, 0.2145981954508991, 0.0884737908536235, 0.4150349877938342, 0.17954979947957161, -0.12956540918482118, 0.5229761613530333, 0.5065412749109681, -0.42841326517305156, 0.5753804994443685, -0.00886731402936436], [0.16691875485438334, 0.2660489012208378, 0.7475470284066601, 0.3547315847998749, 7.0, -0.06091817908502983, 0.056538054112135416, -0.38357668920349364, 0.7703195233122522, -0.8472828945631876, 0.07237131066209335, 0.05119358193246848, 0.43238804522685914, 0.05146227950794646, 0.45704488698165013, -0.26859703410876523, 0.4075846728145831, 0.7020957597951041, 0.6505347022030215, 0.015102361556431854, -0.13246343270107142, -0.07625696522919789, 0.10656038813351154, 0.5960750920835882, 0.3388579060984762, -0.1518811505779667, 0.14975093114050209, 0.9170359358338, 0.2544246929640517, -0.3281286444589465, -0.46419271900895775, -0.06535649194348214, -0.41382644246467515, -0.37447163219260926, 0.13206617796768683, 0.23290198641276438, 0.29234095301058005, 0.1425174327307155, -0.2797725974955547, 0.21167109387752392, 0.25575353811613977, -0.7673051730175319, -0.3207725223124108, -0.7132747608021733, 0.9304610708472958, -0.06328563017023559, -0.3401408028172005, -0.5390449787372841, -0.5619259295076283, 0.16879878604476994], [0.9386640305305529, 0.026027990340266483, 0.40103965279727083, -0.13933258643824298, -0.06091817908502983, 7.0, -0.31258530443254207, -0.3720856801289525, 0.8645593559856413, 0.6998137325556573, 0.4242695375108472, 0.17729612444025888, -0.19908462823406226, -0.32213398375846514, -0.16853180673116974, 0.006533887096519475, 0.5375036656058025, -0.0985163581712567, -0.3512831833794653, -0.6508939802607543, 0.6161206997315745, -0.18176542753343328, 0.045400816373891484, 0.11907993897115388, 0.501998699101952, 0.026140765763395857, 0.3265468512413423, 0.24480903592469128, -0.5176896033819453, 0.5270443565324876, 0.1136852443293006, 0.8563113441705603, -0.4784051835105162, -0.2586298698303101, -0.9209575517492538, 0.011561148551778588, 0.3777973206607763, 0.25447844553945664, -0.0981147480667911, -0.18219319389110467, 0.2395434427466241, 0.5914988683132054, -0.2143537181299301, -0.5576428122165428, -0.04623094206266454, -0.7755954583905267, -0.35587470593434745, 0.34751140452588203, -0.14746087697521604, 0.39003494804251315], [0.12379359771858689, -0.12592153459673905, -0.06805102806666075, 0.07132440675242924, 0.056538054112135416, -0.31258530443254207, 7.0, 0.27756065330837787, 0.24983465903748736, 0.36569741266697564, -0.021728411777675927, -0.36438479679259206, -0.8202988082467504, 0.2530716217779594, 0.3069470953431095, 0.1567919497843384, -0.29332375170115044, -0.3758208325176069, 0.12063311884296546, 0.02184555166866753, -0.15368033315707386, 0.8613025269823542, -0.30348881257003657, -0.6228749381232114, 0.38696104233080275, -0.3898311105990889, 0.2164922325152907, -0.08785088614952619, -0.39877088334795086, -0.4636242541740748, -0.8874824264115625, 0.5940610399622093, -0.31002191384494315, -0.18317754987685286, -0.10816409483430478, -0.041098926819752135, -0.18091563332553784, -0.02533907387326939, 0.49722545745367874, 0.25027847822372795, 0.40285556329659755, 0.10618626063030745, -0.2421045328879462, -0.30763973743621575, -0.23811310046577927, 0.2789957421201468, 0.11785222739489098, -0.11871897676521892, 0.5045543950005493, 0.08016269035586143], [0.6927887000208259, 0.5498214203270813, -0.2079238903536602, -0.13816843634499776, -0.38357668920349364, -0.3720856801289525, 0.27756065330837787, 7.0, -0.14215979327235162, 0.00043715898647200824, -0.06246069326283643, -0.8171567552963198, 0.43814944048140014, 0.6412375195403976, 0.566166251279661, -0.10078148643470841, -0.5589515915230299, -0.0847694870287592, -0.1287803493900863, 0.7234684878017572, 0.6764428257948434, -0.5036737448537723, -0.5347039194853732, 0.7123897655508358, 0.29562291923570205, -0.3035997901077301, 0.5723973903706008, 0.0954294163186864, -0.03100556268314303, -0.07700609146337711, -0.18961516678934953, 0.4930412525633088, -0.08919474992418552, -0.45412110741178646, 0.45824455106774953, -0.1270192218973426, 0.03128034957209813, -0.3838897523278213, -0.1869478873277538, -0.06205335971657133, 0.38172567427743775, 0.4098315650864972, -0.28165660622276223, -0.2743158496660242, 0.5758157138542783, 0.24207402800148836, 0.5544412635289493, -0.35598309460449973, 0.5546483692329409, -0.20659304094739606], [-0.8644816486339049, -0.11140393634210721, 0.17753267763016467, -0.1340789166090467, 0.7703195233122522, 0.8645593559856413, 0.24983465903748736, -0.14215979327235162, 7.0, -0.36750329439302865, -0.10441747624318554, 0.7269045139611703, -0.15345841636876079, 0.31359690126176987, -0.1405707173569788, 0.20844267057908783, -0.12920567254131166, -0.10893828755522406, 0.14051636464899042, -0.4922233913110817, 0.29193119375852583, -0.47834902435230786, -0.3503367176215241, 0.20036048217293345, -0.5017860409964956, -0.23781358132704344, -0.23461620216627677, -0.06406814902316771, 0.43069820630939204, 0.24058863105351014, 0.4444756666965648, 0.006926258350713255, 0.045802722492055414, -0.23178246550256543, -0.29564198424937416, -0.2182638376616025, 0.10674593384353415, -0.4097101886017116, -0.6389240543929612, -0.5893497464205352, 0.16414426883140587, -0.16632942622997027, 0.20700942366377428, -0.07389147853520728, 0.3172810300941009, 0.5155758019672079, 0.027800850987222958, 0.5632812703789831, 0.19102261123824227, 0.42689441590532917], [0.2764882657222638, -0.5902031530030802, 0.0023087676548518843, -0.4088231718194939, -0.8472828945631876, 0.6998137325556573, 0.36569741266697564, 0.00043715898647200824, -0.36750329439302865, 7.0, 0.09448511831513384, 0.6288719662352702, -0.026695881870230198, -0.012856185320690328, -0.8438873884805113, 0.6499961738798108, 0.0843499108819139, -0.5512827421303826, -0.5769258922760218, -0.08376701745859072, 0.42184350872046883, 0.1382343053911994, 0.6892713901045877, 0.17053065075680962, -0.2563859275265733, 0.8193985248971045, 0.20547830727847716, -0.10673259806905255, -0.3499813599798981, -0.6576135065880636, 0.21474699677342457, 0.06358031422650567, 0.2222229990345881, -0.26030397170856434, -0.0268897270368178, 0.32378900305690994, 0.09330239076032742, -0.02504385673474674, -0.05051610315687893, -0.6509903208730806, -0.41586793270612854, -0.43415231410205024, 0.14643467750237615, 0.1385824944482148, -0.08585560924919866, -0.05100943674235958, 0.31935147494055194, -0.28834208976668896, 0.4409375774878783, 0.17533338475390092], [0.5357957927750996, 0.34866582881186603, 0.9342976367650122, -0.5289147968369168, 0.07237131066209335, 0.4242695375108472, -0.021728411777675927, -0.06246069326283643, -0.10441747624318554, 0.09448511831513384, 7.0, -0.7620207931831348, -0.31711280295596145, -0.041136033651788306, -0.5320760352526037, -0.20287581925417542, 0.18091750929878847, -0.3952453198945012, -0.3325224129447757, -0.10274759157744096, 0.5400755665259327, 0.5458013069860392, -0.24609622766641914, -0.09293778824994336, 0.48297782498013975, 0.0051248327259905135, -0.22369499176094176, -0.09750581194113228, -0.2602289077390443, 0.17812140295071877, 0.26548131161300526, -0.5124133769631654, -0.07579556489094608, -0.6195014592290091, 0.7950032594816361, -0.3255664233726796, -0.415435981123809, -0.33563820026987234, -0.3329666908760246, -0.16911743908203414, -0.12473907635698611, 0.5954608963796164, 0.6347834140567599, -0.10426134018044086, -0.2978612486534561, -0.10467899265111935, 0.11979663504972438, -0.24175584103187764, 0.17474715711662325, 0.5840549773101573], [-0.5680987416372141, 0.23279331298906936, -0.7416358099793161, -0.10196496804761312, 0.05119358193246848, 0.17729612444025888, -0.36438479679259206, -0.8171567552963198, 0.7269045139611703, 0.6288719662352702, -0.7620207931831348, 7.0, 0.3059850078382498, -0.008851418054430127, -0.6102273427036844, 0.039104438779401285, -0.6867285539058661, 0.23612979002823087, 0.2002603633698461, -0.22103730299058166, 0.5047935812129616, 0.33627381839816417, 0.5495968833652998, 0.5074081434313484, 0.5556586694764649, -0.3634871847371913, 0.19553547395703674, 0.7994902891404472, -0.2254004596209741, 0.06918895385956714, -0.28669251244168803, 0.3764039399054959, 0.4634499058952124, -0.7399759234302231, -0.1080973995230714, 0.4217849452848048, -0.1507375646469069, 0.006036784715509169, 0.3689743930057734, 0.2448012158186348, -0.09034264427721439, -0.009087143759826555, 0.7961957206846886, -0.08189673484704485, 0.3997346512499469, -0.46358238277163677, -0.17198410320135815, 0.21330909928773778, 0.5524334603743162, -0.7120498211285493], [-0.10728215007453434, 0.03587600436706295, 0.1371586496134798, -0.31083894372669396, 0.43238804522685914, -0.19908462823406226, -0.8202988082467504, 0.43814944048140014, -0.15345841636876079, -0.026695881870230198, -0.31711280295596145, 0.3059850078382498, 7.0, -0.07825097539715986, -0.228420987047238, 0.38807136081333526, 0.5405686614661165, -0.5212966934331877, 0.09976278787924775, -0.13987017696454318, -0.19420156533309163, -0.5343450768510165, -0.24091820509578454, -0.18307908460437305, -0.6571943138685316, -0.19845802578984517, -0.096923265527045, -0.9461041717085381, 0.5158654760669699, 0.10175592922697252, -0.2806955447905334, -0.1302149758190888, -0.11766918911396773, 0.09465751195073757, 0.4974057011236386, -0.4980229579911929, -0.3931142205360886, 0.3191468497921881, -0.13178076634648417, 0.26951406331740957, 0.07847073805075144, -0.5067227459209461, 0.2879386546086633, -0.378993879302043, -0.705327235846643, 0.3370004495221903, -0.7750751743036043, -0.0443233934076549, -0.1240244884195012, 0.14790116203754988], [0.024477118202313353, -0.8217037076674161, -0.8626656821905272, 0.0928113336437042, 0.05146227950794646, -0.32213398375846514, 0.2530716217779594, 0.6412375195403976, 0.31359690126176987, -0.012856185320690328, -0.041136033651788306, -0.008851418054430127, -0.07825097539715986, 7.0, 0.4962399817255605, -0.4124343389566041, -0.18474412108210236, -0.561372871403085, 0.33122938313266115, -0.3439479857459812, 0.5373541049790145, -0.08755689551459067, 0.2365402957829037, 0.2530939698486321, 0.09116748854284173, 0.03191843240177006, 0.13233385414192123, 0.15758210679207063, 0.32582578828885733, 0.4511331773411673, 0.9246554719442812, -0.44661014539612265, -0.40239603756958053, -0.47335635926073916, 0.682095159330538, 0.201993192175008, 0.4325943278126392, 0.07551466712615218, 0.22391217360304605, -0.5238125030400452, -0.18355285580389546, 0.3738527805028309, -0.15383611568924038, 0.436682673041628, 0.9285636937796058, -0.13197181253060053, 0.21543335418225196, 0.08411707164401205, -0.4114346828138675, -0.0706456792925565], [0.5987938055557485, -0.4224441662599582, -0.4520777771831169, -0.5532033642920494, 0.45704488698165013, -0.16853180673116974, 0.3069470953431095, 0.566166251279661, -0.1405707173569788, -0.8438873884805113, -0.5320760352526037, -0.6102273427036844, -0.228420987047238, 0.4962399817255605, 7.0, -0.04117494562859847, -0.6614208359005189, -0.34045725949391004, 0.3558405340592965, -0.6591890932611874, 0.032796767922476544, -0.2846508514244468, -0.43692910172156374, -0.431800552333084, 0.5822577520209666, -0.6107520717869582, -0.31737654049334507, -0.11179759074830475, -0.02274995570090943, 0.09181334147082909, -0.018000446331196795, -0.17172611025926354, -0.5871957885153152, 0.5571043384755874, 0.29125469282785055, -0.3383885017591316, -0.01191421789807301, -0.15726628998191805, -0.31272326277434404, 0.20470689862995206, -0.5013775410613001, 0.0008381120805407427, -0.08605246445865533, 0.3947896715758594, -0.140308521685095, -0.5952350712305692, -0.5730950354258808, 0.19726539189100745, -0.1958040092000648, -0.5087155045085202], [-0.21692379854169075, -0.19225333571129877, 0.4287964413567755, 0.9023289651073838, -0.26859703410876523, 0.006533887096519475, 0.1567919497843384, -0.10078148643470841, 0.20844267057908783, 0.6499961738798108, -0.20287581925417542, 0.039104438779401285, 0.38807136081333526, -0.4124343389566041, -0.04117494562859847, 7.0, 0.014656282456779968, -0.03417390770529183, -0.6633841255922849, -0.3579209256045234, 0.1469098820344501, -0.40416830391262604, 0.5956915423834357, 0.7212364523416226, -0.14776019568167897, 0.5442957082883746, -0.1115299598556363, 0.4480110916184423, -0.5397671162014234, -0.042965176166544605, -0.1265662442078448, 0.013623934111576474, 0.3518934637154294, -0.7588094867088613, -0.21295742664084116, 0.23514346347265325, -0.1314434817153124, 0.25353517301225637, 0.0587650172579508, 0.13962131217607388, 0.13674932138064166, 0.26478469643471647, 0.3266517973987617, 0.5644881716997014, 0.03598633839408727, -0.3885734763184495, 0.4183327082425643, 0.13370019942951794, -0.5251411500824182, 0.33466497031020115], [0.03002732940917907, -0.4549540932344126, 0.33912466560010124, -0.20942293687050473, 0.4075846728145831, 0.5375036656058025, -0.29332375170115044, -0.5589515915230299, -0.12920567254131166, 0.0843499108819139, 0.18091750929878847, -0.6867285539058661, 0.5405686614661165, -0.18474412108210236, -0.6614208359005189, 0.014656282456779968, 7.0, 0.4455172601206132, 0.6018197168529953, -0.22106015957497482, -0.10468647867479663, 0.031108278105116405, 0.6520492737981909, -0.26794870567743023, -0.2805209711015697, -0.20835974302549432, 0.40566588420031446, 0.19188018159982945, 0.16142422136235046, -0.04457635950100203, 0.289977669430975, 0.3090405608824509, -0.138979982654173, -0.15529326100645302, -0.15061529263939843, -0.5645426634364438, 0.3591913872058867, 0.06273995844221991, -0.27557970563086687, 0.8345957504882615, 0.08746882892041308, -0.1400091259139058, -0.04316400012222521, -0.13325769349707184, -0.23738944324966216, 0.024156179669309275, -0.11772949029433799, -0.20236934057218448, 0.5347747526852915, 0.3154394949261423], [-0.13564414290744453, 0.014471216843774837, -0.038357826381998916, 0.18509459880767842, 0.7020957597951041, -0.0985163581712567, -0.3758208325176069, -0.0847694870287592, -0.10893828755522406, -0.5512827421303826, -0.3952453198945012, 0.23612979002823087, -0.5212966934331877, -0.561372871403085, -0.34045725949391004, -0.03417390770529183, 0.4455172601206132, 7.0, -0.029969413512443976, -0.5436242346985596, 0.16155667338765012, 0.030118544706914552, 0.8573860678510159, -0.052843091741571424, 0.6910254883633167, -0.050222276030831625, -0.43338619255706456, -0.6431527859955705, -0.15630978311704147, -0.021586459848130013, -0.5286179449911405, 0.28672497658090856, 0.05503074128148722, -0.45902746483613854, 0.10500998770320802, -0.21307544411074275, 0.42916105959280504, 0.22903680376247415, -0.09208438172711197, 0.8720337588886373, -0.07012255170625414, -0.055784335716012934, -0.7203335827182819, 0.09131296571289393, -0.42389565497500314, -0.24490246686294448, 0.413870932053086, -0.007866863700729865, 0.2521429906228747, 0.5170847593287831], [0.26552423618295284, -0.40860385400572496, 0.26574854146660654, -0.2930100437790695, 0.6505347022030215, -0.3512831833794653, 0.12063311884296546, -0.1287803493900863, 0.14051636464899042, -0.5769258922760218, -0.3325224129447757, 0.2002603633698461, 0.09976278787924775, 0.33122938313266115, 0.3558405340592965, -0.6633841255922849, 0.6018197168529953, -0.029969413512443976, 7.0, -0.30318672369495236, 0.33271492793954094, 0.2751357156188612, -0.4303782345428293, 0.35990838000908454, -0.2670234241293178, 0.04816674276983246, 0.6228351768938141, -0.20125819803206546, 0.07384072000517206, 0.34461226298775904, -0.2597622099372907, 0.1411224079108453, 0.2171121443485966, -0.13277203380856473, -0.10004769224536714, 0.12629767004846215, 0.27911123604064914, 0.4612809449827462, -0.18873710859290382, 0.3980592822517579, -0.695030673545523, 0.14446525580183778, -0.3780266630120931, 0.006077018170339565, 0.10084213306316947, -0.2287741704254318, -0.39589932202695133, -0.47616745189860854, -0.15531594556972206, -0.24404606118082717], [0.23949536977794628, -0.28062968541334776, 0.8482546435673524, 0.6012656462660022, 0.015102361556431854, -0.6508939802607543, 0.02184555166866753, 0.7234684878017572, -0.4922233913110817, -0.08376701745859072, -0.10274759157744096, -0.22103730299058166, -0.13987017696454318, -0.3439479857459812, -0.6591890932611874, -0.3579209256045234, -0.22106015957497482, -0.5436242346985596, -0.30318672369495236, 7.0, -0.41620424951788226, 0.05866367917435533, -0.3523204831049205, -0.721170222910426, -0.37558710424087294, 0.2828529331963687, 0.02878822157314076, -0.5226538669806959, -0.09829939038625701, 0.1021826166062283, -0.3540020507213867, -0.06680307609971636, 0.02897032793526133, -0.24738821779803788, -0.6805922399021967, 0.20500498266924838, -0.037015020562765066, 0.292162857377841, 0.3507699477233759, -0.054048578055976626, 0.06328530963439927, 0.5724619906882951, -0.07670907341487843, -0.43091735916986895, -0.0670514434396654, -0.021162886030908656, -0.1437448145060214, -0.1423116722038813, -0.15563353191343599, -0.07730446142889869], [0.21004623604988626, 0.3931066371615004, -0.11690485660772787, -0.009892851791897805, -0.13246343270107142, 0.6161206997315745, -0.15368033315707386, 0.6764428257948434, 0.29193119375852583, 0.42184350872046883, 0.5400755665259327, 0.5047935812129616, -0.19420156533309163, 0.5373541049790145, 0.032796767922476544, 0.1469098820344501, -0.10468647867479663, 0.16155667338765012, 0.33271492793954094, -0.41620424951788226, 7.0, 0.04130313887411763, -0.7226212522432598, -0.17444397940495893, 0.09575467910920299, 0.48150877164455164, -0.010469296124039018, -0.044220587831982794, 0.7990479020777963, 0.676047872464306, -0.27339569774180494, 0.930530637045045, 0.34708324897410714, -0.23238861181008819, 0.427909172286451, 0.6097637399786688, -0.07283616979158991, -0.3445139973694814, -0.040986568254374744, 0.672878065526427, -0.4797104756324312, 0.19751399907277523, -0.35641918395789907, 0.254847697003838, 0.10169857649956349, 0.4793897751185403, 0.2957400459241266, -0.16791929532322192, -0.2088075615804822, 0.6012497613215033], [0.0941210258657148, -0.7013187140991364, -0.28721569870653274, 0.9425585488112196, -0.07625696522919789, -0.18176542753343328, 0.8613025269823542, -0.5036737448537723, -0.47834902435230786, 0.1382343053911994, 0.5458013069860392, 0.33627381839816417, -0.5343450768510165, -0.08755689551459067, -0.2846508514244468, -0.40416830391262604, 0.031108278105116405, 0.030118544706914552, 0.2751357156188612, 0.05866367917435533, 0.04130313887411763, 7.0, -0.4530843304987173, -0.6969622783788233, 0.5919514768938874, -0.20834993238342792, 0.053775234669733996, -0.5291531513947375, -0.2588457364515738, -0.11581381244590438, -0.47968328449688513, 0.39396966287074076, -0.3198141053306749, 0.6107119501201397, 0.45233741591974796, -0.0024434632272504198, -0.8186122259501242, -0.27561430729727643, -0.10534485758560419, -0.6105258110934928, -0.3638647741877401, 0.26855287462240796, 0.49887416999031053, -0.5804517603545997, 0.3573290456330658, -0.02290784236329646, -0.13577036857422609, 0.2511453980985616, -0.685687259171768, -0.20952412624026318], [-0.2800755324455263, -0.4342173320041972, -0.27620341033645157, 0.32568022231783567, 0.10656038813351154, 0.045400816373891484, -0.30348881257003657, -0.5347039194853732, -0.3503367176215241, 0.6892713901045877, -0.24609622766641914, 0.5495968833652998, -0.24091820509578454, 0.2365402957829037, -0.43692910172156374, 0.5956915423834357, 0.6520492737981909, 0.8573860678510159, -0.4303782345428293, -0.3523204831049205, -0.7226212522432598, -0.4530843304987173, 7.0, 0.12366489232848377, -0.4204646961640637, 0.4446516395574487, -0.6662066238277047, 0.611961843604174, -0.3780074361975403, -0.3294664230688664, -0.23203883174355389, 0.22063583288902278, -0.43221818820351, 0.2616453096907567, 0.3903228002856489, -0.6177928802288436, 0.5967650618450211, 0.023202614746387074, 0.050599793762207135, -0.43238797118405836, -0.29823087637546997, 0.12112811948793079, 0.7244545794354262, -0.22761692010423074, -0.31180112111931624, -0.6674931022414304, -0.2950554928075243, 0.49024682074614256, 0.23492099150384393, 0.19667656235174658], [0.1193434242301239, -0.7963924253415109, -0.18662669151200284, -0.7352128363573002, 0.5960750920835882, 0.11907993897115388, -0.6228749381232114, 0.7123897655508358, 0.20036048217293345, 0.17053065075680962, -0.09293778824994336, 0.5074081434313484, -0.18307908460437305, 0.2530939698486321, -0.431800552333084, 0.7212364523416226, -0.26794870567743023, -0.052843091741571424, 0.35990838000908454, -0.721170222910426, -0.17444397940495893, -0.6969622783788233, 0.12366489232848377, 7.0, -0.3157288633701437, -0.1010176555786304, 0.6645894388828701, 0.4184447455802418, 0.045599134541929986, 0.2878277405203482, 0.09335370473153226, 0.7963738143164278, 0.32025907283969035, 0.5282405152182541, 0.5215100519894058, 0.18954137177749697, 0.11718873347856151, 0.4736203542712656, 0.6169601543691019, 0.14531863430279568, -0.09814232661003064, 0.6230183475409103, 0.10092046687607725, 0.20419078396257295, -0.32886586702873477, -0.3287418183366748, -0.6473954560654405, -0.233899494260837, -0.13831983498258826, 0.33711246972063913], [-0.3792648693038184, -0.364066893204677, 0.8848245619223674, 0.43879097581132953, 0.3388579060984762, 0.501998699101952, 0.38696104233080275, 0.29562291923570205, -0.5017860409964956, -0.2563859275265733, 0.48297782498013975, 0.5556586694764649, -0.6571943138685316, 0.09116748854284173, 0.5822577520209666, -0.14776019568167897, -0.2805209711015697, 0.6910254883633167, -0.2670234241293178, -0.37558710424087294, 0.09575467910920299, 0.5919514768938874, -0.4204646961640637, -0.3157288633701437, 7.0, -0.35083838442236837, -0.5411252214622986, 0.3893197761244205, 0.42900430441093707, -0.31304796669782053, 0.08955462886877275, -0.41776484948382553, 0.14109599994309274, 0.017607569975097714, -0.2039575565732078, -0.5869131147562593, -0.44759798961822617, 0.8573360674517643, -0.012407135389691404, -0.4744773066258873, 0.03293687518275212, -0.051366601192524786, -0.39957902737446194, 0.3952353448404269, -0.09984689742029318, 0.2785094400322845, 0.46415132828729533, 0.4014514520894843, -0.5261119845164507, -0.3391663791112097], [0.43265904749386586, -0.4695281781400005, 0.35242334456033353, -0.08223481244529096, -0.1518811505779667, 0.026140765763395857, -0.3898311105990889, -0.3035997901077301, -0.23781358132704344, 0.8193985248971045, 0.0051248327259905135, -0.3634871847371913, -0.19845802578984517, 0.03191843240177006, -0.6107520717869582, 0.5442957082883746, -0.20835974302549432, -0.050222276030831625, 0.04816674276983246, 0.2828529331963687, 0.48150877164455164, -0.20834993238342792, 0.4446516395574487, -0.1010176555786304, -0.35083838442236837, 7.0, 0.0830004805885256, -0.3736907952168341, -0.47803085492987907, -0.19718902756196266, -0.7272922317863442, -0.12171144639165743, 0.08178211621852283, 0.3026879072622666, 0.15829381865339176, 0.15438302968038453, -0.11990939369961207, -0.057354717826139434, 0.20606526863210162, 0.42446709662752413, -0.9317641092927216, -0.10698299118459242, 0.5972059949275295, 0.6369998023628125, 0.49711339008731015, 0.291753762629692, -0.23935614504079683, 0.14335102384769471, 0.12776924424962344, -0.17761832719253234], [-0.3065960041873297, -0.4999792774276497, -0.2862266023552066, -0.07829359526771229, 0.14975093114050209, 0.3265468512413423, 0.2164922325152907, 0.5723973903706008, -0.23461620216627677, 0.20547830727847716, -0.22369499176094176, 0.19553547395703674, -0.096923265527045, 0.13233385414192123, -0.31737654049334507, -0.1115299598556363, 0.40566588420031446, -0.43338619255706456, 0.6228351768938141, 0.02878822157314076, -0.010469296124039018, 0.053775234669733996, -0.6662066238277047, 0.6645894388828701, -0.5411252214622986, 0.0830004805885256, 7.0, 0.661073516140934, -0.4120593978276691, 0.07897193561408855, -0.8219701792382694, 0.23174027094641914, -0.2301915657385427, 0.0008106127635199023, 0.67110973254548, 0.646395151063107, 0.21120350850215175, -0.27837861565160715, -0.2863472634463329, 0.024562917090382497, 0.4563305805798614, 0.3592348921756263, 0.2811416324394167, -0.7232601628823779, 0.348161131155873, 0.6384700156802507, -0.4705440065813131, 0.4874529421941094, -0.14252374907351195, -0.15117629098981078], [0.13813502453587168, -0.590492898658709, 0.1811488994568624, 0.013460883165953952, 0.9170359358338, 0.24480903592469128, -0.08785088614952619, 0.0954294163186864, -0.06406814902316771, -0.10673259806905255, -0.09750581194113228, 0.7994902891404472, -0.9461041717085381, 0.15758210679207063, -0.11179759074830475, 0.4480110916184423, 0.19188018159982945, -0.6431527859955705, -0.20125819803206546, -0.5226538669806959, -0.044220587831982794, -0.5291531513947375, 0.611961843604174, 0.4184447455802418, 0.3893197761244205, -0.3736907952168341, 0.661073516140934, 7.0, 0.48675301143132454, -0.48273822675623046, -0.5761840506391601, -0.6861448180965081, -0.42143841662584924, 0.3465447357160576, 0.039546467708926336, -0.4882043642703159, -0.10140135718632137, 0.21660425161076202, -0.014597717437589752, -0.04778380705527108, -0.10685485825312757, 0.6715404294914507, -0.4112022324223217, -0.10086766545813564, 0.6683464450801648, -0.20976850096766275, -0.01078073844224825, 0.07827277565910862, -0.6439235506389932, -0.7316388094460902], [-0.25262972340160106, -0.7725116591603223, 0.3815078431689214, -0.046462870449175186, 0.2544246929640517, -0.5176896033819453, -0.39877088334795086, -0.03100556268314303, 0.43069820630939204, -0.3499813599798981, -0.2602289077390443, -0.2254004596209741, 0.5158654760669699, 0.32582578828885733, -0.02274995570090943, -0.5397671162014234, 0.16142422136235046, -0.15630978311704147, 0.07384072000517206, -0.09829939038625701, 0.7990479020777963, -0.2588457364515738, -0.3780074361975403, 0.045599134541929986, 0.42900430441093707, -0.47803085492987907, -0.4120593978276691, 0.48675301143132454, 7.0, -0.6203462903364324, 0.15772691918747395, 0.1559423636158177, 0.2969792449650259, 0.09794296220301346, 0.20312580292915783, 0.5262926614185424, -0.33083419857241303, -0.8665467257608948, -0.24872024470209064, 0.8124001057086061, 0.5084046558186754, 0.2399500232842735, -0.3708161550158915, 0.19604905148996776, 0.6120367067197938, -0.40308672515322475, 0.4181546088077135, -0.014068704623679151, -0.10305420303609081, -0.3449323678978774], [0.39266777826520016, 0.2707925839932055, -0.6331938688686726, 0.3987913626853343, -0.3281286444589465, 0.5270443565324876, -0.4636242541740748, -0.07700609146337711, 0.24058863105351014, -0.6576135065880636, 0.17812140295071877, 0.06918895385956714, 0.10175592922697252, 0.4511331773411673, 0.09181334147082909, -0.042965176166544605, -0.04457635950100203, -0.021586459848130013, 0.34461226298775904, 0.1021826166062283, 0.676047872464306, -0.11581381244590438, -0.3294664230688664, 0.2878277405203482, -0.31304796669782053, -0.19718902756196266, 0.07897193561408855, -0.48273822675623046, -0.6203462903364324, 7.0, 0.12107041470105884, 0.5796084260349608, -0.04223917648308817, 0.39019085227729633, -0.4399379297436825, 0.1402654167083086, -0.9484667051111051, 0.30706476150518625, -0.4048314059141822, 0.07996931205490654, 0.5155586749888825, 0.6115654816729499, 0.02474982385987401, 0.32687323850026284, 0.561560163198922, -0.11050853222513202, 0.6043655602170603, -0.1456845886652266, -0.6770362051736651, -0.438080034880319], [-0.13353907173964152, -0.7597019095879514, -0.23138791141320403, -0.4817196286455463, -0.46419271900895775, 0.1136852443293006, -0.8874824264115625, -0.18961516678934953, 0.4444756666965648, 0.21474699677342457, 0.26548131161300526, -0.28669251244168803, -0.2806955447905334, 0.9246554719442812, -0.018000446331196795, -0.1265662442078448, 0.289977669430975, -0.5286179449911405, -0.2597622099372907, -0.3540020507213867, -0.27339569774180494, -0.47968328449688513, -0.23203883174355389, 0.09335370473153226, 0.08955462886877275, -0.7272922317863442, -0.8219701792382694, -0.5761840506391601, 0.15772691918747395, 0.12107041470105884, 7.0, 0.49312332617225607, 0.025533898266559607, -0.16461026435909087, -0.4023925675388422, 0.6820970691596511, -0.4911079554910728, 0.639707699871412, 0.07913712251674898, -0.9580143070689779, -0.31213702183710446, 0.33763014688795767, 0.4370080356060386, 0.007074273615819138, 0.25234763919739644, 0.04346255263408394, -0.3577244189047397, 0.6816803365247104, 0.3344988295907281, -0.13232210870346628], [-0.4131353556608405, 0.15188644797948037, -0.33794558325983026, 0.01407452592795222, -0.06535649194348214, 0.8563113441705603, 0.5940610399622093, 0.4930412525633088, 0.006926258350713255, 0.06358031422650567, -0.5124133769631654, 0.3764039399054959, -0.1302149758190888, -0.44661014539612265, -0.17172611025926354, 0.013623934111576474, 0.3090405608824509, 0.28672497658090856, 0.1411224079108453, -0.06680307609971636, 0.930530637045045, 0.39396966287074076, 0.22063583288902278, 0.7963738143164278, -0.41776484948382553, -0.12171144639165743, 0.23174027094641914, -0.6861448180965081, 0.1559423636158177, 0.5796084260349608, 0.49312332617225607, 7.0, -0.5234729972922698, 0.17369890720947234, 0.1149547744112358, 0.9530510550377602, 0.1216251087183573, -0.4229677574900855, 0.8430178725975752, -0.43536886484648574, -0.30327559917261604, 0.05758409657753294, -0.3196701595068484, -0.12578141564083045, -0.07372771749503226, 0.5660040992223272, -0.399759280855395, -0.11624494479270098, 0.709964370956961, 0.6384403301515187], [-0.35709718943312574, -0.32913920013760745, 0.29758365568497824, -0.12236752057357336, -0.41382644246467515, -0.4784051835105162, -0.31002191384494315, -0.08919474992418552, 0.045802722492055414, 0.2222229990345881, -0.07579556489094608, 0.4634499058952124, -0.11766918911396773, -0.40239603756958053, -0.5871957885153152, 0.3518934637154294, -0.138979982654173, 0.05503074128148722, 0.2171121443485966, 0.02897032793526133, 0.34708324897410714, -0.3198141053306749, -0.43221818820351, 0.32025907283969035, 0.14109599994309274, 0.08178211621852283, -0.2301915657385427, -0.42143841662584924, 0.2969792449650259, -0.04223917648308817, 0.025533898266559607, -0.5234729972922698, 7.0, -0.4424266414699868, -0.4847696133880207, -0.039631071926499284, -0.5526184909886933, -0.8652566321992162, -0.09064037685443538, 0.26315310506521783, 0.249202053164002, -0.46353113650224564, 0.15042566462154605, 0.14642584178434048, -0.87731250997352, -0.2663365024643799, -0.7232811867922035, 0.0702377408650674, -0.3631501863776413, 0.20307717790883562], [0.03735158932755489, -0.10547746165045291, 0.650783759800845, -0.4216454699408835, -0.37447163219260926, -0.2586298698303101, -0.18317754987685286, -0.45412110741178646, -0.23178246550256543, -0.26030397170856434, -0.6195014592290091, -0.7399759234302231, 0.09465751195073757, -0.47335635926073916, 0.5571043384755874, -0.7588094867088613, -0.15529326100645302, -0.45902746483613854, -0.13277203380856473, -0.24738821779803788, -0.23238861181008819, 0.6107119501201397, 0.2616453096907567, 0.5282405152182541, 0.017607569975097714, 0.3026879072622666, 0.0008106127635199023, 0.3465447357160576, 0.09794296220301346, 0.39019085227729633, -0.16461026435909087, 0.17369890720947234, -0.4424266414699868, 7.0, 0.12858735906542984, -0.34367347523866953, 0.20633864664868495, -0.6062200488255093, 0.7493971305148577, 0.4225364398079203, -0.6470680796813498, 0.06465922627571663, -0.748408435442184, 0.6900525687845449, 0.1693582637173714, -0.4400295993160276, 0.018634842251171513, 0.22250427768749192, 0.44350151682536154, 0.46130821715195536], [-0.1938569671325917, -0.29519359158709235, -0.516459700616153, -0.2904340159285661, 0.13206617796768683, -0.9209575517492538, -0.10816409483430478, 0.45824455106774953, -0.29564198424937416, -0.0268897270368178, 0.7950032594816361, -0.1080973995230714, 0.4974057011236386, 0.682095159330538, 0.29125469282785055, -0.21295742664084116, -0.15061529263939843, 0.10500998770320802, -0.10004769224536714, -0.6805922399021967, 0.427909172286451, 0.45233741591974796, 0.3903228002856489, 0.5215100519894058, -0.2039575565732078, 0.15829381865339176, 0.67110973254548, 0.039546467708926336, 0.20312580292915783, -0.4399379297436825, -0.4023925675388422, 0.1149547744112358, -0.4847696133880207, 0.12858735906542984, 7.0, -0.27152083854809606, 0.08178819920710012, 0.3776513780052895, 0.4351461002373882, -0.27330327662199694, -0.20656088246175452, -0.5173095145085637, 0.026221398670036145, -0.5507014417138957, -0.09356621482674288, -0.8337473227822786, -0.13240248572268865, -0.5293339306732149, -0.48629557491551223, 0.0598137757288244], [-0.3884522815164386, -0.46593637308654945, -0.272794588266558, -0.4895351471351872, 0.23290198641276438, 0.011561148551778588, -0.041098926819752135, -0.1270192218973426, -0.2182638376616025, 0.32378900305690994, -0.3255664233726796, 0.4217849452848048, -0.4980229579911929, 0.201993192175008, -0.3383885017591316, 0.23514346347265325, -0.5645426634364438, -0.21307544411074275, 0.12629767004846215, 0.20500498266924838, 0.6097637399786688, -0.0024434632272504198, -0.6177928802288436, 0.18954137177749697, -0.5869131147562593, 0.15438302968038453, 0.646395151063107, -0.4882043642703159, 0.5262926614185424, 0.1402654167083086, 0.6820970691596511, 0.9530510550377602, -0.039631071926499284, -0.34367347523866953, -0.27152083854809606, 7.0, 0.08790683836854796, -0.061367844037253705, 0.21267724979962943, -0.10244109058933248, 0.6776850623304289, -0.581365942427367, 0.2110348533025257, -0.08597846020902211, -0.1523054121944123, 0.7900726725899596, 0.5875827881033684, -0.328525349965354, -0.09798699147677536, -0.46496526769147495], [0.5407946711996485, -0.11682632750005018, 0.05851877389635751, 0.6386093126797752, 0.29234095301058005, 0.3777973206607763, -0.18091563332553784, 0.03128034957209813, 0.10674593384353415, 0.09330239076032742, -0.415435981123809, -0.1507375646469069, -0.3931142205360886, 0.4325943278126392, -0.01191421789807301, -0.1314434817153124, 0.3591913872058867, 0.42916105959280504, 0.27911123604064914, -0.037015020562765066, -0.07283616979158991, -0.8186122259501242, 0.5967650618450211, 0.11718873347856151, -0.44759798961822617, -0.11990939369961207, 0.21120350850215175, -0.10140135718632137, -0.33083419857241303, -0.9484667051111051, -0.4911079554910728, 0.1216251087183573, -0.5526184909886933, 0.20633864664868495, 0.08178819920710012, 0.08790683836854796, 7.0, -0.7032335221520124, -0.4375649570148874, 0.7659598160887238, 0.23003944554582612, -0.20890972947655362, 0.8103569197386811, 0.16822287643353828, -0.314007332773384, 0.20817124596693715, 0.405575105577505, -0.054313233439588715, 0.21840895948592198, -0.1078237942205712], [-0.21740584636016624, 0.11839467971444906, 0.8392801042853848, -0.043524972096169234, 0.1425174327307155, 0.25447844553945664, -0.02533907387326939, -0.3838897523278213, -0.4097101886017116, -0.02504385673474674, -0.33563820026987234, 0.006036784715509169, 0.3191468497921881, 0.07551466712615218, -0.15726628998191805, 0.25353517301225637, 0.06273995844221991, 0.22903680376247415, 0.4612809449827462, 0.292162857377841, -0.3445139973694814, -0.27561430729727643, 0.023202614746387074, 