{"N": 50, "M": 2, "c_0": [0.8809628350113574, 0.5257898451586367, 0.5954597823466707, -0.6521744213560625, -0.9771795431292662, 0.4533257884880615, 0.857034818849018, -0.7439379072823924, -0.6846652479609854, 0.43588949853216374, -0.05046383480695016, 0.3223826706584949, -0.4465659879863184, 0.639267931958754, -0.6599551169923634, -0.34126225431535473, 0.3416198037638052, -0.5716850335264656, 0.16925196243203366, -0.143664798494066, 0.9128298971739417, 0.04147782120363219, 0.540473385815375, -0.06082962932817515, -0.38254687016377176, 0.7812480625719853, -0.7645538746761764, -0.5863026525877575, 0.19594083892928582, 0.27917828902276787, -0.6284524400352018, 0.6103606072240171, 0.695657820096039, -0.9466450918341953, -0.7053421130730959, 0.8283923198066745, -0.7628615929396865, 0.24938366166863246, 0.10012981222864137, 0.23613302306724115, -0.7484595157682994, 0.919702447030847, 0.9480585353665176, -0.45207362208028723, -0.8283797809712776, 0.959983760103635, 0.5330124665008058, 0.503334122597787, 0.06511692161523763, 0.957354089071554], "matrix_coe": [[[7.0, -0.6679048617287237, 0.10659535630053973, 0.41653836764688545, -0.9501271678824674, -0.5617764576860049, -0.2999235227091832, 0.12072855276904582, 0.33332705725101786, -0.6526542994197522, 0.4807421178167317, 0.7468292626872242, -0.7840824367128071, -0.4557420885316319, -0.12253680953198143, 0.08117199236841355, 0.15445402731006963, 0.6259193395830844, 0.1045880698448538, -0.5008807015332313, -0.5647680242347504, 0.7407575953649359, -0.0178242773150612, -0.244989595670546, 0.30655945266224793, 0.61578161664867, 0.07095627516750613, 0.2766216261270804, 0.9625564014900703, -0.2024901040631576, -0.042308919032079784, -0.16925778921714119, 0.29754033125455015, 0.28978451149338946, -0.05903607617385975, -0.14360428756487442, 0.227157923893629, 0.14646498473941016, -0.2884133301060047, -0.6597249229584959, -0.3602531709099829, 0.29348065199773954, 0.0041505717871417325, -0.5161582615784143, -0.2512352373610499, 0.15050274980996692, 0.4377925996054959, 0.2676234260537469, 0.05052055154755841, -0.03887297539016521], [-0.6679048617287237, 7.0, -0.33277287165414793, 0.5703779588065863, -0.054626982641832744, 0.7748745517129325, -0.41060239713818736, 0.054970026705793984, 0.22202413418266742, 0.3331935630917444, 0.1807250644855829, -0.4863937698422389, 0.6749440275402012, 0.2563255800988711, -0.8308890055969484, 0.0752989044526926, -0.14961050082447847, -0.558191496796161, 0.8531245643675893, -0.12718048255767778, 0.1653074571549087, 0.543940759393069, -0.044044467859531644, 0.09488083880065412, 0.6709489991761723, -0.052980302388922484, 0.6442330385600994, -0.5912091207963988, -0.4828129209050539, 0.587184344050623, -0.33181225258972513, -0.8060608836404111, -0.46083275969892024, 0.067438503639627, 0.3420774367169639, -0.3912783273157011, -0.2858994767700761, 0.8577574414050839, -0.08300248110799169, -0.11947086717482192, -0.2637822444485022, 0.5050429843947273, 0.47198976092707, 0.1212023644495468, 0.3553834964125151, -0.4123208194652831, 0.06090236146314165, 0.2490313683541292, 0.7903415177196682, 0.7410458410797527], [0.10659535630053973, -0.33277287165414793, 7.0, 0.2839760927395294, 0.8379903158981064, -0.5997016153943638, -0.19936305073955207, -0.10963926001122715, 0.7778727815096147, 0.08883858154467417, 0.03992010133404755, -0.49985110993660953, 0.7928663105243314, -0.2850415066686952, -0.3741727555231362, -0.13403428116980576, 0.23590108222260175, -0.2910540133211488, 0.4458843422472716, -0.14018456751298614, 0.9008997370190737, 0.32230881728920346, -0.14339779903435312, -0.45566025371822105, -0.7190496332201884, 0.26612705622604116, -0.3930622407868203, -0.009470923675091947, -0.5203280732200157, 0.06443688581900231, -0.10165672561102879, -0.6243756910341197, -0.010588507081021326, 0.31535570043096217, 0.7681213505244437, -0.46399906041644723, -0.44475827525016076, -0.22245691257587807, 0.39315017897177595, 0.037100968152347535, -0.2783484023302999, 0.03198537089571074, -0.07025601238997536, 0.2070188890073963, 0.1743343635237924, 0.4148103550376798, 0.06697055977545285, 0.36605692859676364, 0.19926264537508254, 0.5114017516410134], [0.41653836764688545, 0.5703779588065863, 0.2839760927395294, 7.0, 0.5017638983824693, 0.431620985820484, -0.14561184830842666, -0.1880251696593216, -0.42107684585632843, 0.7866172507169558, -0.16108189791751193, -0.5780695475765049, -0.43407612769117243, -0.7656154485186153, -0.1576763062729578, -0.40109398756045944, 0.21073250249504394, 0.06796598269845466, 0.7042129618336563, 0.08074583546696901, 0.4627574070699616, 0.3219736247902243, 0.4905480948639529, -0.6944060175599633, -0.24796027544694554, 0.41361406994193395, -0.3889408357932619, -0.5147686683080218, 0.1914671547312774, 0.08973359791226931, -0.12926622896981355, -0.741504954739221, -0.07056999375652595, 0.3823891878857948, 0.08608977378237137, -0.18324289126574433, -0.02399613597965844, -0.438641682104019, -0.35708779113764977, 0.3781419496205818, -0.7283464313586053, -0.02491546427420177, -0.21205435478328094, -0.017204350714651317, 0.6101195359834928, -0.6119007259441531, 0.43290038501202277, -0.2442134780163262, 0.0003348751098921632, -0.884423266402061], [-0.9501271678824674, -0.054626982641832744, 0.8379903158981064, 0.5017638983824693, 7.0, -0.4944726216499118, -0.3419644966953075, 0.15914961275379902, 0.1548548343545355, -0.09139249888325485, -0.09756504378823361, 0.4403441737778051, 0.06022248884889114, 0.2947441337168413, 0.11591556946752535, 0.48509724967014645, -0.26427323121493573, -0.8022208221542104, -0.5090267633793475, 0.013451940161506304, 0.27135550515408946, 0.7470600646369223, -0.12735519025187525, 0.6231155646239581, 0.6773449694204592, -0.1978374542245006, 0.7632627445471487, -0.09812429941749301, 0.49546986966251305, -0.029229988257279627, -0.1514768014081307, -0.6513804021488058, -0.030631597437166147, 0.04257394783387847, 0.7219839999031643, -0.22614164698705408, -0.7539514092380627, 0.43025829774157165, 0.10365123018868849, 0.10801925888608599, 0.515861535738376, -0.17244293393370358, -0.03591728318347098, -0.09773694319933413, -0.6770163867867992, -0.0920433400227223, 0.08141144299589431, -0.18891440605240684, -0.10279142812633246, 0.4986373235507462], [-0.5617764576860049, 0.7748745517129325, -0.5997016153943638, 0.431620985820484, -0.4944726216499118, 7.0, -0.10046023388418546, -0.31627040170368015, 0.4618401489224966, 0.09746315516259951, -0.09947812241195142, -0.33069359716053803, 0.7147611152298974, 0.6219143514514744, 0.42461569514677366, 0.5030694077924616, 0.21296982393680475, 0.15402299165475686, -0.06810673463205996, 0.8167631544126479, -0.3642798135581068, 0.5723447009097731, 0.13794982320583427, -0.16874715396063378, -0.7260375674163336, -0.40844250699157003, -0.4911894992431637, 0.34080824571880397, 0.2877787048399285, -0.11633565358361553, 0.20295934870977073, -0.24397263019189308, 0.7580109933566539, 0.310215826894519, 0.41051167178466175, -0.3983949641075374, 0.04069902394588509, -0.36940947906031485, 0.9144168884815587, 0.6710475752634504, -0.3141749033683915, -0.03000416822411489, -0.38066468661278097, -0.1475300670680041, 0.3912501005645015, -0.4481882477905694, -0.6417217445310986, 0.2392401726709923, 0.6817295055981547, -0.10554012655925438], [-0.2999235227091832, -0.41060239713818736, -0.19936305073955207, -0.14561184830842666, -0.3419644966953075, -0.10046023388418546, 7.0, 0.09897736024889481, 0.2914019983500149, 0.16604961298521492, -0.35345047541451124, 0.048943089377246674, 0.2845928292405959, 0.5609182491386857, -0.6960695135961702, -0.022103838341210102, 0.012983602254510895, 0.686931378563636, -0.637738267975363, 0.48157678672933324, 0.2275760030944105, -0.19312453054345236, 0.1907787116964148, 0.12879088294980678, 0.3768101653393674, 0.017935049596581765, 0.05843344306382048, -0.23058657652079584, 0.3536799620812052, -0.617541124490987, 0.82655842162655, -0.6606182168881137, -0.5867785703838726, 0.03912242848818348, 0.3892785041880602, 0.3439302526223016, -0.3622036451833074, 0.3586481506996635, -0.008342530044947782, 0.1365833546617652, -0.4048744196857631, 0.2020729702566677, 0.3273989102840593, -0.08625467913648588, 0.5676942295490159, -0.3083217656327325, -0.49941259802900506, 0.7503127908604688, -0.05483567445692861, 0.3652860419190218], [0.12072855276904582, 0.054970026705793984, -0.10963926001122715, -0.1880251696593216, 0.15914961275379902, -0.31627040170368015, 0.09897736024889481, 7.0, -0.40388981450125394, 0.7762644950276103, -0.030493280794547495, -0.25884484353729476, -0.25675173317364164, -0.4401284113299111, -0.17417133589565648, 0.26977814771152, 0.8523090910442765, 0.5811554611794638, 0.05707257110527908, 0.13472149456178228, 0.8470305922526393, 0.0508565430851835, -0.43142001660337337, -0.19265169323446252, -0.2133674322180632, 0.354334319440869, 0.683914853344953, -0.4801361689243485, 0.0690761565909499, -0.7947862082034014, -0.11073988455220873, 0.4930225147127929, -0.7068352139014207, 0.3070431323118963, 0.39799781129636114, -0.23960142292961029, -0.29830983709833025, 0.28750517725139924, -0.3950661391905721, -0.20625260552320313, 0.07470124343473183, 0.4909330894959141, 0.22018645334745868, -0.32519829291875957, 0.8930648736375231, 0.20098756714393806, 0.07699509050578346, -0.3686530695480854, -0.06594786324695712, -0.07313021445098833], [0.33332705725101786, 0.22202413418266742, 0.7778727815096147, -0.42107684585632843, 0.1548548343545355, 0.4618401489224966, 0.2914019983500149, -0.40388981450125394, 7.0, -0.14719472583374316, -0.4107587055742976, -0.022211663476549792, -0.05779747391745482, -0.21187005663369685, 0.07469487324134882, 0.2593815348426971, -0.010010709279092311, -0.30761272790258, 0.15618685256166298, 0.17256490471544117, 0.20693586096577898, 0.35819499797638743, -0.31240950872946593, -0.3720589147522054, 0.3662428479014812, 0.7545399226703307, -0.33935813219921185, 0.013118997991890424, 0.043504248646931254, 0.4808816277668586, 0.6065414490861132, -0.7723386210110624, -0.3050646102556259, 0.795884003645317, -0.088392595965883, -0.6866411730970757, 0.9144111735146041, 0.31931649795670536, -0.04270055304238185, 0.012471059885402092, -0.4105606295888896, -0.10180936915190386, 0.01017064266813783, 0.06665877528655217, 0.025289070708971018, -0.37164267293736, 0.6669405565578415, 0.14574365249961208, 0.3077797426140201, -0.3815124182763774], [-0.6526542994197522, 0.3331935630917444, 0.08883858154467417, 0.7866172507169558, -0.09139249888325485, 0.09746315516259951, 0.16604961298521492, 0.7762644950276103, -0.14719472583374316, 7.0, 0.3488660010522415, 0.29176863100965855, 0.09189663589757546, 0.1975156949317347, -0.551073187351388, -0.22396666273110855, 0.6549388166958487, -0.46390092164282604, 0.4235944578661981, 0.11993148811874343, 0.5167541121436463, -0.1546084868790203, -0.3553168593789039, -0.5786647872615543, -0.8888855719533242, -0.3657936509806783, 0.3429210440194992, -0.1763976467836451, 0.47743729306819715, -0.696667721244202, 0.28641758573307885, 0.1301921472385006, -0.8025523164518094, -0.12917161050750647, 0.6676166184769579, 0.000598689601833513, 0.08856647363314019, 0.5546808639990868, 0.8414907066374127, 0.036313901829840844, -0.36398214574519594, 0.6694073579015898, 0.46971198067959774, -0.009180885282634388, 0.22354238866957665, 0.1405756032558807, -0.8041763510922614, 0.2774421244144767, -0.20282676954642143, -0.033263620654853665], [0.4807421178167317, 0.1807250644855829, 0.03992010133404755, -0.16108189791751193, -0.09756504378823361, -0.09947812241195142, -0.35345047541451124, -0.030493280794547495, -0.4107587055742976, 0.3488660010522415, 7.0, -0.09744459744470324, -0.2226969673788618, 0.6038875791110419, -0.6703189982266267, 0.6366625876718337, -0.16696321232819233, 0.46825362521290126, -0.5383251159422618, 0.24656313020371146, 0.1499248392331669, 0.8970535202825922, -0.49522305341004835, -0.46831238962581656, 0.5290313326938869, 0.5057684694787872, 0.15267519797467233, -0.24159544965446988, -0.1896308062704528, 0.43446854118741784, 0.12127027851235583, 0.1881939302728446, -0.011736637539180417, -0.6128062296061759, -0.014456228640827629, 0.7416208240330691, -0.39970239725813783, -0.09979783015849031, 0.2637239284865003, -0.08074558161758394, -0.3353018609789269, 0.5117975570947677, 0.30896276353041796, 0.20816239249531376, 0.6143208303588383, 0.42398410067247005, -0.33619113668096345, -0.1557397532819924, -0.7187506510268833, 0.1663403279356288], [0.7468292626872242, -0.4863937698422389, -0.49985110993660953, -0.5780695475765049, 0.4403441737778051, -0.33069359716053803, 0.048943089377246674, -0.25884484353729476, -0.022211663476549792, 0.29176863100965855, -0.09744459744470324, 7.0, 0.07489074135700902, 0.021685273808373706, -0.23095087558609917, -0.23438150527124424, 0.39613100297428216, -0.17643960605199738, 0.3736674486627751, 0.33691098220128257, 0.6256532322672608, 0.41651584040560863, 0.45301030659615416, -0.16222965603823591, -0.23142323246081342, 0.14366293544783293, 0.6484944840631659, 0.41349831833500206, 0.5016766564932262, 0.3954986051087448, -0.36446163070477433, 0.002743472376514511, -0.5980085349673573, -0.10451999822712243, -0.6863501554478263, -0.26014313881725937, 0.15621637628982077, 0.23149272833788248, 0.6322510446675431, 0.02886653609619838, 0.19115695426136758, 0.056180814775835586, -0.0020119748921905156, -0.21315601547514051, -0.6617801506605726, -0.2144457675037772, 0.37690338324665995, -0.17955178047078002, -0.41749438784006077, 0.6377690556087612], [-0.7840824367128071, 0.6749440275402012, 0.7928663105243314, -0.43407612769117243, 0.06022248884889114, 0.7147611152298974, 0.2845928292405959, -0.25675173317364164, -0.05779747391745482, 0.09189663589757546, -0.2226969673788618, 0.07489074135700902, 7.0, -0.10212878410709925, -0.3116922359573352, 0.16807170994472864, -0.7584745119727735, 0.22592403457181476, -0.42708644603050583, -0.07852978700384827, 0.42067681491403963, -0.48348865448714873, 0.455111569426486, -0.48474449274295317, 0.28844398617915035, -0.4331432697163595, 0.8968785869622131, -0.20166462356366288, -0.5419503229533986, -0.6814273643452338, -0.20720059089352205, 0.05824377558039151, 0.33960359993062683, 0.04097306828368108, -0.6751920615737081, -0.24068017055529434, 0.3157645118900252, -0.06512575516390373, -0.6837284661383061, 0.40430395515001916, 0.439260774164135, 0.018598780428364048, -0.34562226702949417, 0.6353688076177333, -0.1858513602106514, 0.1807905912392962, -0.029692116026645676, -0.7373740452275295, 0.12282380008494687, -0.3329727594400518], [-0.4557420885316319, 0.2563255800988711, -0.2850415066686952, -0.7656154485186153, 0.2947441337168413, 0.6219143514514744, 0.5609182491386857, -0.4401284113299111, -0.21187005663369685, 0.1975156949317347, 0.6038875791110419, 0.021685273808373706, -0.10212878410709925, 7.0, -0.2562370345998254, 0.017511816679222303, -0.31248512955794083, -0.5874511824978133, 0.592721619520219, -0.11150595052164991, -0.4839369727202104, -0.6603050366126301, 0.08282901710230828, -0.33285882047105375, -0.3388553257937166, -0.1874283543951587, -0.20173939723654422, 0.39515335748440217, 0.22559846646606463, -0.24371079979553345, 0.061532146948481525, 0.02210806299796353, 0.39734873743428856, 0.3405421769603323, 0.04014137862164313, 0.19854490156232862, -0.06093526323447607, -0.15514925989910144, 0.13025879710126897, -0.21953516262403883, -0.2563878184855002, 0.2910726062124167, 0.4206104485910114, 0.10301167439563441, -0.1637110567030362, -0.10738185985059956, 0.5956034543058193, -0.20611983149038604, -0.31276449989922994, 0.6295230475303355], [-0.12253680953198143, -0.8308890055969484, -0.3741727555231362, -0.1576763062729578, 0.11591556946752535, 0.42461569514677366, -0.6960695135961702, -0.17417133589565648, 0.07469487324134882, -0.551073187351388, -0.6703189982266267, -0.23095087558609917, -0.3116922359573352, -0.2562370345998254, 7.0, -0.1104624598197741, -0.553269914817295, -0.07737068424086013, -0.5210733926269632, 0.3668094007536502, 0.33096874858283076, -0.47067212526099045, 0.7024311567993706, -0.25250871305462186, -0.3931756538972292, -0.20379786968320213, 0.1166365511268852, -0.38018689980399156, 0.5102440070830778, 0.09197015390585772, 0.414053213367529, -0.09013514012980073, 0.2824977814453242, 0.3991018561368147, -0.3171284836007233, 0.11890415324865322, 0.43759075638629286, 0.6945753033553643, -0.532836244242067, -0.6633869424913346, 0.46593180262431577, 0.07123256948370571, -0.08368980324828512, 0.5304605844775065, 0.8072395735313633, -0.746477903048658, 0.4168322167932135, 0.10564129875692374, 0.009158834908778335, 0.301628793703006], [0.08117199236841355, 0.0752989044526926, -0.13403428116980576, -0.40109398756045944, 0.48509724967014645, 0.5030694077924616, -0.022103838341210102, 0.26977814771152, 0.2593815348426971, -0.22396666273110855, 0.6366625876718337, -0.23438150527124424, 0.16807170994472864, 0.017511816679222303, -0.1104624598197741, 7.0, -0.009379857814862613, -0.45148221345609996, 0.41748405629129426, 0.759978686049698, -0.1282483183869677, 0.058934767851915204, -0.15605367727974861, 0.10076989127652336, -0.04229275003021815, 0.6680752748050969, 0.7578091220487586, 0.07243970683510925, -0.1785325841210098, 0.7179607277513851, 0.7026094420243703, -0.0867251509756829, 0.16818635757791123, -0.5748085652176664, -0.33775842661713507, 0.23427136037208474, 0.18617885776745546, 0.11364815030707476, 0.1302033361245325, -0.4248192760154549, -0.10096845129437881, -0.19302575608017503, 0.017301411918164034, -0.14894192877180756, 0.02420098804601034, 0.5999368315795877, -0.13221482718117528, -0.6927196200450358, -0.8364062951809512, 0.28320212899357466], [0.15445402731006963, -0.14961050082447847, 0.23590108222260175, 0.21073250249504394, -0.26427323121493573, 0.21296982393680475, 0.012983602254510895, 0.8523090910442765, -0.010010709279092311, 0.6549388166958487, -0.16696321232819233, 0.39613100297428216, -0.7584745119727735, -0.31248512955794083, -0.553269914817295, -0.009379857814862613, 7.0, 0.16040835547879118, 0.453404570226025, -0.3306966811954696, -0.3112129394949912, 0.3105489357907467, -0.4413707832229181, -0.18928139380926956, 0.2850428778788694, 0.24471967711246156, 0.04720403051430022, -0.4235619417983163, 0.07548036317773454, 0.2135027991921894, -0.5884261321950331, -0.6448276919594828, 0.3888009721906873, 0.4314110309358439, -0.5261893328532067, -0.09984388073034833, -0.7839339546326117, 0.7631571932908043, 0.22232026534153526, -0.08350063530535545, 0.46138616918130215, -0.43581308060280166, 0.20431138302133434, 0.5385748948017004, 0.6866077082323634, 0.06682987915148897, 0.7067845085602973, 0.49068941133023447, 0.033358366701172315, -0.52209022268811], [0.6259193395830844, -0.558191496796161, -0.2910540133211488, 0.06796598269845466, -0.8022208221542104, 0.15402299165475686, 0.686931378563636, 0.5811554611794638, -0.30761272790258, -0.46390092164282604, 0.46825362521290126, -0.17643960605199738, 0.22592403457181476, -0.5874511824978133, -0.07737068424086013, -0.45148221345609996, 0.16040835547879118, 7.0, 0.056462726538335506, -0.04934639209588787, 0.48238890997641426, 0.01285542887559643, 0.2001519273371244, 0.08717074952115933, -0.020801266713529443, 0.28949966107339486, 0.631890115881411, -0.5197984803127065, 0.3300463738227739, 0.01862355175905739, -0.011038138668570396, -0.21762308824866816, -0.00841745199994226, 0.7898971658926928, 0.3592584646638257, -0.6282471555538335, -0.14537985997172853, -0.8007521977375244, 0.8504851710769916, -0.12071486226188244, -0.48180560735455036, -0.24132516146042382, -0.3261328251227622, 0.5564662365934603, 0.3838935601939586, -0.7430931628396995, 0.33984281275718975, -0.19121057204128322, 0.3855665925733627, -0.2873836285336101], [0.1045880698448538, 0.8531245643675893, 0.4458843422472716, 0.7042129618336563, -0.5090267633793475, -0.06810673463205996, -0.637738267975363, 0.05707257110527908, 0.15618685256166298, 0.4235944578661981, -0.5383251159422618, 0.3736674486627751, -0.42708644603050583, 0.592721619520219, -0.5210733926269632, 0.41748405629129426, 0.453404570226025, 0.056462726538335506, 7.0, -0.6479070211048584, 0.3016780310999434, 0.5685555050866826, 0.1987919759023944, -0.017639232132191318, -0.10534162234568567, -0.8426690503114496, 0.39725271338988577, 0.2523806537247788, 0.8024786387475915, 0.1387705679716491, 0.3073826139379112, -0.07087384095051452, 0.03956735398281408, -0.025617908666899947, -0.9068523895671788, 0.15999141084886337, 0.6375011698957032, -0.1607772055962272, 0.4920126905361999, 0.26490485742681313, 0.18774362386107235, -0.08355246430976371, -0.1005640336232615, -0.2636940683922062, -0.05177889289085491, 0.18296568713019723, 0.2742132726649875, -0.14824599390214588, -0.18474799448251844, -0.2990285542980464], [-0.5008807015332313, -0.12718048255767778, -0.14018456751298614, 0.08074583546696901, 0.013451940161506304, 0.8167631544126479, 0.48157678672933324, 0.13472149456178228, 0.17256490471544117, 0.11993148811874343, 0.24656313020371146, 0.33691098220128257, -0.07852978700384827, -0.11150595052164991, 0.3668094007536502, 0.759978686049698, -0.3306966811954696, -0.04934639209588787, -0.6479070211048584, 7.0, -0.22184623471079934, -0.3068164263080321, 0.5160431425474479, -0.8911009120469261, 0.5797950495876785, -0.035079228278565355, 0.5061818726925398, 0.26047746029625385, 0.5775334735259137, -0.06654381988158742, 0.059119818066680985, -0.4438717935923242, -0.09581440056419399, -0.3039949877907496, -0.2824014843181639, -0.45959673027716974, 0.7785331427099869, 0.26401924768119533, 0.5885357185725257, 0.45644735296747685, -0.430056741046529, 0.5086329537936454, 0.016371863246085194, -0.12440384830148843, -0.13963557174193164, 0.12021899810217374, -0.4074457677646822, -0.5290426040618837, -0.3633442845011028, -0.29264216019103784], [-0.5647680242347504, 0.1653074571549087, 0.9008997370190737, 0.4627574070699616, 0.27135550515408946, -0.3642798135581068, 0.2275760030944105, 0.8470305922526393, 0.20693586096577898, 0.5167541121436463, 0.1499248392331669, 0.6256532322672608, 0.42067681491403963, -0.4839369727202104, 0.33096874858283076, -0.1282483183869677, -0.3112129394949912, 0.48238890997641426, 0.3016780310999434, -0.22184623471079934, 7.0, 0.1452043993512515, 0.001833720990992882, -0.5387234219464111, -0.5894101541276027, -0.17734061428560977, -0.2165483169976511, 0.20398552170783368, -0.1347596191275069, 0.043938129633743994, 0.15062905928575887, 0.20717730710055005, -0.19728242258380624, -0.2345987123244211, 0.39151830089915807, 0.29974007664222935, -0.578752176773653, -0.055578409459167255, -0.25594054337026295, 0.5814255037235343, 0.6463655989090498, -0.3740390309213192, -0.23314251264042984, -0.2112512803330051, 0.07850544217778221, -0.01641647084318032, 0.09842487754643625, -0.7931165621540192, -0.5724335650877584, 0.01642748081872991], [0.7407575953649359, 0.543940759393069, 0.32230881728920346, 0.3219736247902243, 0.7470600646369223, 0.5723447009097731, -0.19312453054345236, 0.0508565430851835, 0.35819499797638743, -0.1546084868790203, 0.8970535202825922, 0.41651584040560863, -0.48348865448714873, -0.6603050366126301, -0.47067212526099045, 0.058934767851915204, 0.3105489357907467, 0.01285542887559643, 0.5685555050866826, -0.3068164263080321, 0.1452043993512515, 7.0, 0.44855315444561317, 0.3529159662300574, 0.26790292396333215, 0.8940612457304771, -0.29984994046753644, 0.2590905922728579, 0.07582225238887541, -0.7248950773772886, 0.21689638833269886, -0.16084508085537064, -0.08722960212530939, 0.3957121141147466, -0.24528266844128144, -0.28510094124566554, 0.36304093596151277, 0.08428210637624778, -0.4070342324546571, -0.03062439646285775, -0.10169841205658081, -0.8036349953012415, -0.26531270204876745, 0.5279239171812948, -0.012141548421977788, -0.022667579351901446, -0.007824006021397323, -0.3290626196590637, 0.4062338729186785, 0.6056312452539099], [-0.0178242773150612, -0.044044467859531644, -0.14339779903435312, 0.4905480948639529, -0.12735519025187525, 0.13794982320583427, 0.1907787116964148, -0.43142001660337337, -0.31240950872946593, -0.3553168593789039, -0.49522305341004835, 0.45301030659615416, 0.455111569426486, 0.08282901710230828, 0.7024311567993706, -0.15605367727974861, -0.4413707832229181, 0.2001519273371244, 0.1987919759023944, 0.5160431425474479, 0.001833720990992882, 0.44855315444561317, 7.0, -0.03607976642166355, -0.3907070387571169, -0.08368420112211694, 0.24598260045532028, 0.08887258356090655, -0.4970878895943658, -0.39886976758009374, -0.1665491165168448, 0.11568360658618104, 0.18234885047535032, 0.4018342406223332, -0.5939789794573815, 0.07821792570587105, 0.4743582061183307, -0.06566538521742316, -0.6750031807642068, 0.4715963588355565, -0.5546651075352013, 0.04045043141151394, -0.05187864131266706, -0.7605653784735331, -0.2507220121322351, 0.3160872588602581, 0.7704176152116857, 0.24063302713750678, -0.09565350265306816, 0.07495158804866553], [-0.244989595670546, 0.09488083880065412, -0.45566025371822105, -0.6944060175599633, 0.6231155646239581, -0.16874715396063378, 0.12879088294980678, -0.19265169323446252, -0.3720589147522054, -0.5786647872615543, -0.46831238962581656, -0.16222965603823591, -0.48474449274295317, -0.33285882047105375, -0.25250871305462186, 0.10076989127652336, -0.18928139380926956, 0.08717074952115933, -0.017639232132191318, -0.8911009120469261, -0.5387234219464111, 0.3529159662300574, -0.03607976642166355, 7.0, 0.3251060634976781, 0.35057412517523545, 0.46941067793078717, -0.19310778378134075, 0.4634801508529187, -0.24166677759855248, 0.9405319972131476, 0.21501726413885303, -0.5712220248264884, -0.7464373511142431, 0.08392631334486778, 0.04525585990437442, 0.8242520957213784, -0.535795598175693, 0.09744775846171128, 0.4853470468348591, 0.5609927882162342, 0.11011563835910243, 0.1718223768446523, 0.347463531253996, -0.6959617132385463, 0.08329240777917879, -0.1966422941480791, -0.37538929425596346, 0.44463109536273615, -0.014778983275064883], [0.30655945266224793, 0.6709489991761723, -0.7190496332201884, -0.24796027544694554, 0.6773449694204592, -0.7260375674163336, 0.3768101653393674, -0.2133674322180632, 0.3662428479014812, -0.8888855719533242, 0.5290313326938869, -0.23142323246081342, 0.28844398617915035, -0.3388553257937166, -0.3931756538972292, -0.04229275003021815, 0.2850428778788694, -0.020801266713529443, -0.10534162234568567, 0.5797950495876785, -0.5894101541276027, 0.26790292396333215, -0.3907070387571169, 0.3251060634976781, 7.0, 0.6002466309647769, 0.39379302867488275, 0.19003647470807206, 0.10601613612379168, 0.05767715860347744, -0.3437613972752456, 0.02002780933150694, 0.13867400551546671, 0.4323883143169107, -0.05325204495202496, 0.4316172366551809, -0.15523302501200753, -0.2709908905390026, -0.8570078130428821, -0.200132508902107, 0.6795546553935012, 0.12295468150979083, -0.18422666716118763, -0.21001403126876073, -0.5246257009298505, 0.05527407524203021, -0.38144920068912636, -0.4722143324081054, 0.5974294546977135, -0.28790976784932787], [0.61578161664867, -0.052980302388922484, 0.26612705622604116, 0.41361406994193395, -0.1978374542245006, -0.40844250699157003, 0.017935049596581765, 0.354334319440869, 0.7545399226703307, -0.3657936509806783, 0.5057684694787872, 0.14366293544783293, -0.4331432697163595, -0.1874283543951587, -0.20379786968320213, 0.6680752748050969, 0.24471967711246156, 0.28949966107339486, -0.8426690503114496, -0.035079228278565355, -0.17734061428560977, 0.8940612457304771, -0.08368420112211694, 0.35057412517523545, 0.6002466309647769, 7.0, 0.01004253696085744, 0.46437076616204287, 0.5363860398480695, -0.5706419446679372, 0.3855254560779078, 0.8415843151136873, 0.2896634451728737, 0.8980585571750157, 0.3842681844795153, 0.3740904031945189, 0.4323948627178573, -0.44334570681671504, 0.14453914046170047, -0.14757270841543924, -0.6465590160143289, -0.08123129796493544, 0.41457027698453053, -0.44632382524282, 0.3107014507261776, -0.273495654806305, 0.18517672040392053, 0.709490932408547, 0.2863084259894113, -0.5444651668444609], [0.07095627516750613, 0.6442330385600994, -0.3930622407868203, -0.3889408357932619, 0.7632627445471487, -0.4911894992431637, 0.05843344306382048, 0.683914853344953, -0.33935813219921185, 0.3429210440194992, 0.15267519797467233, 0.6484944840631659, 0.8968785869622131, -0.20173939723654422, 0.1166365511268852, 0.7578091220487586, 0.04720403051430022, 0.631890115881411, 0.39725271338988577, 0.5061818726925398, -0.2165483169976511, -0.29984994046753644, 0.24598260045532028, 0.46941067793078717, 0.39379302867488275, 0.01004253696085744, 7.0, 0.45626219608214225, -0.0810958477152034, 0.14274689711642896, -0.3609316608127867, 0.38632501748707027, -0.008579987446477144, -0.9053407711794174, -0.40643962684135626, 0.04830161837532865, -0.13443968390708338, 0.37234982603178723, -0.6438461751489836, -0.3584353180297334, -0.20009436051743934, -0.047726654909099775, -0.029639022418331273, -0.5690186160482863, 0.5743849069284741, -0.04002081622989062, -0.12388571837198747, 0.3488531724403767, 0.06338859516962092, -0.09637851174018552], [0.2766216261270804, -0.5912091207963988, -0.009470923675091947, -0.5147686683080218, -0.09812429941749301, 0.34080824571880397, -0.23058657652079584, -0.4801361689243485, 0.013118997991890424, -0.1763976467836451, -0.24159544965446988, 0.41349831833500206, -0.20166462356366288, 0.39515335748440217, -0.38018689980399156, 0.07243970683510925, -0.4235619417983163, -0.5197984803127065, 0.2523806537247788, 0.26047746029625385, 0.20398552170783368, 0.2590905922728579, 0.08887258356090655, -0.19310778378134075, 0.19003647470807206, 0.46437076616204287, 0.45626219608214225, 7.0, 0.1860162299640571, 0.33882453487328656, 0.4740604854614032, -0.3429544521383652, 0.18863425741811923, -0.5420687853370756, -0.25461618089893745, 0.21029510013625652, -0.47317749936812903, 0.27644233551297726, -0.27345410265614967, 0.19117925407300862, -0.0476659245844443, -0.19941095058770908, 0.09325790255658806, -0.04985502605210901, -0.11072843382730713, 0.05820471613318423, 0.06454201881476762, 0.08407827451627181, 0.10250294684446537, 0.17993428863671834], [0.9625564014900703, -0.4828129209050539, -0.5203280732200157, 0.1914671547312774, 0.49546986966251305, 0.2877787048399285, 0.3536799620812052, 0.0690761565909499, 0.043504248646931254, 0.47743729306819715, -0.1896308062704528, 0.5016766564932262, -0.5419503229533986, 0.22559846646606463, 0.5102440070830778, -0.1785325841210098, 0.07548036317773454, 0.3300463738227739, 0.8024786387475915, 0.5775334735259137, -0.1347596191275069, 0.07582225238887541, -0.4970878895943658, 0.4634801508529187, 0.10601613612379168, 0.5363860398480695, -0.0810958477152034, 0.1860162299640571, 7.0, 0.5116567541353572, -0.10655185706292436, 0.12380924481812539, -0.6705734115978617, -0.07084950158762782, -0.11093197471170857, 0.38615796890551746, 0.2794928153575085, 0.022885041879435075, -0.05563411467118873, -0.22475697051390042, 0.17178915790184224, -0.007523653254830065, 0.4854877492508589, 0.07402254525321439, -0.28753086693578866, 0.22020900926642284, -0.43912140927415144, 0.06146736069696157, -0.2767322021960158, 0.020418871988649556], [-0.2024901040631576, 0.587184344050623, 0.06443688581900231, 0.08973359791226931, -0.029229988257279627, -0.11633565358361553, -0.617541124490987, -0.7947862082034014, 0.4808816277668586, -0.696667721244202, 0.43446854118741784, 0.3954986051087448, -0.6814273643452338, -0.24371079979553345, 0.09197015390585772, 0.7179607277513851, 0.2135027991921894, 0.01862355175905739, 0.1387705679716491, -0.06654381988158742, 0.043938129633743994, -0.7248950773772886, -0.39886976758009374, -0.24166677759855248, 0.05767715860347744, -0.5706419446679372, 0.14274689711642896, 0.33882453487328656, 0.5116567541353572, 7.0, -0.25978770287755126, -0.5422874727070675, 0.16537952714966564, 0.21850839177510162, -0.7120264649330658, 0.7098394912136852, -0.03125386500837224, 0.05599345056918925, -0.1326180756032288, 0.4946545532557556, -0.19270785703909254, 0.8921538991912406, -0.2822159838160797, 0.7677972038987351, -0.4888886931659224, -0.8031378571322526, 0.016194183770261716, 0.24497091387128211, -0.6869105325350433, 0.1572440985272927], [-0.042308919032079784, -0.33181225258972513, -0.10165672561102879, -0.12926622896981355, -0.1514768014081307, 0.20295934870977073, 0.82655842162655, -0.11073988455220873, 0.6065414490861132, 0.28641758573307885, 0.12127027851235583, -0.36446163070477433, -0.20720059089352205, 0.061532146948481525, 0.414053213367529, 0.7026094420243703, -0.5884261321950331, -0.011038138668570396, 0.3073826139379112, 0.059119818066680985, 0.15062905928575887, 0.21689638833269886, -0.1665491165168448, 0.9405319972131476, -0.3437613972752456, 0.3855254560779078, -0.3609316608127867, 0.4740604854614032, -0.10655185706292436, -0.25978770287755126, 7.0, 0.8855374748305218, 0.6038277946062267, -0.0066265820762015926, 0.13696790790755475, -0.2203660470198674, -0.22203895278267005, 0.28604243826757014, -0.337343149935737, -0.0011499424022947125, -0.09295064166244227, 0.42756702742840247, 0.5864874798377873, 0.5554306302824976, 0.363368540745731, -0.29707246318308234, 0.301379700667483, 0.3692543475948493, 0.9124273914228378, 0.47597352916062974], [-0.16925778921714119, -0.8060608836404111, -0.6243756910341197, -0.741504954739221, -0.6513804021488058, -0.24397263019189308, -0.6606182168881137, 0.4930225147127929, -0.7723386210110624, 0.1301921472385006, 0.1881939302728446, 0.002743472376514511, 0.05824377558039151, 0.02210806299796353, -0.09013514012980073, -0.0867251509756829, -0.6448276919594828, -0.21762308824866816, -0.07087384095051452, -0.4438717935923242, 0.20717730710055005, -0.16084508085537064, 0.11568360658618104, 0.21501726413885303, 0.02002780933150694, 0.8415843151136873, 0.38632501748707027, -0.3429544521383652, 0.12380924481812539, -0.5422874727070675, 0.8855374748305218, 7.0, -0.5931097074392936, 0.5786549273145356, -0.5415380296633342, -0.38148256946236025, 0.010772497879917964, 0.025379170219409275, -0.09530408109097399, -0.30514199491613936, 0.2525749272505431, 0.16954784939757195, -0.867548365472945, 0.6023793783539078, 0.5889181265401735, 0.17986165968688028, -0.4699024763094495, 0.39377024670937644, -0.231138805973107, 0.7570710250693606], [0.29754033125455015, -0.46083275969892024, -0.010588507081021326, -0.07056999375652595, -0.030631597437166147, 0.7580109933566539, -0.5867785703838726, -0.7068352139014207, -0.3050646102556259, -0.8025523164518094, -0.011736637539180417, -0.5980085349673573, 0.33960359993062683, 0.39734873743428856, 0.2824977814453242, 0.16818635757791123, 0.3888009721906873, -0.00841745199994226, 0.03956735398281408, -0.09581440056419399, -0.19728242258380624, -0.08722960212530939, 0.18234885047535032, -0.5712220248264884, 0.13867400551546671, 0.2896634451728737, -0.008579987446477144, 0.18863425741811923, -0.6705734115978617, 0.16537952714966564, 0.6038277946062267, -0.5931097074392936, 7.0, 0.08912225653054762, -0.6191035232248133, -0.3754730277075621, -0.0764124110883353, 0.39924880842851773, 0.5393572114915011, 0.4821628876335251, 0.2854616370769656, -0.17472259522329625, -0.1040061763675002, -0.3876318391491437, -0.23281037556717454, 0.025286969898917322, 0.3496523168811685, 0.03266338075703956, -0.9603313742223605, -0.7327976029395976], [0.28978451149338946, 0.067438503639627, 0.31535570043096217, 0.3823891878857948, 0.04257394783387847, 0.310215826894519, 0.03912242848818348, 0.3070431323118963, 0.795884003645317, -0.12917161050750647, -0.6128062296061759, -0.10451999822712243, 0.04097306828368108, 0.3405421769603323, 0.3991018561368147, -0.5748085652176664, 0.4314110309358439, 0.7898971658926928, -0.025617908666899947, -0.3039949877907496, -0.2345987123244211, 0.3957121141147466, 0.4018342406223332, -0.7464373511142431, 0.4323883143169107, 0.8980585571750157, -0.9053407711794174, -0.5420687853370756, -0.07084950158762782, 0.21850839177510162, -0.0066265820762015926, 0.5786549273145356, 0.08912225653054762, 7.0, -0.14067948977929368, -0.47446044010744604, 0.7154360177736776, 0.46115571036250236, 0.03878938965062417, -0.7972781828740774, 0.7941942935211794, -0.18395611022662006, 0.08191664204935734, -0.2902959424030408, -0.13471992958036372, 0.3088526072588089, 0.10542169619494302, -0.24295833145513546, -0.2031144814656558, 0.7293072403137684], [-0.05903607617385975, 0.3420774367169639, 0.7681213505244437, 0.08608977378237137, 0.7219839999031643, 0.41051167178466175, 0.3892785041880602, 0.39799781129636114, -0.088392595965883, 0.6676166184769579, -0.014456228640827629, -0.6863501554478263, -0.6751920615737081, 0.04014137862164313, -0.3171284836007233, -0.33775842661713507, -0.5261893328532067, 0.3592584646638257, -0.9068523895671788, -0.2824014843181639, 0.39151830089915807, -0.24528266844128144, -0.5939789794573815, 0.08392631334486778, -0.05325204495202496, 0.3842681844795153, -0.40643962684135626, -0.25461618089893745, -0.11093197471170857, -0.7120264649330658, 0.13696790790755475, -0.5415380296633342, -0.6191035232248133, -0.14067948977929368, 7.0, -0.0034003236382889046, 0.021939175565994784, 0.44820187404522516, 0.39513220201214727, 0.2735454256623402, -0.3035452154213478, 0.2952233031807887, -0.4169021983037612, 0.304687303563999, 0.5011439138603089, 0.9421743987914137, -0.34265084218876707, -0.20019027040845372, 0.15496113630350195, 0.45726959529501965], [-0.14360428756487442, -0.3912783273157011, -0.46399906041644723, -0.18324289126574433, -0.22614164698705408, -0.3983949641075374, 0.3439302526223016, -0.23960142292961029, -0.6866411730970757, 0.000598689601833513, 0.7416208240330691, -0.26014313881725937, -0.24068017055529434, 0.19854490156232862, 0.11890415324865322, 0.23427136037208474, -0.09984388073034833, -0.6282471555538335, 0.15999141084886337, -0.45959673027716974, 0.29974007664222935, -0.28510094124566554, 0.07821792570587105, 0.04525585990437442, 0.4316172366551809, 0.3740904031945189, 0.04830161837532865, 0.21029510013625652, 0.38615796890551746, 0.7098394912136852, -0.2203660470198674, -0.38148256946236025, -0.3754730277075621, -0.47446044010744604, -0.0034003236382889046, 7.0, -0.28932808427880885, 0.10721474308394541, -0.5828639456539921, 0.315400584763494, 0.45898072877290086, -0.3243215829180436, 0.5546626650479598, 0.23119624510568726, 0.4569564589334911, -0.059347598055162876, -0.02354208994315432, -0.5428602167449633, 0.9140201757461832, -0.5107622507118053], [0.227157923893629, -0.2858994767700761, -0.44475827525016076, -0.02399613597965844, -0.7539514092380627, 0.04069902394588509, -0.3622036451833074, -0.29830983709833025, 0.9144111735146041, 0.08856647363314019, -0.39970239725813783, 0.15621637628982077, 0.3157645118900252, -0.06093526323447607, 0.43759075638629286, 0.18617885776745546, -0.7839339546326117, -0.14537985997172853, 0.6375011698957032, 0.7785331427099869, -0.578752176773653, 0.36304093596151277, 0.4743582061183307, 0.8242520957213784, -0.15523302501200753, 0.4323948627178573, -0.13443968390708338, -0.47317749936812903, 0.2794928153575085, -0.03125386500837224, -0.22203895278267005, 0.010772497879917964, -0.0764124110883353, 0.7154360177736776, 0.021939175565994784, -0.28932808427880885, 7.0, 0.10228505345621808, -0.4779509974117807, 0.37163602875836843, -0.741454475438888, 0.263250340202289, 0.2529216918007995, -0.46198728649332277, 0.35110903780720637, 0.1886590506472654, -0.16243650408421062, -0.23736131019786555, -0.2910637756092036, 0.04659260243828345], [0.14646498473941016, 0.8577574414050839, -0.22245691257587807, -0.438641682104019, 0.43025829774157165, -0.36940947906031485, 0.3586481506996635, 0.28750517725139924, 0.31931649795670536, 0.5546808639990868, -0.09979783015849031, 0.23149272833788248, -0.06512575516390373, -0.15514925989910144, 0.6945753033553643, 0.11364815030707476, 0.7631571932908043, -0.8007521977375244, -0.1607772055962272, 0.26401924768119533, -0.055578409459167255, 0.08428210637624778, -0.06566538521742316, -0.535795598175693, -0.2709908905390026, -0.44334570681671504, 0.37234982603178723, 0.27644233551297726, 0.022885041