{"N": 50, "M": 2, "c_0": [0.08000493508418915, -0.6990003243539369, 0.5130955948803932, -0.11123768823558389, -0.8229705220391443, 0.5621516216506837, 0.9481460204593559, -0.7374379502170019, -0.9120144374955435, -0.9772867507296654, -0.9565312018086967, 0.47120747495708115, 0.8623417952178247, 0.836314556228221, 0.19808753861314354, 0.45807201113104457, -0.6726102352975203, 0.5180436059823852, 0.6425674181223289, 0.8992216950392191, -0.12725265871285618, -0.9590785538434721, -0.8591201326934261, 0.7231275139070013, -0.8049279033223271, -0.4317625495429378, -0.8057992550283914, 0.5838170616687799, -0.39269605487792014, 0.5817703418413263, 0.8767255822923012, 0.8340566716504303, -0.11459549851735029, -0.21410734029805467, -0.7332574197641779, -0.6790342919256291, 0.7266598753557203, -0.223086047047526, -0.857002050280455, 0.5860949607884269, -0.11348553872988076, 0.8354370018252526, -0.9509353963830518, -0.5875715767548584, -0.7203546049938381, -0.7917932997357313, -0.9791656272731695, 0.20895082230378392, 0.6316851512341419, -0.7199335753786686], "matrix_coe": [[[7.0, 0.19596154744169736, 0.3780633248339229, 0.3844218770858827, -0.2996553287854964, -0.3949403185599103, -0.20756135626763716, -0.18998835754012888, 0.15989754788049382, 0.12804517901821955, -0.07578391511524918, 0.03555518907273969, -0.26445706351805887, -0.5090358413633705, 0.19550768024631227, 0.10062856153199617, -0.3008578677177499, -0.4868924053809748, -0.48394320283812897, -0.05068682424002613, 0.16944256183187978, -0.3069063535754111, -0.13174215322580074, -0.12499707147628392, -0.1754998834341055, -0.44838556488757486, 0.17187468463455158, 0.1645709569957723, -0.3148980672545839, 0.3029462452702849, 0.5125187820704511, -0.4593808245766614, 0.10819820462269814, -0.11991493234930817, -0.23524805401249427, -0.268755475566279, 0.3567742226637105, 0.20487002200511073, 0.3846875966212693, 0.41359449167961104, -0.4410819067022841, -0.38185110767378927, 0.11927644030079443, -0.6527204661443917, -0.33315343003158815, 0.23162020708414044, -0.02493107315674492, 0.06737613297685541, -0.1391679615117971, -0.24123148511337467], [0.19596154744169736, 7.0, 0.10685282953894326, 0.7394855819929718, -0.5121571363415909, -0.036438458439296495, -0.4610056569450812, -0.21115088262988424, -0.585002784501265, 0.0629610034649506, 0.12866401338138234, -0.4062300567516295, 0.09687456414384266, -0.0998022730703847, 0.501325439453757, 0.5069362241813935, 0.685804519744156, 0.4879412405940289, -0.047369893576081346, 0.6995502218104308, 0.41733648189558537, 0.28422341767912807, -0.33543192840853364, -0.34726166393718483, 0.062423350881339656, -0.6981806634820296, -0.07053359053762143, -0.5841950462248972, 0.2632857822516441, -0.7398861753658317, 0.8094482671316319, 0.00198807245413013, 0.3846237168825444, 0.34799905379626517, -0.10905033713522339, 0.2933562902876563, -0.25095077390622655, 0.5473316959745285, -0.48505138722832963, 0.49475091447472064, 0.666359814449323, 0.5822116709163261, 0.01284695653868706, -0.7012028386043628, 0.05180569024311188, -0.19917904160605948, -0.06082370920857472, -0.6111810066024583, -0.5104202273364017, 0.21112404214827962], [0.3780633248339229, 0.10685282953894326, 7.0, -0.019032669129095403, -0.374302268649778, 0.809790177549562, -0.43671860368801285, 0.6338079199142201, -0.5668202780951465, -0.636798351919813, 0.4869629535603601, -0.6905041211024181, 0.2641063758176212, 0.02053402103836266, 0.34519497121027043, -0.28120000653606636, -0.2943140901456329, -0.1303392184762301, -0.4597687571946829, -0.1279611980761859, 0.14369632297138768, 0.8312058149162806, -0.3908610854471597, -0.5294132913888405, -0.8577790630482085, 0.31880084343614534, -0.2682706970430495, -0.6370007361467717, 0.20024277370314536, -0.20623966141516292, -0.23433692189826072, -0.16644452740454596, -0.45624731301536814, -0.3398792214474232, -0.6294091454515295, -0.8852585220006678, -0.22908181352726598, -0.5345989192416288, -0.6221060417745026, -0.22721710844354193, -0.341553520386778, -0.3695716613283032, -0.611647212431371, 0.05999477177289081, -0.3254518745824627, -0.3871041551253501, -0.35661185086688085, -0.22139140722270412, 0.8369393380697314, -0.29650366768901737], [0.3844218770858827, 0.7394855819929718, -0.019032669129095403, 7.0, 0.25678536860634393, -0.08758888533041465, -0.20624387921810716, 0.051008825862489005, -0.55722909439252, -0.05060266692661575, -0.4091810836962212, -0.7630537434095147, -0.6785081277413775, 0.05574983522895849, -0.2862673396868828, 0.06077644328107423, -0.6122188893346688, -0.5361160513073361, 0.20984392120943673, 0.6266052133525293, -0.1282033256149746, 0.428607959452316, -0.15458840389311457, 0.019873583337373102, 0.15195683291368223, -0.31319029690326805, 0.33078027491148987, 0.25859118584148355, -0.7877039798807883, -0.6076937768693027, 0.08032602456001392, -0.2110600586005894, -0.007409909741737608, 0.6153237311394495, -0.2864892352637928, -0.7989978874321475, 0.6267211657991445, 0.011540755212254394, -0.7396461704903446, -0.37811208599873747, -0.32171668990628155, 0.19518976442725533, 0.36577654858216113, -0.07149635394958376, 0.6778607386082101, 0.6215024917847758, 0.06918768406764997, 0.17054219225629352, -0.4892762558027671, 0.8568906126300333], [-0.2996553287854964, -0.5121571363415909, -0.374302268649778, 0.25678536860634393, 7.0, 0.1697348402957708, 0.2669234335714483, 0.40884798977156134, -0.00237583104448158, 0.011802058912428581, 0.09396567116737287, -0.36280718079089447, -0.4764834488526305, 0.04588310758547287, 0.4924204390965361, 0.7416890754536309, 0.36206604183600644, -0.775533127146738, 0.3305819119156239, 0.36408749062005397, 0.5781302967024509, -0.19940307354745868, -0.7751674993123451, -0.3230827305627173, -0.33318744123925637, -0.6563515992241206, -0.1766719761277986, 0.2571730099630858, -0.06871691260871804, -0.13579705213862836, 0.5801013662571153, 0.08407224040640626, -0.3386768766892242, 0.86436354367688, -0.19411321584060737, 0.23823713736301455, -0.10649602681670112, -0.20679064012741621, 0.04404942381970489, 0.2378297323198555, -0.3273501841047216, -0.03395197730849553, -0.18277723196382245, -0.03995719548992782, -0.6250202056249995, -0.5118219911402223, -0.02257293716311337, -0.5157363852333401, -0.48383073156307543, -0.08399081100635108], [-0.3949403185599103, -0.036438458439296495, 0.809790177549562, -0.08758888533041465, 0.1697348402957708, 7.0, 0.7439088308223485, 0.5039221399477198, -0.05578424356300182, 0.19350216430445322, 0.13137009554530454, 0.28369282805822316, -0.1434197849154214, -0.32993275624086704, -0.3127545303768894, -0.5049208597662255, -0.024773770296923292, 0.2197236996660199, -0.12985505862486502, 0.17715625790006384, -0.08506075587314677, -0.22740399307083903, 0.22376724810694548, -0.2473195353368164, 0.18654532071872865, 0.1537485029829342, -0.04676919008291869, -0.6612564322090156, 0.13740637993282245, 0.4124034947146067, -0.8973965730135148, 0.2202503822627424, 0.12179264695331282, -0.01656784675656109, -0.21550280841023672, -0.06577543533657426, -0.7002801700522358, -0.38615850529037865, 0.30144971220975236, -0.32865162252528957, -0.354855984475108, -0.32586062629508794, 0.07506892204110427, -0.16991254599816497, -0.6037993584334034, -0.1431476410282223, -0.4966157117929141, 0.5164327858141422, -0.5644287871608124, -0.09005228849566693], [-0.20756135626763716, -0.4610056569450812, -0.43671860368801285, -0.20624387921810716, 0.2669234335714483, 0.7439088308223485, 7.0, -0.6365171736425331, -0.4895630918364554, 0.23691422341411328, -0.40186534299350773, 0.010434545545916274, 0.008388015156353568, 0.1881580220434378, -0.017081616768362173, -0.16942167456678792, 0.4547908316293663, 0.7439243533309281, -0.6303995546487594, 0.22041606261048097, 0.06803936465896565, 0.18080788966217298, 0.3900248060380358, -0.14859915614639918, -0.07857093142851523, -0.07729075243417272, 0.40543089014337275, 0.36434408540151164, 0.16832496468516833, -0.01970401428993207, 0.5441721086255529, 0.0735441666349701, 0.755958238484721, -0.27385152833709747, -0.2793119395842669, 0.60947524593161, 0.34556449646761234, 0.7897616929941484, 0.8989316679658592, 0.24324991222038062, -0.49917905307516586, -0.6508625597762908, 0.04266083512679053, 0.29613869414488914, 0.08908194208353981, -0.16301186015977198, -0.3619297968754346, 0.3436528964462957, -0.3363763903415318, -0.7619226283321621], [-0.18998835754012888, -0.21115088262988424, 0.6338079199142201, 0.051008825862489005, 0.40884798977156134, 0.5039221399477198, -0.6365171736425331, 7.0, 0.5557179974436433, 0.7007273468079838, -0.07698963137976711, 0.38364852302821517, -0.0705385641384072, 0.44067092022207355, 0.030500461526647538, 0.14475819267881063, 0.07607072972080786, -0.27697999265295314, -0.06781141365502341, -0.6694739157867052, 0.30497092629555755, -0.5197371732189635, 0.11975817811919898, -0.6236912449741446, -0.041088979024251904, 0.1443770949701184, 0.25414349784276213, -0.027169559408691923, -0.6451919918517841, -0.30237562228035075, 0.6134707566980002, 0.07517090382383218, -0.08641092075210544, 0.19339877600364042, -0.17611906240387187, 0.5122435681032229, -0.12513724122339653, -0.12490460494962341, 0.8149224028974951, -0.5072320621348465, 0.11099834501057737, 0.30034808167165084, -0.552688833970461, 0.4380975983926607, -0.24245232277734752, 0.7066154706551266, -0.41854185454850557, 0.12805426540883502, 0.6121766860376139, 0.49524097202244177], [0.15989754788049382, -0.585002784501265, -0.5668202780951465, -0.55722909439252, -0.00237583104448158, -0.05578424356300182, -0.4895630918364554, 0.5557179974436433, 7.0, 0.4993810555987297, -0.025748703191418754, -0.22388135907924966, 0.5201285082612412, 0.5761088098966529, 0.12133026480569464, -0.24803747723496428, 0.10984046094743238, -0.25056028705698663, -0.7436851676753771, -0.26102315298380385, 0.29259917556348114, -0.5340206769591095, -0.5423728119579884, 0.23247210454088885, -0.5716876464512879, -0.5262786136859913, 0.18801631951279552, 0.4154896988147212, 0.4217174856715644, 0.31036593523757094, -0.35840463341431994, -0.0876243648724161, 0.18597933972772562, -0.08343860252182367, -0.4572927541049633, -0.13497426947701607, 0.2969567972107947, -0.8014453885848102, 0.7681177878139942, 0.4816296919883758, -0.3215909552786016, 0.7970359478472229, 0.38152759920100254, 0.09635201723429576, -0.1378606296860606, 0.8806467733372851, -0.5646316004430093, 0.41313512689824305, 0.004147868839973645, -0.571433420308708], [0.12804517901821955, 0.0629610034649506, -0.636798351919813, -0.05060266692661575, 0.011802058912428581, 0.19350216430445322, 0.23691422341411328, 0.7007273468079838, 0.4993810555987297, 7.0, -0.12916144121867412, -0.49387331384926236, 0.21517123708832853, -0.0862325967353268, -0.27741054885006355, 0.45477267294780677, 0.03832800350085863, -0.1741772520605086, 0.19012899822110407, -0.3084864514554564, -0.8789495197277373, 0.2071328855498924, 0.05439878724600522, -0.509672955521328, -0.14429459961110225, 0.019026747590646487, -0.09659099908426094, 0.39348766142772895, -0.5090450732453969, -0.1151562831120605, 0.45003731218539356, 0.38902956193386196, 0.21758704185978273, -0.17025390849938082, -0.49735416287823286, 0.12920645892990934, 0.7026314941544458, 0.30668510067596344, -0.14653892737191343, 0.24819903022271994, -0.019596508096837217, 0.5084338891497779, -0.5309057063680417, 0.14791045677053383, 0.2573390797529045, -0.23803954774429315, -0.10309001668416817, -0.7347949685402773, 0.40757069306105675, -0.44427538731080185], [-0.07578391511524918, 0.12866401338138234, 0.4869629535603601, -0.4091810836962212, 0.09396567116737287, 0.13137009554530454, -0.40186534299350773, -0.07698963137976711, -0.025748703191418754, -0.12916144121867412, 7.0, 0.35041253539694317, 0.078934919573306, 0.4197876069831683, 0.025291998472355637, 0.4579802351896032, 0.1262777757059812, 0.32973595838519554, 0.3691020357492061, 0.03452877502297058, 0.39694251852675366, 0.052139114862573166, -0.27561384722708027, 0.2925040754622612, 0.6035302222845584, -0.08339234692186115, 0.3035031489572124, -0.9398868281012616, 0.6411145319439582, -0.552301967034826, 0.11501186291532361, -0.20504001716789966, -0.31671007450208055, 0.13173228297991635, 0.2339176312005946, 0.3146372646292348, 0.0024739336234422815, -0.30692740020807696, -0.6947553467632096, -0.6433193212388022, 0.24617469131801517, 0.07814437889367554, 0.4138451171936537, 0.09159214797535009, 0.5170310181512021, 0.06738022634710372, -0.08142197787730321, 0.7681133652038235, -0.6110734240016875, 0.05919604241561216], [0.03555518907273969, -0.4062300567516295, -0.6905041211024181, -0.7630537434095147, -0.36280718079089447, 0.28369282805822316, 0.010434545545916274, 0.38364852302821517, -0.22388135907924966, -0.49387331384926236, 0.35041253539694317, 7.0, 0.5647204801727725, -0.020260549724036347, -0.3566332504887646, -0.8739975860002139, -0.1321045499360859, -0.11788500828502735, -0.17363938143144841, -0.5367155100328054, 0.42363693763260857, -0.9002620663447799, -0.858442279049811, 0.5827890249785468, 0.3447736022358492, 0.5057533875592406, -0.5516460500504956, -0.011822275551657935, -0.10193125936289316, -0.22673672612550788, 0.3237002657147072, -0.056503309984066274, 0.6836933257008182, 0.8904447396187734, 0.456299910866661, -0.22622854240562085, -0.4547998868166161, -0.6281986067934291, -0.3150641591737603, -0.7466317335227148, 0.4901495635053301, -0.5332116658199888, 0.591003060836016, 0.19936318688079946, -0.004959167361385242, 0.5655755578380783, -0.12940398200150338, -0.41849162777038684, -0.7782576014069269, -0.3883179446793519], [-0.26445706351805887, 0.09687456414384266, 0.2641063758176212, -0.6785081277413775, -0.4764834488526305, -0.1434197849154214, 0.008388015156353568, -0.0705385641384072, 0.5201285082612412, 0.21517123708832853, 0.078934919573306, 0.5647204801727725, 7.0, 0.6748816274435383, 0.37216753703730254, 0.14679292821195356, 0.4063944920603857, -0.5985388022737738, -0.5859768601152434, 0.4802768745237649, 0.5053356651803185, 0.23221775407120693, -0.7575550356266076, 0.7064103871129039, 0.20897480169302085, -0.34501617486908, 0.04899057733046597, -0.24141369229084597, 0.0006122090650424461, -0.6335705149364954, 0.6069747531249616, 0.26996144797884325, 0.010656618322520961, -0.38997552627732524, -0.6090420803176623, 0.1829100458058095, 0.6113458780955461, 0.5462399791183188, 0.47757729740876664, 0.9730386295991542, -0.13587551620849803, 0.8208093820506115, 0.9546105551289639, 0.35730160608615, 0.8915829038138963, 0.1746770039732608, -0.9836109624240351, -0.7634379452561125, -0.21341959354692464, -0.004063284171953452], [-0.5090358413633705, -0.0998022730703847, 0.02053402103836266, 0.05574983522895849, 0.04588310758547287, -0.32993275624086704, 0.1881580220434378, 0.44067092022207355, 0.5761088098966529, -0.0862325967353268, 0.4197876069831683, -0.020260549724036347, 0.6748816274435383, 7.0, 0.5480696277705244, 0.11775994661477718, -0.36877860033868237, 0.005274296310370463, -0.034694636847921845, 0.1487572875711416, 0.5126388281559899, -0.33015521283522664, -0.3620534990839086, -0.30201391790994714, -0.0653127587347061, 0.46938868611660167, -0.2021170737947494, 0.07733489096211077, -0.16987551256655609, -0.5156935458149204, 0.03912755943290347, -0.00956547601002744, -0.10119651025679566, -0.18824543311829856, -0.007437584399097474, 0.39575860299202126, -0.44616960761052304, 0.14177160308369663, -0.5993091240838545, 0.029024256825762818, -0.4338015382706335, 0.04026663296575772, -0.7174856130767958, -0.7955811168898301, -0.06476450983628446, -0.21267423592517898, -0.1116525500587302, 0.07245050847702394, 0.7224055975719272, -0.5223572110712249], [0.19550768024631227, 0.501325439453757, 0.34519497121027043, -0.2862673396868828, 0.4924204390965361, -0.3127545303768894, -0.017081616768362173, 0.030500461526647538, 0.12133026480569464, -0.27741054885006355, 0.025291998472355637, -0.3566332504887646, 0.37216753703730254, 0.5480696277705244, 7.0, 0.17711991053119291, 0.37015411492277384, 0.5205991382335156, 0.37210954667916396, -0.43266862767138736, 0.05833231175880371, 0.1195848712264782, 0.13921577063675383, -0.8951754813457323, 0.22650219660099147, -0.7410869922947448, -0.8071387930344103, -0.3303472021300442, -0.10975660262184228, 0.8049533533206583, -0.24718342940822635, 0.42055398848010794, 0.04694410885766831, 0.7407316367952808, -0.5944957519442955, -0.3393824542095367, 0.2645123108078691, -0.07565463649598969, -0.04487045504760023, 0.2897566019071527, -0.679925213267761, -0.15441424024474826, 0.3998922849811417, -0.7796135676096319, -0.3439832659969857, 0.6747635949022268, 0.09041284787923765, -0.6980632659852463, 0.6260951739676024, -0.2758061897232711], [0.10062856153199617, 0.5069362241813935, -0.28120000653606636, 0.06077644328107423, 0.7416890754536309, -0.5049208597662255, -0.16942167456678792, 0.14475819267881063, -0.24803747723496428, 0.45477267294780677, 0.4579802351896032, -0.8739975860002139, 0.14679292821195356, 0.11775994661477718, 0.17711991053119291, 7.0, -0.19046209423935012, -0.14670342423046268, -0.8238133775571638, -0.23147292535218078, -0.2554351277235096, 0.17593836933354456, -0.39942698761762796, -0.18560231041983355, 0.47715554267735616, 0.2555029002959448, 0.6901338828104318, -0.2795629767027591, -0.046534996017918884, 0.3964830263934971, 0.7321542447194882, 0.3486329161637234, -0.17292793334386747, 0.03834799643171971, 0.31012293513129974, 0.09685834903645918, 0.7296561434372766, -0.5584269673409805, 0.4470028474262717, -0.3038032586007585, 0.13771818499256927, 0.8663822379653896, -0.3205547056269207, -0.04114809748519599, 0.30062346422179953, 0.1998175180830859, -0.23976579163828138, 0.3367355555682936, -0.5350408816480434, -0.8094640259346438], [-0.3008578677177499, 0.685804519744156, -0.2943140901456329, -0.6122188893346688, 0.36206604183600644, -0.024773770296923292, 0.4547908316293663, 0.07607072972080786, 0.10984046094743238, 0.03832800350085863, 0.1262777757059812, -0.1321045499360859, 0.4063944920603857, -0.36877860033868237, 0.37015411492277384, -0.19046209423935012, 7.0, -0.7530925277180056, 0.12488522357556642, 0.105420809796827, 0.7176495422761127, -0.3516301470838419, -0.6438235270467974, -0.31428331707638546, -0.09846153955428949, -0.056342335449611536, 0.10862636379422885, 0.14394303049956747, -0.18466825741836124, 0.4372843202789043, 0.6982673726080773, 0.14215659273407266, -0.7818363584543029, -0.07842182049535074, -0.12240870816134009, -0.17866299706102595, -0.0832561211558146, 0.29244540227428617, 0.23740054602523553, -0.7112640587050072, -0.7300389054604375, 0.6734921387651638, -0.3477340720926062, 0.15093912011367383, 0.7078501685610734, -0.40727740370461407, -0.5109385626962586, 0.4867889589152945, 0.6615502392189909, 0.10001528747417066], [-0.4868924053809748, 0.4879412405940289, -0.1303392184762301, -0.5361160513073361, -0.775533127146738, 0.2197236996660199, 0.7439243533309281, -0.27697999265295314, -0.25056028705698663, -0.1741772520605086, 0.32973595838519554, -0.11788500828502735, -0.5985388022737738, 0.005274296310370463, 0.5205991382335156, -0.14670342423046268, -0.7530925277180056, 7.0, 0.4545297214799857, 0.10222620915750191, 0.2906948709818078, 0.05037347653484847, -0.00810757394317696, 0.42439482735258016, -0.3345643907544874, 0.7184094430868213, -0.5625297269115275, 0.42774857410152056, 0.7889763827202145, -0.07172400448627825, -0.11061545221524705, 0.2522824122048535, -0.353607775033025, -0.011321416471272938, -0.4733278031252427, -0.08667209969931955, 0.22682735097474893, 0.7101605127756405, 0.06686038106401915, 0.08184623595328455, 0.073685095381677, -0.3641194931929914, -0.689472855451399, -0.25484959566920506, -0.2556275633106817, -0.04507777396121704, 0.23972589968059665, 0.3712847344422605, 0.662735704532786, 0.14404172074321941], [-0.48394320283812897, -0.047369893576081346, -0.4597687571946829, 0.20984392120943673, 0.3305819119156239, -0.12985505862486502, -0.6303995546487594, -0.06781141365502341, -0.7436851676753771, 0.19012899822110407, 0.3691020357492061, -0.17363938143144841, -0.5859768601152434, -0.034694636847921845, 0.37210954667916396, -0.8238133775571638, 0.12488522357556642, 0.4545297214799857, 7.0, -0.05860737445786235, -0.0431198362297992, 0.3156740026189424, 0.263445444463712, 0.029963157554475428, -0.007628600959878606, -0.2645060476496184, -0.15906709656736717, 0.642045186358045, -0.776526326354929, 0.38383130016086175, -0.5541505582561125, -0.8702063245936085, 0.5653575105737141, 0.641515487894152, -0.17448297805531898, -0.2167364219336989, -0.2715651396627211, 0.11319606924615133, -0.417523813838763, 0.38600901632132434, 0.07776771501705326, 0.19466900397151266, 0.1574665006916649, 0.3214698947604857, 0.017121338720697654, -0.7922940113812139, -0.11238495481476574, -0.319673450716325, 0.01365551554958433, 0.1025116793489782], [-0.05068682424002613, 0.6995502218104308, -0.1279611980761859, 0.6266052133525293, 0.36408749062005397, 0.17715625790006384, 0.22041606261048097, -0.6694739157867052, -0.26102315298380385, -0.3084864514554564, 0.03452877502297058, -0.5367155100328054, 0.4802768745237649, 0.1487572875711416, -0.43266862767138736, -0.23147292535218078, 0.105420809796827, 0.10222620915750191, -0.05860737445786235, 7.0, -0.4852428814443226, 0.2636104684947569, -0.686455604317976, -0.31545877408634027, 0.2445500714874531, 0.025674376345570238, 0.03402758015633456, -0.11151403374083069, -0.4002640899818998, -0.25705601180780613, 0.5314003503789888, -0.461994591710399, 0.374846168933038, 0.6155330853017382, 0.6824959241476434, 0.11181419195949305, 0.09668669793347728, -0.6941237854489939, -0.08060142432500583, 0.5799481509077613, 0.20339795248871617, -0.5031759261731067, -0.3359189466663507, -0.5340091047018832, 0.6014913089111955, -0.11571072284148398, -0.1759888744589262, 0.5365565247814277, -0.5669459884977923, -0.5862765418628858], [0.16944256183187978, 0.41733648189558537, 0.14369632297138768, -0.1282033256149746, 0.5781302967024509, -0.08506075587314677, 0.06803936465896565, 0.30497092629555755, 0.29259917556348114, -0.8789495197277373, 0.39694251852675366, 0.42363693763260857, 0.5053356651803185, 0.5126388281559899, 0.05833231175880371, -0.2554351277235096, 0.7176495422761127, 0.2906948709818078, -0.0431198362297992, -0.4852428814443226, 7.0, 0.6815719267074183, 0.4901912314795509, 0.12997039040354386, -0.18477778945456325, -0.10631730466019351, 0.13830543474171142, -0.3477160245767047, 0.15082172590518828, -0.5839112848172661, 0.16768147026961433, -0.7594371844486214, -0.30389036374181044, 0.01845108281030683, -0.5302004122871526, -0.1261202822290971, -0.3878853592480934, -0.40996860622317244, -0.5271506501231347, 0.044075730146597714, -0.40419212114038106, 0.2516031237103209, -0.9531316273274286, -0.2910438007587671, -0.06395732874083204, 0.7176828269478897, -0.5599530645372464, 0.8088870881956249, -0.6439419315599801, 0.12001313921800749], [-0.3069063535754111, 0.28422341767912807, 0.8312058149162806, 0.428607959452316, -0.19940307354745868, -0.22740399307083903, 0.18080788966217298, -0.5197371732189635, -0.5340206769591095, 0.2071328855498924, 0.052139114862573166, -0.9002620663447799, 0.23221775407120693, -0.33015521283522664, 0.1195848712264782, 0.17593836933354456, -0.3516301470838419, 0.05037347653484847, 0.3156740026189424, 0.2636104684947569, 0.6815719267074183, 7.0, -0.4472290609004781, -0.5923591673527921, -0.5450646794308078, -0.5244648084953274, 0.41551846749529586, 0.08147764848579597, 0.4033994899717992, 0.2395754749789325, 0.2075249673511923, -0.3680646054023452, -0.5214563778642712, 0.6113919465873305, -0.46399987300207934, 0.12940230464893254, -0.14965769281720875, -0.16762033757351047, -0.3872482954705895, -0.029219676128509953, 0.7262379253950662, -0.6590029290071856, -0.5552391986549216, 0.07234168792764306, 0.5094851580842146, 0.7167671798157143, -0.5122270567835057, -0.24468631029181642, 0.7067146192929492, 0.09628576922299237], [-0.13174215322580074, -0.33543192840853364, -0.3908610854471597, -0.15458840389311457, -0.7751674993123451, 0.22376724810694548, 0.3900248060380358, 0.11975817811919898, -0.5423728119579884, 0.05439878724600522, -0.27561384722708027, -0.858442279049811, -0.7575550356266076, -0.3620534990839086, 0.13921577063675383, -0.39942698761762796, -0.6438235270467974, -0.00810757394317696, 0.263445444463712, -0.686455604317976, 0.4901912314795509, -0.4472290609004781, 7.0, 0.23779214472822452, -0.2553459663954233, 0.631144304916265, 0.027804578229989163, -0.4081749973611558, 0.040724584028748456, -0.010287620777407636, -0.3185069329134016, 0.41317103768952457, -0.35291884190165235, -0.35730024180415343, 0.4589653284273294, 0.46751918978073537, -0.6540422811385785, 0.3281764904444784, 0.6350133676389049, 0.10215546688615174, -0.11233526512350755, 0.136218326422052, -0.43974432407238706, -0.3796794241585011, 0.07381449758773861, -0.3144610907524249, 0.34210972955460606, 0.09107799759503221, 0.3793596463620652, 0.12495557332559581], [-0.12499707147628392, -0.34726166393718483, -0.5294132913888405, 0.019873583337373102, -0.3230827305627173, -0.2473195353368164, -0.14859915614639918, -0.6236912449741446, 0.23247210454088885, -0.509672955521328, 0.2925040754622612, 0.5827890249785468, 0.7064103871129039, -0.30201391790994714, -0.8951754813457323, -0.18560231041983355, -0.31428331707638546, 0.42439482735258016, 0.029963157554475428, -0.31545877408634027, 0.12997039040354386, -0.5923591673527921, 0.23779214472822452, 7.0, 0.2603505345830426, -0.5085509162056692, 0.4503880995852496, 0.23322478772153832, -0.04951094232044162, -0.31263206991250614, -0.257278152429391, 0.02732005564842499, 0.012960229587347216, 0.2597494912185836, -0.047685737345490864, 0.27797410328874994, -0.6087921259223931, 0.2015676392382182, -0.30198943608377693, 0.6139711213434533, 0.5857666814533937, 0.3196119436715996, 0.6876715593775311, -0.08242409061260592, 0.2077765847460904, 0.09071909487663588, -0.5327929731192954, 0.5261331580732886, -0.27924031331716037, 0.017959917609172926], [-0.1754998834341055, 0.062423350881339656, -0.8577790630482085, 0.15195683291368223, -0.33318744123925637, 0.18654532071872865, -0.07857093142851523, -0.041088979024251904, -0.5716876464512879, -0.14429459961110225, 0.6035302222845584, 0.3447736022358492, 0.20897480169302085, -0.0653127587347061, 0.22650219660099147, 0.47715554267735616, -0.09846153955428949, -0.3345643907544874, -0.007628600959878606, 0.2445500714874531, -0.18477778945456325, -0.5450646794308078, -0.2553459663954233, 0.2603505345830426, 7.0, 0.7227208948526338, -0.5467527998164664, 0.16272976553197616, 0.3183302250602371, 0.7513249296838886, 0.379980847239048, -0.05149024491309773, -0.0677937163045993, -0.9120762392569891, -0.5597244785081991, -0.7044410659955059, -0.08921175185953589, -0.16512759604741178, -0.3045183315215485, -0.15147073458323845, -0.11708279552774603, 0.38773776350222144, -0.17234752145588417, 0.08748245504001417, -0.08686890107392153, 0.30694730420343697, -0.08554359657089783, 0.2125159168896853, -0.4154883405650368, 0.05987345331537375], [-0.44838556488757486, -0.6981806634820296, 0.31880084343614534, -0.31319029690326805, -0.6563515992241206, 0.1537485029829342, -0.07729075243417272, 0.1443770949701184, -0.5262786136859913, 0.019026747590646487, -0.08339234692186115, 0.5057533875592406, -0.34501617486908, 0.46938868611660167, -0.7410869922947448, 0.2555029002959448, -0.056342335449611536, 0.7184094430868213, -0.2645060476496184, 0.025674376345570238, -0.10631730466019351, -0.5244648084953274, 0.631144304916265, -0.5085509162056692, 0.7227208948526338, 7.0, 0.47088387457955516, -0.2471860987394664, -0.015552689070333248, -0.4129712141390046, -0.0042862386188097235, 0.08395184442367754, -0.2725167632004416, 0.08791158639565833, 0.6601765292266646, 0.5475510349207664, 0.3195819942680376, -0.7014155541452956, 0.05892714471848626, -0.040484810534831106, -0.8036187907407364, 0.023156309339154024, 0.9022899775864577, 0.10857184111165541, -0.192890070295483, -0.12161153213496034, 0.20282747372625565, -0.08914799874012858, 0.0922113244797309, 0.21664665829435847], [0.17187468463455158, -0.07053359053762143, -0.2682706970430495, 0.33078027491148987, -0.1766719761277986, -0.04676919008291869, 0.40543089014337275, 0.25414349784276213, 0.18801631951279552, -0.09659099908426094, 0.3035031489572124, -0.5516460500504956, 0.04899057733046597, -0.2021170737947494, -0.8071387930344103, 0.6901338828104318, 0.10862636379422885, -0.5625297269115275, -0.15906709656736717, 0.03402758015633456, 0.13830543474171142, 0.41551846749529586, 0.027804578229989163, 0.4503880995852496, -0.5467527998164664, 0.47088387457955516, 7.0, -0.11534290694807903, -0.4169924337195132, 0.11015653621192834, -0.32082936976161136, 0.12291393402342132, -0.19402956336354982, -0.8582493683307796, 0.5740252224696842, 0.597234465088812, 0.768445791833503, -0.3121103943372081, -0.10830631001909641, -0.442945989490118, -0.29744547797867316, 0.5761527626489853, 0.2740844872216117, 0.7689603437263357, -0.4135005549960036, 0.3339288772689679, -0.09389567896269901, 0.6444858416268449, 0.3201079502483002, 0.10302558814271445], [0.1645709569957723, -0.5841950462248972, -0.6370007361467717, 0.25859118584148355, 0.2571730099630858, -0.6612564322090156, 0.36434408540151164, -0.027169559408691923, 0.4154896988147212, 0.39348766142772895, -0.9398868281012616, -0.011822275551657935, -0.24141369229084597, 0.07733489096211077, -0.3303472021300442, -0.2795629767027591, 0.14394303049956747, 0.42774857410152056, 0.642045186358045, -0.11151403374083069, -0.3477160245767047, 0.08147764848579597, -0.4081749973611558, 0.23322478772153832, 0.16272976553197616, -0.2471860987394664, -0.11534290694807903, 7.0, 0.7059138864529322, 0.5019602452606962, 0.33647477380116, -0.35295275802808124, 0.1895873479700605, 0.08683763992372562, -0.21237021759427843, 0.22754701998614157, 0.33409612727093263, -0.21413664773937646, -0.09640715184581639, 0.10430159030398967, 0.27607848453706874, -0.14107053384964663, -0.4127022915847228, -0.43436510412388873, -0.2823710882530952, -0.01318680299612951, -0.2623461980518651, -0.7286372762452279, 0.37211157500806613, -0.488201979491401], [-0.3148980672545839, 0.2632857822516441, 0.20024277370314536, -0.7877039798807883, -0.06871691260871804, 0.13740637993282245, 0.16832496468516833, -0.6451919918517841, 0.4217174856715644, -0.5090450732453969, 0.6411145319439582, -0.10193125936289316, 0.0006122090650424461, -0.16987551256655609, -0.10975660262184228, -0.046534996017918884, -0.18466825741836124, 0.7889763827202145, -0.776526326354929, -0.4002640899818998, 0.15082172590518828, 0.4033994899717992, 0.040724584028748456, -0.04951094232044162, 0.3183302250602371, -0.015552689070333248, -0.4169924337195132, 0.7059138864529322, 7.0, 0.6096970853817725, -0.5057301197926418, 0.3332173239525238, -0.20375723879272134, -0.49100889044809803, 0.36676112000869665, 0.05749890064198526, 0.5845032244927688, -0.7123972533510906, -0.35144341312548755, -0.3551382808769812, 0.15348229165026162, 0.055796019969748034, 0.17884095596168992, -0.6871660126231924, 0.16917560166751322, 0.1529149862765946, -0.3359607061652138, -0.612503170299194, -0.4197172843976832, -0.8438722359616216], [0.3029462452702849, -0.7398861753658317, -0.20623966141516292, -0.6076937768693027, -0.13579705213862836, 0.4124034947146067, -0.01970401428993207, -0.30237562228035075, 0.31036593523757094, -0.1151562831120605, -0.552301967034826, -0.22673672612550788, -0.6335705149364954, -0.5156935458149204, 0.8049533533206583, 0.3964830263934971, 0.4372843202789043, -0.07172400448627825, 0.38383130016086175, -0.25705601180780613, -0.5839112848172661, 0.2395754749789325, -0.010287620777407636, -0.31263206991250614, 0.7513249296838886, -0.4129712141390046, 0.11015653621192834, 0.5019602452606962, 0.6096970853817725, 7.0, -0.21765536385107687, -0.8671487629437475, -0.5499925349950038, -0.1054460830915368, -0.3170631835938349, 0.5122534127912759, -0.18738016484800168, 0.1462959011471172, 0.3502756640236384, -0.20620468284869609, -0.21339335746184906, -0.09694458251408578, -0.8263059907451761, 0.5356609605886251, 0.7556823245837865, -0.10611723967917974, 0.677075701762115, -0.04718368523444949, -0.5334296983239618, -0.5163150138540149], [0.5125187820704511, 0.8094482671316319, -0.23433692189826072, 0.08032602456001392, 0.5801013662571153, -0.8973965730135148, 0.5441721086255529, 0.6134707566980002, -0.35840463341431994, 0.45003731218539356, 0.11501186291532361, 0.3237002657147072, 0.6069747531249616, 0.03912755943290347, -0.24718342940822635, 0.7321542447194882, 0.6982673726080773, -0.11061545221524705, -0.5541505582561125, 0.5314003503789888, 0.16768147026961433, 0.2075249673511923, -0.3185069329134016, -0.257278152429391, 0.379980847239048, -0.0042862386188097235, -0.32082936976161136, 0.33647477380116, -0.5057301197926418, -0.21765536385107687, 7.0, 0.5046999787656925, 0.15021575995818326, -0.34620466048895027, 0.04711985121638351, 0.39178928506622324, -0.7047925617120142, -0.23156990851641746, -0.005442699844337651, 0.01262676192140666, -0.9378351929827147, -0.21730920118636887, 0.34173847443442873, 0.08502522682528113, -0.02541765415526165, -0.3550677437901696, 0.29629633852386794, -0.7593094710166338, 0.627818335348933, -0.05270495236677697], [-0.4593808245766614, 0.00198807245413013, -0.16644452740454596, -0.2110600586005894, 0.08407224040640626, 0.2202503822627424, 0.0735441666349701, 0.07517090382383218, -0.0876243648724161, 0.38902956193386196, -0.20504001716789966, -0.056503309984066274, 0.26996144797884325, -0.00956547601002744, 0.42055398848010794, 0.3486329161637234, 0.14215659273407266, 0.2522824122048535, -0.8702063245936085, -0.461994591710399, -0.7594371844486214, -0.3680646054023452, 0.41317103768952457, 0.02732005564842499, -0.05149024491309773, 0.08395184442367754, 0.12291393402342132, -0.35295275802808124, 0.3332173239525238, -0.8671487629437475, 0.5046999787656925, 7.0, -0.34608596393842683, -0.6060238113650115, 0.03774345099108789, -0.1863787533463911, -0.8765856007352053, -0.187879700918417, 0.17879124540455327, -0.29573955080890213, 0.42035357466654455, -0.05685520286343482, -0.4520254884022452, 0.36141327041375204, 0.17092395884035172, -0.855622722349315, -0.22308353503885847, 0.16262981983585512, 0.23367053758258494, 0.347499130524789], [0.10819820462269814, 0.3846237168825444, -0.45624731301536814, -0.007409909741737608, -0.3386768766892242, 0.12179264695331282, 0.755958238484721, -0.08641092075210544, 0.18597933972772562, 0.21758704185978273, -0.31671007450208055, 0.6836933257008182, 0.010656618322520961, -0.10119651025679566, 0.04694410885766831, -0.17292793334386747, -0.7818363584543029, -0.353607775033025, 0.5653575105737141, 0.374846168933038, -0.30389036374181044, -0.5214563778642712, -0.35291884190165235, 0.012960229587347216, -0.0677937163045993, -0.2725167632004416, -0.19402956336354982, 0.1895873479700605, -0.20375723879272134, -0.5499925349950038, 0.15021575995818326, -0.34608596393842683, 7.0, -0.3454780440510299, -0.34730186326368784, 0.38150099839369345, 0.23367300065799235, 0.02717201952751802, -0.14912687897828925, -0.1783065537539641, -0.11266869758031706, -0.42053014161621805, 0.27661990719325447, 0.2745362674283991, -0.07076703922523886, 0.38697510215526343, -0.03179321142422542, 0.6754242487937576, 0.3347591572970372, -0.8787110283896048], [-0.11991493234930817, 0.34799905379626517, -0.3398792214474232, 0.6153237311394495, 0.86436354367688, -0.01656784675656109, -0.27385152833709747, 0.19339877600364042, -0.08343860252182367, -0.17025390849938082, 0.13173228297991635, 0.8904447396187734, -0.38997552627732524, -0.18824543311829856, 0.7407316367952808, 0.03834799643171971, -0.07842182049535074, -0.011321416471272938, 0.641515487894152, 0.6155330853017382, 0.01845108281030683, 0.6113919465873305, -0.35730024180415343, 0.2597494912185836, -0.9120762392569891, 0.08791158639565833, -0.8582493683307796, 0.08683763992372562, -0.49100889044809803, -0.1054460830915368, -0.34620466048895027, -0.6060238113650115, -0.3454780440510299, 7.0, 0.5542314806825255, -0.4383066068061766, 0.22415977424593825, -0.5000617233135003, -0.5784019353324957, -0.5068370438381926, -0.0037363416096848345, -0.5773748674731511, -0.007913537497106216, 0.25694466417876116, 0.13459849378475286, -0.5574664096523045, 0.3326463785861675, -0.09442025595855208, 0.01267692362125139, -0.4143680700533626], [-0.23524805401249427, -0.10905033713522339, -0.6294091454515295, -0.2864892352637928, -0.19411321584060737, -0.21550280841023672, -0.2793119395842669, -0.17611906240387187, -0.4572927541049633, -0.49735416287823286, 0.2339176312005946, 0.456299910866661, -0.6090420803176623, -0.007437584399097474, -0.5944957519442955, 0.31012293513129974, -0.12240870816134009, -0.4733278031252427, -0.17448297805531898, 0.6824959241476434, -0.5302004122871526, -0.46399987300207934, 0.4589653284273294, -0.047685737345490864, -0.5597244785081991, 0.6601765292266646, 0.5740252224696842, -0.21237021759427843, 0.36676112000869665, -0.3170631835938349, 0.04711985121638351, 0.03774345099108789, -0.34730186326368784, 0.5542314806825255, 7.0, -0.3167030148580796, -0.3826455770215864, 0.0581031361299309, 0.12552926159567157, -0.5148374926073669, -0.19378463730423767, -0.6451080342726435, -0.7914266792237752, 0.46324136574389163, -0.3524210009517952, -0.2353430622326309, -0.3845640332895953, -0.40284812804782033, 0.09261111171736514, 0.013023071669409525], [-0.268755475566279, 0.2933562902876563, -0.8852585220006678, -0.7989978874321475, 0.23823713736301455, -0.06577543533657426, 0.60947524593161, 0.5122435681032229, -0.13497426947701607, 0.12920645892990934, 0.3146372646292348, -0.22622854240562085, 0.1829100458058095, 0.39575860299202126, -0.3393824542095367, 0.09685834903645918, -0.17866299706102595, -0.08667209969931955, -0.2167364219336989, 0.11181419195949305, -0.1261202822290971, 0.12940230464893254, 0.46751918978073537, 0.27797410328874994, -0.7044410659955059, 0.5475510349207664, 0.597234465088812, 0.22754701998614157, 0.05749890064198526, 0.5122534127912759, 0.39178928506622324, -0.1863787533463911, 0.38150099839369345, -0.4383066068061766, -0.3167030148580796, 7.0, 0.5788529540555194, 0.7454834210579211, -0.3980669249746862, -0.09493838040118696, -0.09429185389208494, 0.392471626083857, -0.5060371680387024, -0.018863444378149796, -0.22366152857666144, -0.0027404992673969453, -0.03470628030701994, 0.8122551049123323, -0.3508937995366034, 0.4287769378546902], [0.3567742226637105, -0.25095077390622655, -0.22908181352726598, 0.6267211657991445, -0.10649602681670112, -0.7002801700522358, 0.34556449646761234, -0.12513724122339653, 0.2969567972107947, 0.7026314941544458, 0.0024739336234422815, -0.4547998868166161, 0.6113458780955461, -0.44616960761052304, 0.2645123108078691, 0.7296561434372766, -0.0832561211558146, 0.22682735097474893, -0.2715651396627211, 0.09668669793347728, -0.3878853592480934, -0.14965769281720875, -0.6540422811385785, -0.6087921259223931, -0.08921175185953589, 0.3195819942680376, 0.768445791833503, 0.33409612727093263, 0.5845032244927688, -0.18738016484800168, -0.7047925617120142, -0.8765856007352053, 0.23367300065799235, 0.22415977424593825, -0.3826455770215864, 0.5788529540555194, 7.0, -0.6992298123347801, 0.06777373439979417, -0.054901879958470956, -0.4480843329229396, 0.17484585703216737, -0.14666210056213658, 0.04442207541025622, -0.3539556076335528, -0.35232197948749344, -0.1897243746031475, 0.08445818644252068, 0.6221464908396728, -0.6444002250351638], [0.20487002200511073, 0.5473316959745285, -0.5345989192416288, 0.011540755212254394, -0.20679064012741621, -0.38615850529037865, 0.7897616929941484, -0.12490460494962341, -0.8014453885848102, 0.30668510067596344, -0.30692740020807696, -0.6281986067934291, 0.5462399791183188, 0.14177160308369663, -0.07565463649598969, -0.5584269673409805, 0.29244540227428617, 0.7101605127756405, 0.11319606924615133, -0.6941237854489939, -0.40996860622317244, -0.16762033757351047, 0.3281764904444784, 0.2015676392382182, -0.16512759604741178, -0.7014155541452956, -0.