{"N": 50, "M": 3, "c_0": [-0.634236647971518, 0.25400312659475954, -0.27285520604407165, -0.8799979726241793, -0.1938750317785085, 0.8299578864693593, 0.061276597022989154, 0.9627986176893875, -0.01073095561736137, 0.9661007162701136, -0.42246321289286115, 0.2834021608269115, 0.8827073136729231, -0.6515145421665334, -0.6274432717387557, -0.9557756975028837, 0.17927868008228542, -0.9416467254153804, -0.08520009538414408, -0.6002522648830477, 0.6979112051433094, 0.5680915184831472, 0.324466767816743, 0.27517934938170896, -0.5645119565541568, 0.30984170552999424, 0.42974326855997025, 0.45177505060582024, 0.2824703759289091, 0.7449358076884491, -0.9088030467131771, -0.08522218770596446, -0.09397962050204445, 0.20946990700093315, 0.7984430836235563, 0.3587017465847355, 0.31318579783637923, -0.39025994950251963, -0.7202956180890523, -0.24651338154605185, 0.6447286445410074, 0.9569040074748529, 0.5967204241966637, -0.717410677708507, 0.11347618108489743, -0.7280581982629852, -0.9171538674667061, 0.8505432662466519, 0.20860738621593278, -0.7168255144266498], "matrix_coe": [[[7.0, -0.6934547943801675, -0.16970220608095943, -0.6077780835922807, -0.027597820108724913, -0.46695264083265886, 0.398769991722562, 0.45764886114557224, -0.5896975939141235, -0.22643539385840117, -0.09735463404047984, -0.4240983657157624, 0.2364161551390067, -0.06258271568525697, -0.6141502313068831, 0.3077144012039139, 0.814570906422301, 0.5749264792356708, 0.310283946991611, 0.2983820366122878, 0.06286966399013671, -0.8925693996812231, 0.044640836681339335, 0.7153318858918172, -0.30281186784698744, 0.49549693075968815, -0.4649725402931937, 0.23312334915609734, -0.21452677748709992, -0.10060645423209069, -0.2914776840707507, 0.06461830420699366, 0.901018614772497, -0.24104895967223605, 0.16024365739262736, 0.5803933464116442, 0.6182869139573572, 0.5170377946831484, 0.6150577121026186, 0.6233576462085653, 0.9383141966168256, -0.2541793339215559, -0.4243446313119136, -0.5507776906188103, 0.1303156282314446, -0.34364872876285235, 0.2756177428552695, 0.23916327228032452, 0.2203757546398779, -0.4363631969057481], [-0.6934547943801675, 7.0, 0.12922458182635665, 0.9411532726592355, -0.04563349998448918, -0.4214843134772732, -0.08958269235550209, -0.14734747661798087, -0.8412188603437902, 0.1661184164155638, 0.6130648209788081, 0.2839513724294447, 0.13652803322438345, 0.5921804735688334, 0.4146503902427785, 0.6160313876054699, -0.14795350647198302, -0.4539685154884251, -0.4628512101652138, -0.23844984908814582, 0.005116748967293638, 0.37690187677734954, 0.5572357570204991, -0.34203363767757233, 0.31528442252639044, -0.21646824984668633, -0.09120512392116753, -0.7746801231521804, 0.37660143442092675, -0.0028001237506146692, -0.3727816375935261, -0.5253000973407018, -0.657991698726496, -0.1919888317280174, -0.03229107766317918, 0.1693103909163305, -0.09195251778259905, -0.03695569409316746, -0.018318961223567687, 0.08546715065354649, 0.24402503549501198, -0.32354529469992865, -0.5031577940054837, -0.03272042202307235, -0.025754908975438195, -0.27449394019751594, 0.3301439030998312, -0.47950229681043066, 0.4466663083835678, -0.434383329170968], [-0.16970220608095943, 0.12922458182635665, 7.0, 0.12574617947580036, 0.5890489097700509, -0.383234405511518, -0.393016182295425, -0.2792312553779348, 0.3828990043252949, 0.9332809690122805, -0.5467053267857929, 0.6698570908342465, -0.7843934879176953, -0.0494035018919603, 0.32624816379958554, -0.5137638542359629, -0.28935629174209365, 0.4604708849382346, 0.04304687336331936, 0.35987862564546, -0.6706042787018496, 0.2783790834923974, 0.7793673296410621, -0.5681016714337307, 0.36752312458445546, 0.22704979850383866, -0.1651365406163281, -0.07371387356114256, -0.2857955584897719, 0.586880266891789, 0.03887123408151716, -0.0743195818297302, 0.7966420297018499, -0.5941955680201234, -0.45634435550743213, 0.41075153219733207, -0.504497159787944, 0.717235830881938, 0.3037587706324212, -0.20026645874880133, -0.395306549264001, -0.11418972167773966, 0.22212177091365382, 0.02664772176078678, 0.2235443449663972, 0.18563220833287897, 0.39803624399741455, 0.17699626611844033, 0.10026387728978481, 0.3576598472390735], [-0.6077780835922807, 0.9411532726592355, 0.12574617947580036, 7.0, 0.10042976125310688, -0.3089282157393073, -0.19048197813308088, 0.5199120672617799, -0.2439021294127829, 0.12976273672639538, -0.3193018288965852, 0.040203826818771216, -0.17898823337116265, 0.36348296320325746, 0.4991055522994241, 0.687008246825227, 0.35229535077870544, -0.20423608689992123, -0.13526529172823054, -0.09893962199817319, 0.4608312349272139, 0.03924323893427539, -0.62217141410055, -0.7115142434618934, 0.25907873093568146, 0.2698842252468001, -0.7646368668683206, 0.18383962667444287, -0.2132388419700828, -0.67017835040678, -0.07172225417052258, 0.10184235304093159, -0.5585609377002448, -0.006440115519245726, -0.45387194163497724, -0.22857994402586468, 0.603080121477058, 0.532819745787088, 0.9198536854259944, 0.251804852377292, -0.03813026762065341, -0.17753885069834496, -0.2294412400040966, 0.03272023147769598, 0.3793608650008635, -0.3170071495739829, 0.3348961382240292, 0.2368728342319697, 0.3965430945883608, 0.06821183853130464], [-0.027597820108724913, -0.04563349998448918, 0.5890489097700509, 0.10042976125310688, 7.0, 0.5359568559602037, -0.22943000204460173, 0.8358886613523371, 0.5383627506121091, -0.5842923646921808, -0.24666593760259692, 0.6973192744120593, -0.5942632631468022, -0.11643352205854518, 0.5971591959929337, 0.2509548131754231, 0.13760123611032693, -0.5898769138641693, 0.10247602797698008, -0.406204870321482, 0.6059949194292162, -0.3063027954389256, -0.10092930143330558, 0.40178090553989954, 0.30330065399424155, -0.31007395865771004, -0.31629318699453424, 0.8356857592379008, -0.21469135884884394, 0.42789773673652065, -0.1138677519982545, -0.4379234161483516, -0.07309983084754124, -0.3378382701735634, 0.7920597567699308, 0.6542560393594301, -0.3306448608546888, 0.38585965042775716, -0.2870854544003405, 0.5230710169870747, -0.33263899496251426, 0.08073388246577728, 0.2803176337520714, 0.8753168891171712, -0.020444468600396948, 0.33551003695014003, -0.40291869969515337, -0.6956983725447602, 0.7429672574856399, -0.5731754729651667], [-0.46695264083265886, -0.4214843134772732, -0.383234405511518, -0.3089282157393073, 0.5359568559602037, 7.0, 0.6726757893222512, 0.6467926158168726, -0.5162897259597431, 0.7452316503779226, -0.4333966655725948, -0.9192680961435113, -0.31883479568950057, -0.05783273085502838, -0.8581027634438749, 0.20321699729082643, -0.5256468957856979, 0.24851396047054175, -0.24976625128972607, -0.12523856859224258, -0.3879897859731497, 0.22650314913653746, 0.7610470080138656, 0.6932127723801218, -0.7111929456456267, 0.11951198846018185, 0.4454590872017812, -0.2743036986515778, -0.1593746637426292, -0.00048071943068817014, 0.26336427428170306, -0.0020207941609015068, 0.047619998456187584, -0.8143814726331108, 0.5938551051436591, 0.23174184576876788, 0.15597435592018183, -0.05845338112428533, 0.15464405615416554, 0.07400711696611006, -0.2564936726433018, 0.42892274602348723, 0.8353990327868428, -0.022151186517921917, -0.45494504092755605, -0.4126496668635168, 0.04370757335779141, -0.4714593265762469, 0.5231249194894558, 0.4564106773302692], [0.398769991722562, -0.08958269235550209, -0.393016182295425, -0.19048197813308088, -0.22943000204460173, 0.6726757893222512, 7.0, 0.46111660366847507, 0.11516114139293476, 0.057777908041626524, 0.6116017791304671, 0.15466893506162904, -0.1443061172382042, 0.16427160314559952, 0.38836591640129603, -0.06383810512503141, 0.29015553971624053, 0.20724312343650442, -0.02579151947392999, -0.6035853309598176, 0.4204821965486707, -0.31969113737494126, -0.5896697722757713, 0.6543952022549693, 0.5681858485839841, -0.7488675091471456, -0.6086026955111945, 0.284125843645342, -0.5367823579894093, 0.5146472097905637, 0.8240644331263893, -0.09602908804545873, 0.18369756742324395, 0.144216687264761, 0.43430217331398246, 0.11647956050948594, -0.4816102594238605, -0.11744292849180993, 0.5277932839764383, 0.3197406741848483, 0.4258154570445938, -0.2548310697902465, 0.36535433746256984, 0.504998522512639, 0.11171124994122605, 0.3875130469821497, -0.39476466297964374, -0.33585320213714076, -0.0983532940537335, -0.26370382020785954], [0.45764886114557224, -0.14734747661798087, -0.2792312553779348, 0.5199120672617799, 0.8358886613523371, 0.6467926158168726, 0.46111660366847507, 7.0, -0.20863033238823925, -0.01942166467074724, 0.04375091671290865, -0.3542806788795242, -0.5122498728989072, -0.07580600692802941, 0.2898479081639449, 0.7164015637267274, 0.1208189160492803, -0.4007934375131419, -0.17924165919406299, -0.7279630526095971, 0.7467026083679875, 0.1549710795064887, -0.3016021613942206, -0.06343149387666469, 0.31604857921212215, 0.06308477958316017, -0.1317742278264965, -0.0783116980983608, -0.2993367584774429, 0.158780444110997, -0.5627706810615203, -0.054072442338596094, -0.03639560250143559, 0.07431633181090014, 0.11089880673871289, 0.35741325063064266, -0.1434081886393972, 0.3617359815794141, 0.14989628889912687, -0.54905297454215, -0.4323421984302157, -0.5060304140367097, 0.7617794275126699, -0.04454475444781847, -0.13413391931871932, 0.5434962653307822, -0.8639252624055768, -0.0693230132909115, -0.6225603683111258, 0.7563832140555276], [-0.5896975939141235, -0.8412188603437902, 0.3828990043252949, -0.2439021294127829, 0.5383627506121091, -0.5162897259597431, 0.11516114139293476, -0.20863033238823925, 7.0, -0.15953718276198425, 0.5256259278473865, 0.01935797501761516, 0.050768347540782965, 0.118852344824667, -0.942566807514217, 0.48997096663260264, 0.31874066549453994, -0.08440670091070801, 0.867247898875094, 0.5097863542786345, 0.0942304915889225, -0.12943485063724247, 0.34209549214240886, -0.18193615078772452, -0.25034408059623225, -0.10185029616400665, 0.8418885331316135, 0.1956686680877302, -0.40018887021362903, -0.8153631951228211, 0.35514110185800707, -0.5039341116820821, -0.8480448790973084, 0.060459908951449925, 0.4778474671502524, 0.2625991876092184, 0.02660949146186642, -0.07290403784243982, 0.27649901523382825, -0.3346776839395146, 0.3852724399557097, 0.07637432286662649, 0.5258813114201826, 0.08835314620504642, 0.3870884061944979, 0.7434544300532178, 0.0982928358565176, -0.45101935402614446, 0.5257440401819302, 0.08020539403930238], [-0.22643539385840117, 0.1661184164155638, 0.9332809690122805, 0.12976273672639538, -0.5842923646921808, 0.7452316503779226, 0.057777908041626524, -0.01942166467074724, -0.15953718276198425, 7.0, 0.4220104961468325, -0.2639871612665924, 0.7290291512423266, 0.1618466698055081, -0.28716528970122224, 0.2451508722540221, -0.3671790653521343, 0.006607257962419233, 0.608035458377902, 0.7330687869215411, -0.17021911202278528, 0.7081789727544248, -0.04664908898040887, -0.7922296031294336, -0.6616854196254851, -0.3126759613719855, 0.1449041160582052, 0.09240200990738012, 0.3088475145679084, 0.37630781560239246, -0.5167799420877711, -0.22625857102333524, -0.06827750571027802, -0.7454316038542211, 0.7916543655825041, -0.16498767802424807, -0.11565804390384071, -0.12194854888753315, 0.6110043716620468, -0.06811020696088987, 0.035873345468243834, -0.1567387636678651, -0.671380045687996, 0.15276759303900223, -0.011046838404412673, 0.3887227822697352, -0.17580862115175788, -0.20523243568973837, -0.08658797756188275, -0.0008442342145696946], [-0.09735463404047984, 0.6130648209788081, -0.5467053267857929, -0.3193018288965852, -0.24666593760259692, -0.4333966655725948, 0.6116017791304671, 0.04375091671290865, 0.5256259278473865, 0.4220104961468325, 7.0, 0.5622127776056731, -0.229439656320246, 0.5946024947212223, -0.08228432597608781, 0.5843111500327116, -0.4900507100655106, -0.3271167972700676, 0.05392907026239224, 0.23053796670000226, 0.19578158007146396, 0.4012230347691421, 0.20227477236068814, 0.7467619649576511, -0.12356448755609228, 0.08376803523922138, -0.32839034107027487, -0.10484488970560979, 0.5897987505088893, 0.41997477543939876, -0.2764396547802843, 0.01014707524857017, 0.2859701135519628, -0.1334553437588798, 0.28789446994995127, 0.1333567505226969, -0.14391193489717402, 0.0920464385052795, -0.281533555783141, -0.12886372676884483, 0.5339979897630587, 0.4125207155441273, -0.4410898413510551, -0.09508417384048795, -0.4781651207860377, 0.2857078378606488, 0.7258181450794035, -0.33343010356534464, 0.22053441348797964, -0.296737929323613], [-0.4240983657157624, 0.2839513724294447, 0.6698570908342465, 0.040203826818771216, 0.6973192744120593, -0.9192680961435113, 0.15466893506162904, -0.3542806788795242, 0.01935797501761516, -0.2639871612665924, 0.5622127776056731, 7.0, -0.4059262293796565, -0.08327114918528633, 0.5312700664652761, -0.0902012775597858, 0.29972981202580495, 0.4559559178265533, 0.16823554949891806, -0.617990056556656, 0.3094461271396538, -0.7200036324828926, -0.019443529071760057, 0.6841728023343094, 0.5051323647754409, 0.8300305996370025, 0.06107962441548542, -0.10045238500061116, -0.7478671781332447, -0.4154601452660708, -0.24476359866191666, -0.7529850724696789, 0.2550739071498904, -0.44178733700314365, 0.5460109312526198, -0.4801836205460456, 0.16929304699158854, 0.5021057417559744, 0.4281193131563845, 0.3362716076197576, 0.28639087253081597, 0.5980225926779419, -0.7588906606399268, -0.2370445962694977, -0.12412384899509155, 0.7142190565512168, -0.6143704654243682, 0.45364029107808324, -0.2145262135361803, 0.5517369215173251], [0.2364161551390067, 0.13652803322438345, -0.7843934879176953, -0.17898823337116265, -0.5942632631468022, -0.31883479568950057, -0.1443061172382042, -0.5122498728989072, 0.050768347540782965, 0.7290291512423266, -0.229439656320246, -0.4059262293796565, 7.0, -0.9037313740430224, 0.0175843847067374, 0.10285466958595757, 0.3885177943485689, 0.8270881220217401, 0.228508641075861, -0.08556917472347159, 0.07274693909229546, -0.7634949530070714, 0.23209954301361968, -0.6838633276116276, 0.10159627024307127, 0.32099574568482825, -0.01968099028220882, -0.47928189180302583, 0.07781004269826308, 0.7263392772181843, 0.3147689462492025, -0.078121590583756, -0.8502251619140573, 0.05614274640413819, 0.08872958612601423, 0.2205650581633014, -0.15985589848363368, -0.7367533903590483, 0.136911060216101, 0.011117907170572483, -0.0951523953388439, -0.5368566653561397, 0.7747340279954567, 0.126546180507769, -0.2610577182366899, 0.12679297785566557, -0.20788511923180963, -0.6837711979499462, -0.6093287744363778, 0.23603743538892807], [-0.06258271568525697, 0.5921804735688334, -0.0494035018919603, 0.36348296320325746, -0.11643352205854518, -0.05783273085502838, 0.16427160314559952, -0.07580600692802941, 0.118852344824667, 0.1618466698055081, 0.5946024947212223, -0.08327114918528633, -0.9037313740430224, 7.0, -0.11828565665342061, -0.29259102971803885, 0.11662376703624444, 0.5433292927295903, -0.37779765822748823, 0.16498746450163848, 0.11266530356982196, -0.3754339237043487, -0.09289480034919262, -0.2614062491631107, 0.016058988061213864, -0.01485531487147529, -0.0216033928265853, 0.5610378949164505, 0.5478467459588114, -0.39883123170759804, -0.6486985283630338, 0.7579887279969943, -0.27079692857855286, -0.47098757061241203, 0.4405536790467508, -0.6524599198581787, -0.4703578305856808, -0.3172751899747843, -0.04479276112393993, 0.9211209086167003, 0.6608596146853776, 0.3477977776632861, 0.5068275839712757, 0.35051978141236195, 0.4313658389259638, 0.507570792743864, -0.46882296836522086, -0.531659445559496, 0.3387226778580432, 0.8640444738692263], [-0.6141502313068831, 0.4146503902427785, 0.32624816379958554, 0.4991055522994241, 0.5971591959929337, -0.8581027634438749, 0.38836591640129603, 0.2898479081639449, -0.942566807514217, -0.28716528970122224, -0.08228432597608781, 0.5312700664652761, 0.0175843847067374, -0.11828565665342061, 7.0, -0.30267559662148225, -0.6547840721646198, 0.18612793908838432, 0.20813973490478332, 0.19638226518872748, 0.7091682976459208, 0.01076463134020389, 0.2551284693373175, -0.6979609199864177, 0.6840163247375974, 0.310480377081241, -0.8775856577913652, 0.4167079706683303, -0.23808224676731515, 0.08417910172785392, 0.7465929152455679, -0.3419160832901458, 0.0283369634456907, 0.7571574520330899, 0.3579431509177291, 0.1444286533860235, 0.8980404209496549, 0.41428639145019064, -0.33905450804261383, 0.5181459081296933, -0.3123375871663515, -0.595080160200351, -0.18679045800047434, -0.5651007313803443, -0.04736124285599841, -0.446651480910749, -0.3632024177609131, -0.2053441456658286, 0.158391044060187, -0.5153563941146166], [0.3077144012039139, 0.6160313876054699, -0.5137638542359629, 0.687008246825227, 0.2509548131754231, 0.20321699729082643, -0.06383810512503141, 0.7164015637267274, 0.48997096663260264, 0.2451508722540221, 0.5843111500327116, -0.0902012775597858, 0.10285466958595757, -0.29259102971803885, -0.30267559662148225, 7.0, -0.12346004325307658, -0.16494536695951167, -0.033677246065177524, 0.061176503129058535, -0.21720794620984418, 0.040654267291306834, -0.4766993039724807, -0.7301810575083373, 0.24679819818699, -0.49751982254465577, -0.29633945730683786, -0.7673476389693605, -0.022141340155294786, 0.5809768273991662, -0.24804967560983315, 0.47084239760592705, 0.06345007336214992, 0.4207102457351384, -0.3274765771706706, 0.47846622986037834, 0.09450370198503055, -0.23928417096897314, -0.2578676029029091, 0.697211761432798, 0.10955691030155634, 0.45181643767995205, -0.2123484817427178, 0.25016727224976454, -0.893700995138826, 0.4078140899969056, -0.09603309208887967, -0.8650771334603773, 0.16993920378868022, -0.5700911119942647], [0.814570906422301, -0.14795350647198302, -0.28935629174209365, 0.35229535077870544, 0.13760123611032693, -0.5256468957856979, 0.29015553971624053, 0.1208189160492803, 0.31874066549453994, -0.3671790653521343, -0.4900507100655106, 0.29972981202580495, 0.3885177943485689, 0.11662376703624444, -0.6547840721646198, -0.12346004325307658, 7.0, -0.4854413087170245, 0.5118993206126587, 0.45591303916511605, 0.5638046515809703, -0.4825493785876379, 0.08186637728334034, -0.14511582612137475, 0.14683275572092747, -0.18647903247483077, -0.5589931127504568, 0.15961193512829386, 0.16211041142187366, 0.2690038482239736, 0.4224698332477348, -0.30694308735670595, -0.719921474650655, -0.027063799250768517, -0.3839901402904129, 0.764232554171516, -0.30988706917075215, 0.6238794964169325, 0.040799758032108446, -0.08355746525533692, -0.06581529784604845, -0.2455799631131752, -0.2863644846788844, 0.1162560475110963, 0.03469613609015565, -0.014636954703701632, -0.2455614200382794, 0.7620493465989671, -0.42918064946811474, -0.7348366112728676], [0.5749264792356708, -0.4539685154884251, 0.4604708849382346, -0.20423608689992123, -0.5898769138641693, 0.24851396047054175, 0.20724312343650442, -0.4007934375131419, -0.08440670091070801, 0.006607257962419233, -0.3271167972700676, 0.4559559178265533, 0.8270881220217401, 0.5433292927295903, 0.18612793908838432, -0.16494536695951167, -0.4854413087170245, 7.0, 0.07015814238486673, -0.25361383154729156, 0.25334563429879986, -0.5627258369878039, 0.2855113777742364, -0.031796395682917145, 0.13332653409796724, 0.20171321887173943, 0.1570834397708758, 0.18320053763814315, 0.1145640737964484, -0.8933329819375392, -0.33019349416880084, -0.8838161731079484, 0.752307207910099, 0.15367334440324698, 0.4406589077972316, 0.3035755354946479, -0.43144856559876643, -0.09627885549645665, -0.028296129758560773, 0.3170206289442945, -0.7839416081476412, -0.0007743418245664824, -0.6735942782969102, -0.3060694122174922, 0.2016724314818661, -0.8631393409126521, -0.17591463757566617, -0.2732049593045258, -0.4555218434853072, -0.8804384678550271], [0.310283946991611, -0.4628512101652138, 0.04304687336331936, -0.13526529172823054, 0.10247602797698008, -0.24976625128972607, -0.02579151947392999, -0.17924165919406299, 0.867247898875094, 0.608035458377902, 0.05392907026239224, 0.16823554949891806, 0.228508641075861, -0.37779765822748823, 0.20813973490478332, -0.033677246065177524, 0.5118993206126587, 0.07015814238486673, 7.0, -0.14203838222635845, -0.6214871171312747, 0.636053805594849, 0.10724123153450082, 0.01192407155488917, -0.43384008216402803, -0.2758230735634243, 0.48981551926714295, -0.08787988886418341, 0.019461851189621848, 0.7454440746798991, -0.4068545104521555, -0.536875870065181, -0.10522176111496095, 0.7193084121576343, 0.24590634316401827, 0.12622943565843037, -0.25340932452354137, -0.7296587474342733, 0.6070429198333378, -0.2700498781279276, 0.5912537726049067, 0.14655088252516268, -0.8277018010175684, 0.9429405687855443, -0.18466776523753636, -0.8608404352437701, -0.02372589710353412, 0.01726231095515729, 0.10914721531425942, -0.24964336604431903], [0.2983820366122878, -0.23844984908814582, 0.35987862564546, -0.09893962199817319, -0.406204870321482, -0.12523856859224258, -0.6035853309598176, -0.7279630526095971, 0.5097863542786345, 0.7330687869215411, 0.23053796670000226, -0.617990056556656, -0.08556917472347159, 0.16498746450163848, 0.19638226518872748, 0.061176503129058535, 0.45591303916511605, -0.25361383154729156, -0.14203838222635845, 7.0, -0.4242090706780871, 0.7720799643226681, -0.1626194850163064, 0.794750360551534, 0.5162478595948823, 0.25408925360122137, -0.23915588068342208, -0.1798141146629515, 0.016210888501203335, -0.009198139124081961, -0.05075036226214591, -0.10379123341044816, -0.27098968192346995, -0.34862722679328384, 0.35844741291690285, 0.31441100492067253, -0.10930660073291554, -0.008885950753546479, 0.7008039274844773, -0.1222715045085272, -0.5647832238950046, -0.3854215878296592, 0.045165665831298885, -0.6050639990878508, 0.04821983052522594, 0.44891468485118, 0.010998176450355945, -0.2669994575669353, -0.6716177978858566, -0.07970338296038681], [0.06286966399013671, 0.005116748967293638, -0.6706042787018496, 0.4608312349272139, 0.6059949194292162, -0.3879897859731497, 0.4204821965486707, 0.7467026083679875, 0.0942304915889225, -0.17021911202278528, 0.19578158007146396, 0.3094461271396538, 0.07274693909229546, 0.11266530356982196, 0.7091682976459208, -0.21720794620984418, 0.5638046515809703, 0.25334563429879986, -0.6214871171312747, -0.4242090706780871, 7.0, -0.5745951537890243, 0.06096242275319286, 0.18374569415774067, -0.07421937103516296, -0.6046993845309103, -0.33282693831115606, -0.33551103502871993, 0.40296266927955404, -0.052691796271550406, -0.34455213409422725, -0.4733918112189317, 0.03608166572891092, 0.4169630379336777, 0.2480221772566935, -0.5030925594192702, 0.2343431607502362, 0.855394913854749, -0.5976584548719611, 0.8177814673607602, -0.23687509005315976, 0.4345737078006966, -0.18298375399778033, 0.18305124968991127, 0.020891999950455542, -0.18808415072617102, -0.4071889466827706, 0.2909062037256547, -0.19479320350069396, 0.1980325734284416], [-0.8925693996812231, 0.37690187677734954, 0.2783790834923974, 0.03924323893427539, -0.3063027954389256, 0.22650314913653746, -0.31969113737494126, 0.1549710795064887, -0.12943485063724247, 0.7081789727544248, 0.4012230347691421, -0.7200036324828926, -0.7634949530070714, -0.3754339237043487, 0.01076463134020389, 0.040654267291306834, -0.4825493785876379, -0.5627258369878039, 0.636053805594849, 0.7720799643226681, -0.5745951537890243, 7.0, 0.03356388765028129, 0.24434814395392968, 0.5228844389985665, 0.012349381510880164, 0.6245821457817111, -0.14699094156034453, -0.8688728465027745, 0.21925962921639153, 0.6025833143932033, 0.16553415080097067, -0.052122439761244754, 0.5726491033127437, 0.32795481196005527, -0.4596942685989067, -0.2872561939754621, 0.030833550010041844, -0.11339056650721291, 0.17755628859832795, -0.2704982868234591, -0.23251316678664258, -0.46922847947147517, -0.2379611359050514, -0.06685480789616627, -0.07099564329664965, -0.7308955303670103, 0.04592571220556829, -0.11273400287885571, -0.46543751369160413], [0.044640836681339335, 0.5572357570204991, 0.7793673296410621, -0.62217141410055, -0.10092930143330558, 0.7610470080138656, -0.5896697722757713, -0.3016021613942206, 0.34209549214240886, -0.04664908898040887, 0.20227477236068814, -0.019443529071760057, 0.23209954301361968, -0.09289480034919262, 0.2551284693373175, -0.4766993039724807, 0.08186637728334034, 0.2855113777742364, 0.10724123153450082, -0.1626194850163064, 0.06096242275319286, 0.03356388765028129, 7.0, -0.47713210557651675, -0.5499737105199347, 0.10143165394016629, 0.449633208543033, 0.09425441080744612, -0.4170339845572616, 0.24904068999468842, -0.6775368961340881, 0.32587290307356964, -0.11747085371665822, -0.14355672249827334, -0.6092367820578618, -0.5399646334186602, 0.15124202321193336, 0.42726199596438486, -0.5288853854548844, 0.2657804705619875, -0.5932773325621375, -0.23481057962279028, -0.5040246550811589, -0.03913210073361595, 0.7088704421576888, 0.5337922423620645, -0.3550417702630343, 0.8597177792149224, 0.845406298962545, 0.12653918771917416], [0.7153318858918172, -0.34203363767757233, -0.5681016714337307, -0.7115142434618934, 0.40178090553989954, 0.6932127723801218, 0.6543952022549693, -0.06343149387666469, -0.18193615078772452, -0.7922296031294336, 0.7467619649576511, 0.6841728023343094, -0.6838633276116276, -0.2614062491631107, -0.6979609199864177, -0.7301810575083373, -0.14511582612137475, -0.031796395682917145, 0.01192407155488917, 0.794750360551534, 0.18374569415774067, 0.24434814395392968, -0.47713210557651675, 7.0, 0.25252664085132515, 0.36450504042954224, -0.4921306019832098, -0.12270984620474112, -0.2544057802526234, -0.1317874196055555, 0.044202001037548566, -0.7298439745583812, 0.42221806879844337, 0.22876333871410415, -0.40637306458334066, -0.1732380225507607, 0.46091893067981093, -0.21353195076831322, -0.2096326002868254, -0.09015299826393619, -0.5504323609724733, -0.6616053126605738, 0.31328111937469005, 0.7091513753784287, -0.3038928785566406, -0.33647491908945915, -0.5368194691861035, -0.5178717373579098, 0.44358355119009385, -0.32800118555733226], [-0.30281186784698744, 0.31528442252639044, 0.36752312458445546, 0.25907873093568146, 0.30330065399424155, -0.7111929456456267, 0.5681858485839841, 0.31604857921212215, -0.25034408059623225, -0.6616854196254851, -0.12356448755609228, 0.5051323647754409, 0.10159627024307127, 0.016058988061213864, 0.6840163247375974, 0.24679819818699, 0.14683275572092747, 0.13332653409796724, -0.43384008216402803, 0.5162478595948823, -0.07421937103516296, 0.5228844389985665, -0.5499737105199347, 0.25252664085132515, 7.0, -0.4139965497549859, -0.1260471688842405, 0.1415968630443798, -0.22059133183539315, -0.2954356095030637, 0.5394594958044274, -0.4599811219098078, -0.0720243773704019, -0.644047687322042, -0.03297583510065627, 0.7453999509015823, 0.3142886723683913, -0.2082708222639944, -0.18066329481128263, 0.33134847778015475, -0.37247424544505836, -0.10405408333495014, -0.762523107346287, -0.12879388776255984, -0.1384047952893973, -0.5491130903823481, 0.7802203670129524, 0.5337064166491534, -0.733912261358309, -0.4836472993940941], [0.49549693075968815, -0.21646824984668633, 0.22704979850383866, 0.2698842252468001, -0.31007395865771004, 0.11951198846018185, -0.7488675091471456, 0.06308477958316017, -0.10185029616400665, -0.3126759613719855, 0.08376803523922138, 0.8300305996370025, 0.32099574568482825, -0.01485531487147529, 0.310480377081241, -0.49751982254465577, -0.18647903247483077, 0.20171321887173943, -0.2758230735634243, 0.25408925360122137, -0.6046993845309103, 0.012349381510880164, 0.10143165394016629, 0.36450504042954224, -0.4139965497549859, 7.0, 0.30833991445425424, 0.8142406787403984, -0.4867739253160006, -0.053202270244094296, -0.09166924549668332, -0.5525764339123517, -0.7640069217579261, 0.4692161054446369, -0.5755386868734071, -0.2803382254772965, 0.33527090381974967, -0.3330479757603134, 0.33269598641119824, -0.006007598593656294, -0.5503495982952025, -0.6093709220834151, -0.4906114543025967, 0.03342381169496966, -0.019706341931490234, -0.9002553495179094, -0.13061421774368298, -0.3698353941603455, 0.35328484525058146, -0.2794213159172033], [-0.4649725402931937, -0.09120512392116753, -0.1651365406163281, -0.7646368668683206, -0.31629318699453424, 0.4454590872017812, -0.6086026955111945, -0.1317742278264965, 0.8418885331316135, 0.1449041160582052, -0.32839034107027487, 0.06107962441548542, -0.01968099028220882, -0.0216033928265853, -0.8775856577913652, -0.29633945730683786, -0.5589931127504568, 0.1570834397708758, 0.48981551926714295, -0.23915588068342208, -0.33282693831115606, 0.6245821457817111, 0.449633208543033, -0.4921306019832098, -0.1260471688842405, 0.30833991445425424, 7.0, -0.6110400589878371, 0.7279726997832201, -0.19605185953311077, -0.09358294856499161, 0.10810031941229026, 0.16916601778056872, 0.028668240451767524, 0.24889674912228932, -0.1298694107787236, 0.22921995319016197, -0.37521838812579433, -0.20153548066038707, 0.08301602872124247, 0.2280701531590048, 0.7134268293249622, -0.4264327632719438, -0.307856454881851, -0.6293283477943112, 0.27497999217406166, 0.8267441215200446, 0.14895472067423965, 0.14907040514547698, 0.16506723083572306], [0.23312334915609734, -0.7746801231521804, -0.07371387356114256, 0.18383962667444287, 0.8356857592379008, -0.2743036986515778, 0.284125843645342, -0.0783116980983608, 0.1956686680877302, 0.09240200990738012, -0.10484488970560979, -0.10045238500061116, -0.47928189180302583, 0.5610378949164505, 0.4167079706683303, -0.7673476389693605, 0.15961193512829386, 0.18320053763814315, -0.08787988886418341, -0.1798141146629515, -0.33551103502871993, -0.14699094156034453, 0.09425441080744612, -0.12270984620474112, 0.1415968630443798, 0.8142406787403984, -0.6110400589878371, 7.0, -0.6055381028623582, -0.37983915285060554, -0.2251723818532939, 0.016318079036746536, 0.36527252439341895, -0.7720875959973376, -0.6088114023151555, 0.2267018484931591, 0.5703532150316393, 0.4674432466953615, -0.09925727314317656, 0.8219646182993301, 0.10081731229144575, 0.1591139187048658, -0.1899945638499967, 0.881891357183916, 0.06700160584725623, -0.007076723913283511, 0.18254523639743514, 0.21848949541459217, 0.2229166078096234, 0.16480616156263395], [-0.21452677748709992, 0.37660143442092675, -0.2857955584897719, -0.2132388419700828, -0.21469135884884394, -0.1593746637426292, -0.5367823579894093, -0.2993367584774429, -0.40018887021362903, 0.3088475145679084, 0.5897987505088893, -0.7478671781332447, 0.07781004269826308, 0.5478467459588114, -0.23808224676731515, -0.022141340155294786, 0.16211041142187366, 0.1145640737964484, 0.019461851189621848, 0.016210888501203335, 0.40296266927955404, -0.8688728465027745, -0.4170339845572616, -0.2544057802526234, -0.22059133183539315, -0.4867739253160006, 0.7279726997832201, -0.6055381028623582, 7.0, -0.22144396944463518, 0.3640202117941649, -0.6720315377657856, -0.1821444677884354, -0.7230240257418792, 0.07872935599471997, 0.19253888464086577, -0.12499906399375293, -0.1633472398760889, 0.17061648377211358, -0.12934112137119735, 0.09069122218551962, -0.7004007057768187, 0.5620306651302545, -0.18518713394797204, 0.6706005190833293, 0.0582860699358565, 0.7164214535862636, -0.08726920185412146, -0.15964077948194888, -0.40911990578485713], [-0.10060645423209069, -0.0028001237506146692, 0.586880266891789, -0.67017835040678, 0.42789773673652065, -0.00048071943068817014, 0.5146472097905637, 0.158780444110997, -0.8153631951228211, 0.37630781560239246, 0.41997477543939876, -0.4154601452660708, 0.7263392772181843, -0.39883123170759804, 0.08417910172785392, 0.5809768273991662, 0.2690038482239736, -0.8933329819375392, 0.7454440746798991, -0.009198139124081961, -0.052691796271550406, 0.21925962921639153, 0.24904068999468842, -0.1317874196055555, -0.2954356095030637, -0.053202270244094296, -0.19605185953311077, -0.37983915285060554, -0.22144396944463518, 7.0, -0.29313149473554645, -0.015327883630080863, -0.1593411488407157, -0.37812825521886007, 0.5009596616906955, -0.456092641159215, 0.4739217959831721, 0.056979147604176106, -0.36040322123866686, 0.23790505019695707, 0.1313277649439295, -0.3815113650957993, -0.8284385686837671, -0.22770595444213337, 0.7430489223475383, 0.10391274031189313, -0.04099976856371568, 0.33541090101372184, 0.1815531141770892, 0.19268739005486935], [-0.2914776840707507, -0.3727816375935261, 0.03887123408151716, -0.07172225417052258, -0.1138677519982545, 0.26336427428170306, 0.8240644331263893, -0.5627706810615203, 0.35514110185800707, -0.5167799420877711, -0.2764396547802843, -0.24476359866191666, 0.3147689462492025, -0.6486985283630338, 0.7465929152455679, -0.24804967560983315, 0.4224698332477348, -0.33019349416880084, -0.4068545104521555, -0.05075036226214591, -0.34455213409422725, 0.6025833143932033, -0.6775368961340881, 0.044202001037548566, 0.5394594958044274, -0.09166924549668332, -0.09358294856499161, -0.2251723818532939, 0.3640202117941649, -0.29313149473554645, 7.0, 0.5833868824840525, -0.6357736807414487, -0.6033378413887263, 0.3013048185208673, -0.12709567854500758, 0.3437786951040547, 0.511623893649555, 0.03979475532138799, 0.23094670773913695, 0.6107007844615682, 0.3411316139470433, -0.06693633653849695, 0.12018900083946304, -0.07369694778866287, 0.1568595480328605, 0.1861162818436759, 0.001692522412650277, -0.6810432095037262, 0.011734488041798663], [0.06461830420699366, -0.5253000973407018, -0.0743195818297302, 0.10184235304093159, -0.4379234161483516, -0.0020207941609015068, -0.09602908804545873, -0.054072442338596094, -0.5039341116820821, -0.22625857102333524, 0.01014707524857017, -0.7529850724696789, -0.078121590583756, 0.7579887279969943, -0.3419160832901458, 0.47084239760592705, -0.30694308735670595, -0.8838161731079484, -0.536875870065181, -0.10379123341044816, -0.4733918112189317, 0.16553415080097067, 0.32587290307356964, -0.7298439745583812, -0.4599811219098078, -0.5525764339123517, 0.10810031941229026, 0.016318079036746536, -0.6720315377657856, -0.015327883630080863, 0.5833868824840525, 7.0, 0.05350243290700307, -0.18679035923079146, -0.6630126960827536, 0.09483699642596344, 0.28490439537778167, 0.7831887068479402, 0.11649252348227268, -0.3280950287949487, 0.05593272204926225, 0.6183795146432458, 0.837190718901867, 0.03535659349502707, 0.6210448768261676, 0.18642872180051695, 0.398882416659903, 0.5979660043379647, -0.3565044070592086, -0.10780980424816244], [0.901018614772497, -0.657991698726496, 0.7966420297018499, -0.5585609377002448, -0.07309983084754124, 0.047619998456187584, 0.18369756742324395, -0.03639560250143559, -0.8480448790973084, -0.06827750571027802, 0.2859701135519628, 0.2550739071498904, -0.8502251619140573, -0.27079692857855286, 0.0283369634456907, 0.06345007336214992, -0.719921474650655, 0.752307207910099, -0.10522176111496095, -0.27098968192346995, 0.03608166572891092, -0.052122439761244754, -0.11747085371665822, 0.42221806879844337, -0.0720243773704019, -0.7640069217579261, 0.16916601778056872, 0.36527252439341895, -0.1821444677884354, -0.1593411488407157, -0.6357736807414487, 0.05350243290700307, 7.0, 0.5102055565564032, 0.12918449108106422, 0.8052577715673526, -0.04758527170851112, 0.035502562639046165, -0.8026859671243353, 0.6736647265618725, -0.645521072587992, 0.4264831623780547, -0.10908584419300915, -0.11366583684819476, -0.22635091288662645, -0.6034892667488185, 0.2235645962125994, -0.1344534830056311, 0.5786216503536528, -0.0678799380436087], [-0.24104895967223605, -0.1919888317280174, -0.5941955680201234, -0.006440115519245726, -0.3378382701735634, -0.8143814726331108, 0.144216687264761, 0.07431633181090014, 0.060459908951449925, -0.7454316038542211, -0.1334553437588798, -0.44178733700314365, 0.05614274640413819, -0.47098757061241203, 0.7571574520330899, 0.4207102457351384, -0.027063799250768517, 0.15367334440324698, 0.7193084121576343, -0.34862722679328384, 0.4169630379336777, 0.5726491033127437, -0.14355672249827334, 0.22876333871410415, -0.644047687322042, 0.4692161054446369, 0.028668240451767524, -0.7720875959973376, -0.7230240257418792, -0.37812825521886007, -0.6033378413887263, -0.18679035923079146, 0.5102055565564032, 7.0, 0.038564029093637986, -0.5634187790567016, -0.02868679875699398, 0.31778048912537793, 0.6877345838456903, 0.6615984455008299, -0.2327770446742855, 0.2945257906708689, 0.20564434088005523, -0.5230193829089931, 0.16550315410629945, -0.23433469604644763, -0.6085105004462614, -0.5713641368466994, 0.33977286785996297, 0.06792983316139023], [0.16024365739262736, -0.03229107766317918, -0.45634435550743213, -0.45387194163497724, 0.7920597567699308, 0.5938551051436591, 0.43430217331398246, 0.11089880673871289, 0.4778474671502524, 0.7916543655825041, 0.28789446994995127, 0.5460109312526198, 0.08872958612601423, 0.4405536790467508, 0.3579431509177291, -0.3274765771706706, -0.3839901402904129, 0.4406589077972316, 0.24590634316401827, 0.35844741291690285, 0.2480221772566935, 0.32795481196005527, -0.6092367820578618, -0.40637306458334066, -0.03297583510065627, -0.5755386868734071, 0.24889674912228932, -0.6088114023151555, 0.07872935599471997, 0.5009596616906955, 0.3013048185208673, -0.6630126960827536, 0.12918449108106422, 0.038564029093637986, 7.0, -0.8326039945350636, 0.1920924950526306, 0.02614991741093875, 0.4347214047070982, 0.26625487323853836, 0.0682245007926463, -0.14865062070565327, -0.39163893582226206, 0.29940424778473784, -0.49933794225175454, 0.3241173459094191, -0.46383506198541147, 0.14833773078841506, 0.2846544975304952, -0.5450178640724499], [0.5803933464116442, 0.1693103909163305, 0.41075153219733207, -0.22857994402586468, 0.6542560393594301, 0.23174184576876788, 0.11647956050948594, 0.35741325063064266, 0.2625991876092184, -0.16498767802424807, 0.1333567505226969, -0.4801836205460456, 0.2205650581633014, -0.6524599198581787, 0.1444286533860235, 0.47846622986037834, 0.764232554171516, 0.3035755354946479, 0.12622943565843037, 0.31441100492067253, -0.5030925594192702, -0.4596942685989067, -0.5399646334186602, -0.1732380225507607, 0.7453999509015823, -0.2803382254772965, -0.1298694107787236, 0.2267018484931591, 0.19253888464086577, -0.456092641159215, -0.12709567854500758, 0.09483699642596344, 0.8052577715673526, -0.5634187790567016, -0.8326039945350636, 7.0, -0.27367870532644256, 0.1748831732469025, 0.5934726579131215, -0.4041440725421839, -0.12557159469741186, 0.3643076108869816, -0.5155010132242389, 0.3092911930715996, 0.07382432695845775, -0.4755200661255914, -0.12027018076314111, -0.6066941790669286, -0.016134218869452543, -0.032398640765314846], [0.6182869139573572, -0.09195251778259905, -0.504497159787944, 0.603080121477058, -0.3306448608546888, 0.15597435592018183, -0.4816102594238605, -0.1434081886393972, 0.02660949146186642, -0.11565804390384071, -0.14391193489717402, 0.16929304699158854, -0.15985589848363368, -0.4703578305856808, 0.8980404209496549, 0.09450370198503055, -0.30988706917075215, -0.43144856559876643, -0.25340932452354137, -0.10930660073291554, 0.2343431607502362, -0.2872561939754621, 0.15124202321193336, 0.46091893067981093, 0.3142886723683913, 0.33527090381974967, 0.22921995319016197, 0.5703532150316393, -0.12499906399375293, 0.4739217959831721, 0.3437786951040547, 0.28490439537778167, -0.04758527170851112, -0.02868679875699398, 0.1920924950526306, -0.27367870532644256, 7.0, 0.10048074621465974, -0.008538766079726812, -0.6650127402717578, 0.13606785553700806, 0.6758423031998371, 0.07214268937590695, -0.5690676589603743, 0.04697584412494127, -0.8065757610089724, 0.26663971057520763, -0.9082987172505549, -0.049969572930933515, 0.32500640866460273], [0.5170377946831484, -0.03695569409316746, 0.717235830881938, 0.532819745787088, 0.38585965042775716, -0.05845338112428533, -0.11744292849180993, 0.3617359815794141, -0.07290403784243982, -0.12194854888753315, 0.0920464385052795, 0.5021057417559744, -0.7367533903590483, -0.3172751899747843, 0.41428639145019064, -0.23928417096897314, 0.6238794964169325, -0.09627885549645665, -0.7296587474342733, -0.008885950753546479, 0.855394913854749, 0.030833550010041844, 0.42726199596438486, -0.21353195076831322, -0.2082708222639944, -0.3330479757603134, -0.37521838812579433, 0.4674432466953615, -0.1633472398760889, 0.056979147604176106, 0.511623893649555, 