{"N": 50, "M": 3, "c_0": [-0.5948409608466942, 0.4489680055122762, -0.4728177066247854, 0.27578986448440745, 0.8315455294020142, 0.8763006830521625, 0.07395053157908871, -0.9041365528886407, -0.04455406114501259, 0.8355171555546024, 0.5577156615773267, -0.8744571385686519, -0.8720274178627376, 0.292986854706631, 0.06874031480488396, 0.7294924364636444, -0.223967766603951, 0.11365960030953093, -0.7729164739662779, 0.4299735300484613, 0.944128866415745, 0.8207745504124067, 0.9146538159018056, 0.24336571339498625, -0.28091073897984353, 0.18784671582790025, -0.30053346851396556, 0.41198271617582627, -0.43367515003932877, -0.39690754329229816, -0.27563640152158575, 0.5160325916512492, -0.13455295715884397, -0.005377075934835052, 0.8717147172927173, -0.8080258784513124, 0.09754365316617641, -0.00328252012368746, -0.5112663836605849, 0.8248816320330716, -0.48749161936512775, 0.07841015722957168, 0.031074044362779052, 0.14486797080874192, -0.4601996454886246, -0.17655341377754397, 0.9464414730619657, 0.9966725409808961, 0.4214809672642177, -0.6870140649979322], "matrix_coe": [[[7.0, -0.14235792476981401, -0.14048961371337443, 0.1392594512388523, 0.5598308625037531, 0.05868541133727834, 0.15997377958394177, 0.4822159002239035, 0.4876648280647824, -0.07417024365313896, 0.19523745637927847, -0.3622005409830953, -0.5486522096725658, -0.5812992353827674, -0.692560194571448, -0.404464677394617, 0.2677799466211037, 0.06288059339800478, -0.9058044039147836, 0.09519649327277091, 0.5657584481436033, 0.862757879697462, -0.2659369826640422, -0.12377412749744965, -0.33112939501898686, 0.4573369715552347, 0.18554988120425997, -0.8399772289660542, 0.9436721710318716, -0.6563874233254203, 0.008816218115296204, -0.06871398420189812, 0.36615141410611285, -0.606221516237069, 0.26679560950296666, -0.3811464506488855, 0.06899819000477869, -0.04702553821902267, -0.3134227831153633, 0.08453953670753256, -0.1152612058981427, 0.602199485887094, 0.11236952221343177, 0.7003273984627016, 0.5430252229744787, -0.1434626558949874, -0.4480899293655727, -0.6794678946315834, 0.045634108254930084, -0.03661235455727596], [-0.14235792476981401, 7.0, 0.4425842624209819, -0.16932136650779572, -0.7718997262545205, 0.2339727063791599, 0.15229151843854138, 0.41763303034779575, 0.8364467200051484, 0.02406624621221387, -0.2061335860318969, -0.8356903450020481, -0.0896709859529683, -0.7702162913807049, -0.09481679913767915, -0.37631168018344885, 0.2830600981875877, 0.040047117699207435, 0.5613018725973395, -0.24393313225959656, 0.9550747816117051, 0.5117182857164857, 0.6326044968893281, 0.08835032803923548, -0.013749945462827484, -0.7796690957105942, 0.2157733119217624, -0.3335929441577472, -0.15182141823276096, 0.08568724636921443, 0.1263457664272618, -0.006348616600191703, 0.03769906768161757, 0.16857728246739745, -0.34880062125029343, 0.17864029349747113, 0.30124539053402977, 0.009417578704030927, -0.5949411912917323, 0.29056650539240336, -0.3473280446544814, -0.14524366638132902, -0.005825345658641012, -0.3882121122333463, -0.2189780469722339, 0.7611964128534159, 0.4395486984436041, 0.09443420975049355, -0.25149783351705335, -0.5900277437280119], [-0.14048961371337443, 0.4425842624209819, 7.0, 0.07202654224326221, 0.452360255131528, -0.001081050834393582, -0.17443076290230586, 0.559512775323749, -0.39419448653235556, 0.8185263405156133, -0.18244355763054243, -0.29284353858668855, -0.22910518098277266, 0.05921449070894136, -0.04229334175847743, -0.45274090204812345, 0.8745410221495771, -0.8509883495573123, -0.40085107168518375, -0.3927049449672264, -0.12985819468981086, -0.6306524104043044, 0.11361408443059862, -0.7708752022043631, -0.2544937042713036, -0.1577471713282752, -0.43135191808804196, 0.23476051303048173, -0.6121223344169201, 0.1564054681450815, -0.02921188545479525, -0.31992862746643314, 0.0786644001983996, -0.2859455914375154, -0.23191080099200412, 0.46243003132988214, 0.08214974303490408, -0.27392757299728443, -0.9204164203638228, 0.5014044318499433, 0.10569723012838583, 0.09231079297653744, 0.65659410766623, 0.4228916130758873, -0.33836491845975203, -0.15162493389220422, -0.126895043000268, 0.7164322857621679, -0.2970777404698445, 0.13496570002447017], [0.1392594512388523, -0.16932136650779572, 0.07202654224326221, 7.0, 0.3077042632487086, -0.34844852355256917, 0.7631075318027669, 0.2537392404128742, -0.39666334474360154, 0.03372414251307054, 0.010980750944040718, -0.4404294940810707, -0.439670604585475, -0.9563869309494123, -0.5576586693796396, -0.0017706871049359973, -0.11780938622713955, 0.8959730841936029, 0.15461931370345972, 0.4582144566712498, -0.5211730729514099, -0.7876898325444357, 0.00985143345801509, 0.4590771910984528, 0.42392032397271295, -0.35533551787144846, -0.6691327241322299, -0.06879401431189958, -0.1558956777681374, 0.4620389803851679, -0.0478782464812596, 0.16819156285819759, -0.19704019958357522, -0.5013671506937413, -0.2147181373416417, 0.7576932177908118, 0.46270873936938783, -0.028813077695342137, -0.07073652670166786, 0.3144062386215678, 0.25152998204803234, 0.11373989925396422, -0.2415117435502534, 0.13945865312670103, -0.7162492358764587, -0.3570995681628709, -0.6330864245754431, -0.29983925051588767, -0.28519669766065536, 0.4154399118149321], [0.5598308625037531, -0.7718997262545205, 0.452360255131528, 0.3077042632487086, 7.0, -0.6137181960591648, -0.283891400000556, 0.23561996502700655, -0.2615914884177095, 0.10665769211907561, -0.3845364541429722, -0.24036632348329434, 0.840661007171212, 0.34996287828188155, -0.5066260667943885, -0.19333374777898615, -0.6177045606722045, -0.8491279830266298, -0.5024336940768944, 0.41119276968203966, -0.21105117605022394, -0.24755170422843498, 0.5362204152934686, 0.5321765970786423, 0.08071012359768215, 0.23214138495008552, -0.7562903079970085, -0.5864702927664098, -0.44124098103750553, -0.8140069250829002, 0.07893819275870961, -0.16285351715366958, 0.22655326091465477, -0.02404662790413592, 0.0004861888892655486, 0.30441802935019924, -0.5913934135050788, 0.07704532772234307, 0.90690014436138, -0.3965101554705446, -0.3562353617714318, -0.268726384394388, -0.6566843085024986, 0.49415190497857964, 0.2539260103544789, -0.7386503302622587, -0.02163627361743803, -0.5864076088554421, -0.021879667879640685, 0.341340509189608], [0.05868541133727834, 0.2339727063791599, -0.001081050834393582, -0.34844852355256917, -0.6137181960591648, 7.0, 0.24672181340994692, -0.04103806831093548, -0.25656088702987434, 0.8264451324891648, 0.3942165620016853, -0.8381673700910479, -0.5676132327293767, 0.23714068976435754, 0.3885530240202346, 0.44977165528159935, 0.2180387612410537, -0.31434764489007094, -0.5029412771901169, 0.32677855038751913, -0.11330502524152175, 0.08760535050055562, 0.47464875834157416, 0.07833984141096928, -0.20374280577217918, -0.544760023201614, 0.20190263310742673, -0.6125639643498106, -0.4579132266538838, 0.4642988116473288, -0.09692276362374652, 0.4527609846883518, -0.24893234018866783, 0.5115432828305004, 0.25947440296345503, 0.6616197536221318, 0.18582849203361373, 0.28589535379791986, 0.039090309909280974, -0.5783343275103844, 0.13106159020157593, -0.25455849466849534, -0.6502756446416162, -0.619976902561297, -0.2706917532317765, 0.03465248799651821, 0.6516217357747522, 0.005474634439373238, -0.02599105387670342, 0.28660310685002455], [0.15997377958394177, 0.15229151843854138, -0.17443076290230586, 0.7631075318027669, -0.283891400000556, 0.24672181340994692, 7.0, 0.15470398518221717, -0.3138412291441368, 0.14830894963740415, 0.14012574475432382, 0.6237443673242056, 0.3136307557751383, -0.2695968867982286, -0.1625126076715292, -0.029146334428102327, -0.055360524665678534, 0.6589458636502303, -0.18126431558620504, 0.19621056733558762, 0.3364314060017093, 0.32764832538116995, 0.5373501736365975, 0.32715192188972475, 0.7600341359396414, -0.24208339996004036, -0.19233447012209925, -0.5781510835372289, -0.20972202723198397, -0.6487346442515945, 0.5501285600346837, 0.7625897874090799, -0.47850096876503334, -0.5448209915056816, 0.11071966707634617, 0.15761043784017748, -0.9599499028146037, 0.32845050011056953, 0.13078703475813658, -0.441907799185593, -0.3669745247063404, -0.11261444840703827, 0.17006205459670665, -0.09182426832693658, 0.6073030351285149, 0.4059614054972944, 0.07980695135146942, 0.027566380276367708, -0.15563843850886572, -0.8321916047615847], [0.4822159002239035, 0.41763303034779575, 0.559512775323749, 0.2537392404128742, 0.23561996502700655, -0.04103806831093548, 0.15470398518221717, 7.0, 0.17790611956885516, 0.3596636338058028, 0.3029697541940246, -0.35284251449874104, 0.1302389738948868, 0.07182074911437453, -0.25895405457298626, 0.25522108670953747, 0.4539058383995229, 0.13459524378084797, 0.7749848887130317, -0.4118114805810237, -0.46519081841303467, 0.20231625129174868, -0.6011340944811193, 0.07044223615303413, -0.5374811380841359, 0.4662524082173025, 0.2679895938183132, -0.3682018134852979, -0.6703388420254306, -0.5276285636545104, -0.8860752383344811, 0.470029350413369, -0.19348295493334777, 0.507007415186985, 0.40825019648540906, -0.49197755220946804, 0.04694074095503331, -0.17301689552648825, 0.16910589138753584, -0.14469171575880713, -0.03922156737355231, 0.30223052471994016, -0.38046208511963486, 0.29571007255289894, 0.21931998028325728, -0.26866162530830506, 0.2249747468820349, -0.7042853044443951, -0.3081187646135216, -0.9224740008960189], [0.4876648280647824, 0.8364467200051484, -0.39419448653235556, -0.39666334474360154, -0.2615914884177095, -0.25656088702987434, -0.3138412291441368, 0.17790611956885516, 7.0, -0.06783978473116659, 0.6055381666744446, -0.2587672789812181, -0.422457675509859, 0.7441416236863643, 0.12290574703110768, 0.1609361176249995, -0.705348557798936, 0.13436571501539252, 0.15243668791299614, 0.021197941132662823, -0.23691603725136756, 0.7946296811723053, 0.27906831776238694, 0.03304940278654955, 0.13094792544438594, -0.17004748442515827, -0.10077697747448722, -0.4945494383173348, -0.6651355713207082, 0.09149836460652527, 0.09022667451902366, -0.28685284249619625, 0.5368406054988049, -0.011606354590365298, 0.08589245327221784, -0.18203946129269732, -0.8436359253107473, -0.3228981489119995, 0.22060414699240694, 0.7347429717499139, 0.49883611475778666, -0.69211307533, -0.12089032741953132, -0.19555014308982022, -0.10444486511855955, -0.23093920049427186, 0.18079307971189218, 0.5875248806953244, 0.13857162974040826, -0.2705327121356993], [-0.07417024365313896, 0.02406624621221387, 0.8185263405156133, 0.03372414251307054, 0.10665769211907561, 0.8264451324891648, 0.14830894963740415, 0.3596636338058028, -0.06783978473116659, 7.0, 0.4619733329300817, -0.31125134698289547, -0.11022098016847437, 0.13232827503693634, -0.7175701111629524, 0.1011790790154441, 0.24885485459720247, 0.02539067775804771, -0.06294471577265282, -0.16139929935907282, -0.0759522840104262, -0.44749209766447207, 0.04681958858037394, 0.5206289674333824, 0.6384775009689405, -0.2539228682184026, -0.3099716514826394, 0.5929945657736391, -0.03339844952009563, -0.08592895484070251, 0.06405581642429126, 0.13745560923940525, 0.4020098580916065, 0.6778654049355408, -0.6858023114130408, 0.6502593444341243, 0.6932744306127414, 0.0480215522653058, 0.8909000116488563, -0.6342862428409274, -0.27067560806252444, -0.20572210397213153, 0.35464736483400516, -0.2971842434132188, -0.052357632725436476, -0.25198785553617375, -0.3880740557570328, 0.17864192581199578, -0.04236901971251039, 0.3556421249084194], [0.19523745637927847, -0.2061335860318969, -0.18244355763054243, 0.010980750944040718, -0.3845364541429722, 0.3942165620016853, 0.14012574475432382, 0.3029697541940246, 0.6055381666744446, 0.4619733329300817, 7.0, -0.880475096651195, -0.012187690543743246, 0.5424178918468501, -0.46752902077947733, -0.3601050944195109, 0.2402532433516007, -0.41901234614328975, 0.17392494637785738, 0.279606240845109, -0.0371578053611471, 0.11453033399222057, 0.3505638616653779, -0.11996293367531441, -0.7181180937893873, 0.4494770850817771, -0.03242989304393151, 0.2165390707953272, -0.5858293553174416, -0.6576795652379406, 0.11880881470374582, -0.4535196783943519, -0.40404052859640005, -0.5124753603794968, 0.2366749327407427, 0.31994573622670175, 0.537913834019992, -0.32686860528860273, -0.09616746063422665, -0.4266159334924582, 0.28611705266532184, 0.19259308316385226, -0.18747547406822207, 0.46895754411452906, 0.2355845376319854, -0.13663198990324865, 0.24417886260067, -0.33869438962217624, 0.05349011305795193, 0.23990765350569587], [-0.3622005409830953, -0.8356903450020481, -0.29284353858668855, -0.4404294940810707, -0.24036632348329434, -0.8381673700910479, 0.6237443673242056, -0.35284251449874104, -0.2587672789812181, -0.31125134698289547, -0.880475096651195, 7.0, -0.7431404878150956, 0.8209355491846835, 0.22010573601331251, 0.5203314426569883, 0.10462172874633158, 0.3384529497228481, -0.3824044308584048, -0.48451552256315433, 0.5643214440669566, -0.25752790907561973, -0.1335337801509926, -0.14458542718059997, -0.34866614113279826, -0.3114369398397627, 0.16960612860982294, 0.0348421493697848, -0.5010770844454129, 0.10688423402843927, 0.3599656310840209, 0.004998277362030068, -0.9370770224836075, 0.023207795100228967, -0.4753978319587894, -0.036282808335429406, -0.8143639236312734, 0.08630999920896487, -0.0825869609480987, -0.3686215655898213, -0.07944248531769438, -0.0123079365704718, -0.04571886307886042, 0.48534957121765876, 0.8759380021328123, -0.6480512102992193, -0.24749664370249091, -0.38325057072536906, 0.25067388589774, 0.6850224805459988], [-0.5486522096725658, -0.0896709859529683, -0.22910518098277266, -0.439670604585475, 0.840661007171212, -0.5676132327293767, 0.3136307557751383, 0.1302389738948868, -0.422457675509859, -0.11022098016847437, -0.012187690543743246, -0.7431404878150956, 7.0, 0.6835609827274487, -0.08884853972583051, -0.49072119268074477, -0.11381469649863529, -0.4948255673995673, -0.16755663779487473, -0.4830418642190869, 0.09175228547921366, 0.09558591352929646, -0.6704552308259061, -0.48779519031671037, -0.15108729919702224, -0.11831137187295959, -0.7867474642659955, -0.6654088096756242, 0.21146768789369075, 0.1942446121144621, -0.6034498030552734, 0.6557865330532349, -0.3437836762318214, 0.04157729237564456, 0.041154548334954466, 0.5472316134005686, -0.34450632927596114, -0.24425516799203784, 0.08955475261206858, 0.14928370669592894, -0.14672948193484947, 0.6013387474448164, -0.8593903735499466, 0.7724244550790651, 0.16375128006623996, -0.3498277489369652, -0.07687645801337883, 0.17870590377578344, 0.3500933676554059, -0.05161370734053017], [-0.5812992353827674, -0.7702162913807049, 0.05921449070894136, -0.9563869309494123, 0.34996287828188155, 0.23714068976435754, -0.2695968867982286, 0.07182074911437453, 0.7441416236863643, 0.13232827503693634, 0.5424178918468501, 0.8209355491846835, 0.6835609827274487, 7.0, 0.5645687839556306, 0.4907892528178124, 0.5556598237545678, -0.3319087796362591, -0.13214261158301155, 0.1337698161071299, 0.7065416301304399, -0.40105011735820373, 0.6753157479926917, -0.18440779284153408, -0.7930797066026136, -0.23517427536946944, -0.02773097924921253, -0.6651174386170973, -0.6287517343039037, 0.4032030939791804, -0.36124988388091583, -0.07106669836046797, 0.13027101710075462, -0.5915895354946277, -0.23659116614505238, -0.6615821359199899, 0.8880503305227023, 0.5416618308498058, 0.07311938400685447, -0.0699505342892861, 0.17861883298763326, -0.015932561802357137, -0.6367736570629259, 0.4616475933445652, -0.1916261954320766, -0.3948617699070217, -0.347580815885178, -0.2850178141145766, -0.25605236976475465, 0.38343650583947175], [-0.692560194571448, -0.09481679913767915, -0.04229334175847743, -0.5576586693796396, -0.5066260667943885, 0.3885530240202346, -0.1625126076715292, -0.25895405457298626, 0.12290574703110768, -0.7175701111629524, -0.46752902077947733, 0.22010573601331251, -0.08884853972583051, 0.5645687839556306, 7.0, -0.19383442223114133, 0.05594438025628223, 0.9328804831439119, -0.20304223234274354, 0.21531268205959875, 0.5921421737646335, 0.4236805444770413, -0.05456511940997777, 0.33041652401312716, -0.4593694863590644, 0.5371276836587222, 0.16231975119938102, 0.0072039732820590174, -0.09581464347500546, -0.37327036473367914, -0.29648832180267903, -0.38811150218769397, -0.9286719780100848, 0.2793055049282982, 0.49489460136717645, 0.5236224100177971, 0.5057041305098497, -0.4684824754660797, 0.23093354799392296, -0.738944823641678, -0.20929848727411982, -0.2548879398935956, -0.373163671843039, -0.04422607529675904, -0.3438139678406843, -0.4808291258025629, -0.19779049023765638, 0.4169975792227891, -0.2182964070563651, -0.32817958989068485], [-0.404464677394617, -0.37631168018344885, -0.45274090204812345, -0.0017706871049359973, -0.19333374777898615, 0.44977165528159935, -0.029146334428102327, 0.25522108670953747, 0.1609361176249995, 0.1011790790154441, -0.3601050944195109, 0.5203314426569883, -0.49072119268074477, 0.4907892528178124, -0.19383442223114133, 7.0, -0.09629941675427056, -0.05751259062623193, 0.36099163897268927, 0.5999007472781424, -0.1008485055457321, -0.05646411403991192, 0.059164061925580436, -0.7500426877470455, 0.07320872142313517, -0.22941071835145332, 0.3310928657205823, 0.3525360615843529, -0.21177862133902803, -0.15381454850593534, 0.37726914884079155, 0.15415830119086227, -0.1935074440996566, -0.209380031067825, -0.39187836287520605, -0.13187506020021988, -0.2625325503752409, -0.0777888813643941, 0.26801517097679795, -0.021137947011484748, -0.027530951798335757, -0.09070202467436261, -0.30151723286147525, -0.35567857592131713, -0.34376428494693323, -0.4442106854936796, 0.18617347474671986, -0.7313347761636163, 0.4969441638664134, -0.59425792855608], [0.2677799466211037, 0.2830600981875877, 0.8745410221495771, -0.11780938622713955, -0.6177045606722045, 0.2180387612410537, -0.055360524665678534, 0.4539058383995229, -0.705348557798936, 0.24885485459720247, 0.2402532433516007, 0.10462172874633158, -0.11381469649863529, 0.5556598237545678, 0.05594438025628223, -0.09629941675427056, 7.0, -0.47671775668004335, -0.1297711776909367, -0.039245596817048534, -0.22631473100476474, 0.21040019845190638, -0.5745695620979452, -0.058114325423143876, 0.6466925450064527, 0.09680514951774555, -0.1617000279731864, -0.10462663386720106, 0.43100644853261905, 0.6020828873776081, 0.38280356941425353, -0.04548133025141654, -0.4331487883981813, 0.5667303802698402, -0.6102050450950142, -0.668943024884311, 0.6092659415487343, -0.2676859440805196, -0.5201616076776189, 0.24322022125571485, 0.8496895364502213, 0.20499311532146125, -0.027605835441419257, -0.21682134964090527, -0.7459162960896082, -0.6609263921005971, 0.5491481475235092, 0.40804731639734815, -0.38115937494669383, -0.3378973200310159], [0.06288059339800478, 0.040047117699207435, -0.8509883495573123, 0.8959730841936029, -0.8491279830266298, -0.31434764489007094, 0.6589458636502303, 0.13459524378084797, 0.13436571501539252, 0.02539067775804771, -0.41901234614328975, 0.3384529497228481, -0.4948255673995673, -0.3319087796362591, 0.9328804831439119, -0.05751259062623193, -0.47671775668004335, 7.0, -0.6894882660359719, -0.27264617604958086, 0.7924713953723601, -0.7014144394210988, 0.3361968446508916, -0.8767382486017097, -0.549634771431218, 0.7414916291795457, 0.1695520343885244, 0.395459189777843, 0.24224463614995662, 0.16686391519560528, 0.43252128672431733, 0.4168239596968064, 0.44113007757200196, -0.5145507621331676, -0.27027795873782134, 0.019979888965155457, -0.2553883872010886, -0.7922679975916754, -0.8188542248066648, 0.1126409044668637, -0.4346257990010054, 0.7404706628131754, 0.03262148852865465, 0.02171703461213692, -0.06802223304943555, 0.02181526085119656, -0.2950402226783485, -0.6511665695968016, -0.11066621894264661, -0.45602427926702627], [-0.9058044039147836, 0.5613018725973395, -0.40085107168518375, 0.15461931370345972, -0.5024336940768944, -0.5029412771901169, -0.18126431558620504, 0.7749848887130317, 0.15243668791299614, -0.06294471577265282, 0.17392494637785738, -0.3824044308584048, -0.16755663779487473, -0.13214261158301155, -0.20304223234274354, 0.36099163897268927, -0.1297711776909367, -0.6894882660359719, 7.0, -0.20417951933844125, 0.21534692663639632, -0.7406146396178729, 0.3841174278813677, -0.35632719198226315, -0.5291649926742684, 0.34829334241825394, 0.7138216154120165, -0.9185035089018502, -0.5503907534823688, -0.2842255077741852, 0.23524207610929637, -0.4467547307336791, -0.6356094972158332, -0.0882397456736177, -0.6934073506778885, -0.2505626407834072, 0.00045986734405478735, 0.10010819683974437, -0.7666974253127966, 0.3936318615818881, 0.0735249259152786, -0.35484911571422706, -0.1158191972785364, 0.12634760389227973, 0.12723618813840654, -0.1480744479270949, 0.6482707431451193, -0.30474052714720656, 0.06877397689078446, -0.40888530150025126], [0.09519649327277091, -0.24393313225959656, -0.3927049449672264, 0.4582144566712498, 0.41119276968203966, 0.32677855038751913, 0.19621056733558762, -0.4118114805810237, 0.021197941132662823, -0.16139929935907282, 0.279606240845109, -0.48451552256315433, -0.4830418642190869, 0.1337698161071299, 0.21531268205959875, 0.5999007472781424, -0.039245596817048534, -0.27264617604958086, -0.20417951933844125, 7.0, 0.40614989165676496, 0.5215293209875504, 0.1450260179259717, 0.04669426512237096, -0.9285895530500741, 0.28105621935510516, -0.23935468221209666, 0.00838917794142402, 0.27964473337528695, -0.21985371434692735, 0.38945549494763476, 0.08997269271904407, -0.029397695688495484, 0.1600845951613481, 0.5421092784377444, 0.5570624016984111, -0.4955035645346243, -0.8789398566085498, 0.3791535169768243, 0.27154106575567694, -0.38371268244578327, -0.5365775306906825, 0.24311527938265565, -0.3668100139962226, -0.478642067728836, -0.2609625955245125, -0.8287474643884865, -0.09127790077937625, 0.1993038458150176, -0.21292148454509285], [0.5657584481436033, 0.9550747816117051, -0.12985819468981086, -0.5211730729514099, -0.21105117605022394, -0.11330502524152175, 0.3364314060017093, -0.46519081841303467, -0.23691603725136756, -0.0759522840104262, -0.0371578053611471, 0.5643214440669566, 0.09175228547921366, 0.7065416301304399, 0.5921421737646335, -0.1008485055457321, -0.22631473100476474, 0.7924713953723601, 0.21534692663639632, 0.40614989165676496, 7.0, -0.8189038128791681, -0.16065152393641413, -0.053612272588308474, 0.6645944335013931, -0.03434278221085707, -0.4275842099108085, -0.4833531957342452, 0.3107651567548908, 0.5274960913617142, 0.20046197941398658, -0.2866264603571623, -0.4924823774661795, -0.16786185209491178, -0.37295433496437447, 0.06721514516605076, 0.6436125537574533, -0.16081356142908065, -0.9405021752038426, 0.07870534630247095, -0.2179620810383538, -0.4679886274802152, -0.7188651464047358, -0.34296036671609, -0.05029408005249625, 0.5188931814967752, 0.22731597371821355, -0.5403230207807356, 0.17765929003970382, 0.2467477837812], [0.862757879697462, 0.5117182857164857, -0.6306524104043044, -0.7876898325444357, -0.24755170422843498, 0.08760535050055562, 0.32764832538116995, 0.20231625129174868, 0.7946296811723053, -0.44749209766447207, 0.11453033399222057, -0.25752790907561973, 0.09558591352929646, -0.40105011735820373, 0.4236805444770413, -0.05646411403991192, 0.21040019845190638, -0.7014144394210988, -0.7406146396178729, 0.5215293209875504, -0.8189038128791681, 7.0, -0.31046979921968854, 0.6694178890093716, -0.38684816900857644, -0.7198930763763463, -0.07536833796674858, -0.008896798263622108, -0.1833852455938163, -0.3961097657186684, -0.05495485291840896, -0.7263990104556292, 0.6213399382062448, -0.9616631244557423, -0.07720796412808817, 0.09465989392163898, 0.5486603869654476, 0.023002340519090225, 0.2425144561628163, -0.033749472189428475, -0.40151184730791156, 0.06310388569853576, 0.09692333941134557, 0.1156006594605068, 0.651511009488615, 0.49066573656523316, -0.14489303259470565, 0.7063477767008837, -0.27383195608308664, -0.5995902884868154], [-0.2659369826640422, 0.6326044968893281, 0.11361408443059862, 0.00985143345801509, 0.5362204152934686, 0.47464875834157416, 0.5373501736365975, -0.6011340944811193, 0.27906831776238694, 0.04681958858037394, 0.3505638616653779, -0.1335337801509926, -0.6704552308259061, 0.6753157479926917, -0.05456511940997777, 0.059164061925580436, -0.5745695620979452, 0.3361968446508916, 0.3841174278813677, 0.1450260179259717, -0.16065152393641413, -0.31046979921968854, 7.0, 0.4068257723530255, -0.5576827339593391, -0.27472408039795704, 0.3780839451284539, 0.15872419679295957, -0.08049035538216176, -0.31483035566768525, -0.8050703376920315, -0.20563357864333398, -0.2577614741402784, 0.4068831141173608, 0.2689086452156946, 0.5353816373632247, -0.002637277636750146, -0.29657589366318526, -0.018804028312996546, 0.05983671599921703, 0.49227289365813265, 0.192428479519537, -0.3677135141422968, -0.0498705564275953, -0.2648829617487878, 0.13319700626554543, 0.12033954611528452, -0.09860161462399097, -0.5129571776319366, 0.6623231026329068], [-0.12377412749744965, 0.08835032803923548, -0.7708752022043631, 0.4590771910984528, 0.5321765970786423, 0.07833984141096928, 0.32715192188972475, 0.07044223615303413, 0.03304940278654955, 0.5206289674333824, -0.11996293367531441, -0.14458542718059997, -0.48779519031671037, -0.18440779284153408, 0.33041652401312716, -0.7500426877470455, -0.058114325423143876, -0.8767382486017097, -0.35632719198226315, 0.04669426512237096, -0.053612272588308474, 0.6694178890093716, 0.4068257723530255, 7.0, -0.5277168096501764, 0.4909069312798473, 0.05594455709176893, 0.5166173396030946, -0.43182588685396084, -0.1515912859995331, -0.08369979471223898, -0.4843682329906308, -0.8157519748618381, -0.488511767191133, -0.6591044200134164, -0.5513474924110445, 0.4992020685184744, -0.5338395841975909, -0.3599412268194361, 0.12488587828417619, 0.5587503513441314, 0.38442600601643884, 0.1493809853120378, 0.3512255296703435, 0.19015280513633392, 0.17016776899461306, -0.1256144284219255, -0.4626652843873973, -0.12563492085862915, -0.044032850291992665], [-0.33112939501898686, -0.013749945462827484, -0.2544937042713036, 0.42392032397271295, 0.08071012359768215, -0.20374280577217918, 0.7600341359396414, -0.5374811380841359, 0.13094792544438594, 0.6384775009689405, -0.7181180937893873, -0.34866614113279826, -0.15108729919702224, -0.7930797066026136, -0.4593694863590644, 0.07320872142313517, 0.6466925450064527, -0.549634771431218, -0.5291649926742684, -0.9285895530500741, 0.6645944335013931, -0.38684816900857644, -0.5576827339593391, -0.5277168096501764, 7.0, -0.4922293417568444, -0.4020401329233386, 0.023040007810445573, 0.10217635877183473, 0.02495439176358838, 0.06827547556921232, -0.4701275507793875, 0.13718828575594988, -0.7556910604693732, 0.0249006988263476, -0.2789284088182288, -0.6117242948775917, -0.7073094378704814, 0.7655368876635653, 0.09506896130032261, 0.2531633548641512, -0.06082727509953256, 0.5611031448974098, -0.10529917451816673, -0.2964663886290937, -0.060108610199915424, -0.4934957682223524, -0.1205635829525884, 0.458391747032449, 0.010028530664119906], [0.4573369715552347, -0.7796690957105942, -0.1577471713282752, -0.35533551787144846, 0.23214138495008552, -0.544760023201614, -0.24208339996004036, 0.4662524082173025, -0.17004748442515827, -0.2539228682184026, 0.4494770850817771, -0.3114369398397627, -0.11831137187295959, -0.23517427536946944, 0.5371276836587222, -0.22941071835145332, 0.09680514951774555, 0.7414916291795457, 0.34829334241825394, 0.28105621935510516, -0.03434278221085707, -0.7198930763763463, -0.27472408039795704, 0.4909069312798473, -0.4922293417568444, 7.0, 0.8779200403977394, 0.5640548896394673, 0.1920019326515119, -0.23547134052796137, -0.7121393713889277, -0.06429340184115073, 0.5106810934111352, -0.46082453453464367, -0.8353898942834522, 0.6181487713599518, -0.29031405717282355, -0.39880694197491773, 0.21056900702589232, -0.7324886887442528, -0.036660403108877304, 0.5872539135943842, -0.46753628168996697, 0.10795882822563874, 0.6903895056789686, -0.940338953857956, 0.032950798174158136, 0.1936748414623395, 0.27419380599937604, 0.22786556897468868], [0.18554988120425997, 0.2157733119217624, -0.43135191808804196, -0.6691327241322299, -0.7562903079970085, 0.20190263310742673, -0.19233447012209925, 0.2679895938183132, -0.10077697747448722, -0.3099716514826394, -0.03242989304393151, 0.16960612860982294, -0.7867474642659955, -0.02773097924921253, 0.16231975119938102, 0.3310928657205823, -0.1617000279731864, 0.1695520343885244, 0.7138216154120165, -0.23935468221209666, -0.4275842099108085, -0.07536833796674858, 0.3780839451284539, 0.05594455709176893, -0.4020401329233386, 0.8779200403977394, 7.0, -0.1636149355869706, 0.1857430369058113, 0.0006523747354378884, -0.050272945449071016, -0.252081121178084, 0.27426823036910086, -0.10592228761726497, -0.4100657944827468, 0.6175679492145862, -0.15208478897529643, -0.073465146310973, 0.053770141399814175, -0.33520692810039465, -0.25417274058742145, 0.3370522183260223, 0.5750884971736361, -0.031263507613625285, -0.03526774702714641, -0.5610120261080296, 0.656632106088268, -0.08700748366095523, -0.3638803652795972, 0.30066192972458006], [-0.8399772289660542, -0.3335929441577472, 0.23476051303048173, -0.06879401431189958, -0.5864702927664098, -0.6125639643498106, -0.5781510835372289, -0.3682018134852979, -0.4945494383173348, 0.5929945657736391, 0.2165390707953272, 0.0348421493697848, -0.6654088096756242, -0.6651174386170973, 0.0072039732820590174, 0.3525360615843529, -0.10462663386720106, 0.395459189777843, -0.9185035089018502, 0.00838917794142402, -0.4833531957342452, -0.008896798263622108, 0.15872419679295957, 0.5166173396030946, 0.023040007810445573, 0.5640548896394673, -0.1636149355869706, 7.0, -0.10681387032872447, 0.06366626393137187, -0.615777447246136, -0.41109995291707224, -0.00284062629982762, 0.0802041182462423, -0.00968996519955001, 0.15235572342773418, 0.5978427351729776, 0.7875258241320058, -0.032217558886282416, 0.06780176099786761, -0.5236918599171676, -0.8275974727201797, 0.1399522201714447, -0.6208498217146102, -0.07468672316295, 0.22966379386557723, -0.5656553665365913, 0.14337453273595724, -0.46305333733494203, 0.36636794203580614], [0.9436721710318716, -0.15182141823276096, -0.6121223344169201, -0.1558956777681374, -0.44124098103750553, -0.4579132266538838, -0.20972202723198397, -0.6703388420254306, -0.6651355713207082, -0.03339844952009563, -0.5858293553174416, -0.5010770844454129, 0.21146768789369075, -0.6287517343039037, -0.09581464347500546, -0.21177862133902803, 0.43100644853261905, 0.24224463614995662, -0.5503907534823688, 0.27964473337528695, 0.3107651567548908, -0.1833852455938163, -0.08049035538216176, -0.43182588685396084, 0.10217635877183473, 0.1920019326515119, 0.1857430369058113, -0.10681387032872447, 7.0, -0.4327954459470571, -0.47539761142831516, -0.023096607058983087, 0.056624279605693495, -0.5813022372948926, 0.6156993793278933, -0.29960722373257, 0.11587612953005944, 0.16317581601085474, 0.31323712056943154, -0.13074485971550698, -0.3557751907179859, -0.5320667716895382, 0.32592911552676895, 0.16833648142588897, -0.5644836318678447, -0.9076226902999575, -0.7634888484550315, 0.2383930243450425, 0.2701897008227676, -0.671813268644151], [-0.6563874233254203, 0.08568724636921443, 0.1564054681450815, 0.4620389803851679, -0.8140069250829002, 0.4642988116473288, -0.6487346442515945, -0.5276285636545104, 0.09149836460652527, -0.08592895484070251, -0.6576795652379406, 0.10688423402843927, 0.1942446121144621, 0.4032030939791804, -0.37327036473367914, -0.15381454850593534, 0.6020828873776081, 0.16686391519560528, -0.2842255077741852, -0.21985371434692735, 0.5274960913617142, -0.3961097657186684, -0.31483035566768525, -0.1515912859995331, 0.02495439176358838, -0.23547134052796137, 0.0006523747354378884, 0.06366626393137187, -0.4327954459470571, 7.0, -0.3469879818527797, 0.6860854449433482, -0.39851003559691245, -0.5719214257429435, -0.04482285024188348, 0.01731175032952148, -0.21383773471904044, 0.15334754389453797, 0.3633312466708385, -0.5762195766569921, -0.45208839630014774, 0.30865453455639025, 0.42008091074073817, -0.1630470357589744, -0.5125674540354979, 0.19819048552522145, 0.22369954427819883, -0.47710336110084783, -0.045949132909248624, -0.03484920974128247], [0.008816218115296204, 0.1263457664272618, -0.02921188545479525, -0.0478782464812596, 0.07893819275870961, -0.09692276362374652, 0.5501285600346837, -0.8860752383344811, 0.09022667451902366, 0.06405581642429126, 0.11880881470374582, 0.3599656310840209, -0.6034498030552734, -0.36124988388091583, -0.29648832180267903, 0.37726914884079155, 0.38280356941425353, 0.43252128672431733, 0.23524207610929637, 0.38945549494763476, 0.20046197941398658, -0.05495485291840896, -0.8050703376920315, -0.08369979471223898, 0.06827547556921232, -0.7121393713889277, -0.050272945449071016, -0.615777447246136, -0.47539761142831516, -0.3469879818527797, 7.0, 0.251625182684206, -0.35625388996255825, -0.12658518614002612, 0.15779175453589245, -0.183125386188577, -0.18471452531128507, 0.8114246580264619, -0.580599524723292, 0.4353145417924522, 0.06335045719049859, -0.02911264042896844, -0.07488064120289506, 0.18212547644595833, -0.335513889805913, 0.18887689880530356, 0.7906186349374111, 0.2863881974693814, -0.12488041434353125, 0.8129542043154572], [-0.06871398420189812, -0.006348616600191703, -0.31992862746643314, 0.16819156285819759, -0.16285351715366958, 0.4527609846883518, 0.7625897874090799, 0.470029350413369, -0.28685284249619625, 0.13745560923940525, -0.4535196783943519, 0.004998277362030068, 0.6557865330532349, -0.07106669836046797, -0.38811150218769397, 0.15415830119086227, -0.04548133025141654, 0.4168239596968064, -0.4467547307336791, 0.08997269271904407, -0.2866264603571623, -0.7263990104556292, -0.20563357864333398, -0.4843682329906308, -0.4701275507793875, -0.06429340184115073, -0.252081121178084, -0.41109995291707224, -0.023096607058983087, 0.6860854449433482, 0.251625182684206, 7.0, -0.01097769112754754, 0.33687189550812535, 0.19717647822300188, 0.26709799886760166, -0.38805366361557925, 0.04711591282110561, 0.7782422301519074, -0.616162441046936, -0.46146816512801525, -0.11505991905418744, 0.011150719170077483, 0.46836105044927967, 0.32597511463099815, 0.1489956511352939, 0.23439279884743236, -0.007000561702076524, -0.39318758354957506, 0.401271707067693], [0.36615141410611285, 0.03769906768161757, 0.0786644001983996, -0.19704019958357522, 0.22655326091465477, -0.24893234018866783, -0.47850096876503334, -0.19348295493334777, 0.5368406054988049, 0.4020098580916065, -0.40404052859640005, -0.9370770224836075, -0.3437836762318214, 0.13027101710075462, -0.9286719780100848, -0.1935074440996566, -0.4331487883981813, 0.44113007757200196, -0.6356094972158332, -0.029397695688495484, -0.4924823774661795, 0.6213399382062448, -0.2577614741402784, -0.8157519748618381, 0.13718828575594988, 0.5106810934111352, 0.27426823036910086, -0.00284062629982762, 0.056624279605693495, -0.39851003559691245, -0.35625388996255825, -0.01097769112754754, 7.0, -0.3184861206432782, 0.1023778943501168, -0.14961064279062375, -0.47499800394593306, -0.8031441920795149, -0.4094469803925306, -0.3773228994153295, -0.7966385067619219, 0.45761677249034816, 0.12074373788118087, 0.42720455731161344, 0.09807692857763017, 0.35757918651671816, -0.6182600571330705, 0.09958888960884726, 0.3161239011725807, -0.3982265178929396], [-0.606221516237069, 0.16857728246739745, -0.2859455914375154, -0.5013671506937413, -0.02404662790413592, 0.5115432828305004, -0.5448209915056816, 0.507007415186985, -0.011606354590365298, 0.6778654049355408, -0.5124753603794968, 0.023207795100228967, 0.04157729237564456, -0.5915895354946277, 0.2793055049282982, -0.209380031067825, 0.5667303802698402, -0.5145507621331676, -0.0882397456736177, 0.1600845951613481, -0.16786185209491178, -0.9616631244557423, 0.4068831141173608, -0.488511767191133, -0.7556910604693732, -0.46082453453464367, -0.10592228761726497, 0.0802041182462423, -0.5813022372948926, -0.5719214257429435, -0.12658518614002612, 0.33687189550812535, -0.3184861206432782, 7.0, -0.06912458903142848, 0.1662526786619234, -0.5969622284047555, -0.7171983357312238, -0.11364738216565917, 0.39256174856340786, -0.3693185301998594, -0.21541366614875268, 0.8199911392153088, -0.8113002430178848, -0.32322695775035737, 0.2716045361410253, 0.37901425283504375, -0.18044107827346312, -0.5839560888243375, 0.331466517600598], [0.26679560950296666, -0.34880062125029343, -0.23191080099200412, -0.2147181373416417, 0.0004861888892655486, 0.25947440296345503, 0.11071966707634617, 0.40825019648540906, 0.08589245327221784, -0.6858023114130408, 0.2366749327407427, -0.4753978319587894, 0.041154548334954466, -0.23659116614505238, 0.49489460136717645, -0.39187836287520605, -0.6102050450950142, -0.27027795873782134, -0.6934073506778885, 0.5421092784377444, -0.37295433496437447, -0.07720796412808817, 0.2689086452156946, -0.6591044200134164, 0.0249006988263476, -0.8353898942834522, -0.4100657944827468, -0.00968996519955001, 0.6156993793278933, -0.04482285024188348, 0.15779175453589245, 0.19717647822300188, 0.1023778943501168, -0.06912458903142848, 7.0, -0.03531543444999852, -0.1913612892451807, -0.28371969594925117, 0.15895119434787253, -0.26732924462728536, -0.44562592099833775, -0.13607084941071768, 0.1169165236230767, -0.14987432929562328, 0.21393913544604892, -0.04126809496737838, 0.472954055781706, -0.6171175260603715, 0.011047278138618388, 0.05441119688852569], [-0.3811464506488855, 0.17864029349747113, 0.46243003132988214, 0.7576932177908118, 0.30441802935019924, 0.6616197536221318, 0.15761043784017748, -0.49197755220946804, -0.18203946129269732, 0.6502593444341243, 0.31994573622670175, -0.036282808335429406, 0.5472316134005686, -0.6615821359199899, 0.5236224100177971, -0.13187506020021988, -0.668943024884311, 0.019979888965155457, -0.2505626407834072, 0.5570624016984111, 0.06721514516605076, 0.09465989392163898, 0.5353816373632247, -0.5513474924110445, -0.2789284088182288, 0.6181487713599518, 0.6175679492145862, 0.15235572342773418, -0.29960722373257, 0.01731175032952148, -0.183125386188577, 0.26709799886760166, -0.14961064279062375, 0.1662526786619234, -0.03531543444999852, 7.0, 0.07332559673382155, 0.08239548418743792, -0.35582358167509587, -0.9131597884682954, 0.8175815726709652, -0.10082035997930672, 0.43825668512193117, -0.29409431814524456, -0.8095449775357736, -0.41959279358002155, 0.4437794787769378, -0.06860395546276521, 0.4417843628407232, -0.34188008750351195], [0.06899819000477869, 0.30124539053402977, 0.08214974303490408, 0.46270873936938783, -0.5913934135050788, 0.18582849203361373, -0.9599499028146037, 0.04694074095503331, -0.8436359253107473, 0.6932744306127414, 0.537913834019992, -0.8143639236312734, -0.34450632927596114, 0.8880503305227023, 0.5057041305098497, -0.2625325503752409, 0.6092659415487343, -0.2553883872010886, 0.00045986734405478735, -0.4955035645346243, 0.6436125537574533, 0.5486603869654476, -0.002637277636750146, 0.4992020685184744, -0.6117242948775917, -0.29031405717282355, -0.15208478897529643, 0.5978427351729776, 0.11587612953005944, -0.21383773471904044, -0.18471452531128507, -0.38805366361557925, -0.47499800394593306, -0.5969622284047555, -0.1913612892451807, 0.07332559673382155, 7.0, -0.0013383615379498615, 0.038930176567493646, 0.3979687870863735, 0.031349070121063694, -0.5266729215526721, 0.36857860195613146, 0.4792821280964872, 0.5413902782450335, 0.5101819471731908, -0.0380581731862254, 0.24466681548391733, 0.06859522882089664, -0.7807118673924874], [-0.04702553821902267, 0.009417578704030927, -0.27392757299728443, -0.028813077695342137, 0.07704532772234307, 0.28589535379791986, 0.32845050011056953, -0.17301689552648825, -0.3228981489119995, 0.0480215522653058, -0.32686860528860273, 0.08630999920896487, -0.24425516799203784, 0.5416618308498058, -0.4684824754660797, -0.0777888813643941, -0.2676859440805196, -0.7922679975916754, 0.10010819683974437, -0.8789398566085498, -0.16081356142908065, 0.023002340519090225, -0.29657589366318526, -0.5338395841975909,