{"N": 50, "M": 3, "c_0": [0.37938294782651627, -0.3134345107921357, 0.32412252963756827, -0.7246922409162608, 0.09512702381423477, 0.3672842868388164, 0.43178084509248804, 0.6035710913046985, 0.5718766108802036, -0.48141194315127245, 0.5899436629704178, -0.022907760367858243, 0.7462135638876259, 0.9429228615001808, -0.5470439666088547, 0.639164766527994, -0.41511217164292136, 0.6361851873456119, -0.555923975625163, 0.028880162957967137, -0.9984486039114473, -0.06318484698443338, -0.4626717363068975, -0.7536192357601139, 0.20022562178291192, -0.13232570714003744, 0.28600940078804893, -0.23244885334354115, 0.28389365351012463, -0.4102004213820336, 0.4223911297187328, 0.22106327197476183, 0.1720775177781686, 0.9768962933355112, 0.9995641956466821, 0.4874090017154604, 0.552635425426008, -0.8086038825388349, 0.6213102639387853, -0.46621992022126824, -0.6558319186070862, 0.41774099961148736, -0.023938603960151683, 0.2633786083570848, 0.28200203896478704, -0.6606706324004556, -0.5989359944277526, -0.1763800791007324, 0.20186178168972146, -0.6895141939852873], "matrix_coe": [[[7.0, 0.38557675748517317, 0.8982752741324698, 0.5760106216720267, 0.20929623672237674, -0.010275378366843557, -0.32318825237082016, 0.5617268987897166, -0.13649126302619707, -0.1682578538908741, -0.5194134507094803, 0.40676882012063764, 0.24439381326994347, -0.04092566917623708, 0.29634572306194684, -0.2926096126733617, -0.47753637348888456, -0.22892885149899667, 0.3316478030284269, -0.05384557497935971, -0.10981480634261409, -0.2539730996321199, -0.08788772569105108, -0.09799738694341387, -0.24016399369181407, -0.5776555779220081, 0.2827258686825833, 0.478606514977844, -0.7027590807237661, -0.4285360754289864, -0.17041833860178324, 0.5240560636127678, 0.1552774502545351, -0.452110541365881, -0.5014662521628794, 0.6846871440758191, 0.6315020378268261, 0.009726631714993772, -0.34238237946833106, -0.5988922073762991, -0.5056299561808275, 0.6516280568447659, -0.0700192988331576, -0.24886817300488906, -0.49772316085756185, 0.19108501829043467, -0.4095553107165891, -0.5537222190811002, 0.7830426524428129, -0.28379355218425084], [0.38557675748517317, 7.0, 0.3824023449581748, 0.0206770425483338, 0.21091327175386465, -0.8623494157787089, 0.8434975831749931, 0.17197544196297865, 0.6319719363449197, 0.9268552769694818, -0.2801689480176899, -0.5389587983060249, 0.17919991549827063, 0.6849083792922261, -0.30947884504533074, 0.021750857745865604, 0.5023966952758023, -0.3314902969199307, -0.2997980185152175, -0.14441000478711508, -0.49491541512036885, -0.11563249547193277, -0.1891129596086254, 0.5288893990178005, -0.014787464262858041, 0.5516377395664291, -0.4700343884649769, -0.08178657534391143, 0.25612223400885403, 0.4028364373138369, -0.5841267727623352, -0.4993472820246735, -0.005631858085583197, -0.5446786877360478, -0.015365080151470978, 0.2309502742072116, -0.31160868916584405, -0.18527329347845622, -0.30961276896182166, 0.21822170393822438, 0.6954120566799653, -0.4418863959418222, -0.4916985838354879, -0.33344908376768545, 0.4989539240530756, -0.0655623758879017, 0.15162058092375363, 0.19831168594198778, 0.094770918466899, 0.1221976250450374], [0.8982752741324698, 0.3824023449581748, 7.0, -0.2397644216428203, -0.30458024568907305, -0.5078170522097342, 0.38188718345368056, -0.017338939325986957, -0.09773946321261195, -0.34771218806264736, 0.8504260869349163, 0.35223200705817903, -0.157504533220157, -0.7227316073609511, -0.0034592525998182744, 0.0007986054357549399, -0.13435211087262444, -0.31559706826083234, 0.5818551037920849, 0.19065588449768334, -0.3986113103205602, -0.2226690900190983, 0.3355961260614777, 0.13762123386637426, 0.41499614638921667, -0.23352023881686712, 0.06915888882734667, -0.15514598058469253, 0.32391772954133735, 0.3984292344497957, 0.6057333183401623, -0.033724721737122376, -0.27477791337928414, 0.10185473144802404, 0.38362774044681247, 0.722839913408337, -0.050804607141063274, -0.4637724289645505, 0.08840984244467509, -0.6812698958786456, 0.14155563336685972, -0.12385776584211794, -0.5304934089444124, -0.23086463451979589, 0.38613168357021665, 0.13213339810122338, 0.3338024224861851, 0.02779290838657511, -0.27596824896265515, 0.10903825546532508], [0.5760106216720267, 0.0206770425483338, -0.2397644216428203, 7.0, 0.24010747745460548, 0.8945984910136775, 0.35091166790034567, 0.2510786211706175, -0.4419890757927426, 0.58828421284765, -0.572719892120949, 0.1827513874303699, -0.5333689301723934, 0.07000815482308731, -0.04869363992658271, 0.2996259766659519, 0.4987970031687159, 0.2711814813293474, -0.34346301033195137, -0.21886176759736398, 0.19346627637874492, -0.7210385244120427, -0.013580908509826628, 0.22070706486099523, -0.755532773283666, -0.4071452806626351, 0.629384687448233, 0.641619314718461, -0.3937890889896354, -0.1747650909782198, -0.39512572971264104, 0.8402650818341963, -0.30910787086830027, -0.24899746926501465, -0.29651956832848314, 0.42552356257124746, -0.4789748784774598, 0.7293287182461308, -0.18784310420596861, -0.38426134104840803, -0.7563827072562271, -0.1813144669115494, -0.4966775079873025, -0.3795451038727846, 0.7278606751995342, 0.2474486613348441, 0.329899383115817, -0.2600384944393832, 0.16928284474651978, -0.662123261867628], [0.20929623672237674, 0.21091327175386465, -0.30458024568907305, 0.24010747745460548, 7.0, -0.5545226464316956, -0.1284945622821716, -0.1887194839888433, 0.6279532589092012, 0.35010872875162846, -0.31930937992753405, -0.018206664499823555, -0.021635639822443542, -0.16068160422635258, -0.7048795061772851, 0.7262586581943655, -0.08044605957565987, -0.01641864360842904, -0.4491903158271312, -0.8667209452136558, -0.2630443758248697, -0.5115619613808784, -0.1067051312579329, 0.40925333915390727, -0.8532929953100147, -0.6126512669405713, -0.49585488696077806, 0.05190566840203825, -0.3130965713216395, -0.6701695331848697, -0.20281344698576087, 0.013834397187121983, 0.1102443294878519, -0.8421601790531099, 0.08843641591590412, 0.6822589886530528, -0.01910684208425595, -0.3966987028119576, 0.43682371371800066, -0.4232836355950761, 0.6889744448801167, -0.051357377092284606, 0.2831017572741197, 0.5105663624187282, -0.13962653986719842, -0.4546449739347779, 0.28875787429579924, -0.5127547402890882, -0.19507860573169433, -0.9158244497645036], [-0.010275378366843557, -0.8623494157787089, -0.5078170522097342, 0.8945984910136775, -0.5545226464316956, 7.0, -0.8051988706803429, -0.024922400948917733, 0.0003422786413729284, 0.1239447504757012, 0.24599249327459827, 0.41438508653825057, -0.4116954206717668, 0.2258877376850683, -0.00806283208476899, 0.2102532754508577, 0.04505784033924343, -0.5035703395726592, -0.21961165315145326, -0.3847527104471574, 0.38908215761298104, 0.5423460404339053, -0.18041761793222977, 0.5393535964431093, -0.05780847986963156, 0.2855666804109238, 0.13552621254591535, -0.4878153523387586, -0.11344183905358729, -0.05780672412047516, 0.13019161763450837, -0.08760361792964744, 0.26606829607310756, -0.009560387681741167, -0.3092296251439435, 0.04134818074597746, -0.07457620447728108, 0.011580134888890203, -0.027737074100317782, 0.08464585597505314, 0.5262975468211308, -0.23281975049802217, 0.12743604230369687, -0.18069059120917663, 0.007411152179412017, 0.19613664786172857, 0.025328561944085504, -0.6922002223453927, 0.19703234246221557, -0.13073943208758587], [-0.32318825237082016, 0.8434975831749931, 0.38188718345368056, 0.35091166790034567, -0.1284945622821716, -0.8051988706803429, 7.0, 0.2672918876093964, -0.6659784203205089, 0.4297269119708176, -0.3683855630026832, 0.12829548481270203, 0.3601481919554277, -0.004003127452022692, 0.2812325949545147, 0.7269580966064413, -0.5274401499503599, 0.3924483267969223, -0.21384375684005652, -0.899335455795233, 0.3898082926432944, -0.06606285047204263, 0.08949453655486739, -0.58165508558557, -0.42515539527700963, 0.6953341326171114, -0.1457569311818685, -0.5860760005502575, 0.21796235040987177, 0.6459820911839, 0.05429590217817282, -0.47580357945182006, -0.6045631271703003, -0.1564549010489844, -0.2662264597274263, 0.2495607223371068, -0.2619518219246778, 0.4679430807531624, 0.5171672845804269, -0.1118948240404225, -0.5408276248924956, -0.4510201173695312, -0.09780740700706902, -0.22868985125387442, -0.5185695787951153, 0.16327848701102288, 0.25307464712230043, -0.46590792643499257, 0.14899872015479532, -0.23686080978340873], [0.5617268987897166, 0.17197544196297865, -0.017338939325986957, 0.2510786211706175, -0.1887194839888433, -0.024922400948917733, 0.2672918876093964, 7.0, 0.008567414737826295, -0.25226282527894206, -0.11129773184750291, -0.14374425598775475, -0.29292834081162833, -0.03212442158753526, 0.39193342599723113, -0.675935570417673, -0.0929581880432706, -0.0002632757463129076, -0.2802013906972507, 0.4365315649047481, 0.1927074118062473, -0.28025270250120116, 0.7672822528331724, -0.34339732568450176, -0.1802964517603478, -0.38426901266842506, 0.4260921471663357, -0.41306459697057185, 0.3997545231912478, -0.6164782784257189, -0.28517648464013756, 0.7813136079766256, 0.41423859266668295, 0.22083169705676564, -0.19384376822002536, 0.3516066323511271, 0.3612838277701287, -0.5218705993631557, 0.24476740415567289, 0.020317568978532208, -0.2503353817615638, 0.5943638186713376, -0.5772894641409384, -0.2037564391489861, 0.3921925199029932, 0.02891214080404314, 0.14558471429976638, -0.023525540379747634, -0.4141036331683726, 0.3102298899545366], [-0.13649126302619707, 0.6319719363449197, -0.09773946321261195, -0.4419890757927426, 0.6279532589092012, 0.0003422786413729284, -0.6659784203205089, 0.008567414737826295, 7.0, -0.055691044944209844, -0.02792256241154456, 0.6477257605064657, 0.5437301550685385, 0.3309632251963768, -0.5788393669989701, 0.03577048927992843, -0.13223434952994462, -0.6946301363985138, 0.7888761996107503, 0.6426413861760407, -0.16080124628498993, -0.17836167860819585, -0.10477945060509941, -0.29561784315397244, -0.4414007223633648, -0.1338936829071219, 0.7485155680350424, -0.05329077895334866, 0.8778751861286942, -0.013545051384898033, 0.407422846766458, 0.4461574923954892, 0.3020782288145851, 0.23162957717686683, 0.3394572650547161, 0.5729328067992998, 0.6747757560376271, -0.4332944658900688, 0.4641726562424191, 0.5108555075408221, -0.5694177920898896, -0.5770071837698358, -0.7374471060015128, 0.5545305635817748, 0.4789285558894596, -0.9156785289608149, -0.05178757455521832, -0.09430515195133082, 0.2385023194937954, -0.5055601955938959], [-0.1682578538908741, 0.9268552769694818, -0.34771218806264736, 0.58828421284765, 0.35010872875162846, 0.1239447504757012, 0.4297269119708176, -0.25226282527894206, -0.055691044944209844, 7.0, 0.1293827467360309, -0.33682263970202486, 0.06263335438392281, 0.6648598813464397, 0.7544116617695791, 0.2626385058416052, 0.34708015245729174, -0.2666305044722387, 0.3022535588540092, -0.4282184617628708, -0.5180528253978255, 0.1421118610594989, 0.35963195738098896, 0.5222917255500845, -0.5727947040893947, -0.5900447927062045, -0.5574024992668765, 0.24503046329389866, 0.5604146535931265, 0.35222473017179823, 0.8987243719704074, -0.17245864107967512, -0.024343085848651413, 0.1754796109870278, -0.3153772681411465, 0.23676602565617122, 0.3427037711451102, 0.7831313426812985, 0.6960890390905083, -0.0290958651432055, -0.03507296893213996, 0.004000078701764664, -0.08783927315211404, -0.18551585093589884, -0.5406500547129902, 0.3758654665201684, -0.8013436302920677, 0.2918744148521837, 0.5927674004903727, -0.6149292663900074], [-0.5194134507094803, -0.2801689480176899, 0.8504260869349163, -0.572719892120949, -0.31930937992753405, 0.24599249327459827, -0.3683855630026832, -0.11129773184750291, -0.02792256241154456, 0.1293827467360309, 7.0, -0.2936959487278715, -0.13410524471113983, -0.06050197811159541, -0.12233847169775136, -0.09178215075976748, 0.38571148017267265, -0.35699814482194625, -0.36845302682667513, 0.3660914451646522, -0.7725909842929378, 0.33341060414638957, -0.056259248493388925, 0.13825180233003964, 0.28376048627528894, 0.04659514329165182, 0.5136062519318925, 0.1374152946639029, -0.6860617310963034, -0.453904688345925, 0.0733169575022341, -0.1794805011167816, -0.2785705221064576, -0.01760718194743016, -0.26490682250441533, 0.006174638817493916, -0.8330506195052445, -0.27616018694868594, -0.04944323371233428, -0.24353118240772276, -0.42456691517504797, 0.6099569169183554, -0.4754763855834858, -0.24985734892756017, 0.3113649916363721, 0.5585742756142704, 0.5089264688555852, 0.2262408581219324, 0.27090044276571623, 0.034575440132792234], [0.40676882012063764, -0.5389587983060249, 0.35223200705817903, 0.1827513874303699, -0.018206664499823555, 0.41438508653825057, 0.12829548481270203, -0.14374425598775475, 0.6477257605064657, -0.33682263970202486, -0.2936959487278715, 7.0, -0.27686428427000376, -0.26161992822962343, 0.7075128327153788, -0.3058553245782939, -0.07652892886680063, 0.380566295849345, 0.08618496569914624, 0.24571658495933457, -0.17615848605600304, -0.4845326930101227, 0.4301698136670342, -0.7578982129254395, -0.05355957869941075, 0.7934644688933994, 0.526191690899676, -0.31272391656028586, 0.6545813290742779, -0.2195004591059223, -0.5683576518026122, -0.27622719779494764, -0.6015541423107837, -0.655225885817643, 0.5707180277764565, -0.2666018912190873, 0.1412601066035526, 0.6480561754144842, 0.2703888992168104, 0.07857074568017541, -0.16942548571814386, -0.29493842109996493, -0.06668561270199214, 0.4017997716789288, 0.20590723690964152, -0.2569566882571913, 0.5766420519736268, 0.07802783146999381, 0.40555147623357124, -0.3212107025899783], [0.24439381326994347, 0.17919991549827063, -0.157504533220157, -0.5333689301723934, -0.021635639822443542, -0.4116954206717668, 0.3601481919554277, -0.29292834081162833, 0.5437301550685385, 0.06263335438392281, -0.13410524471113983, -0.27686428427000376, 7.0, 0.30073742428886696, 0.0351880130012292, 0.13883785231818413, -0.3469982687921097, 0.39052807302112313, -0.08318370580231726, 0.30611044514248675, 0.08284939475017916, 0.2361065970465912, 0.30635286377862725, 0.3781944600106242, 0.562577399092518, -0.3858102138743489, -0.16158747487396297, 0.39122491807227666, 0.21319674146385603, -0.3067429592758488, 0.32449038388362483, -0.25990042693312254, -0.41526086265548956, -0.4287258329605842, 0.4408577407575023, 0.5038524355432348, -0.060194648468050116, 0.20746082681679612, -0.08846637959286774, 0.2703213588964286, 0.11259608929360887, 0.5885625426593533, 0.30367026050023815, 0.01740055411919683, -0.5953672641065376, -0.6478375076874888, 0.3034088637762171, 0.4143636664780761, 0.36877848985574535, -0.09112254350186066], [-0.04092566917623708, 0.6849083792922261, -0.7227316073609511, 0.07000815482308731, -0.16068160422635258, 0.2258877376850683, -0.004003127452022692, -0.03212442158753526, 0.3309632251963768, 0.6648598813464397, -0.06050197811159541, -0.26161992822962343, 0.30073742428886696, 7.0, 0.882535474002053, 0.0986766572484763, 0.03274870300510946, 0.40256325391829617, -0.5983136768132478, 0.7120188938796548, 0.8978748751677812, -0.44411206386519986, 0.11070887211343194, -0.09635905010407486, -0.3648028053967298, -0.02726382997373722, -0.37777346874040385, -0.23659765785563935, 0.5895383161974985, 0.11794124784290139, 0.048586957672108966, -0.18573321381847818, 0.12481234894889948, 0.34258265394960863, -0.46380056346045806, -0.3096343174118559, 0.4917492075541936, 0.3526108954350491, 0.15782226202392824, 0.044222174699017014, -0.15730618341357616, -0.2572591404082445, -0.46798237200641635, 0.01829285862446639, -0.24515777035241593, 0.4878816978384699, -0.5245711234394391, 0.15438309981926213, 0.1234030601854681, 0.021900636637691928], [0.29634572306194684, -0.30947884504533074, -0.0034592525998182744, -0.04869363992658271, -0.7048795061772851, -0.00806283208476899, 0.2812325949545147, 0.39193342599723113, -0.5788393669989701, 0.7544116617695791, -0.12233847169775136, 0.7075128327153788, 0.0351880130012292, 0.882535474002053, 7.0, 0.6319826639382364, 0.13401774405096756, 0.5870569196345992, 0.8656980873576026, -0.21746641838433123, -0.2819201805624181, -0.7550754754078615, -0.5011084367763218, -0.3785069763963391, -0.061206549942244726, 0.8158058851312118, -0.47977630795045434, -0.08198674377039317, -0.29337169912079286, -0.8136882603392042, -0.016417004048764228, 0.5929689099629258, -0.4686451921750888, 0.6035343398079465, -0.8052910923900245, -0.01670263029410357, -0.16122978465055748, -0.07016298542774646, 0.7347231416080575, -0.19880225840796173, -0.41519042424551456, -0.044795772388327326, -0.03882279130738153, -0.03864168776328769, -0.2076327740250804, 0.46326421051701416, 0.019405703126365914, 0.7784537692948428, -0.24331055127461265, 0.4591258983709854], [-0.2926096126733617, 0.021750857745865604, 0.0007986054357549399, 0.2996259766659519, 0.7262586581943655, 0.2102532754508577, 0.7269580966064413, -0.675935570417673, 0.03577048927992843, 0.2626385058416052, -0.09178215075976748, -0.3058553245782939, 0.13883785231818413, 0.0986766572484763, 0.6319826639382364, 7.0, 0.4871090742474382, -0.42797860452342473, -0.14355861857981556, -0.1120262435477466, 0.6249107342359144, -0.415882886852763, 0.8506495201198567, 0.08936584154766969, -0.24227116712988095, 0.09284466779823353, 0.48863436218580736, 0.027137780071529782, -0.8360842998083995, 0.22214496157451502, 0.35803311523356096, 0.14626926403827833, -0.6246558922703984, -0.06844012731685767, -0.5999648355188334, 0.7909137200989411, 0.06541385022239599, 0.019980350288895554, -0.5742686506424065, -0.1476385722388145, -0.500325236003784, -0.2864595209650741, -0.865187931303282, -0.580380902375354, 0.3229296784021596, 0.5381122156332678, 0.6105409695252582, -0.28928721507063526, 0.19950567760235627, -0.3249938067401926], [-0.47753637348888456, 0.5023966952758023, -0.13435211087262444, 0.4987970031687159, -0.08044605957565987, 0.04505784033924343, -0.5274401499503599, -0.0929581880432706, -0.13223434952994462, 0.34708015245729174, 0.38571148017267265, -0.07652892886680063, -0.3469982687921097, 0.03274870300510946, 0.13401774405096756, 0.4871090742474382, 7.0, -0.1571691866300885, -0.09352003816002563, -0.9478697760291543, 0.6999737183692836, -0.6017221888294134, -0.4358779707295358, 0.1028819671960517, 0.6291671749590493, 0.04200151419988085, 0.3826891585395966, -0.09412677195733676, -0.6411185889588877, -0.23067309206045572, -0.23562522234584748, -0.7889358877575482, -0.5004469305312366, -0.29115110077213047, 0.011991128070624857, 0.7426849317716075, -0.07043484535639954, 0.111406427780117, 0.3726046159667331, 0.010727980025194483, -0.608258868517435, -0.09324887813608373, 0.27552212630174866, -0.5881891880946897, 0.22793848047217535, -0.7402109449055645, -0.1286077805930449, 0.23349084004631093, 0.5431234658260036, 0.12812368448158695], [-0.22892885149899667, -0.3314902969199307, -0.31559706826083234, 0.2711814813293474, -0.01641864360842904, -0.5035703395726592, 0.3924483267969223, -0.0002632757463129076, -0.6946301363985138, -0.2666305044722387, -0.35699814482194625, 0.380566295849345, 0.39052807302112313, 0.40256325391829617, 0.5870569196345992, -0.42797860452342473, -0.1571691866300885, 7.0, -0.8025068516159113, -0.00450509517120512, 0.21258563023690868, 0.07234221823570675, 0.6182276972307577, -0.2936746614934288, 0.07135066700930381, 0.5676111963444299, -0.43095569374584597, -0.4755066864788209, 0.5409397024426765, 0.44107876852830596, -0.0011566083222694923, 0.19916043267070083, -0.06009153704605563, -0.7624085629537448, -0.25153619994252774, 0.1528810855292786, -0.23466574367985826, 0.401521089919054, 0.17888764834625426, -0.2314420329759318, -0.03434863451813619, -0.1800085543355714, 0.2593324265732537, -0.08884680301674208, -0.35910492665624316, -0.6933298969002357, -0.04064988396709002, 0.013789829290360878, 0.07578595199262228, -0.32004692890272346], [0.3316478030284269, -0.2997980185152175, 0.5818551037920849, -0.34346301033195137, -0.4491903158271312, -0.21961165315145326, -0.21384375684005652, -0.2802013906972507, 0.7888761996107503, 0.3022535588540092, -0.36845302682667513, 0.08618496569914624, -0.08318370580231726, -0.5983136768132478, 0.8656980873576026, -0.14355861857981556, -0.09352003816002563, -0.8025068516159113, 7.0, 0.1989021939868698, 0.7637321703370192, -0.2905589721651095, -0.4713272566732303, -0.4460545096254659, 0.17119619126055996, -0.025994095389355265, 0.3917607846421949, -0.9055815820895925, -0.0461633646092775, 0.08924755136289408, 0.7954293499074758, 0.42874352491465295, -0.6140389610475596, 0.713807355209573, -0.35137644787309696, 0.052179710095184184, 0.2168678646205522, 0.20403002646688995, 0.24609240421133127, -0.12360107068351389, -0.17336414503630848, 0.22771690184617066, 0.20595754423743662, -0.16154389982037543, 0.22513291383811973, -0.0695203713974264, 0.454622689261023, 0.45979177853352127, 0.6376759320394134, 0.6504058429876225], [-0.05384557497935971, -0.14441000478711508, 0.19065588449768334, -0.21886176759736398, -0.8667209452136558, -0.3847527104471574, -0.899335455795233, 0.4365315649047481, 0.6426413861760407, -0.4282184617628708, 0.3660914451646522, 0.24571658495933457, 0.30611044514248675, 0.7120188938796548, -0.21746641838433123, -0.1120262435477466, -0.9478697760291543, -0.00450509517120512, 0.1989021939868698, 7.0, 0.004853422707323363, 0.027090969939474796, 0.3923319063529245, 0.7619274940304108, -0.16813012418368534, 0.4376193935917949, 0.23351289092538718, 0.29702942944585486, 0.26166066919184683, -0.424859962002758, -0.14434718259884005, 0.630416412617389, -0.5970083859284395, 0.11666952501042327, -0.24609625239368726, -0.44161767934844354, -0.3928949000549695, 0.6281666766439145, 0.17714914559409678, -0.27561589212247106, -0.0014950055580593702, 0.534049970845184, -0.739843305288783, -0.5832597702896541, -0.7617622772466466, -0.4796675200534781, -0.1710291689661212, 0.7468164289613379, 0.5105313010938002, -0.46097708646767754], [-0.10981480634261409, -0.49491541512036885, -0.3986113103205602, 0.19346627637874492, -0.2630443758248697, 0.38908215761298104, 0.3898082926432944, 0.1927074118062473, -0.16080124628498993, -0.5180528253978255, -0.7725909842929378, -0.17615848605600304, 0.08284939475017916, 0.8978748751677812, -0.2819201805624181, 0.6249107342359144, 0.6999737183692836, 0.21258563023690868, 0.7637321703370192, 0.004853422707323363, 7.0, -0.3322625338058025, -0.7146886719328158, 0.8306770567185477, 0.1704491876694334, 0.14913734633753872, 0.5129603328729018, 0.4307504843412011, -0.3211691467772062, -0.003057855793846209, 0.04375280183582331, 0.15611294301219636, -0.1507885930437063, 0.05743561484802773, 0.36897755895263007, -0.059524453248139486, -0.32032636510193124, 0.08193249488617838, 0.18968190145694086, 0.569547281897866, 0.11559393576407251, -0.01921796438523493, 0.3430799658730024, 0.7096118342456901, 0.3392678778494953, 0.32450024400560795, 0.20740469217427338, -0.6284082354386571, -0.49607844182668515, -0.34256490904389536], [-0.2539730996321199, -0.11563249547193277, -0.2226690900190983, -0.7210385244120427, -0.5115619613808784, 0.5423460404339053, -0.06606285047204263, -0.28025270250120116, -0.17836167860819585, 0.1421118610594989, 0.33341060414638957, -0.4845326930101227, 0.2361065970465912, -0.44411206386519986, -0.7550754754078615, -0.415882886852763, -0.6017221888294134, 0.07234221823570675, -0.2905589721651095, 0.027090969939474796, -0.3322625338058025, 7.0, -0.044463466208847224, -0.47092811168354665, -0.6563813170855566, 0.5601221898060591, -0.014240935323686865, 0.6217322346019403, -0.5313620316328723, -0.35744657749571573, 0.03963616797364233, -0.3916437289100442, 0.3284236148302442, -0.3622228952441803, -0.28826054939738555, -0.3419108051677142, -0.6418863924980557, 0.7627977058026811, -0.29778747524570903, -0.5471841976533683, -0.2829513034864709, -0.2243488461001616, 0.7474138734760856, 0.31580721347483154, 0.03402160313234415, 0.1300377239188646, -0.4163300702572287, -0.37368668980086905, -0.3223603673589932, -0.06190097391656979], [-0.08788772569105108, -0.1891129596086254, 0.3355961260614777, -0.013580908509826628, -0.1067051312579329, -0.18041761793222977, 0.08949453655486739, 0.7672822528331724, -0.10477945060509941, 0.35963195738098896, -0.056259248493388925, 0.4301698136670342, 0.30635286377862725, 0.11070887211343194, -0.5011084367763218, 0.8506495201198567, -0.4358779707295358, 0.6182276972307577, -0.4713272566732303, 0.3923319063529245, -0.7146886719328158, -0.044463466208847224, 7.0, 0.16841300506402668, -0.46648138363138125, -0.08472908179010352, 0.7537995955216279, 0.08068910354530301, 0.1355436873592435, 0.024381322371500147, -0.6682050223020617, -0.21821711140094435, -0.1849853383967046, 0.6470374711598741, 0.3338389557453305, -0.023470471386619618, -0.1439357871825966, -0.12729588701057615, 0.056384376688162874, 0.8950646887925822, 0.04900457990602991, -0.05636206735261651, 0.49771111671541, 0.8580164180087957, 0.7381366554718052, -0.0147707269143168, -0.1536404059493478, 0.7089664695501037, -0.5892829431178691, 0.3120786362049892], [-0.09799738694341387, 0.5288893990178005, 0.13762123386637426, 0.22070706486099523, 0.40925333915390727, 0.5393535964431093, -0.58165508558557, -0.34339732568450176, -0.29561784315397244, 0.5222917255500845, 0.13825180233003964, -0.7578982129254395, 0.3781944600106242, -0.09635905010407486, -0.3785069763963391, 0.08936584154766969, 0.1028819671960517, -0.2936746614934288, -0.4460545096254659, 0.7619274940304108, 0.8306770567185477, -0.47092811168354665, 0.16841300506402668, 7.0, -0.13160311001150216, 0.1724282811891682, -0.347487150117044, -0.6458852977993175, 0.4366532660286375, -0.10370431324692475, -0.18567171503855262, 0.17507050277369096, 0.05222216935890733, 0.11701161648860436, -0.09584772071421921, -0.0740842900938753, 0.3448727670154459, 0.21832739107347998, -0.28358131863680824, -0.6982002025642899, 0.14451348295241706, -0.7139453095271258, -0.25420609231816105, 0.47440226558071164, 0.36505494279635564, -0.3463590298355621, 0.5331454000630802, 0.26710489522054615, 0.27711478694423297, -0.7024471138001768], [-0.24016399369181407, -0.014787464262858041, 0.41499614638921667, -0.755532773283666, -0.8532929953100147, -0.05780847986963156, -0.42515539527700963, -0.1802964517603478, -0.4414007223633648, -0.5727947040893947, 0.28376048627528894, -0.05355957869941075, 0.562577399092518, -0.3648028053967298, -0.061206549942244726, -0.24227116712988095, 0.6291671749590493, 0.07135066700930381, 0.17119619126055996, -0.16813012418368534, 0.1704491876694334, -0.6563813170855566, -0.46648138363138125, -0.13160311001150216, 7.0, -0.08790639944007883, -0.38859666171268914, -0.34890498743190324, 0.16306542083949171, 0.5479445898927404, -0.0827137512310705, -0.26828263116595685, 0.520623123362586, -0.32504002172045443, 0.2186318205113933, 0.9665046638927814, 0.3061313925115394, -0.12330519465231804, 0.8922252567126585, -0.25153632312681595, -0.07715648793521745, -0.7375230421602578, -0.31559780092415524, 0.22668454357731926, 0.3051879963673281, 0.6541566771391234, 0.027620045863178122, -0.5486838723366863, -0.024133446433102224, -0.3065409811471015], [-0.5776555779220081, 0.5516377395664291, -0.23352023881686712, -0.4071452806626351, -0.6126512669405713, 0.2855666804109238, 0.6953341326171114, -0.38426901266842506, -0.1338936829071219, -0.5900447927062045, 0.04659514329165182, 0.7934644688933994, -0.3858102138743489, -0.02726382997373722, 0.8158058851312118, 0.09284466779823353, 0.04200151419988085, 0.5676111963444299, -0.025994095389355265, 0.4376193935917949, 0.14913734633753872, 0.5601221898060591, -0.08472908179010352, 0.1724282811891682, -0.08790639944007883, 7.0, -0.009573516311499164, 0.5081581537713822, 0.1640610781201386, 0.16581142518281888, 0.052325201994880555, 0.303385853258614, 0.535473449070786, -0.13116401899214158, 0.5944181257303593, -0.050507303070847165, -0.318418967616672, -0.12590871937179682, 0.3215301957404546, -0.30275912604609334, -0.4000693286662942, -0.5511242629156722, -0.10468337312289877, 0.31790412935128964, 0.13726749945373595, -0.035166235052306094, -0.5150453980612887, -0.030453505442133544, 0.4774577750561573, -0.05263953988563119], [0.2827258686825833, -0.4700343884649769, 0.06915888882734667, 0.629384687448233, -0.49585488696077806, 0.13552621254591535, -0.1457569311818685, 0.4260921471663357, 0.7485155680350424, -0.5574024992668765, 0.5136062519318925, 0.526191690899676, -0.16158747487396297, -0.37777346874040385, -0.47977630795045434, 0.48863436218580736, 0.3826891585395966, -0.43095569374584597, 0.3917607846421949, 0.23351289092538718, 0.5129603328729018, -0.014240935323686865, 0.7537995955216279, -0.347487150117044, -0.38859666171268914, -0.009573516311499164, 7.0, 0.06738812668241057, -0.47538398360351, 0.22286207392214785, -0.16293731472410244, 0.5710842252106776, 0.12920639896949604, -0.6876286818280105, 0.7168600031148056, 0.20130183762630183, 0.7661767227098293, -0.4123287525399093, 0.4864081851978308, -0.1878557452805083, -0.02291625156258159, -0.269159309205813, 0.28943641144345333, 0.8895395993239548, -0.3919150145978535, -0.8210027628981095, -0.17578000399881788, 0.42777089692089754, 0.5385454472126756, 0.427936379153528], [0.478606514977844, -0.08178657534391143, -0.15514598058469253, 0.641619314718461, 0.05190566840203825, -0.4878153523387586, -0.5860760005502575, -0.41306459697057185, -0.05329077895334866, 0.24503046329389866, 0.1374152946639029, -0.31272391656028586, 0.39122491807227666, -0.23659765785563935, -0.08198674377039317, 0.027137780071529782, -0.09412677195733676, -0.4755066864788209, -0.9055815820895925, 0.29702942944585486, 0.4307504843412011, 0.6217322346019403, 0.08068910354530301, -0.6458852977993175, -0.34890498743190324, 0.5081581537713822, 0.06738812668241057, 7.0, 0.7652245871041252, 0.28406771580817747, 0.022284095746237353, 0.2604892388816946, 0.058543228648842316, 0.32659450254334743, -0.1010723866252955, -0.20105657227788232, -0.5371139380355165, -0.5813228535819971, -0.148009124650475, 0.11920056213605301, -0.6162129366069012, -0.1813826613560462, 0.07380437892991631, -0.1988189339834835, -0.2165877993624863, -0.06587812310521146, 0.00015203489868875764, 0.04031511027649115, 0.168460000379397, -0.40717723723768484], [-0.7027590807237661, 0.25612223400885403, 0.32391772954133735, -0.3937890889896354, -0.3130965713216395, -0.11344183905358729, 0.21796235040987177, 0.3997545231912478, 0.8778751861286942, 0.5604146535931265, -0.6860617310963034, 0.6545813290742779, 0.21319674146385603, 0.5895383161974985, -0.29337169912079286, -0.8360842998083995, -0.6411185889588877, 0.5409397024426765, -0.0461633646092775, 0.26166066919184683, -0.3211691467772062, -0.5313620316328723, 0.1355436873592435, 0.4366532660286375, 0.16306542083949171, 0.1640610781201386, -0.47538398360351, 0.7652245871041252, 7.0, 0.5544796116858626, 0.4959360869267697, 0.14133860333483472, -0.41302422357243507, 0.41532551758622005, -0.690985797384075, 0.6222520865759329, -0.3003576369659855, -0.09755561826956649, 0.09472394523758387, 0.6763362176029479, -0.37849108550391364, -0.325920116201067, -0.08129199685060806, 0.21804851029723116, -0.24093586357314611, -0.022843878606294665, -0.025166047434626138, 0.48239506163421564, -0.29886145556763377, 0.47636318987460635], [-0.4285360754289864, 0.4028364373138369, 0.3984292344497957, -0.1747650909782198, -0.6701695331848697, -0.05780672412047516, 0.6459820911839, -0.6164782784257189, -0.013545051384898033, 0.35222473017179823, -0.453904688345925, -0.2195004591059223, -0.3067429592758488, 0.11794124784290139, -0.8136882603392042, 0.22214496157451502, -0.23067309206045572, 0.44107876852830596, 0.08924755136289408, -0.424859962002758, -0.003057855793846209, -0.35744657749571573, 0.024381322371500147, -0.10370431324692475, 0.5479445898927404, 0.16581142518281888, 0.22286207392214785, 0.28406771580817747, 0.5544796116858626, 7.0, -0.5470183153067414, 0.6212084759863568, -0.5383807711822037, 0.0524961305506495, 0.09018957918568926, 0.011224904606021102, -0.4728255233909424, 0.10153496854668398, -0.3347788335553278, -0.4408114953133042, -0.24043028739926153, -0.00013343533683818354, -0.08219887844271279, -0.7023661781503248, -0.8312038254108727, -0.6628872499837104, -0.20609835130755716, 0.49178980391259963, 0.6246628585966132, 0.06594640903634952], [-0.17041833860178324, -0.5841267727623352, 0.6057333183401623, -0.39512572971264104, -0.20281344698576087, 0.13019161763450837, 0.05429590217817282, -0.28517648464013756, 0.407422846766458, 0.8987243719704074, 0.0733169575022341, -0.5683576518026122, 0.32449038388362483, 0.048586957672108966, -0.016417004048764228, 0.35803311523356096, -0.23562522234584748, -0.0011566083222694923, 0.7954293499074758, -0.14434718259884005, 0.04375280183582331, 0.03963616797364233, -0.6682050223020617, -0.18567171503855262, -0.0827137512310705, 0.052325201994880555, -0.16293731472410244, 0.022284095746237353, 0.4959360869267697, -0.5470183153067414, 7.0, 0.6980182014436993, 0.1312404145909305, 0.49689060309499045, -0.8327059483472367, -0.18226165812171657, 0.14031860824329634, -0.5887962176963334, -0.08316527691408637, -0.4868588492274277, 0.20157223575229022, 0.3599995323266163, 0.07219520406301005, 0.4637961348178057, -0.5302949549456185, 0.1315657157807082, -0.00301520162749358, 0.603922499461854, 0.11478831705664327, 0.19422216098717726], [0.5240560636127678, -0.4993472820246735, -0.033724721737122376, 0.8402650818341963, 0.013834397187121983, -0.08760361792964744, -0.47580357945182006, 0.7813136079766256, 0.4461574923954892, -0.17245864107967512, -0.1794805011167816, -0.27622719779494764, -0.25990042693312254, -0.18573321381847818, 0.5929689099629258, 0.14626926403827833, -0.7889358877575482, 0.19916043267070083, 0.42874352491465295, 0.630416412617389, 0.15611294301219636, -0.3916437289100442, -0.21821711140094435, 0.17507050277369096, -0.26828263116595685, 0.303385853258614, 0.5710842252106776, 0.2604892388816946, 0.14133860333483472, 0.6212084759863568, 0.6980182014436993, 7.0, -0.03374821904930381, -0.49025967690804895, -0.09658070530558283, -0.38009877798982794, 0.054980076515998455, 0.19122430008636204, 0.5736125617496417, 0.33900910521256566, 0.3203026505609601, 0.05727345026803077, 0.01245634816409158, 0.07740316969535965, -0.3915239231026896, -0.392837557945666, -0.3320487855106101, -0.5826370328555729, 0.48931294444723905, 0.32033691690012445], [0.1552774502545351, -0.005631858085583197, -0.27477791337928414, -0.30910787086830027, 0.1102443294878519, 0.26606829607310756, -0.6045631271703003, 0.41423859266668295, 0.3020782288145851, -0.024343085848651413, -0.2785705221064576, -0.6015541423107837, -0.41526086265548956, 0.12481234894889948, -0.4686451921750888, -0.6246558922703984, -0.5004469305312366, -0.06009153704605563, -0.6140389610475596, -0.5970083859284395, -0.1507885930437063, 0.3284236148302442, -0.1849853383967046, 0.05222216935890733, 0.520623123362586, 0.535473449070786, 0.12920639896949604, 0.058543228648842316, -0.41302422357243507, -0.5383807711822037, 0.1312404145909305, -0.03374821904930381, 7.0, -0.7674700377946926, 0.43263269581326913, 0.67760033705185, -0.9650637587761933, 0.2011036684107652, -0.4545373271227874, -0.3115627000703368, 0.7961768464650498, -0.41701345997250105, -0.05845306239626158, 0.04912160917065478, -0.20522954624786205, 0.5633190767967795, -0.47345835902174604, 0.14272214163166508, -0.26787174869104535, -0.27687028818574666], [-0.452110541365881, -0.5446786877360478, 0.10185473144802404, -0.24899746926501465, -0.8421601790531099, -0.009560387681741167, -0.1564549010489844, 0.22083169705676564, 0.23162957717686683, 0.1754796109870278, -0.01760718194743016, -0.655225885817643, -0.4287258329605842, 0.34258265394960863, 0.6035343398079465, -0.06844012731685767, -0.29115110077213047, -0.7624085629537448, 0.713807355209573, 0.11666952501042327, 0.05743561484802773, -0.3622228952441803, 0.6470374711598741, 0.11701161648860436, -0.32504002172045443, -0.13116401899214158, -0.6876286818280105, 0.32659450254334743, 0.41532551758622005, 0.0524961305506495, 0.49689060309499045, -0.49025967690804895, -0.7674700377946926, 7.0, 0.7021144102370611, 0.4778778732847364, 0.11538538456798708, 0.331501410564663, 0.6561154013666326, -0.07411680064842385, 0.1962792258674142, -0.10206919393363112, -0.3686094908331007, 0.3261011250849175, -0.05740929375437065, 0.3749621005466861, 0.4825170085614423, 0.2990857762709931, 0.8480628269716877, 0.4845007046932577], [-0.5014662521628794, -0.015365080151470978, 0.38362774044681247, -0.29651956832848314, 0.08843641591590412, -0.3092296251439435, -0.2662264597274263, -0.19384376822002536, 0.3394572650547161, -0.3153772681411465, -0.26490682250441533, 0.5707180277764565, 0.4408577407575023, -0.46380056346045806, -0.8052910923900245, -0.5999648355188334, 0.011991128070624857, -0.25153619994252774, -0.35137644787309696, -0.24609625239368726, 0.36897755895263007, -0.28826054939738555, 0.3338389557453305, -0.09584772071421921, 0.2186318205113933, 0.5944181257303593, 0.7168600031148056, -0.1010723866252955, -0.690985797384075, 0.09018957918568926, -0.8327059483472367, -0.09658070530558283, 0.43263269581326913, 0.7021144102370611, 7.0, -0.323248517010552, -0.5915982767436893, -0.25074240143997495, 0.49409925801364474, -0.26524437156177705, 0.4318038155861852, -0.9483318374656365, -0.4503862199092382, 0.06744357916745658, 0.19757419562535516, -0.3597877540095453, -0.16630389609347962, 0.3947514465364548, -0.5335021968408264, -0.6682577599148504], [0.6846871440758191, 0.2309502742072116, 0.722839913408337, 0.42552356257124746, 0.6822589886530528, 0.04134818074597746, 0.2495607223371068, 0.3516066323511271, 0.5729328067992998, 0.23676602565617122, 0.006174638817493916, -0.2666018912190873, 0.5038524355432348, -0.3096343174118559, -0.01670263029410357, 0.7909137200989411, 0.7426849317716075, 0.1528810855292786, 0.052179710095184184, -0.44161767934844354, -0.059524453248139486, -0.3419108051677142, -0.023470471386619618, -0.0740842900938753, 0.9665046638927814, -0.050507303070847165, 0.20130183762630183, -0.20105657227788232, 0.6222520865759329, 0.011224904606021102, -0.18226165812171657, -0.38009877798982794, 0.67760033705185, 0.4778778732847364, -0.323248517010552, 7.0, -0.9281192895719935, 0.2092617563665966, 0.6627735743324412, 0.1773729415292047, 0.21196935948260842, 0.28500305220317346, 0.2031045696274245, 0.2265314136820742, 0.2732787996435415, 0.07558672487710738, -0.2086425139066721, -0.45300764609967703, 0.47219007104309885, 0.14086665626527317], [0.6315020378268261, -0.31160868916584405, -0.050804607141063274, -0.4789748784774598, -0.01910684208425595, -0.07457620447728108, -0.2619518219246778, 0.3612838277701287, 0.6747757560376271, 0.3427037711451102, -0.8330506195052445, 0.1412601066035526, -0.060194648468050116, 0.4917492075541936, -0.16122978465055748, 0.06541385022239599, -0.07043484535639954, -0.23466574367985826, 0.2168678646205522, -0.3928949000549695, -0.32032636510193124, -0.6418863924980557, -0.1439357871825966, 0.3448727670154459, 0.3061313925115394, -0.318418967616672, 0.7661767227098293, -0.5371139380355165, -0.3003576369659855, -0.4728255233909424, 0.14031860824329634, 0.054980076515998455, -0.9650637587761933, 0.11538538456798708, -0.5915982767436893, -0.9281192895719935, 7.0, 0.6973074249534172, 0.18274342162947876, 0.4897917293123051, 0.391229577933335, 0.3859951757255562, -0.21448272223230658, -0.683336243847308, -0.042635585796485964, 0.6321793649589087, 0.13651769119223411, -0.32875502188482186, -0.6633542371913497, 0.02857114339595901], [0.009726631714993772, -0.18527329347845622, -0.4637724289645505, 0.7293287182461308, -0.3966987028119576, 0.011580134888890203, 0.4679430807531624, -0.5218705993631557, -0.4332944658900688, 0.7831313426812985, -0.27616018694868594, 0.6480561754144842, 0.20746082681679612, 0.3526108954350491, -0.07016298542774646, 0.019980350288895554, 0.111406427780117, 0.401521089919054, 0.20403002646688995, 0.6281666766439145, 0.08193249488617838, 0.7627977058026811, -0.12729588701057615, 0.21832739107347998, -0.12330519465231804, -0.12590871937179682, -0.412328