{"N": 100, "M": 5, "A": [[[788.7764309116818, -108.64698195574017, 54.88941244048967, 48.96816916090005, 94.01974745575723, 136.48643211786288, 31.163642492586604, -14.272095268905879, -36.764698883595464, 73.56348684419031, 16.311760614350966, -22.425699623344332, -15.529914851763529, 28.966531484287838, 5.685328035691332, -71.23684643678892, -34.205612008740395, 33.27781854377635, -25.821429411658453, 77.36420578164962, -7.68674864894372, -106.47187158390501, 3.942436096765731, -81.34716539629227, -52.233245432241574, 22.620750356262576, 8.411473519860586, -70.16163196438052, 68.61048097226832, -72.39403605629538, -73.3490727879924, 87.63405908495731, 11.179857635278282, -66.14387901602966, 13.259061221468132, -18.35277059390593, -37.85065597586354, 52.29769406447344, -7.554890542119875, -26.892855293887305, -68.446316092729, -42.20653133232001, 187.7111520194176, -109.23574486756458, 30.248426504399138, -95.9090937912808, 10.487338093918002, -74.74404321783845, 88.8540453844271, 82.57310705121931, 36.326580891681665, 12.205922028842727, -56.849131021434374, -96.31258340589405, -67.56963414629645, -63.998647859175065, -68.10618315868561, -47.42116959114573, -63.69991296440105, -24.048820718689747, -42.62857146365704, -11.537177127540453, -10.250185615690496, -79.24504897573891, 44.6850776307894, 58.22983000344127, -27.082221865300834, 9.519412738395152, -122.80851336617273, 2.6271398733430704, -95.97780481656548, 43.5777269755729, 15.654455342961679, 81.96093488417642, -57.109311766971764, -33.853995971354, 83.57519971250586, 71.13957276076938, -53.497358453942276, 108.58617925245973, 13.695520881104892, 128.7497918877063, 146.59272304385507, 5.894068100308987, -62.73876688609511, 89.90356567309661, 63.46574861527829, -5.909524754112318, -28.22339746127068, 34.31722520239458, -25.761317680409704, -111.99781966613673, 63.31610106363092, 117.8815370166066, -51.60016206823672, -81.27674892648764, -20.442982743374444, 32.79166866688239, -21.04254021784066, -73.05482074794337], [-108.64698195574017, 937.9762806555419, -81.26102409547505, -37.9701436315292, 13.501661341588802, -76.80192948109661, -58.31810483288566, 39.68759381384265, 45.219170691603075, -42.41687186805866, -48.19897070274984, 44.514789569629386, 3.897008200795549, 9.976471866724639, 15.860729565231972, 76.26279212667549, -145.84667325634243, -70.27601442317936, -118.57557897267736, 95.88541623622471, 82.42180666002979, -61.67865915051017, 48.242725748066164, 41.431926751066335, -60.45281105146167, 36.13979223444998, 123.53392860199305, 59.93492660924693, 79.86526744346368, 165.51431984882643, 58.984521999150395, -50.351898544530684, -8.861503587029222, 8.038588382117247, 98.47328312208485, 15.060733832037018, 64.18753080719928, -16.880950076696948, 44.66687468159214, 2.73378761614254, 30.814311847108566, -78.80089682816201, 56.55106676834115, -5.635970033530507, 75.64047255537189, -105.86712718999912, 1.04686660930362, 43.6896961756013, 27.58007213067503, 86.91045483099738, -36.69618241582861, -49.650622322636735, 180.75991504143636, 1.0193514102245134, -25.106101823868677, -68.30160913207162, -22.35516140838204, 12.906505715060637, 73.1820156295442, 73.38506406362418, -93.94580343865077, -31.499973181024806, -115.20922878305579, -37.25628398061904, -54.21458222236171, -105.62768704781143, -58.50855711937019, 52.69469895524166, -0.04824438066061208, 9.0598255163848, -60.50246589412496, 60.51049534095701, -87.98762941830459, -14.0938990522074, -22.861107097699577, 156.92759572521464, 14.811592645975177, -3.9422272498041946, 21.0461735880245, 1.5052325556892205, 79.73035503765966, -95.55783289610582, -39.93929666610336, -118.10689250970329, 161.47510191431036, 31.213945402035627, -44.69323339214748, 57.045713487287316, -77.52614886480194, 22.626067057522096, 56.7399597597051, -129.24517350087353, 101.35664884706857, 37.78529294629128, -35.148664915098344, -59.804306172290445, 37.245526456082224, -100.13245673862066, 32.31090828243612, 17.09681946458228], [54.88941244048967, -81.26102409547505, 911.9135350056534, -25.679141246303317, 94.81110331228673, 8.444141237107543, 22.861168141980418, 30.846325078339333, 27.826940779595578, 13.695720023514072, 15.2608811196231, 34.48468815303674, 30.2784287409246, -53.12636930066763, -8.436892963853607, 54.5189163917206, 1.0585212162849555, -12.384285661456124, 23.11157606294036, 65.12305892965672, 11.564395942935962, -7.50868498364029, -127.39840400432668, 108.68559980368576, -47.154246820336006, -73.40338136513213, -66.19153145999171, -40.648172152226245, 98.07346384691576, -65.76824542262614, -103.80673770045775, -45.731405537009834, -32.97065224497105, -47.36479729408288, -60.14261566993153, -11.619229548706638, 17.08158391398558, 32.52260901888262, -33.08105835385077, -71.037229290015, -70.34643047299612, 231.49423713554413, -33.62307090631471, 58.34783669651293, -7.844413548854575, 18.888908129422017, -68.07317894694307, -147.31165374742912, 46.740330366101965, -15.132153357712497, 62.90194687857209, -149.76118007189186, -58.859890153789586, 43.240348687318665, 2.0081581485974276, 41.028292459350666, -57.06414941804159, -1.6995574241981544, -117.51378758963017, -100.44596277839034, -1.107705356153814, -22.002836278310443, -51.65870160600238, 54.09072353620658, -63.37089801644829, -151.66496906237873, 21.089247126244185, 5.254829922683435, 83.50138654683929, -14.527045228107864, -144.56275745169546, 99.94132866091132, -1.9425881294358205, 31.23461570744809, -141.64424434021348, 8.012544716350606, 91.17600216801243, -76.78527475246875, -60.960747062267764, -104.89059208699203, 47.67109149704321, 61.23951729619778, 120.0632375665995, -25.982848972441452, 24.11664192617171, 109.66749506525115, -0.4391808514814355, -33.152512977234835, -5.544596990826911, -53.82046916292125, 74.09049104166502, -7.949556852348901, -70.30014981733558, -47.405964630862215, -22.74348126104663, -97.60443942228012, -42.59254257328558, 156.14530822585348, -90.29603342358456, -30.464381639713167], [48.96816916090005, -37.9701436315292, -25.679141246303317, 797.8241225192734, -81.8139098931926, 56.79935579265429, 13.14513174231035, 23.611845271321457, 3.0249503326159988, 38.535195670590625, 65.46221904405287, -50.85670992963942, 25.18581484560992, -81.61710658244043, -56.6308286826424, -94.64635340540143, -24.360792738715606, 30.304524701278943, 58.175735079108705, -28.794958390307006, -12.113829663935952, 103.23138208280045, 33.249469872073774, 93.01674070745489, -41.92832039016136, -14.506501081494628, 50.219882696441346, 45.09228361600839, -42.292380484214014, 65.9818861356546, 29.361819961067773, -18.477804820628748, -33.22979107225439, -4.927558273989171, 11.058674608693295, -64.11259140264657, -50.56923283997345, 7.93366234482918, -90.04047951124635, -30.79167226676163, -98.3408254029644, -114.62747093335489, 112.59834800308423, -5.196890659008713, 63.810169709084576, -31.573609613352133, -29.05889973082025, -5.369696490319063, 39.31541667291869, -116.21910595067298, -63.06445562478143, -127.58280855197431, 122.24903750233435, 69.61305225825389, -57.533423276737246, -199.04016419654215, 44.31552963598599, -34.590290152944256, 82.7019737591097, -97.06962803520203, -15.476087190169903, -114.20602627444732, -25.32893633903811, -58.35549775105801, -0.7020174100023365, -26.277727829474806, -2.4223027867988103, 17.5558775241472, -37.398607738831224, 41.021238513403894, 96.45149963313648, 64.91387075676397, 68.51302131071493, -43.34134022718022, 48.13093723942646, -0.163482375527002, 101.60786795840384, -108.82290360536282, 34.96818861887242, -65.94138236486152, -1.3611422795038342, 9.940115183468361, -60.23223671004686, 104.4885482062859, 57.421037584249845, 83.32102316666541, 25.60223472966034, 33.89152064131614, 60.60400532247557, 109.11814204231493, -92.55022683597149, 72.34767281764225, -110.0448562939608, -17.18322295835073, -51.729905674955525, 205.51224510204494, 44.83576581563031, -87.80815376931253, -68.14893329596607, -13.02510564427232], [94.01974745575723, 13.501661341588802, 94.81110331228673, -81.8139098931926, 837.0645715751918, 89.99409246601213, -53.617399984144406, -31.907632001801186, -16.63652517127672, 60.288974148454926, 52.05545296680914, -46.195877106965774, -0.21446388906778674, -19.689040043359036, 38.59333634165016, 191.14458647083202, 13.405255355829956, 80.28873280986534, -91.93741230238884, 34.24442163763768, 43.22035352379985, 119.64220489937121, -99.85034876282678, -10.474027794493558, -138.90876906071207, -159.94718321277344, 72.03465274564748, 18.225966694940915, -35.23408849261813, -41.17323964529668, 120.27695599353481, 60.794532479044456, 25.676049695738197, 57.01505288225916, -171.16988257072447, -4.798352609652808, -18.40677577330745, 75.72799317000207, 45.288626935955506, -32.37899057526172, -76.88952892930038, -48.303382710687025, -66.63875786730712, 61.20658065437037, 97.21754776559261, 58.2499638894819, -49.11204524568128, -34.69900859113983, -75.5038806467541, -43.268736966734295, 97.10759357471983, -108.8003208045519, 44.641842936945075, 2.41990384921194, 35.06535291218174, 143.4871188471014, -36.4073986521134, -4.506514579924792, -179.21959941374922, -27.201456640735717, -72.28512383528764, -26.621816185280597, -10.543940291666017, 46.929430514485055, -35.558733822129014, 59.265435885542765, -75.02467050695662, -44.81167608507162, 42.69173396799123, -49.15469804114405, -135.60379216732616, -69.47614506653107, -149.54009972936643, 171.2960004224578, 120.16864996589615, 32.88345708580324, 69.22485212537175, 212.70083682784977, -63.90623304042414, 63.737012130705644, 13.224277194335688, -127.77625229848134, 72.88734362169765, -34.83716966943733, -12.246748991193481, 34.180583820246056, -97.45150796696873, 42.703537480687466, 87.81845371636595, -26.087513971679382, -101.99089244225864, 49.17306131441912, -9.556642453387651, 107.3632589773119, -33.87897115217133, 44.853657762609906, -2.457400425185595, 10.893070606329065, 65.37796089545996, 24.08563027122415], [136.48643211786288, -76.80192948109661, 8.444141237107543, 56.79935579265429, 89.99409246601213, 966.0784775942586, -84.60279813305395, 21.04270948589871, 36.429662756174466, -33.72962262531698, 31.329880852560276, 67.12802859285578, 9.866684327911539, 119.29790729011987, -39.06184867984147, -128.81223738503502, 34.70676888380416, 41.345317912143784, -60.80043621193474, -0.07592570479700772, -35.566867142896186, 163.92450126681368, 34.21533036809544, -49.3441664708978, -80.79379038545386, 133.75141326971962, 103.66214094157303, -57.99604070632533, 76.80815549767635, -17.28218616979373, -101.6280483600036, 21.352430387087058, -68.89842188497873, 23.668621779751188, -153.1270831294106, -98.99912973798763, -162.81295114611623, -6.637035003931595, -92.27294082274082, 8.712921888949413, 8.90809057010507, -50.26402705304876, -35.87559743687136, 78.59055989499488, 10.517820683755613, 67.72568651781862, -73.8736913838016, -2.8685303774176227, 102.76246236670836, 26.14782904806748, -98.9355169187805, -39.72512963641287, -104.47568903411945, 19.623824527988518, -36.65262606601247, 39.192597449065644, -50.59558492011516, 16.78457102242716, -111.47176018671841, -5.498842650173498, -63.42833500550765, -5.84499130937368, -7.3667111346599325, -1.603211145078315, 103.36066506454586, 86.3498404952081, 79.34109318312127, -20.66413641784026, -60.38338166585755, -63.171537496357836, 20.949801287713367, -17.537337831171698, -99.14521425221434, -161.05217799491635, 110.03953169294817, -23.638584032255388, 62.58117359092468, 30.495823327960156, -130.202750484699, 71.51741899221061, 134.39045313231756, 48.98446151813458, 63.83946404851996, -18.35382118649105, -47.84304326227537, 105.10913083457537, -88.25164569423374, 21.51464801122938, -38.30563831038654, 77.91163069542885, -75.3666174345238, 214.54052746343683, 22.03517965231022, 4.113394407914471, -9.494762816191045, 20.187728358262444, 15.106297215829636, -78.15076385524097, -2.648970854492708, 21.507816405769088], [31.163642492586604, -58.31810483288566, 22.861168141980418, 13.14513174231035, -53.617399984144406, -84.60279813305395, 893.3104007442732, 159.31193137714786, -35.25945943823663, -148.51216251285356, 31.070557304189297, 7.401839097304977, 7.102430772383614, 39.793657353485216, 90.8317386016949, -33.511733263622624, 62.94158717640433, 29.779081227511256, 17.847864753616033, -57.86079662088355, 29.168754932014906, 63.92907582260324, 22.208564490756125, 18.574120271638943, -31.802518716851203, -1.6034397609438777, -74.57591524592188, 19.973720880050507, 16.039570153954966, -25.995584465086708, -37.802119478003036, 93.39210373481313, 53.403287202320215, 104.83922271366218, 107.58667062538646, -126.11700986044002, -1.7829103936994957, 106.9873977833957, -36.384255022394505, -24.92333209249924, 68.98417254828014, -88.20911888165979, -14.082993158288748, -69.86084498375826, 16.942378187367062, -52.93010166267426, 20.466756107415733, -38.9459850570789, -71.59561970654705, 64.29135355388648, -70.87310777583309, 128.82002948885406, 85.97857484518973, 2.275104428858939, -57.34306316444697, -152.34648774490407, -7.637131236120427, 25.8972410680662, 42.026915887965835, 116.40152361856829, -60.01218177425912, 22.13377652173739, 199.8841799679783, -59.82442848891183, 90.66583774640911, -29.98742455079015, 81.68681381786793, -30.647263442962306, 129.22985492133617, -69.37194613294261, -105.89153413819372, 49.91145291389681, 58.506557444347926, -33.05881392099532, -33.21070141474672, 200.25353346877426, 43.22535933156569, 28.449590019584985, -52.996555496153555, 53.19868087185635, -72.30890836759944, -7.451628241590327, 47.619207299727634, 6.1550344085526145, 77.08429577723305, 45.267121079260434, -91.44674264529712, 52.563763326205844, -103.67779715241959, -54.864707748258326, 6.671470996960372, -16.213989301066455, -63.55079156295778, 38.51992608013126, -37.60505707198106, -29.728592381377318, 10.166613960830599, 5.210155735985049, -63.08594044662822, -21.288436721254303], [-14.272095268905879, 39.68759381384265, 30.846325078339333, 23.611845271321457, -31.907632001801186, 21.04270948589871, 159.31193137714786, 904.9922507958958, 0.4256281467997144, 55.854685477988504, 38.37432841326898, 55.733420648823234, -9.489940596413911, 83.7314634452876, -31.87287511340444, 45.469998865894134, 70.89448946445732, 100.64135325648803, 45.56452590862502, -52.879940358025635, 76.78173118519949, 20.68406803624495, -108.90170650062079, 55.446268725330384, 15.629532589895376, 132.81602441516262, 68.46779211065044, 45.51119501052445, 8.266737558379056, 52.82860465163807, 62.253532567433105, -30.44754982669633, 67.59827416316828, 6.499655997545196, 120.36688262259742, -40.54847457704416, -15.271658243475166, 41.794661770620614, -132.6824268743451, -81.74741998857426, 96.04041353979531, -79.95830176279777, -85.63504983261464, -40.32347454072007, 55.48424109965944, -5.124760148582073, -111.60575039881431, 23.95664479136936, 49.45490817899285, -189.81502508748449, -3.9040924197021774, -54.549605540213555, 156.88775767612046, -134.67416524036162, -106.72377292922339, 6.511546801461169, 247.22681032090398, 35.51918730413876, 24.76289778857102, -18.666991020916573, 101.31460657434305, -125.65127130014656, 84.24962161867985, -127.41729012986765, -17.976411198236324, -102.17970573356065, -4.372869876500129, 4.512189883877056, -10.249676439336104, -28.272147304607426, 0.19384177127550495, 4.536275896791752, -11.785251957667356, 105.10869732738297, -22.974583012508237, -52.90043073676953, -3.256477847754325, 149.86751897132575, -51.84543785805346, 98.45758388629591, -40.05574950517996, -47.986259456344975, -125.91402375596896, -88.58748437541735, 60.00469691327635, -7.344694558996842, 26.79785438297156, -52.28345991999263, 57.45512166188394, 9.013494163260438, -31.674470333258906, -56.771829086215426, 47.144556446827615, -42.98480987282124, 56.636138502764545, 74.31854458065621, 9.11319710376127, 45.317600596222704, -160.26852981650214, -101.49136382720647], [-36.764698883595464, 45.219170691603075, 27.826940779595578, 3.0249503326159988, -16.63652517127672, 36.429662756174466, -35.25945943823663, 0.4256281467997144, 911.3565838331194, -26.431663404362656, 58.58712792865122, -17.37612902170442, -15.842817281565399, -118.22594634477967, 41.862100889606644, -130.07302502603233, 78.1942190848099, -70.78291692752543, -52.79615487631019, 34.69642466459477, -57.383550505790744, 126.0603249942778, -9.630118696981505, 87.54965384491095, -89.41908589887458, -15.952472950358686, -9.526133623383831, 32.57356702309501, 6.90603744926931, 0.6729452385441882, -75.42117625897147, -43.393234782833304, -5.256416646910288, -79.20714582628823, 115.19166525699296, -10.686895336795644, -11.154720245221624, -77.87118995667412, -105.19618408294642, -52.976053399635724, 138.81243601164937, 14.271844234113239, -69.78087248421159, 62.17175050343724, 27.391761805676502, -43.85431048885858, -106.64383048833498, 50.906592024237156, 32.054152367204004, -19.552135379320948, 98.95623438560148, -81.6967421680392, -38.97459769542404, -35.68234381888869, 143.8321846102935, -115.19847027522695, -68.30512465064693, -20.56333865631362, -86.7867623568157, -9.807943942230061, 7.3753411999363045, 56.066568679497195, 62.003203603719726, -81.42463808010609, 20.968333372721734, -34.46382935669555, -150.53616505949438, 136.45509291250133, -82.22078448535935, -17.590275944296685, 4.755753933139702, 123.1589296398605, -5.334462655306341, -99.13771815648177, 66.85039769163286, 47.40976625431145, -61.244145101657274, -67.8913937983018, -7.985819172973861, -82.17640947619253, 98.45145979662215, -14.442330120978095, -88.30579471525762, -123.31492139137657, -144.7032447752305, -48.222996849611434, -83.26301267065999, 110.76355233547663, -47.9552162664416, 47.755485482751645, -33.78924549400924, 39.925381266430634, 35.59261900863125, -82.72699559096307, -59.748323153131594, -71.1898568572836, 168.17064824777486, -50.163384281257294, -104.37943654299445, -1.3520913444352785], [73.56348684419031, -42.41687186805866, 13.695720023514072, 38.535195670590625, 60.288974148454926, -33.72962262531698, -148.51216251285356, 55.854685477988504, -26.431663404362656, 816.8797672895951, -75.58842665141204, -24.997100704661104, 130.60302812901807, 16.97734923391235, 50.25222413601956, -45.0202311098688, -0.6252752380994544, 37.823913068049634, -56.74618758820483, -80.95572936400126, -2.205787675212855, -77.10830181105052, 85.02554187402474, -90.68326138335418, -1.0670960313401636, -3.487240152900205, 32.77398228536693, 1.227059667983367, 2.6574210501090265, -121.87270534928092, -17.669641645710215, 17.83292181517493, 41.25397617826115, 48.10645764966669, -73.94987337026217, -16.00578928778924, -37.66801645714237, 112.57525772835201, 102.21293828115365, 68.34310009416723, 52.60282856180462, -115.0816877757201, -68.54501206309514, 51.93631019537564, 7.401342035631505, 53.74576595102626, 23.608911237430437, 36.71688403114993, 110.81989597763899, -99.66899564919525, 118.79831774656024, -9.948399420263797, 82.16002388271221, -77.20876101585982, 6.007492937996112, -27.06949804863883, 168.73558601326633, 13.039464962611381, 17.4956283764085, -135.92894865911322, 139.27433013735128, -21.911521458408973, -2.7723900526116956, 47.33935924411273, -34.19878800542756, 108.47443697077831, 70.17418207698044, -22.502500027757506, -64.06960877142593, -6.970499309620995, 3.833945913113015, 33.7825300174937, 51.61480386404881, 131.57556503570794, -77.23035880013215, -128.8860657448318, 216.93611982345243, -66.93056963530829, 76.76000347941513, -13.309423937491255, 107.05499868588191, 4.5995888949644375, -39.53329004030881, 78.51055130131472, 9.786715325690505, -9.356658227227541, -15.096332062207331, 21.507284154019665, -44.16281924957449, 54.46296742563107, 64.73019871777484, -53.35602160716129, 64.51257909260462, 58.24404067244857, -48.51817536026956, 33.47762790995464, -26.18524519268179, 26.622738288283397, 26.782116642200897, -50.15245456047235], [16.311760614350966, -48.19897070274984, 15.2608811196231, 65.46221904405287, 52.05545296680914, 31.329880852560276, 31.070557304189297, 38.37432841326898, 58.58712792865122, -75.58842665141204, 684.4829260921638, 40.34472875606932, 61.45959423984008, -11.416729146861261, -82.20584339030925, 44.52557499730367, 21.83143331634625, 27.419157234448875, 36.027579841759696, 16.438444084704418, 38.21801724930108, -33.33485096065039, -113.52470482552219, 13.470934840219696, 14.873802828612872, 0.7448199883721405, 28.58721022182538, 79.2940043201606, 39.93424248288326, -33.9782915326981, -29.769777758655582, -106.75878214780907, 116.25090305108957, -61.636251153229146, 24.920216616214557, -4.854684852444705, 55.400314664387935, -17.73427408687356, -43.462048887646255, -61.89243395431572, 17.834952128933416, 26.760402792383164, 38.34495261641317, -111.00262676987379, 147.77597276557626, -13.159847521356587, 69.54076024567979, -11.86295464135027, -60.66962675248505, 10.294160168713752, 73.60158562093862, -47.52847485662172, 41.09423392535845, -96.04798447553965, -123.7481739276416, -24.900282416640014, -117.21578159429168, 90.51243712093749, -127.76797084882878, 34.447118789844744, -51.34305489183863, 15.724100926103455, -8.69989267043047, 9.564300244822082, 83.7050145919254, 46.64812942416857, -27.204612909782668, 54.33167552326167, 47.496668428189565, -110.9630513013106, 4.305957044256879, 3.4017869746008786, 52.58741505445988, -0.3058350832837351, 43.12544726361335, 60.128887740816175, -11.428253120320969, 25.478187094655937, 54.60043496369993, -106.99614732339631, 94.99355742019723, 74.79107728037496, -186.87172843368992, 0.4505430672355864, -6.6744922462871585, 36.30724319738619, 151.09313450134144, 87.24100565025905, 24.069980891616122, 69.32929201707186, 65.59608959390528, 19.972530429385312, -54.66476844338594, 136.89029701079932, 140.03553821607912, -12.634252742931544, -22.513893261045204, -128.74595577978812, 89.04254042571128, -60.90231845215345], [-22.425699623344332, 44.514789569629386, 34.48468815303674, -50.85670992963942, -46.195877106965774, 67.12802859285578, 7.401839097304977, 55.733420648823234, -17.37612902170442, -24.997100704661104, 40.34472875606932, 941.9892138324975, 23.29082036871166, 14.677149071125834, -113.24425448687178, 12.79985167312158, 45.08369882359346, -29.49968089293136, 20.37091832072039, -69.58037319891977, 18.26595275395286, -29.30577576368007, 26.12795621660975, 10.404528998041151, -45.09653236155661, 36.29313647142604, -57.23374379755628, 80.88901398293851, 14.453969155401133, 91.7726147534214, -43.463219125459446, 87.78328454666195, 93.83300097667497, 31.456079496111663, -0.6579522918856664, 53.362533551239935, -34.462475929370584, -104.50061650567464, -79.12075688426492, -35.44935753534414, 170.40776258226973, -77.85901476547845, -82.29179762923054, 17.401111233022302, -70.52101155709333, -91.94402381507524, -128.7401645959041, -41.24808687265631, 15.465743604743603, -15.724889652121881, 10.403737666086764, -22.18853293759082, -62.510414400579705, -142.84405269898258, -34.30699602087236, -27.186727622097315, 95.77840263803041, -99.52624634045468, -4.570678863213167, 8.265205855704718, 62.316391516552166, 4.925997344798208, -79.31364934057663, -29.877406796093236, -124.40378980924305, -34.50314403915774, -15.64092906069493, 11.620649749645018, -151.10062750308356, -157.59494622673412, 5.34262062928682, -48.19480520318668, 65.66926644294924, -13.275872831820653, -69.93121489988161, 64.52182104205741, 39.1758449051625, 7.773926161975263, 18.7760505773813, 4.867565937450431, -74.88814801040445, 25.90293560853758, 58.42356148907848, 140.70949099628012, -34.52510784230461, 7.465373297421511, -43.91603843413867, 86.13524813105485, -140.00897890233628, 52.54769816535509, -48.98425981368814, -55.61790160718151, -150.23854036937172, -126.53779586684121, 73.57819484504859, -45.665422539159145, 69.82398304988386, 82.85539925905746, 14.073988283857746, 21.21227989333506], [-15.529914851763529, 3.897008200795549, 30.2784287409246, 25.18581484560992, -0.21446388906778674, 9.866684327911539, 7.102430772383614, -9.489940596413911, -15.842817281565399, 130.60302812901807, 61.45959423984008, 23.29082036871166, 937.282355485178, 64.18677778157442, -78.53726024396377, -42.71544507506683, 87.13144047731892, -32.45971651425927, -65.34086454691901, -104.59871573440603, -117.91368928669955, 9.789922017628182, 7.100798858903659, 74.11706559554133, -53.74916892992139, 41.25704251896547, 166.97095076790404, -30.87975124742044, 229.07705315304074, -16.670532573735734, -33.164002628345884, 16.701709532269444, 77.94321085265476, -68.36678204425374, -6.8733959704725605, -19.69272220931692, 199.28367036769328, 6.960709415727047, 104.11535177666576, 103.77243977831863, -55.727828071040506, 22.222602154134886, -109.81517566691771, 47.70969631812601, -95.55688301093981, 148.27787367207895, 9.801639896273773, -52.546091179730155, 10.082362175798002, -55.03482041272562, 23.27266346924081, 90.41986695707571, 19.308459270708966, -148.0170239684786, 32.065813712412535, -57.11309588091857, 28.933386117812702, 42.720585830787904, 51.54583859911512, -30.98893279652936, 6.308155922688696, -50.99471938833293, 98.80797188956262, 10.99495800430234, -37.09643232625081, -106.44771899666564, 6.639843037805671, 15.541199795052735, -27.249639397591363, -146.66828383127572, -49.98188208340417, -35.38880611943103, 57.601810242177784, 61.28596649432839, 105.75531554626134, 224.63404092314124, 38.5637041922029, -55.69870223495193, -56.20305256250732, -36.93098466692534, 142.52467837710137, 129.1514847222085, 81.81822093723231, 65.65737442132969, 15.57580114080699, -28.39629477085207, 81.60718351767333, 53.1091098233502, -9.032009038573682, -104.20687092171566, -63.09887329970656, -156.46974340665085, -112.1200132234645, 20.397711244248107, -52.35573494092383, -13.351597504454125, -8.703965245182332, 14.97875212814705, 77.00591576453746, -121.4872320412617], [28.966531484287838, 9.976471866724639, -53.12636930066763, -81.61710658244043, -19.689040043359036, 119.29790729011987, 39.793657353485216, 83.7314634452876, -118.22594634477967, 16.97734923391235, -11.416729146861261, 14.677149071125834, 64.18677778157442, 728.1634041623394, 39.45133303111141, -28.954874654384486, 55.16357496577, 13.223196715100707, 20.44593158528373, -115.45167588241611, -11.396564251834704, -89.78202265602916, -101.98096020093409, -36.009207063405306, 106.7248278866223, 0.19891755251959578, -28.740947010787895, -37.88796649991743, -1.3244876262187353, -18.62560176968186, -41.330391304220164, -69.66052839349294, -127.34696147959919, -1.0810358318405446, -40.22113142473726, -196.87968854552278, -17.625642252063592, -89.89456608837727, 69.0761527984738, 69.16074793773498, 17.126129221239253, -74.19416014459962, -30.653369854343158, -97.30653469619546, -23.446670838639807, 92.34012253025136, 19.40134510946201, 4.328440521049407, 114.24269285010699, 48.98106859237765, 39.05630920409109, -74.8844004484637, 36.824944684876954, 22.18722298901328, 123.30489652859336, 55.077393165335536, 161.79226881748207, 85.46326174436497, 69.82510423773003, 144.07767768537664, 88.82046192083875, 23.418833986359697, 43.626273958768934, 9.729055225188029, -75.46198184317468, 97.53132569672945, 107.45798201974769, -25.109638691324946, 24.602416481633586, -35.736962839777995, -98.43593663270843, -59.40763659668859, 142.02985548865206, 87.7616379250359, 20.857357605321567, 66.12899648612827, 84.50146096296665, -33.34772711501922, -117.25309991988024, -118.05595448403825, 126.31780905311905, -87.09329296971052, 97.59419516489814, -75.1760407658318, -0.6106131499125795, 18.760142067964782, 13.17039856793593, 54.72807783095482, -27.826911929249942, -172.7115599701988, 64.4010865573089, 52.149546284570214, -15.965185763330087, -114.13282448071902, -75.71116861609222, -161.9553908364684, -3.7420178877881316, -60.502482355353635, 65.04918333390181, 40.12319201455603], [5.685328035691332, 15.860729565231972, -8.436892963853607, -56.6308286826424, 38.59333634165016, -39.06184867984147, 90.8317386016949, -31.87287511340444, 41.862100889606644, 50.25222413601956, -82.20584339030925, -113.24425448687178, -78.53726024396377, 39.45133303111141, 918.2634223258628, -31.719823346257066, 45.73840873066073, -160.96522376891656, 148.5969945107046, -86.2195339366451, 108.63616132856238, -108.18738088026706, 0.8966375347714639, 3.9822690661631297, 83.35100170672075, -224.01389351165926, -26.280247068660046, -104.74712807860078, -16.616372377701847, -75.84413056357133, 5.784389052289598, 22.994079984689005, -40.31542959474104, -71.44121944138824, 103.53397280529896, 55.42317998871632, 87.90216756086707, -71.4762565200666, 41.510700764001726, 62.91069740769651, -37.39615066416121, -115.07984481093038, 66.5180347203604, 104.50657738597755, 59.66018923084434, -36.04821782516271, -32.427466626032015, 43.94813004260768, 48.23434199783288, -58.81460019880106, 33.00185383289265, -41.623860270241195, 95.00592576518416, 0.5049038209794661, -2.8514239420315604, 17.56722666286757, -19.70831314459737, 64.92616609877162, -68.34619295130649, -15.305401066707581, 38.19899173155021, -30.753424843721614, -51.19585008727295, 50.546823241184924, 11.583104757790933, -38.458503443879984, 39.441985741090086, -24.624979929712772, -38.10305096024971, 4.556631898173989, -10.791529167157002, -24.247301698292333, 22.769123616956357, 121.93212081496236, -9.44507585244737, 126.91517955665438, 13.39991635115254, 106.25593014858065, 66.40379014692232, -84.22083953894966, -7.5793536140094755, 28.284040625753043, -14.439778750832224, -29.101366894654763, -43.53550752924181, -22.617063055601506, 16.788361579203666, -75.80412890938386, 58.151808080791156, 130.714850923291, 36.537331302637234, 54.465551607887754, 52.19387318939038, -79.13786504883674, 133.3549435253353, 4.7730911417649455, 46.64195400610092, 88.28351243671452, -36.42932491149003, -34.39265189640038], [-71.23684643678892, 76.26279212667549, 54.5189163917206, -94.64635340540143, 191.14458647083202, -128.81223738503502, -33.511733263622624, 45.469998865894134, -130.07302502603233, -45.0202311098688, 44.52557499730367, 12.79985167312158, -42.71544507506683, -28.954874654384486, -31.719823346257066, 1050.8005310083884, 7.191350265135686, 181.97880667780194, 71.16920144062968, -81.79452491962054, 84.62257794997281, -55.28403463217716, -68.16268925854257, 0.033136377609942556, -0.17798771285479456, -51.50219417057139, -16.528559749195782, -18.91084568544896, 15.358897508712332, -107.16796246178014, 48.256261049196, -109.97840124775699, -0.35304941314772925, -56.16426197760466, -177.3754460719603, 29.65705237195729, -65.15658916963788, 31.983257211209985, -101.32353366730388, 41.69838402537241, 100.79335028291477, 102.58822415305582, -20.549027027890375, -35.255931461218026, -58.816923787051316, -9.901265696353649, -124.77803611553041, -23.53071589185045, -1.5626944743993711, -98.22673545591661, 25.942406748950283, -48.21379973482363, 42.567956168277995, 18.366018872310452, -7.509293970251246, 43.13680374484826, -35.66233976835822, 122.23447016174757, 2.5481070759999636, 106.93634193764221, 137.0515650924767, 59.55025833759931, -23.93313597138407, 69.24152565067274, 132.30033417486902, -140.85374393426753, -48.92758749817767, 60.256597921307794, 61.582245408320084, 103.61323961570399, -27.36711798515146, -9.681139638378413, 18.880278261581868, 93.23274786954698, -109.61929138254257, -29.259779679066927, -107.97579219440271, 124.46902835286663, -154.77616799070367, 92.90869322008346, -180.2238277075856, 98.53130158090164, 6.5403070874099685, 144.02249426600542, 22.43112460035368, -30.68065170553689, -82.44943158692922, 46.22347045373742, -4.3260387587402676, -59.95071186289417, -140.85176855693047, 37.48301018682066, 180.85509946672377, 103.62669293952156, 162.28202340985698, -39.28010921873241, 80.62074688822204, -41.91305572801813, -85.28068100122412, 97.61854765525752], [-34.205612008740395, -145.84667325634243, 1.0585212162849555, -24.360792738715606, 13.405255355829956, 34.70676888380416, 62.94158717640433, 70.89448946445732, 78.1942190848099, -0.6252752380994544, 21.83143331634625, 45.08369882359346, 87.13144047731892, 55.16357496577, 45.73840873066073, 7.191350265135686, 918.8367331133038, 9.622703109022893, 14.46622187660273, -96.65586073030053, 59.41358165544031, 31.670076350946424, -63.79828366405948, 16.798626304458224, 17.0937163526675, -41.53096851933392, -86.87728347375533, -154.23729042075902, -102.7659886036566, -161.8997113284232, 117.96996454889522, -115.48226597288932, -162.44883593751598, -53.54502899904737, -6.950500976834272, -30.54871163772765, -3.9744831215581615, -37.63979176826368, 95.34559961263392, 6.233592829518559, 92.82799271437106, -16.35554689507913, -73.01497544464104, 125.74792468148995, -5.7615928943146315, 0.4413063557831512, -149.73197461736942, 44.6025978071503, 0.5391867160611777, -51.99043945603315, -213.9158629629647, -63.38781538389357, 30.274555202662054, -29.20924982799735, 63.73909854949638, -83.64679587402952, 35.5012995220301, 51.99618407444314, -98.82117694963308, 34.635342110761115, -7.8540229801834585, 13.409357825571295, -17.844082334459834, -35.34276466970207, 17.1779371418722, 61.342148031538336, 124.17829143834436, 9.718146557204031, -3.612662331602197, -116.57414424805599, 30.95951608819356, 25.10641717764383, 53.077242530639225, 5.13137151196062, -9.535534457754812, 19.292536495393808, -16.68321565080154, 77.5771801518232, -1.6259217880042112, 0.3596828537454141, -80.95940368522346, 13.692290002678506, -64.89730609970593, -29.40566635265217, 14.228230925521531, -78.2662800229037, -33.35093333504599, -77.84551993219937, -81.94951382069195, 117.94619354959703, 6.48584624827171, 48.709439911390064, -93.44116610262512, 118.24193605141585, 0.2625651195051509, -23.971354324057252, 50.236070458238046, 14.516747752766557, -39.95458502874319, 82.10110191010733], [33.27781854377635, -70.27601442317936, -12.384285661456124, 30.304524701278943, 80.28873280986534, 41.345317912143784, 29.779081227511256, 100.64135325648803, -70.78291692752543, 37.823913068049634, 27.419157234448875, -29.49968089293136, -32.45971651425927, 13.223196715100707, -160.96522376891656, 181.97880667780194, 9.622703109022893, 700.7272108818252, 55.58106525544902, 4.638700523206127, 65.49413254250881, 86.4114509254494, -29.5718924691073, 6.666434072402812, -10.8513401786197, 156.72813162310393, 38.1922258124078, -121.16821239350557, 54.9952252786689, -10.96144391795792, 110.63630999414704, 36.855051093487745, 55.8386461747105, -22.92385156663014, -124.88378435955565, 112.35091967651422, -60.89506747947312, 51.30196928667752, 56.80347314370884, 131.54203791104737, 35.90555097507749, 66.48276648105696, 11.268638217209169, -97.16070690950058, 43.877055990912304, 61.48341373019975, -41.089997621117945, 12.80399520531631, 99.34661127081782, 26.611244226279684, 23.98308247232542, -83.50959032222008, -21.45431269819443, -13.128935532069796, 55.72697622968661, -56.94290612689208, -165.23479618866622, -66.69101610950399, -24.41892124636554, -12.62225042355172, 107.06047748792712, -19.485730974339653, 33.37069248992216, -37.84582680278042, -37.01196447787258, -19.767086853539148, 67.13029584121722, -66.04976973466977, 125.87210389430497, -30.076421496952676, -88.82834846735976, 117.65813220550757, 79.63382716288497, 26.498487558351737, -43.51922797927331, 134.18885502989278, 167.25142301083463, 27.757745660189688, -73.32807892050424, 27.782003188180873, 68.9399416168405, 121.76797475126332, -144.3222305785264, -68.1673288247092, 46.32684601864465, 30.853280458429467, 32.385793126962746, 32.790516654634565, -44.892893689231734, -90.32695094846707, -53.8307934012138, 9.433715654856256, 121.5164152142758, -90.17808713195159, -135.4829439889887, 8.57106430778764, 149.22755041045437, -42.88703018267934, 22.003366137832337, 38.84920577090099], [-25.821429411658453, -118.57557897267736, 23.11157606294036, 58.175735079108705, -91.93741230238884, -60.80043621193474, 17.847864753616033, 45.56452590862502, -52.79615487631019, -56.74618758820483, 36.027579841759696, 20.37091832072039, -65.34086454691901, 20.44593158528373, 148.5969945107046, 71.16920144062968, 14.46622187660273, 55.58106525544902, 1110.6006645100895, 28.847477738087093, -113.42453758274783, 17.995758332714804, -18.70716491702918, 77.1651405047282, 46.047279363655264, 32.58488578449841, -44.77681949728293, 40.642028341691265, -65.30396142594388, 59.904724863337954, 8.490281131906142, -13.69959776006669, 4.479293041612009, -137.61371881686688, 172.9851477279483, 18.34713942703721, -84.03362867157098, 41.00257886478605, 77.24273291425678, -19.449230209943863, -107.56452284713775, 41.558371135301044, -69.44111743205073, -18.00588143758096, 151.3868440734886, -102.74654406975834, 54.43200552911704, -57.326995325180285, 117.53419237291357, 11.324563612442095, 6.699187136275277, -48.97435074641023, 73.47668051720174, 45.751534212290025, -17.46632366264842, 18.27517714642728, 23.573814421046436, 8.999533458101165, 77.01997707250796, 0.48430227766774936, 66.66412967296155, -129.45953443906788, 1.5693233656617407, 13.389040168328018, 58.09965309155977, 157.87256529468354, 51.37967506101033, 1.9316600346086472, 38.01006425062492, 119.61188494152762, 34.60485304564406, -9.54703305317436, -6.447684241750478, 105.15413877955137, 155.29299847010492, -22.96753309963375, 90.53045534507768, -1.6275850409085113, 8.062672576857002, 102.74133755524497, 11.612876512821371, 251.73386077436805, 3.5733522542383716, 48.74419933797909, -61.964526466282614, -66.7312801387322, 22.186267543174687, -66.20011776915865, -9.610653727064086, -101.05177377793414, -20.441266909542364, -27.641894054525125, -20.13374435087321, -110.38397625661506, 89.04084022843173, -208.07104230535768, 9.279261946247859, 139.13803579389696, -206.94111095514558, 177.28193185824617], [77.36420578164962, 95.88541623622471, 65.12305892965672, -28.794958390307006, 34.24442163763768, -0.07592570479700772, -57.86079662088355, -52.879940358025635, 34.69642466459477, -80.95572936400126, 16.438444084704418, -69.58037319891977, -104.59871573440603, -115.45167588241611, -86.2195339366451, -81.79452491962054, -96.65586073030053, 4.638700523206127, 28.847477738087093, 726.6547796283959, 7.460324530758916, 94.37038486567859, 15.145892027988992, -52.52171350900603, -63.668175484912915, 166.89458563664974, 31.083141984715564, 111.71733800583932, 58.30591886686501, 39.092687154815074, -47.72500847503235, 47.3499106589286, 63.7127711842389, -50.2379493227167, -50.27227780585088, 18.9916028897741, -68.03857520189199, -46.26890333577033, -38.198617505661396, 48.209587332632516, -34.435480315088334, 85.44014801926461, 90.91741976406342, -22.563972676299834, -192.63893770453893, -19.373429697295776, 46.81520003235389, 149.4511380462612, -11.770322784492185, 69.66103109323599, 27.94280436422884, -25.004052654754013, -6.586193565812075, -17.868122064693306, -153.48133113387146, 7.904080328619877, 71.3594487597912, -43.268368833216684, -106.61115400693619, -69.38583877337078, -109.40001686492327, 54.79948365126877, -19.718786762014965, 31.24751204047071, -84.6572583250665, 96.92701669597997, 20.883136264907563, -8.666112743065238, -26.661174538629105, 3.59946808984963, -39.00330494743856, 22.67363314712673, -71.71978171728482, 148.68506830438653, -58.03860099017297, -69.96661370647506, 46.626290795599395, -15.284410117252976, -37.43867682587838, 13.759760030994645, -52.74923232473398, 155.21060542392948, -40.24752531373531, -46.07351736664971, 66.33358475761574, -13.111761714813534, -30.915322779759318, -57.29244248518533, -20.181263953489438, -68.69657272425545, 43.97759225482782, -146.3486915432322, 46.06001120850802, -74.58502121269615, -137.81531647649703, -3.5294922409744087, -44.78725280674322, -171.5365110632486, -6.910093926889439, -20.140709581013443], [-7.68674864894372, 82.42180666002979, 11.564395942935962, -12.113829663935952, 43.22035352379985, -35.566867142896186, 29.168754932014906, 76.78173118519949, -57.383550505790744, -2.205787675212855, 38.21801724930108, 18.26595