{"N": 100, "M": 5, "A": [[[903.4530769158999, -0.5755948807808462, 37.595008441723486, 5.904177720473075, 2.738530845733517, -9.02151035080465, -0.6623933574754215, 87.72837924476967, -71.71961222985563, -125.67359240013496, -3.133290102000561, 5.1994550958870045, 46.62958360743798, 80.90162918579203, 11.908096275076074, -32.9188767143235, 79.91797168336221, -11.16325910706186, -49.88198870839705, -34.3426021166819, -118.91491667649825, 88.61931242311462, 37.819312688654016, 88.32727930237091, 35.744014838324354, 63.71175890014006, 36.439165637581105, 60.84072268817376, -26.33292607820061, -134.91134711254884, 41.547278960672735, -83.63319244021909, 29.640658433582963, -83.06491621597016, -71.37566189437747, 40.09491213115254, -7.599734894481996, 176.0526790456243, 198.04717046992616, 137.19752877308247, 103.05739518961163, -35.476519377750215, 77.14868740278804, 51.77061591462567, 6.886874214464789, 40.025233927424, 8.676145308677787, -40.24226364963814, -105.18785287483016, 67.38366380903669, 26.08053013930499, 14.111563352611455, -31.673251120763396, 24.408574457589758, 144.44479430717973, 76.04771683007725, 43.196206598037676, -56.96009853944446, -9.109261525697377, 109.09438945566497, -41.009012742501255, 157.1188864885116, 54.9957094411589, 153.71884938497553, -86.03582292083819, 81.96456367715413, -138.38841151155702, -25.330075751050334, -5.23778988691068, -82.32974318656426, 45.67366808151044, 63.648319287646046, 6.015272647296477, 8.144695299668856, -20.35576285393994, -84.49903151389074, -106.00649411695643, 33.045389286710815, 106.93517557494111, -77.35550858712867, 241.96536559795481, -28.300969221952894, 23.40333897954373, -29.267889827077894, -63.39866268485322, 129.1629811173909, 40.49483633329797, 91.17957570953718, -59.0366360308382, 72.44218107755621, -48.131793739769044, -91.732268611911, -87.04703908103703, -150.65065166922383, 25.690204076016006, -33.07754794342461, 23.280067892095314, 35.487293928157335, 103.60781615757024, -68.14665630061988], [-0.5755948807808462, 856.436327936311, -49.58398801245029, 39.311007795232406, -103.54218982187392, 63.564769335530976, 87.55354551779787, 65.46956817887846, -152.8447330432413, -1.960505529904837, -37.8997184295703, 18.266220370657702, -15.768374171636733, -68.20454419153641, 15.926983912628245, -78.98390341995514, 36.695429542475615, 141.43768399193766, -43.79841702785841, -44.00672869248709, 50.773021324316396, 19.46593181448454, 112.80167067228601, -53.046797774304224, -24.77673345550119, 101.36245250960474, -75.13239184759331, 64.78927154501594, -18.461645580872187, -85.44634188301178, 36.6085943051531, 57.60656619583376, 42.27593898650271, 100.44929554013046, -28.767775673266993, 79.21794942520515, -6.463201619969003, -72.54162483630624, 9.91528505703351, 74.01828962279166, -37.18754023850776, 52.674922466303045, 43.287347798695855, -4.4404794235251455, 72.67497975867842, -55.629347702689806, 31.02418634795305, 28.740007220689144, 21.37203420261614, 15.17444536825894, -48.02967775286107, 77.57504283451753, 29.384271392147813, 46.08153842240507, 90.89946043464778, -11.763046973950983, -52.729193300367946, -27.0495509875456, 12.643025753678634, 62.399374353947785, -56.377995627350316, -50.77622319151817, 8.131914525473393, 40.04527150202993, 69.85849652667895, -112.22515359750092, 71.28361584153453, -4.383782727298685, 6.1355664496270705, -11.409767114121784, -79.73591385944714, -37.39675279749133, 134.64566564863358, -6.984330062393476, 103.33986484700385, -36.65663189291319, -85.76641636058856, 2.379172420903307, 27.10235248351903, 47.844556002605536, 53.60863823510402, -98.19689646237892, -41.5356028809044, 40.030872989503926, 3.4340448878817273, -11.400825314391016, -12.038310099418275, -78.37634421442219, 40.163068371497566, 27.601322441205767, 27.166671306336845, 81.75410718913821, 44.502832539053436, -23.11547838594335, -5.353703609368186, -54.14123177169291, -8.980886687329212, -46.54587250862074, 225.90308441133163, 54.66665530429316], [37.595008441723486, -49.58398801245029, 991.4774450866117, 39.95930482969626, 51.71454936066747, -32.096580639011684, -7.393910285168875, -68.17967222639354, 57.57547166621547, 30.565939484157585, -21.935604506908156, 45.82284092395837, -2.585081311603964, 83.45931937763713, 115.93854036412789, 69.18174492006224, -5.8402557501721315, 46.02390837351548, 87.92958020989344, -102.43220120482607, 116.75550170738069, 111.65685548004912, -35.937337035716666, -82.76200946712275, -95.45687588345875, -20.928667785497883, -37.8768312347766, -57.36003004157023, -55.03677394812228, 162.28823288131633, 54.527331551090626, -64.66687442594242, -68.2704962025918, 103.4432672379267, -76.8607513417978, 74.35303599531628, -2.8675347888298446, 97.276128355059, 5.6467391109528275, 6.0277058221742035, -81.63982204498396, 7.203393704957975, -46.762236195075516, -8.339377628104984, 43.90729989384321, 91.23243501248841, 78.50252547720729, -70.06550899074666, -7.065531398677501, 128.14140014129188, 9.33540216107047, -38.538170189500505, 93.38294672036815, -121.39030610276076, -208.2541493520356, -57.09155153968805, 36.179312239851484, 30.82697093837331, 108.8963351898716, -11.890591408976553, 124.40260523357287, 49.20982543891544, -14.36161789327637, 96.37662900859031, -32.162647049648406, -76.50735986102899, 23.32657241836217, 52.70189880752055, 98.84882404394725, 31.007143775891628, 28.449587875679384, -9.342931988639622, -9.08403163793231, 81.13800520314233, 72.20866828867824, -10.960733450018383, 124.79744796270309, -10.731184975678532, 33.87515658795448, 18.863809641129063, 7.315937098037953, -105.59953243895528, -81.46433575921641, 53.717459458357666, -11.85795347369029, 127.14852114705025, 57.77459946338952, -10.268347072417194, -67.45684308908282, -93.92899143317315, 67.53306233582835, -17.39101525313103, 78.14290738709593, 47.360669975292474, -50.549679524725974, 132.47272670069682, -75.02067670348615, -76.26874695215544, -20.649779994850636, 56.6894525356153], [5.904177720473075, 39.311007795232406, 39.95930482969626, 909.7763028125696, -1.2363867973148734, 45.55891224034089, 38.93903308932948, 56.10337102973411, 115.40587927060001, -30.287186748202814, 124.03182884795649, -3.420521264255961, 147.6500106191586, 9.24665947752847, -38.86562088769632, -6.941647371480011, -100.11416839093661, 5.78023840760733, -26.73519378609281, -26.308004436424785, -19.574049475266975, -20.363046914917053, -40.27278001371378, 56.11988629847865, 16.727693537940016, 8.653508454349112, -7.0736855081332966, -18.84682189860462, 54.84318436230971, 16.953775494471596, -108.10260778602641, 46.51707505092187, 14.212582069771598, -13.345748363678158, -114.08397124238414, 26.373707463695453, -74.72387611694776, 21.97451488802415, -47.442686635108196, 36.34602664895834, 10.507349757819629, 72.4258013433743, -33.05683345009341, -36.2828820619753, 90.82656373816697, 5.573931212511022, -171.62284381511543, 8.199595316991784, 45.752959817048065, 20.001851996118685, -94.49799961145658, -87.36692137008086, -47.61091164456505, 17.28447666382656, -21.211642330112127, 21.91797693826279, -55.0878627388229, 25.236014999884272, -106.27689934981831, 57.67443056211783, -82.58177104257288, 65.75211826126852, 18.63145804880841, -24.910322164965876, 21.443005318431936, 50.76790474840318, -80.51325397156674, -42.063109146448994, 15.012900954270792, 39.876378006121, -17.35861924945732, 124.04891635276584, 35.64346282186433, -45.67924351096709, -186.30656696333529, 107.27720676798673, 63.85548675017774, -110.32328261157748, -44.055688282987425, 67.44910489025462, -103.3851712245937, -186.6179618066004, -108.09899581542723, 46.5587896285393, -129.97769969880449, 48.19386842035443, 83.1803300020335, 21.719197743357373, 19.560082875811215, -112.8147147864627, 5.732540413619882, -119.6547025215549, 25.423281062630252, -118.50614365845234, -52.50325852318774, 69.39539637614, -64.98259049260434, -71.48188180943099, 20.816138730423997, 48.2458764098376], [2.738530845733517, -103.54218982187392, 51.71454936066747, -1.2363867973148734, 790.1802135325589, -22.847630530229278, -171.10255951474463, -35.973495716377506, 69.86264885318694, -38.40292940251322, 136.31490773470603, -147.61010817911514, 96.09923383962143, -54.61305223105372, -9.884239937036781, 25.963248683706425, -32.913542513181426, 53.70366043037507, 15.93921366142549, -6.316264683928858, -1.176617565920201, -52.87719541147127, 30.46388090591068, 201.29359885139732, -38.21280164797906, -31.2817997170452, -45.814585017642145, 46.99855011183124, -33.87897814187916, -107.22137607233884, -30.56263898375513, 43.718011888000916, -52.461011217536345, 66.5129359488125, 82.92379609775789, -50.60481644025156, -52.80441338885982, -9.278456244372851, 5.846894317047392, -97.88746923291872, 4.30440377297239, 74.89044807076833, -31.061438623196022, 73.05285032532423, 17.415815271665743, 51.38099987763443, 49.71705682641844, -35.60071445062705, -38.7749892516627, -57.97715563535682, 80.11425951438572, -136.79742787369833, 42.247533270001945, 18.75776049032564, 54.99528216359503, 2.5093240011641225, -29.483375210944736, -11.411358935027629, -33.28960551799518, -60.95442736455035, 80.69681806399136, 67.73840962491526, 91.40297038492814, -10.968326489934244, -5.159327902853298, 59.98739625285176, 124.64290104961314, 11.16262991745451, 31.576056961219408, -42.906490205239535, -77.59764861436817, -50.15101180600488, -24.97156677402607, -147.78482417235176, -40.901152263331966, -45.5050128529554, 45.09816536123578, 0.0534939268626686, 16.6006625978527, -33.9572211474103, 56.19094095668481, 40.47358497158308, -70.35349205002193, -15.13469298758858, -71.36487690576507, 69.01447879130285, 21.498649102286187, -40.616457317441245, 2.4821475685908996, 32.67626245975008, -17.120947165164694, -34.30898428671163, -14.947994573895148, -57.10741771073777, -51.28157597717144, 32.825633078055944, -30.784769231021336, 22.306438527379164, -15.10900439479522, -9.652746846983598], [-9.02151035080465, 63.564769335530976, -32.096580639011684, 45.55891224034089, -22.847630530229278, 937.3918431292161, 26.21385963658381, 54.880749328508166, -61.5898548450125, 48.01023701739018, 5.44769475627285, 59.11543534864224, -10.98779309104388, -47.09405783859815, 200.36276147307964, 22.079561675380425, 104.04853491218077, -117.97525145219697, 11.251249598528803, -22.146309193950078, 56.19808247518181, -55.41766453332854, -74.99893855123425, -40.607378759881264, -106.05381278773875, -41.93420573817586, -63.24527264539104, 91.04018862198946, 17.724265458848016, -55.69963141482338, -17.697618890579715, 88.7201567865598, 74.33653691343677, -7.92971736828665, -17.789293143611665, 13.859162311531026, 95.18735733407941, -118.41417477783826, -49.82063732096137, -139.062061825663, 71.76765951076683, -37.29167037923584, -68.12298750271589, 6.511510617528456, -59.49187695084832, 60.15349872497243, -27.930262126109174, -22.816386752556348, 17.21186576084521, 44.66036419872009, 21.305205455240344, -16.16543589989248, 228.0857926911355, 6.828692646835435, -1.4982064288959984, -83.72124026377179, 40.66700179394655, 28.512266895703437, -34.206576194159524, -17.730924973282345, -9.477037455257273, -14.41171859175111, 2.521891874372437, 58.617536547761624, 42.582165839248646, 125.90657184690808, -42.71685766921674, 5.38040668903827, 51.186706060727076, 61.309911731238856, -66.16709252832771, 19.73078769565726, 98.53183364893707, -51.815224030955754, 30.44723161604204, -57.7768486328156, 138.38588693433013, -86.45252035218796, 138.0518453521928, 44.88542501691753, 146.56200148803396, -32.85085850479965, 18.49606949709786, 100.32212082530322, 97.7003425808487, 94.6085434926034, 48.64970863575413, 132.2193185957626, -138.74417799633375, -39.866309094655605, -41.77433332760801, 7.879424036671392, 38.73677432287334, 102.54014643490832, -46.58945399753687, -72.51354871123897, -51.21452378001629, -53.973918562407775, 35.25812172268617, -50.55777157598745], [-0.6623933574754215, 87.55354551779787, -7.393910285168875, 38.93903308932948, -171.10255951474463, 26.21385963658381, 932.6831241995466, -33.18085799574866, 13.663886162937343, -16.45042700861264, -41.6268175099977, -40.34794217864209, -64.1541417356947, 30.876423751783296, 14.651138020698108, -73.14501510054481, 41.957034926834325, 62.78537363427832, 97.87897522304651, -19.616930392480988, -2.3165319144593717, 75.7877061893144, -153.14191442925673, -50.872958305882186, 45.78074032551556, 14.710354488886429, -6.860632550980199, -7.121155960029244, 26.942416459045663, 160.12185251630214, -22.562751740318436, 48.399621959631745, 102.40938464532532, 34.16939637916992, 143.54987102341005, 6.71283913540509, 38.805886087662195, -95.90645960388989, 100.11129033792967, 102.11641011260238, 22.928210456138885, -81.31827447130826, -76.95454842167759, -59.358538129114976, 58.0660114029962, 40.5646011849054, 41.40760354714536, -0.8984095082051675, -72.67756118053792, -65.50630446074294, -76.3307348376822, 66.19092470183843, 14.673706751151034, -65.78147001914822, 32.353293525808205, -17.95559099950053, 101.76305256347574, -45.34591447044724, -97.38655837265257, 107.38779407989001, -25.774683138052456, -21.095798212521753, 3.0480038823590956, -186.30293274944896, -12.401276382427614, 98.3390116579966, -24.117917422074, -20.749268984755954, -28.47457168902223, -0.7666497321544276, 85.84734580209079, -4.213409121086282, 71.29317991403646, -21.301646756524978, 78.30088016469858, 115.23132990381015, -16.897821079841094, -5.7030264067553995, 38.22503900069911, 6.219018278966885, -119.24578388329023, -140.16819982308508, -6.608728635336424, -103.60049405184303, 43.46847191619115, 54.23537504817023, -26.69462931203225, -18.92329037355874, -42.7227528550379, 45.6032201707979, -21.81000909563232, 87.74298113837155, -1.6574335065163783, -124.10215343799081, -55.80129314352585, -77.1095019625353, 54.89969480097861, 30.426908532064694, -48.88164826319163, -48.80651176647058], [87.72837924476967, 65.46956817887846, -68.17967222639354, 56.10337102973411, -35.973495716377506, 54.880749328508166, -33.18085799574866, 919.6630080867387, -61.386599947616325, 47.87014057656401, 105.90587606034548, -32.06799266565904, 88.80014709693987, -118.23420263476166, -36.537677039628306, -16.26894562512739, -58.948636500283826, 18.083271325247996, -90.7671484055058, -59.312477499407734, -25.519687236099124, 81.21702791886379, -1.8720680418104236, 7.104855901079616, -22.266595303082234, -66.2731886347203, 27.489562830472874, -108.98412640673594, 227.7660479890349, 54.175394357148186, 2.776848056658189, -35.25701673769907, 89.61187017316084, 3.3864248159028985, 169.63714088272383, -68.83912441352228, -82.50656319260142, 72.39067167602242, 52.39115271675456, 35.33323028967867, 81.91086631071192, -94.42402586968548, -89.8273263198112, -57.40161919426593, 16.70325068362878, 80.99433680868619, 0.021261089035316268, -4.207864114709592, 12.857996306385568, 105.2047272662183, 46.52723988421082, 48.31596342376669, -21.645168261240926, -97.84501662954422, 33.87340598038923, 17.87686696069127, -34.93942907863903, 65.82967859154265, -28.911050596222076, 69.63872448470917, -138.18942903456661, 55.9572578273153, -86.28288021687592, 58.55592300671182, 161.68538898092032, -2.809066062885781, -56.114501716758596, -98.35809281755711, 104.61057977221161, -6.486390608363171, -39.75956787371906, -5.846734954023131, -70.92508804844542, -57.83948401115856, -17.738703232904527, -209.93829310792032, 126.06126298208225, 22.75191866239268, 70.16897981877364, 50.68710837561557, 66.81468375049337, 2.2936725266348135, 73.63464424481427, -62.34816316400126, 53.48431957292727, 14.115825724044441, -42.54001290566435, -26.876507957051984, -112.43237178390407, 113.02172961502484, 27.349282986016785, -64.28916290154125, 20.731090065175493, 10.569957624217215, -71.16797454248812, 83.04530604553199, 3.3729134426748177, 174.17111959741243, -24.410902363741588, 13.347019720272007], [-71.71961222985563, -152.8447330432413, 57.57547166621547, 115.40587927060001, 69.86264885318694, -61.5898548450125, 13.663886162937343, -61.386599947616325, 949.0862651928051, 113.03708827150629, -87.96397713640259, -50.2538476360929, -141.972220541264, -11.400348277445017, -33.6639304976199, -65.69678540876662, -34.3760274023259, -108.37903458531801, 32.45637965931421, -109.51633122593253, -50.262251058339444, -1.8947488394577428, -74.5666289250314, -78.05269305513657, -9.539226972221806, 27.529425575402616, -20.951509232681616, -191.84729693456504, 40.129806435904335, -15.122467199081813, 26.04327537523827, -66.57220591864632, 31.26851502817467, -46.70226650397519, 97.70175441558438, 86.77143986715286, -62.658343057673136, 18.9845570765975, 83.32907454520401, -31.461726138986737, 97.59042014657639, 44.47654270399327, 31.085190970300143, -84.45367862293433, 50.5311247587991, 125.8014672072503, -227.32698166975163, 51.19526816303334, 27.247163871930624, -80.41533375873472, -14.578920263811893, -64.0590231230091, -169.15303653949974, 111.769516523631, 64.89863531876628, -43.82830175039777, 131.00259475146976, 98.0570584842495, 8.397381975755653, -118.76166840056176, 6.775185880212141, 39.64155530294624, -44.1546588675157, 78.23811350009923, 41.78404751297698, -57.41804398734568, 32.24860661436911, 62.38945313300572, 32.182669137181676, -95.33646284588295, -54.1142383270458, -58.28871532295457, -68.51872728819014, 94.24856998734951, 21.081419264307954, -81.69605812913936, -59.332813000808706, -72.12268177078631, 24.616021363466615, -97.22273456846567, -63.834670658861285, -90.78132500613857, 16.668857116794655, 5.641798518713782, 6.070779332532733, 4.536493193676008, -59.316663577208644, 14.470989005232928, 100.07224755882396, 41.10339475892804, -161.11131513483917, 125.35172154279053, 69.55227904246318, 53.62586842710173, -2.1724013298548694, 2.4359452025458066, 47.82585482261059, -55.91437762650365, -98.97116730623226, 18.979697549037066], [-125.67359240013496, -1.960505529904837, 30.565939484157585, -30.287186748202814, -38.40292940251322, 48.01023701739018, -16.45042700861264, 47.87014057656401, 113.03708827150629, 770.2568848781215, 47.66249238682315, -48.51858843619572, 47.57935362148276, 75.35186938965236, 8.836158326092681, 74.51039462454519, -53.21478416546433, -60.406886737033915, -51.00140846509668, 100.23837552025381, 38.40777833325627, -72.91779075352842, 4.088770913845297, 1.6496737685073815, -32.97422099040307, -47.5973044028237, -38.09074120077306, -13.940825187683124, 16.35236703880996, 117.02723612977871, 79.10463341532835, 39.80056520940053, -25.99271081637973, -89.08833751791462, -58.98577522169871, 33.05193638725755, 12.739743536043218, 71.39691495151793, -19.56906471615148, -106.4389509842078, 46.37283304274002, -20.10836605202387, -53.351796084642906, -52.6114572345362, 27.151153472718367, -43.92301671883726, 5.992565906336073, 23.607613762188414, 106.827913353739, -48.284228073840694, -19.007494419279965, 114.55751316870472, 76.73051921718078, 10.568719113165626, -49.87251601517858, -83.52748823349347, 89.56450161875576, 20.336690114444487, 28.634381047545627, -33.054024469510246, -9.984991984997993, 40.72176275622282, -17.75658068097451, 37.49740149145742, -6.6532311925277305, 34.39092763936043, 45.77491971314634, -92.66395632936944, -50.27348549250481, -24.295782366781083, 18.32149243941992, -8.781230727210184, -49.53489699721619, 105.93831804844756, 0.015661064004907542, 70.64050773286043, -34.58295469814356, -29.259463806647247, 83.9355059070225, 33.5952745332295, 74.38751207197966, 49.3800472877538, 84.01468291363939, -33.95856536323506, -1.802124135820364, 11.610298498294673, 80.18019663543593, 66.94313259676404, 31.578130589036917, 9.65648691286181, 136.84225823695922, 50.92601346536041, -22.61483356780139, 97.46252154452311, 3.4221150658614943, -53.30411789154885, 139.40784518231834, -14.957943685433868, -126.6016057397478, 12.561482539261922], [-3.133290102000561, -37.8997184295703, -21.935604506908156, 124.03182884795649, 136.31490773470603, 5.44769475627285, -41.6268175099977, 105.90587606034548, -87.96397713640259, 47.66249238682315, 1015.4252696555947, -75.19292930566093, -134.6907929177006, 13.283116600506172, -30.54163826535685, 32.96478412219175, -133.33516119181334, -84.1298752513691, -63.695455151301445, -25.716359390579527, 42.95817110796974, -91.41796502503936, -63.8819413417642, 80.57628197417593, -63.33782904928748, 62.804480767500266, -116.60685884046397, -14.222771470590805, 24.725309055228102, 70.35916331781544, -105.67875694467497, 135.7469080006098, -85.97213770135183, -107.29027259111366, 155.27375235669092, -73.10931058573955, 5.255708206299583, 125.55272863349943, -101.82387062314561, -61.76706197136234, -42.079654261162936, -112.99376395828631, 22.332378154902894, -28.752201446518423, 1.1723890386308216, -30.07665487323375, -143.08705603111176, 25.937698168497356, -51.7290699400524, 52.46894910010237, -18.56277257737711, -75.73286415573425, 17.11583746547098, -134.03570931669304, 31.062446393287342, 62.42438757856184, 121.12430693521529, -31.155836357637263, -28.646162092167675, 56.90937259966254, 92.19806466507647, 67.94905285092683, 13.322886844016901, -25.674023208657527, -4.874341078330204, -46.98789231776165, -30.232512082641946, -130.56337875643064, -78.18246412039993, -23.089820749213334, -27.350779796508835, 116.43646804222996, -76.35700808826897, 59.433681758354425, -116.37284390577905, -60.10872332731076, 42.43813600884507, -35.62756345771384, -36.870132720573, 113.39497009216137, 0.0066317153203149515, 71.88621181167278, -6.743615680310418, 90.77421241172426, -93.59682518841917, 7.941891075254374, -148.1009643632707, 141.77603330196018, 60.9355394543819, 181.41137516017724, 77.96774284598582, -158.9318332051766, 12.629615686088389, -46.13737187866693, -36.27958602527088, -57.666824003943745, 68.1589031845741, 5.448866611341448, -1.3686454816435893, -17.186083643700943], [5.1994550958870045, 18.266220370657702, 45.82284092395837, -3.420521264255961, -147.61010817911514, 59.11543534864224, -40.34794217864209, -32.06799266565904, -50.2538476360929, -48.51858843619572, -75.19292930566093, 838.9087997705188, 33.607093501660195, -27.56631783205247, 118.1335234527842, 123.87527493649866, -11.152497947118817, 53.352014678212626, -36.88038023115448, -13.756650865086451, -85.17552131949967, -6.139344020636376, -52.073059337594614, -92.65000333081133, 110.4368313918329, -73.62674976944002, 50.96444385604095, 5.415239348588093, 43.888958398162394, -49.04306171871976, 107.27030115974488, -51.25723781978689, -54.87797589502385, -176.25316037151978, -135.28759383304364, 59.46466987590869, -32.436590167106594, -43.746776955516, 15.124881134741326, -9.158226926211055, -30.301807369850362, -64.86795257269128, 26.78828083073848, -87.38238322675384, -21.68443510897671, 43.34498735393501, 77.22210207060722, -21.074344376743248, -24.956913231085124, 68.76124613205609, -11.834398403875777, 32.64441311185803, -8.89468169905958, -85.89765965791509, -3.5986399150412294, -5.97708437195716, -7.767633428345181, -87.52690319145714, 98.64214883185578, 84.95309337873937, -49.1944255242013, -121.8375712913194, -32.12228257521126, -17.117883266207084, -65.19092762719858, -166.760623876118, -99.76647661437593, 142.8419390173211, -120.32149549242595, -5.407757038290205, -15.655337558405236, 39.765942594046244, -69.49802017198498, 104.25029541786395, 61.345697271960134, 25.267786313612458, 64.26355579525614, 88.34415601545712, -82.79249074229207, -17.026861731118224, -3.5696449096264518, 55.003725097840864, -4.560791365340107, -12.288205586791205, -19.49457661424516, -160.1052648571724, 0.3471962710813485, -16.026610442875704, -8.601850119695344, -13.377603912914205, 90.78956898408823, -81.91381422872745, 22.53179223990587, 16.85131205145731, -169.25840953178772, 89.57867209258062, -26.916648745491507, -13.300789064948837, -21.418940867278305, -22.92174807303351], [46.62958360743798, -15.768374171636733, -2.585081311603964, 147.6500106191586, 96.09923383962143, -10.98779309104388, -64.1541417356947, 88.80014709693987, -141.972220541264, 47.57935362148276, -134.6907929177006, 33.607093501660195, 845.9624720211687, -55.86725619580985, -58.78213950904694, -18.992009349100456, 29.784450794369345, -4.449415086795846, -62.557890183383, 26.108446961475394, 37.84989042241735, -25.47964586814209, 70.34727074507882, -0.004597367527762429, -40.57856413697657, -100.82401874694042, -49.80453153484129, 55.930450057762656, 93.90259016125951, 37.93843971028422, -48.95771188992706, -17.4335916776877, -70.72863158195327, 26.101820061657964, 2.528895026549416, -31.325016997829877, -28.2966134387378, -8.559722965435414, 10.215164772457458, -70.85739389110543, -128.71134905815106, -18.583228253583577, -38.755342207606375, 90.10816108863102, 32.52885171793023, 67.73221354833356, 10.395973389304672, -9.634869776854218, 59.24095443867128, -6.500391874388586, -61.87586455688812, -39.13286002515436, -26.626682603293787, 13.364223729874887, -54.57946373780122, 51.28793965467017, -79.6150575601744, 82.8423758778272, -57.14843163210968, 109.16095017930887, 73.27793454319009, 41.37525325532453, 64.93655153852406, -11.290331444506704, 5.005645394866222, 14.732999439005164, 36.27983339440156, 64.00208807545735, -12.20382046957911, 23.601249530373522, -103.18167251868647, 44.37682098954669, 10.440418957054527, -47.80994876983731, 11.276074928677927, 93.14299861630927, 9.8251431590392, 65.08999367616026, -102.65014835393303, -97.72639353275382, 144.2683773362582, 169.7400031246955, 23.920750224240503, 79.58140500474985, -156.34166832297726, -23.54846779190189, 39.41359983483304, -56.937816071235986, -127.63135705015397, -82.09493052197236, 36.4875650024411, 54.736507010642185, -61.36624994363749, -54.44716935541384, 125.83156269365979, -26.734803876064312, 18.89611540585119, 113.94213053144712, 40.071079868878364, 106.80099661065974], [80.90162918579203, -68.20454419153641, 83.45931937763713, 9.24665947752847, -54.61305223105372, -47.09405783859815, 30.876423751783296, -118.23420263476166, -11.400348277445017, 75.35186938965236, 13.283116600506172, -27.56631783205247, -55.86725619580985, 1105.1955022145899, 22.19612329543539, 2.9464343103403308, 94.35541433492017, 44.77168791306442, -55.663944547014005, -23.69757565001087, -73.72222181367084, -13.490516358174375, 36.663216642841846, -37.629136021394224, -133.23834058212913, -31.081285906963434, -17.442587655857015, -56.66537748005639, 25.28458263252797, 119.69269697130913, -60.74349946934366, -64.80257989536003, -142.22417922684852, 26.894011602010355, -98.4613104855509, -127.43971811435678, -21.094933893675414, -44.74500396571513, -73.14736945995801, 176.14284514528484, -72.58643000314761, -93.47156099871988, 27.311691408180387, -34.80241877443176, -26.704136160119685, -28.938958545043217, 68.86089770255154, -48.64840290586966, 6.872570594620299, -85.00932260744182, -39.85294508045075, -44.22167664590064, 56.01991163420512, 7.326448941575743, 86.37361159297006, -70.30154582101098, -31.393091403742574, -81.44396558603877, 107.55853694788154, 26.601699897561765, 95.98414109517346, -41.59222343909943, -81.0663499836641, 49.90011564594214, -68.10427990867494, -87.85374241651787, -140.65079498224617, -61.83315157697634, -8.135516135190068, -21.443965753423804, 119.71365941497245, -36.36406607658464, 16.712916501034847, 49.97782939289412, 154.7249160476551, 26.121366140427934, 4.980660738419365, 137.47128431839252, -100.71221371859967, -1.8592892171447146, 49.766320587951306, -67.167964328175, -96.4654957165985, 48.16752067664015, -165.9884116345525, 0.43497987070774585, -140.98851677474246, 124.11181916212948, 13.13544950186015, -59.90486488713146, 74.81399529739384, 22.662519703701108, -83.09032275447377, 51.071136076464455, 32.297509153591015, 20.95071208360148, 24.41693272550369, 35.05962567450626, 5.216037873163274, -33.14116214098631], [11.908096275076074, 15.926983912628245, 115.93854036412789, -38.86562088769632, -9.884239937036781, 200.36276147307964, 14.651138020698108, -36.537677039628306, -33.6639304976199, 8.836158326092681, -30.54163826535685, 118.1335234527842, -58.78213950904694, 22.19612329543539, 905.9002866186088, -57.53846011876498, -85.72663670715595, 86.00264377828108, -71.27643027777427, -101.68738056456081, -8.770583117824883, -2.8605871298355026, -2.0220262305371155, -48.999943862363594, -43.03160390669073, 34.92422581268329, -136.4431181715979, -13.729455558488818, -188.09790819475694, -53.004468959525504, -48.55386362398602, -78.085740931977, 19.051787865356822, -20.324912830234485, -58.50135405755797, -27.653702434979525, 93.28571201717193, -133.95983420153803, 32.86935184823964, -52.21419544434457, 164.01811254308265, 23.24637069080593, -69.89851007743025, 49.154741059663934, 66.65498606552089, -87.851100068897, -96.15517906087169, -26.100453955634777, -86.78337772441826, 78.39999834214211, 148.45787532112845, -12.299493616118507, -72.89546260364499, -6.158604957282994, 35.373506682230115, 72.36731507245635, 35.02794019392091, -148.93584192646162, 54.33394642223261, -3.901799203096978, -42.800858309710456, 59.23532534472773, -127.89310721254446, -145.78278775043137, 43.86177277056072, 9.034860883796332, -32.67519360693062, 125.91363188065692, -39.34295816026687, 37.17269569629082, 37.28746068256712, 3.9810049467567894, 20.062940152806824, -27.76070234588877, -11.018055050518289, 49.71884803682216, 14.55365969165229, -52.70466281605304, 28.96815365143351, -4.280820446860857, -39.47175099509436, 20.068803633588214, -83.94440240816245, -104.96995894892605, 6.4116927120051, -69.2218834448675, -82.8416695418427, 21.94736093186629, 36.97216383358605, -133.24432563309264, -76.51344930961878, -36.77456029375653, -64.29819446732598, 75.7745332333726, -142.4332658918937, 68.13212187850323, -106.6469184267083, 5.192064790162165, -21.415134467695772, 6.996057737515239], [-32.9188767143235, -78.98390341995514, 69.18174492006224, -6.941647371480011, 25.963248683706425, 22.079561675380425, -73.14501510054481, -16.26894562512739, -65.69678540876662, 74.51039462454519, 32.96478412219175, 123.87527493649866, -18.992009349100456, 2.9464343103403308, -57.53846011876498, 837.5140457116698, 93.1496567360691, -222.79327152859526, 18.872107811916873, -47.14422002956999, -27.81443541148071, -43.65921677086742, 19.395206360928686, -20.150882200305972, -56.393069311947606, -78.32719629780127, 73.83037891535544, -8.093697854376051, -36.148313241660134, -24.870565882514153, 36.55186582513015, -50.571497932715836, 61.205556977547275, 72.2670367060123, -17.431228298073044, -61.69089993938045, 8.15520613442706, -46.314895808989775, -31.172968734524204, 27.568384971098244, 77.48853146316091, -118.12558978255701, -92.26757801163794, -5.060669240069545, 78.9008161329251, -78.00487276642254, -60.8118884879182, 61.00633492913145, -102.0079586775176, -68.28768705076806, -74.88335492394498, -50.55708331777271, -0.2665998594076911, 32.929303555689806, -5.95358720163199, -58.414556906856276, 0.6742647392387183, 6.7593238154038415, 121.42130967029593, -11.84189876857268, -37.27350499769877, -154.37416250868387, 89.50800080696793, -55.640557393299844, -27.098589207741917, 16.101568685280775, 76.17497582916869, -40.590551522584455, -54.40264401624822, 15.224636078708997, 26.03425859663466, 49.11252649198658, 76.89583772847605, -68.81633451223544, 42.35581768763264, 88.28796274116837, -32.92427369546272, 23.177936000238077, 2.628413407578604, -47.845430336308844, -136.76969789151684, 12.066091081658222, 64.87093057808532, 13.94825272448374, 80.24071553796846, 42.29958959227675, 97.40682317719869, -82.6019933812509, -108.77712414564374, 30.75868643465142, -6.503391749793207, -59.44242351804041, -66.4281531249221, -17.686072902195136, -131.87774716869095, 35.852918330595266, -10.156947304540504, 103.71825405326597, 65.17364097087744, -75.58327279137838], [79.91797168336221, 36.695429542475615, -5.8402557501721315, -100.11416839093661, -32.913542513181426, 104.04853491218077, 41.957034926834325, -58.948636500283826, -34.3760274023259, -53.21478416546433, -133.33516119181334, -11.152497947118817, 29.784450794369345, 94.35541433492017, -85.72663670715595, 93.1496567360691, 885.140035384234, 4.4888208993185374, -93.07016955162598, 113.29696182892198, 21.431953484799568, -33.751439976796505, -72.34219390890634, -7.68347840761648, 14.68384188307126, -9.285378880111892, -8.462386722367018, 47.174918999679335, 6.09814709025476, -8.436986209144807, -54.44305520535332, -54.04351939378915, -28.222726479273554, -45.775116712820264, 80.79049854406665, -83.45824471435155, 104.69480262939408, -49.835476057361674, 18.797002063863843, -32.01248583113557, 7.4396774004784225, -94.87094664358133, 102.09654093342627, -54.99921027607508, -54.69875347686434, -44.124229676106445, -32.78136576476592, -18.08700843795284, -26.140250033002296, 72.89752013522443, -44.30815910300985, -23.21312523582951, 2.4440855043515426, -11.165154826641638, -134.23936515107437, -134.97709545026407, -95.22835341722201, -49.73432400224446, 5.730264367466319, -74.47369017069406, -43.00114313228548, -40.24606121449409, -36.25013389006709, 18.464441099098412, 78.64712906343703, -26.24531818928039, 55.014671965399124, 96.66440024697712, 88.0299659454012, 55.271292696243776, -39.84559108293173, -224.06625795977214, -2.6484742020947163, -84.03496074094937, -91.64430564121174, -18.236582550767224, -48.06064017523504, 50.729029918187095, 126.35546203354168, -112.93510233326637, 109.45862348991194, -30.0117725504016, -97.42988007075579, 50.93938709307915, -45.271648195592334, 103.7736431867441, -5.68608030434919, 46.53056534336781, -24.117987206119654, -30.758002886231964, 9.561989644678382, 104.36177784426332, 11.372645668728179, 96.30468568162163, 69.1388214229474, 85.54940221931618, 66.40265547330809, 10.943949804994753, 89.02306727863393, -40.11448590428972], [-11.16325910706186, 141.43768399193766, 46.02390837351548, 5.78023840760733, 53.70366043037507, -117.97525145219697, 62.78537363427832, 18.083271325247996, -108.37903458531801, -60.406886737033915, -84.1298752513691, 53.352014678212626, -4.449415086795846, 44.77168791306442, 86.00264377828108, -222.79327152859526, 4.4888208993185374, 904.9019038837827, 61.04755384399529, 49.82728310386763, -31.6404289321536, -59.92540327620141, -57.49079966509358, -43.37270131750476, 33.173993021206115, -36.6086498545322, 38.89818193449294, 145.08980088873034, 15.223020879855598, 19.62261189377834, 25.650753746678124, 66.45453138967237, -39.82393647717291, 75.948903390514, 30.14864750385517, 27.071514398430118, 147.53753145395189, 36.05752957057934, 138.11728661217222, 78.09684645553627, -65.13764413267886, 119.03273450699531, 52.99909132147794, 17.148035909415217, 78.72750347405791, 34.171137154359094, -21.720060197790524, -93.94310788712421, 5.925912098920809, -40.2843792145439, 123.79101599389634, -13.870685703340687, 23.259599742880592, -11.191130903535708, 70.98893122704268, -25.90547922884164, 62.79649061834108, -69.8638024112893, -148.63953425956484, -15.558285598227103, -76.77112956394197, 13.712164643420294, 23.028471512041804, -115.73438132760415, -66.64095520203462, 18.903545805025995, 60.17613145059015, -66.28064008914349, 14.556689179889865, 63.142702660184995, 50.21480392331268, 64.70426437670135, 62.42919499829934, 38.37354136477891, 69.68510583275923, -16.593129601658784, 24.95031185189484, 68.37947556039477, -120.05692894867235, 26.22936519517623, 48.41372922020842, 108.57347776128235, -134.8911084740426, -12.6427302337553, 30.395094885840287, -59.88484696481117, 14.285024580578924, 69.9168911952689, 62.229177052871, 89.80262695386165, -95.29270977059126, -4.453698294801584, 92.0143923393362, 32.319669179163114, -34.62807290944447, -25.674315954525255, -17.338765055957246, 2.984552305759673, 20.939556477892907, -3.1091266562780766], [-49.88198870839705, -43.79841702785841, 87.92958020989344, -26.73519378609281, 15.93921366142549, 11.251249598528803, 97.87897522304651, -90.7671484055058, 32.45637965931421, -51.00140846509668, -63.695455151301445, -36.88038023115448, -62.557890183383, -55.663944547014005, -71.27643027777427, 18.872107811916873, -93.07016955162598, 61.04755384399529, 840.6925368263632, 74.9227721182478, 138.51254456352157, -59.381976135258014, -67.55990665211145, -59.7048563864383, -97.61646024138123, -40.99366535384522, 42.92427606733319, 39.81842904461341, -20.065026548909934, -3.107146885674992, 197.43730609260808, 34.447254103188044, -6.998723241282764, 118.90628583946356, 5.906731154345048, 82.82597807221899, -84.123104420214, -161.54519308604782, 21.374611774683203, 23.551510917586914, 32.945790799229634, -31.09739546381609, -54.30679476994521, 89.17961702254341, 16.241283876744575, -102.35428169010673, 100.84103030223856, -101.56929459239942, -12.74367931241521, 26.84960527380206, 0.2129750581937375, 55.04814638487912, -17.008923850791657, -78.57323916082588, 29.079244564471146, -12.725518372113926, 51.74471855911743, -138.2285363292938, -96.35294439440085, -124.27947948545724, 58.90714370678384, 3.377067370742781, -12.273995439961407, -97.0092171552469, -46.14039828589044, -98.14518318111784, 156.6333837159731, -86.9370654182, 54.057753487958394, -131.88145234353243, -2.435351800816209, -33.084168703343195, -104.53222898993725, -73.63111862430738, 101.9907116881659, 145.65943750068288, -11.840273156514034, -62.848492315020984, -39.247258730327474, 71.75048338201091, -16.90022124843737, -86.08846881800301, 124.81440674744742, 57.695361176121686, -10.873778641950718, 43.174237468144405, 60.23851303008005, 22.560446329661367, 55.29947425972348, 8.298741752214328, -37.36204579809031, -26.762509004486237, -6.8874936871963595, -42.57196028692103, -87.11132523547592, 10.004570295702448, 25.17150385519504, 115.68915316211935, -41.716367663766206, -57.04853311227664], [-34.3426021166819, -44.00672869248709, -102.43220120482607, -26.308004436424785, -6.316264683928858, -22.146309193950078, -19.616930392480988, -59.312477499407734, -109.51633122593253, 100.23837552025381, -25.716359390579527, -13.756650865086451, 26.108446961475394, -23.69757565001087, -101.68738056456081, -47.14422002956999, 113.29696182892198, 49.82728310386763, 74.9227721182478, 899.0437244016479, -69.02593370158672, -11.838482627225082, -33.69785780949768, 25.4250314511294, 91.6880773714693, 29.121189275580853, 0.9879758811468267, 49.392170992894336, 72.60127289103377, -47.97859156815397, -65.32764238988933, -12.695827960953055, -32.78043184512448, 66.33302397914328, 36.34244109517792, 45.69332837252763, -14.342139165019768, -78.18868277941219, -49.58943862865091, -210.36816122969313, 90.78785785753419, -55.069471734600995, 37.79103892813531, 14.534992034998135, -16.78780338810506, 30.942463977798162, 42.7546971985552, -131.5701617791126, 81.35841134998005, 7.478532627880588, -28.326179375057468, 46.881146648899524, 1.6608368538034664, -76.70542933683038, 67.74209356968163, 127.80613828043806, 130.54264887204462, -158.89194462383708, -89.31714705362496, -15.077718523181577, -42.59788369823401, 74.24112029334975, -9.596494905954094, -102.58725731458178, 42.28315865336502, 38.79965689879567, 64.96256653450966, 56.65656112285251, -32.08167143272963, -26.077509338650213, -74.20640172171451, -20.78737889193554, 6.035020620319962, 20.460640374203994, 22.398950493613647, -75.04438246853086, -45.05316728063645, -99.50218911292593, -46.254654473610884, -81.38274632309401, -69.47150105053699, -40.59087275190053, 40.32805381817139, -149.71521677475175, 29.305375203620912, 86.4585993974959, 3.8433126228792527, -89.45286663982759, 21.867789302702374, -132.2800693832971, 167.3940360455131, -95.32568318999674, -115.34330789856529, 59.685500290683905, -16.109837094585977, 70.82975303907514, 107.23513218716678, 24.44123202026981, -38.33121490692771, -159.11937237872107], [-118.91491667649825, 50.773021324316396, 116.75550170738069, -19.574049475266975, -1.176617565920201, 56.19808247518181, -2.3165319144593717, -25.519687236099124, -50.262251058339444, 38.40777833325627, 42.95817110796974, -85.17552131949967, 37.84989042241735, -73.72222181367084, -8.770583117824