{"N": 100, "M": 5, "A": [[[1075.2625212332089, -1.105610713589902, -97.57222820682765, 29.97348572891887, 94.38144956203647, 22.9308499420935, 1.8322149212215153, -10.396042753693923, -23.23417161271693, 29.59398355852145, 11.57316799965596, 51.15934055390318, -36.921103013368025, -22.403403287208548, 49.0951731013787, -34.0020295974417, 123.89762639108268, -0.36185427534841685, 6.267088714374639, -126.54426833857417, -5.215732162186581, 38.163053364107625, 4.463751637261281, 98.60830054910826, 23.40506290570357, -110.44766191671575, 137.86529234794298, -105.35733824587442, 1.6508217862746188, -45.12304646859591, 52.71457005807872, 20.144018394022364, -134.18137253541735, 71.62541382939587, -12.965130551294665, -111.20509455648113, -73.1566417887961, 31.764681865181867, -87.61037708281621, 59.71559954004302, 126.66458272962431, -24.14659277201506, -47.756958987334215, 104.80438342345543, 42.36162951213536, -154.94172400938965, -165.83048719508704, 58.00105147577771, -52.69997535115906, 43.031325575931405, 35.17815464536836, -49.34367854320129, -63.07498342931364, 81.12927247781573, -31.057105162138022, 15.864357868666227, 65.5791893343949, -99.07761039037834, 51.62816703897711, -6.541317281034465, -31.559530117130844, 122.48603411637318, -125.3062561080541, 36.046292476433514, -83.89063696512493, -18.207351131128238, -12.19664010615791, -58.35870252077863, -62.55460205147383, -153.49369807136333, 126.69895337646537, 22.385518330892243, 2.8593509662430314, 12.994486496786807, -7.290197625271892, 9.872707440394263, -14.028867303115534, -56.82273638510475, 12.165349233173341, -54.10904601868226, -91.30385389323465, 26.448207747602712, 33.27502615496568, -22.6109085039213, 43.236472368861726, -2.0436688838549797, -18.15677026078772, -59.140456137990014, 13.87661676919363, -27.26608967806748, 138.43496480760078, -46.01106969726029, 184.67455899996148, -12.744603093972568, 177.06290496971505, -49.26565269008657, -45.55412255528105, 6.283077424930134, -25.398471110471323, 37.134103247869746], [-1.105610713589902, 762.0170725610275, -55.75078433036844, -0.3347840500421676, -46.36431898634221, 45.627323927887964, -12.062223412103005, 48.3248104005327, 62.579267761905015, 16.20937267035134, 56.099303793680946, -116.39000175081871, 28.070670645197293, 20.309924006057244, -5.206287137955207, -63.6077571280242, 5.741312779907878, 45.36212738350831, 61.834535191106184, 146.40857456983997, 31.828341849469574, 22.689402477565924, 138.44200396945695, 71.75127078071075, 51.125680559712094, 43.061584299149736, 17.695670736734225, 96.20839208090327, -7.166553485476907, 128.52292247225554, 111.82914669965606, -8.451472530312305, 90.42224885905932, -20.1916349942241, -39.60990624231344, 23.639805783559705, 61.29447807139542, -48.38579648757847, -8.37417874815565, 39.03041970628919, 52.53670994467709, -35.954318174156484, -30.898753034556652, 36.62833598316316, -14.240716615465294, -106.37870310567098, 29.083248350816387, 82.62917810690072, -78.27784747931399, -25.734570361393605, -79.4648671280247, -148.32786954244708, -77.35011884406379, -10.06561709993395, -26.410740235856064, 2.0112937394539685, 42.81417940916693, 19.057608721264284, -48.00195011705343, 55.93774024834387, -109.87605969448519, -21.53364383619884, 12.41526022035012, -14.449281684216528, -87.3533986342182, 100.14841558663436, 2.6128013597951645, 43.86022593851508, 38.474755456391655, 46.58114390645765, 72.50385795881782, 113.53620794475287, -138.67989885256162, -3.0051362812055227, 93.57419118599503, 12.827312102586811, -103.41521422434053, 9.40230981474843, 86.62729628625482, 70.70433082450302, -39.135297240708596, -107.8183974302935, -146.86702662519843, 83.385228959392, 73.63799173915929, 101.40068257817964, 43.91112711496209, 7.587264271807967, 58.411526167887466, -21.6450724621352, -51.53115430750113, -147.73069184858093, 28.064832625537214, -33.63581089910021, 15.858776123983002, -53.683286837559294, 10.56441099382371, 111.27370002056543, -56.017852901577314, -12.908745572035924], [-97.57222820682765, -55.75078433036844, 716.6488073290756, 25.034000677581687, -33.980730993157024, -35.48971161722872, 69.21017742450063, -15.727941820723775, -56.72150797285312, -70.4682291788964, -88.59543273415987, 48.91506631928921, 83.95835806944321, -43.06257360476793, 68.55377338309907, 29.727679957218893, -32.14538479366235, -9.04458832480543, -73.73132137349906, 9.935320323534093, -6.4412572312937515, 168.6778925471996, -142.6920375573763, -12.86541932459363, 116.07350979037928, -7.4106203367986145, -42.16355743874626, -77.84187513262351, 36.11808903363732, -1.734008555100835, 58.97245201167253, 29.06788646249561, 8.692578387454919, -163.98811213330976, -20.63386518611627, -98.0903862915809, 41.12011171713687, 53.009045476807664, -31.383623039873783, 63.4200576231142, 60.55572751273225, 30.218828764638154, 11.071845759759691, 117.40555325690245, -104.24077258916924, 89.77125730683251, 63.50131057419571, -110.3302439517196, 25.35987421997621, -35.0272716437403, 27.371895200184586, -73.30563094113774, 18.36741420090077, 15.660975324126115, -84.16955993322055, -30.928950036488356, 109.84289143848038, 24.579461684338714, -18.52823734720883, 10.481282551364295, 54.20937239984663, -141.47719316031555, 8.845215669946386, 57.41708175341619, 26.512203054259103, -38.6308398238466, 44.71575133385722, -5.7153983923570495, -62.68969095454475, 41.395129674479364, -36.41438319721651, -16.623316812043093, 36.708806324699864, 106.98933026285538, 151.27040911992847, 16.066181122984066, -24.123569861089596, 33.18217809602229, 17.779603252292723, 80.6957866170779, -115.28701322066736, -87.22556241003285, 15.939975763448798, -26.886000319431062, -61.56945813497053, -19.698181594611494, -64.7201854147834, 30.262093589060136, 76.66785184008212, -106.15864419318937, 71.11561307960469, 22.56166900490294, 207.92408441612574, 3.9216300952778806, 57.54046681344207, 48.771046049261805, 72.9717937584894, 87.2079895001977, 126.61528322457384, -88.00710323156966], [29.97348572891887, -0.3347840500421676, 25.034000677581687, 934.0952731991702, 18.593385255097665, -42.50526870605532, -94.59539576107733, 70.5764828967062, 10.136066535897077, -71.510920253868, -25.78248245270875, -0.6799127959412952, 98.21530933472893, 60.24565348234358, -48.572811859646116, 56.69209982068122, -61.311914618744844, 43.51075453940172, -86.13275808886225, -101.95536446697615, -26.35456000390552, 103.61544775480344, -88.03053596886647, -81.58449031671051, 89.77827523800427, -30.282772707268677, -26.343158818665586, -135.05269269033082, -18.688477334375623, 128.64680636179452, 249.24460886705518, 21.154069915847447, 68.79444989419056, -58.22131636128931, -12.46238609445933, 37.82898998965391, 53.706032460472066, 25.43303688592857, -29.96527858177881, 63.13316889416617, 46.576361534672955, -14.916566553438395, -84.7909623946882, -47.83361992188543, -3.8436735110031384, 62.617623458059704, -40.967455920904385, -154.30942805171293, -47.610449887498504, 45.38830499629911, 44.73764943606658, -109.58374281042147, -71.16553943596612, -5.944813363641466, -68.94628314871683, -81.75452009343137, 74.5228254171255, 25.00835843536298, 62.23187174101813, -34.09903822251556, -55.403082398957686, -142.64390170968355, 61.31969664962957, -32.69886815067825, -50.92062128480595, -37.483998790813864, -58.150163156042616, -29.112033065823308, -80.05027994823615, -26.738298102765384, -103.89778596997563, -127.55692832046157, -40.34686219465072, -57.34667654571221, -22.02488016359716, 95.26849168722558, -61.73461418110189, 56.745256437369754, 57.05106920031748, -64.38942986498343, -22.61233675857107, 76.54808990270307, 49.95185599473859, 126.99279173183062, -9.81950843543752, 66.62593165313417, -98.07162881510105, 175.0042125790846, -97.3947403865323, 83.4289857452898, -15.26108459772067, -11.137065245327225, -47.09630956063484, 8.50879179429431, -22.885138984715244, 54.61464775234099, -118.51571934176425, 39.920608726690375, -70.42212840902906, -29.963364721550562], [94.38144956203647, -46.36431898634221, -33.980730993157024, 18.593385255097665, 759.4643554522224, 3.6404887128610364, 68.16498751285393, 32.801446494120725, -0.8587299909933276, 23.985611710938667, -20.150771151562665, 103.85742552018516, 82.77588494192054, 35.11458723087222, -24.960685779292426, 1.822499725471594, -79.68894821576006, 57.8096873936248, 61.78538958200384, -32.021523954086604, 33.184981530300945, 28.959585322070918, -115.80403050744812, 91.73030280464549, 145.12674641019035, -119.05290700636033, -43.483781089446, -151.49114017206605, -5.319866667338943, 28.008580214529463, 34.70674610393636, -49.12354183537254, 45.587143457291866, 15.371118707596663, 110.661044814679, 39.27756639813058, -10.106297482143106, -33.944236042360004, 130.45693033317605, 45.92504424186513, -4.236402240105847, 56.7631080727448, -76.08449299065862, 99.12415816762184, -20.088051357905037, 2.9657066026195236, 86.41457277752374, -87.55319300710464, 143.52104983563686, 56.127870137728735, 109.1725835380165, 73.48019214271756, -59.59189279182362, 102.33467598494751, 89.06542935320353, -2.8761482486090797, -63.17189389509667, 56.73349286747131, 9.80246728941755, -21.47533776627622, 92.73281147613702, -22.570034929610344, 51.04948612713677, 137.07224321938594, 36.03622766490736, 49.65877160045265, 111.0971596398927, -84.63992041895439, -43.463621766171414, -31.359122943042365, -9.50268164306173, -47.10253001540347, -51.41506694610353, -144.07929901892885, -32.843162460542274, -6.181838862497619, -16.287616539114627, 8.580908799990308, -11.339732291871764, -0.008545038174392238, -29.19944402701276, 40.3119019266484, 138.91780179871319, -63.54126992809397, -5.9652445025330785, 49.352873117828835, -13.280170800125362, -80.35397873465259, -11.176447329364176, 58.54753833029134, 50.560093131691836, 97.89227172588153, 100.33260666308298, 14.536697008955281, -93.96332324338424, 85.78905533594154, -7.392778255988282, 112.70226670369222, 34.396449872408084, -52.18410403951719], [22.9308499420935, 45.627323927887964, -35.48971161722872, -42.50526870605532, 3.6404887128610364, 782.0014048763402, 24.892962641171266, 128.96081628565923, -48.63654578461723, -19.682716721455094, 112.60036520463639, -24.175023850206152, 47.434145816618276, -66.32262009166013, 74.5377601532385, -98.19301762058694, 56.6183779713257, -42.938817396617786, 115.50052906987048, 18.571029688844536, -17.891357518246743, -57.33637336243543, 75.6030466672366, -51.6701920716691, -54.82228670650875, -46.7612383069418, 82.55048447995512, -16.844646078878196, 2.4702476371600985, 36.31767783535069, 31.17810800759785, 57.764282626187835, -21.39027960432403, 6.177071659324497, 10.812365872990103, -66.53978815466837, 43.9103757445793, 35.43462872857896, 11.452447030431262, 26.855611805350517, -145.58887803333323, -35.28086680646834, 2.03424763723004, 9.46081262799189, 20.58603560425672, -26.418794733357508, -144.57850430405244, 129.86188197116064, 69.78766491636165, -65.34311191421328, 26.480897952723222, -25.841220532447576, -18.391296253674057, -63.89609843374637, -63.89612244293289, -23.34185188019355, 63.23938759948558, -53.16397198249264, -12.894542213066956, -101.88931570460724, 79.94307699209381, -37.87041363991026, 19.25800791907235, 38.70559556818797, -20.138093529579535, -19.66224894664728, -7.949911949055235, -59.58700038377614, 3.056612429015657, 67.19841389649861, 140.40707815479922, -16.06669796573164, 45.091161776358064, 1.0202445411714258, -78.38682872436404, -82.04909995414883, -71.75936788945907, 43.1563991798456, 93.05857871132797, 56.17957208317997, -39.69708813554922, -145.58744610412427, -36.13794882625701, -31.503790486404313, -55.96953829206866, -150.62027385589556, -96.93666987804694, 73.33006040544804, 20.263094479857404, 6.366114676134927, -19.33988837605888, 105.65572602512307, 23.515035369900627, -127.45487283165674, -57.326838318886104, -22.299172908750187, 45.5030637295053, -52.75084766774758, 59.64777201218855, 38.59149412577079], [1.8322149212215153, -12.062223412103005, 69.21017742450063, -94.59539576107733, 68.16498751285393, 24.892962641171266, 691.9643524099965, -57.679424601660756, -71.59328682941253, -68.89313468548075, -26.901837507479136, 17.602277168145793, -29.248846071797285, -31.457931738894324, 67.94639748009021, -80.09385525231383, 4.280538264688098, -16.714678820911754, 176.18197647186577, 4.1147472926817334, -34.39089286054761, 2.857595822573083, 14.390117901807608, 42.8870135707282, -27.151137969387413, -11.749655154469067, 32.9413190511153, -46.59477688513215, -9.825208707725311, 29.19221944477674, 34.27725314282114, 75.00948312667794, -13.831316756890658, 18.120952912081822, 9.259425339823306, -40.36030447947651, -53.45033372189442, -57.60309949072797, 18.117251882855495, 69.01093050298755, -99.54007802989915, 74.72951964866405, -0.9217300017797738, -87.5421702675526, -27.782374608994136, 116.53347076541496, 35.134925775847876, 37.200249971020675, -129.7536532157894, 23.456567807998546, -61.03017988324451, 23.881107269445728, -58.59769536609175, 82.14114407054574, -11.362722184258939, -38.42433478972013, -145.87035981042234, 18.543587820597185, -24.87006092229533, 12.0975550989358, 2.9709137752656556, -71.94171703622132, -0.36494216738474894, 27.51266154162163, 52.1518621867173, -11.996526244716673, -48.46367616190846, 135.27465892642314, 1.5285733929952996, -13.119826940672242, -31.58213991974676, -31.742498117137252, -23.283889048470634, -131.697983848237, -9.522702005062538, 7.397482926056994, -142.87579192222216, 46.77790407374087, -95.45531069462787, -54.836779077742435, -27.640964247652352, 107.50464444920314, -54.668334902606254, -23.686655296604982, 73.60024757398452, 43.62767521146251, 11.170547891447155, -11.941763042128983, 156.47896243127778, -40.123936621306804, -54.679668423968174, 1.733753747568554, 100.35807399227227, 130.22810043549723, -60.845320864607395, -77.45845665141808, -1.6628370181802807, -52.04460570368493, -11.666607709675784, 10.176718860071935], [-10.396042753693923, 48.3248104005327, -15.727941820723775, 70.5764828967062, 32.801446494120725, 128.96081628565923, -57.679424601660756, 942.1072536649565, 7.4362189412290025, 28.013432485154773, 13.864273926950318, -34.26316720331496, 5.276490634961421, 145.07162993812284, -37.442592693414845, -32.07985127953279, -44.335290323238155, 56.64208981634389, 130.63661161875925, 4.753349939937383, -129.85473155371503, -97.56084502433147, -2.7725967104711984, 50.18217632196129, 105.69284498344422, -83.96240620696982, 30.037457581706615, -71.08500800288897, -45.17849367287156, 55.06583046824182, -61.34114300502175, 3.2160766003239876, 64.34804599337751, -119.42070051902479, -161.0784977328259, 52.990548170264134, -50.42364155968732, -36.050472762089335, -38.51401172005806, 36.36084951819504, -92.23216441232651, -113.44127860679595, -112.60891658357853, 3.2804122616239137, -63.372143100700384, -128.85538386434948, 141.6905355464322, 94.9008626575361, 36.54674720793945, 0.4562093859285611, 123.69609170971064, 116.29386953597486, 32.92515849017111, -147.0636353578547, -146.5082853923319, 1.3856649529895404, 18.568884750589188, 66.34723416267461, 15.706584822709157, -112.59185978417203, -224.84583095201288, 11.21724533963363, 11.237222953597374, -26.243684718447263, -38.34155734842425, -29.49625413050981, 116.01790701054475, -18.792995646619815, 6.431943569354114, 21.303194248991545, -116.80971433291613, 5.940583979818246, 10.927898877285724, -12.823113457442792, -130.5415044496602, -24.192310587811573, -17.07445627118181, -4.395873412703979, 92.10959846074653, 195.24978661462717, 29.931422834476095, 24.38741119196048, 47.32175227315494, 191.35432296314835, -15.750187003283965, -44.801056275973814, -75.08568126743421, -29.43999269943864, 67.67075948891728, -10.81785925507169, 0.9462325474059087, 13.276323806106722, -102.4605874483369, -66.60304883544762, 166.2828204022366, 67.55154087583486, 98.10369877951996, 58.559561079383, -23.699695936511333, -19.838545675239153], [-23.23417161271693, 62.579267761905015, -56.72150797285312, 10.136066535897077, -0.8587299909933276, -48.63654578461723, -71.59328682941253, 7.4362189412290025, 827.589751645046, 72.46001013108078, 45.34858987647924, 20.99726612364055, -1.3157727678797617, 65.75636016745518, -95.32112885920145, -101.62949159010655, -54.62480450142426, 26.786595940197895, -107.01752367663902, 104.50032883092804, -75.52780658150472, 56.46797755652394, -47.53534298680413, -54.07538242208691, -97.94822641597057, 42.768657156391455, -41.03158136627102, 24.64931060280955, 48.921220833708844, 57.22934149843093, 62.177343432688104, -35.740064955928474, 67.27084851819123, 33.99729652323771, -163.38100969078278, 199.19660107912804, 3.129013809270975, 43.05242591229292, -40.86023887472958, -83.77886487440223, 84.39637983432135, 161.40609464643276, -42.216410974999555, -60.75523136737813, 90.88694243939003, 22.72902473425154, 13.043487526279694, 100.07260305486264, -16.24558489326819, -114.63663703221862, 11.840225609729297, 125.07605440799223, 11.43831051005342, -111.20315023860111, 24.129223627181926, 1.0505449133729547, 122.30362079871999, -1.3203976938516, 26.81850324365506, -70.54897834278474, 67.29346633290159, -31.925959543966087, 130.54460716583503, 151.56403642550376, 138.19267626772043, -69.40590735279112, -6.715125293089652, -39.06455670344679, -36.44847579826022, -106.53256615223998, 55.21865487157825, 70.30747798520781, 7.035498413062089, 56.21399461539239, -50.32570490165818, 132.3726414989545, -142.93271075112636, 2.5512108309335586, -95.1972306122606, -41.61577408163103, 11.435622469784816, 161.45436296505721, -24.034352720171157, 0.6017981339382573, -59.4538576797085, 7.678584694252812, -100.96599544962697, -38.929456330406374, 103.55895573354813, -51.73722468421868, 48.745016445619065, -121.85363620849026, -83.95456459763815, -82.40692240828508, 152.66607249518617, -21.684604480921465, -3.4421483538416604, -33.45470459813374, -6.085420630902258, 99.51330632598588], [29.59398355852145, 16.20937267035134, -70.4682291788964, -71.510920253868, 23.985611710938667, -19.682716721455094, -68.89313468548075, 28.013432485154773, 72.46001013108078, 853.2619521711481, -78.69026712668563, -105.99942174489308, -65.005199388485, 90.56135252657461, -41.54407369436883, -52.32470222363487, 31.113872622324298, -61.973303927364825, -29.77338111137947, -70.52167192530021, -63.23907858731615, -39.87479403257093, -111.81531995603952, -35.52418216303465, 11.08517624709297, -110.5910027379625, -1.8737469288457989, 82.66367017417936, 5.970713938705961, 51.05539952609665, 74.50847460017029, -27.387088253528447, 7.718663856647554, 59.369460251998795, 38.54506278573599, -60.62157059032037, 22.563040049899623, -29.437304631153413, -2.182643434460357, -70.32927388449949, 85.43145542532393, -15.567414463599556, -1.8281829667217702, 7.473703556521938, -31.331998833489397, -4.92429541370938, -61.296978818045204, 64.81676102034861, 31.300503106820543, -74.17518418229244, -53.398450395381516, 58.428119714525415, 70.02474919220879, 30.906440901722462, 29.123773356476338, 83.5550386894581, 10.92923606426303, 56.76911656943274, -63.194578532914996, -55.93801823342032, -40.93781260672255, -17.452545684684264, 41.714242512322535, 1.2431990616432669, 96.30466384747588, 114.63999047949503, 15.734473447407186, 29.63035518879104, -42.150800301088175, -59.90819824882159, 34.25899861661972, -8.763289799269392, 142.626865021041, -62.639704306901294, -69.55068952249691, -25.94684652240123, -17.93292596767012, -96.4383156341417, 13.665116027977975, -0.5861819780476483, 1.301519909924937, -8.86210400221256, 27.584082719667492, 81.42548044938196, 13.46390342359541, -58.48050900665716, 10.31976294343767, -48.39550635175493, 32.73694021121805, -58.900848967380554, 9.565726857702924, 16.23706741484845, -12.430218619773855, 60.509903100589526, -0.5645965839067085, -101.70397446680892, 40.19582353263588, -74.42043099593529, -134.20296467791036, -42.38616339388891], [11.57316799965596, 56.099303793680946, -88.59543273415987, -25.78248245270875, -20.150771151562665, 112.60036520463639, -26.901837507479136, 13.864273926950318, 45.34858987647924, -78.69026712668563, 932.4136226861149, 37.59109970675134, 64.60495654853179, -32.889441716365305, -50.975401575973834, -41.56491087715168, 10.02673659932414, -56.02398866939891, 20.176181484821193, -41.232152768736555, -16.248926612319718, -112.87361661964688, 163.43930820665796, -42.51096078233452, -5.29263065431415, 36.79313036222737, 74.56282986966576, -62.652525074817554, -115.37274182089223, 108.93802860979139, 14.336543653259122, -153.3247930418856, 50.55026929075223, -12.781468395384891, -30.898010948898097, 49.99818650210119, -23.03358893992016, 70.53522090035821, -107.99190315587795, -39.76927109091149, 63.66175995875843, -97.41340699440286, -44.43974766920147, 69.62525568743696, -110.09357125504341, -57.057468508599364, -160.79526766627325, 31.20343507872728, 51.751602950002074, -159.36035826410824, -21.342636474888007, 46.311197012927984, -35.33891047683163, -32.048042002962106, -39.54781328926984, 80.47611123058216, 106.11559890952357, 29.837004647509012, -38.85091832880867, -10.982765218049963, 2.1482768466499076, 62.680825144665604, -36.90571096011378, -136.50855281999878, -22.637227251761555, -22.116272072236484, 129.72880907127077, 0.6138308855884312, 31.98372299502663, 8.82738228651578, 87.37627962169596, 79.15108001614581, 11.82636569375208, -29.835072677588297, 83.1343124630653, -100.12760754758689, -123.56628207483072, -43.33159699890558, 4.568005670415039, 84.76255833290453, 36.25718823410356, 12.226472992448864, 28.677742428664164, -45.92795424314895, 43.16358009813842, 82.10959960513371, 23.451165262048825, 30.821429374051817, 10.443213327201304, 182.1316308760871, -20.751452775598132, -17.72128263006694, -72.38782361046196, -88.50589303486566, -103.75580739679252, 15.543872782627028, -45.53488953762214, 20.220527737590785, 190.35827891333992, -53.88388256888974], [51.15934055390318, -116.39000175081871, 48.91506631928921, -0.6799127959412952, 103.85742552018516, -24.175023850206152, 17.602277168145793, -34.26316720331496, 20.99726612364055, -105.99942174489308, 37.59109970675134, 812.8545967919994, -32.42652008944229, 33.88400406034407, 5.244560948020957, 13.964057169238764, -24.2734174051733, 60.515156999576064, -37.998824207661684, -50.69682320864023, -17.518293981145945, 86.25172409670124, -122.4740150165279, -28.87966039483567, -42.06480534489014, -47.493677399172675, -27.952613380020374, -8.717462714847919, 58.32730262135394, 10.228485879563815, 66.52469144355439, -40.62006370715369, 26.5099773322301, -15.379824114205196, 25.74307888763834, 124.11369386525617, 116.50990967628826, -9.833240625612335, -89.36955778342134, 36.05491391094684, 30.057875848874794, -33.83921134878391, -82.08088594907848, -31.451845589011526, 84.45184135754303, 26.833354313663513, 112.18209870930842, 65.29512595178181, -58.12913815022773, -61.78828410782996, -100.37131852295602, 62.49459153714161, 19.806800832392728, 142.0092185176132, -35.772189554222834, -58.153775890285004, -19.398115499862822, 2.4118299340053766, 7.409875016599846, 97.03715837629063, -76.07632109947424, 85.71235859897628, 91.31225134395488, 108.55496074049363, 38.321205157559795, -87.41511637100245, 54.884699151725485, 31.569272393127317, 21.168066213521158, -16.10063585848762, 51.185144124463, 37.02737624133973, -110.80804821217093, -32.86982036335722, 82.30948049653338, 103.32353287173022, -89.16943419345897, -56.837653811309224, -61.40452060937372, 81.50081712557636, -1.481212111468772, 24.43418584922639, -32.18570942031968, -98.8734725159391, -73.92358019080922, 95.19058663595794, -74.02897034021785, 101.22627969187842, -71.59462581934774, 48.49626019296949, 37.42608162954276, -48.62165976958311, -5.863647479094601, -25.06058314479274, -28.751358203206372, 27.690578736390343, -7.428543472540283, -56.06736006275603, 4.963620855596913, -44.26106037966196], [-36.921103013368025, 28.070670645197293, 83.95835806944321, 98.21530933472893, 82.77588494192054, 47.434145816618276, -29.248846071797285, 5.276490634961421, -1.3157727678797617, -65.005199388485, 64.60495654853179, -32.42652008944229, 973.6848956062447, -89.31010799173164, -121.88283144416374, 140.7793576779229, 67.28332069010705, -21.050520393244568, 0.6534838364179164, -20.422841172394893, -11.238357300214755, -54.65732877155425, -4.509336790155828, -46.848827697365515, -0.005826406165929089, -61.092364359714274, -70.71139330903841, -90.44431588697219, 9.684344024660119, -51.9757031329327, 103.55497842497292, 7.083160413019943, 85.22736556930268, -3.341970495208401, -119.35771741797475, -66.32393336728018, 7.872093515682071, 43.54441384002435, 68.18714027032506, -43.590027590053325, -29.549003315884043, -11.988580516698594, 34.33241965438056, -26.258937712378096, -11.199015902048105, 10.570844482023539, 76.29112694789639, -59.10600357449161, 177.214817273222, -80.19272443312705, 28.751371735742882, -53.575827911033045, -138.02232770198285, -89.08304885768234, 20.330131342806094, -44.796696481333726, 20.722536687681792, 28.601791030809583, 47.11060489748014, -64.91442433288695, 152.0800652855277, -13.414269814581877, 23.281713426994898, -90.11636657914784, -57.72871275463988, -18.539821275012667, 36.98806435287108, -12.396579180402798, 68.64294158973651, -15.552779524937472, -205.9179479241403, 56.50435549153525, -115.20634853802981, 32.5006843181401, -2.8452428577902547, 36.90649662744469, -130.60625695564477, 137.40886240339375, 104.40114838472068, -44.43472685391974, -90.63302429635922, -5.718812182104341, -62.718270432669534, -201.77043645209142, 15.827512283777555, 34.152222467866686, -179.07519573252918, -19.540458367092423, -37.66712480351523, -48.016392854211325, -55.904622942996824, 88.25162308896519, -70.99368007091503, -0.3485118602021439, -147.93101757480326, 23.552133904039543, 39.18677187945465, 104.11350905235048, -45.57742393370571, -101.83049496983377], [-22.403403287208548, 20.309924006057244, -43.06257360476793, 60.24565348234358, 35.11458723087222, -66.32262009166013, -31.457931738894324, 145.07162993812284, 65.75636016745518, 90.56135252657461, -32.889441716365305, 33.88400406034407, -89.31010799173164, 924.8483808818878, -131.47798817899562, 50.42278402846064, 51.25006306707654, 92.81311133824076, 14.775305760119622, -5.593462731514532, 40.209106527886064, -40.71350539801134, 6.623054656434608, -99.96972400978717, 117.43376161732404, 2.8547298889785284, 37.35825296148235, 37.80573714968697, 64.65886985351476, 47.82304293947532, -23.95975139470069, 27.956973228636947, 15.117035954738023, 90.2879551746582, -47.544332864100355, 100.24079952721353, -13.035593824716646, -20.516663525514797, 58.70276163648444, 77.65783893224251, -7.17775496890912, -37.51484408904162, -125.28788083891949, -13.349534347497965, 101.21615716225021, 12.795796820992214, 20.048839533983603, -24.105928950148737, -0.2591626433994953, 69.93959239810349, -8.454356925853869, -17.131488644704916, 111.44937063255044, -72.72870768094441, -30.129947246801926, -130.93445709925226, -135.06474383366566, 85.43995649634444, -56.40428752993568, -73.3860709983815, -92.8458577807515, 41.82060240115422, -35.970705896747994, -26.8329014827994, 40.482436102725124, 53.88144584715574, -139.96823954744488, 23.21564366777102, -16.21656479460115, 15.903780235593857, -65.64841994891768, 157.069781004421, -26.207000297083752, 119.86688754236746, 18.61134756267303, 4.552040701520001, 29.340965774377786, -92.58975497339246, 145.9980226508301, 64.09277217460115, -4.133984524476105, 67.63323035808796, 128.57463217031875, 11.509991570177158, 33.556359998742224, -59.18994426816745, -22.43148467959475, -1.0164678519399526, -76.2802914999533, -43.469523706330556, -35.054362316190655, -107.90095995243338, -34.69145452318367, -47.42743501965242, 13.987853479017957, 53.59987872536415, -0.21520153382726667, 66.579911231606, -52.01490649745312, 78.83052373881623], [49.0951731013787, -5.206287137955207, 68.55377338309907, -48.572811859646116, -24.960685779292426, 74.5377601532385, 67.94639748009021, -37.442592693414845, -95.32112885920145, -41.54407369436883, -50.975401575973834, 5.244560948020957, -121.88283144416374, -131.47798817899562, 948.3701745854646, 53.8045975570141, 19.939750151956606, 16.590734443546207, -58.34425859025179, -160.46056611573937, 172.97741311485478, -76.93146833085508, -44.11993670734693, 95.32137031328631, -37.106346260383, 56.67686685034057, 39.34348955452477, -34.83260348701608, 14.073314519431603, 8.165460301052633, -52.370655285062426, -137.8661504445212, -62.62198020267605, 48.60390436258579, 39.74528889160214, -31.61744746391711, -117.6784405990322, 32.41200589096993, -42.48986809303876, 108.26647477561217, 49.885654372707876, 66.30872940382471, 24.74896234017963, 62.451252788138945, -84.74934988344405, 71.93360388871032, 2.0718699741300766, -80.36343385023369, 31.100670177942483, 19.030420669451843, -32.351979554973425, -136.00865342195058, -46.73982072578147, -2.0346673602614636, 68.5418532751626, -86.85665185140464, -42.33262390089125, -83.5771798752138, 4.3892142183404905, 59.73706601922544, -52.7554119684514, 137.88417774292043, -21.6945004659729, -13.22405814934924, -70.74169734267453, -23.47154438775917, 91.73613252934142, -60.19536365875518, 103.64100316090006, 36.37322196523815, 24.321389615075546, -48.89198543810164, -32.83234329068745, 3.3943580129528703, -95.55908059093267, -8.994455531938726, 64.7813639349144, 134.4259920251162, 62.19768546233086, -27.227426291874192, 34.82846794821597, 78.22168638412454, 0.21735929121380898, 119.56580811502882, -118.89867794492362, 0.0021445514244681748, -44.91068660895589, 45.544328940101735, 159.88902664926653, -5.132590797756877, -106.37425553024023, 39.232084385631865, 111.88625679830989, -25.579934540566136, 156.67470873548237, -119.60428149863446, -73.5096168453837, -34.5866047649055, 7.997633413124257, 17.09426154456971], [-34.0020295974417, -63.6077571280242, 29.727679957218893, 56.69209982068122, 1.822499725471594, -98.19301762058694, -80.09385525231383, -32.07985127953279, -101.62949159010655, -52.32470222363487, -41.56491087715168, 13.964057169238764, 140.7793576779229, 50.42278402846064, 53.8045975570141, 836.5599243595351, 43.08881203993674, 188.91983969048397, -82.61436123791898, -85.58434700516993, 59.007841880442285, 11.687144899133695, -65.3129778536524, 30.472447756285803, -3.3488334371297817, 10.674871217603071, 59.778008013082115, -26.33154501888341, 17.168263300512734, -85.26333743133877, -76.63671041324798, 2.9740594157098985, -64.4441182258012, -53.13542526865982, 28.463848687206383, -104.65993466317252, 0.9901398063083303, 26.01457067671325, -5.907004071879721, 27.7670429800846, -52.08783724309621, -39.39267890243272, 13.05299030365167, -47.418257706621844, 23.67844205578239, -21.431255541208106, 152.74894581197384, 2.8134022356302393, 20.956124194173093, -52.33808021642546, 73.81688920617633, 6.507865775876272, -63.78813708600236, 100.76344377652528, -77.154109766075, 137.17445550687438, -40.73543674276839, 46.906978106082676, 26.40341532805694, 94.62240042728571, 7.470541379822175, -220.65870083072107, -3.2810456366625758, -42.30157733956121, 61.95057898918746, -63.150406725722746, -33.124664320587485, -32.77756493392192, 97.33818287290157, -63.55862300665837, -147.3774895196932, 42.990560274291795, 31.711316022873344, -113.93012568134189, -80.79613397472264, 58.35691206416215, -16.526470323437604, 41.86668752303158, 62.223794685222224, -32.33060809881801, -40.30586609326434, 78.18353769587799, 79.32243521071516, -37.399410534865986, -39.536568992193516, -9.515421378710679, -100.25707067628399, -33.59546453912835, -55.48916703947369, 166.15276552181896, 80.81270674894753, 124.3355482608967, -37.57850007124549, 129.57721410063647, -9.461956572690221, 42.771765647931005, 55.53650600821724, 30.29080333463645, -91.98318169409855, 33.23143398406016], [123.89762639108268, 5.741312779907878, -32.14538479366235, -61.311914618744844, -79.68894821576006, 56.6183779713257, 4.280538264688098, -44.335290323238155, -54.62480450142426, 31.113872622324298, 10.02673659932414, -24.2734174051733, 67.28332069010705, 51.25006306707654, 19.939750151956606, 43.08881203993674, 796.2547806610124, 52.89358889771926, -60.267433910781364, 54.559782079122265, 24.926791257205977, 10.267188887072514, 27.625169436192994, 10.405619164235812, -41.99044760713382, 23.399083083325255, 86.93490699640465, -108.52219035900438, 32.54659888845612, -20.772032981723896, 64.43519547782192, 43.6054962382825, -141.03854488614417, 54.569010237445134, -18.291124815358973, -35.06517471006716, 78.14742525538844, 67.74856728563383, 32.04692505092365, 91.4400745520119, 56.91372923498885, -12.94314406175015, 94.02634117514715, 74.0341082832064, 78.03735701448552, -19.295306474905303, 65.86031886609605, -44.005432992110535, -115.7253361765903, 2.507297712698199, -32.28000124085578, 6.780182029082131, -29.938899580569284, 8.722199391627779, 65.50270450251394, -65.31531700721317, 42.96937185340586, 2.6232874701364595, -37.17936140731824, 56.904837249946915, -29.989400670495076, 85.59926832518869, -57.50954411289946, -151.99407865334103, -27.98214757726602, -85.70302337312509, -45.4667699758047, 59.209073827081355, -70.95036723082644, -124.9587868090806, 2.8940747914181904, -98.99544689409969, 63.95703446418681, -29.155633709056115, -25.110730798976853, -4.412261769555217, -14.851838566404556, 69.00261085669355, -2.51845820857396, -36.362575407180415, 112.74919045500569, 37.979368635791, 53.15635460568523, -17.40078714066507, -84.37916182948878, -20.961645170664106, -157.52084211469975, 43.9320769837378, -43.0308942341812, -43.33408625151797, -135.06808201519027, -115.20771237592484, 47.55542195562143, -43.97920354666442, -76.81056880203626, -43.17160865773867, -85.71155906538071, 28.15693157118047, -117.75212044602999, -44.39687294895346], [-0.36185427534841685, 45.36212738350831, -9.04458832480543, 43.51075453940172, 57.8096873936248, -42.938817396617786, -16.714678820911754, 56.64208981634389, 26.786595940197895, -61.973303927364825, -56.02398866939891, 60.515156999576064, -21.050520393244568, 92.81311133824076, 16.590734443546207, 188.91983969048397, 52.89358889771926, 878.3759920844835, 23.818322652375862, 160.0228427831606, 28.354468335693227, -83.57844958501624, -135.9706800884945, 22.381156636046047, -125.32430665712671, -83.65603354982979, -40.10963780638429, 87.78014649656106, -4.365623583523256, 24.42841033408776, -30.098694348297936, 7.866301400387649, -37.71338519988188, 17.49520830353356, 57.020446324655474, -52.16767993657911, 101.02541543757467, -19.773382723188604, 115.54710792050292, -76.33953292162366, -7.400277900127507, 98.04754462111251, -46.567093074685324, 15.305254631438338, -84.19574831244529, -52.07454500662032, 99.80456332655129, 21.041918138874255, -5.874292585082567, 62.00900913803342, 24.007222034811996, -24.03555076623124, 13.569396321155699, 147.27648016567366, 55.160247026617505, 61.70052616631601, 61.65019656857896, 5.765081586251, 110.42814096117634, -10.729278949925256, -41.69920251989185, -42.60391408171895, -88.09019493832645, 69.49739004662078, 14.645494892238544, 87.0547239374328, -39.47802024750094, -57.33253711967372, -53.02021985821372, -48.10828994890422, 31.05153300769075, 48.716917378718634, -89.48714388393826, -30.869035086706354, 125.00455311909302, 137.4466448263869, -96.13768307259666, -84.2267345273868, 23.023912029077152, -45.50961273435244, 93.81701321865935, 46.366548528943454, -26.39735008361402, 27.79297602193004, -76.15946763218359, 64.29455407021324, -24.25163596597523, 74.9742039317993, -4.686921518636806, 59.172892670290935, -58.00365319646899, -81.95548614336113, -79.18942945261807, -15.633512805714606, 20.452477269723115, -145.92800805777884, 56.32326139098079, 61.82371317212731, -32.94843541891332, -45.53711137538305], [6.267088714374639, 61.834535191106184, -73.73132137349906, -86.13275808886225, 61.78538958200384, 115.50052906987048, 176.18197647186577, 130.63661161875925, -107.01752367663902, -29.77338111137947, 20.176181484821193, -37.998824207661684, 0.6534838364179164, 14.775305760119622, -58.34425859025179, -82.61436123791898, -60.267433910781364, 23.818322652375862, 1016.1255018829881, -57.76821032130668, -20.016015176817728, -28.869479411527326, 26.50884493484685, 70.65429644533894, 106.55546991633562, 27.940070530975543, -12.53561551976709, 14.962124092296177, -100.75726000587805, 29.852802399352374, -90.64767179168408, 21.257748055810893, -45.98614487234932, 8.62029344141211, 9.270786466574911, 56.56139194066286, -75.99616218229816, -46.79434276653781, -89.27423356161256, 55.06622621357112, -154.00916591423902, -67.72364401852074, 56.587962652460426, -71.56464499463029, 21.869940614892336, -162.2686597652047, -34.02609609337978, -56.76554495384418, 70.86272373583667, -106.05486089388422, 39.54067460619529, 22.508038668155766, -101.86265021876318, 125.18389069638971, 19.978670630473893, 59.70163579486202, 7.900808923947026, -50.58809310505049, 66.25820678336069, -112.42939078810166, 44.07527520763358, 4.9924191349325, -63.18899686885034, -18.676118218376114, 68.88292050293074, -49.89389108966524, -85.85373247588059, -33.727514629983375, 2.1094044875247215, 152.43665732138186, -100.7517079974052, -65.03532324213981, -45.447586785197956, 26.690397976382854, -3.2193742721743153, -35.195601200656284, -22.253065630769235, 2.1144538660639283, -122.43727551074832, 1.681178697965125, 8.927974685633924, 27.823341762543006, -113.37115672247613, 44.269577351720955, -49.011981322630625, -57.06390334269007, 126.87454361788275, 95.98554761112537, 20.084958476172737, 50.97889953036437, -145.67969649727826, -34.40445062865534, 20.856354164780438, 54.129071768685456, 39.97967165843278, 3.2970183767986163, 0.08947761425779975, -80.52085400920697, 64.25719760386407, 40.33571603234739], [-126.54426833857417, 146.40857456983997, 9.935320323534093, -101.95536446697615, -32.021523954086604, 18.571029688844536, 4.1147472926817334, 4.753349939937383, 104.50032883092804, -70.52167192530021, -41.232152768736555, -50.69682320864023, -20.422841172394893, -5.593462731514532, -160.46056611573937, -85.58434700516993, 54.559782079122265, 160.0228427831606, -57.76821032130668, 880.2752067126291, -32.15114503338467, -46.14961582369903, 11.26902178928765, -9.44482982311435, -158.507172640525, 69.74396532617358, 20.83028407976875, 4.315760255593665, 12.811038059230198, -70.11768457435839, -69.30708282404302, 182.5540618992769, 97.21245370017687, 87.62611722723359, 255.67404175267532, -47.2417906910388, 47.161966781132314, -27.914784512434483, -108.20000369952118, -22.34989225507327, 51.76468701126158, 243.94019282540074, 72.29660203562308, -47.808283136601986, 50.66194580368357, -14.58913422048236, 84.53039640086674, 64.51300945148975, 1.240599351583146, 45.01818399870697, 97.82157782531061, 80.78944731368591, 58.34557974553551, -16.52587864479828, -38.4182236637281, -51.463140019772915, 46.339614231850945, 70.53738507047784, -0.9125005778575128, 39.70857983016799, -26.571551616041827, -104.86477192288886, 5.949256512220104, 7.951139175647749, 52.85202595310237, -11.338377654380908, -82.0755057815509, 33.33625402710995, 5.8274863159457055, -30.62082071500558, -100.46922950540954, 69.63016137202959, -113.18258077823383, 153.69130090423965, 79.48110101353046, 29.99417101953795, -15.452570730930294, -103.45784151943627, 17.517228139478092, -33.50224562396408, 27.18092963210074, 20.183588321059023, -22.183702402401526, 58.57042302893089, -47.319397469987685, -57.59833915985933, 42.47278482157231, 76.01467215005722, 58.38396760582492, -94.15992881464403, 203.83239110848697, -46.38409177431963, -37.88876265563154, -42.452327731222724, -148.26426160302464, 1.4657611077060473, 69.43221539438346, 51.25073380635317, -27.11296164716546, -106.61743028039739], [-5.215732162186581, 31.828341849469574, -6.4412572312937515, -26.35456000390552, 33.184981530300945, -17.891357518246743, -34.39089286054761, -129.85473155371503, -75.52780658150472, -63.23907858731615, -1