{"N": 100, "M": 5, "A": [[[964.2945100061435, -135.5005258563445, 79.51673916069215, -63.893603622699594, 67.49664132350993, -2.4833992614621807, 26.819008521403397, 23.585168427610405, -25.232513334263743, 126.02001067894365, -67.2578803764372, 105.31665986926355, 26.015448536713585, -34.75061701934636, -5.0551087868481535, -20.844003904295025, 50.10437071992367, -24.331930958861072, -2.4471604905000466, -182.59399597167203, 16.3703909341563, -7.140992417728433, 41.019740729036684, -36.10955250528826, -13.073327398976266, -73.37991331222766, 126.12193920474121, -11.637615790809216, -63.43327369207677, 4.267641207889872, -55.06448835674617, 14.925874101586153, -11.864965819304553, -68.00434393917463, 89.08866206794579, -16.474560523749258, 1.8849383452473183, 191.89392692173556, 39.54705824200695, -41.338846794859734, -72.9847708692457, -3.84642044994371, 14.289732590106041, -66.96240542438524, -56.02739799679837, -36.56499173238857, 5.920555220326437, -32.905654768880545, 108.89901575749668, 99.61001540922398, -142.3430518241338, -53.25408002200438, 91.0507968539464, -45.32158678451683, -34.228995271892046, -53.029603813986284, -193.5014757270043, -108.38567661431921, 61.05120585017782, -111.96561355064479, 43.966916233328135, -109.29353656384947, -70.18093667645621, -77.27821585032275, 79.46098619785539, 88.45824075983901, -46.29819711138096, -105.1226543218013, 37.0769974178805, 102.48491845324558, -106.57415720653022, -104.88079327514289, 49.312859453558204, 111.6264825691929, -35.20641745909026, -66.8123754869615, 67.89858457255362, -69.07849151329765, 42.66954353754774, -83.48793412919198, 86.64653670130198, -92.28789587131449, -70.60393989084298, -116.78763928233151, -143.57760137262713, -71.39886338938838, -58.2749598404686, 11.841394667228146, -5.328677530992625, 27.485828643235685, -21.397224781332437, 24.888959718698125, -115.42843047393697, 74.52987822133275, 2.990096235066907, 17.350972867048533, -11.789168222915794, 109.40867258949856, -70.55057144716419, 79.58629025325126], [-135.5005258563445, 805.291264242347, -7.541579698864358, 71.54963407158422, -58.01867994886226, -106.7430092738099, -19.896660753127623, -22.24481960070867, -34.3506239353249, -34.12994353924494, 45.533775052527055, 3.979033999467356, -6.5628408716034965, 26.0717568430976, -118.24919279623442, 27.252725402791512, 84.68993109370635, 46.65081598898319, 61.48703684103813, -103.47756093903877, 80.18356995108515, 23.686276584418824, -21.759314729762494, 54.253339065508, -6.9627626880476425, -42.263699819579045, 77.9341559199289, -32.13443646049348, 15.36558737192301, 16.516846541576346, 42.06940167795941, 90.46060906318051, 40.33758364075371, -80.02872879548501, 23.57490293472534, 21.686951999319312, -36.229746918426706, -14.11373269217175, -13.368540393022458, 11.486227321034024, -28.13200497571576, 145.52237205759272, -19.982173251652775, 10.074007508706266, -22.582142689749215, 73.04663657389372, -41.45804011081395, 48.17793266728627, -41.89786071722477, 0.8117816723142367, 64.27914795896717, 118.44607907150531, 12.625818592089955, 109.0451438819728, 181.23163659155352, -17.877015398204865, -74.47755002676156, 103.56947993848569, 133.0288566608826, -4.494143112721454, -94.81644612692436, 185.50426158989035, 28.17370101616945, -45.51007232229993, -99.83892722384866, 24.00201518837282, 12.944843744464471, -23.928336245804015, 71.76733588537736, -42.45192564938176, -110.22717473286977, 97.24808342083307, -43.02732191351114, -90.16789276637542, -69.36365818850804, 80.43728019643318, -21.92762405076775, -3.216854795215737, 3.9186444890451075, -165.28534776769885, 24.876491869847058, 110.36008559234813, -25.5523122501457, 75.1911225033407, -117.52008307283106, -23.06980936735606, -33.8074975326751, -19.395813036174122, -44.79120992876941, -8.054911674923135, -11.451496115298271, 83.99731618333547, -13.936207285776678, -6.7961284786169065, -164.90486717364945, -7.3783926899774555, 166.7251619090507, 17.748292438351825, 66.33317711855304, 6.358326109840103], [79.51673916069215, -7.541579698864358, 712.3836498548272, -57.62693850298584, 34.27609521866313, -17.91724455793069, 153.40093488707026, 34.874011550580406, -38.10806546631022, 5.519556055684271, 57.35258872719368, 109.6356381723527, -69.93372534718254, 50.60269600608864, -78.92893694754054, -36.21656115745691, 49.311284739594804, 71.9173423997302, -25.821271965498195, 0.8565668636710749, 37.367343703238916, 137.50395254280846, 66.89114473349002, 31.49089847845873, 69.55239018005047, -96.37683743903996, -8.60875485044171, 43.022183524952936, -70.97264631456824, 57.75585591154153, -29.96379713580977, 13.829043860244592, -92.86252120747287, -56.74321906640394, -51.31885246180518, 37.38919883765431, -99.6428890591271, 20.214843887911652, 33.181198537047415, 46.77971207834676, 114.05058868680624, 11.554990074412135, 12.41527983623131, -103.17449824780073, -99.06616505768308, 21.758706122139447, 16.246498442599464, -23.274422808150323, 42.72452149951687, -24.358264146575777, -5.376473756120605, -69.72602668199441, 140.81394463535094, -35.94403334100744, -62.91834135256902, 47.6455672303553, 74.25781240934371, -42.15633543829995, -53.05917538563936, 24.026108404520517, 117.3989631091355, 144.3898417847048, 55.95086753731473, -73.94629983442607, -85.23854392794746, -80.00600047319338, 59.03193709170842, -1.3551169285220575, -36.7053418385556, 4.805934619571556, 48.76008398577461, 12.189287559526829, 56.694057926306215, 138.9030219159793, 7.136787072043258, -107.05378427431755, 47.45138339890797, 2.8418037213489544, -75.99400079523922, 55.38260142819041, -86.08889634437936, 22.9320620707886, 77.5244886042876, 18.811577060088336, -10.564360314175751, 119.0788406670184, 153.00993836642522, -46.65324196799322, -72.11870399540919, 64.90558015544417, 123.62942372152789, -23.916126008265422, 225.03889760079952, 22.459611763785354, -105.89732469216786, 77.50433517912656, -81.84636655519881, -151.03045618001144, 160.09170810927807, 79.59731782842111], [-63.893603622699594, 71.54963407158422, -57.62693850298584, 821.7998215136221, -99.17479247375975, 60.33929057663718, -13.194057103384045, 27.818757384512175, 45.42167657776963, 90.80951920089062, 26.5423465724942, -3.071269331348774, -37.77455666053389, -93.4664207429157, 2.3382412945087787, -4.368139573258017, -171.68812614139352, -40.146826540567474, -37.51248143533613, 78.05018770843398, 74.63244533680525, 23.412326063198826, 61.39020632879379, 41.236869903471295, 50.5470987742598, 79.9028092035794, 50.80901300623724, -60.99532804159216, -147.0960513784623, -79.54445359345199, -3.5299783093961934, -77.58477394128322, 110.2636308413189, 14.028150676781634, 72.48828604173728, 27.87674473688227, 88.97183949339595, 62.97325639812378, 12.886118313389371, -50.441484779701995, -111.89905274389272, 2.1660649566507577, 4.269150811567077, -143.46498194015098, 2.0484645213519057, 15.98865737351352, -7.587695044271836, 13.572728737584603, 171.32942093587974, -37.808981479033726, 94.51486682455054, 16.54468719670452, 106.78976323205715, -55.61400248516712, 49.806864208952376, -5.539679926893279, 8.951494550868134, 43.4838480499991, -102.49643552493269, 120.0508487055131, -37.84145133900998, -34.984497298392576, 16.61610135296465, -116.3489264610923, -56.89630570729448, 28.2866811516531, 0.8321934943096713, 36.9358313628649, 69.41854333505991, 162.4280751275195, -112.11730528176241, 66.60394919269814, -18.311146452862562, -198.0919751665927, 192.32834915549927, 47.112807479079365, -53.44611431246995, -67.06300037887283, -93.3101759582325, 63.853597792396904, 25.74569356553683, 48.18625774582582, -77.55298522432889, 56.273776485568206, 19.83384991821627, -59.21414992913759, 33.82453347930589, -35.655229686923576, -49.036439619492725, -115.6130525442749, -76.7491576705893, 35.029779563066995, 117.49944474701671, -96.17392901263882, -15.489416046687698, -39.761667247070264, 34.68846149644552, -36.23166426456079, 63.851007418918094, 146.67629224797514], [67.49664132350993, -58.01867994886226, 34.27609521866313, -99.17479247375975, 970.2124128522173, 11.235627989153778, 18.389254229402436, 35.37359474404742, -41.559096363189184, -49.39350205154606, -93.21516692934844, -120.32258457219595, -60.58598490624454, 166.7790990107026, 71.62917698438807, -35.465580367201575, 123.1356467309116, -162.28026024509538, -123.36227801496379, 7.357157959413399, -80.0270108956567, 103.07042597977599, -4.8465438102268275, -5.466433111929406, -42.38238035595114, -26.51835569940264, 2.7867955413992673, -55.157635341043765, -36.87576397188293, -76.4190244031767, 58.66998632544516, 140.66580870520414, 4.757115428196684, 4.474881518477192, -133.86540732227104, 102.6808436231174, -113.8980871852643, -90.48463132766472, -21.79559742704631, -80.7803489603602, 76.84523659595594, -155.81910151929458, -19.365037978452282, 22.65699316200132, -61.83959862335685, 10.3116725686096, -56.145375292876444, -125.19521139824654, -22.40208839509437, -12.338134883440878, -14.657429259471131, 46.62446537448169, 35.72887317014417, -76.86731442113656, 5.475821997188796, 61.35935652889444, -25.48888115099588, -8.028817997997209, 40.64716333675441, -31.517941013131836, -28.625875476186838, -176.87567589935102, 14.197992649072246, 106.52697149223373, 175.40815990531215, 45.32922005795652, 77.20359657452504, -7.8211929976088665, 5.0853834503230955, -150.66978506192723, -150.41629243547658, 20.564097239712673, 5.543721330922925, 22.68927652334485, 58.02784037623614, 94.43489852928151, -40.6094264489442, 48.72010070531014, -56.79977188903792, -127.6744018476398, 13.63420220929942, -202.19148617510317, -16.38305603871742, -75.41352170379169, -46.4150162027164, 31.86212862150042, -51.4734399706925, 125.69642346638392, 44.848903944853824, 62.91747352584652, 174.886253520829, -25.80764570188151, -98.4379047586709, -1.8047867447020614, -102.005185156722, 43.43786559689368, 124.84917975630361, -185.3201385240691, 25.029995508575386, 220.05754691863422], [-2.4833992614621807, -106.7430092738099, -17.91724455793069, 60.33929057663718, 11.235627989153778, 769.5457393268473, -38.945409507061726, 3.1572616028043745, -37.836165952531836, -5.861257794853161, -16.700870826714926, 87.99565812107458, 44.79291098815973, -91.20032268790126, -53.89955990170669, -205.678434506027, -39.444006530696555, -16.081464863580443, 106.96974666120204, 27.44177170147085, 9.56845578199365, 5.918329790609484, -79.02099387631259, -110.55435516625452, 19.41867504337043, -32.04373240690472, 59.396111492251066, -18.043054243519947, 161.24723672238102, 144.38159930501894, 26.19710725689333, -26.947328380288983, -87.59273622853102, 2.582456080914312, 155.1061707633205, -78.88781332503942, 3.153020898123735, -82.17707318673689, -22.258475827282357, -66.59147258804667, -13.91125907992626, 45.42003592362674, 2.5119029560790263, -57.85090160395111, -52.550350988008, -56.088356970416626, -149.62080137985222, 17.2883189857361, 130.32600762025075, 61.08106966442911, -7.451251201978231, -3.38422489085636, 29.887640966978953, -69.75017474634888, -20.979168369667857, 42.706382069546514, -70.09431977073672, -50.266212834061285, 12.546127516584848, 92.08582578817888, 35.34629524982665, -91.56664025118093, -0.7147487986373579, 122.6206126675351, -13.819438301873678, 90.61805469977988, 10.033125452334339, -0.4612721601388196, -73.5425295751607, -60.2036641664761, 29.529627435173, 92.57363164702747, -171.3484240149994, -44.944524135283636, -58.31689427106589, -64.7424621318113, 16.539228535383995, 19.42149096650176, -26.835097211572776, -9.899895071991974, -52.095950151809454, -79.93623059186271, -64.56865091732354, -44.14339369935273, -23.182378400583367, -74.28013947107426, -17.456322039155776, -30.665969019708612, 10.035818822420385, -82.41682246943806, 142.18985067648515, 36.278104411007334, -70.17046065425248, -78.29957313221543, -18.502614665179756, 35.79173034863789, 8.929075556518876, 23.726779934744286, 77.17717252623575, 146.79281045899663], [26.819008521403397, -19.896660753127623, 153.40093488707026, -13.194057103384045, 18.389254229402436, -38.945409507061726, 661.4112014598006, -106.12862481490882, 37.33645098705513, 120.9207654397101, -28.062087235318792, 8.768900536321393, 4.53749527653571, -6.395515371619789, 45.10655193709272, 101.63272881615995, -84.55088798965072, -44.53210909466361, 30.68203854734653, -6.378751052854542, 84.33018736342032, -15.692936648072775, -50.093185520443335, 51.755773291146156, -43.61629247055286, -49.77304085692038, 32.001768255113156, 70.56283203433506, 14.040533603382128, 20.99380284394205, -32.589885784777785, -86.56316093750668, 27.647690786119313, 17.706204331324813, 49.39756493587723, -56.034242737571915, -21.002379309171435, 92.1273149991587, -41.590341292851065, 52.182779336471235, 97.05326793084707, 12.168758881451142, -156.39899717729233, -55.2200387860865, -12.874346985304935, -15.729413915165892, -97.17378922800587, 50.75276910723511, -94.06718079799762, -114.27414780454976, -16.580721068511963, -50.742392048468886, -58.202034804861334, 62.511713427425256, 26.953262434165886, 43.36376982545696, 125.4176366839345, 90.01640102133662, -16.16456012178605, -37.541416052083335, 8.048952855890684, -17.372048792836665, -123.26023822381704, -86.24958361062698, -32.09648977116392, -47.54724554222179, -43.839445112547786, 64.4646162987342, -63.29544894482976, -166.1884566675072, 101.23082881390418, 35.9184730679357, -110.38830548299019, 83.7096625213865, -79.96251908616712, 16.063441237039623, 141.84133159319424, -23.977803103106044, 47.61480785953963, 96.27487986890343, 26.536295156138692, -3.9605843147544135, -1.105329476721794, 93.85700830281007, -4.245239271097818, 78.03097093165051, 72.54347510733133, -2.4454105969720645, 47.02394621478455, 118.828687489103, 84.0980286365408, 135.63461682807275, -84.67754256776043, -116.81339616155817, -123.69365700082915, 131.17705288291063, 5.802772034083437, 124.00021402865774, 9.468922787180594, 91.12089352191448], [23.585168427610405, -22.24481960070867, 34.874011550580406, 27.818757384512175, 35.37359474404742, 3.1572616028043745, -106.12862481490882, 983.219166790408, -64.27211167784075, 119.76631302254057, 45.52642955956113, 37.139475226160755, -139.34541111789474, 39.191030156039666, 107.46948275305029, -145.71572719162296, 2.004836661577738, -21.678503742908635, -132.64804775098793, 114.62805469975399, 99.48427743325742, 123.1292765091515, 39.364756085579685, 21.937119467955892, -186.1485516209666, -99.45051663586811, 14.031895711937144, -103.5882770657314, -142.99919267988025, 15.821944425637529, 0.9590296404856951, -30.358696056150023, -78.96286044128504, 55.081325741946735, 47.17438704244436, -98.95431272947636, -73.40129547410534, 64.12173933315715, -52.85678940197095, -70.68669936173072, 20.085542223639234, 48.52613716507794, -22.694215886606855, -47.73904495179259, -5.366802168378741, 31.352692084377896, 58.88345985424359, 7.436482329814579, -79.91095990904675, 15.286694397922822, -6.469159339539014, -53.14991543331515, -49.89802937964651, -31.28400546891268, -22.23128458207799, 45.19444441225756, 53.97787542965938, -17.739152329212434, -92.78488367901532, 123.57032951767876, 32.373661751411966, -27.29027983010119, 96.18359383168293, -1.9761892866598236, -152.2531754488134, 97.34166304006395, 101.41878768080562, 23.547063000428448, -106.98422160362526, 83.99754197649828, -24.716653657689694, 38.45464129072139, -52.513039372991116, 213.8110866897683, -9.91606566807238, 99.36658447622372, -83.90392716669398, -74.42961135796662, 45.72132556902756, -30.88666010205993, -159.4515087976935, -92.1966416629289, -5.063136251486511, -80.97631308394422, 66.69946764311963, -130.57612584813722, -17.96556083789257, -28.50053964512474, 6.135206853106152, -230.3651056606029, -15.747672685965718, -102.42767879246917, 22.64518182257991, 43.30620578261441, -108.85697582539645, 46.13669652880496, -30.417811839562066, 50.769661176050384, -75.51602908143923, -2.7772169657367987], [-25.232513334263743, -34.3506239353249, -38.10806546631022, 45.42167657776963, -41.559096363189184, -37.836165952531836, 37.33645098705513, -64.27211167784075, 719.0505897602962, -92.38489280373484, 15.483895097748634, 18.196015029198044, 42.19680548432655, -80.20536379167218, 1.9047613568593071, 54.42241756894777, -16.360923298452075, -9.247870721922066, 93.04609072927752, -56.067946056198416, -55.349635959050566, -25.5030662208867, 61.22450431838771, -36.00033634883843, 48.24373167122163, -43.55203054862434, 70.31181395072996, 22.499506780309463, 58.48995244413037, -102.06468443935344, -97.86493588553053, 63.278240493329164, 37.23119563389731, 97.74630745512815, 5.0465795747116315, 76.6101125459711, 75.84538865206895, 9.620784478938564, -41.96637689101598, -91.62572276772687, 16.30509522646739, 2.5895122159971145, -92.60783547868466, -10.473068674100064, -30.869936505966844, -69.98650885907396, 148.13997404037943, -93.56622470623691, -86.37597502526035, 88.12645763931731, -5.074428878270814, 11.526510484925089, -78.14059206165521, 0.5093955874328938, 136.86388942255752, 5.57676478404324, -82.81929806171438, -8.763847867035064, 16.548143307004764, 26.133500890480917, 112.7573434169963, -115.01085995413331, -78.77377513219055, -35.982548955766454, -11.8665037381167, -41.37853941251373, -79.70109968292753, 14.698878048542465, 87.82017116434348, -97.97839360962311, 90.74347379130869, -72.31879180975918, 70.94562480823407, -87.68120551871674, -47.31698136674229, 172.79325020636392, -60.373037415817265, -44.76108117483173, -6.683169210628757, 35.98079749906564, 129.6688546585683, -38.57101307698276, -33.77610840804944, -14.745246186072574, 40.45069714004476, 174.23637917828418, 11.518044454877407, -30.75917629406819, -15.066450440437553, 8.850711973059944, -26.448468536722423, -73.36252937297135, 45.59084379982835, 10.433441572434454, -11.303074949105236, -133.55671684774416, 56.057295030258224, -1.6777681433653073, -17.97329180151716, 95.97645362849164], [126.02001067894365, -34.12994353924494, 5.519556055684271, 90.80951920089062, -49.39350205154606, -5.861257794853161, 120.9207654397101, 119.76631302254057, -92.38489280373484, 840.1141984012536, 40.867043131470574, -49.89166210043577, -18.94831920844462, 34.613406236203076, -140.6246493023027, 17.819799724888526, 18.92421236738488, 24.678588614696203, 64.4591485735718, -8.880915495484926, 12.209453623290672, -33.003279756131285, 1.837888355543759, 106.17823116307994, -101.39215406637528, 63.67560323287508, 21.183195954731396, -107.09885565964728, -15.952282942106486, 62.93859682213711, 31.224060796498577, -28.942061152438967, -96.8468393058916, 94.52623576675403, 61.126901479843525, -15.335552799729875, 36.47492755336924, 140.96691130852236, 4.753627332598768, 3.951532947427906, 23.086267735120412, 12.808056090950918, 89.30438279196419, -0.13659342216202727, 3.0912265217321635, 105.13645370142132, -84.80468186532079, 3.0006463913244925, 14.603515686169793, -40.08663327581376, -75.54427177720183, -113.41592108790962, -0.8179859925418778, -73.7342843894065, -72.0238232034527, 41.23547449720125, 33.731538423114706, 4.863074126681075, 95.57443311443473, -14.605127753635575, 16.047366250642877, 15.413913930514076, 56.61427651858219, 30.547744844451127, 46.9129751082548, -114.21191420760357, 93.49461916936377, -39.45020129965442, -114.48482600546399, 12.50989995475643, -196.00265551389688, 9.813934091180366, -44.134200624396286, 2.3445574453433475, -31.207745343390673, -37.50201791420968, 124.71817117638587, 209.00378785450076, -78.89380737429542, 90.54971728407743, -2.4419829922467144, -48.86182567228149, 116.36798142699291, 146.0703118147762, 146.58890057386867, 53.30373786022235, -76.63956971969175, -95.02492302241193, -28.751514345660755, 123.9214334298961, -65.049137509685, -136.0981267972255, -9.985568370266954, -19.849950592390567, 43.080518585107114, 33.04133473054308, 12.020287101744463, -45.47756306375271, -32.272595804244666, -5.39496556140331], [-67.2578803764372, 45.533775052527055, 57.35258872719368, 26.5423465724942, -93.21516692934844, -16.700870826714926, -28.062087235318792, 45.52642955956113, 15.483895097748634, 40.867043131470574, 712.1080441287135, 108.93330249979715, -112.25648791412532, -159.24414771030055, -101.6666568441993, -167.94114894426158, -85.92574825162612, 14.02600153686478, 77.81149398915535, -3.9479317888480208, -33.43207657864679, -23.52857170636483, 47.57903802452333, 16.207220591931208, -17.658199470778598, -23.847968731990722, 72.71333013083172, -0.5254069213154374, -48.74129992745255, 62.76586173185869, -31.676789097611206, -73.4504860756314, 40.43855327756607, 135.0414757536686, -73.34556443203766, -42.90851166920207, 62.821346488960835, -76.5455053017073, 56.3824034686407, 11.022318076658069, 14.669135134082193, 12.261336020120886, 105.69090502455111, -15.239927051139954, 46.50757871595639, 39.00537016413142, -1.496863136909421, -53.265215259287025, -16.584361185544463, 62.19759906316041, 25.899227005567706, -65.59527909109812, -86.68723121617433, -42.522302968554726, 1.3380243472744702, 11.464589616993393, -64.50159238139928, 43.11821546572401, 72.65155645599081, 66.73997279491951, -38.976323995253914, 56.82448202240637, -8.950184263680557, 105.67020340789016, -23.367430107418624, 10.850815617502912, 73.32480861943472, 28.251176521564528, -77.52017095827048, 134.12381563145132, -56.9746131397613, -18.807330921926816, -125.33989596114668, 36.754196808487094, -56.36275095127902, -40.86976508927328, 16.008133221414678, -8.121544263667184, -169.7935044825556, 43.8667825686937, 0.6475854661796415, 47.324327456872254, 15.11002120038438, 44.644446655093326, 56.553781036868905, -27.135572874580255, 188.62856866255595, -48.05638321783708, 76.11223265195466, 11.310826434637187, 39.4412666764929, -70.68684327487514, 111.04079565754999, -111.2873934840163, 29.476233215178855, 54.504219349580495, -24.722969312515392, -73.45211437003056, -33.76125717413606, -201.4698602104118], [105.31665986926355, 3.979033999467356, 109.6356381723527, -3.071269331348774, -120.32258457219595, 87.99565812107458, 8.768900536321393, 37.139475226160755, 18.196015029198044, -49.89166210043577, 108.93330249979715, 706.0052625660935, 109.59655639181757, 55.4949818166696, -9.770734065924271, -26.33630364773258, 35.251610746141345, 63.19784649023254, 161.68033189124253, -7.330324016520089, -23.66062335181863, -44.40669383672929, 182.2053018141055, -75.0635071961999, 116.44477031143056, -14.812359993012707, 78.90253644929882, -108.03476760573845, -82.14744243440029, 30.693142525235107, -94.2925169091991, 125.56414185626761, -107.26276394470116, 15.120454800715237, 57.099309990316684, -7.952865592443646, -93.22681000234799, 27.879998404204954, 164.01621442888694, 88.56491966215634, -1.2422249926635054, 51.523122157392145, 18.54332140463646, 7.470558002115846, 41.285421225437155, -109.15285408075644, -151.84866567923194, 23.687186188789223, 21.665643926556555, -110.55968984153901, -18.119466750431645, -31.43873906361744, -66.1700286016786, 26.77061346721226, 1.8153756654885256, 103.44352343965947, -127.30189103455461, -168.61257955353702, 30.695641610885303, 96.06226617673624, -150.05198399115147, 88.09802984959732, -109.30426034461621, 14.6659277152226, -71.3810745998557, 103.39621715468733, 64.19512365574325, 4.168634158402102, -3.1346256991440127, -42.66784694882804, -24.853039145895103, 11.133342577656906, 92.83518848100903, 42.39961245883795, -99.72519765880502, 11.024552557551194, 5.965532296024686, -137.12492363153177, 47.90357881302716, 75.88618646589083, 48.553195157445145, 38.119302898346405, -15.16796292437156, -9.778664174977749, -57.84266733030409, -96.29283037401433, -2.7005664559799407, -39.81801586289197, 199.56532451685155, 37.63303897672653, 35.84247548027064, 8.594152680687175, 89.83950452534499, -63.244025978248004, 74.18401917930196, -35.86843480853138, -97.43039080975868, 20.838626632316295, 86.98240997139416, -88.19895755217765], [26.015448536713585, -6.5628408716034965, -69.93372534718254, -37.77455666053389, -60.58598490624454, 44.79291098815973, 4.53749527653571, -139.34541111789474, 42.19680548432655, -18.94831920844462, -112.25648791412532, 109.59655639181757, 746.4154439405196, 9.322047453533823, -19.87113127702111, 82.2022820781396, -1.1749049679584043, -9.890170537795603, 175.54105356597518, 0.203177071552358, -13.345709086237814, 50.002442739756255, -3.2026928652181796, -66.61410784116916, 39.064617476723605, 51.749963879625284, 25.424555836915815, -32.42278687095552, 51.771935374781975, -113.08693711717858, -31.17534334429977, 120.05310714494992, -47.48823110189789, 44.78700057511677, -14.140172276950107, 34.008751100521316, -43.194221146212, -141.8015979214472, 12.689461474421112, 26.310086594545968, -75.82034542104641, 14.243766108251162, 114.54980793999549, 32.062117792585056, 28.7622239218573, -144.21054583361456, 32.3289456640207, -110.96681617336827, 100.03295210089989, 34.51378570464452, 60.0857608826742, -43.3532175339318, -61.81173261559295, 45.531319635425334, -46.611819279871376, -77.25935860435891, -42.81173854336278, -90.13610180110906, 184.99435077574174, 98.79145515337102, 58.789439135161274, -40.08702789650986, -53.346212192379205, -73.73714560800151, 22.856032530116618, 11.228151474015823, -56.31072087112672, -20.971253161504595, 24.769891162980695, -115.108487190806, 159.52822879672647, 19.26943364055514, -33.9182379529137, -109.88763560218125, 59.43270345543653, -56.04480401546432, -57.386841967785294, -18.735744485852116, -42.25203176789819, 44.030334154356034, 28.674484943945714, 74.7221947229827, -32.88085716784352, -8.228524549299788, -122.11228679514734, -15.748496090494319, -3.1618247990662627, -65.72787816784378, 3.3285987087448046, 24.38778824933685, 51.36271912668209, -13.139951340095683, 29.32287840183881, 66.16095232618507, -48.65523749612801, -26.28859255478724, -31.876689844524666, 180.99059101355715, 61.953206994728426, -145.88800017718663], [-34.75061701934636, 26.0717568430976, 50.60269600608864, -93.4664207429157, 166.7790990107026, -91.20032268790126, -6.395515371619789, 39.191030156039666, -80.20536379167218, 34.613406236203076, -159.24414771030055, 55.4949818166696, 9.322047453533823, 762.9593572925992, 92.88620658490585, 101.09809378031872, 200.66442948838613, -4.2018105544275235, 42.450528572779746, -41.55666621451289, -83.00196388705373, -0.25753582572364125, 33.777895144953014, 17.640805319710914, 9.419991617363054, 26.389642057376978, -39.296375325433964, -80.67282631710827, 78.89498173103235, -7.478986693941359, 42.70962015114446, -17.482888238404964, -136.94934633641245, -106.22942082511585, -113.13932338512635, -23.496143984133074, -85.06619589128066, -61.26733895264708, -26.108617769386566, 109.57437951350383, 28.979584904156592, -5.660644442898794, -57.74268413649241, 2.3543682083838036, -110.45402510738889, 20.752418864872315, 10.059812032198623, 5.715497569344524, 51.32413258819464, -58.391998653699815, 84.40001222117503, 83.39406774558557, -49.85652554727693, 62.07544389882357, 51.63481466449528, -54.260733122019595, 4.848310298188453, -36.06094871414758, 1.6697350242741988, 138.466591012258, -20.92186353379814, 73.45172924051523, 49.527160789791054, 133.54969272992219, 71.60663420046492, 27.862591247848638, 95.93149295010315, 39.50922020630352, 53.89081763979713, 51.27376347279489, 14.507533968960841, -22.340114009071698, 67.69326313684651, 29.225718659711266, -6.562425076303925, 29.642896356352402, -119.9190057976497, 42.647908172471055, 21.980251466359512, 12.456453266813515, 107.39566782876007, 3.053158857196319, -47.983410266833715, 65.86392947278661, 29.543898945962294, -95.24799689167756, -35.839194568695206, 98.20972914587288, 22.483369388158128, 52.84070043388474, 61.48152954905958, 15.358753780237306, -31.325031882717486, -15.172292428932598, 15.099916457508249, -75.83901034402307, -52.51844989517101, -69.14186790281441, 16.62070678731261, -66.1242200599472], [-5.0551087868481535, -118.24919279623442, -78.92893694754054, 2.3382412945087787, 71.62917698438807, -53.89955990170669, 45.10655193709272, 107.46948275305029, 1.9047613568593071, -140.6246493023027, -101.6666568441993, -9.770734065924271, -19.87113127702111, 92.88620658490585, 917.759287522746, -9.872726594352585, -143.59338785176996, -136.91574180165924, -35.77983765860985, -93.09399258179356, 127.75926954207512, -36.76528088475871, 15.391007315340588, -52.498214794125076, 54.01219462599444, 18.825138761055292, -96.99433116309267, 63.832850942134016, -50.31688357706482, 79.52123063507432, -39.86542659097885, 128.46014817283267, -44.108208390518975, -63.74068210639841, 11.589126039368349, -19.348794219395128, 101.92534238976367, 6.2190857798856705, -137.8513606458827, 135.41290558624843, 58.54408505108111, -88.39926965730544, -171.34530785248248, -33.261301248986605, -65.80919410593624, -102.84066879156599, 13.86601318401071, 0.14468155487240583, 79.70257173184496, -62.94330525228073, -31.322416815808474, -10.627041692880775, -29.44616062051784, 56.03620692014413, -56.44406987134311, 133.60080644330435, -172.14044486181976, -31.429690242104705, -150.5721611051267, 82.15906403253335, 30.934222138610746, 16.952613982152034, -8.530622917304228, 130.7948432942474, -24.93097846834234, -21.085131320783837, -74.64647689283753, -66.41177939009056, 1.1083148175643758, -1.6785201273046972, 198.8823830034688, -64.36463916342774, -86.71491483770068, -66.69896140385428, 13.091208193427505, 2.7549901066342652, 96.85165321780903, -0.055179980495125604, 17.622565039636257, -2.9830314662061763, 8.975629898655047, -141.75660952214653, -115.59778404970565, -59.24807509934687, -76.65698719432208, 47.15923741751201, 1.2105020544418597, 48.216876436748244, 75.3952747749249, -165.11642400989155, -6.757489396727962, -12.663056564315436, 4.017341229128062, 13.920877203037788, -10.843136011878444, 60.606402881733, -43.2155982000662, -120.16823190199983, 251.1753670900478, 45.04760811831268], [-20.844003904295025, 27.252725402791512, -36.21656115745691, -4.368139573258017, -35.465580367201575, -205.678434506027, 101.63272881615995, -145.71572719162296, 54.42241756894777, 17.819799724888526, -167.94114894426158, -26.33630364773258, 82.2022820781396, 101.09809378031872, -9.872726594352585, 899.7516760219048, -46.172770977817784, -105.82663087665337, -28.67502981444252, 81.74450627749142, -91.57146750873514, -10.882305236437679, -2.9540409424215217, -31.698198496718597, 28.505171850601553, 43.73252277920453, 36.28522295840968, 45.22512546845009, -101.2137259911225, -52.313673174375225, 37.86663926265372, -42.291904763348775, 114.47775389312704, 74.97022260079639, 99.44501395102743, 206.646743099807, -8.500168136830101, 82.55346656728146, 7.445012943166226, 133.87393698057346, -23.47850976366877, 76.36454746859457, -105.88206119558848, -114.80513232561631, -53.423562009157365, 147.60301665576054, 65.34865499584582, 97.70540908003854, -94.22331420013077, -29.92000344827089, -24.980544428520755, 117.27481629136328, -4.861141967580405, 94.17476595409171, -111.06176833560072, -110.25056223963568, 4.28220979477126, -83.56335638485115, 74.23346309698103, 31.87918186929438, 25.475722087045387, -129.51747112701295, 2.804423014582898, -68.62399045987131, 61.4425088462139, -178.07568655734406, 31.678078739746738, 128.38220555980578, 66.70726928831596, 104.83727225581255, 48.606902112872554, -11.375921101871247, 107.14575585662992, -44.641889922508156, 77.31380440800439, 154.06721519261606, 37.306419441411734, 30.660910247351822, 20.3684927858423, -52.87449756699063, 71.3070277181849, -18.550633578023707, 98.32897417120107, 61.28032528039205, 3.741741914263214, 16.51778698162491, -40.11743424003404, 27.03836403878411, 25.696512376952942, 35.898236088391066, 130.23090704105385, -39.33375987321511, -25.252123052736927, 36.14543245812614, 5.000586528737816, -13.94763455037187, 8.686710476686839, 137.02967038499548, -72.30295055179678, -48.11668611048191], [50.10437071992367, 84.68993109370635, 49.311284739594804, -171.68812614139352, 123.1356467309116, -39.444006530696555, -84.55088798965072, 2.004836661577738, -16.360923298452075, 18.92421236738488, -85.92574825162612, 35.251610746141345, -1.1749049679584043, 200.66442948838613, -143.59338785176996, -46.172770977817784, 788.3666500179692, 35.784467591544534, -21.689249759216366, -34.5111647125802, -61.58547860138284, 31.215773650398486, 133.33439982503114, -1.7639545953206839, -37.85104378268928, -8.44802003264199, 13.252545492678381, 100.85728837795214, 41.4263430488909, 68.02593029835415, 54.7680239362364, -59.206872820329096, 22.22051124003424, -148.09495507522038, -58.16421653508223, -67.841409586843, -147.5519605620308, 35.91321702186317, 66.11460051800728, -100.27006989903158, 35.98958087651921, -115.19264229579647, 53.180232984991115, -122.49972327710957, -24.973919120212816, -39.53200688935003, 0.1475292789529818, -73.63660933453583, 47.5917607185582, -43.72944832003229, 54.28254880457405, 68.2617297614414, 36.15024108013366, 45.636540647466035, 42.98534876295905, -139.93022390272412, 60.31773862274432, 122.82592723404062, 16.24466617078586, -102.51032204754596, -0.18822421834585326, -134.98301878985927, 23.32278908195262, 51.96693015087699, 32.30432842161341, 119.73791442578263, 83.12866025778402, -186.20025894695056, -89.44520083234313, -23.951647944889782, -87.24863422139298, -45.68733415880397, 111.15810763237036, -16.31895744494955, -46.09275746812373, -9.243740917971143, 17.440584641330712, 102.24392857505582, -139.83364220875595, -10.837769355123331, 56.89405313790855, -21.785302078721525, -37.72016572130822, 22.645152826438068, -23.93836228352973, 31.62706117766648, 28.478936134523977, 63.60491910021402, -52.34861831591056, 27.24786627608707, -11.763093792366439, -47.13784387562303, 15.264104740335696, 19.057534482187613, 36.76385136058839, -50.8658405277911, -1.5330106372332342, 43.03950064763209, 45.073677980029494, -68.38105186944469], [-24.331930958861072, 46.65081598898319, 71.9173423997302, -40.146826540567474, -162.28026024509538, -16.081464863580443, -44.53210909466361, -21.678503742908635, -9.247870721922066, 24.678588614696203, 14.02600153686478, 63.19784649023254, -9.890170537795603, -4.2018105544275235, -136.91574180165924, -105.82663087665337, 35.784467591544534, 817.2174492087534, -28.99667451392003, -168.80507646047144, 80.92673021367669, -161.46681680858904, 123.21867156898554, 47.33416708624416, -5.5774460399813695, 56.4092546836454, -90.79958541010149, -86.36829990904752, 18.659054976950593, 146.41487011347897, 31.428784622852916, 11.19852056267282, -2.6963162397658422, 12.371838651687092, -22.07265512692162, -25.923097362547093, 58.928703659855394, -133.95882022659003, -25.344352816173796, 33.87055514133662, 15.107741629789658, 86.40539114097496, 116.36374576036232, 101.05878011444133, 34.49162231268185, 119.9442337238445, 20.38037385765479, 58.81849466487991, -129.7051112295154, -32.18247218080698, 38.15879959436042, -6.311388257871134, 30.241324111328602, 37.56852185696394, -126.06630606531995, -40.96469477617565, -4.819895383784887, -121.50687664390652, -9.419082308553307, 31.82138613993629, 86.25877511234148, 151.52348321324553, 2.403518003245863, -16.723311120595326, -52.73537008281945, -26.059302950652253, 38.439816404875145, -21.42804092821224, 118.16594893174357, -4.452066846322152, 29.75070388379681, 0.6167901767473282, -11.435481485079274, 54.83010350874848, 51.71060598567858, -72.54404716518846, 136.8389594795639, 35.050770486213516, 77.92394608627484, 12.038234996663988, -70.92071755304052, 36.95238311877831, -44.47791503690544, 21.195706387212415, 134.00178384796916, 57.82209340473458, -1.7671595610329747, 42.16674712019858, -3.9636794925923713, -48.752605946281086, -49.662991164391705, 9.970559428282554, 3.7072769682096007, -13.766076087282324, -108.15028651374008, -62.72646192591619, 47.6006771703803, -62.80881345474253, -156.32927992140725, 99.14349990285916], [-2.4471604905000466, 61.48703684103813, -25.821271965498195, -37.51248143533613, -123.36227801496379, 106.96974666120204, 30.68203854734653, -132.64804775098793, 93.04609072927752, 64.4591485735718, 77.81149398915535, 161.68033189124253, 175.54105356597518, 42.450528572779746, -35.77983765860985, -28.67502981444252, -21.689249759216366, -28.99667451392003, 814.306371457971, -103.56402238294588, 19.513258662915664, 20.565396202891737, 4.997305284409775, 12.266347662199244, 36.119234357310276, -25.846187062505457, 9.284973844845759, -58.64773621670743, 22.208709054361837, 113.92096919895802, -47.26076378559937, 69.28179138899733, -78.62778614591608, 67.76707197481682, 82.31856711915152, -137.2963808256226, 110.14936146494978, 10.34229384999199, 53.01280879476133, -54.34198736756096, -1.284805186363539, -128.7139871636152, -57.11601477583675, 40.28253764552281, 88.32539756868887, -47.12621542300846, -3.8721904504462534, -35.86094984054569, -56.4109737865949, 54.949165401441036, -77.57656285935862, -84.3266742866894, -39.20194345945763, -115.82213107638553, 5.445703847623512, -6.675803548205464, -73.47374390259984, 92.3675537360583, 5.802889766622392, 128.18747832969675, -89.36530462488072, 12.32130420382498, -81.94805035615488, -41.04685822820255, -60.361026121891896, 55.111944759348674, 64.27044293249068, -136.55152077407945, -31.205074675587568, -140.8605868921804, 118.53926053670935, -72.43238678091714, -3.1150125609233132, -22.685969541970984, -89.90207854664698, 13.711904892388302, 55.76901943107337, 37.64418763814405, -0.9597406125149677, -35.71584533319573, 127.95106231518032, 62.35230716065454, -83.25271922407717, 98.7201860736856, 102.29377686467518, 35.14751270714228, 77.45915702009644, 25.783015032394154, -17.003522417036777, 60.972535808083315, -44.04386091082097, 61.35657249375845, -110.48714461821312, -12.16625006468742, -20.747632126564227, 14.289960200565947, -5.218016107439332, 35.699507100356044, -58.698658420561884, -84.6625971343615], [-182.59399597167203, -103.47756093903877, 0.8565668636710749, 78.05018770843398, 7.357157959413399, 27.44177170147085, -6.378751052854542, 114.62805469975399, -56.067946056198416, -8.880915495484926, -3.9479317888480208, -7.330324016520089, 0.203177071552358, -41.55666621451289, -93.09399258179356, 81.74450627749142, -34.5111647125802, -168.80507646047144, -103.56402238294588, 651.6018074544161, -166.47900100438304, 15.745147692553482, 34.640072311331416, 55.02166711012952, 57.19704954107778, -14.155128440483006, 82.28961775074767, 20.416905282954133, -16.956979871164172, -66.0612417120224, -57.04367988951615, 13.259042080096792, 18.764870053888075, 181.01028597776477, -92.4478018934988, -53.53305661758192, -128.61612723310938, -8.430216175182284, -4.827744502613139, -6.737573569452664, -43.86682516421071, 67.42599631105529, -34.37136554005399, -3.07831646164782, -54.91749239979544, -63.65787145835941, 0.9885761976137314, 70.16634973315033, 37.64783186540733, -9.347313728625826, 78.11973902374093, 42.31681711919057, -84.6658689726132, 47.02255030962011, -27.07435211812371, 49.89883194385006, 81.11950907147727, 102.94715251935824, -102.94828598886748, 25.88941906617205, 42.62861612652464, 13.759067398263321, 70.25990307102883, -6.519955725221434, 0.2505198861452128, 17.431100005266202, -7.310345296757036, 107.34951550541533, -54.95982276650309, -75.84299638054878, -88.44123495579817, 48.136946741384165, 52.393018506564246, 59.26871843525129, 24.840217029823567, 87.06245579940168, -54.30902232242066, -29.06459196889289, -28.723912199452, -129.8955436261011, -35.89802170960762, 99.31523406244443, 50.38052035701122, -97.21818731671854, 2.109571597277581, -43.297636565818785, 75.44632478343277, 62.520417174437895, 56.1617122028672, -38.94053739298374, -62.100561724854735, 48.70268683936365, 61.22395168054716, 19.842278637957925, 5.547547346430328, -55.732431302808, -12.738233620065222, -58.66031608009475, 75.83022984725523, -164.18170186153327], [16.3703909341563, 80.18356995108515, 37.367343703238916, 74.63244533680525, -80.0270108956567, 9.56845578199365, 84.33018736342032, 99.48427743325742, -55.349635959050566, 12.209453623290672, -33.43207657864679, -23.660623351818