{"N": 100, "M": 5, "A": [[[771.3281259324215, 28.312656667336743, -35.448542346632635, -37.54355002507189, 3.163949987655001, -1.197339871035166, -78.63445992971597, 23.529644490615624, -65.07831507822003, 33.92300097594639, 10.40086916329579, 14.259103276168632, 89.5583114694857, 12.37003123896921, 33.21359137198148, 32.817955787923445, -102.77173918890021, -106.7000245741986, -74.13346638229582, -88.4612860980564, 70.18044261570375, -13.076635470951683, 13.687778034292648, 58.2817740230884, 135.21009421088124, 33.249886741628636, 61.099801432500165, 86.76325045405291, 87.05895929430716, -27.557981210126304, 80.523370911264, -26.92251138632321, -68.53968219383925, 48.969477083938536, 135.5888622363919, -69.70172101010549, -118.9948776962482, -8.847279906622912, 40.62816982563713, 30.909249452564694, 64.95837584514189, -39.92193236449461, 6.168022698764846, 112.07986329478722, -17.827713736864492, 33.08049304800725, -14.881702187470898, 212.6241730672629, -53.65081362612747, 3.449401737476544, 29.852048445272704, 92.70819434424908, 70.79607713251706, -68.62143891116988, -10.100469429679348, 15.2713598257588, -50.52106424991373, -41.896282016851934, 171.6229092554256, -55.89664259309239, -106.03093784583942, 132.23090289893452, -26.155869028348654, 75.609052760835, 39.07548923322742, 8.811845777082807, -138.23947922367708, 112.51951045005853, 110.87204821037868, -137.78493131288226, 31.26851337951949, 72.61506756994957, 12.690991553081735, -72.32230689148892, -94.41170950868464, 8.54452922976406, -8.37362661848285, 84.657513826709, 49.143124825211245, 5.303249811137758, 72.33560809356315, 58.37352347186398, 0.22977044561489815, -137.97028531841121, 2.3904246318759554, 29.677661483292642, -2.5150283575328345, -11.651315945237355, -160.2962452769366, 35.82124118488182, -119.71889897570851, -1.004448760768815, 75.60830785588315, -48.96265801731351, -4.025822821427901, 9.65006783829716, -92.50860583913011, -21.22584307358375, 34.44317600685033, 63.59346626020697], [28.312656667336743, 843.8963392239937, 17.69887231670079, 135.32664882049488, 138.70403120892848, -71.69549470004571, -1.1007811990854666, 78.60171640585213, 152.443489395639, 33.51148008375316, 0.5438645815088748, 9.411329789400448, -44.2684980971362, 15.410510689076764, -127.07540003893652, 31.66762492950836, -11.421159640027538, -31.944861085252064, 123.54982075763017, -136.09421649069247, -90.28630965189754, 62.820396549094454, 94.16581299530581, 76.52540930287854, -34.679472077880824, -24.224476186296233, 110.52724025455665, 26.958598434233267, -7.172449893923835, -66.66417769286252, -47.632207513288066, -19.054962879344565, -12.262746115662793, -29.748165359874392, -38.16695306863738, -9.825752229583584, -91.61291006932748, -114.13736305709766, 93.7234841821006, 172.44938713901306, -28.07779965016401, -7.405508369902968, 0.9895490158421965, 98.03082524327262, 6.11810479296999, 9.729396211994182, 124.63040942208596, -14.244768675944055, -7.18248755692596, -29.239170743194425, -41.94599599209648, 107.15147561570654, 45.3876889099391, 43.294001973773746, -53.248776576586664, 122.32008075556858, 71.55099864959344, 91.36527983035901, 39.33894730322748, 82.47236140366641, -180.95162547789576, -107.18107492270818, -37.29404714428615, 13.683665698317116, -74.06183361373229, -46.74933132425029, -59.48870943629162, -59.62625807415375, 1.6343872833863788, 75.68975867062647, -21.680310811094607, -68.47932330827147, -1.2171826671138177, -13.923872877316908, 137.2466563160705, 28.247946088025795, 2.678991120924382, -10.104846469159883, -148.36755218345286, 132.9669659444947, 169.66650905733385, -3.1846730379454504, -1.5690784426687423, 23.87351555324123, 153.1471174659687, -61.317399221311256, 95.91948185225024, -232.53574161573215, -91.39963845707653, 1.2572904627545767, 43.21865966528436, 7.615867725258427, 15.403619208242352, -45.03079724917861, -7.267655490504654, -108.80610200470902, 9.483782453404041, 21.914335002366442, -164.82159408548742, 47.22414117731811], [-35.448542346632635, 17.69887231670079, 831.1720250751895, -106.1096408558584, -175.07430743570256, 106.6419101656064, 67.91571275610185, 90.87838849456428, -14.094869300733986, -42.01062968009486, -25.0239084592995, 69.68950581146717, -100.42751497772748, 66.90501205778476, 37.42641833240236, 98.20261865087586, 32.12657871589617, -10.185302475008406, 8.566047824946832, -79.32888671158267, 41.203026923504176, -140.39908333769773, 214.81958278119032, -57.571910235172965, -69.20455838352683, 80.29828729219032, 0.3667750441246646, 75.39942505574544, -5.971229204735295, 97.36077461826818, -54.57557678356567, -138.87441919503482, -72.93209575644174, 34.28595213307314, -7.132840741164984, -87.18295003822385, -75.91530665116917, -81.94049980716746, 81.90957899593343, -85.20056107373888, 34.81627750921555, 64.08908684698807, -46.101829086274876, 65.49637058235703, 95.70196181737684, -22.636611492478334, 82.00472625945467, 2.203254189873819, 46.698740164373916, -67.6698802493001, 5.2824621544307915, 7.438092051443689, 6.436372536795578, 64.75502744695808, 3.3407587080074657, -39.91225771651542, -19.838142063439612, -128.2020171587342, -81.06209673484871, -202.78504789212843, 7.34787040114922, 16.82581788405507, -11.755566086948816, 36.152287472814784, -28.463882104952727, -91.6339315182342, -56.89637463204582, -115.38139249684185, -1.5971379304342619, 5.027088886697056, 48.9159633883638, -111.74707667946902, 36.74787448349165, 111.62500350870066, -36.32540906807051, 27.59753633543712, -164.54544881105596, -134.93810815642266, -113.27009624706994, 1.9006897044571633, -55.580694664888185, -60.03493313521267, 48.83853984404977, 102.19420872750686, 55.728165183102156, 71.74254075543604, -115.33020282672263, -67.27803213665244, 59.19827505415132, -40.03146797987192, -57.73258976976904, 97.27128726642987, 23.60987088656808, 65.74142726456864, -51.37178989977061, -20.535448848555955, -55.091471328173704, 82.73427374899329, -66.2024608830299, -148.0536638305625], [-37.54355002507189, 135.32664882049488, -106.1096408558584, 852.8267458426759, -30.947293480652828, -164.01638570890563, 49.40642657444242, -19.932428885113776, -64.18328975791741, 85.07919733394402, -59.63162307351787, -43.42857449262584, -75.56933734534829, -29.39235286837687, -0.14142791382638342, -93.52870326827498, 50.04543593945304, -32.628664568712914, -35.02493927154654, 39.270163712543614, -13.459538208332205, 38.844962980827866, -28.1179355258086, -99.14797761791407, -17.99479286239762, 91.095050822281, -168.50884311186385, 99.77869144672462, -20.55141171566581, 157.21363773289855, -116.41689298554283, -18.15318257854334, -12.256300442301217, 2.8891408047808174, 142.1743345277786, 49.46027637434248, 6.351029678633569, -97.5890530402567, -35.71087865230955, 138.7521191890676, -39.31739247780316, -17.224433046312303, -35.46403908523076, 6.259205663444891, 152.88282610149102, -61.90198347723987, -61.776400169906815, -100.90548178549402, 107.31222284860422, -21.093880246032786, 49.4849006644564, -2.2434703677942944, 104.74898682798184, -1.2602061649186347, -60.05266593459179, -73.3237846603731, 152.171835094869, 73.40304004187294, -63.191421808188146, 116.05334186689157, -115.01450536175555, -97.79365895571642, -32.49708162395189, 5.36606775638849, 21.23831630351504, 13.987173485635193, -14.41087519886336, -13.055716088005967, -157.09150589682204, -144.52132157538378, -5.963647274534998, -39.41117396470481, -55.57415342543636, 62.16845634301526, 61.814752460353525, -68.7507079483026, 113.57903495816043, 62.23581224557918, 79.6175770268403, -70.08849256629408, -109.12137961707191, 13.315032878568374, -24.80316547495592, -1.9067363351984812, 44.54987037190911, 66.92255617175755, 121.9487375276001, -118.53664852523741, -60.5641922640488, -23.996869425553747, -41.834601408233894, -121.94839135481007, 37.62926690493714, -97.5399180170108, 9.695316998509254, 47.738308273175, 46.29328689285134, -48.4829693117721, -23.09479921190977, -90.75880054047266], [3.163949987655001, 138.70403120892848, -175.07430743570256, -30.947293480652828, 1015.8066845120873, -12.51987321132342, -75.08893400929624, 23.275222972900426, -138.03204970071164, 48.25382941867419, 7.332296809400195, 75.11705532549104, 111.3044662213683, 41.368202343950145, -102.42111850356856, 2.3033174738984785, 182.4594478273892, -83.21518322905477, 42.4186692034528, -53.55777724945743, 43.656360116340416, 60.54749856535788, -77.55653021003916, 217.52002440867994, -77.12961149842602, -10.07703655898888, -41.04240865049926, 29.920573990917852, -106.00307173023397, 104.66627143447084, -91.35736089562005, -116.58126900013018, 8.435684597992488, 112.77418899326342, -145.44513926672514, 201.84620584791801, 107.79663294573837, -141.97617592668132, -72.92248994901179, 60.51629167792084, 128.28680364025328, -17.145377027810703, -113.06426923997849, -107.2569775154877, -66.25977148518626, -18.566959223537147, -2.0846960381176385, 140.51569568800025, -63.49557402205104, 33.05343861555519, -132.34873873452764, 9.518341538832386, -17.267911378337576, -30.63977009069258, -19.014429199043786, 92.3800643717171, 36.54529559612886, 11.074532866180553, 69.2105753732476, -41.879996028887994, -23.83134322871527, 78.3450051027676, -40.02688159070015, -77.75941586785125, 164.45897137299977, 60.14617458320763, -4.7655235347282465, 8.765059585905565, 118.29094545924207, 21.93197902199839, -25.24227667092332, -48.069938953315486, -16.240555852211997, -45.29969559114932, 106.1522850740587, 80.10987704057143, -112.18216045620609, 78.73626426236468, 80.51224804791579, -45.23449232858415, -31.3012888195146, -70.90734912224944, -46.72007338555636, 45.143305323116365, 77.63526735622489, -38.20960031300223, 49.33241189087993, -77.58715584006715, -98.43770410915721, -134.4973512994352, -33.38143295805327, -67.88775304022573, 0.3228539825283553, 52.74747972921364, 6.194580069726384, 21.38026256083457, -11.775137278121694, 94.31547694123749, -34.601269674592785, 131.05581434497984], [-1.197339871035166, -71.69549470004571, 106.6419101656064, -164.01638570890563, -12.51987321132342, 799.9262696293117, -41.07078460370601, 47.877712651497575, -25.217928658499975, 55.40745439850953, 16.83350204262098, 4.562002061655273, 101.58131318398489, -25.10247955798824, -102.80528355004041, 156.17104527083384, 12.642159630124715, 3.574344413085215, 7.745797516331144, 102.755199900332, 101.22501103855848, -82.80927580580631, 92.64645407068936, -55.498441513022584, 71.98331747095385, 63.269432022475286, -24.26526960110852, -70.5540825598874, 4.289320694855444, 22.373231793096487, 106.64084909427852, -24.03323611672437, -127.15078925934637, 37.19779718103713, 105.88771529007198, 16.38437954656137, -85.61934323696376, 73.94894609705608, -104.88111251859937, -123.82771019770288, -71.54854643531074, -109.03933522765756, -98.36234442622762, -26.40339837267651, -69.74989266990667, -32.695271173772355, 17.84073929628418, 66.32832197410818, -29.019517124444732, 57.40677036716639, -23.696686381215812, 11.141134579878043, 66.48960208649542, 104.26587995054616, 6.293820196046493, -74.6013493528439, 22.42978029276374, 16.17848811806248, 81.45009740391616, -38.817977700425544, 50.45066752688207, 10.986138716439426, 62.28564535934294, 91.088152984216, 94.97812029097776, -73.17557545638468, 58.30182340847095, -82.70101552741403, 31.94816269851642, -13.946462559836968, 39.63519277355177, -104.92443989345509, 57.20811531343009, -61.05541387104202, 106.61016328805036, 88.1026322020572, 103.42985937958882, -24.69268631518561, -32.54582325491904, 83.55754085175981, 110.61198531400375, -21.55713383929463, -6.455148230324034, -116.81262214366514, 225.53078992845937, -69.12595672383374, -133.21390445390878, -122.72981190259347, 58.10459936706566, -31.581273700095977, 159.1523765163081, 102.10561813543515, -19.914862017507605, -88.48889990975341, 29.26984394282714, -8.259691752207162, -12.41543916457079, 91.29906031305573, -0.039728622152038956, 128.03194345348905], [-78.63445992971597, -1.1007811990854666, 67.91571275610185, 49.40642657444242, -75.08893400929624, -41.07078460370601, 599.932088997543, 87.72428519597094, -63.91993222921257, 45.38089185153505, 31.501860104579656, 16.58238510255691, -61.649503711817516, -132.9852320821338, 13.963791720267935, -28.477566329951202, -52.33706281833667, 100.92171749101621, -47.325944587983344, 44.680775408202685, 18.425985087415444, 102.35568641494085, 21.599313739643044, -42.902991953308536, -65.62888374858403, 45.652921532307836, -98.0542989188953, -72.68185225656312, 51.689355347456946, 71.01465755650354, -12.389261972900847, 220.86687673429455, 26.03418487185459, 47.44606377993205, -49.4662012489728, -73.35195126328915, -21.228214812130712, -68.76584853220407, -40.85179026816353, 2.4195077505094114, 23.053388388778917, 18.46743219038065, 66.94847782796776, -56.31674762842996, 149.16692716951962, 17.506441290349954, -13.243006571848651, -61.72289778632255, -24.903814744347947, -33.30832623747505, -77.89242950862622, 46.997860027331136, -71.36917995646077, -13.740176159969314, 10.154083428635735, -68.44310157503782, 42.22468077741255, -7.574515051926905, 26.578959054065326, -128.26069626141975, -68.89465040128955, 144.81215827944203, -58.182137388704795, -71.52353902766784, -40.658950661995306, 75.57841954398401, 62.14480690106305, -0.6123394424372378, -77.97143716533124, 2.462198227474609, 10.063743488567253, 116.03170823517696, -51.45506520075457, -46.2932865593052, 3.0120511374701278, 23.095340543927136, -96.13265224017572, 9.819549041043102, -73.87813288604, -47.477769136062854, -73.53199115415417, -38.4907289395997, -50.434117039722885, 17.17858777471579, 98.66064601363823, 104.44375492035881, 12.027634657015968, -10.878989066886104, 36.90630172709246, -87.46524470987336, 109.74310335747866, -21.77522783410229, -55.97365167182754, -122.46767934888378, 137.03960277126157, -57.383343936026506, 29.589961211726024, 45.794366580096586, -44.03745919752011, -65.30018619628686], [23.529644490615624, 78.60171640585213, 90.87838849456428, -19.932428885113776, 23.275222972900426, 47.877712651497575, 87.72428519597094, 947.9435336692198, -11.677292685117319, 93.09682826969905, -47.14359564676067, -63.555559670713855, -52.65026100370589, 23.327659110258903, 8.227441701369383, -78.73420589680121, -72.44291090023984, -83.42728382035055, -153.03789520238905, -57.6778000751573, 81.47753163030335, 16.548350748675826, -89.63528602317501, -153.53810214123962, -50.90029907008145, 59.37321158502008, -85.53498584353203, -30.76881285651498, -47.58592163512257, 9.628133331029376, -153.18219846860623, -91.45615208790245, 14.320577360549661, -50.36948655731184, -111.12419009611101, -88.63675318051943, -103.64767993689829, 172.99045349926155, 114.26606174993807, 123.1648107654199, 18.31939119758907, 24.212674012754295, -79.75646986909756, 58.476509101136784, -18.575493653104132, 1.3525257009779263, 81.07117515713885, 27.74734930734144, -48.67692856433652, -53.05811275105217, -11.918129131700313, 79.90799455871371, -8.747855246189372, -19.31867362531264, 18.861957199143834, -13.35239472307612, 61.95180292186217, -25.884982499049237, 96.19405035885055, -52.095184527986284, 13.916059606267362, -61.965816296577906, 43.25171269528268, 78.94950856644988, 59.2883823639598, 21.151940524554206, 92.90520842656065, -174.29286965061647, 33.06938698387045, 4.323014595046745, -28.982493928496346, 92.74708544881193, 23.832283080647116, -31.173472430939796, 84.51714810880961, -27.842281013985062, -62.50965546534836, -30.269038224631196, -53.2583387162161, 121.24391094323758, 99.84407179567407, -96.75760032932797, -60.669252745862536, 98.329157072492, 49.222646749011545, 87.48229364392918, 142.90266382225337, 56.37143006291193, 4.251761741002695, -35.43623737717111, 169.65328111753394, -27.35560717660443, 93.25357129331746, -215.2493484343168, -11.006985620574872, -42.80109580738744, -132.54226357327573, -30.921417482470638, -57.77046682887096, 30.2811028031972], [-65.07831507822003, 152.443489395639, -14.094869300733986, -64.18328975791741, -138.03204970071164, -25.217928658499975, -63.91993222921257, -11.677292685117319, 891.720313321926, -97.31363604189917, -125.52277885934187, 15.200307979909091, -4.78960604343206, -2.56308064518577, 38.68093608173966, -58.81808893124758, 47.823195645975396, 172.9916034355415, 32.62741871339127, -8.833013180678774, 50.40690106925873, -46.31414567293322, 13.563880911681384, 11.105749646417925, 34.267655401164184, -28.230572593009214, -206.03144461419728, -71.93677348198742, 37.699102933461994, -80.50895665850557, -50.882629168516075, -122.82793122731259, 35.72232720840719, -75.01967989725995, -108.23069236611684, -71.20505765447673, -3.8503781648841917, -67.75323211879356, 33.937264919319865, 5.838950178373899, -189.33446623684517, 112.46806718880211, 18.435088638870127, 18.085192510876112, 4.5261378232244525, 155.85764341483124, 37.5893216164375, 67.17342303098211, 124.94924408804769, -4.056202482374402, 122.13382138198679, 21.978226796597795, -29.658734334979513, 126.23272816809968, -72.72115598290534, -40.39012357944163, -26.51798978730941, 2.3027127371010994, -50.64792187898816, -15.18273948513097, -81.99282509730894, -24.680865428045355, 121.34516851001764, -15.14195089780333, -1.6385842703456315, -107.50056163416114, 59.865756722863075, -71.00751467538882, -50.7430294419568, -31.598692675100544, 47.924097044274646, 7.315291463633122, -4.684980242953522, 121.31701983677027, -27.81802506343957, -2.4798360749468302, -5.2752702262284625, -28.93069227099991, 14.47290236698535, 237.57791775872036, 44.01347440598015, -69.21462188781271, -6.227440291941402, -164.76432310782846, 77.15681606031737, -61.71150350315397, -41.54705603984776, 58.572929403314966, 10.595839825891504, -34.34204854831997, -21.54135871671163, -38.08995642053365, 120.66925213944185, 20.260842531421112, -30.939008727715404, 58.93702117358205, 32.33090607500951, 107.33942938519242, 11.05552787174825, -49.133757142029964], [33.92300097594639, 33.51148008375316, -42.01062968009486, 85.07919733394402, 48.25382941867419, 55.40745439850953, 45.38089185153505, 93.09682826969905, -97.31363604189917, 728.6357936461528, -17.061423074136368, 5.152876749445827, 112.63564417857832, 118.60947508429034, -28.52421560113367, -108.82272306257035, -109.42867781925594, 149.75833609424146, -59.56381687014586, -141.29765235125498, -61.72352768374815, -78.62603449535595, 27.291988265301992, 137.36086184678257, 19.896750709629817, 66.77924120590383, 17.111864411832354, -77.65240410965964, 116.64731505745969, 98.70460192230894, -0.026521202356216304, 186.32395179413618, -20.391372941896783, 25.50868753716678, -47.78069820916704, -169.28794420000938, 11.061218039438954, 88.24758665462916, -40.06073613750226, -6.539834410849834, -66.20668174579133, -10.34077560128261, -24.963066853046925, -21.02544470676289, 63.738261271927485, -164.0187952553086, 12.664413728894383, -98.08639543644018, -58.26950645467656, 38.2197399702463, 18.008901654628552, 8.47166585841579, 69.10494898904741, -22.717525381511983, 85.98455738401516, 104.6925349999657, -11.82499033936862, -55.22774447581148, 104.52797230887073, -124.67394064108088, -16.305612878785798, -55.63299464098053, -81.71461076760845, -63.14644157273988, -45.48428137015813, -106.73624247368393, 78.28316419953964, 43.418328303172025, -55.281481437400615, 43.5195310178728, 102.39846705382185, 89.61264696534246, -27.46490585513326, 16.570715743735402, 45.95995085333699, -9.234894174460626, -11.064714890045469, 36.69761653445851, -8.28309634089907, -35.761767488497355, 46.61410960577067, -132.43359205330046, 22.697969419440078, 111.04197736501536, 86.95488799950668, -50.05901180983334, 63.9579664506611, 2.406314862693721, 17.757899904133463, 89.17009169324068, -34.909845892066876, 5.435142662663726, -75.69390162645205, -5.442963353019895, -151.31295289576408, 158.37361372449865, -2.1539208032278503, 129.13413866295716, -20.65441544427308, 48.110166309314316], [10.40086916329579, 0.5438645815088748, -25.0239084592995, -59.63162307351787, 7.332296809400195, 16.83350204262098, 31.501860104579656, -47.14359564676067, -125.52277885934187, -17.061423074136368, 671.9709795970701, 88.7692776893735, -70.94442768845308, -113.24957281504808, 15.591378079058913, -18.253921808599333, -8.865335176458286, -108.52474807657191, 52.11240058711266, -55.694927596148894, 21.547579599241477, 35.98611819601911, 8.897727317054787, 36.18104926189615, 4.405018551613077, -96.34359809410248, 150.1259509925993, 101.0911185717038, -99.4754072569045, 12.193039169582704, 44.816269067853646, 85.05022977399459, -61.75497228018761, 37.473838615882805, -44.88587482556492, -108.05151040509867, 106.22155893742179, 41.055197875050666, 37.617178361901594, 40.36379781677809, -96.55001191864476, -19.60333063360011, -23.17576637493903, 73.04209067819434, 39.67268665024407, -85.04817057121716, 66.45890903127597, 9.89493469776293, -57.881280872181584, -75.93122939791016, 45.20589404728731, 4.8696112956867355, -108.11298339680381, 20.01723838933682, 22.018294174537633, 127.9412790555319, 8.169979457992643, 33.52301823775873, -13.338305855313633, -121.12620471546195, -130.50214547717135, -24.045309295748556, 67.77834159040654, 9.267310349476688, 14.499961247001362, 35.06280022152276, 87.2213181068292, -89.28295216749821, -91.50852450069924, -76.80905298807211, -46.95485115920957, 72.20308781024285, -28.584077652413363, 2.7321105812760575, -72.30547428530133, 42.78498011723276, 81.04572065117645, 32.622138223207, 41.93790187278942, -57.809218721914995, -81.09742521708333, 67.79389193117079, 11.589991534776953, -88.21372730719109, 0.5191105135646673, 49.38485270523516, -23.42121525521817, -88.71759053535789, 19.499342599520542, -25.02287657747323, 121.67159052602457, 133.8874546023141, 69.60539399886828, -106.07737010846316, -60.06168864394656, -4.695364162712674, 36.40600339796222, -2.576327930485693, -32.14109708300134, -43.984288776960575], [14.259103276168632, 9.411329789400448, 69.68950581146717, -43.42857449262584, 75.11705532549104, 4.562002061655273, 16.58238510255691, -63.555559670713855, 15.200307979909091, 5.152876749445827, 88.7692776893735, 853.9846226891683, -119.24508809854987, -139.67034289475092, -4.327341563933021, 10.171104247441294, -27.43776823366801, 23.42463317395409, 63.99393870064962, -37.42584121766779, -100.41790426061877, -45.85999885151425, -4.204928123077603, 36.22465628487048, 41.54075856294253, -213.60127801788508, 29.331364453031348, -30.30124783248868, -39.621163313466056, 24.76416268347343, 82.9599982276427, -71.68349598031108, 56.98286003729071, 23.60464750935757, 42.3405700116322, -103.14758955207525, 14.089443604570356, 34.239722029416356, 52.55756845355672, -157.40921975407252, 112.38120573956141, 98.55757461759218, -65.44367384745163, -31.97504799804456, 39.19009826162347, -77.14066955681906, -3.688777873382219, 50.2490152427221, 31.10554081864856, 79.2587298942337, 25.492638235578944, -18.534830192274086, 18.587118016145634, -91.67509136145301, -80.29882268492464, -74.49585899292319, 5.008861053738716, -83.47960076533694, -47.14622845420694, -100.5742619387976, 14.882803409571403, 40.99086715441937, 98.44587066599145, -40.858039701022065, -54.471671541281495, -3.807126721232787, -59.47742549466292, -93.66874371397465, 8.802076236316582, -22.415779879439317, -211.45115362620825, 3.200280350558061, -62.21486213953494, 17.752618481585376, -5.698890084656203, -93.57917066934029, 2.1954514724362078, -48.17375240028886, 93.9872493190154, 55.275619916499096, 20.130165105101394, -137.3339030258472, -46.96373337275114, -157.9987213893462, -9.275577145532043, 36.662743082351675, -139.37586611952, 89.9991808712152, -122.03893841714078, 19.30059230488547, -86.62604172060456, -65.29580466742374, 4.319803737494371, -101.8568866588054, -68.84162653209486, -71.2587676755207, 76.02338933835057, -31.489784116672258, -56.973037957740694, -40.74652044510419], [89.5583114694857, -44.2684980971362, -100.42751497772748, -75.56933734534829, 111.3044662213683, 101.58131318398489, -61.649503711817516, -52.65026100370589, -4.78960604343206, 112.63564417857832, -70.94442768845308, -119.24508809854987, 821.6837269391248, 15.571349050080784, 151.14471349584724, -35.88828251165848, -25.189797133052362, 27.081186283648382, 64.90628284946246, 19.93140968735572, 126.1951968400421, 40.49695018486664, -86.4701436552005, 27.571021231417518, 26.86526280303967, -14.430965709791002, 61.19999440940854, 98.81158939473636, 96.14840539804501, 30.566440056837877, 18.9592750527093, -36.44763717792848, -30.171845266335993, -27.321063571111075, 65.29705964958171, 168.1253742640578, -108.61420764403752, -47.207611957541566, -49.73843539170803, 39.13722293874303, -36.601894676463246, -123.85896342447968, 107.27985265486275, -32.280818479279134, -142.32771931843445, 57.285377208764224, -34.79628737118503, 114.35392803029563, -76.66588606219113, -107.71989493793703, -73.40752623520218, 28.41375548530782, 12.642993651477546, -4.02189659027148, 154.10056796859476, 33.30818643631517, -146.54423616567598, -53.86398985797893, 52.87625571114889, 92.03228335470641, -46.34930202809108, -21.556743574791042, -4.040993536500439, -187.5155616809901, 183.47647638891058, -56.954085544911166, 29.003096504733225, 36.5874988238192, -31.611888700779698, 16.26401328095074, 25.92144955324151, -199.15628187531348, 15.195137258973716, -42.52810185062043, -13.679364001881456, 14.163099722490271, 26.248082073170163, -0.7663624443968223, 102.91911879647047, -32.51258184863172, 50.56709187150991, 30.102136547180574, 86.54921927759285, -0.7634112658461847, 148.97406147295916, -48.0857191916258, 16.547530780556137, -43.260607801518674, -93.60059968081076, 73.41153353651887, -20.732178795733745, 59.05733625104942, 45.08791625880006, 85.78857951095817, 22.332732088578577, 31.14276385909451, -91.0514001181479, -38.87621985405827, 44.599042208613845, 158.78902831484905], [12.37003123896921, 15.410510689076764, 66.90501205778476, -29.39235286837687, 41.368202343950145, -25.10247955798824, -132.9852320821338, 23.327659110258903, -2.56308064518577, 118.60947508429034, -113.24957281504808, -139.67034289475092, 15.571349050080784, 1045.6228784012458, -51.687099292664094, 8.306032483480088, -29.002092012387358, 68.72758894007416, 153.72295262118325, -106.41774705425033, -37.51976156068577, -23.723103448857948, -98.45024268650201, -31.56097010030082, -13.420445554833178, -22.509300872660095, 13.414116115532556, 95.72733115029533, 50.8494336342643, 66.26341377418188, -6.70295061186668, -25.575435073001245, -135.86963469134074, 159.74004276641907, 157.21223026481562, 5.902531740107987, 62.457187532786556, 16.290450617408954, 4.795645918714824, -3.8931731450977667, 34.4882011283331, -35.48462646002838, 25.675322676262525, -103.07505864573848, 131.27243047982853, 58.272550782681, -106.6752143722149, -94.82533352198779, -125.259347471633, 18.603645606821214, 45.77127081285133, 15.357532574727125, 17.78881526592045, 141.58120839808174, 205.81876147408727, -3.705225012303991, -45.7673482124649, 96.40413936102692, -107.08587518394079, 24.032446084303583, -61.52239001245092, -54.11436074850086, -40.673026641819895, 121.0296381834379, -79.51303928737102, 77.0672369504746, -87.22227411858613, 27.277581466964566, 208.9547272989416, 46.251831934887676, 167.40724569888533, -70.56823951301902, 87.16232681916121, 6.985917377455605, -27.194595227488556, 141.57648224438256, -93.26980237537411, -70.50768178887428, 3.5959852832535524, -28.94625922912565, 50.64426787821357, 44.88861435682985, -8.343774765489318, 55.76349379662333, -35.47057836946326, 7.552155624676015, -23.81399444102213, 9.471876460853416, -22.725048339971245, 1.9078808175305269, -80.00695435217824, 2.5225901045366896, -37.980484130436935, -2.212500803274541, -49.32810116894025, 101.40238599005428, -1.496888963916824, 13.075121033381135, -40.54824372216253, 71.45448555194058], [33.21359137198148, -127.07540003893652, 37.42641833240236, -0.14142791382638342, -102.42111850356856, -102.80528355004041, 13.963791720267935, 8.227441701369383, 38.68093608173966, -28.52421560113367, 15.591378079058913, -4.327341563933021, 151.14471349584724, -51.687099292664094, 748.8969725778858, -4.519310656880847, 78.68890595394056, 56.0795577587306, -22.996997877454973, -71.835222356526, 46.769449650138135, 17.403390251014265, -67.43906775416168, -177.57125614274233, 102.09388952408214, 18.226434953971957, 74.96793805069017, 35.051714397331416, 30.80386317358731, 142.27744992090666, 100.9049944627758, 98.8589875939935, 32.09141241702827, 25.14952527237071, -57.36989078213351, 116.74017918695334, 63.30612162146584, -47.94922077011126, 135.9645904213927, -76.84517486067938, 38.30224769808024, -21.601993809068407, 64.09823428248652, -217.0394654803118, -92.87739203232452, 97.35314657068228, 3.8793431705860306, -10.243430557912168, -79.67844397818378, -92.7989984376894, -5.047747422294943, 115.34827146967689, 27.143802483939417, -113.1043270801937, 99.47533550837889, -68.87107380498334, 14.722498523633398, -92.90811804690085, 98.96878983231814, -16.550347404140016, 15.619535905189892, -121.82132662846101, 48.13314635746974, 35.17995153866235, -21.00019705252522, 62.39120289227489, -68.53219603972768, 60.19076537107379, -95.04786344623075, -97.61565982892205, -23.393843398173658, 26.369865976029395, 37.218665475926365, -15.640231980081877, -31.65202639397035, -90.3543453603956, -113.74061085911477, -74.97765443757834, -33.91035882622268, 52.37029802270677, -37.18638354852855, -63.888060474382264, 44.072846999123854, 65.78196601368609, 53.80683117736896, -4.964349640545405, -54.466160204777985, 42.688718618142914, 124.14226194659962, 9.728134514150245, -12.09316565383055, 95.83608714969853, 59.31393616963535, 92.08981345109079, -29.644872384681932, 6.450698906831359, -131.8810230692689, -228.13818244800964, 13.098560415705684, -24.17367443167363], [32.817955787923445, 31.66762492950836, 98.20261865087586, -93.52870326827498, 2.3033174738984785, 156.17104527083384, -28.477566329951202, -78.73420589680121, -58.81808893124758, -108.82272306257035, -18.253921808599333, 10.171104247441294, -35.88828251165848, 8.306032483480088, -4.519310656880847, 899.9572342097547, -39.84673216495572, -112.38225984191322, -0.6897996963343034, 101.9555785620578, -97.6869178246626, -70.55990294057477, 21.330262167626177, -11.500630085919148, 87.52042300688193, 118.67098461584582, 85.12241217004197, -60.62478591265702, 12.223230715235216, 89.40604999826118, 206.34552143744244, 61.00742884735651, 30.90642490345555, -125.12239302401095, 35.8621663487192, 110.95336013436118, 50.58186627474209, -85.1850036148145, 70.03635534341171, -7.642402416541953, 97.46668722520072, 37.22603891219656, -64.60945353826274, 60.58619794724035, 76.10651919919168, -46.123478172448934, -67.7889515588745, -96.79999661121947, -70.43717509392894, 169.22864419324245, 126.10861515998532, 15.635676059603654, 5.75239335554293, 123.89102271930136, 18.700055686691996, 31.911553005516087, -71.97225414840757, 35.81355210583288, 37.28377196812979, 116.4984808394713, 54.21991183336671, 48.858401168579334, 3.961247321869619, 36.86918471228897, -5.763409166796661, -105.8969140417444, -90.63678119369828, 16.33936817296298, 6.305557470822994, 46.01350685845348, 117.40383881784442, -130.16729953690194, -120.5298998079061, -48.21450411274867, 45.100127801035676, 74.15998094424336, -67.67724664746935, -61.41217970349288, 61.32292861572886, 8.919998223487681, 58.131211756807836, 118.57403207433718, -0.16477042599808692, 82.51773537266143, -26.55132145803616, -43.91718132354911, 20.502102348898397, 34.15428350781398, 143.08171704515695, -40.84853262080611, -6.599101325224482, 85.91687016232217, -2.2812517901593954, -44.21754148969936, -87.13239546193468, -93.76795072516968, 80.86377758077334, -60.346303205791486, 65.09388028892535, 27.021100382466095], [-102.77173918890021, -11.421159640027538, 32.12657871589617, 50.04543593945304, 182.4594478273892, 12.642159630124715, -52.33706281833667, -72.44291090023984, 47.823195645975396, -109.42867781925594, -8.865335176458286, -27.43776823366801, -25.189797133052362, -29.002092012387358, 78.68890595394056, -39.84673216495572, 624.443854512317, -95.189552318887, 111.85752668895293, 55.85255985321266, 129.81399598325146, 22.464155252403305, -32.781229551487506, 9.60795777324472, 16.734131865202894, 199.48566068923498, -54.56706825607595, 16.725658440917528, -27.587245413723586, -55.281450206049286, -14.238974083633346, -61.21699910616955, -45.85327848380924, 19.10615153204966, -164.2563450867467, 131.22692543259058, 60.43759788541317, -228.5040593476505, 120.71006380716904, -2.6944243911187367, 163.52545651229246, -99.86425322094553, 41.331203590036054, -50.58754707048002, 25.088955751073318, -68.90129062165363, -54.2568067806731, -2.678414552433199, 97.90733403636662, -9.222681338617441, 32.35619129529484, 30.17499958452733, 74.17487234904847, 39.415745534282294, 18.217320503447777, -19.323133932758132, 6.414308990987346, -112.67274205004809, -35.45826398346337, -67.83120686273307, -0.36185445868550764, -95.9599160613664, 0.7622066225209709, 25.74358876241683, 53.69636389057088, -54.59991234603002, 50.32344007766231, 94.57144976439724, -28.870535953874697, 11.488879744732719, -37.644220411587476, -56.04819107956821, 10.898128014276393, 207.4242068234268, -55.81112150888564, 29.56534514244057, 9.010600237169257, -66.0007422467616, 15.570113115209391, -13.015973837238118, 71.20345686267072, -56.60042936604563, -20.800314182767316, -36.522542568960176, -0.9191043845921568, 55.45600573899026, 60.50563041003779, -85.65597814999313, 52.62323004268669, 48.27710024189706, -7.835518744141489, -38.38686102600794, -47.03862253039267, 36.836468466795985, -13.225908526156886, 60.551980990152806, 31.802797769397163, 1.947166775273403, -66.45781449955467, 82.30082826402482], [-106.7000245741986, -31.944861085252064, -10.185302475008406, -32.628664568712914, -83.21518322905477, 3.574344413085215, 100.92171749101621, -83.42728382035055, 172.9916034355415, 149.75833609424146, -108.52474807657191, 23.42463317395409, 27.081186283648382, 68.72758894007416, 56.0795577587306, -112.38225984191322, -95.189552318887, 783.0321408784366, -76.20794973075336, 89.3198649213377, 14.928910942721876, 109.0153379610537, -3.188686339530005, 74.94856959809647, 0.6314888364548615, -118.40099817066324, -117.05765287391385, -97.46012126767779, 31.778861236969757, 48.97233285221663, 59.38956560921327, 78.46814909875715, -80.73208807991398, -13.083227723548305, -71.77387232690559, -47.23916361188396, -1.1744120342749924, 45.67620842212104, -67.47583984921131, -27.706943504582622, -103.01970723568475, 96.73777290489915, -0.9763235767874291, 43.581204284824366, 64.38461865354549, 61.25870347440865, -120.63456015076513, -0.7074123525287301, 0.15558726772287562, 20.128491628924785, -96.61489808743998, 172.50530581994568, -125.14980039002597, 54.303696526112, 21.790849561760243, 79.86187647285813, 47.32887922199536, -93.39762674916341, 75.22345169284621, -89.8319900324782, 76.84233332863211, 50.531091192108356, -8.767841966604717, -67.55148259394, -2.0227059402091156, -78.450177719368, -152.3273396660963, 19.258994695810316, -97.14806328202891, 79.84929821631812, 73.78134851127693, 9.609935232581705, 112.65885245471779, -43.60435465753865, -52.94466575211415, -71.39355872729628, -49.91998075740304, 10.89156631577901, 45.258489110790016, -48.249489807638604, 51.94222363910131, 23.669283620516598, -144.61078584673933, 119.81887751126494, 81.51172788088606, 53.611220468356095, -25.171707264023905, -8.641895742038562, 29.936292806032345, -52.7153136699, 67.71613393653428, 10.266880930542623, -8.098165080963016, -3.844197262430089, -5.404052166567249, -29.681094526014782, -67.0744688284804, 11.157176023487839, -50.009700212595725, -216.70443956204244], [-74.13346638229582, 123.54982075763017, 8.566047824946832, -35.02493927154654, 42.4186692034528, 7.745797516331144, -47.325944587983344, -153.03789520238905, 32.62741871339127, -59.56381687014586, 52.11240058711266, 63.99393870064962, 64.90628284946246, 153.72295262118325, -22.996997877454973, -0.6897996963343034, 111.85752668895293, -76.20794973075336, 769.1502670266481, -33.42348535734987, 38.50023655810936, 51.73038386799945, 101.29395914991923, -26.02027339606203, -30.49064827929232, -51.998054845296615, 45.87185524951178, 57.72101441607103, 97.27762852923246, 61.864503898340764, -68.04713944718878, 8.03215934142556, -43.61895413431011, 18.57930036444543, -77.5615756587948, -0.33477382490645746, 109.49642871588485, -121.38127991205805, -16.14781453607459, 107.0315712890693, 56.13494032401213, 0.7531621392754632, -69.70358815405595, 38.5244816587938, -22.690556695109816, 22.59531216489974, 5.951722388836752, -25.726358259936198, 23.665503662381226, 64.21792311118378, -2.670672103659644, -97.73037633396756, 61.20632054011454, 132.4312372786503, 39.2522258808083, 11.464654165837624, -6.204480201955546, -95.00474346912479, -126.35802408531542, -27.69155251197682, -42.15391387279569, -61.438956486382246, -54.34038526736223, 132.16790458327773, -68.23921768199703, 150.63395983694437, 5.773471612663582, -109.6362745120948, 74.11843285028345, -33.41196216334893, 9.128523292625404, -100.50166553940223, -105.1571870653107, -93.84677713769285, -40.521637158942745, 191.6016369790845, -156.20476490106878, -40.5105386299375, -103.56991005714879, 17.296760816472528, 85.74433466215551, 86.9578323571644, -59.612785582570595, -180.7366679964386, -20.89406884822719, -107.75105396268961, -53.38275187707599, -82.24777486845929, 31.821863920044777, 41.83758920386153, -35.61280698753835, 110.95914643870948, -61.15732955475554, -41.191314583358384, -128.9395302012999, -64.24953063266915, -26.339641593643435, -101.88858157518654, -104.15789850716322, 11.313967146643904], [-88.4612860980564, -136.09421649069247, -79.32888671158267, 39.270163712543614, -53.55777724945743, 102.755199900332, 44.680775408202685, -57.6778000751573, -8.833013180678774, -141.29765235125498, -55.694927596148894, -37.42584121766779, 19.93140968735572, -106.41774705425033, -71.835222356526, 101.9555785620578, 55.85255985321266, 89.3198649213377, -33.42348535734987, 862.1066105277423, 209.70960492513998, 141.7284849248558, 25.354509294345284, -99.03928145813045, 102.0978031305581, -34.452841344672, -250.50542083280274, -23.576736977623895, -11.906192573827756, -103.85653396694123, 6.185544513007427, 9.373179926025951, 27.067392389141794, 74.86857336917664, 78.4330118527693, 52.7656957036691, 64.59367234796113, -4.9134721138146755, -10.594234078943085, 20.5164834905231, 25.989168450361433, -19.11494560150126, -50.25012188829929, -2.934879917822496, 41.37799881986541, -40.33569191922606, 1.307155237847864, 6.281529394722947, -18.404992619202833, 34.45602317366858, 164.14533697485288, 6.653001070056802, -22.584801315088242, 132.1420243017717, 58.16573230045378, 2.7029626654654284, 56.56504551547663, 100.28519156798197, -82.09586615894463, 22.305793456657547, 118.76738088176545, 195.73866121983468, 45.93505728387033, -16.931558833425946, 5.9555929588109695, -37.41975810252599, 10.075443941162003, 41.114512281961495, -56.48459205605498, 91.09438068595966, 40.4868711491799, 25.045769613988632, -13.333437166015255, -12.738672718180228, 88.03549767503041, -139.60836323927984, 91.32202801743978, -79.36825341248233, 60.47564330164495, -59.28017937711388, 52.36899534365728, 55.68431840990772, -71.68433866026052, 69.47825627438394, 3.401915137116818, -41.93518978854242, -134.41218630791153, -47.123049718532066, -155.21944703277404, -13.84126510424491, 57.93720257491136, -7.817025037799029, -97.0153036890669, -58.441530771071264, 30.387011523253733, -81.1165563134991, -23.06810363019708, 29.85822695830934, 148.89897298049203, -55.27332513845053], [70.18044261570375, -90.28630965189754, 41.203026923504176, -13.459538208332205, 43.656360116340416, 101.22501103855848, 18.425985087415444, 81.47753163030335, 50.40690106925873, -61.72352768374815, 21.547579599241477, -100.41790426061877, 126.1951968400421, -37.51976156068577, 46.76944965