{"N": 100, "M": 5, "A": [[[832.2940876340977, -55.10420667670442, -93.22040912709777, 38.568017028864894, 19.283718242738086, 2.975947167995144, 118.44536861201546, -188.7132179238341, -36.97502913743933, -26.01116088948009, 92.8552102205236, 40.59358664002847, -12.430873700080754, -40.87191573321826, -46.341461494392554, -91.81445470513883, 99.22516245695108, 140.9851666223488, 19.086950654267977, -47.486165241873884, -43.98542981609761, 6.278382499279706, -22.320721591042737, -32.25797182620036, -31.507865965337032, 120.45977954602239, -64.83625874849643, -66.08435280336687, -73.85432855693175, 47.353811987068134, -72.79453866206576, -31.113715262196592, -69.59145424382903, 56.117755245738515, 38.980573641735816, -17.573283949911815, 61.42778027946639, 59.971018116753875, 9.736303087292994, -5.034403525817733, 53.677921301524286, 92.31731311013935, 38.23597277217658, -122.93841624227488, 16.022830159967523, -19.280435908814393, -57.49101683169136, -81.68591699483838, -14.827772870706317, 42.72858542608707, 56.68537365018785, -186.60884169731273, 87.05720090650331, 65.65258335605667, 84.23539868002358, 185.00083195219648, -9.008623685398364, -1.348588356623495, 43.31495390506394, -53.54447264900792, 33.77470557544198, 62.85367694490893, -99.52408419561047, -168.8215404836617, 75.36607387681985, -84.54033425059889, -100.16659715274746, 40.443971237362426, 158.46288003190043, -16.605639444683888, 66.36741411427067, 59.321988774282836, 34.25062231622185, 56.379547856337375, -56.56702089792341, -25.009548911542474, -192.10710306320445, -76.8957220258614, -18.66073061548674, 93.23616876664039, 3.379472632484808, -25.151705378968753, -41.11466907037917, 70.98237112151423, -40.64506417343, -60.396137895152314, -89.24532161917293, 136.63402161128093, -0.8696342066334316, 207.10640324644436, -19.417998827018412, -62.748194191782666, -32.07117682545241, 127.89589553062602, -162.5348608535842, 13.368461936504024, 9.591990452448218, 35.71714564004233, 24.04934091010273, -58.6438552378413], [-55.10420667670442, 773.4940356753484, 53.540128230133696, -198.91170389127623, -21.5496915735368, 34.5831011895577, -27.428445969683363, 46.847322909223664, 83.1997103324514, 18.12323013425652, -11.659646309172269, 20.222160852480823, -15.5119468255679, -19.952322592513358, 26.317910194584286, -82.27339167042251, -9.349707863023744, -4.81035480685543, 122.98918236882649, 31.499272231150822, -25.95586601432849, 9.603326863955187, 56.432306972568426, -92.58943772106183, 18.868284630050656, 58.91256752366542, 189.78819665835684, 51.161303632933695, -55.07831941433364, -51.07350060630216, -26.35493355124775, 98.94019716741555, -39.707651259456995, -31.252932113261668, 49.88070337332848, 51.100152694435494, -4.750839265333698, -72.8060476027915, 22.47822873918945, 10.87116564320833, -19.147953464367205, -101.09878311585395, 16.66552009338735, 172.1769672757228, -32.59728538871346, -123.69268119346445, 54.30223817832659, 115.48871085556226, -2.751501656831353, 143.11709332657287, -8.083181919856868, -35.3494255259742, -50.23723958072685, -91.22446973084014, -54.48546231823473, 121.44489694822283, 183.37201814735042, -54.478610752716456, -81.19625006482575, 33.65117229208681, 22.642600418359045, -18.265176161169922, -127.5326858895627, 120.07864239096405, -56.86398408334938, 49.86002449089462, -16.07920586651729, -37.958999644561786, 41.679198285547855, -20.8430718727742, -41.38640269593374, -23.16922293257003, 63.71441546117347, -79.99800399466672, -5.724139123514988, -83.14509227750234, -103.31891511697987, -22.380723433877343, -63.7416300929513, 89.92355373683397, 52.019724392994334, -4.850324523480096, -75.99639147595892, -7.759841119959415, -7.582188554661819, 61.06785212979723, -39.60616452841594, -73.1365338076674, 86.86443698277968, -70.6455392814655, 117.55338512749995, -32.871986513525755, 150.885852262289, -55.742997821378985, -60.257081847989866, -161.276871534015, -18.478791223566805, 117.02553238807491, -56.00514161418058, 19.10636498797968], [-93.22040912709777, 53.540128230133696, 927.7328112796589, -45.97517290594152, -114.97630708900209, 68.00425584983896, -72.49972204563225, 71.12809651674402, 158.1195000200759, 74.86852743056816, 17.21112911466269, -77.07632362033512, 6.350526396886315, 128.82614826541618, -30.056701486699257, -57.69338615191282, -63.74166834990235, -29.24174065693045, 75.37014564531079, 97.73929634490744, 30.229545747015774, -89.03766738729051, -7.276378390584452, -72.40731654502916, -13.568529480211144, 2.1017676963105765, 100.73860901165405, 100.6607197175056, -19.78790599477544, -19.36571007343373, -23.340796713473406, -43.649484937823836, 94.42842540358969, -45.425387415571564, 81.50917864141456, 1.272706330252276, -19.691545780609925, -64.43675257718436, 67.16481596508574, -152.00927716439324, -40.901780203134024, 31.81294730050561, -107.43927866907114, -27.76568453770422, -44.10294744557549, -4.103931173510896, 48.17324006742437, 36.849862236580286, 72.35354212185902, -119.34434222929676, 60.3255715264439, 68.09497758636576, 15.833922741589909, 49.60961045260893, 100.76501905759963, -225.82271994651543, -35.20912051518655, 110.01571425910934, -49.66731285448228, 19.047435270154264, 15.459140167427934, -155.72973795022187, 63.325343160214814, -62.88395216894349, -26.0528242275958, 71.40802750576607, -52.211710258673385, -53.96830415529014, -50.79456736680458, -7.655790493451012, -82.4633648775032, -75.99724252011741, 2.462507061438416, 4.351801630260804, 16.229920611394682, 52.35471704589407, 99.79865610241468, -193.38954245930816, -23.063447821408076, -75.95257378765838, 26.727666476521094, -39.69059018018776, -3.858997127854797, -79.92823382629213, -87.39237919089962, 58.84423253856591, 4.964501726686656, -7.110721435503937, -40.61656742269131, -98.42258556577805, -34.968242274330635, 4.048912730394665, 217.28276090576506, -48.453566342392804, 71.14804332663721, -66.67711460569917, -102.08105999413966, 47.38156133883961, -56.10198037898499, -81.31911733092375], [38.568017028864894, -198.91170389127623, -45.97517290594152, 848.1075642138543, 96.47368022243049, -105.23574889328857, -15.996024685118737, -105.8380523618322, 8.081871790737775, -21.16411654060969, 35.31701188635547, -205.11121000983894, -2.1277893164708703, 102.77741092097277, 31.185814043163084, 19.067845545337335, 56.51737516238816, -85.03230070713158, -62.51093042358209, -41.96987885031311, 68.2583248324724, 57.82921281391556, -32.24276344205133, 73.09541374797877, 68.77838891064097, -112.58237015128769, -33.73109724427646, -113.12172742390347, 109.41784819785379, 134.29382728224152, 0.8026690328160221, -53.059877009072245, 40.4686146391234, 113.21652596658797, 68.10679461705472, -62.78194602299954, -47.919187594677574, -2.203489204400261, -39.34327310848163, 57.69703760632805, 118.95861068827104, 77.79093031933817, 14.880844437363407, -83.3459012072038, 125.76649273491876, -49.86604806837195, 139.40786202637514, -78.86731323382669, 13.273209852361436, 10.191023814399264, 66.26566365863782, 20.038537584017753, -56.256957970199835, 146.6560529492369, -30.098195963631007, 10.700256677817208, -73.74454707704454, 183.71300949392932, 2.1009275788835207, -85.69179115595226, 33.086964617006984, -68.1136118073954, 56.69176773988733, 22.561326348796186, 67.1645095032461, -48.95605576043736, 7.424002008424887, 4.863178193496415, -35.94446167626596, 79.89875562290038, 94.66615687197175, -44.8916836837041, -85.78670467287527, -30.30284778672259, -6.868470188035694, -61.66126748584218, 19.606718611737897, 1.0718288517627506, -65.02508319613686, -5.258035631721609, -16.09443795656137, -30.08396699087875, -46.99956432350903, 98.69739199447096, 16.35608071764287, -60.45220473567725, 63.491679698558336, -122.63759985130032, -126.13846689068544, 76.95715165776518, -58.12074228376247, -132.95141163232896, -55.5519181159392, 44.553477198304755, 135.0241362096551, -20.103391095915885, -9.396358540777069, 52.247440582845506, -122.76561703774156, 74.78394378248832], [19.283718242738086, -21.5496915735368, -114.97630708900209, 96.47368022243049, 861.4653073613385, -29.93321789636406, -68.57086526573208, -127.23354949043873, 97.01630846095883, 48.886365652132724, 62.39692528423829, -12.678472288098295, 85.72996657070412, -66.28822505044741, -96.15233222719961, -21.738523818635887, 124.82330811051791, -11.881802733435048, -121.79598076457671, 53.65907668106738, 44.46410624553194, -6.3705372772040265, 60.129243440707945, -71.8492720985145, 33.92333129513216, 69.6836523991593, 24.812238650583385, -88.90416164443842, 37.78654844245196, 83.6841295463469, 79.98102137706856, 73.63830872103327, -21.01675158971936, -39.59612579443504, -24.72152128127248, 32.68092908407891, 0.7311673803168814, 82.9048499872135, -55.64437851963309, -10.130992315926292, 62.67314087029155, -47.57346705223641, -66.7875866014433, 77.14931106809357, -153.67199155293582, 43.63963534998564, 3.8223817225541135, 23.795573837703234, -23.604750014604896, 15.21698759109565, -110.44012913097059, 75.42361553358388, 188.39238235184862, -183.7721162573495, 28.638412162136127, -199.27399635151897, 100.4355010503643, 4.732013685076942, -115.93377193736562, -36.962957948724195, -40.18783366063044, -36.4551824666927, 74.56416822601848, -43.5586415184932, -58.423971223290906, -65.76559201062813, -172.29225751270556, 153.67333449635066, 56.28361423818801, -42.40479853539539, 66.46322431264821, -45.23141425164976, -55.940040807124575, 99.149412665071, -27.685710770042107, 60.40468727446528, 14.991818650499283, -34.1979077345894, -103.24659295777006, 105.10323309409596, -55.56119705884541, 88.22510596377573, -137.49411338648386, 123.04047719437926, -16.048137590844714, 18.732431282609113, -197.00537768223228, 25.23364249050697, 41.723488533951304, 15.117974642225336, 127.3896476299382, 50.11487212935706, -46.036559323641285, 17.92587054190151, 1.6648232137180141, 10.610649343051605, 28.299935034825463, -40.9419340638823, 84.6643632143157, 69.76495736347248], [2.975947167995144, 34.5831011895577, 68.00425584983896, -105.23574889328857, -29.93321789636406, 921.0845611495316, -1.7578949795896035, 45.97632511790264, 91.89726092225676, -0.5964581196769202, -32.92118652949174, -90.56390975268397, -35.15993044731023, -127.52791057881552, -186.87260968918378, -71.59443052223209, -104.85957040006747, -113.42068295741757, 69.42613607380211, 82.89819410520012, 79.11264555550623, 185.86190360223569, 91.3012901557664, 0.1468663675823505, 41.17719396219162, -56.62815731653154, 83.27711829065304, -28.967198656872647, 47.37271954286152, 117.53367025868597, -27.536147424693745, 129.02755977963122, 8.94764073042904, 65.36742961288603, 56.60885269645987, -48.73475953953203, -49.56632401450458, -36.88808401532356, 35.16363897502942, 134.71026972096533, -23.083083080352466, -100.51399663906585, 52.211656193169574, -66.33502103940842, -1.3065840631525896, -96.0705169907779, -44.32412392622213, -5.988027705215604, -253.98462468407192, -8.833523562689031, -9.415990463297813, -87.28302937704285, 81.01658750319473, 51.213306125486, 84.50326795854787, -29.764960279819324, -41.79911418759608, 9.553167536810227, -136.0468447213688, 165.08225521392563, -54.826068480561624, 29.715093139753037, -107.42407756511528, -110.94046720141333, -43.64284660846651, -9.208452821960702, -100.25463532315534, 41.80933778948026, -6.146698510684731, 35.61545562142499, 2.936755018394219, 23.114249746830676, -145.39862746757106, 2.77417736000178, -37.13465896642043, -73.15780612386251, -119.00937851291344, -7.418806399853639, 154.90138143995645, 57.1096871793327, -151.2529428849184, 45.55323167194848, -82.4406199042438, 93.44163313480556, 20.60661223970597, 13.955705500903333, -8.167868282339889, -46.36061452637121, -26.081054203469964, -106.19025158401134, -160.57829114776987, 98.46729325305793, 1.8762914010294598, 16.223474736483116, 108.54277291435022, 26.74347190395413, -61.927563777372924, -120.49851983784339, -73.13015528117107, -64.25302070958595], [118.44536861201546, -27.428445969683363, -72.49972204563225, -15.996024685118737, -68.57086526573208, -1.7578949795896035, 696.566663295541, -13.061056460566533, -64.7059076998027, 26.982542493825008, 13.549941065303894, 80.01382212377145, -67.71373792741538, -7.732528285225895, -109.84365257307995, -55.79727231597616, 77.94564242321636, 97.91492757266617, -65.14061611458247, -25.112299564926904, 175.16282329995414, 102.40440089174473, -59.57206669703475, 82.11246384830172, -35.47292603708909, 7.126113292511657, 34.69387663977571, 31.644885908898065, -14.607816135683738, 48.90368233090122, 100.89585429396755, -136.03707803392405, 126.86689517742647, -6.812735027660368, -47.01424102853094, 46.6255967314155, 45.25473264231269, 44.71110586467519, -14.43995126893583, -2.3517093676169005, 50.56980418526385, -23.13669812856764, 80.62155372840019, -127.12256569526762, 20.33865437032875, 87.89167485109843, 0.625835718401527, 94.6830456082644, -9.550361960970063, -61.11353117537204, 35.18256882397999, -80.19234021232465, -11.537445726039486, 53.321114814863826, 30.7171627125743, 11.153881304915922, 5.479530696410519, 22.35868113360577, 13.410255496228846, -50.19140633480732, -38.38800037785302, -23.73460465305262, 15.742478239238903, 41.355797432997676, -33.85184067149503, -14.910201986024722, 22.343979233333254, -53.35338455314233, 161.849063079182, -14.892789715593798, 28.807157771793907, 4.748872762014189, -42.05141420160238, -1.0499733574447083, 105.13913745597795, 56.79355095960991, -2.6311881051151778, -90.96415185121376, 179.7435474165321, 35.78769936957187, 1.7307168394055785, 102.58114228777903, 65.45846247612897, -18.367862640659546, 46.80710402063103, 18.082575679508267, 32.08477089141927, 71.3344356237882, -66.57867673180954, -26.256332045794913, -55.01009100483561, 65.4947473882381, 34.151896019174515, 30.30558569667068, -92.5945915153837, 86.30291864605168, -87.814677693308, 40.48468490731775, -50.77960243416442, -99.6171811031552], [-188.7132179238341, 46.847322909223664, 71.12809651674402, -105.8380523618322, -127.23354949043873, 45.97632511790264, -13.061056460566533, 913.0609998824746, 47.95792985296355, 59.758702257012374, -176.8249789771696, -76.38150699484366, -169.70099507543193, -100.99582132323802, 22.11712564549931, 124.61611949629587, -58.07723487328003, -27.264015134589474, -49.840166610505406, 0.5050209079428529, 117.0033728207342, -1.5230006826159879, 7.124090625679567, -95.56237576509866, 66.02737382557505, -71.14193997310954, -86.0719502529581, -20.45610976226665, 75.95242902648418, -92.71117423353473, 76.96550272998127, -66.21200583928342, -124.6791261207361, -34.09727538098295, -48.510440907397076, 103.88428184568838, 64.40863881411933, 40.05301199993746, 69.00678610730964, 59.59135031865729, 19.23321936045783, -131.21328005129985, 106.5600443843201, 14.648869384340292, -52.29022883186804, -155.10833344078637, -61.65059883797283, -14.688232891112381, -26.496026214584646, -61.451499533805745, -125.52719878856512, -39.418184484495974, -83.8594624701092, -5.306795772902211, -97.01906025052439, 3.9471556985614327, 143.3144483265357, 50.001185474273164, 6.921156223515269, 30.69180403816835, -25.347118348524074, 82.3700017350067, -43.57559617012616, 93.78379268167328, -70.68121503295846, 70.18342659305632, 167.93907431555712, 42.75559245972216, -27.64348598580736, 3.2250683985684483, -40.8073976977494, 31.406812984596424, 59.123872865148684, -45.83143357438102, -7.565069336792924, 77.29515595981758, 60.883139914535754, -84.94176335163658, 53.006997037017726, -131.81875205489894, -189.23401038500248, 22.656520152381944, -5.868224465948354, -38.40702418802481, -7.976253313165169, -22.216880141667037, -12.354558445894854, -29.506912615536095, -122.27984724780957, 84.99538644683294, 53.60129774605819, 60.11602266944316, 48.04491179143723, -3.6471967475143683, 3.928835791998382, -84.43719739030949, -54.670951113873535, 58.419965163881635, -10.454877511138776, -32.40591045277384], [-36.97502913743933, 83.1997103324514, 158.1195000200759, 8.081871790737775, 97.01630846095883, 91.89726092225676, -64.7059076998027, 47.95792985296355, 1035.6996316748284, 70.56114438808972, 32.030477570194925, 29.77143786545015, 7.832759289879074, -76.9912904664434, 61.91120388822652, 67.14505775389374, -7.878586078642051, 14.30746066096691, 6.506028564902079, 28.812171510429152, -195.56891175232903, 166.02526697464685, -31.22896665022942, -271.73262637393833, 107.4156488131141, 33.21897619946486, 90.56735467005063, 10.569302359202474, -75.06918725406457, -0.7203104899558804, 34.80899457488027, 102.5596594337976, 32.48029336837056, 35.78792970393402, -68.13140942415959, -86.68883345014362, 31.662918500269004, -33.040936235841734, 83.56361722926921, 8.06786148283536, -137.9281010744271, -24.112405272168655, -92.08273008866173, -25.735778605355435, -13.8857126454684, 46.24275519629143, 72.81181841502983, -55.65592272525494, -90.99082093039189, 10.633627752636977, -79.46672385152546, 40.29538231300215, -40.88211865878639, 35.02885495375539, 18.81473919012432, 182.11818492552902, 19.484144412121832, 84.92353726185283, 48.29390062951135, -16.154243899058432, -6.24622179384041, -36.16658523309366, 42.92404554955433, -136.01936985337397, 33.23475766962756, 27.432565897676703, 13.338845545749733, -151.2085351608773, 49.1665393498728, 193.29696989562217, -11.234352778040872, -90.17487775362449, 137.82933124548097, 16.378477089473773, -32.25820179440956, -63.96309087481229, 28.76748976483866, -150.52576720988054, 46.563019951304994, -80.79338160469439, -15.708936265894483, -0.8052618507162381, -107.50460448663404, 78.0914833812318, -64.66654355059026, 197.86119397705997, 33.94566690159332, 14.777223054930298, -124.0540276527066, 28.890373422481886, -182.57645945367926, -106.71222094931606, 114.37542595101127, -53.62933253288338, -113.40114756192678, -118.73899548661592, -61.13125813537513, -157.13814755441143, -49.78833844628344, -76.65764072977964], [-26.01116088948009, 18.12323013425652, 74.86852743056816, -21.16411654060969, 48.886365652132724, -0.5964581196769202, 26.982542493825008, 59.758702257012374, 70.56114438808972, 730.2310745642754, 35.46437194866865, -62.368539693675004, -77.08654371369609, 61.24131608027126, 48.98495944849821, -4.2793386229475985, 47.95356637160757, 71.94496418294177, -43.63168086158496, 44.345789089907996, 28.0968027254182, 113.03370439719507, 50.082251385206575, -93.89105000039599, -79.92729218650094, 84.79341476236253, -84.76243190428848, 12.623387832335366, 48.7435601084194, 85.24655175228646, 91.69312661706837, 84.53564290696218, 5.063164485496852, 129.40032443478486, 11.670640541762028, 203.39023251720957, -64.19547052261953, 18.820402199673886, 10.696232064942723, -90.7786039865706, -46.69692200670699, 69.7906864396815, -70.10577954747954, 3.7094302516249087, 61.25580647011611, 135.38326558634952, -65.3612561019189, -63.41755361511863, 138.7839495877394, -122.2008551780718, -78.268230900233, 189.78871977206012, -20.249467921029684, 101.64605585467227, 18.05743607741182, 59.801931557209485, -42.911923013167126, -35.16189367645237, -29.085711605910735, 15.486253230139761, -13.956333790590168, -11.136249614994348, 89.89643035468268, 154.25553196339757, -77.38071519564328, 17.101496784181677, -22.766380333039134, -10.955844864533873, 11.70025875500337, -30.21709059647906, 14.230388739735579, -68.00801940104313, 35.47922131741993, 106.4407623594337, 108.29311049819694, -55.89754295048876, -22.70035434409571, -58.25317843409654, 11.611428890493396, 26.591227495942725, 15.754749916464958, 134.33917665108626, 101.94563275489536, 88.23566253942981, -59.42356681504935, 52.16071404015959, -129.2036342399942, 79.01493601746337, 29.868094978427326, 38.91869817617491, -151.94349975013782, -20.749832856374827, 92.39069115242538, 93.72807807679105, 41.88586092125002, -34.90075431285458, -101.67128820637008, -112.27273986687106, -16.39842813225818, 103.45134912539591], [92.8552102205236, -11.659646309172269, 17.21112911466269, 35.31701188635547, 62.39692528423829, -32.92118652949174, 13.549941065303894, -176.8249789771696, 32.030477570194925, 35.46437194866865, 750.9907201347489, -85.66101215265526, 85.96130316119314, -48.62254521443821, 11.223586470678915, -70.54207070456614, -54.047438867548195, 5.098542099530525, 63.17831156211009, -19.98381795240666, 32.75122248363179, -115.86563631563531, 27.84268478896442, 65.66779011199775, 1.9026636771774919, 94.69481933563861, 79.73209892974673, -3.4743020373503275, -32.6355990361228, 70.55340194961954, -99.96445722782937, -35.33641107002641, -40.29924237970083, -30.62901612107442, 1.8530935796147112, 30.3128180197733, 67.20300102126191, -30.17783085301863, 38.60578204525233, 79.70521887692179, -48.70611003343534, 60.78639491016592, -21.30613778239515, -12.611663801396187, -12.449125529992084, 66.20578719896996, -22.244183355081415, 150.13051046533792, 36.261146967107166, -23.57106118487511, 39.180262601660864, 105.73230283118441, 21.76447165148786, 55.73039632710917, 12.503449537308716, -15.370571604449088, -24.0199889913681, -16.188242517959473, 144.6303837839623, 132.056000043452, 0.2707128769413412, 14.313533271870288, 85.5735763206493, -45.70643902587617, 79.26792908524705, -45.7115598462815, -103.92530936647165, 23.04841401057437, -17.207591597450698, 43.765313725654565, -39.08948105966859, -63.46341110216133, -12.200280910775618, 15.7328998890878, 138.68849374965495, 49.985721694882095, 1.6898307946559705, 99.22580970480233, -24.425857193516556, -40.721377756307355, -8.020146730208047, 107.17148758065088, -140.35259429969776, -101.37351952743849, 25.22273983441061, -53.93196231592816, -74.18517514607557, 47.50271884751487, 42.32033991875751, 35.16037918776366, -68.03577772577187, -48.34919212181719, -45.178070010630876, 86.9330567135195, -79.46977137254753, 70.52995843476307, 24.42497872358376, -87.20994718471276, -40.55838589800813, -52.431694431123375], [40.59358664002847, 20.222160852480823, -77.07632362033512, -205.11121000983894, -12.678472288098295, -90.56390975268397, 80.01382212377145, -76.38150699484366, 29.77143786545015, -62.368539693675004, -85.66101215265526, 790.5020308631895, -17.238375123361028, -13.79174126679728, -17.31385842427333, 14.697889556060368, -23.011567637139855, -57.485643663183964, -48.43365950232673, 103.58553396747986, -3.504444983236438, -55.82560359283369, -31.044651525533446, 136.85122616355548, -34.45447939910419, 25.044488430180248, 86.33183405833063, -93.43930732276775, -21.801045561216622, 22.086709475247297, 57.73379525284297, -64.37085986095141, 118.50099138940735, -124.56472766465231, 128.60417105498362, 2.2281064898155067, -120.0036656674138, 62.27587729965496, -12.935386436650756, -31.296633537453786, -28.827015682991732, 2.8688309768578564, 91.9994356888896, 82.90796675756346, -56.74732235984672, -24.995376848679907, -56.28936779891316, 44.88772061845694, 6.535760087516939, -115.53860659360092, 36.29824020504537, -155.54491868318271, 53.105797163339595, 113.07190171834168, -25.14701942540265, -37.80445079256827, 118.90581786973958, 29.62375006656374, -24.622852651094117, -190.9050215859657, -5.983706299634569, 0.7307227311429672, 16.436280377199957, -128.36399089760093, 15.183084081508554, 7.846988550353795, -21.6916915253772, -215.8742690822241, 155.44404095336176, -79.75034895212137, 2.0227881462663038, -174.37706534185185, 32.04362653856075, -55.04601508168803, 30.127612313934993, 92.691565176657, -185.71583594177784, -36.934352306184216, 40.11919951909832, 76.33358237468484, 85.21746101043499, -119.03366170939225, -38.989562134047056, 10.282757750604723, -99.99556665100128, 16.31314324333404, 33.89556515780438, 56.388742288783746, 80.74553334092776, -100.56894553212237, 54.49179403828256, 71.48985717845375, 17.558403162017544, -50.36287372641513, -79.99411765991923, 8.293422222484267, -49.750425919892855, -24.0697826266642, -25.70214094702382, 23.01828563217711], [-12.430873700080754, -15.5119468255679, 6.350526396886315, -2.1277893164708703, 85.72996657070412, -35.15993044731023, -67.71373792741538, -169.70099507543193, 7.832759289879074, -77.08654371369609, 85.96130316119314, -17.238375123361028, 598.6881857994695, -35.10027279352814, 107.06229708019478, 84.0836279968258, 68.1958084028125, 71.0076222955749, 20.79660305120064, -57.10735501745975, 27.678714206992264, 5.950089791143085, -13.020369966527996, 149.62679322910657, -13.835845095679813, 93.30860471580904, -85.90075098213813, -83.38763585185879, -146.08358790552867, 2.142810327461478, 12.424457667970806, 107.0235066904813, -107.50154496466287, -56.62382653037053, 5.0680378690733665, 69.76736068922402, 31.510754474528888, -47.83461686516149, 46.20042946156183, -25.764942163014602, 55.3040332034396, -130.83892650604975, 8.691038588480266, -13.899943595442277, -40.944128880382834, 7.2692150481027396, 5.110113199285114, -42.225877659537844, -149.45071423297674, 21.83587171635559, 31.598922627594916, 14.593871734231676, -40.60082870509912, 56.16587271858832, 43.642579170653015, 58.55635832252487, -8.370659486487513, -61.07920982581609, -57.7311136868105, -52.25555140704638, 59.239554439565836, 9.975763538319363, -36.10721238992943, -67.42434690918003, -2.696809103216091, 27.986303934066285, -107.08751266391495, 95.5646097896523, -76.35992882247879, 10.532545113895955, -49.6806109963584, -34.008879811813955, 3.249190937438429, 13.989663168867171, 108.37154761697708, -47.20230642494011, 12.32376745636557, 52.68378119362572, -79.91463146117903, 106.43221823581652, 181.67124422368045, -114.14556883493653, 43.412163807736725, -32.45730651890182, 61.7767760542633, -67.6376452697334, -14.757510002029536, 135.92724487637713, -114.74709340698004, -6.809795803000598, -25.369848403743333, 24.998437835628668, 39.14715856805348, 0.6929986412951755, 65.8934888811649, -82.19054582456863, 14.34369409090556, 135.5711895799066, -2.6777620498012755, 14.886971826716389], [-40.87191573321826, -19.952322592513358, 128.82614826541618, 102.77741092097277, -66.28822505044741, -127.52791057881552, -7.732528285225895, -100.99582132323802, -76.9912904664434, 61.24131608027126, -48.62254521443821, -13.79174126679728, -35.10027279352814, 750.9249204204975, -27.305995488430018, 149.98013001494567, 10.45049663379608, 39.67855432717236, 49.36853569600489, -14.996341915336433, -136.04322020763587, -79.8343670615988, 23.69501384694558, -15.573031252553218, -130.98702569311385, -90.7190035110909, -86.84983598759389, 131.16481531637194, -19.177332627729353, -56.915601249657016, -134.31907032225442, -26.698018952371644, 65.828972883998, -69.6964958164212, 72.30029063198391, 185.0081017909096, 73.17552191217922, 30.386913735504766, -29.921911461029417, -41.14987902188219, 103.89126457341516, -5.93604222162295, -58.777123237099346, -81.28461201190449, 91.24507630332633, 38.13308686298989, 145.57480526406107, -141.58665073054604, 164.61867228131757, -62.99447371823555, 41.61996895690967, -50.03949040306442, -4.117741655381869, -95.94707721314568, -1.2576116677977396, 8.375194463994811, -29.076698948504223, -54.71073297806754, 13.268058193317785, -185.3897955957245, 142.7657533625709, -29.347178245392975, 121.94927122411512, 22.098791421931704, 4.436713232926674, 94.82228898383424, 69.19747393677804, -119.71516487594918, 29.711936996040478, -123.05406014068447, -17.423697971168806, -1.2230694968224132, -81.28688557485945, -0.06042859408589858, 44.847396377523715, 92.47560020396975, 43.72419834681097, 34.28208114408263, 16.632484669942883, -125.09212753341586, -20.5990311476504, 65.4248588974661, 5.236759848329104, 13.073212172356445, -78.39607488272941, 14.212624511837154, 200.44540882350466, -48.87933946842951, 3.1517842321104825, -40.67507469892175, -13.827227156675644, 11.779258434185108, 89.29165401815955, 115.00841872390424, -5.505369602518884, -56.71587496941831, 2.8112447565093706, -86.5205234828876, -42.60872671592787, -30.55592874543734], [-46.341461494392554, 26.317910194584286, -30.056701486699257, 31.185814043163084, -96.15233222719961, -186.87260968918378, -109.84365257307995, 22.11712564549931, 61.91120388822652, 48.98495944849821, 11.223586470678915, -17.31385842427333, 107.06229708019478, -27.305995488430018, 968.4740853138873, 62.59299680612834, 130.78258711478708, 41.8807721161044, -21.136339821160732, -52.63588715391282, 156.0169916441741, -6.589650516086454, -101.76757860417445, 48.55240384566859, 10.87831926346373, -158.96144152696522, -68.50332964887147, 19.849985988614367, -52.43521600903533, -38.98181009783829, -38.95350921910992, 87.06602513826972, -128.02617717140828, -32.55159240664425, -98.61466480916125, 20.403530699071307, -75.27554561208166, -21.451814932490397, 108.78951898781166, 77.77303386367807, -83.74540650374634, -33.505711818801466, -196.3878643945994, 66.89194314827114, -29.4792157974421, 86.86613042477268, 127.27975567346144, -12.085293944890871, -62.153166489738894, 75.03106382741264, -34.69378749537797, 120.68750525497421, -101.20508262448469, -42.40770724547523, 39.984076084564165, 45.41041900014796, -94.88477192340612, -52.91593756196702, 32.59519851303577, -40.51823711063298, -31.668791128023166, 25.159789073558873, -15.080703337203477, 14.965521790101002, -32.74319713218453, 133.9796965662549, -33.97974499331981, 32.20440014652015, -124.90242748208335, -44.18678324896424, -125.07019750558503, 83.93968916074192, 22.52116170692419, 35.36445861576563, 189.8105019621955, 1.0954158656202433, 108.4417387762522, 88.76669385186479, -80.3306541712612, -45.82653547629034, 152.10026391034825, -14.475956722759584, -115.94863294369028, 50.639680214662626, -145.21357417481727, -22.635402925381978, -59.37674093828602, 138.43218757777944, -85.66383178400818, 31.912875621941833, 29.653561955404125, -157.4017264167309, -53.313163246162254, 40.67910152210657, 44.881734092291495, -127.86033460253098, -122.9995543244868, -11.924904983934494, 15.049150617943512, 18.184377744015993], [-91.81445470513883, -82.27339167042251, -57.69338615191282, 19.067845545337335, -21.738523818635887, -71.59443052223209, -55.79727231597616, 124.61611949629587, 67.14505775389374, -4.2793386229475985, -70.54207070456614, 14.697889556060368, 84.0836279968258, 149.98013001494567, 62.59299680612834, 917.076840886602, -82.15693082075016, 2.0321827429673407, 52.8890043121935, -45.35979017171124, -105.98062530801178, -93.1439454906614, 89.8024551671671, 4.443950694715943, 159.73097950522677, -42.251727541470174, -84.55865765037358, -70.69572274251077, -264.91230817041776, 66.33925609367921, -36.64487677465371, -31.797304864615096, -12.744228771991404, -96.60888349979709, -80.95031420300056, 79.97848651852999, -84.53588144574788, 70.98573980474515, 57.171138082195206, 10.829977667288345, -62.23214529960521, -19.133088037669705, -9.796282567014702, 82.17028037273354, 62.566998124411256, -35.89608939414262, -21.212361095029774, 11.746775059797649, -36.00137482913095, -165.8712131269093, -82.64005828946921, -29.628351686472186, -109.64944113711513, 13.533285785199821, -64.9789945386756, 64.05941770064588, 3.9151378666804666, -64.13894586859335, 55.01223923784117, -36.72136960361778, -55.53950815173093, 9.432860631320871, 39.18643541034299, 23.159229878545, 81.48037364861835, 53.03593491500709, 195.88930598431418, 101.01403442787762, -89.19706441395547, 14.072629840206337, 103.83083639787262, -24.87065990151509, -31.642059040876063, 19.019115871609543, 94.68931717033362, 117.89084707139408, -113.60580277303045, -3.8081576376130974, -191.85795364860033, 28.021272750424377, 57.25002757353348, -23.32139428538846, 41.53989888959049, -38.545425262878936, 29.370137691418744, -122.01904417475848, -87.30244749151319, -87.53903769275918, -108.1277837990632, 56.77317512259411, 55.767573682644645, 90.98803898627776, -60.03506028827366, 25.437336165108665, 102.76695677826046, -81.61475968511824, 134.11364899129796, -68.95304100108311, 11.703065559529426, 74.82944252405412], [99.22516245695108, -9.349707863023744, -63.74166834990235, 56.51737516238816, 124.82330811051791, -104.85957040006747, 77.94564242321636, -58.07723487328003, -7.878586078642051, 47.95356637160757, -54.047438867548195, -23.011567637139855, 68.1958084028125, 10.45049663379608, 130.78258711478708, -82.15693082075016, 850.2129878928265, 73.77165968572679, -42.61040731426503, -123.02892728701083, 9.883411551417852, -6.725385831233773, -157.7138437410459, 25.920970704333712, -116.70112728719582, 78.29719331366337, -39.143228327903344, 184.06777549145775, -89.95684905865335, 9.667214482637261, 198.0291123181782, -83.29163643333081, -41.95761499363719, 18.58253100268103, 38.91824759528711, 26.737511422433048, -155.04360050046105, 83.85211823889149, -15.633883111512487, -58.854735821115305, 57.36812311666627, -107.68522297845976, 5.45580361077761, 25.49001900743014, -14.44848973335766, 90.11178280991217, 94.8309212119094, -49.78215048335444, 18.636781507517544, 49.72979506115831, 12.958064396836134, 32.3118328738063, 30.31449946958507, 24.898844544009748, 26.041012663090005, 7.693082480390865, 41.470854915695675, 29.417033279298323, -2.7047989068936538, -50.31077068340891, 44.15773429293835, -49.24719467533932, 44.18711247177418, 111.61880595851125, -165.13867617940411, -64.70565050665459, -74.3431153424336, -106.1756784217962, -39.86721789442305, 141.55776749415546, 58.43358839304986, -24.685030622476194, -44.570725777410935, 81.50927953843886, -9.524894928500299, -89.03612455675514, -4.793371511195366, -25.09072673088931, 36.49646732356907, -14.411242947205688, -59.18201530483462, -157.81494619550548, -48.2795726334348, 140.14471119609422, 101.464931511985, 8.70872232933515, 67.83997343436864, 84.54951078416444, -56.32631346101369, 107.35670615072183, 69.87109819077976, 33.23689186889015, 40.85778018249497, -62.88520997622185, 25.8355418009047, -101.28618529244497, -141.470237923372, -13.34502590957352, -46.28170187067278, 58.82261218011569], [140.9851666223488, -4.81035480685543, -29.24174065693045, -85.03230070713158, -11.881802733435048, -113.42068295741757, 97.91492757266617, -27.264015134589474, 14.30746066096691, 71.94496418294177, 5.098542099530525, -57.485643663183964, 71.0076222955749, 39.67855432717236, 41.8807721161044, 2.0321827429673407, 73.77165968572679, 872.7091007830198, -17.085454069246325, -20.271341346672006, 139.53134477162274, -7.0331504609661, 54.410319775947976, -176.51251797125002, 84.10908149475577, -82.39923734694139, -131.91762776924244, 44.315790532598484, -120.84008721172414, 44.74232638102126, 88.40441169863209, 50.26638166553815, 46.241401969952825, 29.220283781766042, -2.70075862133773, 94.44898183832383, 128.89941375782175, 8.123383384836721, 95.83879206942461, -225.4278775097938, 83.49894419383308, -14.060592011859866, -21.152790329018533, -87.75398615293962, 17.645461328066506, -10.900137656661549, -57.89547077918443, -87.11436834346276, -67.43833348772768, 32.93334153044735, 37.116148536914025, -55.16262612425998, 124.39373993375817, 3.706414556401753, 138.5935624322995, -1.6017914056869562, -106.53585129973231, -115.1526306530938, -100.4928737445937, -147.6500649317077, 61.74771688132548, 88.75486317162827, 20.924728292077756, 127.37841491684834, 19.435604400336455, 25.582502061053166, 60.60388807102291, 6.389191199891218, 138.4850824133475, 39.78019436018518, -27.162092361240106, 89.46948648000385, 20.025743210087356, -11.90052798606935, 71.80524279497536, 58.67456072230099, -21.379793147152444, -45.3625864444519, -54.05681117640988, 67.05311672581912, -16.173274057707623, -59.217054666663735, 82.63374032102803, 3.4000252770268866, -175.37314927606513, 24.668302155945664, 40.307067878916484, 75.76288950267707, -35.2493930817702, 120.33811415956497, 82.41153119075494, -24.420533861964785, 120.72472337681741, 105.72946347744734, -150.77292352064177, 55.665387413400786, -1.8265549082017878, 75.1708075865601, 29.702756766076625, 6.308880213609893], [19.086950654267977, 122.98918236882649, 75.37014564531079, -62.51093042358209, -121.79598076457671, 69.42613607380211, -65.14061611458247, -49.840166610505406, 6.506028564902079, -43.63168086158496, 63.17831156211009, -48.43365950232673, 20.79660305120064, 49.36853569600489, -21.136339821160732, 52.8890043121935, -42.61040731426503, -17.085454069246325, 652.4410636284153, -189.66507564902133, 108.47700829224627, 31.060693473442146, 34.5176551606453, 71.5117849894362, 22.195666929513553, 4.69488163983799, -57.28861766282096, 55.31041472852622, -3.758532108053941, -114.70044533935138, -124.70408033770552, 105.94140175856944, 90.77348995694784, 54.157742957312244, -57.47350737055947, -43.6012423057087, 17.421840583548942, -47.55597671886451, -2.9079469432459555, 26.783057454359025, -65.8868330928545, 25.763997676899276, 32.733834226226875, -118.19176948336172, -54.69189655190946, -12.84601830296711, 33.267906461016224, 40.19622501667938, 49.82211698794795, -31.170127289687535, -34.89685023112921, -0.8166109081805482, -9.085497809378309, 25.71219085721516, 44.612526356021775, 36.692424666633165, -32.12706675375323, -45.11970920106201, 83.23077986720115, 48.79253097549335, -24.178903619298843, 52.47604609937003, 58.42002216844749, -16.014072196715876, -75.15759813116343, -138.363535251404, -26.429371398941594, 107.31810110682753, -71.99470705983985, 14.307456070554668, -16.693112108775647, -113.20101100088239, 2.893863509506792, -1.3467743997828028, -60.43546254078528, -29.18031265120377, -105.38557886624257, 5.231109720367499, -40.50606481180483, 115.81432989776788, 18.669527053723144, -85.15654609541772, 76.29388458690397, -35.803237457806155, -97.6690433264605, 33.803044478018364, 28.49524017171461, 53.606346868316585, 37.15047275956623, -21.5540831150037, 53.06668559576172, -70.50897467030818, 65.5968761280905, -117.85034875994461, -75.10863248221418, -57.075654556929656, 15.74134622732547, -50.50124161388175, 85.7102441904451, -63.50676102308634], [-47.486165241873884, 31.499272231150822, 97.73929634490744, -41.96987885031311, 53.65907668106738, 82.89819410520012, -25.112299564926904, 0.5050209079428529, 28.812171510429152, 44.345789089907996, -19.98381795240666, 103.58553396747986, -57.10735501745975, -14.996341915336433, -52.63588715391282, -45.35979017171124, -123.02892728701083, -20.271341346672006, -189.66507564902133, 907.0989478384711, -210.77269946404115, -53.71741249370527, -133.66448817605476, 18.947245153607746, 40.71257029264207, 18.851376242743942, 89.54194589289058, -177.68815778790304, 25.98380677432843, -35.88986711022677, 15.699896930174784, 73.22049164332284, -26.07511955121521, -65.85488056352375, 71.94302072157245, -98.86834234619155, 54.50526574568673, -36.3626463746847, 1.5358969833966005, -18.957492851323657, -84.74466125113919, 30.243624524425, 46.293830175425725, 57.91173709806953, 82.69892994728951, 7.657580721998103, -77.83487429243912, -55.86431904115858, -13.046948355344774, 168.6696964263124, -25.06519112346777, 91.63862195863773, 70.04458673871397, -58.170461317529195, 102.70275695439048, -144.07581706597074, -103.22780760745356, 70.34020722319559, 16.18079784271259, -26.880837262605407, -8.566938027700834, -80.6783655504114, -119.71904339481422, -213.80268696154297, 172.60307469242025, 72.82803988847435, 103.98220505317765, -81.53725950935159, 50.70967096448891, -27.128898558278408, 39.412535620555786, 34.752780353643615, 61.95641744157973, 53.44682516641026, -0.2830352162160492, -67.56069606874473, -36.43339827345018, -49.676044088234384, -198.7125676179356, -67.18429795274874, -112.55548759365912, 103.54662193603515, 64.27848716679544, -3.9287451510185276, -56.28640156339879, -101.19955430156622, -141.304937003615, 38.12460331114855, 115.01548726759484, -76.58686079286977, -36.84697787767307, 56.48265979209419, 63.818942305969834, 7.5257388235118565, -31.64513640936081, 18.721708333033266, -63.20396197736812, 26.32063451110815, -17.78792356128549, 46.289898620550616], [-43.98542981609761, -25.95586601432849, 30.229545747015774, 68.2583248324724, 44.46410624553194, 79.11264555550623, 175.16282329995414, 117.0033728207342, -195.56891175232903, 28.0968027254182, 32.75122248363179, -3.504444983236438, 27.678714206992264, -136.04322020763587, 156.01699