{"N": 100, "M": 5, "A": [[[786.3699695318154, 1.8113825099020062, 45.21968568522786, 124.25754771070066, 108.44296550211818, -13.723619652258852, -127.76970453227983, 37.53784047054424, 53.341279917177935, 5.027149298355343, 38.34149478366216, 134.9404208691101, 116.6039984836352, 101.65980639286904, 77.87144219715525, -0.19912661884518384, -63.46771196264845, 19.01732125299289, 57.206765559630554, 57.29929518471631, -6.040059082986927, 30.228041517791002, -13.864893550281426, 142.9100463444949, -52.33312714714943, -47.85538397911127, 27.58502068070052, 5.403185243537123, 27.95684036755253, -97.7166154791456, -29.120183095020707, 61.76557711014977, 27.176883653701097, 33.69671743611001, 87.73498719779762, 39.233930223968756, -34.793503027261615, 44.51306298176654, 147.70748763579635, 45.26189220564611, 3.0794847911592313, 100.02589261067051, -80.96820950733675, 54.33844538492518, 100.61014763301894, -182.93749591629825, 88.42375058056345, 49.09219130383475, 69.08575231606441, -48.63514922961662, -76.77285365257453, -118.33143994643673, -9.911273280411326, -104.38765068533242, 36.237675354846175, -59.124266537023026, -15.812643940261964, 44.124562292654694, 18.279664430210456, 164.6513525600276, -31.36603673267029, -48.335657402611346, -23.460509453085784, 59.39480984617838, -66.86693337147982, 162.3374578435186, 112.26378579470102, -27.290447672699283, 19.85224211257761, -39.52398967404766, -50.30657961953171, 55.86220298686973, -29.83153013216195, -33.56825465082584, -131.3315883086676, 56.41586180724632, 155.45276118720483, -53.329658227985895, -64.08337547003379, 148.6454996999505, -62.35307744087767, 34.87747764635055, 0.72111733538282, -9.115927647529759, -51.59363263732859, 16.063316659138742, 14.595986989317177, -12.623969380055257, -98.65767247017784, 44.79835970056312, -132.61193775455237, 14.265639029251892, -161.5713779137407, 34.53863841727356, -15.571995422904282, 55.97566633799526, 37.497768147580764, -84.88218017371466, 2.0827002770789416, -18.31121010752398], [1.8113825099020062, 918.3987987570304, -72.84640417315697, 32.679837183370395, -50.29788719084595, -30.24038469917195, 44.7672455507585, 148.1758907341589, -165.46405854438697, -2.506305896147355, -15.765635305820357, 9.809061405942069, -147.4241369229389, -109.22485974513286, 66.1974564491212, 20.212921254750174, 25.666915501065674, -36.673714288063586, 17.945726526554694, 43.6609804892074, 49.81342560438803, -109.08394981037834, -37.43814638810736, 12.468285174700096, 86.24992892996593, 122.2863662184938, 110.36809206593571, -78.82841364569359, -8.524009151286663, 2.216412954993187, -139.5812015690873, 12.22323150896889, 58.24674673831605, 91.39106262316548, 54.37933787224774, -101.35205851432302, -65.45974827504605, -25.606071872107133, -33.12874754904279, -174.84568443108296, 98.97397709742624, -17.112741877697502, -64.11839344111591, -25.062591408680394, 117.12960745993313, 83.94227228220153, -63.96036415941979, 10.217424398757617, 23.317769798005052, -54.8990478178838, 60.88398840101364, -113.47221797401329, 98.69840111638881, 11.891369837054334, 80.5322226651665, -40.35746466759803, 241.55295476564538, 93.54272626321045, -53.65491302910431, 142.0775636213558, 69.72061598966894, 91.1611745754617, -38.06344854501298, 63.39573399344435, -72.22939978709081, 96.65752304969614, -104.27005530811532, -84.6232640560613, -66.72157838406191, 146.35231116882505, 25.15851625509344, 75.93934614159717, 87.58726273803636, 36.28965465476517, -37.86684562411833, -35.490772996284356, 67.23887391542468, -74.99684885086484, 73.64687117589654, 166.01167875792115, 29.20630451812472, 38.82493659296852, -38.58276427914664, 14.33293096428697, -26.08807572474777, -7.846501921696874, -65.79620552516954, -26.084482084100255, 114.05248858865177, 66.73959980996472, -88.86077786442043, 150.06428495000694, 133.50138750548584, -32.94558857886028, 39.60392250247593, 64.16728890856722, -26.791404940662808, 25.433691418018665, -25.055084428750312, 97.6461275142947], [45.21968568522786, -72.84640417315697, 1043.0564706533396, -50.899131288455116, 42.49294453334973, 66.92075750378257, 9.470027977743152, -53.709315859275854, 79.22041268437984, 127.59439183009769, 83.3329219633377, 24.666636325765015, -40.83044636617982, -139.78467819447332, -101.33959153749325, -23.22460077337864, 39.29703977711952, -118.77284085050601, 29.619060879307742, -68.18596683951964, -94.39311910135703, -101.55193782031947, -44.792822928749175, 73.39100780628326, -109.21304251748442, 51.235559466589265, -97.20216838654825, 28.894538114817394, -24.56664660461591, 15.899275856660331, -184.34265189367153, 90.96232274007367, 11.132195199669443, -98.02583418091557, 44.73644297151316, 37.30956469445857, -129.0588828060353, 3.864227586142537, 129.07027887309798, -55.099225957441064, -10.874382476829425, -27.183248683821116, 7.070511087453728, -142.25030519816102, 40.04552106085507, 99.35529749917735, 61.8252642385917, 83.15204172301755, -84.37810894748156, -13.271558229868605, -67.66851155175809, 73.35223356259615, -34.241853828909186, 109.65392951464713, 11.751200459394914, -36.90133531876103, -33.06617891290855, -49.85204578900225, 156.4275763636027, -44.02465847031549, -26.024485752858535, -20.487895122843913, 77.0458156822246, 109.84778704119039, 73.55440424537568, -34.031466143588666, 41.5868491844976, -68.29743778483044, -66.18434811355891, -41.86467709410912, 13.317609573849479, 29.255336277188526, 169.1315783746261, 97.48768206910006, -86.5803150834214, -113.00493108974905, -99.3052593872409, -66.63247275628774, -91.82062026100245, -33.553062139615186, 32.216409516534505, 138.82618921582332, -0.8999696006143887, -37.20293585153676, -23.38086459485904, -30.7198711497954, 31.145164609932028, 44.91404430123022, -70.90924609036534, -85.21481339921002, 16.70964419831291, 39.83271501367467, -44.418859999801874, 61.719969111187375, 43.491069536506785, 46.37798856858102, -59.416002151005095, 66.71649762509207, 152.87021309687404, -79.87745315984498], [124.25754771070066, 32.679837183370395, -50.899131288455116, 843.9890501121523, 55.59567808215337, 44.10377150603467, -34.61926596714293, -73.28948754652919, 17.91848564549808, -48.3500613356048, 1.8584922206953787, 163.41783918959138, 132.69275078859252, 12.550012194730932, -17.46126844501029, 83.68236750536026, -63.54686554906917, 43.47232272374856, 127.56394629730443, 7.081565294444964, -47.57510390134775, 27.859838844544434, 5.847794224108977, -31.576456420557765, 42.55496866772066, -59.26603465458079, -34.51581818774216, -43.64355879305556, -10.766250391500337, -32.18836028202545, -18.05736619750222, 20.667361400227414, -12.283977230604249, 17.212555924823736, 15.40873711907257, 64.11663595502763, 10.201808027759522, -27.56675463515875, -25.33205267565081, -22.45037527198612, 60.55668571981239, -36.45417756841739, 31.462526478906298, -139.07799300897565, 42.050703294846535, 16.312159500337742, -1.7293929581668481, 91.0058352672424, 103.15506796209874, -28.812568412257455, 32.06777310819921, -48.7401089866297, -4.125673204407776, -73.03098944854574, -10.244916405123785, -17.96926440609666, -145.17255645306346, -56.02011825753545, -12.721762976627023, -117.19292593396537, 92.57506492009401, -52.42409708844353, 65.26145771766362, -14.604114623602303, -157.70416714307754, 61.221952003543315, -42.76498568235562, 39.93630153119036, -115.68655226306525, -84.45445395289325, 53.488988188784134, 107.13020739768955, -32.35788350950386, 33.85687034869493, -222.27083561075838, 69.24822554690033, -102.74421219757723, -99.56655948164497, -66.80851447406607, 160.39988648644518, -28.683402391026057, 115.42951831767517, -59.47239795610926, -40.03825633733037, -129.03710704862536, -89.57472764198873, -97.08014687256181, -3.1704570568165966, -1.1078863195793578, -12.839002366835874, 64.11107090364646, 33.234425391054344, 5.978809663727334, -60.40145381415823, -105.15053625867986, 46.65670072315031, 149.36633826214916, 126.32609863659326, -92.58694681735152, -83.14031632733494], [108.44296550211818, -50.29788719084595, 42.49294453334973, 55.59567808215337, 1017.3076800775108, -61.94616083197066, 49.31848214319473, 20.489262126507533, 6.215905065391391, 91.65634474291465, 19.418559823239335, 51.25900199786892, -91.70946452435085, 94.22880867799223, 21.61896218734266, 54.18075323506069, 86.66422533915761, 124.9354761266398, 15.13825301849709, -47.90961784397916, -42.29150014913483, 3.7206311545337867, 82.8033004517964, -33.813843153887305, -18.092341339659544, 58.13932801920683, -8.256934248817249, -14.127626185936576, 109.9256104385339, 21.411284899803203, 35.992234293425234, 58.17602451546657, -38.28455499306416, 28.238053882490906, 6.812315892208158, -67.45217727285603, 14.305407505993912, -47.19430740760766, -5.994754467547841, -23.955922872617535, 90.83338147443676, 76.91953269986483, 56.55919465111454, -7.977241137941088, -24.057053683106673, -3.9416989248015444, -86.49355062476404, -70.44991004492744, 64.93444887130454, 87.79960958857596, 7.941858469734503, -99.3137155074774, -119.66049280453282, -110.09171973332687, -125.20302923991892, 65.72284108328455, -65.34835142975219, -94.43303712278156, 71.24060314844998, -86.84143036142584, -109.66293710883149, 120.12564904517437, -40.80613862223236, 86.85220922378497, -28.107740547338416, 51.34859060590199, -60.17955923860903, 1.0262100695927268, 79.24814862165738, 36.629841598054426, -22.82757589499913, 66.98401662610561, 8.01714299584037, 116.85253177090657, 39.58775765796702, -68.22106641900514, 2.2854502082384878, -102.80491347598176, -74.27039681193297, 23.839342398879634, -92.99809724579202, 19.734828253681012, -54.32389498708322, 185.89628116218577, -36.67811608020777, 25.469351033764827, -23.766552153257713, -10.98939709187972, -54.10486147628323, 0.7098902679857604, -21.836539805717145, -50.53372045803315, 17.541653084221945, -13.350216762417968, -37.765177545381505, 23.280915932985096, -84.57118638532543, 140.83959651989736, 64.9971628337147, 79.86906410025232], [-13.723619652258852, -30.24038469917195, 66.92075750378257, 44.10377150603467, -61.94616083197066, 649.8342219973107, -50.60564043306259, -36.778290164794875, 154.17803943520903, 139.72934564562377, 5.321249188104443, -98.80268181308008, -119.09324011067724, 35.08043693519343, 3.0276342228105335, 82.99543724620564, 111.65331608178035, -40.28602442284471, -93.01115484090066, 77.41910260597025, 18.18186630132828, 71.2503979117754, -38.20717436943526, 85.6168316333801, 120.81126090138196, 1.2183437218869848, 2.383775833151427, -19.74147602286365, -14.651698955739077, 128.64844429282198, 53.557960431382746, 35.44826854273776, -97.61940803267339, 132.84412271317672, 37.98532133178442, -95.42571534559687, 45.05717619635869, -49.58175389619415, -9.695869343453598, 116.16544200253065, 86.93732204290016, 38.43956753853358, 24.031240615271155, 4.496007714427085, -43.389208799961736, 10.519396165288546, 60.96258900737782, -46.43404516733417, 12.531236171357762, -26.519469048328073, -70.89473367747176, 83.61979232612617, -119.07608245130771, 16.150369205935654, 50.396843671796375, -56.751874762385626, 6.538362649647354, -47.744982243193476, -50.67227520412521, -77.2250162129825, 64.0931126211658, 72.07323633875437, -27.744343868007025, 90.00459400092194, -119.20943612384856, 36.733616209472785, 37.679844710026025, 23.915265569082678, -155.0748171285305, 61.78331745282812, 31.978936323771634, -21.52604090352796, 106.03026645176462, 87.38319859286673, -12.351006101849267, 47.954106717122265, -11.269591123647563, 74.33031103640717, 76.96117756152708, 12.720947671557438, -9.727913121282118, 3.2383707554683516, 98.26669273490386, -192.09668548904543, 43.75460134370826, -131.4829128602408, 55.42798794351229, 15.034627032938449, -18.086500959727854, 19.624765560218385, 1.3785987907546309, 42.26364964846372, -37.01213112732878, -40.085489773968334, 62.98154182422639, 62.52501569506556, 2.093943404660302, -6.5824405674809805, -68.87566471577811, -42.148519089426344], [-127.76970453227983, 44.7672455507585, 9.470027977743152, -34.61926596714293, 49.31848214319473, -50.60564043306259, 762.4280613729998, 40.80950171881987, -116.08631128417179, -37.433783036649004, 55.10336658190388, -83.58028856190666, -48.087338881423626, -12.724837930984531, 58.74637848195222, -138.37363644488758, 58.48081848215919, 5.910529933295419, 61.54534071527928, 46.14244991107998, 64.39686818955244, 102.18409713593655, 85.04422789211279, -90.17701267411142, 27.50188031409419, -104.94857205421856, -33.00977437338211, -108.69981800267644, 127.07109462832993, -4.5594378841977, 57.74471899205682, 53.60951018475839, -34.55324125048881, 33.558014510055145, 45.28956855313087, -39.27096713087794, 52.1347708376009, 37.18462650834763, 111.91758873083128, -70.7734227892929, 62.317598323563566, -23.278080233633634, 54.259470656314264, -19.272064134442942, 9.94923999432322, -28.65933023088002, 107.34497487948597, -69.16937133796247, -66.94420832951779, -1.2615686017273413, -36.72436338693737, -56.34691177171142, -48.45754428323394, -108.97469541772598, 83.67607003076604, -36.978050300028144, -80.45296473077347, 58.59385266324918, -32.55989892762868, -133.93749838467062, -37.646520937820945, 59.91511389099471, 98.01006268267642, 11.611397308640035, 27.015978768430447, -83.65807808864372, 93.31618644554047, 96.82680041999203, -88.16628116560547, -9.299529376101875, -3.960373749179399, -60.9742253307383, 56.324827376054174, 29.566048884629904, 12.831868942847613, 29.975569293558067, 31.784066092620417, -18.439356299272024, -18.757986533635574, 60.787753392336526, 46.4418576760579, 5.57566929314572, -54.525374570080494, 111.64095230234683, -38.44526695025292, -31.590986488588026, 102.09875018086935, -71.46820259996494, 47.443982844729334, 51.09103325376492, 62.97249451462061, 61.337660833491874, -64.17028912242809, 52.203551542619024, 71.30151116869301, 78.63413342819436, -49.81754602956789, -13.893649231174765, -94.56652901571196, 45.835403679064086], [37.53784047054424, 148.1758907341589, -53.709315859275854, -73.28948754652919, 20.489262126507533, -36.778290164794875, 40.80950171881987, 969.5280327254961, -59.54994234929311, 98.31198602904031, -32.98792540867443, -65.17789356477314, -88.41759037139607, -64.5298070989634, -64.0988198600752, 130.29079794947256, -11.764736421897446, 0.24074329649074586, 25.62741488608401, -83.97369188654669, 12.399934714333817, 52.167305107873226, -75.21527790568996, -130.2061664205713, -65.58141397577944, 22.670034787886962, -75.47639011350172, 37.19420742969953, -3.9703019923028857, -89.54215408237366, 35.88888152560345, -109.6073015077685, -87.0033113937229, -74.3329352776764, -99.74912486793663, -91.46144958702706, 71.57754230336883, 120.9133819035372, -63.886743486355336, 53.21704025925791, 158.68601970141384, -78.20579210375163, 48.167162258884254, -62.70326899335355, 58.33226719567897, 0.9700196858299146, -37.3460285508822, -34.707543631452715, -35.23984844879793, -21.967382317460242, 73.67227256095273, -103.856630032273, -45.71364711727461, -86.90936160323925, 50.256032411727745, -38.766628858511325, -31.396834354479058, 69.60596176422669, -29.596602467759826, 34.101809664011384, 65.89744980779318, 46.17559983996233, -11.344984955166174, 13.846199247833429, -38.06814562017855, -10.319707265665972, -4.096460637084349, 21.42172296042132, 40.12919618196697, 39.9444242060058, 106.03925220276281, 65.36503185976115, 29.243079030505804, 16.285354169272452, 8.69316306367199, -1.3330858912253916, -57.71145316620099, -13.972490885074173, -184.54124963990117, 79.12820320298853, -31.648448438520465, 26.771393298527794, 102.23016535349237, 39.14718083075401, -84.48097904120911, 60.06243807681919, -27.198201263967785, -85.6278550482619, -64.04271220248897, -13.012212907532763, -78.48377777983771, 3.7005722648941854, -40.6690616936153, -67.2202343084723, 12.346413806192055, -144.77717777249944, 26.79204801257512, 4.379023382857257, 33.88975201461301, 87.36248894588384], [53.341279917177935, -165.46405854438697, 79.22041268437984, 17.91848564549808, 6.215905065391391, 154.17803943520903, -116.08631128417179, -59.54994234929311, 1037.1068497179251, 92.70790571089019, 45.64894967838105, 46.97462862896928, 46.40946253342649, 105.18958770420643, -40.77406660475231, 107.33079838725287, 6.232137586761928, -26.25603454168477, 29.04951865576726, 17.701978706949635, -81.77624988818862, 73.48235088027297, -41.24312995979958, -10.029348966067234, 45.982765660212685, -162.99754801516713, 51.574317075842664, 2.0829606907474147, -24.938162875984613, -124.84219550913716, 146.01760176849342, 86.33022761672888, 78.4183136502753, -49.13233586482658, 34.28974891258706, 82.19263303804199, 78.37174534769963, -90.25028801896926, -97.90246890550195, 69.84148756543955, 65.9173268281193, 39.6937238413924, -101.82362293769982, -77.27397966541933, -191.12131128324629, -43.441201096809785, 28.112189502612193, -16.41246119383923, 2.041953101835292, -68.69013064835302, -92.98883779961623, -63.56211677713579, -24.85399226443242, 28.932003294856568, -148.45579239519154, 87.09660038753651, 17.911668989617667, -21.873296007306767, -43.02888051767978, -57.68716821974254, -22.748726118451195, 192.09736675259094, -43.833512935013566, -80.261744513976, 8.056142355929314, 64.59665654758354, -47.06043280231114, 69.6712142182041, 22.23724966280617, 126.05375209796672, -118.1718618310833, 91.76495231084432, 123.40552513330931, -43.33189834509398, -23.10519985557647, -58.367745394308024, -83.6208902432269, 21.685292444682865, -31.35237467696509, -104.45028367376486, 52.95784005108818, 80.1424306633781, -82.6397185971512, -45.856225691000944, 52.34549977376843, 35.57901894676849, -50.53396652474849, 60.63678470458739, -5.5597917167189, -69.0817980742911, 38.75042040564878, -26.35855181510986, 53.81669540477414, 94.78704730964374, 9.796293720753331, -98.1757811385603, 116.47093085500941, -55.53308510605296, -15.317273946966685, -76.8989616117412], [5.027149298355343, -2.506305896147355, 127.59439183009769, -48.3500613356048, 91.65634474291465, 139.72934564562377, -37.433783036649004, 98.31198602904031, 92.70790571089019, 869.8476977927046, -11.718614565004188, -30.231420600627843, -21.292690522535896, -11.642414952618859, -3.379215956851737, 82.2642724996871, 85.61304100690512, -75.88539793277599, -43.28574078552116, 15.955320452519095, -0.042186784756384675, 106.71550807389733, 2.0362573232374652, -57.032699690416415, 138.91906694102377, 53.40579051505672, 99.36156690093881, 103.20990841062594, -51.81328629098985, 66.90390501773508, -18.747767242324517, 122.93212740345876, -36.595599589990776, 27.354138493868682, -54.993529586048645, -29.022635826743358, 46.50437469341624, 65.5989157702931, -31.32609992132509, -70.02138280304762, -19.940502688492085, 70.95353282744865, 22.85206958102639, -34.037138653059344, -141.1558860360225, -176.39515445057506, -10.736329358191368, 168.60604447171735, 56.84587589035749, -76.60612155078812, 41.88920650245379, 29.481715720326754, 31.481823868151807, -32.946324111523076, -52.535326923675306, 21.733851134271884, -121.02127746794427, -45.35654479422544, -63.00778211142549, 12.227678587491937, 178.76580371890643, 85.71464011307417, -18.510928737583793, 58.10366183867756, 16.52642755845743, 58.11299693425888, 32.72217251504825, -45.437828584601306, 17.23244683412906, 53.42295267492977, 20.177081113995417, 27.929185167757396, -81.17368174171521, 40.40942709703969, 22.96507904421344, 82.51695218640572, -21.306259418788855, -48.462041488033556, -102.71763471894151, -47.260652449526035, 17.53305745424637, 102.44896589909192, -93.65549222152073, 4.131299897307755, -81.76255503512391, -58.37629026668488, 15.470875359043827, 54.687424421800294, 50.37612107408361, 50.74362885050644, -24.81322573246722, 0.9972749191388378, 6.199601105860661, 32.420092657223286, 23.572442731793736, -64.78453699439777, -80.61109443848302, -22.45951858217173, 82.18482127604712, -78.29752999335471], [38.34149478366216, -15.765635305820357, 83.3329219633377, 1.8584922206953787, 19.418559823239335, 5.321249188104443, 55.10336658190388, -32.98792540867443, 45.64894967838105, -11.718614565004188, 776.0799949222408, 12.833221880159911, -49.355386484268585, 15.993624120247064, 11.534597722110817, 3.255273583987368, 8.16894506257688, 8.20306113080562, -56.86588027261364, 86.47636804226215, -133.66056152888243, 192.75381623329196, -9.52429873814585, -24.328089910252046, -50.439677542422324, -71.13849319365801, 39.907503877767596, -36.175888256623, 44.08725207806386, 91.79995845382005, -37.19817486677982, 51.61817406795118, 82.23978032950154, -45.34048590408355, -54.25696496436194, 6.455837476080254, -36.924280752291196, 46.27978461310471, 41.82778044165055, -67.98537455554558, 219.71117963991813, 52.34449203344579, -21.005337432778493, 73.79547364170888, -59.19862914392323, -47.20623101418838, 67.38004847479087, 91.92029365417432, 97.93670986468742, -16.854052783771245, -8.202027405617125, -86.64600552001124, -59.37846086232036, -105.6472041672062, 169.74273604813683, -22.961656541887677, -10.610149890091483, 124.72154335047904, 41.624078959779766, -44.1485990065218, 35.479023137050646, -81.41317241440365, -52.01570289652497, 20.857976304517237, 9.065414026100141, 19.506924340235614, 28.418199759446207, -101.91915603370498, 25.39375789244012, -39.293146691558235, -91.23967204162228, 90.47614524106773, 7.3424925460044665, 30.87883665506171, -5.233517279082233, -7.320799920971358, -17.623146977080303, -30.8089071805867, -28.94703193474365, -70.9430348968511, 20.06592365682579, 96.9727807469112, 2.3607489448354393, 79.77436294178712, 6.918645931159517, 8.606589473150127, 54.854477655453195, -101.16210628972638, -77.0878057491468, 55.4179319116248, -98.99183476712393, -10.267633385850159, 107.42594863979663, 217.3485237802735, -4.893360549206555, -77.55304602774578, 73.79005397199514, -80.79698616777168, -64.39297026947725, -122.61542817520645], [134.9404208691101, 9.809061405942069, 24.666636325765015, 163.41783918959138, 51.25900199786892, -98.80268181308008, -83.58028856190666, -65.17789356477314, 46.97462862896928, -30.231420600627843, 12.833221880159911, 870.8352290220784, -25.598955009384458, 85.00012667022098, 146.72467028662987, -36.00706153646624, -74.68758627565781, 15.947729911989835, 72.78188327436993, -22.11557728206947, -96.21905678200248, -57.40935989041881, 11.043316262381584, 51.656465551381004, 44.62782778079053, -17.11582841927512, 127.71362706086687, -12.130232823574497, 16.246056470516688, -74.039111564928, 75.39249981945763, -135.42993325618588, 54.47117704623089, 17.806237955430735, 221.8823077719582, -39.75429130658168, -76.33079207074124, 39.05533732720901, 25.91657251345361, -78.35386852395881, 127.06831039508423, 134.15112808926946, 51.75014452226692, -12.161936109515388, 42.57839352395275, -49.81118702870472, -115.44272434061916, 6.815992785853806, -56.77452863088926, 3.5475689227940226, 87.91788558247431, 101.76482377237198, -7.016461477513666, -19.358366157131577, 32.609628697267965, -60.140909076425764, 9.644332458136153, -64.12480606668419, 80.5500548648265, 170.08740616048027, 86.32907347285241, -77.96625448649948, 42.781811362224424, 4.621315266957905, -65.97697932219008, -19.41653962324468, 90.34897633841295, 44.61638550099379, 56.695002907195956, -59.26648720210746, 40.196412780451766, 21.819510979762264, -29.33548509386424, 12.555759481128836, 67.0293767232326, 12.817976813675855, 81.52844288540673, -85.78323599855226, -111.84778876919563, 209.05182850262852, 9.95898104031835, 117.91134779407105, -17.5223561878816, -42.22419578314677, 44.1797102862976, 21.255234318868123, -131.17343763852156, -89.40044354610504, -8.237294053372276, 33.77942125557155, 139.45185758482683, -19.99018817670102, 89.16228191079567, 30.644459408041904, -64.01685626863984, -33.61431401448983, 40.84648275034599, 3.280870652364184, -107.87152684400395, -103.66727789085718], [116.6039984836352, -147.4241369229389, -40.83044636617982, 132.69275078859252, -91.70946452435085, -119.09324011067724, -48.087338881423626, -88.41759037139607, 46.40946253342649, -21.292690522535896, -49.355386484268585, -25.598955009384458, 888.8198155856077, 127.29690648690668, 48.372585397672204, -20.322033752984836, 20.644403332118017, -29.685461702055967, 70.75615246527605, 87.01269363980595, -33.93106455958889, 124.55665494138606, 79.47845532605766, 16.675008780432755, -180.7883237196482, 24.25699678638954, 5.057793421982934, -29.180792792550236, -82.12381426792398, -34.21937538549682, -97.571130769507, 41.582323806370304, -31.982149469482763, 1.0706678150131026, 47.92548184558991, 70.61111101759425, -18.79440640100663, 13.911246420658667, 106.5405529891138, 69.50076386645813, 108.03725511564697, -50.232023201516434, -80.18990304094122, -112.9317817430034, 5.510175051785304, -41.490044227279334, -31.90099736894321, -14.105101280254116, -132.8915717110338, 74.01047554557674, 41.05411980716081, 14.73938115834913, -2.074192843811857, -2.7707101123137816, 6.309929600172005, -17.509972140460448, -69.69685139226061, -103.24618347214867, -40.55784091508067, 4.640467594701442, 83.10972186835916, -11.862906150728639, 101.33984034756192, -106.62932459450879, -86.30971274109382, -114.5860206499133, 92.46909093561241, 67.83100494451794, -45.829090952438506, -121.94652937925896, 2.918042211298545, 36.70533618212274, -117.68541518142328, -105.39741576862883, 29.75465829525465, -37.727637958265205, 23.256292883917762, 12.374800650325088, 60.20437590956711, 105.2733731267595, 94.00486649523626, -77.30472493280693, -35.39533895203027, -18.49623585353086, -107.33654552705373, 21.213024784130322, -25.827814745752907, -53.39085476967369, -29.845600670340673, 12.224973872493695, -40.272573680131806, -68.29395909546393, 38.25428264027273, 53.320807516092614, 0.42732593656157025, 15.567992138643861, 46.80650314715276, 62.94567855862033, 79.7032510294209, 22.29624345876429], [101.65980639286904, -109.22485974513286, -139.78467819447332, 12.550012194730932, 94.22880867799223, 35.08043693519343, -12.724837930984531, -64.5298070989634, 105.18958770420643, -11.642414952618859, 15.993624120247064, 85.00012667022098, 127.29690648690668, 913.4706354257465, 114.29751534072945, 64.46576121330662, 48.642895580592416, -68.87987105678341, 56.36251316616425, -51.89755220522898, 26.715663653068805, 100.43627440469577, -46.45819126278802, 43.27985237341527, 136.76827249447197, -114.59990335457447, 166.68668970814085, -57.09441487536772, -57.91269004654199, -50.02480421268326, 42.32411679700441, 89.64386636596096, 25.865441417625114, 87.56840669058658, -32.214261745718744, 91.86898957496518, -52.623085734420705, -2.625191543581824, 26.189898811499567, -12.760283020017434, 93.1570215530621, -100.79358519659245, 5.727437904280832, -56.24841048304503, -85.52240558000972, -128.3367974420623, 58.085268032024146, 102.31732560943334, -68.06940299013614, 78.09920006753245, -36.12353635290286, -31.99085734649581, -15.949156538035174, -3.548910968492988, -99.87761836916415, -104.2955412896648, 57.120312902678684, 101.86608274594776, 47.23563094567972, 15.146305762298148, -10.572497963969349, -0.7150392189283125, -65.95595642720048, -26.046004014346757, -20.679725726879404, -12.675618407566239, -43.96611945104841, 16.477902976136075, -60.971101902173345, -90.27900991471061, -105.29980972452046, -87.31637002416282, 18.670684889112763, 3.9135791144352066, 15.056425632214381, 49.1814130586458, -134.4272151417834, 33.70306928662611, -61.60789231117567, 61.847325132012344, 108.44926685513069, 35.884858607692145, -56.336855612747364, -101.63415858771172, 0.613931074831927, -55.10863679382876, 78.8362767626149, 41.339851180411436, -28.62512439522107, -173.28195211821807, -76.65638968592208, -203.05484561065998, 1.3828813976503136, -70.67967983184238, 1.613157330810504, -126.28474204757102, -65.48843270194723, -45.15305846482155, 73.45858290858348, -2.8569773473611715], [77.87144219715525, 66.1974564491212, -101.33959153749325, -17.46126844501029, 21.61896218734266, 3.0276342228105335, 58.74637848195222, -64.0988198600752, -40.77406660475231, -3.379215956851737, 11.534597722110817, 146.72467028662987, 48.372585397672204, 114.29751534072945, 767.6157406615765, 13.563500433538437, -46.84140645810913, 81.79625828470955, 75.30893692818319, 98.67815357577153, -30.411723967484665, 109.0043761672596, 2.6188266071669197, 53.8457329676506, 49.76060103198085, -54.76085800149852, 98.83556276803282, -8.844061744747771, -76.33514809290591, -23.217570804285135, 105.02785019809546, 22.77985665963312, 38.48107984559062, 15.430096838282834, 58.71838568565445, 2.2083171799697077, -117.3435333066048, -9.561572713866166, 6.3328395413515235, -43.818403815835275, 113.53056303044809, 35.22367089903345, 47.49615024153491, 128.31546801356637, -115.57597773175274, -171.85890650213312, -31.30642335226264, -101.40062640166447, 41.84888824137586, 95.3589432384244, -138.12517472387182, 5.434944408619183, 28.770983305284556, 152.2922069968832, 23.533867446289708, -44.41881736611254, -14.845671605456445, -126.99992819703371, -136.1600830037734, 112.31199104810794, 55.95380429916384, 97.62522794207842, -4.407096256966144, 5.588186383278803, 65.63791134083347, -10.882093103374876, 94.4946555629645, 12.927412075097351, 5.733926661056349, 24.08110799280203, -110.67395111852383, -34.894810317281, 18.93393511514965, 35.98363413661293, 140.35048255487789, 1.6403425679358812, 58.64339125573004, -11.791110414228262, -65.5880307037921, 94.85816345996176, 59.33619337280857, -15.581618242728915, 2.225646349880674, -47.306422902754754, 0.3581446713714213, -126.18754414392859, 14.495158176329358, -56.05094594338709, 73.87850711784093, 26.40517623787952, 141.62841202437784, 30.116600380184234, -104.21208174349225, -53.13328534974816, 33.68372433425684, -46.259038931007304, 3.093429766224257, -6.8017629987798705, -22.28792869678572, 17.678113888266857], [-0.19912661884518384, 20.212921254750174, -23.22460077337864, 83.68236750536026, 54.18075323506069, 82.99543724620564, -138.37363644488758, 130.29079794947256, 107.33079838725287, 82.2642724996871, 3.255273583987368, -36.00706153646624, -20.322033752984836, 64.46576121330662, 13.563500433538437, 893.6103287592747, -84.7008636094201, -107.8408088950778, -64.63497975288549, 54.057089408700676, 8.304383111055323, -99.19548005691003, -4.905945036882087, -164.63986838003694, -0.3432697684868876, 3.531763121317372, 44.41037496796281, -185.77190996510635, -78.69104699675091, 57.531920660780635, -106.87511371939974, 47.985767528206814, -140.94059864901143, 150.87378838167746, -37.991191381771195, -68.09289628251965, 147.27559707440378, -48.50514615130072, -90.66609438276454, -114.9257777237922, -18.603246857270065, -14.42832333874116, 9.439458696187533, 54.59749309938683, 98.80055584093394, -10.626184420516813, 12.785729760781857, 47.18649128650424, -9.721182272780226, 11.980661314827211, 112.62765710820429, -54.97326808504531, -57.44651388705874, -126.70981641451397, -133.15354831660895, 44.66750526836534, 9.50806954258253, 63.837567428195015, -7.697509528004245, 48.79195131646165, -49.42464818856697, -93.3377438230684, -64.5136187198595, -29.815721497060814, 93.5305595472292, -108.6693498634516, -99.13501650782507, 70.58305712104641, -168.16122679152912, 13.272059905392732, 49.16766713708846, 111.62813000507315, 53.158594548043055, 88.87848930644307, 11.058337413438398, 37.93549321188372, -49.7325912720711, -73.74171689575815, 71.8727360792463, -52.89215969468548, 64.3406733181934, 125.78597690734817, -35.858118912847544, -49.43753188911211, -13.911219705589456, -120.11956839403034, -128.42332043054267, 125.51456688617452, 39.34118347327309, -8.08721203402319, 86.16373740360619, 79.92801824339618, -39.62593192670795, -33.885623167736, 10.820051954567525, -39.75650578959965, 195.54474264971464, 22.751418362516272, 60.86712396172847, -41.90042654614511], [-63.46771196264845, 25.666915501065674, 39.29703977711952, -63.54686554906917, 86.66422533915761, 111.65331608178035, 58.48081848215919, -11.764736421897446, 6.232137586761928, 85.61304100690512, 8.16894506257688, -74.68758627565781, 20.644403332118017, 48.642895580592416, -46.84140645810913, -84.7008636094201, 717.5079163229175, -112.56989615523976, 30.720226257476387, -34.054821594128036, 138.90503355560023, 89.48979874410999, -127.41466160754496, 4.371545941161883, -90.5067764390198, 88.09684901271154, -119.68586475578226, -104.32865938026828, 48.46182674077723, -17.941388395425452, 139.87418866612214, 5.295521843800361, -56.06069277583136, -9.464514175868096, 79.03852319006471, -0.7669692266801585, 88.13111138497545, -50.77826486691906, -107.78345270809119, 180.86492724816662, 19.067231487504422, 67.48634624245526, -12.609075384810577, 36.97252237941746, -71.43556101391785, 145.3909346520507, -86.0427673051332, 15.801939987251977, 62.40745167128356, -87.46803488072189, -48.66880584888603, 40.1635161046551, 12.193095884975781, -63.27993265548083, 16.932444859052342, -99.76247540826981, 9.462975524184658, -8.907542591250895, 84.6073004219469, 131.83221705107525, -66.06914813386337, 76.98093700811582, -52.367447930366595, -47.33886927675196, 92.00246446068006, -19.06411823144599, 24.380151197780727, 47.2084591785975, -83.25204853404861, -2.3830055651194235, -18.317738546167217, -73.33915092592497, -109.43855451922249, 77.10772717472906, 10.79385181697634, 4.748987007003197, -104.79688544740442, 22.593748929197254, -3.773443647573129, -28.373468512523065, -24.667362751680034, -134.0270683627363, -34.44071884233613, 24.71711877346816, -93.27331629947521, -51.215455824598415, 37.72709094144044, -6.761664343778258, 23.759462712349855, 65.1323540898106, 65.17225994382224, 62.06943125284303, 131.70784887274232, -50.28234251622396, 40.334768424132385, 157.204162871762, -116.04708268120703, 16.651665483667788, -43.453064224305194, 126.31604178322297], [19.01732125299289, -36.673714288063586, -118.77284085050601, 43.47232272374856, 124.9354761266398, -40.28602442284471, 5.910529933295419, 0.24074329649074586, -26.25603454168477, -75.88539793277599, 8.20306113080562, 15.947729911989835, -29.685461702055967, -68.87987105678341, 81.79625828470955, -107.8408088950778, -112.56989615523976, 787.9134809087897, 28.870822883171915, 43.9781701842796, 40.87603924845334, -78.70881972921289, 45.65073397272215, -77.70440670995933, -36.091298112411664, -103.54547659943897, -21.716767964489254, 1.4995109193589409, 13.090651672905302, 8.167513819854088, 50.39771339340868, -28.80039420176343, 50.43491825700099, 154.30374417563567, -23.563410481535684, -38.93266765117739, 106.75296907019525, -101.64597985710735, 104.94878169766838, -49.92690336503658, 172.4950809491805, -18.854058940970532, 118.76372034970596, 113.68193039140174, -132.684465359169, 6.003295031630928, 12.33786007792366, 35.292905879334995, 111.49403959062383, 9.207670550665606, -29.47726873177166, -167.38211066992127, -34.129730850203565, 101.85405474549023, 3.6236150166609056, 44.80887424678359, -71.37237946831189, -155.55768230233937, 86.14672576131845, -17.206596743034012, -42.78976331014245, -82.09568476387669, 16.53653928392265, -169.48305497576874, 133.84056177873117, -8.265838167131728, -80.77542356294491, -86.62349987720738, -8.546040138873861, 21.310948605612463, -11.674484186848328, 25.05984260820779, -38.30837245751994, -60.44920147919938, -94.93728484828885, 46.83363359185164, 131.8547008422084, 63.377573112719325, -119.96815898158194, 113.1068690494021, -91.23057872955455, 120.38502343837891, 43.70209501115109, -35.44850769674598, -70.50665921573847, 68.36290938137611, -68.37291659223476, -96.60129715455471, 43.879735480000804, -38.16938343982675, 168.88775523359334, -135.87029977206885, 10.94992240147853, -155.81250024334662, 99.33526656134224, -62.552979510522846, -84.69120561212655, -16.409433055577267, 70.32861184406714, 58.19843477190856], [57.206765559630554, 17.945726526554694, 29.619060879307742, 127.56394629730443, 15.13825301849709, -93.01115484090066, 61.54534071527928, 25.62741488608401, 29.04951865576726, -43.28574078552116, -56.86588027261364, 72.78188327436993, 70.75615246527605, 56.36251316616425, 75.30893692818319, -64.63497975288549, 30.720226257476387, 28.870822883171915, 902.950917548068, -5.602975842596343, -15.928790546216803, -5.838015463660553, -5.159889484066449, -92.78201513587874, -60.21062647219423, 39.86943428146895, -69.55473209456147, -48.1396469837579, -20.980152969875267, 26.01294359354905, -148.28975966255604, -27.203127432274343, -78.8315291623234, -24.747951851701263, 179.4848185457107, -67.5364326312139, -53.58097961776374, 1.627028768119397, -171.06701033345385, 69.2876273705847, 27.432600622621152, 59.34943836703098, -29.620099479216563, -59.84737864072388, 68.6732807544868, -111.84346621579998, -62.46084884506769, 41.74779887152175, -50.80142802619972, 35.70265604418172, -47.408068498767136, -156.97095813965248, -60.31746459118243, 46.26197591757742, 75.95562197125577, 29.66170155396397, -6.475083002738052, -149.9086724147077, -13.846580444132536, 20.02594347909656, 16.123378015581284, -98.4291694494126, 162.17639330174848, 4.833762843206107, 25.338109013514178, 68.61282361208315, 25.699772480433506, 79.43077763690665, 89.40867865086553, 117.57132514989136, -12.573529817426204, 122.45647001133639, -7.500438566279312, -73.77159044841272, -30.43776566449151, 116.4690856214855, 106.84972130639007, 82.8029845279236, 19.573971608860965, 116.4575177298967, -13.001177399895635, 76.67778644161305, -18.61270557743577, -47.70281574232129, -45.820578636508706, -46.85552505179379, 2.549856528461239, 121.53572580639546, -22.910562147525845, -43.02310987624027, 17.17171328087906, 19.004148063795004, 108.1583040772059, -78.49271209400581, 50.93090683135607, -71.5147422302793, -157.09391603552012, -9.735397515009579, -104.14307982789028, -82.75476449287923], [57.29929518471631, 43.6609804892074, -68.18596683951964, 7.081565294444964, -47.90961784397916, 77.41910260597025, 46.14244991107998, -83.97369188654669, 17.701978706949635, 15.955320452519095, 86.47636804226215, -22.11557728206947, 87.01269363980595, -51.89755220522898, 98.67815357577153, 54.057089408700676, -34.054821594128036, 43.9781701842796, -5.602975842596343, 800.3276334600647, 52.52335724314067, -58.70530291975352, 85.67522426297863, -73.11912296443917, -29.061394811376864, -15.153386891203418, 110.30573528251259, -34.87399280102293, 160.77993076312086, -17.977914840415668, 21.246722220376018, -91.83676706889463, 93.4801650798875, -39.896518955144536, -19.43010785745392, -50.83007882441354, 119.45519768793936, -23.12485754193639, -15.627275791021777, -86.28543574855196, -87.51425489991213, 122.37110242032784, 107.55497299732518, -154.97036013361668, 60.57567345753119, -131.86421539400538, 41.94773799260232, -129.67410558669218, 19.446302014138258, 40.30163583430771, -5.139492376665233, -84.48970401225795, 17.776061512201565, 28.6831452526119, -50.517514313745146, 42.80062269599267, 33.60608978996178, 106.02726535803325, -56.41996034784849, 143.50839827353926, 32.0193298286453, -52.05309316391471, 37.749239701247916, 109.76211622267687, -5.9253945670946475, 143.87059967084005, -110.41570197342551, -53.68710108374353, -46.546024388619635, 30.64325461842976, -12.846143996449335, -44.93717281115942, 84.64916467548002, -61.70200565483478, 59.80892003646088, -6.519951409403541, 6.721200008043532, -89.57300629060317, 137.75330399669002, 0.8961299752399929, 14.261118211223657, 83.85592010804658, -156.49657919201874, -49.0881129894219, 36.340080264738994, -67.18443283971604, 4.673950877968958, -85.6342736868738, -4.4621442116462475, 20.162467457250592, 10.121994999976124, -17.18577428633096, -83.4945727433665, 54.88602733621, 4.024940663961251, -39.91536128602754, 1.2830875008394431, -89.80496754180501, -48.26966544243031, 179.8396677843736], [-6.040059082986927, 49.81342560438803, -94.39311910135703, -47.57510390134775, -42.29150014913483, 18.18186630132828, 64.39686818955244, 12.399934714333817, -81.77624988818862, -0.042186784756384675, -133.66056152888243, -96.21905678200248, -33.93106455958889, 26.715663653068805, -30.411723967484665, 8.304383111