{"N": 100, "M": 5, "A": [[[884.4794536377998, 185.94045994046812, 65.8938606424484, -43.34548205002476, 33.45350036343746, -31.289999204073347, 9.730335027534535, -96.00244678074361, 97.0920918565619, -108.95633035822607, 4.907313984523946, 0.15712820110096914, -7.1959907133700876, -17.270107932144793, -30.07700534981688, 90.3146463099104, 25.7203950396143, -29.887913421878466, 64.06202105142373, -69.12503746200484, -67.99138113100462, -72.33591268649597, 72.82966158765755, -21.944366423055943, -17.497016109175085, -103.68563599595586, 51.63496308894304, 57.45714230342874, -48.681357007421056, -59.57607869975403, 20.78795931892202, 65.8820793105537, -60.22564384877742, -149.5400134029522, 8.656512874682306, -165.6231565353909, -49.205927351996145, -54.17603808315679, 10.52499470273892, 51.803514246839754, 54.185803537027205, 132.3174516669363, 107.9407639107343, -51.3772718505846, 2.6111118771717, 48.92751436567631, -64.33747923804042, 78.46679280580953, 25.344762299799385, -61.725905290063224, -25.34403053226729, 62.00358835203774, -33.93870533868903, -61.49806119373389, -50.013189920109596, 83.6162974992719, -23.222826248439056, -10.891012512292988, -110.61261114879925, 26.726650944326725, 5.890279708316718, 51.13751954280226, 14.139212791964368, -77.21908556432905, -31.77550031234172, 21.14190326676931, -104.68596504346658, -139.0156203325309, 96.51721134445515, -28.05333932742633, 28.71549776980853, -75.81378982988763, 42.07987744074171, -40.85766960804919, 40.37712390193747, 21.398050859304686, 98.86136593221829, 85.83311624833156, 116.33632030914364, -8.474108349352806, 4.955860252788957, 131.96404643864088, -66.74634051561348, 29.396838250969903, -29.375655957447982, -71.12115689500158, -128.42725041832128, 91.23668053998334, -18.565788098557608, -62.071906660333305, -97.98378726255612, 15.612249944377503, 22.026867334592755, 60.226100405801965, 38.407145509837335, 55.18187671513264, 39.230495217399195, 152.80286197118338, -28.82422021828941, 104.4796619531096], [185.94045994046812, 983.0435859285998, 21.689308478800154, -94.0310346527148, 24.611053627592497, 102.75115741406306, -73.4024903316589, -155.9856658130001, 10.04751921270675, -274.20481664259637, -89.95902734690056, 19.75195023856903, 55.66824192553461, 177.4775116065422, 53.14649630788068, 153.64916175668384, -25.7192680038948, -80.38525435794166, 104.27663682364656, -14.169836205299749, 67.8543841541508, -3.8687062029657584, -110.43640919053544, -58.973435386004624, -65.97930685428628, 47.07454951784841, -73.68349809652797, 72.93114062607226, -7.507422181446443, -25.022044728596597, 53.095621712949296, -129.07622272651813, -77.9513119840308, -70.63797170461545, -34.79517152601494, 14.962422226485307, 10.015559143741093, 54.72564988543388, 6.94648895517526, 45.11328932018216, -29.797850832967693, 61.87253463951923, -4.5137919604501855, 11.414662279559252, 53.42221412815427, -58.86276817935675, 14.74924153119273, -109.94768082295273, -130.4635849139436, 12.633975283422279, -51.05551948516895, -72.34451659123015, 108.88493293573487, 97.97206154787727, -35.37466876089718, 22.758383472912694, -117.83165695308983, -46.145131811802, -31.50043188842542, 5.731977429560342, 50.034365024655976, 72.57189176431274, -3.238359518517527, 50.00573468393324, 6.812518515843222, -185.4794056899152, 99.29936465021095, -17.851510253091238, 136.4838301430369, -46.86215738319941, -42.1072655721839, 103.69592751160128, 137.70621151519964, 30.396116594580022, 88.31498930319046, 40.50293056475023, 144.57205567591419, 21.711648095172198, -51.54455871421959, -25.38455643049665, -119.89405042960135, -38.222641747391485, -17.11322962437758, 59.385755271932666, -33.767070819392906, -168.30133511644132, 1.7183387548948612, 90.89809467566282, -6.488308397259965, 154.64536142044668, 58.90017417491641, -61.65177943856117, 56.05440062568475, 93.32127879122046, 26.106734540838644, 79.62085677645145, 55.6596072975739, 107.88466950692684, 51.74951794589185, 27.416798202468716], [65.8938606424484, 21.689308478800154, 750.426641302218, -37.493134526319885, -121.77307253973271, -38.76533416076406, 14.7356223620814, -11.491606190657288, -54.02859360403237, -7.690510653708823, 57.6220219877984, 55.35881661283257, 148.30708289239337, 2.5982169575136282, -55.997971831791524, 47.08103906045348, 23.11991427315101, 78.98531197480958, -54.54420798160028, -62.21905526071509, 81.9831893539731, -27.60651568732901, -75.82750640725413, -27.92106265183164, 30.136393978326737, 104.57733215399335, 65.9293596408606, -54.29210648808512, -11.95301469644764, -74.22812425491637, -31.49522118688311, -137.51300715362245, -34.79571877441098, 52.3339675707184, 31.51371321375448, 62.616240666418804, -50.620245701937364, -1.3504278806472005, -128.10157206283193, -70.56220385423433, 68.27018010529775, -29.44194533289472, 15.116437592240699, -78.1013844106725, 61.02135309094836, -37.93722580217134, -92.66108740049859, -20.07378223215317, 168.8356911183426, 70.00412407510402, 39.783909812807615, 13.760919222090651, -94.17772998520284, -46.60893229287202, -5.1597222977309976, -21.81834203691519, 12.098671129421465, 64.73953021968482, -56.623225220053754, 56.481066347675686, -103.63355498241383, -13.666949256074076, -55.06722509056113, 157.37757556001696, -10.18299552679475, -0.5159801385969965, -12.131390138692625, -100.73399978947592, 78.98207250920872, 40.29169628169695, 25.872757011107648, 19.710393241503848, -36.978558047314344, -92.29422827011435, -22.243501199647167, 83.03487501981495, 76.93251203341396, -120.46744578994364, -85.27669049011563, -118.78393733275554, 19.6088324892448, 3.149357074384031, 8.843966697835222, 29.66835854491376, -19.34330776009193, -93.75805980683855, -57.46428251801139, -119.91983556028285, -95.81127295656245, -77.95488307741746, -17.528201361261065, 73.12794963610033, 24.350897374576267, 68.42820750189544, -35.3049838113895, -119.24742977738725, 42.76175730312937, 47.41280396889077, -68.83584722031335, 27.91156660481376], [-43.34548205002476, -94.0310346527148, -37.493134526319885, 951.9143163661564, 65.38147521207783, -23.37367054101232, -162.76650458486037, -52.24527566311918, 38.18646489701142, 177.40722171164398, 166.779374433905, 50.94200412991974, 49.40363125860277, 21.79419507257625, 30.63785126861081, 64.52029243404868, 103.49314455336855, 41.923525073144674, -19.556371024651597, 34.53662378301233, 140.28361989524896, -95.30255770116014, 35.727458052290004, -28.670142323639897, 9.921227944726212, -67.48244579709697, -145.2606708213355, -32.49741147244098, -73.7847064903418, 8.222043252595766, 63.452701526487736, -54.960619240346624, 44.75350779965311, -34.104927629375084, -21.99468890881235, 64.82548989251394, 40.24219408880662, 88.07391293206572, 149.26897215109446, -73.09052136437298, -59.06400163414328, 3.328019271683449, -66.57336312251249, 95.08587654325596, 67.09119583251967, -26.46744065588374, 54.927861073792776, -127.08878703832808, -47.27733863161688, -72.95200487691179, 94.53045847017367, -53.7585596157482, -49.63830626155496, 17.288446668727143, -62.77506321255654, 32.66913618768297, 16.115409841518282, 3.7012571441798796, 59.214099902532745, 4.29279180474979, 114.22742200460577, 42.32165267497158, 55.44240334728882, 17.96754493413274, 117.22019743446768, 209.792454780886, -60.45817491640445, 51.63030204290442, 5.608384683900894, 58.41616288520972, 69.45141820719662, -19.76551842719377, -31.602503248547254, -75.24723109694249, -82.97488243991762, -27.40038219009396, 75.4149504767921, -59.662238745457884, -62.34286560093241, -6.04044835308152, -104.63602463966853, 78.02000524747595, -9.915733693036962, -78.55745519029573, 43.54409970408467, -98.70113548917786, 45.05436733398211, -83.29923626704525, -63.19298043337736, -43.82597355466644, 63.750891100292314, 97.94585876106429, -113.42063521390511, -77.34816840543353, 27.576800708911193, 112.66722814538787, -39.44223671492131, -12.877157604757663, 49.4941579096579, -44.400120383183584], [33.45350036343746, 24.611053627592497, -121.77307253973271, 65.38147521207783, 885.6279604590958, -27.949439053112215, -8.89925078783204, 52.58712642197642, 46.519240646481826, -27.304201688635548, -121.34905594869153, 63.414753451522756, -72.2539063878891, -28.97615283695511, -96.91376867282685, -63.31641704747778, -53.755395900307, 10.912997642788392, 43.08589628476225, -47.81667914327532, -52.90885601288378, 26.155685001845846, -57.76373696668001, 0.38207744356829265, -71.84944384053962, -135.76800370940265, 42.77859025067068, 34.47883174240456, 36.313114268058385, 76.75380120901342, 65.16891818128084, 37.245989408433566, 92.74088434406309, -202.79161728792846, -90.63301946403031, -123.06329137517564, -47.89737442668437, -20.1153341144263, 81.15209120931536, -19.92045964770008, -69.13119470623586, -6.07364669706677, -66.61688759626965, -143.5483151774664, -204.03909792459672, -80.30462555902702, 102.40095488171919, 42.617234721108936, 61.32754991210577, -67.44621138270382, -2.8779435644662996, 26.361680091200927, -19.716106042773, 15.679107259644883, 151.2618406701612, 55.2502365835494, -26.721608156007072, -61.45844825867761, -48.44092542378879, 34.144422598469134, -33.56516828326411, -96.2564255387462, 27.010356437235796, 40.87548131637223, 61.330223644820606, 84.51527255287817, 22.049841182930287, 29.639322767534583, -10.257444606527125, 124.14682245081754, 40.91521495452714, 170.26750929441832, 45.297131115781134, 0.42174472537072283, -18.82098248055359, 3.2016078618600536, 63.20618275572866, -94.29513006516923, -77.53336265499678, -6.447246310399004, 3.1047956409454973, 52.53247070507564, 21.45441070324415, -46.969833595494805, 152.06498644076225, 131.04204352387598, -58.72976364905232, -112.19939686453476, -81.27367280197755, -23.548785228256506, 101.01662242633111, -24.994489079067776, -73.88564443149191, -50.80568267127755, 11.813401428744557, 88.99615285264915, 64.93526297984165, 143.825548604801, -87.83522648399135, 78.39252695592403], [-31.289999204073347, 102.75115741406306, -38.76533416076406, -23.37367054101232, -27.949439053112215, 976.1202263013299, 49.37067696961422, -24.18150017058792, -39.86134864659495, -67.61416728620155, -3.3919523807746392, -84.64134176147557, -77.45864127880755, 37.59690470029729, 47.61451875129816, -12.29169790626694, 150.5605516381016, 14.889738439662654, 9.170833651203719, 21.77362818319057, 53.46592410572107, -102.1941279554525, 45.61888974405773, 20.0043358952784, -76.7784170091514, -101.54246060707804, 182.2840439541462, -110.86811752032003, 89.65167225244564, 24.87465570839951, 20.224880411092045, 121.79199359090363, -101.37815443597029, -0.32505951491707813, 62.99846616316717, -49.19558509024495, 136.12936752715387, -72.42184304351196, -89.85933131027525, -32.26250108197155, -59.400028428088454, 52.20889175286981, 86.69287020736562, -87.25843010012034, 45.88286126388974, 106.60793975040177, 34.51515961316018, -60.52111301029831, 89.04597681721827, 60.368250278919355, 153.62506488602156, -154.8847169660819, -93.21509565972914, 29.739994078588794, 57.24657644589978, -41.273859772927366, 62.20147888182938, -40.087927513622006, 22.740101833073638, -141.58989081912804, 96.17571435901314, 13.444689529932376, 35.300714310146645, 51.6189455505447, -82.41046724388066, -118.80957201754907, -31.133929351011385, -5.694417318374423, 15.636526891668607, 79.77989667123386, -3.623191035653733, 54.862738825623225, -120.48747793083882, 72.32746961769656, 38.506592586592284, -118.92204000350192, 28.886668214314103, -46.37917225528188, 34.61011368118406, 57.68249086252889, -182.8986457962738, -3.855635317354864, -100.66801836270292, 52.36368838137478, -42.62432532596145, -3.7337644627592064, 129.6378304909845, 40.53872944527376, -49.90371046433229, -34.993147891758746, -94.60628848616595, 67.78961510960545, -141.45143326949105, -80.50768507639336, 122.41640596385601, 194.59745454897353, -11.84488374910983, 27.118882336366337, 4.044571209954983, -15.013351693489799], [9.730335027534535, -73.4024903316589, 14.7356223620814, -162.76650458486037, -8.89925078783204, 49.37067696961422, 992.8933077311414, -12.13197812656575, 33.23583774600142, 9.149908220694382, -32.3804761976873, 141.48155675203972, 116.4786455320903, -102.81388217449924, -44.73194819727274, -62.818600563085305, 151.53954697815337, -69.0555237583039, -62.98413516338898, 50.47571958039716, -95.42353020791215, -76.54008104355363, 5.155139388148239, -27.636012561370258, -75.86283796605623, 4.16016050008441, -67.5036888796148, -49.233955708825725, -75.1999163690038, 127.89979081653908, 11.101399598045598, 134.14756383701285, -43.37318420130406, -9.384276395558365, -53.246244555794554, -85.70701663295446, 98.59806572407926, -24.93785334674871, -62.60325024425544, -187.060263175676, -21.013586674014626, 68.21367721297617, 28.907419657199682, 32.13740147528822, -123.07043426195655, 40.01755057731774, -116.98832503418427, 66.11299044837611, -23.888332286814748, -68.18351094746016, 197.23727414691064, 84.09578143290226, 17.632726020425476, -38.24939688803016, -63.33100679932241, -33.00098090596338, 28.540728394926333, -29.146691263280566, 164.2506288387391, -8.215040118538175, 16.11487440570111, 98.55605252741823, 52.246353399964995, -111.80385262857581, -26.03190308607681, -27.605808915918576, 9.511966977364496, -129.2262891925792, -129.55827768489698, 5.733701749530715, 171.43761391193155, -31.08701656825817, -30.93544031513405, 58.87649297446772, 29.20923544332904, -11.514359540007195, -53.22396287289625, -40.3233486367904, 10.790430326528888, 56.122361026332534, -12.407989844215804, 84.19501905456646, 169.4198026937962, 54.3448038791829, -82.11613116750935, -31.704516747948553, 4.733179620031176, 29.284709952361197, 27.293440083724956, 67.59488454987392, 65.50692288136298, -47.640516140527275, 22.252233228880193, -163.55628138142387, -34.785976674203596, -90.70924290057033, -5.605066480828677, -111.6345018885329, -75.66477457436893, -71.61060422776748], [-96.00244678074361, -155.9856658130001, -11.491606190657288, -52.24527566311918, 52.58712642197642, -24.18150017058792, -12.13197812656575, 881.6578861451661, 92.54476456374282, 1.4306310205964212, -75.79545942110309, -141.46881380338797, 35.29962096549408, 62.80009257558015, -87.05851925352871, 84.76479107791816, -0.7015449114942878, 67.9617106782297, 33.292873863249305, -71.75386327406383, 96.49512852091547, 114.77563219212186, 81.23344243471612, -42.98653246996772, 138.30320228340167, -96.66732962191976, 90.9301037596511, -61.69532172266741, -55.6133421077625, 63.70680708963204, -23.242982853734024, 41.548166770275, 139.1371734478339, -4.036866622721298, 32.45292483012906, -48.78961901216059, -93.85778072452376, -55.31322327994202, -110.71472301820668, -112.03320226586881, 93.96613309607852, 49.27494180888691, -16.102911810569864, 33.718058183628735, -29.95185442918155, -106.42713264579893, -57.07407253894376, 28.958442630846406, 55.446865120537964, -46.438674680549866, 80.0822152059684, 48.404729184311066, 89.06123249812349, 22.514820185195536, 78.38707326375389, 17.375923196120535, -42.038281932511346, 74.79088477461299, 6.9602372431847295, -61.67243592140684, -62.81239622277698, 50.921511330219644, 71.67256332179632, 55.02271128317183, -94.22227359875282, 56.87797912507072, -141.38050540030576, 57.87633688029631, -32.849546367256224, 89.4666698828835, 14.622490519214105, 34.1535088527525, 73.73551048645072, -92.8356745860747, 47.5290381837177, -41.58862822059483, 64.75468906117568, -101.18118015621029, 8.837263252438852, -109.21212924989102, 91.13071211234251, -64.11976889007047, 20.66441910639822, -80.53457279380261, 6.038984209113067, -10.471991734511775, 16.54389875674953, -50.08314963587506, -73.04714811665355, 5.005438205160767, 41.12148342318332, -8.87914760214306, -74.52276333950034, 67.07581435619352, -55.65180741634663, -79.57225562863565, -16.88850240352758, -21.778591931212567, -49.4812004455213, -2.2004425509298646], [97.0920918565619, 10.04751921270675, -54.02859360403237, 38.18646489701142, 46.519240646481826, -39.86134864659495, 33.23583774600142, 92.54476456374282, 917.7300963372116, -1.3990210841028798, 6.782445076657728, -36.97175015652664, -107.08932871615545, -16.565668722052592, -7.045390518303548, 41.53527462154481, 36.04344309684679, -25.99466859099253, -59.97813339265449, -32.5432188015472, 52.764833959132645, 4.885896564924344, -54.44211130388342, -108.57446619971185, 80.33096661236767, 139.22519448045898, 103.47151010002881, 94.62894978470798, -65.43997418819119, -45.316988667273456, -75.42628171807398, 72.63455416059458, 153.6654716550404, 16.15569748013966, -118.32457262264184, 4.24820780256383, 83.30111482557393, -83.71084382644449, 46.44255784242939, -153.64084038674153, -52.50686549289244, -28.89677307990455, 41.286787870873724, -62.525535835772565, -70.09854234534802, 28.543585649752984, -16.061123860941105, 115.57710038238415, -119.76862363216884, 76.96890836146531, 9.965698523256291, 126.88037286001618, -17.870444482363673, 17.652570484757206, -36.92853280876296, -59.79788844958003, 34.583266380104455, -62.87955545736468, -30.47341419248292, 36.92749515540599, -87.31808443660611, -53.43727273875536, -10.839548326587558, 82.77115459443525, 118.3889728763314, 7.296280648337915, -12.877443198742993, -44.93189317307621, -7.286727153897847, 48.92624523367487, 45.861346683154814, -75.22752291824806, 8.361796290800596, 41.60417817944314, -124.72496400218131, -72.9085489220611, -15.214800914944547, -25.23611021372344, 137.8665978349885, 60.47777211308897, 16.654263924207914, 129.25389629939053, 51.04629736692006, 7.102276537597963, 10.089201635422862, -195.4488568324967, 60.264372807985175, 48.93696099091738, 34.19854557248121, -109.86783758745062, -54.73819529978013, -8.073369263960618, -9.774503330524281, -149.5060560027924, 40.12596375847539, -51.11939639186798, -24.141132427540857, 49.08105120533828, 46.70916634887224, 73.03767142632357], [-108.95633035822607, -274.20481664259637, -7.690510653708823, 177.40722171164398, -27.304201688635548, -67.61416728620155, 9.149908220694382, 1.4306310205964212, -1.3990210841028798, 1058.7415628821557, 5.573151530357611, 38.23244739778323, -111.24889690557994, -85.44166958448783, -153.40846040493835, -10.893329320972981, 103.98059489549556, -1.643652051312673, 111.70912657120884, 66.20710863270932, -110.43001144328403, 156.22681767703853, -86.13839245924466, -6.602997396684741, -18.27722175617217, -27.122623892434586, -2.9667756948232533, 19.359111806878616, -8.618779202025696, 11.40482471911453, 62.121859227665816, 15.452766150670758, 30.409181990008175, 9.195420336169603, 8.267034397697032, 9.047980628518552, 4.069544822478924, -46.49970163865311, -25.714211090411283, -43.89375252082088, 36.94761294082495, -72.71375574178316, -50.40967938533836, 18.832079579854113, 51.58637565031037, 89.19347421435822, -105.828746412576, -54.80836779015435, 66.51859263156507, -74.01883965340683, 29.392489771986888, 95.53325062483967, 16.322994867028797, -22.370022484200003, 25.907613588415696, -38.77392222490345, -1.146188036570242, -96.79709051397506, 92.10658852610895, 41.83036288160806, -143.7627689209694, 40.18958503818432, -21.07518430805298, 99.82019557889066, 60.56154978237512, 56.01861310105574, -8.671300331592326, -47.28798215458463, 14.773336761652695, -94.0931578395568, -25.582260106412257, -70.8816468862085, -22.067544459702997, -59.16034818241267, -7.646735003744032, 70.51478920083824, -146.163676747212, -10.38920046631778, -29.671872604255114, -13.059673192729575, 83.56022999960166, 97.57247141026289, 10.528258261529126, 75.19436064566698, -67.36632813289297, -101.04058151712789, 110.13401591918935, -110.19181156245742, -18.675779512319842, -96.18118260677028, 65.57711645294285, 42.90824318361564, -126.55467256758303, -28.71970776809084, -13.258553321344058, -29.047421141492563, -9.223347067972545, 54.549128088935625, 0.2370992596331349, 122.99780364791572], [4.907313984523946, -89.95902734690056, 57.6220219877984, 166.779374433905, -121.34905594869153, -3.3919523807746392, -32.3804761976873, -75.79545942110309, 6.782445076657728, 5.573151530357611, 1107.6255385113489, -22.386367688297724, -12.485413312996823, -40.063210527194684, -62.571831556390045, -26.914096362220054, 55.54989396724251, -6.377202496802496, -127.42146052717634, -128.23472482151587, -34.02876179952941, -218.81850984401703, 71.37539609849131, 43.01204218268887, -181.88279999650192, -20.657823324864026, 6.760324292850876, 81.25303788466255, -170.66063476326258, -5.069448074849952, -6.726431337832687, -95.9604866838947, -22.988538449038284, -64.1691166408469, -2.8279417868855425, 136.34538039587557, 30.214576066335514, 8.358153684343366, 18.889560573611604, 113.806083605577, -79.53117182310561, 56.38301447807128, 170.40800293338285, -16.695067777730483, 47.10720366987424, 114.18562685462501, 58.05173738772568, 44.88369838699857, 66.86964573902215, -22.668929389495602, -12.520652557339917, -30.669794930523864, -52.54798135038176, -2.555423937544435, 43.40294809776198, 56.59092259778339, 155.2231612944405, -19.620027384557453, 63.888675462013055, 13.69699338536084, 75.69513577980081, 26.594180451958536, 80.52341956202207, -22.094710568737256, -52.30637320070955, -29.69116561198362, 80.30510619544215, -109.07728692217874, 109.10343775983843, -50.465660851505724, 134.279361292141, 37.06595325488088, -73.5083582218137, -18.948983510062757, -19.213610144153886, 83.7109408611941, 77.28342701561513, 53.34737685706991, 74.17326839166893, -20.775206402980835, 1.291649681939232, -0.2588624954973665, -25.563513813532396, -77.49766912226313, -3.3625354751506675, 105.98151008542952, 71.04102466691569, -74.66511473463171, -48.47084869563489, -89.26933812546623, -87.84403472747275, -91.42603461853514, 57.36910664991939, -126.92938904288445, -145.3092988513526, -71.04010141869918, 106.64082937739857, 71.34198876482112, 118.23181947907906, -10.289887502425415], [0.15712820110096914, 19.75195023856903, 55.35881661283257, 50.94200412991974, 63.414753451522756, -84.64134176147557, 141.48155675203972, -141.46881380338797, -36.97175015652664, 38.23244739778323, -22.386367688297724, 1015.5434927264481, 15.200913180121107, 5.875881250770067, -112.20671433398304, 96.29723153236961, 49.76858545817122, -33.48373302243967, -55.09519201981984, -53.421280560125126, -7.0801238968100995, -6.612891651272881, -53.85462825634887, 56.373050245677135, -129.2264966575706, -42.780760906027815, -43.0591783689071, 52.6451500855549, -132.94880414523507, 54.445989808444395, 42.75959756593107, 100.46397015760948, 7.191529871015379, 53.4472933340195, 97.17677112934663, 123.73710651923194, -72.00811220320307, 81.62155585782406, -12.017072267745844, -147.15193289724715, 62.8737317266111, -91.788943201861, 135.14361198237282, -39.68610877222122, 4.051027042984815, -50.04475716348315, -22.120645229505918, 177.29230636441457, 87.21982117655661, 5.473463630030177, -0.4769349175684252, -26.40280260106028, 45.57882123186194, 72.10503072622413, -23.324706660896947, -134.02497177667829, 14.48335138029562, -126.11050795915406, 74.78086543158676, -49.70506689874163, 46.8913809581484, -44.59126952114275, 13.079011408095967, 226.1419866278912, 153.2429490034428, -2.0045653668502648, -16.412904022761243, 57.484365399713525, 62.4362101145145, -70.6608723753913, 104.8921526090349, 45.560665715280734, -13.164411155407084, 50.327755231943534, -6.294213644178803, 28.912206361352652, -121.24289578680708, 3.6957700920876815, -88.19670198558906, 58.64034940219107, -15.898263934272757, -26.17109842304261, -105.91696613999042, 39.56311989125944, -159.84863929037195, 5.249611743252872, -132.36990906764908, -166.56496806194008, 111.22857007780979, 132.2499980227284, -88.66956513311136, -16.341903335933278, -22.816579340843724, 32.27883598873568, -12.184223391979517, 72.1193196636813, 80.31153661509346, 16.367791141050272, -40.00052029673281, 118.0255953623821], [-7.1959907133700876, 55.66824192553461, 148.30708289239337, 49.40363125860277, -72.2539063878891, -77.45864127880755, 116.4786455320903, 35.29962096549408, -107.08932871615545, -111.24889690557994, -12.485413312996823, 15.200913180121107, 971.8988647223769, 15.871546831522757, -77.42390778340884, 55.41316419676033, -132.5464347952591, -6.4187981526916476, -10.60360292705708, 175.40089356250775, 71.57024443357838, -62.961565842728355, -82.27446008508953, -40.04496952130006, 36.98480301652201, -153.85827625331711, 30.766908828380707, -132.1536658413157, -65.95565594270168, -108.94421114571809, -41.80295331133093, -53.49380703807556, -50.925396637579695, 44.48892708611635, 63.02691429381959, 67.89740331260263, -39.205763076889745, 31.721129638327113, -57.73189060706835, 10.607855708328316, -69.68793413122687, -15.361282859048307, -94.8270026519388, 76.32895356081147, 86.65727101244293, -33.855023237138774, 10.726531664725941, 10.305620973438055, -12.06684350933798, -77.33542151128675, 91.44624463295685, 45.52478782883021, 46.88257673209482, -37.812609980571146, -58.121592670068814, -29.34997353095415, 83.43608184941313, 113.00086791686041, -60.042243134733695, -76.03625695826904, -61.98120902027443, 106.3208069704529, -54.46609742088321, 22.679103261084734, 0.9613242141020553, -30.11098181640596, 91.95356060434398, 64.94385056869328, 72.23808943172627, 93.17300857949357, -86.78996229830213, -42.62777901052144, -124.61992509520483, -3.6129320176081183, 51.528162757736254, -155.19532506693855, -11.658066920482854, -174.6335075760014, 71.80947562468023, -52.790515135808256, -68.10561709667957, -7.734671464429731, 53.78649542870124, 23.753254003053407, 24.915480053880927, -16.12762952120257, 61.91671373936936, -26.294120167929886, -51.31126793798903, -79.52138683279578, 15.463469627631433, 36.231162679312796, -2.8256991434010716, 76.44377740827899, -115.46419044945615, 38.61775133425534, 57.577677405813716, -84.6058871778356, 121.08519614428384, -132.10337407054618], [-17.270107932144793, 177.4775116065422, 2.5982169575136282, 21.79419507257625, -28.97615283695511, 37.59690470029729, -102.81388217449924, 62.80009257558015, -16.565668722052592, -85.44166958448783, -40.063210527194684, 5.875881250770067, 15.871546831522757, 766.3939862283858, -151.33804234851874, 46.200714479264164, 52.21849505775311, -11.575761847508229, 82.91085078866612, 39.25487027494675, -67.11318644323627, -5.094005107609321, -39.58995257832915, -33.31598018736911, 14.879301468444172, -28.978997057265193, -62.640219562652796, -110.25309497722637, -5.293935881168295, -19.733401144521974, 20.382852600868283, -77.57106524704047, 72.8223186098427, 101.32561493331404, 51.298350256737926, 65.39036411073283, 101.5029376389363, 32.26473165915856, -103.93464499892568, -29.341689442605098, 19.494815652400487, -72.99895392579488, 43.45480702037842, -203.4447011986808, -3.0346921719470448, -43.40534880173601, 30.521628867423477, 50.77117230448427, -68.47468020079776, -39.16352354397994, 13.744973667191418, 32.3276438480361, 19.60087204668694, 70.85865532936025, 63.75726169076942, -51.31954642131968, -73.799502533221, -17.736756209515043, -37.846310785632134, 21.618324701181148, 45.62798889915617, -9.558923516421766, -73.59133481808763, 32.02922048734014, -106.32217142093887, 48.92802561580564, 81.2406754339326, 86.11115245641984, 104.34354795670522, -91.48289405018295, -23.540768976652302, 22.253920008722684, 16.916013434970836, -103.90042087849349, 40.59895705343761, -35.417447002307824, 48.586621493022704, -140.74149001865624, -103.01874505592139, -86.69119456582742, -58.64093817862978, -187.6253744944532, -53.86299229187633, -11.449869682597656, 13.56749783659589, -56.12051036298794, -20.68590953504538, 206.42296377863363, -40.9130007673415, 74.09402193779164, -53.28768716493527, -60.477006992644306, -17.428027921107958, 115.35697618924675, -30.45713104554823, 92.43920722308685, -21.679331884283577, 67.31806408792329, 42.19766468114064, -56.53999583039585], [-30.07700534981688, 53.14649630788068, -55.997971831791524, 30.63785126861081, -96.91376867282685, 47.61451875129816, -44.73194819727274, -87.05851925352871, -7.045390518303548, -153.40846040493835, -62.571831556390045, -112.20671433398304, -77.42390778340884, -151.33804234851874, 649.8903167982415, 52.68152616368762, -83.93012367994451, -15.802853570354792, 8.80949435094348, 27.611852458397866, 167.7488685453489, -135.52147515237476, 74.02296565453697, -99.86886875055252, 73.57199840711198, 138.74811836844376, -72.06065001079098, -47.227297168128686, 48.62523548609741, -31.141285407765963, -61.756709051281554, 11.357527630216211, -41.51216042096756, 6.82188081199211, -111.5007600402574, 9.339084278793779, -5.663581576609716, 7.129376668682118, 58.7439354675365, 44.327952569630135, 0.8842694641557605, -29.137109762018625, 21.879316727187966, 103.17916328382263, 162.55274398391862, -23.57817183155712, -17.104854711226995, -80.61645656434109, -47.98777026722534, -127.586930923819, 42.06153519080692, -116.03275696851343, 30.43845227691338, -26.77354329052218, -51.6502085330465, -53.12012507346794, -31.44704056878499, -45.30773828523802, -51.27612490149488, -37.22586377725182, -78.65725336682179, 67.41860147409943, 41.87855373301462, -112.83394370013255, 104.53134523045368, -36.939833491355955, 12.584788531662998, 120.09676716747413, 7.973617532762323, -10.149682471617236, 139.52261214741995, 56.27978246082697, 5.068465866485296, 11.464878556683766, -49.74363184714659, 7.948461145494249, 24.34767128711941, 9.663752774013352, 13.829425537483328, 38.14425413491153, 58.90223848795386, 11.255609550212945, 91.89797637685281, 67.76017716691462, -41.04699312132949, 32.823489335269166, 42.52975025081622, -72.0044497363556, 16.79932899948046, 29.74466726204525, -31.198717533993598, 31.725714775502595, 109.12832748868256, 42.04027925105171, -107.3948710963894, 71.82001108825483, -17.72588032041999, -58.38688781521981, -61.16683160504724, 3.5842573467379935], [90.3146463099104, 153.64916175668384, 47.08103906045348, 64.52029243404868, -63.31641704747778, -12.29169790626694, -62.818600563085305, 84.76479107791816, 41.53527462154481, -10.893329320972981, -26.914096362220054, 96.29723153236961, 55.41316419676033, 46.200714479264164, 52.68152616368762, 791.2715026677357, -34.59266632174284, -108.31091052897575, -40.501728970697435, 118.58343467634747, -62.443352453859816, -31.670808056109532, 10.360654036703489, -224.65711491206162, 49.842040328518834, 31.047640477807573, -48.18877735189506, 21.006414605643027, -26.021215807362037, -43.109345068944094, 69.78259744635668, 25.988674427277434, 23.196580577748733, -80.207560331, -41.53026836474306, -17.632844202459946, -79.41261443052323, -102.18172493114122, -127.10349329077717, 14.684327770810002, 119.55900076941096, 44.74431414909549, 263.60439859194986, -58.35133018753233, 122.46502049527854, -25.34554208475607, 215.06264413020455, -143.11613454134144, 22.64152644984252, 3.6764442253618324, -76.18518558088789, 41.58197619718739, -124.79807350360484, 27.50616601249123, -17.218535770206845, 2.088727741134003, -59.368768933063755, 44.608292003787625, 76.62101645147474, 22.367772314771745, 28.76568132435572, 111.72684070306518, 24.240186051879373, 46.709130330370186, 57.038956767804194, -47.938020695983965, 57.53771492736734, 147.14771403195482, 81.53699359863565, -55.5004085869184, 0.28616807639281755, -125.81741197034108, -41.93680755311803, -58.76059586395633, 35.29884730511049, -16.251882150564533, -33.248120335945366, -106.93864989638752, 51.29203910394436, -0.8820760758256169, -54.197947559158365, -15.203686383649995, -69.2211827577467, -40.987743658701596, -12.766423450594472, -67.10949710137298, 51.13629786862032, -24.842123664995366, -30.491509406788175, -65.54835621766946, -47.08730737083632, 12.2354008502789, -107.27538283618318, 162.06292320238086, 13.427328536838736, -115.92642608990457, 130.8993973305561, 23.78233528027947, -72.93903231274146, 17.925611851453564], [25.7203950396143, -25.7192680038948, 23.11991427315101, 103.49314455336855, -53.755395900307, 150.5605516381016, 151.53954697815337, -0.7015449114942878, 36.04344309684679, 103.98059489549556, 55.54989396724251, 49.76858545817122, -132.5464347952591, 52.21849505775311, -83.93012367994451, -34.59266632174284, 999.4360515851454, -9.813202516817459, -84.9151135526336, 181.78518237210756, 147.16503827853168, 94.38104074510142, 29.824097923023434, 112.74996545363109, 94.19541060043804, 32.7813627007762, 40.8042540863679, 49.48031958884829, -23.243115271462376, 88.43402233454538, 20.006335587370817, -31.080094915073044, -24.632768699206405, -88.00742630804164, 91.5860162082001, -100.96826244379753, 10.910149785417461, 24.566330547890896, -145.41292175767254, -16.890169210880163, -34.701553197915985, -95.01060492974659, -6.6654368061894385, -125.49146700050413, -119.89409443440414, 41.677852704921, -41.68325093908641, -152.1699423146057, -122.97495513616099, -41.11204256502205, 17.356434103116143, -30.134658264963235, 92.84260598218617, 23.537865099763067, -97.95677290946952, -43.35743416118298, 33.43040789438858, 44.90206756783881, 61.30123635968642, -22.971691437833957, -30.698204375241215, -35.225846898005685, -72.45078976236059, 75.76821792594158, 91.43475422979674, -98.39036956679655, -15.154819307142267, -56.53519283585715, -55.32346466244374, 60.999581751531714, 216.57420797294404, 75.7186958852142, -57.979981669549176, 52.98380063105064, -9.318109298132681, -65.39368057849232, -53.79696684675935, 21.411509786142943, 50.54068791149591, -39.44622741758817, 49.20083929736885, 14.740297832645574, -154.2242678478232, -69.25130787655223, -98.50740675962669, -39.02186241526253, -62.54882204325545, 117.61895491943267, -52.07854145334192, -168.30820259473353, 28.648452750646097, 79.70038363855188, -1.7158624250796102, -75.95227895954511, -130.43653937741573, -43.9752232326205, 32.45828776029246, 3.5353051012673555, -2.346752382874094, -44.33832319166948], [-29.887913421878466, -80.38525435794166, 78.98531197480958, 41.923525073144674, 10.912997642788392, 14.889738439662654, -69.0555237583039, 67.9617106782297, -25.99466859099253, -1.643652051312673, -6.377202496802496, -33.48373302243967, -6.4187981526916476, -11.575761847508229, -15.802853570354792, -108.31091052897575, -9.813202516817459, 860.2433066256187, 30.434138735640904, 245.50205449019916, 83.68546354118261, 31.649511597120288, -11.639324989203912, 87.41341238519168, 38.10316542493882, 36.095297061615064, 51.63377535901129, -27.936121377895763, -44.71869152805133, 10.17995947097787, 37.25154652555146, -34.14983121336102, 21.5687469999153, 15.405465880390201, -47.5440977141715, 28.02754891081405, 29.65501925360497, 100.71212731633695, 69.67525258297944, -58.21060821508403, 95.61438395742617, 32.852697458507464, 125.87206132765414, 52.924225157075405, -92.690725829106, -56.82117775641329, -14.422356155492842, -52.666837362780726, 57.71473156942979, -11.328131565296076, 29.255815042691573, -185.67100112102224, 56.57594216899706, 81.67172607677254, 39.66367995521078, 34.14921631686638, -39.8631591936163, 71.52660688414899, -47.00765474319557, -51.56760410756748, 4.575614998476224, 90.85248847348696, 8.960725796894303, 30.88479926010192, -83.17048897815711, -25.34022625730686, -3.3159474026658744, -79.21987840153169, 52.716901102903385, 58.60103835696071, 0.3868984543695094, -91.89518272361924, 56.82917145626204, 20.14841499847667, -72.41018695610182, -49.83272148642265, 85.37795855144321, 114.53014867408605, -39.86399804191888, 81.6115357104662, -143.1547002802321, 2.3964806985207803, -11.646837793935285, 56.01120401311565, 13.248812588536019, 53.482870609288845, -77.60995320949958, 24.084442759470438, -32.273030180354176, 75.79596427418538, 69.33827819639738, -12.591371544714084, 102.81801112023031, -112.01148595880663, -58.38672670674107, -2.9679292091131924, 26.57572279088802, 10.908188786109893, 95.9709568977184, 61.791450414011344], [64.06202105142373, 104.27663682364656, -54.54420798160028, -19.556371024651597, 43.08589628476225, 9.170833651203719, -62.98413516338898, 33.292873863249305, -59.97813339265449, 111.70912657120884, -127.42146052717634, -55.09519201981984, -10.60360292705708, 82.91085078866612, 8.80949435094348, -40.501728970697435, -84.9151135526336, 30.434138735640904, 751.2660147066479, -61.857161938186174, -100.58785308761878, -63.67598371413022, -104.74329232892278, -131.4670674925494, 9.30467638767708, 29.423729141524653, -22.24348631217374, 67.958647331261, -40.173862548102704, 7.329698287206516, -129.7790876044025, 75.26157891227271, -10.809739875854751, -8.585459837593449, -51.06630342110689, -57.34338721063885, 6.223677759365453, -11.876102734203508, 39.50815387633765, -24.9301232764809, -22.18966140326255, -187.80026766215047, 73.01445766344439, 24.186012251703584, -79.8645189871552, 12.234235510828364, -164.07523091864948, -77.28954763403894, 40.210068915792846, 129.6607882241216, 16.46411298705475, -47.077607938403, 9.17329220731717, -80.75918832687624, -17.376633941292273, 95.4225962577733, -32.32757125000698, 29.6266084569201, 19.61703269083281, -90.44463138149463, 48.63177800593162, 94.31340499384316, -92.7278021885292, -55.793018513776744, 54.78532881634683, 36.20421431399744, -70.22180977858613, 205.88299422802186, -58.93127409150189, -26.78072367406115, 10.710827902031083, 143.66689606627952, -91.34416771786543, -99.42091897152852, 40.03786416941451, 68.55336754437002, -27.366549922345477, 0.867995875487183, -56.38606587802242, 69.2313349399307, 107.95113682366782, 11.6289735745979, -40.82436525056671, -2.2300704353416054, 3.0326783988998294, -95.1757179049257, -14.688570465827617, 109.49012262463715, 68.32218370929805, 94.99160759103293, -8.969141147950758, 28.544153318496154, 40.95397742991408, 12.49792808485685, 121.25954045740362, -20.20939567201663, -53.693483702628434, 60.165391872836075, 78.82994886699737, -36.65817761204945], [-69.12503746200484, -14.169836205299749, -62.21905526071509, 34.53662378301233, -47.81667914327532, 21.77362818319057, 50.47571958039716, -71.75386327406383, -32.5432188015472, 66.20710863270932, -128.23472482151587, -53.421280560125126, 175.40089356250775, 39.25487027494675, 27.611852458397866, 118.58343467634747, 181.78518237210756, 245.50205449019916, -61.857161938186174, 998.6808910434138, 59.155237998742436, 6.57477132604208, -71.74822880047574, -60.506254976870515, 41.76678595917533, 34.151626737037176, -38.86858536822982, 18.463082022308786, -124.72104060024962, -143.28056738614418, -68.56814478828582, -91.60403758992527, -26.53311746273856, -25.28982895809298, -8.584066473817355, 7.803777710662216, 7.004793770278103, 14.124935494431861, -25.606747956242753, 64.16703284046775, -64.73870402745382, 115.38920325963616, -35.144615368192355, -26.08224023528652, 0.606642593462091, 0.08717690369110061, -63.514928928373536, -14.108491232970184, -60.63438209921186, -14.390745717865274, 181.87217784352646, 153.75259680628386, 21.900145082664555, 50.91438904790991, 42.90118509939136, -149.39487562069004, -18.434597374587973, -44.48254703068489, -19.279982368748378, 96.14094114477992, -75.4450402847992, 5.239243539941842, 51.98208806499285, 25.106456856489025, 13.221960787876016, 54.01722811283037, 118.35890755675088, 42.877873892298055, 217.4651870226252, 77.23955899578529, -0.0013267572212717288, -5.67444687153574, -88.71865131581728, 70.65198483612464, -98.42416771276694, 194.85689737427444, -25.68068856610691, 117.91258386210494, -89.12426875552522, 47.77911167921844, -16.551487580725073, 159.81644887813448, -67.9431392924393, 12.382142446789326, 43.56778242588318, 29.567694047064737, 109.9675092024843, 68.4479850454417, -150.83975795697455, -3.6908338748065366, -36.647375222075226, 56.59020556096544, 14.947703974469912, -32.37261251400697, -69.17281716778912, 61.24381454905961, 128.62837168659175, 10.717352954520045, 39.91029158632719, -85.26722640681825], [-67.99138113100462, 67.8543841541508, 81.9831893539731, 140.28361989524896, -52.90885601288378, 53.46592410572107, -95.42353020791215, 96.49512852091547, 52.764833959132645, -110.43001144328403, -34.02876179952941, -7.0801238968100995, 71.57024443357838, -67.11318644323627, 167.7488685453489, -62.4433524