{"N": 100, "M": 5, "A": [[[820.5172657123252, 132.24473604210445, -54.638793196409694, 38.86431137986916, 40.23722314965845, -34.61726180582291, 0.004207968604508777, 96.22937840801283, 150.89600596271836, 103.2579436869513, 31.597634653934083, -19.529478274528913, 62.93459755764962, 37.4712790828001, 102.33148798276501, -108.31350505982395, 25.082438460530824, 164.57354745395597, -67.37374562475999, 35.81819834909336, -1.1624502791254405, -28.220511978630707, 19.380899404029005, -67.12394188814632, 84.45060374074366, 40.014315300505814, -51.42080493838247, -12.100267942861544, -117.31166294435604, 63.10502614970543, 16.524234586024928, -0.20690666438039337, -67.93156860969563, 62.611621313573565, -22.29788551658607, 14.470667667094832, 45.94841475187702, -181.77466353014813, 78.22519602837832, 66.26678005514079, 106.46244809377892, -2.0828885236863672, -1.0395569786414016, -94.1142977487329, 46.07296218073532, -103.57671619567788, 2.912842872071852, 33.76260920162665, 63.690959089256346, 31.823680938284397, 14.638166404871539, 48.23862887350494, 3.1910465966863333, 18.42746974910619, -51.864522423254094, 8.744192677683108, 37.68855803748204, 39.73110573656597, 44.645391016841494, 138.74126473702484, 77.36410393246118, 126.69352565889257, 78.82674397653385, 39.190733102649254, 148.9378803730637, -27.23001595746683, 128.15494348918722, 99.03828641137738, 108.93658567219674, 6.551539108688266, 33.343000407005356, -72.50997623550639, 49.88237151135578, -55.33886993408981, 41.86891821641746, -79.064586784291, 40.0488774251875, -136.59897689419373, 47.682229244803075, 52.537527133701936, -33.65329679993969, -7.198483424572085, -57.83969345549567, 6.376471918251076, -7.208343295548067, -43.7856913130921, -27.455458253847862, 11.950613870065185, -14.972689720173749, 79.01131214664113, 83.01797528868666, 47.21523401384318, 86.68895344550353, -35.442881476661874, -21.623547297642514, -45.7984955861542, 124.56172502617746, -3.784300240305123, -0.11264133723705322, -21.081891254432502], [132.24473604210445, 627.4522069493114, -53.93919932342169, 88.1863340377962, 28.824339646369634, -77.30167271486059, 5.285553637943552, 17.077598426460675, 7.397682548707482, 0.10375151238974094, 88.77139389130868, 15.429176814399597, 52.591868162318114, -92.76829756822855, -77.02382698547282, -10.411640559765646, 30.872993656793106, 72.09977618701481, 54.52315092998582, 47.2950024780981, -7.954527748227537, -20.324595203381783, -6.969125398851091, -59.10936427997488, -54.68952045645951, 140.21461290146232, 7.659213153482372, 53.2053203183494, 14.601522718036517, 155.09018559905672, -76.6882560810784, -52.46973552387016, 0.625200131545312, -46.10816167111528, 25.64157967859244, 80.1986480287194, -57.48519308394926, -38.36106679831202, 95.27949519480121, -18.363127323957595, 45.12378241081309, 2.4965740930979656, -19.18385481683507, 69.45170934251983, 35.284368982359176, -21.844329410738947, 11.103410823175022, 9.211706343457495, 41.48983408453674, 102.82876895509048, -37.715619584962056, -2.5226155019914214, 42.0680218245166, -59.209762618717576, 24.06522186580544, -73.81754211675802, -39.79719696654438, -91.37978430356803, 93.397953123507, 7.2635831507145046, 150.04284821018095, -45.2969988210131, 56.84407737010939, -0.3304581101667, 40.82242080067239, -18.141092566007195, -52.12110205913638, 85.57200082638474, 48.9028089348512, -38.981952517909484, -17.652790375409854, 66.54186778477323, 103.04726998254154, -20.090646934046866, -12.354159333268884, 27.981905275269177, 40.322383967387196, 108.49712046498048, 73.02488193531777, 110.29379575822848, -70.19432814061136, 6.076223095528218, -2.91324202811105, -42.398252813109906, 19.553731835902845, 79.78449922442927, -26.546563197733487, -115.25993780001457, 18.980041988700926, -75.78669764877569, -27.789201031375285, 6.4915862121394605, 132.44127907382995, 33.38572355548997, 46.12371658786016, -71.30306114278926, 53.20347562886432, 102.43715435260711, 73.92338898642761, 36.771951577327386], [-54.638793196409694, -53.93919932342169, 759.6797984719617, 37.070885509808654, -98.6665262145013, 1.1397565055255205, 64.06843266972768, -3.0378383021236575, -29.553876226967656, -136.6859752447951, -19.325907920746985, -28.02237889449459, -5.06175623565209, -91.42350389919403, 153.3207066778861, -50.04723912816386, -36.55293764418461, -24.4141334385851, 76.46147785238283, 7.028099423443366, 7.076239829636215, 90.72116655884554, 5.3816836010592795, 83.53173983428171, 23.87274977429024, -121.12091926230589, 42.65761954964738, -157.97899735792538, -0.23943224915122654, -13.777422506193618, 72.03239191497438, 25.955363135558766, 1.3608190130458764, 48.22240698407025, -52.523701574788234, 15.500601858811484, 162.54687065690825, 92.8530775601884, -66.17651733545449, -4.1829782644238005, -23.274026417620373, -20.41964076730694, -15.971190956950107, 2.647318977607199, 137.71354517137357, 95.37626749387826, -57.62155488960224, -63.75163400477427, -71.17744880340494, -91.39176527840634, -10.584269926221, 99.33706642054071, 16.984773116219724, -45.7214714500191, 4.169687075880943, -123.96756782490084, -23.371216651029023, -35.11477271221495, 70.39031260280386, 63.01106949299733, 27.69784388357392, 110.07029060446877, 50.31421745816873, -30.906914522753357, -47.418069732172405, -25.79800441723614, -6.036086110073265, 17.550823116004853, 11.42457302581843, 74.46284215082991, 9.897113442729298, -64.4546333730991, 5.570055933198998, -19.49941442198797, -13.107002601381256, 12.452758353171431, -124.57986444604474, 99.40334624224359, -6.86907723146449, -79.62668252067327, 112.09829067693597, 146.17633362297352, 18.66146087543774, 87.87025824689024, 46.866057305146136, -27.33031875785029, -8.764395482114104, 0.820962634158063, 90.99980519911053, 102.80030184062512, 23.988923167056676, 23.918061494543604, -16.952161687748678, -22.788206898900565, 93.87806907787488, -62.17913034708994, -108.46444228024947, -17.221820738799146, 88.45753752175544, 60.96516946999808], [38.86431137986916, 88.1863340377962, 37.070885509808654, 673.5709131983651, -106.71872297756298, -41.03307756924984, 148.41519149750349, 14.62999303293202, 115.64312324380165, 8.754544157990649, -44.91006091572473, 64.83126940500586, -91.57563913594966, -32.90784772861642, -29.17113873307055, 95.69950614824613, -7.824945524702324, 31.647723022206048, -59.28411125127281, 65.18494556281809, 51.47263076014921, -40.783803219910006, 9.786022519946233, -116.99011610675291, 25.88286048192776, -21.713749920412134, 74.09041481575049, -28.23152477937374, -58.53846310525202, 64.38643470447138, 67.0286604363903, 0.6489791899190835, -33.96132963599263, -5.828299903560544, 109.52751179057624, 68.43939187276119, 98.78881031094205, 83.52520867994433, 7.0795778928571975, 55.33643475784312, 34.00669882204163, -22.00833667670984, -28.755411505546082, 56.29576332992676, 35.85656921077825, -28.70884788387657, 15.76564757907033, 96.85894722487677, 9.534096092395979, -50.70726274534824, -89.89585119273781, -66.6732544867765, -76.87530358527917, -78.20691872505958, -136.51841232952856, -64.5002529614341, 24.121771560834404, 13.024305234280167, 14.820796471640858, 29.59558662499006, -31.856685928996328, 58.0954971540151, 4.668476109764029, -63.76917870730218, -24.64552329624092, -5.362881865266503, 3.347845475143803, -77.78936763727366, -42.56877048015153, 31.595078905911624, 164.03305809366645, -17.1411543986077, -113.34119972966364, 29.77817523135523, 14.39192867602512, 76.79533914962181, 27.968968657710324, 5.349248330445176, 6.903330605573415, 105.48720249265978, -84.17320510468292, -41.61714726361616, -26.10526947400616, 25.805857885587166, 45.330868724930106, 84.80506911716853, 26.098168400421155, -16.817452184113737, -40.635280991546544, 70.74656402478092, 51.464953221635156, -84.24395129954947, 10.182896835498758, -44.87641977497578, 118.77176165100585, -133.66998334808164, -12.788195237738575, 13.301183222636935, 29.014922942847477, -65.89305812584337], [40.23722314965845, 28.824339646369634, -98.6665262145013, -106.71872297756298, 802.843019683059, -84.53619485124496, 13.028261386265784, -8.848964707435588, -26.39788184453485, -103.69437797392511, 3.940191925547431, -70.97328288360742, -49.200699677130416, 11.413952942072578, -16.0879504202715, -58.41235906584628, 77.47959292734532, -1.0634000476474186, 35.08927205296284, 126.5006396324513, 33.95550918595034, 16.140078882192757, -51.657474333467505, 69.1841623925661, 152.1494539364505, 38.069612644680404, -8.142769049240243, 11.710353452509224, -46.065784263745996, 1.9828800780052316, -54.477165573594256, -60.16844689379033, -5.3847922071196335, 84.69551565793662, 10.13993159269395, -80.63962165496697, 153.58969755298932, 28.425227187159255, 103.07373899280175, -257.1808442630119, 56.21180584982954, 47.55073929430915, 36.522765619951514, 59.21936084085721, 81.85727675882517, 29.64830920750728, 103.18443339699911, -49.50802327854531, 16.890908615257537, 42.01967622200885, 149.2919257539565, 32.43883508731387, -0.8562229367529655, 6.3077136116819625, -44.41359548954927, 92.03312281599781, 35.21265397198183, 55.30241123130142, -54.77740494059386, 78.53657146069952, 50.22495019916644, 45.07407454400184, -15.390767565651968, -51.114929236168656, 35.47371826375015, -103.59266677372533, 104.90191978113342, 6.254787568887632, 81.297347290351, 25.191996488596658, -22.299392992513408, 28.936655492931862, 88.95980378810258, -16.838250731242823, 11.795845427513001, -38.651386838892, -25.552450313151894, 3.7609793858812672, 140.21181705417055, 18.651399580477985, -70.67439018996866, 19.7117434855115, -4.319464482093255, 46.72739620124293, -109.79905526974046, -36.28946799049304, 4.34880725562572, 22.87873528804416, -111.11523503905688, -79.11652321012909, 111.94792869183144, 94.04921413562522, 117.06152004868744, 8.603984944345685, -77.50189592225522, 22.74723297945761, 42.26094138526588, -37.223239353490406, -100.24742101814941, -84.03098644833595], [-34.61726180582291, -77.30167271486059, 1.1397565055255205, -41.03307756924984, -84.53619485124496, 930.2564194200945, -17.346076205519324, -5.3255100023618365, -40.92580881894186, 54.55252534932126, 51.60383401336336, 5.950593478910978, 16.02928699417614, 41.112706141392216, 8.453412030744673, -16.679061582135663, 90.43652789182903, -44.899815863066124, 6.613418826237306, 97.39248504193017, 109.35916651022202, 71.38660754976405, -112.80634523987173, -63.35658972433903, 34.709761483386366, -93.5269402343259, -15.377918298434853, -97.18321751111766, -28.303256190238354, 69.92596280310548, 15.939376081121607, 42.99208010359518, 31.15255814681785, 54.98595757495229, 1.8289226321742476, -28.407936117459418, 54.47763558928022, 0.6919740534090543, 19.17556916249945, -8.868357534510174, 10.788325760725806, 18.27091932123722, 48.8835499647536, -172.88868352188774, -106.65584177831708, -43.26875239586861, 2.253825958970374, 13.703461729864209, -64.79245334242357, -99.20932494587554, -141.05009958658718, 38.90015956139841, 9.65886442768789, 95.62000576752502, 5.332145016702458, 5.923404165198372, -34.143097869269845, -48.15713082295567, 27.28105475228916, 40.652873255014974, 71.7309035689885, 16.834813805314933, -4.781629017021825, -14.171112456623552, -14.233867317289151, -92.84798908183359, -36.620895872538966, -51.90990153092144, 21.0200409768324, -80.73051905109747, -6.433584883571353, 92.69040415821203, -25.902308037583897, 73.57072728006052, -21.593703108682735, -14.141778327671865, 59.45165094928512, -116.46383373723985, 29.143269230755195, -18.664723949607964, 72.8381286686691, 29.735853101388642, 29.974151528078327, -47.90284497674449, 4.790722833077967, 32.954297336036, 194.84053961670423, 98.15775457611593, 89.51920878942988, -17.862686278161014, -36.050830758256566, 21.777578085325143, -56.59964506826758, -3.6497604777181687, -30.016898727754207, -27.440888339725028, -27.153111590716524, 25.401438708646193, 135.36300981896065, 18.199162710709462], [0.004207968604508777, 5.285553637943552, 64.06843266972768, 148.41519149750349, 13.028261386265784, -17.346076205519324, 723.8413946120312, -56.46010870918129, 59.18231611676252, 98.43902402577085, 71.14531458211457, 59.37963215481873, 33.65664623711211, -76.2160998743001, 29.34139583994671, -12.20618732473255, 25.68492509690406, 55.652730949360375, -18.803389883966204, -19.13383145773382, 8.9182021027833, 37.16780854311069, 7.658719505059968, -31.971281302862014, 24.79234516933839, 113.72551469448972, 49.632278953298524, -48.22153400178808, 94.49355390865273, 52.481780651315276, 81.21265342146141, -7.597196576179471, -1.0413497534782854, 0.10592347386148925, -14.326120749342012, -113.35635352447336, 5.921833205563523, 30.777660284810644, -60.61827241429565, 18.04340945990459, -86.25852570124735, 102.38934100416412, 99.61310283330937, 51.45959617275271, -62.93530615942894, -14.768656660551065, -31.454509856350878, 29.570798579656095, -51.94654767134325, 22.36362123670111, -61.10010162015055, -51.03143596899585, 41.02335594164131, -52.04371392222842, -59.97888850483798, -29.500848843839332, 68.76979118318565, -21.80514465699814, -63.03286503730699, -119.11379419921684, 147.79056110567342, -7.466361709047734, 1.0535765298990714, -26.44807059556515, 100.70431413923836, 7.099382078831706, -8.700611326371959, -1.503453422316347, 96.59336079608018, 112.28116974730092, -64.53793252786087, 61.1864756615897, -63.80938847698916, -18.26431040026331, 5.468172905267559, 60.815411655895744, 10.43243128001449, 101.80563457546005, 0.02922033844676132, -3.9784728125732345, -21.85066019535968, -10.832099621411349, 3.524978313459932, -77.06523990760691, 1.0473478606363105, -42.16214067634739, 23.801478272651565, 87.55525499350338, -34.470996762922134, 59.33834291995596, -18.318912231946516, -16.469924307645257, 53.85236900134656, -12.814694501683364, 173.39707659667567, -72.29659551046004, 95.27058155165213, -53.976732349120404, 41.41608213314371, 6.41185634086315], [96.22937840801283, 17.077598426460675, -3.0378383021236575, 14.62999303293202, -8.848964707435588, -5.3255100023618365, -56.46010870918129, 1033.2794015662869, -11.86392538679739, 32.254458550403925, -64.91824259745759, 63.85004018121924, 27.121366474390683, 6.707373016487918, -44.735279377276015, -26.91113564749969, -80.13351585927582, 56.20772971184372, 138.24103860574655, 54.38814872979159, 203.25804157980244, 64.47341299769128, 103.66437926323964, -0.8679324992482356, 32.6473739380776, -76.76877427007472, -80.47634875456843, -164.68340715339852, -129.63185067411814, -53.02188617857044, -77.61187634771645, 137.15017340602688, -129.42779133007693, -108.4557017262255, -72.4921437723364, -6.155183222371879, -3.8729354474472757, 55.31728198437584, 80.11868889178288, -74.6624980250931, 55.2266850264451, 9.09560382456149, -34.49874470188023, -12.9241015783785, 47.015437081993994, 90.51838879214357, 25.834826001623995, 40.41605304764413, 134.92443237600273, -128.53621134419666, 3.8034747405441123, 34.52292600159439, 56.202530746493515, 2.7777506744526304, -123.83889539855986, -48.179051270819826, 106.89178672792315, -22.160366338049187, -74.75492870052743, 102.14835661336012, -13.815787083872346, 28.540331241759716, 18.625618146011007, 87.35329413516068, 92.9476077901886, 78.43640700479007, 58.10762829654046, 60.115087915211916, -128.76254469079427, -125.11890610788271, 108.45301420053597, -49.18477476561179, -36.407346697970645, 60.010650194307225, -46.79403373137023, 66.05366488479218, 13.211625797490527, 30.77332308166623, -87.64692779546687, -128.08352469106447, 15.420640995794372, -1.284073460426874, 137.0773918793361, 18.64420227319152, 6.290467960912097, 50.90770970397182, -63.40715920047234, -25.788086055423015, 64.08023369853714, 16.34899648919825, -184.54737197485827, -73.57206859673644, -47.330773194374466, 78.75420996887378, -95.28331140444259, -62.156065099675, 103.13154051266679, 63.64244828731742, -120.09999209903891, 62.28584632632037], [150.89600596271836, 7.397682548707482, -29.553876226967656, 115.64312324380165, -26.39788184453485, -40.92580881894186, 59.18231611676252, -11.86392538679739, 670.7159259907228, 92.86622043389747, 69.50146712203413, -37.15707388807565, 88.63856580833152, 28.683617923106283, -37.687862905082504, 104.88718956750485, -17.86013199991397, -27.38334131283087, 3.626972255089411, 17.515784272029503, -24.766164880688205, -39.209080292835026, 143.1055234748805, 11.666376641051082, 23.37707936311179, -31.45642671940422, 34.159311051430805, 27.490908793229515, -46.88798248434717, 33.85420244078225, 9.533907633386708, 71.30589079676636, -23.608202687875878, 6.238544001516187, -48.53275010372218, 67.02036570044133, 4.424131511771463, 40.732142652198874, -48.88242149015179, 4.413815716008314, 73.7154343139156, -77.90346415678486, 21.02211123155915, 50.283694917130724, 12.772028404190317, -62.436500568578325, -37.091021454996415, -14.491322760081228, 21.353238835916255, 30.886116566813083, -112.10526539691395, -114.43676009935375, -108.61279568187932, -167.33353359576626, 78.90695247541977, 32.65542481919039, 74.55657974066084, -10.055529768848482, -91.49981433405404, -83.81401108228657, -60.34499573453785, -36.05504530439337, -61.27517348185542, -79.79668094244187, 4.037342420793489, 11.88643236460537, 34.29601824054781, -32.71851475410411, 95.98285246620559, -32.665863766403604, 47.92618846368811, 13.29821409605698, -23.764190892984466, -61.50231717855416, -4.194877028368878, -41.633723123710155, -72.02353872801946, -37.674676262061645, 12.99192447981749, 29.366622083100957, -51.791443870089445, 26.705150350475307, 59.90733587853463, 60.4032891757772, 36.502804722178205, -30.2343768510988, 4.355166709071206, 26.672035060951256, 15.719357779338264, 12.461441077189013, -129.4134322226332, -101.3469628489317, -40.36303558599369, 4.787241915922304, 68.58424405673698, -150.7562201419519, -25.47126952729667, -74.7576283996843, 63.0793907900593, 26.80562180994037], [103.2579436869513, 0.10375151238974094, -136.6859752447951, 8.754544157990649, -103.69437797392511, 54.55252534932126, 98.43902402577085, 32.254458550403925, 92.86622043389747, 839.7683926410174, 9.018881849710494, 71.2330694484452, 92.90605697286232, 3.42372629697928, -14.675560362007484, 124.20589746590055, 6.796774600037085, 27.775228949743973, 33.91163156726378, -29.489249439583958, -59.09762803448712, -67.54959559525346, 78.35814443834032, -22.87684927218981, -37.16907322671572, 31.544169668226306, -66.08203149605593, 1.707522850270552, 28.429069382827688, 55.94887790784514, -48.42949422637782, -47.752910372777436, -17.043020111632217, 41.246218694199115, -4.501168203041477, -131.62154099778294, -30.83357300421928, 31.256910501178968, 45.90533019393531, 123.95892993883125, -67.3411665674678, 64.47863826328107, 67.60707563602547, 81.2286942389309, -72.93355278469028, -134.029403254848, -71.37489870335872, 53.0393429551831, 43.652491875852355, -74.22227543178423, -73.91569827946894, 30.298184071715543, -149.3727348442431, -80.14149629676905, -48.65672818611346, 47.06317416813682, 25.996140777487952, 11.059506853489156, 8.171104395184813, -95.22744024325462, 111.49491413854048, 131.76294972772573, 55.473736944616554, 4.705964501439901, 208.44431203249124, 126.04438439700516, 7.495020188151325, -79.38107733700286, -86.36198371419998, 101.41221021587778, 53.04160158685503, -68.94934608510442, -117.96240314683443, 85.75622414946315, -21.362955668657087, -6.890235678943196, 52.92739585276828, -3.0088566170793096, 55.36974500878023, 56.76364726027394, 6.781056155631067, 11.983635296201495, 45.434079493449666, 25.90925771966783, 20.39176965294825, -88.57027953126425, -20.321338722220638, 95.99281198662077, 135.92122657637648, 83.77998440365455, -145.0890603404563, -49.62862925600801, -96.5679861122184, -35.41089319484312, -72.62623831798943, -60.76242334055131, 104.35481258117503, -125.6638894006687, -16.17492879393745, -110.41047796145295], [31.597634653934083, 88.77139389130868, -19.325907920746985, -44.91006091572473, 3.940191925547431, 51.60383401336336, 71.14531458211457, -64.91824259745759, 69.50146712203413, 9.018881849710494, 889.109956913606, 19.831857267147804, -6.385361288961586, -104.88108036573563, -49.29581340282319, -71.93669723964766, 11.580725499894278, -15.868635289408989, 3.151335842433505, 35.389408377599835, -159.15207374893092, -39.227086647039506, 14.186853014614947, -127.71305993070811, -86.15021174583593, 149.42456561082437, -105.72474433710985, 24.71302252021978, -46.21510196689508, -33.42540427178975, -87.07220895198638, 122.94176778246683, 23.564769490908397, 13.94134630401114, -109.50618053835495, 88.33752759210344, -12.56542145426964, 25.561669824768664, -19.82534534188572, -48.06552124884462, -50.94680569525611, -95.69868425423043, -94.63010541996006, 49.79883716569162, 72.30412174987649, -19.662645690025183, 19.905228345037575, 101.08265457483866, 1.6366412616337107, -6.333209781673899, -51.22889080002013, 84.34423395013499, 12.002843534701046, -77.22789235743834, 30.472762757339545, -107.79563056255859, 38.40368561377974, -142.23213863098763, 83.81229669917181, -3.7884984963638493, -0.3943149987538707, -73.90659465133267, -8.361937766753277, -22.235795448968304, -19.871367462615858, -65.4250560019766, 1.6337947147300023, 41.87345504992259, 50.72860222665961, 97.43967275929313, -132.87271748752693, 19.742073741467298, 114.4503705020715, 62.30068022958273, -2.504545769465735, -6.670352489578262, -65.38622382619833, -76.55273600001038, 54.97481972691859, -98.86376902931316, -14.722323520094262, 30.68023961155795, -15.002658033408158, -149.19895049187167, -55.10212290317983, -91.59804190584151, -155.72371925066923, -90.11529311515324, -118.66770856393997, 0.8562724926113027, -85.34084136525158, -50.49220596978819, -93.32267680255478, -105.80784474590256, 56.37461169763, 3.9454993859391894, 102.82212249201726, -142.440469901944, -71.97261043332158, -132.43409117373574], [-19.529478274528913, 15.429176814399597, -28.02237889449459, 64.83126940500586, -70.97328288360742, 5.950593478910978, 59.37963215481873, 63.85004018121924, -37.15707388807565, 71.2330694484452, 19.831857267147804, 829.0891174918902, -20.97498965283901, 77.21371411618713, -161.08050198114088, 82.24869327280405, 209.7123410466696, -14.794447863121562, 8.399236899863746, -69.0013341676537, 15.555330377317638, 88.74775346342236, 43.18076566205971, 11.313473145350038, -50.556466176617484, -70.02917671968687, -73.40575998355604, -5.011439242241885, 33.788298529384505, 116.1711374527112, -40.5641025385125, -59.95440799614724, 39.18812214145, -44.95780274814062, 7.369519516499937, 7.741235299272292, 70.08625162201086, -1.2792624852252068, -110.11552083718648, 125.10530269620988, 113.20315049834498, 1.1845185466878099, -84.75155096301258, -5.799634658858403, -173.40824991088581, -83.91362745246445, -37.70912849488403, 91.3631384705598, 19.411417074425884, 46.28268863337646, 78.51210047087322, -39.05058059837524, -59.20368082150166, -37.24668867838871, -29.189907206933764, 109.24322566427634, 42.33830967451701, -21.221410383199164, 56.83377473250544, -25.03331271448663, 58.061793214835774, 24.861538008363784, 32.1044694116822, 56.974635335793494, -52.44710100693867, 85.77922846230115, 35.640033604241346, 21.003589505230877, 14.177717540496786, 106.92576074551651, 126.59335245139077, -98.58968241970547, -135.95001302273306, 12.03921877535147, -103.7600243111179, -35.2211189833258, 70.73677680131709, 104.30120491327676, 58.42886036334096, 82.29238543192297, -25.806974969357324, -4.463186141812195, 15.318239902469491, -43.1809480987689, -102.08466027112009, -124.14147759278804, 6.3473911595783825, 33.517225289522344, 117.20464986304762, 76.29045758420503, 111.70302619153237, 11.680343789133762, -94.99592043905044, 26.059539389058823, 95.92909784039176, 48.72541703834513, 99.30607110838791, 66.01146964838755, -67.25526180471512, -6.301067319540351], [62.93459755764962, 52.591868162318114, -5.06175623565209, -91.57563913594966, -49.200699677130416, 16.02928699417614, 33.65664623711211, 27.121366474390683, 88.63856580833152, 92.90605697286232, -6.385361288961586, -20.97498965283901, 900.6575164432398, -108.18620156874192, 97.91211483904216, -99.61841591154545, 39.74533321544848, -4.618916342331729, 45.33405025598155, -117.32846439963598, -113.34746972109751, -21.512851220581673, -41.94010503942941, -47.57775230762727, -2.993265544516984, 53.82472154964897, 105.36012671226608, 145.9570946055296, -56.63350819153318, -73.26615525141156, -35.20039096606781, -42.28008834417964, -134.52907296851848, -21.158112751183253, -14.072937309235973, -34.01007226382089, -0.94118854248831, -184.43678079872902, -2.078238912318334, 207.12457074358338, 44.291924253356534, -107.89853170367795, 21.404266584759743, -84.79333496665376, 103.31542418819933, -38.99373920150071, -106.953599381136, -42.517658281072485, 95.30112436735975, 0.9819460207477453, -48.54475133953417, -34.61490557482848, -109.38262406617224, 44.7824094797323, 45.65319589828098, 26.120790191128282, -13.498180674231957, 99.8304337924173, 58.57137969313531, 15.431466423770969, 64.42937436594815, -131.8810861360636, 32.35093989291258, -86.29201380382801, 3.494244103350723, 53.70207127810052, 30.067235273261396, -85.39110433914834, -106.63556166298243, -56.773644494645794, 33.95097411493421, 33.192967346906336, -45.449021763749734, -5.941805086315494, -23.57015180429067, -7.717082246344913, -35.21844277381336, -7.380768202666461, 86.18708671936193, -64.17384544270834, -86.09183142790603, 34.520622940825014, 22.203673353212103, -95.7430858831957, -8.780346637671276, -114.99550659727362, -120.04372186981882, 7.604273621409911, 37.084220206557696, -34.61515490452125, -24.463114972897, 15.46331601378901, -11.243161353391846, -57.057770558103535, -76.28950840877283, 46.94022370226638, -45.58864347896836, 74.35850881641137, 57.798994225228135, 103.57559132894914], [37.4712790828001, -92.76829756822855, -91.42350389919403, -32.90784772861642, 11.413952942072578, 41.112706141392216, -76.2160998743001, 6.707373016487918, 28.683617923106283, 3.42372629697928, -104.88108036573563, 77.21371411618713, -108.18620156874192, 785.2516040803503, -54.62733372012456, 83.71911163755767, 106.88710378657008, -2.1379641451168645, 1.0110523152089772, -68.34866372413286, 91.53101766690767, -64.59999791747191, 17.2814714651982, -89.33988923833354, -70.44799539532593, -41.35551896184232, 93.26605094059876, 121.44704239769845, 10.839923582268991, -28.06951801681681, 105.20858296791208, -11.585182414553278, 59.5208169752383, 6.1600002079155, 50.1696536608777, 37.890569983140324, -41.09113551017768, -99.19402868251186, -11.728878790222714, -13.384083989172689, -54.919293999285756, -2.185279415976834, -112.76638574542815, -32.540246425882714, -19.455455024844873, -24.199344551900797, 81.39703295298989, -31.227849314718437, -85.79972522776252, -25.983804687075732, -108.49792690165616, 14.789851956610663, 45.55591120853563, 51.179824293538665, -54.78065486961342, 177.73615685170404, -43.71259334726871, 20.032355578197, -2.456692051537486, -16.909171145191632, -95.85767070689009, 22.13314141425867, -31.354350293221085, -7.1343601584775564, -23.39139291295032, 17.968007687074632, 17.353489190624686, -31.925047426761648, 24.42417778985399, 70.6984539971542, 29.888446845201862, 67.77386998965568, -37.40925317564664, 64.79477749290143, 53.97389283897171, -29.719656167450292, 47.96214638113151, -65.69036696854697, -80.9744557226854, 42.3081858382848, -66.09546583032049, -15.186489846577839, -30.69868187666709, 38.788053046224974, -58.71374642870465, 120.60725067566156, 3.205427294251699, -134.01753658267185, 142.56464707691183, -19.557608554027208, 98.20894549919464, -9.381043750338371, -0.012335507793550787, -18.577464501002243, -41.45351295539282, 134.0481370680389, 55.93069523888882, 29.51249168987378, -86.10616000357481, 25.07047768774689], [102.33148798276501, -77.02382698547282, 153.3207066778861, -29.17113873307055, -16.0879504202715, 8.453412030744673, 29.34139583994671, -44.735279377276015, -37.687862905082504, -14.675560362007484, -49.29581340282319, -161.08050198114088, 97.91211483904216, -54.62733372012456, 798.6676804727857, -30.492989828567126, -6.3656309409049365, 55.723828174214056, -139.2866573425934, -128.78612694739354, 22.95769567270331, 72.91149244938087, -145.06311544582266, 25.20183244685425, -23.634102758382433, 30.96735363994718, -16.88299510226478, 153.119753905899, -16.636000380539993, 123.9120301444171, -60.068479938440085, 24.675558821922042, 54.06914888611763, 150.63197198804667, -112.39430300389922, 73.72066391825054, -68.73381139110413, -30.69081795964969, -158.250052868668, 24.031943145352777, 5.9929519602991475, -51.33142811582271, 14.761680164734837, -87.43673163137298, -10.965685369584826, -69.15272514182209, -63.41071138129737, -44.01362660244645, 36.144991542231644, -32.332870006065725, 170.8453979401323, 146.98666332297267, 5.404063903853336, -19.447836550799412, 31.043090347382105, -53.53348096858919, 115.17983526557141, 58.4374498467886, -22.804098493087892, 67.48301706623145, 97.669549101072, -47.7751622074385, 49.5215525628191, 37.91578900285542, 10.083553013119035, -43.892495327035775, 94.08075965563245, -29.245375459334355, 9.724477273970185, 1.5377313159042643, 84.54465050087094, 89.71215321133347, -9.627225889090822, 62.49936059492882, 49.26385240283756, -74.23463271998848, -35.95942720676516, -38.1336071855304, 76.88894609275387, 66.76765125551795, -47.57928156930609, 81.41883473976739, -129.6630902996817, 66.87780835162036, 155.78661517932787, 160.60698806885048, 98.42844422463028, 36.64995476452805, -24.5545261236727, -16.81508024876649, -17.938294654956408, 34.97836922279547, -6.2188139527731865, 6.307143325356067, 70.90769120453864, 18.781409187818376, 24.54708945939573, 57.11776703132559, 14.315372224061775, -19.3044777947829], [-108.31350505982395, -10.411640559765646, -50.04723912816386, 95.69950614824613, -58.41235906584628, -16.679061582135663, -12.20618732473255, -26.91113564749969, 104.88718956750485, 124.20589746590055, -71.93669723964766, 82.24869327280405, -99.61841591154545, 83.71911163755767, -30.492989828567126, 935.3758431467052, -32.35231158274929, -51.20622621568488, 58.681119335974515, 19.19169024580272, 78.11536083113162, 193.6739640257505, 74.38843710229173, -55.972842776109516, -29.148016166041415, -52.81797185510421, -91.29397382263186, 53.61375760629258, 2.673298409796054, 3.545441179908745, -43.342645226894426, 141.5781719255662, -68.0128885436569, 43.87784067370003, 182.49657944770053, -13.177403392421427, 70.85014917546448, 36.34033901487497, -49.11973355873188, 83.0923385937211, -73.65204834684725, -37.4534412979832, -96.11922383713355, 34.362085762658864, -135.55815108863987, -26.477258517420932, -111.07753150494588, -16.731096500667142, 20.585653067172633, 49.71524723429296, 67.6061508536041, -94.79095034631105, -38.61349551003883, -14.727700563441452, 24.749469500619327, 69.0830068436003, -18.498776783785043, 89.78996665186243, -49.3297323959637, 32.61197394936132, -21.33070697082259, 45.314697803037845, 35.24185286988739, 100.39531774790736, -90.15878576476855, 48.78540242588229, -39.5370921432763, -120.2848332856529, 89.55932308633852, -47.92629209215887, 106.78440213928354, 10.150441000166508, -9.72529173032861, -6.957350948854798, -26.69300750798741, 6.4380620059073, 89.5343589219395, -8.191203630346712, -43.07210006720812, 210.9320983514204, 70.33399680334423, 7.072011478650846, 167.83574484646164, 5.0450971704002665, 30.0511077673267, -61.06602341777094, 14.453258571589046, -40.13251589807686, -13.976614788510767, -95.22660589209846, -39.213905154253354, -67.80997747287148, 43.179042304978594, -0.8196525085085874, 105.3290098964953, -90.42853801494695, 28.783027519960026, 99.15071900473531, 40.85530997109191, -124.51755100151412], [25.082438460530824, 30.872993656793106, -36.55293764418461, -7.824945524702324, 77.47959292734532, 90.43652789182903, 25.68492509690406, -80.13351585927582, -17.86013199991397, 6.796774600037085, 11.580725499894278, 209.7123410466696, 39.74533321544848, 106.88710378657008, -6.3656309409049365, -32.35231158274929, 697.4760999417872, 19.822065141624805, 38.35442553975816, 80.92147809685409, 10.585623788431832, 42.19284569562945, -28.13498618349436, -81.81593576341638, -67.90019333395772, -59.11541437439788, 45.68828179982794, -11.99896934867268, -38.06743236529042, 46.186779984679916, 36.15942981215058, -102.5304809537772, 130.79311213018207, 44.29576128384821, -24.859685569061554, 5.3441807412624245, 21.139665236242045, -155.8195353155853, 27.877217914878027, 37.87741124902749, -66.70097969810116, 10.488303882278736, 64.51281789046014, -16.047688443733776, -39.673699678831575, -19.636362723110008, -11.363101224526684, 52.92018215303282, -30.54514597237681, -21.836678396327216, -7.33596572515648, -105.78909150332265, 64.81087419628479, -20.813388016051054, -41.98829835048613, 184.16160359655487, -23.515857706926298, 71.69158837528204, -20.67910897917024, 15.530183502126846, 76.09503251980958, 49.17008129186365, -49.06528815961647, -9.114963892468115, -139.11032206224735, 47.585182934074886, 45.617260115981345, 33.32003093100023, -39.669233574750315, 9.597439392475284, -25.215080727775945, 8.309213597992724, -81.13486602891048, 45.65442697982123, 22.36639848252804, -99.14978903207319, 27.5007157642035, -8.412872944811268, -27.990441264624135, -53.350006896880735, -122.31303665832911, 37.81116912034926, -49.365316689827175, 67.08746382153393, -101.61031314711505, -52.0705869299457, 118.97131941733025, -67.50163582325466, 122.76247080195348, 59.84842770991511, 78.53050180404786, 75.8556898757337, -40.30077388033895, 35.49946983062448, 94.15950943707166, -23.126234994308913, 50.8788146535602, -12.885047371685959, -137.9597972823166, -22.85222607768513], [164.57354745395597, 72.09977618701481, -24.4141334385851, 31.647723022206048, -1.0634000476474186, -44.899815863066124, 55.652730949360375, 56.20772971184372, -27.38334131283087, 27.775228949743973, -15.868635289408989, -14.794447863121562, -4.618916342331729, -2.1379641451168645, 55.723828174214056, -51.20622621568488, 19.822065141624805, 973.5568226504112, 55.488515272189446, 52.95446345080161, 44.689730097189056, -74.79025751091072, -10.895681519483901, -105.65082953617355, 56.82374014844398, -8.540308714279767, 102.49579227549172, 19.831027389462804, 57.2915086354015, 112.95083350143432, 47.428723601034875, 97.21886139818092, -127.68970182348663, 89.57443716144508, -37.95973506351895, 24.75993054404816, 36.75181918774408, 1.8194709775337552, -133.06519437471346, -2.617307630215822, 51.97765041972266, -44.205524786256156, 17.15451594383936, 90.45255819853448, 88.31438804735244, -70.67112820024097, 43.214944041640294, -19.753078162417548, 30.193469150505873, -0.7300197739373806, 46.73450244365761, 33.62680191470346, -43.13018739851732, 23.15291242340195, -39.893316524835654, -57.495512682224344, 69.55317608045752, -20.288502868576845, 136.31646002064576, 15.015602725977642, -101.17676379977962, -14.945642807027177, 99.08607635456086, -1.9576268666206964, -37.74798608153011, -16.316133157381234, -56.766175788779684, 12.727006818283783, 48.47658571010412, 114.7690348181862, -85.33284358973862, 24.51822020017232, 124.94333244821121, -119.33570387358222, 32.526289906491776, -17.008515226977895, -89.54078532053174, 12.155501485510618, 60.154883405337046, 70.02335400410253, 32.28110868782637, 23.497726653661562, -122.9547029564901, 25.14701328865034, -14.395305556472344, 42.848442357217806, 17.28136847805416, -119.1865260209545, -93.53775318131257, 156.65041993224298, 15.236789040959145, -74.6212717138102, 134.04671893123103, -18.402777861620233, -62.73019532183521, 86.23702245509297, 168.9646643326972, -7.693955489116057, -51.82996923610518, 110.64054100548225], [-67.37374562475999, 54.52315092998582, 76.46147785238283, -59.28411125127281, 35.08927205296284, 6.613418826237306, -18.803389883966204, 138.24103860574655, 3.626972255089411, 33.91163156726378, 3.151335842433505, 8.399236899863746, 45.33405025598155, 1.0110523152089772, -139.2866573425934, 58.681119335974515, 38.35442553975816, 55.488515272189446, 845.0813924964889, -21.13495757297055, 26.851823291722898, -96.9881456648516, -90.65487838907956, -14.255545690318835, 118.0097191846704, -122.46636856380277, 58.22504208604571, -25.10820345881169, -69.91536764588342, -9.322164297102846, 22.64565784398702, 36.017884706892225, -119.13541585778931, -57.59728985510585, -60.1528104951403, 8.049163666218073, 17.884179990884455, 77.51226806410548, 116.24519575574861, -16.913868792544683, 116.06897892271469, -9.656311298816597, -32.83270648275564, -9.70770820101214, -23.103220011789848, 136.04573172655174, 25.71650232049668, -38.77064841402231, 7.901441484239252, 151.44823877011436, 10.040310266140127, -44.2494980976572, 13.846535467662966, -49.35209023585495, 99.37241659316686, -13.6670577990897, -12.265417984837864, 15.587446689690971, -45.79427619133203, -24.116748002050077, 55.746609943551576, -147.63739522118144, 6.278800124766675, -164.86334067219465, 11.318939680885332, 13.246007492328776, -138.35980495431278, -84.80155739108308, 25.338013804515345, 9.368890418192583, 171.86167976263033, 34.86632360913685, 117.50284924405587, -2.156870747465291, 79.10661038376857, 138.71579804010238, 117.056404268116, 122.6593396423963, -103.88901329490963, 84.41431586645032, 94.99287139828198, 89.12665300464919, 21.874746387115433, -75.3152937618944, -144.8109510540376, -88.90430007894572, 28.06537501881905, -101.22152237057607, -73.76756077932795, 64.91140130348684, 95.65192223194828, -78.26638967811007, -4.976810793713329, -52.71346863946051, -19.50954681920423, 29.99727048892752, -28.13445762613892, 37.018347751934655, 80.23991954829883, 34.6667748081249], [35.81819834909336, 47.2950024780981, 7.028099423443366, 65.18494556281809, 126.5006396324513, 97.39248504193017, -19.13383145773382, 54.38814872979159, 17.515784272029503, -29.489249439583958, 35.389408377599835, -69.0013341676537, -117.32846439963598, -68.34866372413286, -128.78612694739354, 19.19169024580272, 80.92147809685409, 52.95446345080161, -21.13495757297055, 911.9718561720366, 87.6982728024001, 0.01588026026110891, 117.87054484593811, -139.44071033134762, 64.98458745597195, 13.884841429835049, 50.01833750652235, 6.1210657116895435, 17.66597636950011, 49.854991053798074, 63.136235975602624, -22.929443588531043, -46.651290089647034, -40.59490050908088, 88.85410328446476, -93.74098361645537, 150.0017768408872, -31.403852326928813, 43.84458997753505, -162.09925984326526, 98.94486449903343, -15.786927967850511, 58.890871701861606, 9.897278432277155, -35.884906519491125, -21.72450085814343, 110.39251708591452, 14.126032383102242, -56.73099264390485, -59.269353330545734, -7.335046555525616, -5.272023552797997, 40.42778538515296, 30.212323389603515, 5.408046440037938, 101.11325782781127, -142.52670913539225, -38.409088411585756, 16.7537726494192, 86.3161776042798, 18.283344897582744, 10.335371856047868, 28.223001105268086, -46.96587438629502, -99.8737638591504, 0.8460922313183039, -23.089244070911835, -17.328646395432536, 25.185233649245273, -22.726193936410475, -53.97915064418893, -47.76564988346552, 101.22270696019037, -46.87746091076865, -64.01431933839434, -35.218492432400936, 111.7458042594337, -40.425380402383084, -10.545556984480728, -112.94425830257305, -48.388136904114695, -36.45256736268687, -8.92209743959815, 32.47120607182151, -15.018976882608047, -56.74957823280761, 105.65324147903033, -63.07577733223492, 20.00530714291722, -96.99632543915553, 24.152664187502577, 22.338715912981154, -115.41340249842395, 71.01317327972096, -2.100461854839262, -103.03178162241855, 75.66042188697419, -72.51725503411937, 107.3007557096684, 11.10492315313328], [-1.1624502791254405, -7.954527748227537, 7.076239829636215, 51.47263076014921, 33.95550918595034, 109.35916651022202, 8.9182021027833, 203.25804157980244, -24.766164880688205, -59.09762803448712, -159.15207374893092, 15.555330377317638, -113.34746972109751, 91.53101766690767, 22.95769567270331, 78.11536083113162, 10.585623788431832, 44.689730097189