{"N": 100, "M": 3, "A": [[[708.6593621517927, -40.525899472424705, -59.076283071798635, 31.307991891157027, 100.26315726295125, 213.02155414426963, 26.618122706013338, -139.69127700083416, -44.190201222552844, 65.29876881322603, -27.75837082787715, 73.16078005505135, 77.61825284017907, -36.28860231406179, 17.26121890786271, -13.090496374328753, 105.9311009711694, -111.59318122645031, 58.527217924186886, -45.73389839381058, 16.884757680738833, 91.88502058696346, 54.35717433118187, -8.03561096166729, 19.854167281438166, 66.88270598451993, 57.73453770237897, -74.65969150101947, -122.87844935914919, -15.007966332080594, -69.26484342089549, 69.28389168152576, 95.27589302362748, 26.31038230537058, 5.976610966289007, -111.0925970272062, -61.01612586169705, -91.19548447696094, 18.525929587647155, -65.22026317133994, -1.4120669961844377, -60.107935597343214, -17.521277629483606, -31.59310794046007, -56.528660060909594, 29.79749767435763, 49.503248401467715, 26.328226074853013, -12.329430020146546, 88.75933596030185, -88.12425214615139, 2.737197732537946, -62.14335752364145, -22.823057606708517, -24.713557741485175, -70.70275797478196, -18.371407764167532, -36.01931355466846, -109.9316138825478, 64.92319721080202, -120.5045012281925, -43.83398359305078, -69.5211114545127, -0.29842421974211675, 109.39685469992176, -16.644203873194925, -1.3371169678132988, 37.34518549786784, -54.25690648865372, 4.569395640357827, -108.0328846050057, 21.025911553537558, -39.61528479867479, -18.570701535479145, 31.84926455578877, -17.02723640942837, 0.6949089027738964, -74.43078770051787, -86.26260426317528, -91.33993523606482, -46.09469167292056, 38.36671578020346, -20.536473544402696, 57.16248432862909, -0.6866069257302954, -35.86293532275512, -142.32947493653575, 123.46203515851103, -46.9881681653191, -5.414219015428162, -17.138313459422406, -20.830496732905683, -63.010427213899476, -83.16545125904487, -126.67043691107834, -10.948159957051956, 46.56943699431435, 145.3017256014303, 3.6859538568000105, -94.93762668885735], [-40.525899472424705, 594.1191821024815, 120.39407641270412, 4.206054535934564, -30.985213929172204, -23.50307868109915, 44.96012202350904, 106.67437354400487, 78.41986656377165, 93.07187879217244, -8.827770322563165, 4.533119376130043, -51.169368341669255, 20.348372214255537, -0.07773781118636491, 118.80181882164354, 12.885739339696755, -5.3418079393044104, -27.733108068264638, 39.45498400508862, -78.98427655847311, -88.1863584908161, -25.372822048087667, -24.756742334546303, 60.381440513927565, 72.39476508868539, 99.70745131276736, 69.11342494028078, 5.381742497240656, -55.93833610077632, 32.693190765158796, 32.6747083744435, 11.98023946052892, 3.2932750070871593, -79.04324285079763, -33.39752283904435, 54.602911598678006, -190.1993617517585, 78.44775431920459, -67.08138934610703, 3.148277602414548, 54.565311664807346, -147.9653882575234, -46.804182698927484, -3.299555479954126, 28.702726973547254, 44.369287279587205, 69.46298704026677, -92.43681001382518, -87.75020024976594, 5.159877788147339, -20.097200167592828, 50.04917538704342, -137.1451503203434, -14.907684565003118, -3.4110136691339026, -2.4737382950995643, 13.23415747726647, 69.72101758220187, -136.25450419606992, 12.614583520223539, 4.913691146221421, 51.39302424194391, -74.53288551844776, -0.5584367714006628, -113.15320767582156, -56.409755660975506, -109.89987787974133, -44.187471585163195, 35.79347026739192, 48.04031071565704, 4.392314582876706, 67.50112892040762, -24.42986048057165, 48.24172215285971, -14.702685980619572, -11.47558905348692, -10.93974106153218, -46.35612657636122, -49.012876154973675, 39.932852203608356, 10.33746520455386, -27.31577441904151, -76.11246329396442, 63.46330352239243, 112.20938446548548, 73.63468282668173, 64.14049207800176, -12.282395137327873, -123.7596322504524, -52.82587558791965, 82.3273767295966, 141.35468234728833, -4.497111415067821, 27.456101008003024, -39.83439682908976, 42.63235731354059, -15.580989756060765, -78.5447190310055, 78.81532975268759], [-59.076283071798635, 120.39407641270412, 813.1870677599109, -21.084243631432432, 26.539129644813286, -5.178280695620954, -66.32291603605964, 17.815872404307964, -88.15319066836695, -179.77217294340178, 114.05600255231423, 10.990319974818544, -122.10907370203188, 50.49578880953608, 55.538772455324654, -35.04284255475429, -41.17219091709746, 156.30961643742512, -40.48662200458705, 9.53301352698201, -31.20688174075088, -16.503558536732573, 34.326671125355176, 43.48760575913983, -25.108434578349414, 42.38808014185315, 70.25488927348574, -30.748907925530887, 19.37191043691692, 99.67164401588055, -66.53899888962972, -66.23727172968, 10.981965856537762, -51.154042493208884, 52.03751723130294, -17.565556359019016, 49.62405728221298, 31.398756820608593, 58.005757643787035, 61.02820246895863, -33.75533425163024, 52.906135691232876, -55.04697717882835, -3.788605181994407, -86.43083523234442, 58.7836887936601, 173.70047294355382, -77.04184973377926, -94.37401484628747, 104.51113563977641, -49.29964318726098, -126.82574118381156, 120.815912024369, 7.65412828543799, -32.08667488131293, -57.38177758828022, 55.04300542603714, -21.62659508082779, 67.84296991957383, 80.34104745020927, -85.64973619933707, -120.95083712576162, 33.46276124305636, -7.040021582410416, -154.410926000936, -19.22154390304283, -30.193705582067654, -79.96259322729861, -74.71951710803548, -47.06439870694525, 64.43833974918553, -41.542903925273315, 31.02963119575677, 47.78877861202587, -79.27240958040974, 35.57166567846215, -4.57945264856696, 7.966029685461745, 16.062094643154623, -34.75278155786831, 103.64531324322631, -209.90549639342234, -11.906296322974917, 63.21225530928979, 82.94488931693088, 40.275531503352425, -55.82864007447627, -67.56198187453828, 146.59663616203844, 41.103756232504, 71.34363945400327, -33.35269270617509, -81.5978760479847, 90.20691827900232, -20.928344608049834, -68.08750141715467, 113.91586739687324, -105.56336012343102, 9.34630116803729, 18.479430776375526], [31.307991891157027, 4.206054535934564, -21.084243631432432, 879.2335641954338, 144.94155415373254, 74.30955221607041, -193.61107986449124, -2.852248521227267, 17.979898210837074, -59.42773341529225, -58.6944766319128, -160.1358156384743, 34.63444411112973, -124.21410916512484, -23.387875507294712, 49.97937719073199, -59.05505904933682, 39.81162530325349, 136.15464294672597, -36.25660532337685, 53.19673584665058, -42.77831865281726, -64.58905115277797, 31.391247585358677, -41.58011161556052, 43.936250193723176, -77.48584186025084, 189.12942145761167, -41.769116119189235, 27.61893071442796, 78.4402875958247, -40.472266393951585, -7.330453299579087, 143.19706705148204, 100.09175013064365, 90.65061581485021, 72.32286795596752, 120.56798116911757, 22.350102403823954, 5.68605319502176, -26.354844047642313, 87.23877441603568, -91.20978646076406, -8.714088172702132, 39.786414649939175, 25.935848537362826, -46.979404089177, 0.9375155605789942, 10.419432726664974, -104.80765924468257, -106.20986966705505, -22.597013631132373, -49.02535840087739, -83.83900484517272, -119.9451065863381, 69.77758403521581, -14.566318299973128, -24.084731031943843, 35.487367729196166, -23.71885204265432, -63.71976869241317, -117.6539605453849, 101.26049988154811, -1.3140457515428388, -50.84134734426006, -56.8946823324914, -8.19497934039149, 14.673229656169413, 41.804017008382424, 21.918649566333315, -9.35293615408719, 11.422386967005442, 0.4118356928245923, -1.1462470335117034, -66.20770514663289, 10.311834152578987, 63.91497966560816, 57.67835901618081, 140.16405926527491, 78.91486977101475, -22.040013373397066, 24.893341016281227, -233.4122043299913, 62.418231009423494, 74.54864643595556, -34.1115560178121, 114.69009072800893, 16.60642159713113, 30.31488131961454, 1.1536073514821705, 211.80823360331587, 64.72725930335945, -92.85920581301363, 25.50637096131257, -133.52511136017074, 33.8284666177777, 49.05443233320948, -79.1105344073375, 14.099513309557638, 65.85986625779218], [100.26315726295125, -30.985213929172204, 26.539129644813286, 144.94155415373254, 866.448774568759, 127.69965743188018, -136.929050231514, -245.40802985415417, -16.184667022599506, 50.512524723689964, 94.70424292194723, 108.73195200400393, -40.699798157950866, -27.621126958598428, 42.07014954296084, 129.83737927861256, -32.14960844016156, 24.03651407245101, -41.75085874335248, 45.073111781054735, 104.10167328547394, -79.34442505448862, -100.4493777863637, 91.32307344413618, -96.83975863665644, 33.70561866601762, -45.76552142916865, -44.17104683251923, 71.40647243887807, -3.7244672218767265, 55.383612014266106, 41.52090361688877, 55.38729882950807, -18.395471816367788, 68.11649737776446, -92.38550740178621, 41.711835553114554, 34.47480697876246, 16.141862908654748, -125.28588923649166, -56.940783637002355, 91.12811280537682, 17.092589156994293, 13.471675264614408, -32.240497391752605, 68.78260676779308, -53.64232592621735, -57.855626004392875, 30.118283770913962, -38.66121363777899, -22.830203476143726, 156.9572758578028, 15.286325497587143, -2.3929272757908944, 71.51753149504671, 63.53634344308508, 56.97304594147441, -17.091058128124754, 72.90545287909272, -27.41355319530968, -2.8634545115553713, -166.21689020601835, -28.458493993339662, -18.647902078452987, 102.07946956175192, -27.041524233339352, 32.30635189754576, 80.98265030307765, -152.16213078403797, -10.835710161618348, 115.67026221662061, 81.98948096726282, 115.5890863672311, 99.54087436752812, -13.911412812073252, -51.61436439971372, 29.362675811983337, -21.65263922384488, 46.323007197281534, 76.58589393271845, -85.19899680743565, 20.458706352821572, -107.32998932103051, 37.52833424285256, 110.91005854433894, -6.468369202118215, 11.548493187412557, -57.37499555404112, 167.0491333013232, 12.911032808855929, 34.26293626248315, -42.170592418972504, 89.41796267341306, 12.585843974425718, -44.23127942545439, 94.03504102960152, 51.99755885289264, 110.13884430721895, -25.46431820974319, -9.08580028145687], [213.02155414426963, -23.50307868109915, -5.178280695620954, 74.30955221607041, 127.69965743188018, 793.0889153795997, -41.123921078186804, -4.696858693431041, 39.004880069088124, 28.34244733908411, -99.12405791014822, -37.72819556936956, 42.036379591009904, -13.538690305018063, 46.7533519526799, 24.916979740775012, 123.18328419054133, 77.30403108532896, -4.010385382454819, -62.26850802704418, 94.93144278427847, -40.274704912277194, -40.01681862822105, -50.41657251912233, 4.852652447294091, -57.506821052526966, 25.906790690278292, -160.8358114390311, -27.97270944626067, -83.31967242959308, 11.818143354824828, -26.25402798259097, -13.16001251590575, -21.056574634963575, 157.2674700412086, 85.93548082058203, 71.80267786199302, -33.36987172614982, 13.985536120722124, -32.4951081370085, -62.2869336505954, -12.267322799169808, 62.924225212037946, -121.05447149012899, 41.80861372160627, 33.727490640041744, 80.43987342593456, 12.336143147710022, 94.46589456986119, 32.65686718349488, -39.316736343013794, 1.2739257754668598, -19.592588325725064, -6.6470391788289165, 146.17473986526323, -111.98924811230812, -130.6426660162028, 69.60964747261647, -20.88351868054815, 12.702233828004523, -52.14107306160606, -251.3472360394481, -86.87944475404204, -92.51949926331372, 66.17941440847495, -45.38357632106659, -14.0449329836338, 152.77238018223548, 30.77543436477124, 32.11382905691099, 49.38847228073871, 81.35719134890383, 1.0170119287547774, 28.221490643515615, 19.61917639761337, 19.036954333347214, -33.26525629271251, 26.357971262230148, -103.029447989471, 155.4716934709843, -28.095698055337948, 44.459048821189, -59.95111963922424, -50.60308919731636, -46.13422774828776, -37.850267138513644, 134.25564541906823, 52.18836056726949, -6.573245923105261, 37.96098050645851, -10.812912895941608, -47.150634229409576, -7.570022717893302, -49.96856066283282, -99.51564198979183, -81.26482963104036, 105.12846097580038, 67.94643782255093, -22.620634085002898, -97.37138596280285], [26.618122706013338, 44.96012202350904, -66.32291603605964, -193.61107986449124, -136.929050231514, -41.123921078186804, 599.7326266345938, -27.845965383405876, -89.37266501436373, 102.43154574233348, -10.33510711043537, 85.2357954243359, 69.42673824097122, 140.47496607630399, -129.7150369516712, -84.44208631432397, 35.80652559490956, -3.458244073546136, 43.25751886934263, -60.057596705916154, -13.41311908244656, -53.858083800835004, 76.16868781913412, -60.3270473974109, 32.64466655941153, 31.387855314490462, 41.17990404304123, -35.599617664185566, 39.711330149239295, 0.1645783067048736, -7.935105870344767, 10.027155052425798, 4.784614922934015, 4.821773235115742, -37.52806144565331, -79.74473061320126, -107.0044905591027, -15.437026454104469, -44.71370087353948, -58.77206470913276, -21.83537129726416, 57.83412819161198, 260.6008761964146, 0.6091914925464614, -11.828406932797998, 13.739806628363688, 75.72944804539581, 54.607135798491655, 96.67771764609071, -34.93315320399257, -14.813183938555373, 11.453577975733694, 99.93139717019235, -124.04213558230552, -15.726383516651572, 2.2803531879874583, -0.7471987183213997, 68.04280096899932, -35.94198581214952, 9.395869075743825, 93.41013835621692, 44.90349189251337, -49.805207539037085, -14.308545034730198, 3.7589387017354667, 188.39320404953904, -163.13567546127072, -19.84147875351084, -151.93303346854384, -43.54069835708362, -112.27655652846292, -133.68323721771048, 14.20079945971613, 17.961490782076083, 1.2207375693296427, -22.247542260448466, 93.54124631484103, 158.0422987790123, 71.41206414742335, 116.92135363582317, -101.76470940222664, 26.026401789926233, -0.1244149777260759, 105.31069194681758, 54.64589321844952, -1.597124626628247, -21.328990076228713, -66.35253466529045, -101.25601779765219, -43.04359687812003, -44.23357729068931, 93.56859039243997, 51.59213371911785, 36.474557904882886, 60.91444269234573, 90.87801293473295, 5.7478210177300975, -1.0309306610574147, -65.49518653731143, -27.161858743614697], [-139.69127700083416, 106.67437354400487, 17.815872404307964, -2.852248521227267, -245.40802985415417, -4.696858693431041, -27.845965383405876, 924.2431442104971, -36.17575711743222, 76.62768452159862, 0.41496012000250815, -70.25973697037283, 33.57341435807352, 37.28148005636843, -25.283296578406137, 31.16270379567137, -15.545181825624482, 66.46233433069364, -3.5235703919121875, -80.83042297591473, -108.6521937700179, -29.596395482798172, -23.573362817480746, -9.772638592517588, 87.99125916267916, -130.04827237134262, 23.42385525956532, -62.32182335879878, 41.922698055748626, 46.2108700503828, 12.649534706785778, -7.792296345089614, 3.9712643175233584, 12.930231602089851, -141.70932494984314, 51.07559528225106, 53.78143741372086, -67.2559932868286, 139.7904157726154, 67.281872521463, -86.16670731626542, 19.481647458609217, 2.747096902615681, -39.55080195736674, 99.81327952779802, 66.96269408843202, 38.30460304570339, -23.646354712409888, -38.432656679626824, -3.5217535187793665, -6.558962614520869, 77.87115201552308, -173.76801242298237, -17.56826531288225, 88.2077459643257, -126.40901337287929, 14.335479386638806, 108.67588756609499, -62.37886822968233, 13.487346158565192, 33.26077065373572, 107.23567864009404, -63.648526297674394, -49.96193649398474, -121.21991093408931, 96.26935602902589, -137.00098409151946, 80.47610779970717, 14.393268733046868, 73.87746656752078, 64.73886221690036, -30.5052247686245, 160.99625702232396, -66.20925564204249, 35.00718240000783, 84.97609503883842, 26.177142943736676, -153.33460457826885, -21.92655494909869, 83.54531018535923, -250.12139848123468, -19.50516233270999, 23.90689142425356, -36.54387494611182, 65.20114274030743, -59.159496804337586, 60.068140267220926, 67.29485694542154, -54.76011894275043, -45.54087357726783, -21.598563423257634, -50.95929013330513, 83.62810485115054, -70.52194393191022, 31.263132884568876, -105.64416069153168, -15.866847313990604, 97.92373639038577, -31.63374609556896, 111.70679914590713], [-44.190201222552844, 78.41986656377165, -88.15319066836695, 17.979898210837074, -16.184667022599506, 39.004880069088124, -89.37266501436373, -36.17575711743222, 812.3371416238198, -57.014943531684935, -18.454297042598274, -183.41429955640226, 52.449072914805086, -59.32355084598447, 141.44860519081445, 16.883130948221435, -47.57762500620514, -28.322100902102346, 31.41005680305485, 75.37339405627964, -150.93156501584025, -12.975178177304546, -46.99119484692213, 9.456105145495322, 104.08865514204064, -61.33045211128812, 223.02383990370365, 1.0249072962085062, 81.58883289919659, 91.60302443433287, 232.1247275690214, -2.252907758476039, 74.28495827218049, -0.7793793877088859, -11.050441954340796, -102.15486839851947, 82.61671604640877, -14.508167277975062, -72.89498769694698, 176.4004941726755, -12.224190642038415, 25.748673275863442, -154.15410008344253, -21.691242550655954, -108.66919340135713, 70.42346766912529, -81.5976245661481, -73.15250135402061, 61.741764914756985, 127.91235555859319, -83.06740756636637, -85.24521360007186, 40.22080571879664, 112.65712318631374, 42.83216281722859, 56.504137237558524, -85.37341995393136, 57.44886261641119, 67.77981298419049, -7.865387248045657, -40.619625777436305, -7.737758864556085, 37.94280048685204, 36.28887817170293, 80.2659871307655, -93.9536425907551, 16.109869929542747, 16.79265011510435, 55.597810987886064, 155.30040560355482, -13.051479749167829, -55.08683397170137, -24.375913691993134, -144.37808062755138, -11.313242864365407, -79.0512751753971, -79.0788161153201, -5.942038531803213, 28.008631545991097, 28.510414984860752, -11.14704000997434, 5.17630253497689, 82.93532781766994, -25.811834168557418, 34.42433831333068, 55.123087199508056, -45.260517356885025, 22.930283368039337, -123.66741722533712, 81.43022861439314, -44.502999941100704, 99.01243609270041, 24.196745666002414, 15.837841131172816, -11.102858307805274, -41.23948227839309, -10.354052931594433, 25.59465653327328, 28.801876763151558, -107.12407471027615], [65.29876881322603, 93.07187879217244, -179.77217294340178, -59.42773341529225, 50.512524723689964, 28.34244733908411, 102.43154574233348, 76.62768452159862, -57.014943531684935, 943.3441949922893, 58.200150623903525, 118.85073799211044, 68.63149654558346, -23.96269883731093, -75.0438670280211, -17.27269980026247, 7.75813581302903, -10.659944070109306, -6.85069144222386, 67.9308302332187, -16.799203438027913, -4.210514024152013, -103.16421000455696, 41.039803159528795, 13.586519424053707, 38.931298450616815, -104.94334859998827, -88.53770804362198, -51.839214701991914, -53.11218826562926, 82.60049169239667, -73.76931536890487, 88.32809859658258, -97.96702840710084, -63.862296383390905, -18.2537154909289, 47.28084528634813, -77.53748916866094, 30.74931081899384, 9.829875555743133, 64.25167542653234, 68.55527690740298, 90.98873397639187, -108.23936363547486, 94.25689991697432, 42.771920649144576, 73.61815992124063, -29.570561117161414, -105.93067104251148, -126.19233147353282, -92.16826516666617, 53.016657140403176, -37.985616699337534, -18.611372241301588, -50.16547007222406, -16.794872327978414, -60.43357668698889, -68.43000807542548, -192.12641702161275, 1.1101756026491345, 27.13412441113819, 90.56535994795271, -89.77972162969695, 35.87769191859376, -86.61787237792976, -75.6522948183486, 7.0659762003693745, -120.01194483275245, -23.389977333576354, 64.26980893067775, -42.68442787305679, 60.09311314873793, 8.92671830516305, 13.397814272758756, -51.602825085246096, 2.7421756864377818, 24.667386076210654, -110.67125864638884, 31.26929798420376, 25.831688864147957, -85.3169835390287, 0.931503323845557, 22.834463228398462, -8.782247972658208, 28.658375664922325, 27.154255971128123, 86.2146093470159, 65.50593897509602, -122.86232551854114, 124.36147007227991, -55.32955831266005, 45.93111537461424, -0.6310512817551444, -132.70482789297515, 0.5991885207770129, -57.659702116347376, 67.04503177292945, 115.16089297860482, -60.795799255315295, 75.60429635855509], [-27.75837082787715, -8.827770322563165, 114.05600255231423, -58.6944766319128, 94.70424292194723, -99.12405791014822, -10.33510711043537, 0.41496012000250815, -18.454297042598274, 58.200150623903525, 913.5042543413864, 96.57623428480323, 30.56417000423332, -74.9593030897119, 45.139925896015185, -6.506648275425729, 0.6189291841462605, -70.37766151033821, 168.23688860936645, 131.40631993093447, 58.364541610997804, -78.13247100356135, 5.108116762797683, 76.83456653353929, -89.82338604728781, -17.15726939109033, 50.276309106053716, -53.822880189089176, 57.37261507088152, -41.97647545558782, 5.827951939231166, -33.88699165710915, -32.59026245766065, -14.222319888032139, 94.31697511351103, 6.979340882906392, -205.32886647217344, -123.52383725100941, 22.64072646113489, 11.551577288270096, -41.22503589431754, -12.679237784209517, 61.01671318817825, 15.140802539514567, 0.3221373511672626, 88.89354909578991, 116.44572763368068, -22.41113235093808, -29.2304302482034, -37.38146141806262, -52.58675766183242, -2.9468721678764673, -3.246118709780685, -28.713833053436336, 11.998257612531429, 216.13203579377043, 19.15173858010862, -17.764761976977773, 167.63615531273683, 65.46069944242947, -92.65533323024985, 24.92323200895351, -58.09030441360617, 34.88693476527911, -30.53086246808129, 29.25252444678496, -23.81317294509556, -139.4324995175905, -150.4380742463866, -25.65037397948712, -77.32534974206368, -79.99389135978083, -33.16018741563663, 19.2633810796788, -20.831048776863586, -32.264378390477276, -146.307600070327, 13.223176621337556, -128.89948152080873, -104.77711308472654, -34.80669845130906, -23.979555321709697, -34.882476608925415, -15.230193228115589, -3.0507312760238463, 140.82930446370057, 52.367093394559234, 36.65261793930296, 48.294210143880406, -27.01378336236579, -131.15786151538126, -159.9513202071195, -24.647698672255334, 0.7167944051581543, -17.073410007989576, 44.237523414498064, -30.462304773825345, -125.6832873736864, 65.73639424656504, -94.42206169778456], [73.16078005505135, 4.533119376130043, 10.990319974818544, -160.1358156384743, 108.73195200400393, -37.72819556936956, 85.2357954243359, -70.25973697037283, -183.41429955640226, 118.85073799211044, 96.57623428480323, 819.5213445220475, -28.784568478998587, 0.5984697430018002, -22.08315139925837, 97.09270501995647, 96.91266455162148, -15.620429364737243, -13.543244007017138, -7.8420901621139, 8.18653178642563, 33.52046817664268, 32.71822535733859, 53.434514427731706, 59.69545673706048, -29.038765902933186, -175.42686653233005, -11.160943801270498, -57.63063814012151, 146.14715305803708, -155.5373805392146, 16.63446034999068, -65.33044675089292, 114.41050260797371, -2.8891054915066157, -108.12806453120787, 70.32388738599849, -60.62217174047938, 101.85523609699645, -76.76147969698125, -101.10059904317923, 28.353808053252713, -46.67642457995879, 62.98642686224045, -5.6928705633112875, -25.865290606926173, 67.09670054687724, -1.259454187433966, 110.44928635490716, -5.706801425482818, -40.7224033830012, 20.716572513424623, 10.66402451051248, 54.716885041313944, -75.10404073419798, 70.55948306987612, 30.9189928899437, -32.05393397750285, -93.9057635156381, -88.37765467589595, 107.95578710433824, -12.463344193962445, -75.02829164018857, 36.46179822638669, 24.18321545869734, -33.37196069728277, 68.68887633778499, 4.783689432390252, -33.506156986763756, -23.730630225462935, 22.954991234192594, -116.49407502069792, -81.30795965744034, 1.338950995094942, -34.38280793614338, -49.05977130708231, -21.212539936549724, -80.10382703689355, 105.264200099462, -52.36214508447148, -65.50142610461279, -58.64199532849429, 23.326672684476378, 79.83540339243855, -77.56889782557315, 44.47558192353164, -42.603403136124314, -13.437315381156981, -46.16830540473083, -50.08681577753604, -60.581681768570235, -31.987021815615115, 68.8032241923186, 70.00817088464808, 54.00972054992813, 63.08587547862946, 19.097376200796795, 25.735878025856472, 85.0188152320393, -13.460513114943243], [77.61825284017907, -51.169368341669255, -122.10907370203188, 34.63444411112973, -40.699798157950866, 42.036379591009904, 69.42673824097122, 33.57341435807352, 52.449072914805086, 68.63149654558346, 30.56417000423332, -28.784568478998587, 648.7912656554581, -144.008182804408, 79.8934760275657, -55.130757124285225, -7.250064614034592, -92.19566231760301, -34.168380618092044, -122.98532070089611, -120.64812239058335, 36.627045039659556, 24.158996046552755, 16.01477895015127, -55.77829619880867, -31.54681108835276, -114.60580522607198, -100.71028384082835, -55.77182489530523, 26.665008331341777, 19.06964346202257, -72.98116822220405, -67.83871935831006, 43.1095382745391, 15.20880527615034, 36.07532396956651, -28.07056323185835, -11.620031291274048, -7.608759576979111, 20.138636610164617, 16.851992146916714, -60.86854126154577, -85.43152847128827, 103.87890604546739, 11.70829543944078, -134.04055566427638, -45.597973187151275, 37.45483756843979, -0.03560002683224539, -40.236583798031816, -9.810550440867175, 0.567694972302256, -51.16678209229438, -79.48342666331736, -9.896120389725532, -11.648393927576887, -23.609731888222292, 64.98773781887428, -71.64212329492251, 88.48614364358892, -19.859245768122037, -70.24356587079954, -59.38863909660068, 15.269591509012503, 55.260242199948415, -75.09616925832904, -17.543253394877766, 33.13134714851984, -116.13304997394471, -99.09350804004404, 1.7226341406919659, -40.31096358039981, -56.24459213004127, -48.385783036211336, 17.260387878290224, 34.28629950746077, 32.641481288655726, -54.754949989230944, -51.584463102779885, 33.60049061153275, 31.00093538815488, 168.5748519742547, 143.6237366948913, -134.10296775378126, -100.65626150951647, -59.93683167833359, 49.52435442164899, 22.23205955049881, -87.18130072217929, 84.87994441984807, 10.677235365672697, -23.066312182140383, -45.81483046824224, 9.091885734148704, 12.803787428642725, 48.60703462433148, 83.39581498754563, 22.866936458607316, 75.23280652214198, -40.56594169411715], [-36.28860231406179, 20.348372214255537, 50.49578880953608, -124.21410916512484, -27.621126958598428, -13.538690305018063, 140.47496607630399, 37.28148005636843, -59.32355084598447, -23.96269883731093, -74.9593030897119, 0.5984697430018002, -144.008182804408, 857.9968004007768, 27.760416307078394, -77.67517018671532, -45.637420948629895, 16.784665681640053, -98.01795276131264, -18.906661071168635, 23.495867989388344, -106.00353212177774, -128.0834404824102, 34.21678250248385, 63.90920565470108, -15.767216348182952, -118.30812167375406, -23.488797600276747, -87.81251038620024, 83.20507081780663, 61.487934150347066, 81.93724028525351, -116.37419345411679, -29.033317058059822, -12.187767034146876, 27.911038122262827, 103.21987512246223, 3.003697288689624, 33.02296656893046, 15.271878443160048, -16.496297175022466, 98.83161464288156, 152.66545354072508, -47.39652905843329, -104.76233508211381, 32.36287009862335, -42.52186750303629, 137.71620711127167, -127.38740996459299, -32.02761961510488, 162.7906471351471, 34.45156952140617, -59.7336495976876, 29.393948288902315, 11.420363203258315, 73.52462711711159, -15.818390367050402, 40.220753450049976, 99.37720737758768, -22.759609878343085, 0.23386729815510776, -67.10933887515326, -24.698850905792757, 2.53860976811222, 83.70857586229104, -43.74652049107121, -32.60558499657579, -84.60413100976062, 82.21405193582147, -8.458653456828145, -70.58294305787905, 49.53517210014169, -10.07164869169602, -12.381573704694729, -53.832464396389, -60.527302001683125, -106.04326271934929, 26.53738455443077, 32.08466863841978, -87.67484275876959, -58.36919131723185, 1.8302577679465442, 4.769075764452073, 112.99142331041354, 63.462852430377424, -137.25554573266467, -131.07656528155854, 18.423048717707196, 100.49504666020422, -12.915186479236027, 129.13625605341835, -65.38017670951834, 95.92410392282639, -48.933313547815494, 71.15154116019275, -16.32493005514249, 13.350018852939845, 118.48963050984678, -50.409487999516834, 5.006678919621194], [17.26121890786271, -0.07773781118636491, 55.538772455324654, -23.387875507294712, 42.07014954296084, 46.7533519526799, -129.7150369516712, -25.283296578406137, 141.44860519081445, -75.0438670280211, 45.139925896015185, -22.08315139925837, 79.8934760275657, 27.760416307078394, 772.8923456587708, -104.54103711507571, 29.225638004398142, -33.02536719707738, -177.7726415883609, -9.28385647552205, 37.76506250911613, 40.78712096503315, -40.40936671850293, -8.587378737922663, -8.42495100745657, -96.5916585932449, 79.42858991140649, -18.615035132250107, 54.17579169263777, -73.3794231690015, 97.01767368278492, -6.590050159958915, 21.835825510466357, 37.959883813007075, -36.26064253988137, -25.24093161783012, 6.915716206628952, -85.08294060896623, 22.161035018388432, 45.21517523662384, 184.88121691601296, 59.77440696883556, -12.799550302450346, 38.84879370882579, -10.585519101664547, 44.615099102519224, 166.89107212218607, -25.54824190860646, -46.287669905228896, 32.27176408503006, 4.627599217125693, -66.95456519845631, -55.76071671276179, 81.40945133636012, 11.559372308837698, 84.57131744549916, 101.74989096573893, 101.08952959195743, -71.29974495696268, 28.569293228367577, 52.88360669152975, -47.0561626226797, -3.346099365407441, 3.924727129008568, 101.67511640061333, 6.5016181854512585, -8.47086599200938, 83.18786424851793, -78.20314686270306, 113.29411758589399, -76.43966322857986, -48.62389825330243, 133.8650444688671, 87.74196529948905, 100.08848810041553, -100.16827151795907, -71.20147720332307, -76.16739765786619, 111.63709957262589, -9.930337151782332, -42.34948376594443, 62.45659286598866, -1.2426622291775935, -31.267249672466008, 89.22373957997601, -97.51989708311402, 43.96145806279334, -80.22056773827302, -75.02090173081783, 10.701024679818062, -1.7286374700015221, -39.21321490849071, -10.524117342280956, -44.40505802855725, -99.17483658694132, -3.0809193456611492, 95.62728544279634, -60.00824124900193, -80.19574607261787, 101.40943721587648], [-13.090496374328753, 118.80181882164354, -35.04284255475429, 49.97937719073199, 129.83737927861256, 24.916979740775012, -84.44208631432397, 31.16270379567137, 16.883130948221435, -17.27269980026247, -6.506648275425729, 97.09270501995647, -55.130757124285225, -77.67517018671532, -104.54103711507571, 780.3658297510211, -2.5349332034130327, 28.470918417381238, -13.958039399672572, -83.42663137781813, 140.5930153994745, 112.34574907360155, -51.820616100870524, -70.58481220292231, 68.7861043592531, -17.34101489448498, 18.805031962453516, 64.19460034817789, 2.6211693713225515, 28.363649348487485, 50.537938430877624, 7.959251735554794, 55.519491995484785, -130.17727575846553, 93.65031812461092, -99.48307376183227, 6.838020104800296, -28.148776310503692, -38.25913371201574, -104.35196694354967, -136.40769715101268, -69.62308217695437, -179.4128696031643, -18.280168862832234, 21.732913963438957, 100.52299176931409, -26.259300640210753, -14.23578700115052, -32.48914937724881, -92.7053046542125, 0.24770115293039652, 56.3870110883023, 20.622690262510204, 109.90252594053055, -21.405795119103153, -77.92974561881256, -120.73775923334921, -50.89497176171249, 8.721658624764295, -96.18491639353832, -2.2699823746712173, -63.887629999970756, -13.959797497292872, -25.536212034775915, 3.6404011895408246, -13.300351779108567, 96.80924908402044, -35.91630236666648, 19.029409213497548, -121.68004275238226, 84.67032063689646, 96.85405796348365, -124.60479505463482, -52.81912649850901, 8.325515458857346, -58.70527001144276, 14.873446424124994, 4.362010755235158, -87.29757442456685, -46.594759380383714, 71.5436095317529, -21.472440956899064, -23.101172997776665, -96.64309873334761, -149.5458725251484, -19.868854381816256, -30.745271229287837, 8.944719600169542, -24.76907303018819, 5.759648472383905, 39.5384332855576, 19.82741950469352, 8.990527189247018, -132.97230275047247, 44.92836128751857, 4.137651149821078, -57.014717715162305, 2.1100723737242806, -18.481111723606496, -121.92275675386861], [105.9311009711694, 12.885739339696755, -41.17219091709746, -59.05505904933682, -32.14960844016156, 123.18328419054133, 35.80652559490956, -15.545181825624482, -47.57762500620514, 7.75813581302903, 0.6189291841462605, 96.91266455162148, -7.250064614034592, -45.637420948629895, 29.225638004398142, -2.5349332034130327, 659.2858302058805, -56.26342055616754, 32.21855790570334, 53.67267525661593, 31.103406955409348, 98.24623026055654, 42.40378616303903, 31.356975214516112, 90.4586855885007, 101.51927913587903, -43.804361814328594, -22.00580348393011, 54.13217717995285, 86.74631646763777, -47.63135698362284, -100.21910388245217, 4.561008420438409, 168.2442998158166, -97.30727613045048, -102.21270420942975, 28.831583444122277, 16.027552085786237, 22.37474961203288, 74.29309805615816, -29.020555531865064, 14.977982603704188, 83.30938414019029, -9.642581209988037, 43.19959797824471, 88.8478851053622, 68.41043972502985, 65.0158903315849, 41.2021248142225, -74.6629685265379, -67.79241629855778, -13.70060376479131, 55.02968359105147, 24.53970130471793, 16.89052152062719, 69.58834784946902, 69.81206565595468, -0.7017050444365935, -126.38084316664307, 45.988563470279374, 90.48595010328508, 58.46521644052962, -123.30724868169962, 64.62603057378568, 70.45102737602276, 159.74919502491392, -36.65590585555774, 94.7451226019777, -224.32744303444937, 17.49834134056558, -141.17294805113838, 26.920013848432383, 146.12607954395094, -8.434085540976596, -57.33995934085061, -54.14143068825949, 58.27519465870184, 71.47004047037288, 95.06595247114524, 117.84448734448699, -36.11018302889311, -106.17113368133813, -165.98851017426523, 21.825102085873482, 59.73098285506555, -31.750075829420123, -102.46337129610728, 10.705158844867043, -50.856423980414654, 18.17287373179975, -158.50493539773925, -62.43680854841621, -62.237747650067305, -16.158412897849175, -111.19884628693029, 18.43152398680726, -35.41979108321869, -9.812569126161268, -14.940492672494386, -51.6345937931563], [-111.59318122645031, -5.3418079393044104, 156.30961643742512, 39.81162530325349, 24.03651407245101, 77.30403108532896, -3.458244073546136, 66.46233433069364, -28.322100902102346, -10.659944070109306, -70.37766151033821, -15.620429364737243, -92.19566231760301, 16.784665681640053, -33.02536719707738, 28.470918417381238, -56.26342055616754, 814.4406732593343, -88.75444930678371, 2.8075468183366157, 36.19845825893856, 150.93489909053358, -93.79167842633292, -30.945734513929377, 28.78395208842359, -1.0497668200854284, 32.20257495666286, -80.13231962998324, -77.29127910026227, -77.50818628710842, 54.32601607941943, 2.167165015675886, -24.185455626739405, -143.6038559685433, 64.60138892093416, -11.889473434797097, -32.08373963674025, 76.59109990040896, 31.303895842475203, 82.31190890998201, -102.95009345283866, 61.080639046675834, -8.608767832380389, 62.02298033485575, -72.70717339352875, 87.62712667020304, 90.42112196546498, -174.60138156197115, 24.680209146657255, -18.918771640375827, -4.9235770992946435, 28.999587824664545, 6.554650990874106, 107.45532054421479, -8.085788530305543, -194.13583620419638, 38.35733163961477, -5.345261814026049, -12.685028902692, -22.72961486833884, 92.46151455984892, -25.31178437273797, 42.85500339253396, -25.723771851129495, 79.84268722316637, -81.6857667922421, -52.012484713356656, 3.2389076334615647, 95.67439926950837, -23.75593783336149, 93.1171386542225, -125.8956786159508, 22.74696993036287, 29.492090994972422, -34.58654462138218, -67.26809954120021, -100.81808771837832, 19.75439265859553, -2.05447408700973, 50.80154464824967, 8.19200929757502, 23.394803894228854, 58.101291569982, 63.46735239391042, 34.78116915551531, -29.854631074406143, 22.863946601038652, -27.463617291637295, -41.09468853533865, 105.2208054165355, -11.43380812782024, 3.809813321715748, -67.80353003791689, 85.14621355975098, 8.078718785075317, 66.68944569024424, -33.617191984707986, -107.48580629250002, -105.90376471711771, 66.82071379463595], [58.527217924186886, -27.733108068264638, -40.48662200458705, 136.15464294672597, -41.75085874335248, -4.010385382454819, 43.25751886934263, -3.5235703919121875, 31.41005680305485, -6.85069144222386, 168.23688860936645, -13.543244007017138, -34.168380618092044, -98.01795276131264, -177.7726415883609, -13.958039399672572, 32.21855790570334, -88.75444930678371, 759.8969791717652, -3.324433347512599, -34.46791632916879, -56.467312425617585, 7.8087764493933935, 26.28462256710918, -149.64376371136777, 69.41481625505423, 47.03853379470837, -6.608039786209323, -36.53185764404458, 35.61001979365476, 31.718426854273055, 58.99489443851794, -105.20853850160339, -45.31685392367105, 62.314655297361526, -67.82905869096611, -45.86249521135487, -112.48081015424731, -12.079006246259112, -75.08268007533754, 5.10794565600677, -15.368806879887334, 140.24594508913378, -17.935753510576834, -164.18455644793494, -33.32208708738255, -90.5063673629743, -69.66990843028522, -24.424722076665482, 127.62162535250968, -104.47268825871573, -30.323666101310337, -65.36415433270405, -120.23180261982532, -23.931665319704123, 63.90878772524621, -17.059762540381396, -117.6203146709625, 49.316829543478235, -8.130937911277625, -58.09398517118457, -11.234786405619394, 62.3631765655015, -138.99972807181288, -37.56373208410763, -4.3578628803912665, -79.6442308285441, -7.852919822045958, -111.64195087580131, 84.21671860532123, 7.092833274923583, 44.04525664744702, -28.062766147600016, -49.83402790254124, -72.06562002942745, -10.090479108552717, -26.34805215728627, -35.50756793143709, -162.30120568957443, -2.733075260128037, 81.31816166674375, -30.65463594948801, -94.49845559287657, -59.43991338432613, -131.51295836768605, 173.36575841415683, 11.206531483638887, 91.89872556056, -9.95327265036778, 6.392943833638233, -46.17320178558145, -20.296805607715555, -63.4297588275536, -114.57535083576963, -9.063234438277531, 151.73626136386915, -114.55620447233812, -8.159880343484252, -14.471334925454556, -37.7527424580988], [-45.73389839381058, 39.45498400508862, 9.53301352698201, -36.25660532337685, 45.073111781054735, -62.26850802704418, -60.057596705916154, -80.83042297591473, 75.37339405627964, 67.9308302332187, 131.40631993093447, -7.8420901621139, -122.98532070089611, -18.906661071168635, -9.28385647552205, -83.42663137781813, 53.67267525661593, 2.8075468183366157, -3.324433347512599, 852.904527699307, -69.12775295574806, 94.75791472759713, 39.75507020375673, -104.10678666867223, -130.88953652886008, -63.28342144728036, 133.54987937572156, 73.17119870315602, -0.9549817977202464, -4.889230817522089, -112.18867881618574, 57.51532128216807, -75.89122324718569, 72.60290307413369, 50.01271892653623, -30.391051724032074, 44.054660839016734, 47.841587091438285, 101.66053999549946, -2.6627359628130973, -171.77458578831084, -140.69258052823062, 79.89131529913047, -65.66010100372641, -6.697903528244956, -92.91766772640341, -43.82470080573198, -83.55589744524131, -21.867226009044103, -115.60335877479916, 40.62152918134553, -131.08177842807768, -8.998977481247557, -86.64837354954355, 108.28741638911058, 109.9201229444036, 118.20796055059174, 62.74482237983197, 123.99771175421225, 18.673667947713326, 68.40350902173088, 35.328993550834845, -91.99127368125278, 45.28526266876938, 88.0114436108105, -118.62197226278076, 86.76207916481222, -45.20946928394805, 4.154524712008421, -2.7716970026005, 18.69695480372909, 8.295894143591994, 6.595465724360066, -9.44158811480412, -10.892753384437096, 15.126268365848448, -52.178459003211515, -55.25069277823379, 195.458487381168, 4.817766259294645, 85.00391217949229, 75.83140195502696, 77.93103248990865, -147.8886223580719, 149.83374326002078, 5.040404980687976, -79.66047399402754, 76.90567736640554, 55.60136269879085, 41.48199545723144, 41.85476995795315, -13.000601521978085, 50.63319451735312, -51.639592697890436, 34.16429289030494, -101.84004065959611, -85.35348129669266, -18.531142253401242, -74.57193409665106, 118.83887723939075], [16.884757680738833, -78.98427655847311, -31.20688174075088, 53.19673584665058, 104.10167328547394, 94.93144278427847, -13.41311908244656, -108.6521937700179, -150.93156501584025, -1