{"N": 100, "M": 3, "A": [[[668.5971525889648, -67.33239239066154, -59.31798153374916, 109.40836195937172, -21.476090654107008, 17.286400032535546, -70.8979039645896, 70.5063141665592, -76.86031327386506, 42.280364089179, 36.69391875294245, -55.876159511316324, -142.25014351438443, -19.117597629247207, 21.645985848220278, -121.81956126843913, -45.11729951296099, 28.7478076013801, 19.04688733025756, 13.052942753723137, -68.6265285318025, 17.753792894778538, 71.746752089478, 86.54700666747283, 58.22005887086466, 4.71385689882593, -47.304294769077146, 13.353945279323375, 6.579690061039642, -3.2262509298074526, 9.942349627588582, -26.14741997947754, -47.56128081950967, 113.94226098508697, 90.56912354739879, -65.84487943619771, 31.89041071149057, 14.99989836885039, -70.848552964824, 43.11925306372294, -57.94554023593936, -45.951871096958136, -4.950715454261001, -99.64641753469728, -36.96559060506675, -54.77138379843607, 60.75004652157786, 22.24501367794737, 11.097049725620902, -78.27402344775314, -107.81837863420935, -55.63508332691727, 24.69486633740976, 34.19611369979054, 17.893839874435002, 11.484267609097826, -10.42177907847438, -35.19590057010679, 115.24842563224637, 71.78122171664435, -10.707791471335739, -38.585452812617646, -94.73599063407069, -139.04558330688363, -60.68762105916397, -17.53896809694063, -4.444256692428654, 33.599868672518994, -41.2000532735357, 49.57749079031358, 151.98588161901634, -64.19314280178513, -49.563374207801886, 111.3051544313539, -32.529911296920865, -30.337691202440368, 101.08247982530048, 7.658052752495294, 26.19064724100142, -23.481143891014742, 74.86898687964347, -86.30534195878587, 3.1987655965116737, -15.410380591407154, 9.979787767256958, -47.57011856281584, 1.401983404741717, 71.64280255758842, 136.5018073229019, -51.53037471972571, 72.19497431730034, 37.34404214385567, 49.227956713083884, -74.58014124581415, 24.296194619105016, -11.095219927588296, -6.235727410905495, 108.19970987095888, 59.570306811567335, -6.802243672727906], [-67.33239239066154, 954.4199932587218, 154.5313903946501, 122.87024484376073, 50.314957695799976, -116.90582015978521, -23.37459772437353, 25.241469894235365, 39.755604683609796, 47.97891926259574, 51.562574881792834, 159.3564870434305, 14.964247552075298, -57.97304613146869, 50.71091146752779, 3.2855122576657476, 6.488032089042428, 15.359320882264495, -36.96119124475404, 66.78017586899405, -48.72431125727828, -4.476399300188421, 150.95062353618167, 60.288629511130424, -4.728051729357215, -2.3941391715325184, 114.46081030962054, -163.62116350320625, -97.88194562485921, 14.42213308831274, -52.24407824594755, -66.11317441832644, 59.72361764819117, 12.336185090335093, 152.24545644360623, 88.06328534282972, 15.539046431758067, 132.54936447865447, -12.08375147491292, -13.181791774668238, 242.5260189818985, -82.30586479436087, -16.78807624225289, -36.9602788067618, -91.90591988630605, -18.24869516320935, 173.32103157759667, 52.377808230901515, -37.51656364557102, 3.9495093044213707, 49.63164125331987, 53.1456693409488, -33.211669565909816, 11.830061789803931, -112.5357675273557, -38.32716668856882, -96.15994958473776, 94.51729748409292, 47.06449554374362, -0.5774487392458045, -39.60267361836053, -0.9600751729541781, -44.2712381596499, -4.5772044464397945, 16.21793524608252, -43.53243119053168, -178.37083480960263, -143.9336752856986, 83.7762356718554, -9.287262419911295, -9.56739394052303, 16.704377241850988, -39.275843530982485, 102.92463923760234, -78.81185840084736, -32.52484129795678, 81.89117283322076, 137.44787605772586, 76.51947153480349, -34.05949586337698, 62.777239259398876, 39.64243307166866, 61.956741921714695, -60.49526388928254, 33.48238518762399, 90.24253895289768, 12.279420516509727, -71.69557142859105, -0.4046143300452879, 15.884218093168084, -29.092945155363303, -74.52559314157813, -12.785453264000719, -55.04915448574454, -106.71189237074788, -17.999289821401252, -111.89809722320093, -82.55291259638865, 94.33448991313088, 12.492121290883825], [-59.31798153374916, 154.5313903946501, 846.347557680617, -14.782791285943773, 18.751036361753698, 48.13397386384512, -116.75954568361745, -72.14497568106573, 121.2551125906881, -62.285280923635156, -1.525073170742639, 127.51314190911381, 36.67446802476595, -61.12784643632982, -47.24602587953169, 0.542978395279758, -34.99174627417471, -47.09025685626734, -173.6513671144504, 7.988133890349314, -59.601383132205996, -137.05503643599752, 93.87808998468304, -24.734798672900787, 12.213810544437326, 29.264703240388464, 4.824746969140078, -93.52319204461114, 91.97510339226827, -16.031945727243183, 36.46762419901909, -32.627703614310434, 67.79251377984089, -135.26046033362388, -55.21465219439466, -55.770587998861, 62.77429994057867, -30.50052214872413, 68.68907210647819, -34.73298789918119, -12.71534580871441, -34.18216447687618, 4.649669168390607, 114.79651931739977, -12.069925099311346, 74.70463357510278, 125.0561082165638, -94.5490958480457, -95.85118973235686, -42.31815281879271, 25.96153515467011, -111.14527155595579, 14.923999070971405, -0.7555477645513425, -1.0639020887324646, 95.03316411101726, 60.14612894109603, -125.39439171844812, -9.491839024910783, 43.746081346183864, -122.74149430106475, -144.07428365738932, 101.63167765836916, 44.634242234248575, 57.2681539319471, 21.657564211046193, -65.46665564962179, 77.40357371856777, -60.51184628992035, -177.16175361873164, -59.13002474717262, -16.70073849067458, 116.06376077305497, 83.19859516607522, -55.783695576789235, 148.10076735054642, -28.42104182537108, -160.3951940866132, -30.2374106923773, 58.03977004533905, -20.81723429197759, -28.323333663916035, -3.648474970427633, -115.07694950125533, -27.90280226296474, -16.176080500460795, -90.75986572288255, -89.70608863078539, 25.87811287640442, 26.227913535110837, 20.401373069536657, -55.22500835752915, -98.41456539387485, 145.1987403703927, 33.77984276609417, 109.56794265366231, -73.033514032584, 97.68072443818204, -8.04086911532689, -129.47645096050545], [109.40836195937172, 122.87024484376073, -14.782791285943773, 901.900413114249, -24.149774850763414, 34.006233770150054, -29.550297149221812, 91.86306877166298, 89.31091725831917, -38.73000389906299, -121.93102151265055, 36.37322625563219, -61.89062181405763, 24.382812375797215, -5.545616601250308, 30.947993220936674, -9.715874963128755, -63.00183748292019, 91.89594084385536, -30.506977616664276, -119.26386873309998, 98.40882649259666, 36.72973432394907, -95.37100191928856, -33.74175220129053, 34.71956809423588, -17.45165581314871, -96.09619940325133, 92.13102819577495, -13.387427995296388, -42.777759923687164, -111.59573474946299, -80.15056923354817, 94.7163834208132, 32.07410272053269, -16.5182036184564, -0.8003675731418101, 19.275664224968715, 69.83507907554427, -39.275649162625825, -20.42807289836909, -58.08665179753063, -30.09970196962513, -36.55743555868828, 99.7448866178133, -91.11935746207695, -51.1195308096283, 13.551281140465374, 44.725961956166515, -15.000583145152536, -197.16916669831312, -74.93809036099351, -25.516757849855313, -89.41364073164675, 70.30056736134159, 27.222064778261807, 24.227263882257176, 11.001254648100439, 34.484522188520565, -6.871835681026855, 3.8870446260216607, -66.71315539167897, 27.776876721786323, -101.82873720003441, -14.988680155903667, 51.06362342540311, -42.18619342370911, 118.97120593510735, -195.70521140125618, -22.181588029064017, 86.45115408962576, 44.364600597822694, -179.2668607016207, 11.467307146813079, 94.68714663136556, -84.91812363450508, 105.01174639943568, -32.92417180145627, -133.5332414803001, -26.448417023881227, 97.94794008323709, -7.696375143496134, 31.450757196932052, -23.89427025274405, 114.85966692221858, -8.222374905662138, -4.670962097242819, 85.30556354191562, -29.211562590834443, -78.17896352943795, -119.87163311098644, 11.620846013597628, 34.88102574986756, -45.38928451463918, 88.03477493771223, -100.01374758525782, -41.06978831326832, -11.629825065163988, 160.60688197313215, -75.77550570442098], [-21.476090654107008, 50.314957695799976, 18.751036361753698, -24.149774850763414, 732.2029538960824, -1.7834726805516254, 68.40642111830783, -125.21090425923158, -6.922160567327637, 39.26376416124289, 11.983442498285422, -59.94589579533412, -39.3521413266296, 10.11624609007468, -34.28702302007065, -85.57193613807205, -73.4162405197404, -81.20790986230278, -58.073091136513206, -34.15148490044222, 156.16573375938194, -15.70461730375215, 12.769228233631226, 70.2790713442729, 54.20628932711435, -32.14656625131018, 3.4305955858058, -66.23346123141614, -116.45904483023463, 64.81231651735662, -91.73901161782811, 38.15316465433273, 59.916058004801585, 25.74513989506913, 17.45350042144952, -2.5614601773811083, 35.474836976309696, 53.80985149366696, 8.299380098913556, -105.31336323127383, 46.9436473697958, -0.7040862781657695, 20.6400971864216, -77.77901008775197, 27.372929069963284, -101.48271469474821, -73.83007854536397, 62.974081755193204, 50.64732851189646, 81.05093671920689, 93.98602878110874, 45.90955769587113, -40.1213041921509, -117.76695364955073, -88.26376481417418, -115.19731454215149, -13.613690436400248, -117.10205824909568, 53.29562317498589, 83.40499844575663, 49.05575199699331, 98.17368790710796, 130.04597814133626, 92.23418226408008, 9.433399653577819, -65.4109965951562, 43.53590459454858, -22.87723799102443, 34.46707338020381, 17.52340615422021, -67.17631745252517, -35.95361243284745, 97.78941967937541, -9.95728709858385, 6.981183122724441, -5.847500396619902, 24.20138465380408, 26.8582585012162, 49.01750058341648, 68.29700317269761, 179.2137988257872, -70.09308922520486, -26.73132817240921, -5.154439897330826, 50.37919489327672, -47.23510315297039, 108.02875342996519, 29.247544787874048, 31.494714225083392, 12.16913894628312, 15.692566998560656, -70.05720347589146, -13.3156809849881, -58.175162105779116, 30.948660540142683, -26.533577936646836, -36.791268926948185, -114.16448339612832, -36.901443826415885, 8.421907682758313], [17.286400032535546, -116.90582015978521, 48.13397386384512, 34.006233770150054, -1.7834726805516254, 656.8643365702492, -117.43624806196608, 116.00695235259865, 115.2288509437969, -35.72111115861648, -132.27950498130912, -105.35933017366031, -137.51019767699916, 36.620181242222614, -56.09959001016431, 81.92883181243553, -5.294707571943052, 133.561320578195, 74.55649705271246, -41.08742305376658, 30.059769839781797, 142.57420129025428, 10.469811864055867, -138.87853532764584, 68.5721279221717, -67.66980722858882, -102.60908118477651, 130.0918734966252, 112.21106194797582, 81.22733230243034, -99.86717969304681, -4.644940637510317, 9.109332769089988, -1.4849442867594966, 39.48163205746161, -112.41663006579422, 57.93555561572312, 74.62401626521796, 40.327016472852435, 51.00130547585189, 97.66373891332319, 11.764207493880653, 166.61202296498365, 15.185732062139017, 75.11056753801913, 13.58144898062113, -136.1700188652442, 7.395411876175917, -76.99545598271628, -154.62457153694527, -82.56438148527812, 47.29672225477768, -19.713589389351608, -96.76706209511973, 22.38235921742027, 126.14221673779439, -30.903088782631826, -62.05818691000209, -71.56530256588375, 144.7343688821225, -293.0247489299698, -144.91588398194355, 14.59226700913726, -25.89143291760574, -68.75348400888913, 81.88269413735976, -3.358674251867508, -29.437046503202755, -62.101748242722024, -46.641015032147905, 17.9782895475091, -26.648377142551368, 23.51369808371646, 96.62218087588337, -5.650627347967416, 18.801303508642427, -8.793047669462652, -67.88330419169465, 1.5267830603398123, 45.77604370035931, -30.596766838911737, 66.06562389429253, -17.222087666357062, 58.38218793868606, 37.24384872076956, -29.621356598848408, -47.075026405950496, -18.60408552925177, -50.81099258656114, 29.484308137618044, 56.59134873422827, -46.70961619873391, -95.12491094879778, -111.8729351485988, -30.160128395635052, 1.0634072301904425, -1.3341337145808723, -33.63878911737054, 67.10258354335818, -17.908109419330508], [-70.8979039645896, -23.37459772437353, -116.75954568361745, -29.550297149221812, 68.40642111830783, -117.43624806196608, 775.8671947225938, -74.51721056785247, 74.67144722591104, -26.614570853142354, 99.56294229049739, -74.93714976696845, -22.265555310243407, 84.72954475218644, 38.606000003313824, 46.064114123973035, -33.92730590540309, -119.50568522772214, 35.174012546050086, 87.02561669107484, 86.27212251866929, -25.126912463456105, 60.712835063230635, 71.0093676198484, 80.66617210992071, -83.34253762282484, -103.00294339664143, -80.0189728148047, -8.790540254956236, 15.56913586926493, -27.29367695762634, -139.7791589876045, -11.708354534498806, -40.31225557025009, -68.29706134987461, 75.63935863791035, -66.2387957865157, -119.66360181679708, 133.87492540821674, 23.89836306515103, -16.63115237141498, 42.59001527342028, 30.155167605321182, 118.33654752524377, -60.30913060059366, -147.39609795411445, -122.39937982632557, 4.524510554756141, 44.59065386251892, 57.387775776579254, -11.892071137681508, 55.144787999129335, -3.9153923017301264, 16.318610773957904, -55.225246087450756, 27.91011202771707, 107.44496838089484, 20.712876519016888, -90.47943634180339, 87.1819659629836, -24.579465062433634, 151.10223871549007, 5.886901637881621, -11.879673965825042, -45.450324030769906, 8.392524050589325, 47.78019972956756, 28.495895373263394, 30.484865529655487, -14.877882333430271, -10.62851744579142, 59.08772233188275, -37.99088674839634, -50.402475375386736, 17.338487883830965, -4.912514611245282, -0.8630699076010773, 55.845551331782296, -119.87388745753609, 0.39632465137650374, 32.30407728788716, -14.338347160702252, -39.302228362243525, -110.47423729098884, 44.494929659494055, -45.2884677656053, 21.91947154542775, -15.040346821967743, 119.46405416599391, -23.289234377529304, -24.036752132578542, -64.62343302304096, 13.865400075070738, 13.91158553130682, 117.3924732975185, -58.91998349422462, -48.16382280802015, 154.44445388347253, 1.019893173208247, 14.87243386873345], [70.5063141665592, 25.241469894235365, -72.14497568106573, 91.86306877166298, -125.21090425923158, 116.00695235259865, -74.51721056785247, 848.3495777662932, 78.03152687653929, -40.80666137480891, -124.77270430195006, 71.45953402809843, -24.5659355538256, 75.16448446974196, 13.922289468810995, -95.60106148337579, 31.90916410183486, -2.151121851406153, 57.063642961760785, 23.838904120831025, -16.990042261178406, 131.9407098120754, 45.40451751867063, -40.28651369355612, -97.03380660619526, 190.91923590633306, 99.74501801839065, -90.54172153364092, -123.14001887892091, 32.539286043202985, -65.79531662302539, 7.057019649655581, -43.0839222298536, -162.692738058357, -11.060465108055938, 107.63555200077096, 51.965992532951915, 64.33411344353343, -110.20881975777205, -16.58287120724918, 87.18335050077575, -37.63945599978422, -10.89182230919514, -229.5712569764002, 28.090067371672767, 82.25356464114002, -5.626236916440671, 107.29632507029669, 11.132795419897985, -108.36896087151516, 37.61071904148671, 67.04569896224818, 88.09912573052424, 51.65665520425814, -66.69451067980562, 66.89144424492649, -48.85349418798763, 66.6318870762738, -46.55122712162662, 5.526196524638754, 6.507257960770842, 19.288068238564946, -77.62113638720506, -84.84636019999967, 39.7637003110274, 104.77492948171192, 96.78107029756296, -16.07472233265682, -110.62685184729824, 18.873509588211107, -13.330570164299935, 71.08928866611761, -16.16109420203308, 31.428184702045215, 23.50868196675081, 97.97345303130325, 34.360389610855364, 31.390758542539206, -120.5030307283709, -155.31422494376582, 151.5394813955723, 85.15264467886536, 66.25500642802913, 78.30960230683394, 29.804654367881742, -16.29998020553488, 2.296889785040298, 102.07721020288514, -160.94767616224277, 45.014301025580444, -41.0941494599217, 125.8238283619707, -22.822327638978578, 107.00109853782071, 148.6273340290296, -81.47601700309227, 72.08171148517778, -51.36993630202703, -98.64592511733225, -35.32217349347308], [-76.86031327386506, 39.755604683609796, 121.2551125906881, 89.31091725831917, -6.922160567327637, 115.2288509437969, 74.67144722591104, 78.03152687653929, 834.1625332850812, -29.933151836192096, 65.18719163326166, -134.8336715575782, -34.26512962489542, 142.2302294996937, 17.285784301922423, -38.00411074781108, -5.997719500149156, -78.49058729724612, -11.814289361551584, -120.36272856524543, -72.37814525535934, -59.25839565606935, 106.92857998142378, -22.688567585728094, 129.13794636334825, -110.9984118312269, 59.70716429544219, -49.3912492902333, 85.15250076040626, 77.00517349791957, 37.756316849758946, 25.954403428823724, 50.93876569435825, -87.75165518786413, 93.14238059752157, -133.96581134033124, -14.327171374336203, -11.47511009739466, 130.00183064847775, 102.93828401877671, 87.39911462304114, 19.18376947370202, 74.20529512476068, 23.68832203895385, 92.59829650997264, -6.991770289223505, -99.86057815975617, 10.615181875387728, -77.34050697056311, -77.35161758812988, 32.9060715977647, 7.00537320466262, -5.643821952094613, -42.66795699614413, -2.198968823290882, 77.13804333470019, -51.85775314061839, 32.4625638055732, -3.6492646826519963, 118.20076832222115, 61.81697995521752, 83.99178499377598, 81.37208000866298, -40.168554083916995, 18.10062625371094, -62.439816837007484, 68.63222263705951, -23.56227776579155, 82.14311674433836, -88.96470813857556, -30.404472587075524, 115.2712229703601, 58.81403199389179, -14.470356388019194, 63.00784836900088, 45.43420289612469, 61.90655347855877, -67.72464303440108, -11.618228646736402, -2.2129223432755873, -147.3881402034757, -114.60801775683798, -141.77004751297767, -48.11418589478076, 71.79213198487884, 16.344924688377223, 136.22085942507678, -8.342990718543293, -70.40752581395738, -39.67789361060073, -52.48171989534658, 46.33267656495577, -42.02830401335088, 75.44739507105294, 124.7882564661372, -28.89814432394507, 20.417465606255195, -22.011491489372442, 61.687911783021434, 161.57533057400184], [42.280364089179, 47.97891926259574, -62.285280923635156, -38.73000389906299, 39.26376416124289, -35.72111115861648, -26.614570853142354, -40.80666137480891, -29.933151836192096, 724.3761531201441, 29.15291227521878, 41.17773522827788, -38.38550607278687, -128.1453244898979, -108.50737679434849, -7.546081644212504, -165.2744211346872, 2.367786601938855, -7.254355620990882, -33.96284915611646, -42.105190480970165, -68.54124045998441, 50.01373281964409, 68.01563848346314, -72.32234006258497, 28.002176784132214, -4.095314674043788, -68.98509182518856, -36.84579436685782, -10.463454584777452, -113.15144164535079, -65.99421576860439, 42.69843098888809, 96.4139598726055, 43.920654270058, -97.12972312802026, -25.994234948314787, 35.51537933400404, -68.3583069781398, 2.450997199890594, 1.348198813505972, -13.807271493230305, 75.25526742913843, 57.51638413728312, -67.36880309937916, -52.29127503395369, -58.754763598983274, 64.78266572557804, 81.7237380477189, 17.927976209909215, 88.93442623142167, 18.282050227698548, 109.66388785754296, 23.39574054572191, 58.096272536269886, 6.705240926278275, 145.38348052511947, 65.43847135380891, 41.041243650726045, -104.54880946012827, 78.29214264548692, 98.25988292452554, -12.491946141663561, -28.743315028300962, 17.95011365061743, -114.8758380765489, -56.00120383353954, -50.966376415084625, -16.910821921488782, 127.77699647570168, -18.279245038897173, 19.580656079969074, -27.666360016916194, 26.4117374304585, 63.28782858246008, -145.4004189574783, 57.5644942712177, 6.825515209617594, -31.294875743109902, -35.878285730392435, 30.119134944469387, -51.2854532236244, -157.45136865350887, -40.10215361011848, 5.069372516065516, -113.28285476133638, 11.245626617431359, -17.14724788710061, -109.22545703141655, -43.35504913077662, 70.85987545282575, -90.89432647962326, 30.909604428348267, 50.031826792610566, -36.77757267202935, -54.76998387904957, -23.977129354528927, 66.7104823928166, -43.028608061414815, 103.75607240780633], [36.69391875294245, 51.562574881792834, -1.525073170742639, -121.93102151265055, 11.983442498285422, -132.27950498130912, 99.56294229049739, -124.77270430195006, 65.18719163326166, 29.15291227521878, 873.2550590713938, 60.086652229914606, -3.6395802483796036, 147.74414442673196, 8.424368061707774, 17.27995597914594, 23.7204257845481, 39.63295858632601, 15.844791086286214, 7.318277751689646, 55.61445033807542, 231.49534544919857, 108.47963371278804, -1.880072107492206, -3.4293625039918663, -89.2739728927436, -73.42361646532817, 100.40247746246158, 103.29318681964, 35.88067383163493, 85.56327054408207, 50.88417304994199, -30.22565184781057, 151.11261308612586, 1.7549691050647294, 109.94798409484048, 7.443088766165051, -41.8141095028817, -111.57059674629424, 44.23396132913773, -113.4403838789603, 0.7164093084633882, -128.93554476517724, -25.783056419420618, -69.48517247612168, -55.01647477883784, 57.74883806872546, -43.53477504987804, -91.48831579234454, 178.7410859503664, -38.47302598708326, 227.99304380097303, -49.08867193998273, 44.558748361808426, -74.22212014564474, 59.21733989548011, 47.0109429649917, 7.804233363275689, -52.00513419350074, 107.0285359075283, -38.540103988518844, 105.43448344428236, -90.26322054182698, -84.59538492011234, -4.208609587918005, -105.439406665528, -13.917616825762245, 6.834658507407802, 0.2801679235983414, -24.59647271632331, 178.07117522067938, -117.608253330405, 45.89115684292721, -58.99839608370722, -133.14578257586578, -46.365739844569426, 77.49788419676943, -116.96369526475593, -40.12447283397937, 49.85071437558431, -118.8232325832834, -11.431429395680844, -121.1583591964581, 248.4847009915115, 134.83828500414208, -32.0583039053887, 94.1913743399826, -58.8852327573492, 5.746425635742703, -15.727497624349095, 142.63619194089532, -84.30457248195597, -28.204877738118498, 94.6159833743234, -65.59010997316389, 129.43968008783943, -178.70591105022962, -60.9869415384737, 5.374789054111229, 121.81877863089103], [-55.876159511316324, 159.3564870434305, 127.51314190911381, 36.37322625563219, -59.94589579533412, -105.35933017366031, -74.93714976696845, 71.45953402809843, -134.8336715575782, 41.17773522827788, 60.086652229914606, 772.2186418520718, 64.82853674766503, 33.8130192349471, -5.55212478766979, -11.604054018252537, -1.3890276806217348, -39.09394856088437, -43.60159109060721, -2.5365055088882578, 7.095431357616281, 5.504443898018863, 162.1817364578036, -28.087138586078478, -34.341436797281844, -34.73795134038117, 135.3676624072997, 48.76773666354729, -13.474780910318911, 33.615320604506074, -1.3323829253043742, 104.74991848227677, -66.75727133507665, 22.872990188921456, -27.254950142020526, 95.55667124665423, -84.46684223387949, -65.59598344837042, 8.47498077174043, 19.788318898887447, -66.91898280275029, 49.707899719207276, 10.178579108060958, -70.43017626932287, -57.6214204930408, 116.88064105899545, 97.82673939076668, 38.673367834415714, -51.85268577858568, 10.235134206060593, -65.12909062878853, -86.70279586005006, 10.06820168330422, -28.6404117306285, -19.448520853496575, -117.02303021758469, -91.18343199131974, 49.64185818817114, -120.75101628170769, -200.7146096348857, -80.59163668882313, 25.52265553922921, -113.59507862359736, -42.559595704177845, 6.0422683176212715, -88.05664311625705, -115.77242788924035, -27.684970535857516, -136.2960033778405, 32.44401391913146, 223.06562137261892, -31.34119716701636, 20.338807433403918, -52.84889147727404, -96.81832084952362, -64.94812291732455, -59.97188767711235, -41.04190761503325, 21.26221835813829, 94.90598457574964, -119.54886162926094, 132.97575526452337, -80.0560511044913, 68.76941618107787, 29.343051175327858, 20.298427889335017, -61.18852173648992, -159.8807522835871, -25.46979960189057, -46.38657778936318, 60.53147072989316, 37.512343354978654, -14.344177480600884, 78.08979528532018, -128.86006681319785, 208.02235510277058, -0.128440079060411, -71.90117673737421, 41.76245554397923, 48.45294195596806], [-142.25014351438443, 14.964247552075298, 36.67446802476595, -61.89062181405763, -39.3521413266296, -137.51019767699916, -22.265555310243407, -24.5659355538256, -34.26512962489542, -38.38550607278687, -3.6395802483796036, 64.82853674766503, 782.1834798282981, 60.27703405258744, 39.45755025821406, 14.615216910790924, 121.84531675439172, -131.54113584136852, 73.30657717923904, 55.89083409789757, -35.889101463480614, 85.10076908129177, 57.64538122547802, 80.73114710156163, -98.78194775801374, -10.317701845983745, -47.30899223674056, -79.3471765075491, 9.82399040474932, 79.35265141686715, 51.09923437788693, 43.268435239146115, -52.886369109678, 126.84170173920363, -32.785549927628566, 92.81778808149872, 66.22629831903977, -121.00684822412218, 2.039170015779057, 40.11864215028758, 0.29724953495356754, -16.113347985468806, -110.56139763294618, 155.05194657412932, 30.900808897355002, -55.547717002457716, 52.15870499322895, -55.18092235805502, -5.125213003807787, 60.78988503178502, 93.61105996897226, 35.10181110875344, 144.49886500020048, -40.33554505029003, -20.09542656635699, 13.919563239333076, -81.70122611982232, 4.070144991263649, -93.8564828518107, -21.162510809213995, 123.17960532029073, -16.058817589877478, 38.77278093134947, 78.36643328032396, -85.92652292482451, 145.8799114604269, 86.39753361653328, -41.219560533423, 13.964480403620746, -153.82179273920028, 7.877345507225947, -47.19384024689629, -36.35223090126394, 88.2094620976531, -59.65852716792555, 221.66187717236505, 90.46018555796996, 61.46618365840484, 90.42523952650367, 39.83600341761012, -48.439197945230106, 107.21268728463883, 20.105960146053448, 24.35706915239013, -134.09259703123425, 142.12546217268377, -61.26633870225468, 111.76338704199296, -30.041279065332287, 46.38053468308738, -125.37894957023204, -2.978897587643605, -31.86824541085707, 109.30950590670749, -164.07145914051577, 31.588910729130248, 2.376521228979941, 45.09083308694951, -79.07603427521248, -26.67620445891147], [-19.117597629247207, -57.97304613146869, -61.12784643632982, 24.382812375797215, 10.11624609007468, 36.620181242222614, 84.72954475218644, 75.16448446974196, 142.2302294996937, -128.1453244898979, 147.74414442673196, 33.8130192349471, 60.27703405258744, 717.5920778495381, 93.03731275162093, -6.787681304196386, -49.89601112705386, -37.18419666555152, 101.99717107555274, 70.54246867082253, -53.563705079047224, -38.675032399369584, 57.91925737603385, 31.725650224012618, 13.365843223724356, 57.145119637728186, 7.901601297153881, -18.075679021290302, -6.3287658294094165, -112.26018277521507, -2.756604655816369, 128.11086478643008, 140.9705129012278, -78.90635878604004, 7.524254899225003, -24.810513283824598, 69.7469765626584, -9.314816428782517, 26.811006680037835, 38.63974598148623, -103.33523805956224, 112.80102873584667, 104.88926791039543, -35.24263745217102, 57.907157507679536, 10.78492231964941, -128.19788427077577, 7.044355033496576, 49.82716345287608, -83.31040954753884, 152.39173600246113, -44.02153729405902, -26.26927503146167, -71.42714946397855, 135.4981531421113, 127.42308343547573, -2.3861380197842497, 96.8953656321313, -86.05662785834552, -44.94315154494426, 94.90881882630521, 61.91697381590631, 151.07171128482065, -29.958720937362795, 47.21426166860511, 73.33034687477556, 64.7153761276075, 57.44775057313409, -68.54641708934234, 96.7719842507183, -112.33924642647946, 85.65727552911106, -4.697134897969729, -84.34677509695898, -13.870957187247058, 19.24965725294224, 18.161386699030718, 132.54627904262824, -2.2193274876327624, -9.725257338202518, -8.856660559971552, 7.755829510902371, 47.35497352836019, -39.48380569443872, 37.2977932050383, 40.97801742118626, 60.50843856035348, 55.637470126284576, -17.509300742808147, -15.749147183896191, -77.68215492488028, -114.8436706502896, -3.820089320200381, -88.86022840332797, 71.61358692607205, -25.341056136183546, 12.868466294978337, 52.11379291245315, 24.31773161114889, 3.6361247008637747], [21.645985848220278, 50.71091146752779, -47.24602587953169, -5.545616601250308, -34.28702302007065, -56.09959001016431, 38.606000003313824, 13.922289468810995, 17.285784301922423, -108.50737679434849, 8.424368061707774, -5.55212478766979, 39.45755025821406, 93.03731275162093, 967.1706282871233, -25.903264672702953, 11.480087839333079, -8.067511148141447, -24.282621083523928, 0.3004069895949577, -48.660139279309846, 102.99279638525644, -78.85889087436047, 106.38336363653127, -116.09053550774141, 11.861362462405564, 157.5922944577434, 36.48398604549365, -42.66687357106065, 25.110322579100075, -10.687540726206272, 3.4105702984005397, -78.69892014578639, 52.72679474657617, -36.35169602843176, -49.99243950629241, 34.1193283185528, 28.97800654060751, 59.60036520886649, 39.833506979395274, 151.37951831736996, 128.13969157137035, -50.0734901831617, -33.753643426902556, -36.21572204642071, 37.69652886253617, 67.26667469243213, 112.65179028916211, 31.809278250507596, 18.98399862408808, -77.99351940600849, 32.73005000005789, -4.049741899820385, -17.95138123707919, -70.52900928228374, 49.56199744709146, 33.472473801601645, 5.973727209556449, 93.58972137844036, -28.63317035380821, -19.831639108422678, 4.4638234566722526, -28.39131911965959, 30.080234416244334, -45.8545438208176, 150.61920537712288, 110.69840741517231, -148.66667512502653, -156.52033758830575, -10.669866482740442, -133.4287063629309, 16.467835704800468, -130.87661915362372, -49.90051915866948, 45.53801041652545, -91.57081738825727, -26.300239417332765, 16.845073353815366, -65.14478562742696, 44.276350411068066, -10.941158885997346, 120.23981432797888, 111.31766814310714, 33.748818023707045, -10.35592262088202, -40.84842327793991, -4.132553711356675, 2.62532253690297, 100.10001665275114, -16.247397350481208, -98.22716537607799, 60.431250936047924, -5.835933971673953, -139.5906832476053, 11.536414380508138, -7.035523088681309, -2.121665848994539, 33.87183999850379, -4.677248365329692, 0.4202384141201634], [-121.81956126843913, 3.2855122576657476, 0.542978395279758, 30.947993220936674, -85.57193613807205, 81.92883181243553, 46.064114123973035, -95.60106148337579, -38.00411074781108, -7.546081644212504, 17.27995597914594, -11.604054018252537, 14.615216910790924, -6.787681304196386, -25.903264672702953, 845.046088682333, 67.94832848105055, 51.02016821493405, 31.241353166441414, 2.92105806930409, 62.68112123091698, 49.2001329599301, -50.37626266346725, -90.35369277073404, 24.93495232859123, -0.11116378264427595, -96.10366358217243, 40.74790660376444, 47.757569120667114, -178.23185033838973, 54.78017328734704, 43.17565035202614, -68.74063699835963, -24.67568816250849, 45.374478753562336, 63.43026984011892, 62.16084151781443, -111.73951913725107, 103.0138394538663, 15.734088928721958, -104.60227332777187, -31.46487426742175, -11.10023939679902, -52.313196766474036, -10.810360070526942, -118.07179115054115, -63.79430522660979, 41.434782651187895, -132.60777913301018, 3.057295708290301, 33.44134627372766, 80.58167771207746, 2.210659472473683, 63.94029715593065, -24.89746996093805, -15.21151870007369, 138.1092967668335, 46.19944011248227, 51.62222950835566, -33.151056061871955, -90.78173347796731, -55.15336964399894, 48.385209711020856, -16.910160309364638, 90.44734841173569, 147.98791344811417, -46.867757019459454, -30.18805685266854, -29.427015689044264, -2.448550030228197, -81.035295456362, 3.803921132785589, 49.319262182849556, 94.5842947528396, -51.891089010006944, 33.71129602956044, -116.07591300500732, 69.27140811679652, -56.3808250735165, -82.82907267620544, -132.86992958039465, 40.08382008817206, -78.80258276109342, 17.860796747780114, 11.722167180577442, 23.619508150443632, 45.00098714575246, 2.390304856166318, -116.11721353888832, -47.50327165163599, -130.42003974435667, 112.77081203640826, -48.34158206856081, 5.817241326137802, 59.59226658967101, -30.6394763821917, -39.767428512697904, 10.432013235668897, 21.375779720957475, 108.84471500902845], [-45.11729951296099, 6.488032089042428, -34.99174627417471, -9.715874963128755, -73.4162405197404, -5.294707571943052, -33.92730590540309, 31.90916410183486, -5.997719500149156, -165.2744211346872, 23.7204257845481, -1.3890276806217348, 121.84531675439172, -49.89601112705386, 11.480087839333079, 67.94832848105055, 977.895069800775, -76.84239421612644, 194.64861747971995, 91.2597487201076, -35.14488942460533, 40.919576996920696, 135.78165993121266, 63.889735084949805, -150.8503849643131, 142.61950755296374, 2.3989746876154525, 143.67187135401596, 60.118184094759094, -55.608333426146345, -60.7097714291562, -69.62205544880064, 47.697514300590306, -60.49401124279568, 67.67134345032554, 111.39851515595339, 29.916143387078446, 58.26294309724416, 63.946802030794274, 38.01909575176508, 62.25797539833059, -107.62215012870342, -47.74137115422581, 18.09616873020606, 17.00089989590695, 21.43225142069027, 156.54145249685266, -85.78124742017407, -70.75373778126787, -14.742268476158245, 124.4869539303982, 79.06436109308967, 4.426949065771065, 0.5575521790060385, 11.284282140499295, 62.440883223882466, -64.08813292814506, -96.41483483463495, -35.17222568435836, 10.997477649635869, -34.65124255572587, -11.727798080832937, -45.48190431315142, 21.016168886939294, -84.50578861584302, 190.07079882496885, -6.428739520996231, 36.729155264862314, -16.84881103864464, -42.70505409273806, -26.11129535622192, 117.93333434831526, 5.894677249276904, 92.99079328820602, -23.78651680260729, 68.60837509192685, -56.4012047350028, 105.5758586099216, 126.98006526256268, 82.69117583156797, -56.29332945743492, 86.9781355849717, 18.312629342902284, -82.1967358631468, 19.06506742119452, 83.8244075286661, 159.7911890757982, -52.87969704282046, 41.246811028564764, 46.15394898782808, -54.042151100231145, 38.35787905540761, -102.52747057223681, -28.59031093695191, 13.03413047265986, 6.829040100243715, 49.22555225019797, 23.54277483780731, -19.086598589847583, 85.29827429273391], [28.7478076013801, 15.359320882264495, -47.09025685626734, -63.00183748292019, -81.20790986230278, 133.561320578195, -119.50568522772214, -2.151121851406153, -78.49058729724612, 2.367786601938855, 39.63295858632601, -39.09394856088437, -131.54113584136852, -37.18419666555152, -8.067511148141447, 51.02016821493405, -76.84239421612644, 684.2618589180222, -24.373108738347838, 19.512295827270073, -43.201590574019335, -30.01234948487143, -72.95935976608698, -126.78880970073146, 59.34408882853395, 40.03765582981152, -30.32624961930535, 27.315236931568567, -49.856220956320094, -23.739517604135788, 40.3718176592752, 114.55803405667616, 35.749578183535235, 14.159216355841988, -120.45925881910016, -57.11215904229663, 52.012298141464946, 48.3233225578518, 78.49911076380928, -14.891748741171046, 69.34354482449737, -25.80379033463621, 154.9346482951953, -40.42579359462144, 12.829121262341017, 145.90032233522362, -1.751942642597351, 22.347870420076934, -11.722894642431488, -102.2651052966468, -26.63697728051425, -2.84533948826195, -89.48276515652825, 89.21081572308435, 26.555745999220264, -2.7553093250482243, -65.31660787587377, 41.030217830985904, 56.830542997687516, 92.58417426236842, 10.754124303966513, -86.09347736804793, -121.38347703618959, 118.94395651495337, -49.56037834511096, -29.719779045978854, 13.440269763137417, -64.91404154880068, -27.482626159963516, 9.089598199487162, -18.292932093092173, -6.043169449572477, 35.27966104343941, 95.00881169635996, 64.32958266773213, -70.95206241901958, -11.33269198513095, 66.6434721326555, -32.125378230899024, -11.438075173261401, -9.289221056355082, -49.39056717530227, -74.45524282857605, 45.86932742615386, -53.69292978513221, -19.74274724918764, -172.3836352238943, 14.332230282713052, 3.536564981188909, 60.431234974343056, -80.54194765227325, -45.834632784766164, -94.91062793977342, -92.1486157519592, -19.196119897168195, 49.62694432169599, -6.941816757094172, -61.52055004128441, 64.73625818699895, 58.74563739070935], [19.04688733025756, -36.96119124475404, -173.6513671144504, 91.89594084385536, -58.073091136513206, 74.55649705271246, 35.174012546050086, 57.063642961760785, -11.814289361551584, -7.254355620990882, 15.844791086286214, -43.60159109060721, 73.30657717923904, 101.99717107555274, -24.282621083523928, 31.241353166441414, 194.64861747971995, -24.373108738347838, 774.1949980886152, 105.55445764898886, -75.87683778688577, -114.92379877398808, 32.84163527559599, -4.735439249738871, 0.7231609427530366, 197.57571528636947, -32.45974893944668, -122.49678325237124, 35.10489164654375, -127.88471834539388, 123.84768733318111, 104.31731925100362, -30.145330706119058, -30.16180957453595, 124.69468460387257, -17.71235196019379, -18.832579347535855, 34.9737053360034, 38.754496695723674, 86.37005551864874, 9.292247677239423, -58.711511614300285, -7.297544406273854, -35.561516484915, 52.23056682543793, 75.64561366508622, -23.166585008846383, -40.246361482660944, 55.01900123884033, 54.629288943775194, 75.7953512951053, -18.56622237494232, -5.7165994409149565, -62.16584309864745, 109.96161189688644, 24.642267309518225, 29.748922087927625, 16.09021512421084, 66.00780706685467, 71.13512191487618, 11.302663428507195, 14.699586174815032, 31.9418406623414, -20.488432514044707, -46.94592783326295, -57.52888628093848, -55.829342107631405, 11.8790072547705, 13.306217272630363, -50.34005793470783, -69.4691609466222, 150.23156336359557, 13.957072633452915, 37.67138509787754, 30.04573285343722, 88.73653418477335, -6.6934053050189775, 34.52727716186885, -64.33694179419669, -15.608914805828288, 96.62550753990566, 87.47187593776854, 22.232169346210327, 4.679686674015201, -15.934147931014602, 125.75368600714214, 156.69571558628522, 3.9322910801770057, -169.56241746427045, 41.45467810535028, -75.43726386164303, -33.449530884051, -128.1689849201212, -42.963011323913165, 44.53750330575387, -150.1622602394549, 37.37616162048921, 86.89797508961931, -26.31211192356945, -46.49489287512855], [13.052942753723137, 66.78017586899405, 7.988133890349314, -30.506977616664276, -34.15148490044222, -41.08742305376658, 87.02561669107484, 23.838904120831025, -120.36272856524543, -33.96284915611646, 7.318277751689646, -2.5365055088882578, 55.89083409789757, 70.54246867082253, 0.3004069895949577, 2.92105806930409, 91.2597487201076, 19.512295827270073, 105.55445764898886, 827.4710292915172, 34.336419378908765, 129.0269792844534, 12.71613564733004, 193.35535363513375, -73.86773922424926, 22.3446611205135, 9.151898787370174, 81.40495743884436, 20.70989925538287, -37.000500468219684, 131.21036083986027, 16.193291197685806, 46.53317808797518, 12.03249150858018, -26.984748760818825, 83.48344517559944, -25.92315677807462, -11.596407735489368, 2.0572655637997475, -14.334003224784084, -19.789233641587522, -95.09133102830305, 6.503436061531099, -41.084179301813634, -33.37950153909377, 78.64849025661314, 120.45689716501452, -33.6494884134416, 88.54444533953357, -17.61206196521547, -19.61597516829604, 134.47950384130664, -33.41429955327053, 32.15238965228848, 75.05480574325374, 88.10824035535562, 133.55665419631558, -30.906620981332345, -105.15930918257176, 73.38171076847594, -90.57310168745147, -0.13621338409955985, 46.719960130378446, 96.96821305529869, -13.74561332609727, -81.31945639936762, -36.33616638579788, 63.673978143614406, -37.374047606633454, -87.70510322856553, -77.07174808682403, -24.530815535362077, 70.80012414707593, 60.62441589188367, 19.042890245716027, 26.072716922410212, -136.46610422828363, 83.71122627924213, -102.35993253899966, 50.627630627220384, 71.42904802830546, 2.473751709133471, 36.11291072590153, -24.784756474699044, -64.93041737078369, -56.13156153932097, -3.308792109261666, -22.565462224240036, 136.61587536389922, -7.496024620437898, 27.459623804969524, -37.68185203283228, -24.793145671248386, -63.274149772717465, -71.40634798641008, 129.5087955097344, -30.012414177267022, 91.50855632671355, -25.458747933991724, 21.604392674268784], [-68.6265285318025, -48.72431125727828, -59.601383132205996, -119.26386873309998, 156.16573375938194, 30.059769839781797, 86.27212251866929, -16.990042261178406, -72.37814525535934, -42.105190480970165, 55.61445033807542, 7.095431357616281, -35.889101463480614, -53.563705079047224, -48.660139279309846, 62.68112