{"N": 100, "M": 3, "A": [[[851.4674690199969, -90.67534614319834, -35.27114909978047, -44.21595015199574, 65.96103974577716, 50.68358239170728, -54.950519672152424, 54.10952740626585, -6.263676068273069, -185.10263551397702, 7.0033927219177565, 2.4658634737462757, 112.3875351424281, 90.21884169976396, -45.03745832796339, -163.88843106831945, 7.975806068741617, 1.760677223722638, 80.36619541588645, 25.088409927609554, 115.066653167126, -92.64177029599175, -171.56253593521228, -64.64387534066675, 24.25685376509235, 179.27161132294964, -96.03137790862117, 47.194839976653014, 71.57426431138876, -117.62423378029217, 99.02031341095211, 8.600135744025458, 107.61616295731667, 37.37959839932058, 62.68456842300367, 104.69168926989047, -17.931387581311107, 38.00504184119003, -18.303077396499273, 62.3982988426895, -11.676563020002265, -44.512174753055056, 5.975039010826143, 15.305688532649125, 74.02855981610912, 80.93884894924619, -6.390668322238474, 99.81163754500194, 61.398474202979294, -178.61967138563512, 21.063417875513682, -26.358652121725186, -86.93235121325466, 81.0166972824506, -50.55937807771608, 80.32078878260143, 12.389662079976347, 33.420161194808855, -66.17983959835556, 95.09804913870899, 41.88687163270936, 18.172722364445807, -52.23478016359885, -35.12541670548311, -83.62507557478929, -60.85704730640052, 28.86585257519806, -15.713254215003024, 109.38299854583106, 84.02241323039958, -90.38375434753874, -34.14804014112376, 61.43169408535405, -38.72790459623296, -31.110096884777192, -22.29170941971694, -77.47011219997653, 129.10438301444705, -48.618581954373546, 107.23226705347554, -6.330155130886064, -62.97601730426948, 45.94706290461262, -60.36923537109496, 49.72814974824479, 68.14672403662546, -26.816829813657908, 1.192589624163773, 51.17140976328132, 159.59400497429488, -52.30828458388926, 19.889599164186542, -23.133220718095895, -131.3658420640623, 138.67178590073672, 33.02552071370209, -14.050147537965499, -194.38030450836396, 14.17792799937809, -20.144525759781807], [-90.67534614319834, 774.2185685867603, 41.422101946538, 22.42679799888721, 9.437748217994944, 2.686240526183461, 68.31403534265304, -100.89200924115335, -51.21233175268595, 2.4767113010864987, -86.90193403492079, 100.12076110808405, 47.10667218179921, 86.44291974385659, -35.75169332230459, 61.95932799012318, 81.19412700946545, -8.960758673065214, -21.56022300376265, -28.305922128836812, 77.66409433747508, 53.869442419139084, 68.44261506779334, 15.66840473544902, 21.417814146070192, -66.68537575777403, -8.576398049188146, -84.2524044167345, -47.69736889806421, 102.64189071672028, 18.023631128292998, 15.180032868105947, -21.414623504017154, 54.44574347966395, 87.36759072722484, -72.21437881637453, -56.25518513946336, -13.904960171875135, 33.30337157196959, -53.618891876852246, -66.14753492937992, 54.63314457230971, -61.05831896224382, 6.947013323839696, -124.3669589795812, -65.74093048682802, -95.74751357914003, 17.400266424341005, -70.81504169672365, 28.866251974308966, 17.205952673561402, -29.811724494411095, 180.29317557660045, 90.54833565467489, 45.258309827945006, -145.9519226285987, -148.00893178437644, 49.96860315100677, 98.99133248285236, 3.268591049982149, -145.0701545480685, 12.150827862779439, -59.28185903471143, 28.736972498666475, -57.85751074590573, -86.10806507074777, 123.03213813749193, 66.6086783055574, 66.78624954922847, -31.723992825390013, 171.90799990300093, -41.78982022182683, -153.24051628228528, 93.47283053725796, 113.84017529261382, 77.38965609466646, 67.85616181497315, -152.20667238088572, -51.22132138062617, -64.09928050209018, -21.189568642254745, 95.28528249358226, 51.673823622673, -3.9544275192913183, 112.36066874110216, 34.04327666697483, 35.2964838117559, 101.20256205063004, 73.76345006095175, 54.201972211176596, -36.24537626479537, 21.178804603510258, -68.78803399684605, 67.12775266198791, -131.54417137188554, -39.55918100981075, -129.20269824915613, 69.7246720480597, -14.279220239990842, -83.73675879793569], [-35.27114909978047, 41.422101946538, 640.6986603971266, -73.4282958574774, -41.226212201533755, 94.76572927849371, -7.058041405375029, 12.638775786331852, -16.505372838605417, 133.74645810456263, -176.71045944045767, -61.367297334435804, 25.123412120210283, 0.16878144347361523, 15.372742792413897, 69.96392588427548, 25.834660592169318, -2.30850177459018, -57.801352486287605, -7.108210201477661, 20.563417873691343, -75.99018223810799, -50.04002947309546, -5.711571066954752, -70.75676461919291, 41.05330654716739, 104.84805968912865, -31.628393330750615, 25.76960564701278, -11.5873363936722, 42.78932922766217, 9.610335542581435, 21.655291788141444, -2.3016115393053287, -25.975749919932753, 90.39652564041029, -1.6997789059448216, -25.598924204201484, 70.21261868140981, -79.18236365620825, -32.605404703071954, 7.146038551869623, 83.56495990455169, -21.834119456293273, 2.5237222218778825, 88.21582225272395, -47.595140897440395, -78.93806466477832, -119.37173082751858, -6.6569309778311885, -108.15810237811361, 56.47818142840333, 35.08256531055482, 1.9486910945513305, 40.92013845904191, 45.07163673491628, -96.52220796584723, 13.595104603729226, 100.66181204978464, -164.3757895297687, 8.448109520473999, -76.09434501084091, 41.39370536470192, -78.42316737283085, 62.45774806195584, -116.93345864282063, 22.834405607519606, -78.44189970223334, -164.03309897848115, -46.13214346771807, -71.90028047513474, -34.59019615835946, 65.04851967055484, 94.4577046776807, -88.21987493859208, -30.931836406240514, -51.67836870416312, -40.167729135201526, 4.505956024346411, 197.24110313547428, 78.33200714534982, 82.69393097787882, -16.99140414203581, -43.59758537635602, -76.3009802666368, -19.12724164260256, 27.987749578481864, 25.0520144179747, -34.784336843539904, 112.14618120952662, -108.18901832842357, 50.98828143419284, -48.552888874210225, 50.199722941951094, -52.060841994307985, -15.400759874082492, -2.9651931894617185, 7.451324671076226, -10.60016708835763, -103.25530681410277], [-44.21595015199574, 22.42679799888721, -73.4282958574774, 654.0960845007531, -79.78470004517861, -43.845617042964065, -7.082910027806171, -185.20659196073774, 58.078454446110854, 25.538771633349086, 133.4720017738497, -18.87468046694132, -35.26248964650543, 73.43734876762713, -25.78649555083171, -24.164656389544923, 105.58597122863924, -119.70815618245818, 46.06072123524963, 20.17687459617031, 8.322839637022383, 103.53320357574832, 52.14324786569727, -6.800561195498444, -43.370709904954886, -35.282210450846236, -49.15491587171446, -25.003945611070694, -49.52210268476234, 117.25986845387808, -61.29597667913371, 38.48068147866709, -0.020142929279977295, -78.45219932330173, -30.429908465942447, -82.90007499302692, -51.38486398717226, -203.48434636103394, -78.80084612679362, 92.43491808890391, 2.17691791520334, 29.58201180881536, 7.915854732460019, 86.39850022916656, -60.66990548722191, -74.60390968347551, -68.58495568821145, 28.595043715337916, 156.1422329560133, -70.01448482980916, 12.199610212681108, -20.761178208541118, 2.162656168637959, 35.00029085235255, 13.211995437396844, 119.14477041678666, 75.36034374583427, -80.67310579048623, -11.877525936131018, 76.80199476335994, 8.392474845481772, 116.74744145312235, -15.16389194409482, 9.992412723907947, -116.42163367046447, 62.490170667658475, 42.328187136012616, 27.94377807925338, 104.27773986108369, 28.634901164084603, 46.14613880181724, 76.42597099945026, 21.59803318388417, -14.600995332519423, -32.18565042725449, 11.008263614854698, 113.11268585946257, 48.23056993028006, 49.82121660508521, -20.36112071397254, 100.61373238840352, 3.424926505811152, 42.91368651541881, -87.31881515544477, 3.4846912498059, -31.202507942554313, 116.79411866585978, -36.45735033819755, -72.72644492386883, 54.60757218781165, -189.82503567752906, -17.230996524885953, 49.43437284072692, -111.7408201126375, -8.481032414692372, -18.843315857159773, 121.2505292145301, -113.26610016121373, 48.101970764416876, 31.20378869771348], [65.96103974577716, 9.437748217994944, -41.226212201533755, -79.78470004517861, 647.7831961760068, -131.1851839603721, -60.515193477332986, 1.2630727540678535, 6.308530254104831, 22.083116737584678, -75.86483814228282, -147.5024770068416, -44.54838352268635, 10.694254698553902, -97.68375335797363, 89.22613803552485, -4.6302147628828685, -36.712390369755, 48.845173179445325, -10.001319779052835, -32.89482408288174, 99.02602576474938, -119.69783050437192, -12.831112047488608, 83.1286040600313, -133.98048808079216, 49.378830793659034, 19.65473059010902, -42.55812201554731, -56.24856896038136, -37.41294953117136, 55.73069149471929, -9.707090070735182, 77.8962044165426, 170.97563087360328, 101.00823587760968, 31.781038023965216, 69.55379494519232, 84.7962631702026, 110.70114790452429, 108.44048063971447, -65.4676269975906, -97.65688836938739, -43.89047589028299, 16.02125836449171, -72.37385551522573, -127.27888707682713, -5.165968835168023, 136.89880741296113, 80.42182982956157, 113.41978201367917, 31.095943678140152, -100.80917927350737, -54.108371799658734, 104.83738909504137, 122.70629926113946, 124.42963798665357, 30.04247313918637, -85.60208164682645, 136.86708709197086, -114.048539602543, -56.465999331299585, -113.20071094484176, -42.41694688176314, -27.146597145263254, -42.799492209483326, -11.015453112729034, 18.57047394744499, 67.90415250185653, 81.44508976282792, -18.436650764999722, -64.77675705627848, -27.67671563870846, -55.19652873591511, -68.16367038988612, 2.825809637072741, 76.52161302404633, 11.772561422830748, -38.03500265126615, -16.929953622146005, 45.61625309116394, -39.50413231690216, 80.65412240070145, 31.42626984966145, -85.36633543437185, 23.84924193831858, -42.59925043567709, 79.00797459127651, 130.31780121852069, 90.8860084905449, -168.8983218299876, -64.6358998811726, -56.5368132437369, 37.10773590928549, -25.85153235495645, -87.22209520767622, 21.334900724087525, -67.31036733911533, -30.96387883063027, 9.52781722423066], [50.68358239170728, 2.686240526183461, 94.76572927849371, -43.845617042964065, -131.1851839603721, 749.0269885511643, -10.608063369373461, 28.0999125223269, 89.56964079799613, 34.58321227392565, -26.51854542014142, 9.31428442704755, 95.20236889944027, 160.884921880032, -26.80073713471858, -1.8032678499216752, -30.953489273464626, -200.11743082731752, -23.80685519664328, 23.30511097146681, 79.72433515826842, -42.226185771437436, -15.531758255624336, -128.10894777271227, -81.33433986550779, -48.80475859909528, -39.73523914733376, -85.8249845731839, -100.75264856755393, -26.24754377045508, 147.00375403622346, 11.586258128802532, 6.485313068470321, 26.00114869762814, -85.06813588892527, 46.47104298104207, 5.9136474275575175, 2.9315666729570946, 31.29263782216944, 10.560542379580951, 29.398537181853833, 85.10423914557697, -34.43425028067394, -43.3376831030102, 6.938945150638593, -33.086593160320824, 41.23866273230046, 123.57326411168876, -32.22003499746187, -7.29323782799201, -3.4366707995959906, -79.98188127985442, -71.70623056205159, 45.81876686661275, -116.84371872608205, 37.014953211436, 31.965908606695425, -62.13251483755246, -120.50329651149968, 143.2599143649383, 9.749553347693558, 93.13845662798056, 61.16146479531333, -92.22138501157737, 58.66109329510643, 17.727838002457965, -72.812546813957, -59.18271503304298, 16.159334749347853, 90.925166116079, -132.53161403145018, 93.29493493147474, -53.03778633099743, 61.89620045093281, -11.454129550138715, 106.95164068109474, 76.14076539670543, 23.07376132471188, -9.667539533262605, 101.07299019405639, -2.4041681586555357, 1.9380941308970647, -85.18523070512202, -119.05267742682062, 82.65485200274205, -63.704771906735914, 64.07853732739356, -65.43025996883502, -5.633036645554236, -5.646385685386427, 48.76665953770531, 107.719764483511, -20.218358256721032, -9.259680094639776, 0.27323438876677386, 153.70527594059453, 105.96725581470184, 20.96016716520206, 128.52766155732533, -36.495964959631394], [-54.950519672152424, 68.31403534265304, -7.058041405375029, -7.082910027806171, -60.515193477332986, -10.608063369373461, 687.6495943632093, 7.125616299084689, -73.2134928340253, 22.088812693429638, -10.803202972380918, 50.72185379368506, 58.65073509754722, -6.705016603015088, 60.2807614468149, -53.37263676405446, -76.57747096439756, 67.91129386697862, -44.1413372334164, 89.27667438410268, -140.2309701923008, 68.2641341956309, 8.25671103821784, -23.43894726558166, -32.98091881532507, -108.01213471763013, -60.14121072775972, 52.80733374459418, 95.73852825343226, 28.618442447010572, -50.43424664675831, 98.92708224751458, -60.4423463777168, 65.40417423540163, 87.60354078616314, 21.02447867790255, 13.934042217594357, 92.37421653205392, 123.81272065910306, -52.93367863815062, -54.701335112975976, -64.27015498114542, -2.4821686415663713, 106.86454101775043, -25.719487764918902, 130.24411060191485, -106.06466861322733, 33.387326830389284, 97.79448890357965, 20.036213783387744, 0.6847130514200455, 80.27423617717028, -82.18508060872372, -72.46315608770969, 4.514732003267982, -45.55913074890618, -62.170236968591546, -38.055883992877554, -124.87666825975542, -23.55053359447112, 31.36502191620413, 114.95988559909644, 36.27911510499212, 87.50749344868804, 7.995506181159594, -88.22519496504809, 73.18439372539945, 93.29721288112003, 90.64890016752106, 110.66198623292067, -82.53093522196339, 118.90502421763814, -45.49394312865369, 103.83033411748924, 81.12766542141071, -99.960947289423, 71.81989945834817, -21.211466339188046, -72.83823239767361, -69.62870853156491, 76.88107970253029, -49.65096346188422, 92.51452583922766, -21.615780533092977, -10.550775510563247, 53.977229908022025, -69.17027758638172, -81.02947399911069, 38.89824223865407, -53.383163376614405, -123.17563663502702, -109.35370324968517, -58.819538992006116, 2.2312829781052486, 99.16869580288059, -55.481078442346224, 54.38938707963108, -26.824997292129304, -18.112824627811094, -91.08419035983208], [54.10952740626585, -100.89200924115335, 12.638775786331852, -185.20659196073774, 1.2630727540678535, 28.0999125223269, 7.125616299084689, 630.9191825992697, -122.78031264353933, -31.4592370335619, 56.91787643279274, -21.63153152578583, -39.200851718969886, -9.302166145876793, 75.2088148404468, -120.46814827375606, -75.18997257287442, 59.03704703941697, -38.26211224654128, 79.71839427285879, -18.921890961147625, -20.4250654172155, -46.883096382114836, 30.58068361269977, 62.03859639537279, 6.617134505847589, 152.54310844843755, -9.581158645250596, -45.646819780643845, -42.982118725781966, -53.127478267142116, 15.460178138722132, -34.46199338136524, 90.78695568460732, 41.694754507622456, 16.99585809051437, -14.610100289314442, -81.94495934258569, 12.61224473330674, -9.00648386602175, 12.739892063305607, -60.89549043004667, 111.16892730220161, 3.6878378750856666, 110.39895643126427, -19.50066026309581, -120.42177700951662, 93.6091170401825, 71.62916035723927, 126.59395059717436, -40.941007716763444, 50.57869831050145, -115.04455099452186, 13.106245218075784, 90.74714389094315, 109.70699490518729, -82.73371151877735, -44.062856244991465, 58.21191102465601, 51.08224432461727, 39.52415652338816, -4.670045625850207, 26.37322692477296, -29.050336405621042, -42.64788581253894, -35.22178209216885, 56.98714156727373, -9.613356863541364, -4.695157393155764, 30.030082965286034, -117.85579970818395, 117.66016892741486, 84.8416454095523, -91.71763661681486, -27.778756209128275, 55.04966983642724, -0.6257674758803802, -22.23461747721018, 86.26911036594751, 21.974595320605097, 3.942040045937153, 38.52470063550633, 40.983552998566104, -57.576102641125445, -82.03552670673646, 17.673840474618824, -4.878102691452204, 56.34051588669077, 12.64220728140194, 9.097534187625518, 111.84144829688682, -0.8884040812204013, -34.257701021789984, 27.491821158342013, -37.69965891561869, 17.86850564171453, 47.66176679664022, 120.12430951167771, 85.07257814359369, -37.12096508908912], [-6.263676068273069, -51.21233175268595, -16.505372838605417, 58.078454446110854, 6.308530254104831, 89.56964079799613, -73.2134928340253, -122.78031264353933, 726.8811421164052, 78.37921381723571, -67.99430929183369, 57.6337160361633, 5.372822405532922, -57.29604408771039, 31.23341112314879, 56.595274307520405, 74.7941390067906, -10.603088479436702, -63.518485241987456, -57.11792490683581, 21.64084158339632, 59.34313750480115, -68.31195445369181, 37.01399109228604, -36.50287377249057, -29.101969557530772, -138.55375835970597, -13.729228858422006, -20.604619165698082, 39.571074378446795, 113.27365667195774, 41.35267248027286, -32.45443234432524, -95.93354101779515, -53.66987080523092, 0.9001444908855598, 57.69686583331649, -11.909258099143107, -52.08048792605248, -27.206166923588295, -116.31146706826698, 28.988563026292745, -105.32540926819553, -36.78689146437241, -52.26816102871764, -114.91687525300296, -56.600677431777655, -6.019388676817055, 135.54961948226114, 83.90099468546988, -161.9152683966102, -69.86630267512622, 159.2420999690827, 38.53608022928172, -8.940232349358059, 10.03927354305057, 135.07494520068005, -7.814775833336812, -35.39929853355804, 2.1713646064685506, 128.43772697783274, 33.71232606018181, -27.56476639384567, -129.4573740596981, 15.27855802119531, -14.66024734068478, -32.594780059444275, -56.18038541822765, 27.368880610207203, 26.01448312379081, -102.564573824857, 2.6564950556617286, -72.17873016055698, 22.64188330376705, 133.12654520144025, 129.89078366002187, 58.53255440424422, 48.75963755420311, -81.93056788239065, -52.69974397962585, -34.08716060774183, 18.318195965036285, -72.58939716286821, -40.08507896459493, -38.178082869633705, -72.14382540111689, 154.2641397897374, 34.004705871337876, -96.0315418623717, -61.32836431160485, -11.337698494629588, 79.11708667409238, 60.42794732684122, 16.92060229011738, 75.24843244528431, -43.96622151849693, 232.95233239948635, 2.9669298534885407, -35.158330456369114, -91.63337773781905], [-185.10263551397702, 2.4767113010864987, 133.74645810456263, 25.538771633349086, 22.083116737584678, 34.58321227392565, 22.088812693429638, -31.4592370335619, 78.37921381723571, 652.1891844093443, -180.87194317091343, -132.59604939201128, 75.95008117995309, 29.258192167874945, -3.502275629966004, 37.52956231163243, -91.31662137126159, -58.14783546385446, -80.27866216808897, -17.731213259386998, 6.785612567273057, -78.1556771627942, 21.830852154828676, 12.880764825812513, 28.725151437980536, -118.32482071390653, 19.031571705503303, 74.90627197104997, 18.267418213786293, 39.8393966946082, -26.901380374737446, -13.911565606231132, 72.2570194470819, -76.2125974919318, -78.98290298884068, 18.246081681855006, -28.166206946184204, 43.22485843455092, 46.60685711025084, -81.3449674460556, -109.0183795456696, -102.99006904215767, 145.82238917810722, 112.92870895927356, -47.40849000212871, -37.95374026338158, 94.88334025095074, -48.503387074370245, -65.42427129111938, 90.68016772747092, -76.13105883393672, 59.163872825484134, 35.96936567774359, -56.16193522806836, -17.372855599102056, -37.0875372221959, -35.67362216820015, -82.92238401104623, -17.414443655572967, -29.607748209795204, -44.32104098290547, 91.8336993370345, 56.516277864441584, 59.400739662145135, 87.3901813033537, -80.98568212792516, -95.57737566713887, -16.88558360493896, -47.671665586742854, -30.428693404265903, -36.04203549325751, -70.36347066246496, -68.7029057048445, 80.61819661519556, -9.855087116869854, 68.03792562569505, -4.247752611074967, -71.63617760612782, -60.996076850188494, 11.273916984291851, 72.02537806454167, 62.886175472451974, 15.751844442667498, 11.537974544857198, -213.55266127584588, 15.509841272532247, 1.6486092680918176, 53.57243810025389, -143.80314005323467, -12.937215194402047, -55.19890575187418, 164.01691606875355, -30.94658847720727, 63.245376702071546, -85.61315742442744, -70.0807732345248, 88.13977695739867, -6.560696628175069, 72.32509663119393, -95.63609086031884], [7.0033927219177565, -86.90193403492079, -176.71045944045767, 133.4720017738497, -75.86483814228282, -26.51854542014142, -10.803202972380918, 56.91787643279274, -67.99430929183369, -180.87194317091343, 661.0772175198048, -17.520842354786616, -17.042306056351837, 30.69877678424575, -16.559731527578105, -53.42274932431127, 75.6004053020522, 73.67948871699963, -17.10153445193155, 31.65245832719235, 60.2649053379054, 98.2527552704481, -58.23061820580605, -12.533940202236469, 41.019284157885075, -12.091947848078245, -26.096687272034643, 74.33854724668575, 34.22503314882285, 41.285034733295575, -47.811719135717105, -4.024589773596723, -58.00136374037565, 104.74698116324272, 8.82543113205546, -46.606667221368696, 10.837264078483157, -37.52568745877474, 10.215110148830046, 30.500659132734214, -8.847656705336664, -72.82646239773254, -52.78034233140362, 11.151424041711048, -27.33281922809418, -15.885463339107233, -53.09410667163813, 179.14917945159084, 169.77403299392302, 29.485996981260197, -98.01644612140248, -25.734716201719756, -24.20796972499273, 70.18205029554295, -68.37734831513902, 79.59509626752843, 155.14281774713567, 7.9819631077210005, -120.27087728314567, 35.87084673642562, -66.20542357263496, -45.2938069373026, -43.549041378960425, 56.4714949295316, -56.25783633282485, -55.273458821429514, 67.69702470022051, 147.6824941679528, 8.00821383185923, 16.704435939091965, 25.936584872445025, -12.388308566087048, 27.343714740657735, -51.377942651258564, 19.20869406406181, -2.8080334114306016, 62.04901006143572, 79.72234626385787, -29.907389443873335, -75.24386069366284, -85.62296856867707, -11.29063282958104, -20.849761769980958, -88.33840487297057, 1.2016195186955736, -38.85358067394739, 111.30155869818381, -34.430713577282035, -25.69461288037732, 124.30292866614911, -74.0411900368554, -33.01085657919291, -44.44709082272632, -121.1814251991047, 54.46157293361006, 173.61163673739517, -37.49047561583758, 125.65705419754181, -53.19696113493238, 71.48670739527259], [2.4658634737462757, 100.12076110808405, -61.367297334435804, -18.87468046694132, -147.5024770068416, 9.31428442704755, 50.72185379368506, -21.63153152578583, 57.6337160361633, -132.59604939201128, -17.520842354786616, 739.1316382074108, 61.21253298965265, -150.625579771892, -49.70786726110036, -23.94580254746544, -143.59338360627805, -7.6064897586001905, 161.90862917824825, -20.384260930720302, -43.65110809741025, -103.83267749940764, -60.82738729583275, -70.6584306865547, -100.31428689657979, 1.6457928210752328, -33.912532370678, -146.24363614943542, -50.24309145780637, -92.32197595530174, 69.93488179030159, 54.115443523814506, -28.333562212283525, -106.9642575063755, -22.43248903803778, 64.87695930433314, -14.007388392936164, -15.897187337899473, 21.603958990630247, 134.83978544055236, -114.19456014817803, -50.28104044434045, -102.98839843230978, -19.802293012649237, 65.21192784058812, -11.001555034144177, -48.19640489156799, 82.89747041113866, 74.13231621525314, -23.461232871117826, -67.25805481519538, -44.53717454986027, 58.09788168053232, 75.69685123487274, -175.27334582872692, 40.78104917448057, 38.24847237806307, 39.375097560327724, 12.274927702330789, 29.923900170164334, 135.37325320659713, -60.22513271931215, -7.717141531838654, -23.479682076751338, -162.8871694711259, 31.963631069713337, 46.84587101714532, 50.428044219516885, 89.35595645520702, 42.18930790693598, -63.76098233851127, -70.44125274584746, -58.78491122972832, 54.773806948489955, -27.362841044327496, 20.93155747394372, 8.398037976338522, -58.23933060080219, -138.4257141780952, 0.19436822877420834, -71.57011507352729, -5.6827195291714485, 46.28419599790287, 12.39074031127158, 31.48888901456871, 95.32997996721008, -13.710709590108088, -156.78929666168213, 64.32084469179757, -5.3271006803482805, -41.977062692709566, -44.175953673013474, 103.96418974799968, -40.58895897908411, 112.14386051102437, -10.497171539844562, -5.555105382294229, 57.448924907687875, 37.886996872573185, 146.96113342800956], [112.3875351424281, 47.10667218179921, 25.123412120210283, -35.26248964650543, -44.54838352268635, 95.20236889944027, 58.65073509754722, -39.200851718969886, 5.372822405532922, 75.95008117995309, -17.042306056351837, 61.21253298965265, 752.129765522941, -13.678020667938192, -16.551672537203604, -107.53725856373144, 24.108596077640847, -69.51578775602886, 69.35484892740902, -29.25105318288692, 156.596773522241, -70.84744330448977, -3.8213412977896244, -176.18456237562688, -47.50329656733832, 24.06644261815385, -84.86761918085499, 21.6960070781782, 82.63117108010717, -18.51509856737031, 74.99030367583975, 7.4095121620889195, -24.750156030686124, -156.48071281992654, 78.50652793146526, 22.200315284012515, -52.025381907620904, 138.77005484954904, -86.99688325977468, -59.9978823584132, -31.469313852746247, -57.70916288889743, 48.24951828334114, 13.773306711234548, -141.88668125451113, 137.72456861240073, 34.882293633307086, 45.562705742202866, 23.059893121759718, 12.925318060218789, 22.45670794145594, 14.502613250170938, -9.03854274788031, 20.359147406055023, 41.77827389754853, -112.24691662899772, 74.06252928373623, 65.95076512803352, 59.87344610758241, -84.31000565035878, 9.75743045373861, 30.881683520952887, -101.64674747925137, 96.64383183315626, -64.84446621021551, -3.5682604656676498, 12.993212923546592, 15.068250296917608, -47.54365167336611, -74.94327640343283, 73.9823633595811, -118.66911490963066, -68.77681880669567, 57.2328882899037, -88.67172276717308, -52.70420348205443, 104.49350224004871, -130.45455654079572, 77.63526022314002, 9.815309722823052, -18.457230383051858, 27.51449363293538, 2.2892639247119977, 54.32773817102704, 139.5918171039271, -114.96797138827031, -131.42922473630904, 42.44340386033213, 69.95002241880859, -66.95243686820668, 2.119461219797113, 63.418810851826066, -191.05483858437182, -5.956960328726563, 48.88208043956902, -25.430829319094766, 35.62530546787501, 44.07431933477622, 79.70960285454666, 105.63282800953502], [90.21884169976396, 86.44291974385659, 0.16878144347361523, 73.43734876762713, 10.694254698553902, 160.884921880032, -6.705016603015088, -9.302166145876793, -57.29604408771039, 29.258192167874945, 30.69877678424575, -150.625579771892, -13.678020667938192, 968.586592651865, -60.44390175731683, 9.168450427321133, 77.50913877802068, 1.576715754082219, -14.26010695815679, 41.03870059612568, 107.50148720628437, -2.418565691008382, 121.61892523634387, 32.63501843739485, -67.40110788526404, 2.2303423261833615, -15.69414164783852, -26.843713440232474, 8.71429838712596, 103.29384671909246, -46.790523920850006, 55.12176187073844, 42.226202664325996, -69.33766969343004, -162.5663745697175, -28.01131805397334, -82.95268867425848, -24.40397352442029, -45.76152337137384, -15.77145720069894, -49.793635765168524, 46.71110165261112, 31.925153023691376, -129.60531035057642, -89.77895517140975, -91.97736111805486, -45.415694492184954, 18.259927655936863, 122.00854189955994, 106.97232275731606, -24.748685367074522, -2.2917370416189424, -101.99676854891737, -132.18942717062086, -69.36103751472825, -53.90859517619651, 10.222828353247888, -109.61340663560557, 128.50700039844392, 232.22786336384397, -28.86532394658807, -32.179644491464984, -94.61701401162895, -191.05317140034722, 10.53766331970249, -78.4339151242954, -80.95831470114479, 90.20714360543728, -78.01879801239723, 40.34891081662477, 84.89982894662677, 103.99862511025252, -1.2083335377075053, 38.024953605041595, 15.04234149047321, 2.334353324767803, -61.27191509488017, -32.19879575586239, 15.540580066384209, 208.23011486646612, -12.612976795096989, -37.712088381764694, -25.291873710801752, -182.48964922469028, -5.379715820399475, 81.5423132090272, -59.56403976363319, -96.35792518576042, 120.58005368368141, 99.904004605654, -41.695304068229035, -62.7069160785962, -45.36052545378625, -44.98097941956305, -83.16631494593513, 64.69853562762215, 165.9913603658975, 5.3220422621449295, -6.562864628842915, -54.28444695871962], [-45.03745832796339, -35.75169332230459, 15.372742792413897, -25.78649555083171, -97.68375335797363, -26.80073713471858, 60.2807614468149, 75.2088148404468, 31.23341112314879, -3.502275629966004, -16.559731527578105, -49.70786726110036, -16.551672537203604, -60.44390175731683, 588.8492315856921, -38.336847206558126, 42.59732576775281, -65.39296537571767, -92.04911595523116, -70.45576148650272, -82.91207764823918, 41.579565614747835, 8.475481297010269, -0.9396316259932975, 81.23049477455052, -50.184895010576305, -59.831279918779, 36.88358004592432, 73.30902705615078, -45.70239858948103, 88.76659635654681, -0.6666966357950486, -41.67961164907885, 25.315889492800004, -116.26738433642673, -82.73126877026807, -135.2830022529969, 51.5324634265272, -95.04664097772807, 106.93578805081998, 77.7472581067719, 8.550117601878238, -101.66440503991834, -29.562497363996886, -8.818073680288855, 29.055389145600373, -26.09623096455061, -71.7786277857282, 0.524596827972104, -37.58067055723359, -7.752915321654918, -23.464003697143397, -135.14254520305744, 92.36972343251668, -29.72685832080094, 191.68082236610474, 66.98186074266535, -202.2185621355141, -144.6217245827846, 24.162813955003912, -11.733252273229304, -33.37418850945463, 22.89647772734031, -56.7453266542815, 47.05702460365936, 30.963310109902043, 58.16034006749759, -62.155711299848335, 45.49722134202809, 100.00463372630443, -128.75249680143645, 51.99618393571684, -124.67559721592731, 27.407149534415073, -68.78738221075184, -17.032389089163253, 75.87166917538457, 197.3384588449819, -53.02630541780613, -10.888796906548647, 2.309469891561224, -33.744112654392055, 25.674473486797343, -51.4928566074528, 19.46726201483683, 101.52560276287085, -39.153258956854124, -119.72907255639373, -30.60423024281036, 77.6572319121631, -87.30742160187683, 31.26603193593091, -44.829781523023684, -39.14109674824571, 73.44152878113366, -47.161847550111325, 175.93780326202358, -17.016528273808724, 16.683882166088807, -53.03196777437338], [-163.88843106831945, 61.95932799012318, 69.96392588427548, -24.164656389544923, 89.22613803552485, -1.8032678499216752, -53.37263676405446, -120.46814827375606, 56.595274307520405, 37.52956231163243, -53.42274932431127, -23.94580254746544, -107.53725856373144, 9.168450427321133, -38.336847206558126, 696.1463086608278, 36.312143312880124, 20.509075383206127, 124.3843934882839, -79.8663624361349, 5.074614926459888, 22.57781817085409, 56.63967513103987, 83.99309208259469, 47.611417676879206, -62.545626794707765, 47.25554938805473, -12.533439936258493, -25.21999515379188, 57.3483440529289, 105.40857776066329, -29.752161224768262, 52.54872868996758, -1.559014477168871, -15.761495434772666, 20.328073815711363, 19.14551990097229, -23.71683278689829, 23.859583757286206, 88.41850508453028, -108.82146361305172, 5.897728500745491, 4.14644944262684, -103.68900297975496, -73.47977859380421, -128.0448813157772, -86.643189476864, 58.437658895972206, -93.73096394384862, 114.07289670496483, 73.46221437195766, 23.44387067795236, -59.9665343496216, -33.10482918388283, -71.94943158309178, -75.7909263988546, 33.215707318577046, -102.40641160427296, 9.865924371449516, -90.59988905180732, -10.793442801705687, 34.96595225645729, 4.631567414765533, -42.96160705559692, -71.54712110967745, -77.42898654340595, -4.570587390978034, -16.745733409933322, -109.32814672248823, -6.711500662853242, 3.078417334721582, -69.8411764810216, -178.33584083256355, -106.57427218012624, 27.693497005601078, -10.250120146987697, -17.775246636061507, -47.681669322414464, -70.1071508160224, 14.827550907589911, -39.57335989096605, -31.85324960973957, -63.58387653707324, -33.78430875791214, 7.631649184392799, 38.5124416102477, 122.2411550110369, 12.50686376219081, -67.94883376335453, 50.70382980999523, 66.89887279646076, 119.92025886613996, -55.24639332792483, -18.107361693630377, -78.03912792105028, 110.17953264217292, 82.75469901553609, 2.8033702128338067, 88.29205147729165, -123.51551689371358], [7.975806068741617, 81.19412700946545, 25.834660592169318, 105.58597122863924, -4.6302147628828685, -30.953489273464626, -76.57747096439756, -75.18997257287442, 74.7941390067906, -91.31662137126159, 75.6004053020522, -143.59338360627805, 24.108596077640847, 77.50913877802068, 42.59732576775281, 36.312143312880124, 612.9868800209211, -57.37982733262878, -67.39461650622899, -31.9495888309874, -11.186444106107555, 117.43161946954962, 15.266473097761246, 4.874827385515367, 97.56682357529422, -23.663858972116316, -147.28442547658602, -29.53657081953088, 69.23424610335321, -49.99773409103996, -51.2135609011466, -64.25529489217017, -198.17350231802249, -6.8792311370219945, -9.907006439085858, 2.5743441077077946, -35.48748124207878, 63.34957856391512, -122.8283354459681, 31.122549899223955, 15.868084372407868, 47.178644835725535, -40.08718132961306, -102.138496494591, -19.844441987915758, 70.56176436847804, -53.67795516909329, 12.312417082141632, 35.53015247970371, -51.88451728408181, -21.32855391597622, 25.634419814041117, 19.904074796591956, 18.27154140294005, -42.60792521328306, 232.104620707387, 111.55740953556679, -68.56535362591006, -7.90111793301876, -15.989910341397689, -35.79421394621579, -74.39385340049165, -107.3050822646828, -39.031402070139436, -47.88749910763393, 2.601846863837708, 39.15612104954272, -9.15992876328275, 20.909127293264305, -8.931745617143946, 20.799408679400123, 80.49071635431754, 31.715758767825612, -49.93941534743191, 90.46239046343658, 78.00682970357063, 138.22499516258927, -25.451876442645442, -24.463973178899046, -28.414885838515275, -130.51650150105655, 3.3306850127116157, -45.12368282471786, -27.1997069782786, 107.44169844803652, 8.374344406434288, 98.46059427241062, 103.50788835947893, -40.266200690008745, 88.92959457251888, -103.69720283798111, 48.197730642048285, -85.42216594422686, -5.391442761208314, -15.66764685917473, 58.29237712054045, 201.6792869679765, -37.266168704114605, -126.93013755845234, 32.64170604387404], [1.760677223722638, -8.960758673065214, -2.30850177459018, -119.70815618245818, -36.712390369755, -200.11743082731752, 67.91129386697862, 59.03704703941697, -10.603088479436702, -58.14783546385446, 73.67948871699963, -7.6064897586001905, -69.51578775602886, 1.576715754082219, -65.39296537571767, 20.509075383206127, -57.37982733262878, 512.6553854248275, -101.8894505278705, -20.52281935794526, -30.248591734921373, 120.83839358670593, -18.831758949143406, 198.17966533774228, 66.6567737588772, 103.66000214542214, 20.978403714810675, 41.93934256402929, 142.35830661181876, -143.89965639279745, -50.130158382415146, 54.05806993838761, -99.25040816075527, -129.45212305622317, -104.40045191591389, -33.97029333499982, 123.35314945425071, 7.610323011455677, -40.16133637837984, 38.49616654671132, -8.992661809527135, 12.273330753033594, -115.3594658454802, -18.304632605101403, 127.2586147787379, -33.07870116261989, -168.89715172009812, 124.75453441974422, 185.1892138209514, -65.05275018265912, 86.76900605919892, -80.21412925472177, -70.034056987006, -16.25964503078996, -57.592953526353384, 90.61449567262429, -32.74256777281228, -60.06727826426393, 6.924248525748688, 117.98648833268327, 127.46920877096946, -61.70630797967713, -25.11551663796086, -49.91355659103659, 20.223072486061476, -48.62286588511051, 30.614760433461967, 76.37574183120915, 168.49156198384972, 155.04532657450838, 52.134870202218615, 52.13672999339988, 41.73458406075148, -61.831614432167314, 26.12059903971043, 55.44068050742382, 34.33205486129836, 146.17650290263367, -20.874233790140497, -4.68379360037347, -27.050293830897466, 17.108944545656026, 74.2474917698612, 18.925110568065897, -39.289821756682095, 25.03653436947233, -40.626244403929, -43.94088770512616, -23.172521071712765, 121.33367397292966, -145.2434264371571, -85.0608242669562, -17.595099567650934, -103.9840601774952, 79.85287327341032, -89.91221950039782, 32.85147118233704, -100.44743940427735, 131.80624959582465, -10.263132008293937], [80.36619541588645, -21.56022300376265, -57.801352486287605, 46.06072123524963, 48.845173179445325, -23.80685519664328, -44.1413372334164, -38.26211224654128, -63.518485241987456, -80.27866216808897, -17.10153445193155, 161.90862917824825, 69.35484892740902, -14.26010695815679, -92.04911595523116, 124.3843934882839, -67.39461650622899, -101.8894505278705, 756.6431631306529, 35.32794779454663, -76.96942699520841, -10.477760269032625, 86.28159259621563, -8.679701138139768, -4.486295722904393, -79.35636043992812, 83.51550354398725, -95.36311778328415, 44.42242561383864, 28.844102574006328, 58.673244520176254, -196.57471600279877, 16.654447521725032, 8.813971674454141, 65.87203582814595, 167.94428748680338, -94.2067945713267, -40.17042445655983, 84.85596321342527, 92.52980668617745, -78.17365047251339, -22.80440118567501, 104.82287460178219, -77.36577840785296, -53.54360968275927, 7.9346939022832, -68.97356579894236, -33.21902141470797, 43.38272684287583, 71.75700002006798, 165.8837803134306, -72.47311485086492, -33.67201691488989, -94.08683522291864, 5.718969108465501, 50.301543221837235, -51.26771908105649, 75.90366808259354, -25.241542751860706, -15.120933886269498, 47.99086385165708, 50.311014716475704, 44.33691631698861, 42.29384846678587, 32.74188734229371, 58.78220295390638, -136.17768011400477, -52.089669472831574, -2.7018118472855304, 134.68101234673077, 18.99885215269239, -38.465485719043464, -119.8870524076612, 20.00041914254473, 23.222848045259646, 52.34664239872923, -70.8679033461757, -27.793315724265778, 46.798885251243355, -163.40587981284062, -26.123847360126955, -21.817974445980614, -122.66231186726205, -55.770641727061694, 45.5933837915689, 32.11854062384083, 23.4667601678285, -4.5320173959660845, -22.414600148102473, 33.17120952195596, -100.45717299440514, -15.39023756031101, 107.5933864012238, -46.926987511923265, 51.94278836469221, -61.43709536458897, 19.183489058345387, -17.224352066733264, 72.35464903639296, 83.46047427896472], [25.088409927609554, -28.305922128836812, -7.108210201477661, 20.17687459617031, -10.001319779052835, 23.30511097146681, 89.27667438410268, 79.71839427285879, -57.11792490683581, -17.731213259386998, 31.65245832719235, -20.384260930720302, -29.25105318288692, 41.03870059612568, -70.45576148650272, -79.8663624361349, -31.9495888309874, -20.52281935794526, 35.32794779454663, 620.217365548959, -145.17280651430627, 123.44902019000499, 16.21620832167041, 82.96835303971774, -43.489652421098185, -9.180979289764005, -83.22281747145392, 19.869260248535863, 39.13348452284708, 13.615029693504468, -163.19175525355914, 23.032560205902648, -32.968643326971446, 50.79687830866695, -4.862128992208123, 8.604588868786296, 21.19844733951271, -45.867818181630035, 212.420372046794, 177.1354418745206, -81.23702713401512, -52.688268571296675, 29.914479806202635, -143.31311141163965, 68.9464312888317, -44.64927202177831, -30.888897225270725, 45.792607078479584, 66.8562666582805, -50.938589718218324, 41.4149754715602, -41.22242612559256, 65.3121705163284, -10.374087599331915, -48.54155407714477, -10.951669203625116, -56.62050628182813, -141.2164960629872, 42.811922111983804, 20.0956771572126, -99.91759806222385, -42.432476620782325, 119.57781952151747, 75.07377209989734, -16.27091603555927, -53.098151988734905, -82.74816017967106, -41.19117023739838, -29.2961802017969, 2.677921335193684, 0.9233410492442857, 31.962905047534846, 88.31438679431467, 50.78268385021566, 10.95398950927635, -44.08124854918427, 22.389457609183737, -68.89320591154015, 0.8214743922993648, 67.43104777002686, -42.20800708361969, 23.81625459659211, 66.14349113295944, -6.468608403572848, -65.58656260880012, 40.16461268527506, -70.77705694708492, -57.80779064726782, -19.872740521883756, -60.35425225082151, 1.440050057760466, -2.293054292864771, -34.438187173467654, -158.62278495970216, -15.564732932780718, -8.32529781650683, 127.71196619293973, 64.61833781676329, -46.07366966652114, 33.53249272970683], [115.066653167126, 77.66409433747508, 20.563417873691343, 8.322839637022383, -32.89482408288174, 79.72433515826842, -140.2309701923008, -18.921890961147625, 21.64084158339632, 6.785612567273057, 60.2649053379054, -43.65110809741025, 156.596773522241, 107.50148720628437, -82.9120776