{"N": 100, "M": 3, "A": [[[646.4345492178759, -117.86293679366291, 17.271810945884255, -36.02992911319824, 4.562177478264709, -42.62970818327909, 70.45537597770844, 64.9738689899628, -22.32393454306036, 94.04446627270586, -2.5018587978973956, 84.31404550244878, 114.96755301805226, 4.476878621809289, -85.20532369339989, -9.15578718716561, 3.9993764135086973, 6.126827824881589, 103.03362653460312, 9.597412740556688, -9.889692498401299, 59.57113913796712, 69.12585901046354, -91.57901576801936, -54.24931945084281, 111.3385282083029, -100.63633355831158, 24.800787553847538, 46.280480561252006, 50.14910235432589, 22.110613152800912, 34.176151672912226, -14.860347720435927, 118.1005453489555, 73.78117647760943, 38.83176092791005, -21.92067891315109, 104.51981557622184, 112.91878855066274, -66.97922150881818, 82.19770339750796, -14.357501796011306, 90.1607383374997, 29.041684296715218, 48.75935680366994, -129.83997506523366, 89.79379186279085, -1.4275501534812625, 0.028827529051063117, -43.476446865198426, -53.657268429319295, -73.19015450038228, 104.93232499549917, -68.71697352275667, -127.48453136238729, 106.6920102034045, 5.3374012312440255, -0.11904700547383773, 50.39841616731047, 90.11329838845647, -13.135012096847827, -10.357335347109414, 80.2680119367238, -86.33775187760806, -21.8562318114909, 11.984224207408872, 75.13605773091123, -88.72821867397039, -31.150340377172434, -26.136627701766574, 79.8994174161048, -97.20465206568853, 23.37500330619801, -105.79154463819972, 55.33495161578032, -38.22003231797361, 10.30930636746722, -140.70339984177977, -85.2012143318692, -115.61623788993889, 14.425702874333467, -6.0205248663898265, -78.81239007020744, -83.74256621454406, 30.595093150709374, 16.36865005063377, -28.195572749893117, -70.3390301176198, 18.14727437890773, 18.987828304077315, -7.891825691869739, 49.132888501848335, -4.757095974571904, -91.84727085937116, 60.83609890107818, 9.910657690972641, -104.88960436581955, -53.37409043477206, 75.9032529533583, -28.14071848511785], [-117.86293679366291, 707.164173059264, -75.2761309254782, 144.03322769168778, 22.06851761061848, 47.57209703113408, -36.563727666647694, -76.34455565544027, -21.507255381461107, 140.464794334417, 56.279039557247486, -13.34166123963864, -45.048976230771416, -6.4777256758517865, 13.763675857989167, -42.900609616962626, -14.13961326788365, 9.637389815228287, 14.897454071760324, -51.52453731370991, 27.709916749215452, 47.196871133407356, 33.41543601801896, 4.546800259868817, 68.50445963666726, -76.651553998148, 60.39234830977334, 107.62340086072419, 47.62106523465167, 1.398110740961208, -72.73590503119513, 40.35111233647751, -42.95125586408, 8.711596705270338, 26.023712117914528, 22.918751700760872, -24.915608543533004, -44.62190601785149, -33.772257708090805, 76.73349459625084, -27.095964169493836, 14.582707534076782, 13.793594630009197, -201.80238794879827, 26.959571246705497, -27.72751945443466, 105.2447774974982, -54.61979138598131, -60.67169562454001, 53.05880850005555, -13.151287674094519, -28.696375193292724, -66.78747528609783, 50.37067366175184, -42.98203745322081, -95.99622149028228, -6.148931597254997, 121.88834011466135, -67.43561545196485, -113.79419091218337, 57.937685764436814, -25.885679858367258, -9.95722461934272, 123.34309596007319, 32.532995048907964, -11.72898794415617, 83.74989833799364, 20.418872567698873, -54.12835038591906, 105.14704360298221, 19.512448204710807, 51.94156543693852, -29.858074682358957, 34.81372857458775, 15.283644749802479, 65.09271068437909, 80.27349730441537, 44.071424913220355, 26.663132529892525, -59.00879623712847, -140.12596299790832, -2.546549126249504, -33.64831211627269, -0.9689524511042578, -134.68798291323822, 127.95369612943097, 29.124520192139993, 12.34553925197203, 14.261913777094623, 86.51579888229223, -25.389151310474777, -30.178380230806816, 73.13268409300842, 26.50638590169089, -59.21881014802609, 136.3730601635762, -75.5329188993718, 31.58241612552736, 80.4768898828465, 11.85328578915904], [17.271810945884255, -75.2761309254782, 827.7212940259233, -42.450693128233794, -12.761415180702842, 109.07111258195684, -134.91778428895415, -109.91648944119908, -44.215528223477776, -77.03061849143238, -35.210930313230605, 53.36384920284205, 64.49176146500282, -88.59173634420405, 19.658700260028507, 6.795792461333086, 62.75393878946724, 38.73036848633433, -21.296968588288493, -134.37125031380234, -2.571424030435921, 91.02333288180147, -99.40021624456094, -186.1112236973014, -27.340010730435502, -37.23681491123246, 80.47934158895995, -118.61433587421295, -45.57946056330704, -9.595164419239065, -64.62333800537816, 102.29903013731595, 59.97361563878768, -42.01282708941386, -42.42244461668554, -18.37610926225114, -66.03645643901224, -36.277734573267665, -69.57032285287865, -32.9444817864874, 52.3488772320393, 96.66881371414212, -34.069932521194325, -9.474466289579341, -146.38517914219682, 9.811287289879733, -22.300410332399064, -32.245619240165524, -114.8746118565035, 36.791676871976144, -21.74605821398529, -1.575244071238277, 14.963299388085327, 31.5941531798654, 99.23633287677433, -111.82324879855877, -26.611696322725365, -76.43191451516402, -9.952193044785954, -90.65172686164777, -15.538246277334375, -32.78744073730493, 28.16802767914147, 52.77824967789094, 24.40569941276495, 11.222587686355975, 40.960290136908455, 16.29189086558072, 30.891015590162667, 41.185095277336266, -76.99733678661121, 105.92851178701346, -14.306458242238092, 21.820311994362278, -54.45483594577449, 78.68006777828606, -70.13654116851255, -31.56872985209369, 166.5809022096296, 193.60984904834595, -13.820536786713909, 135.7188686543448, -66.41076223612366, 91.68210976186101, 0.350877539565559, -61.416503599835444, 47.27702527038705, 63.49443333612841, 85.95915735177829, 67.78756319772023, 159.97204462508776, -30.95377912327567, -11.396966540959152, -0.5927208439661271, 15.530600735650914, -102.07303236455846, 29.49524366818486, 67.76914325835972, -121.36369251793668, -57.966150085032766], [-36.02992911319824, 144.03322769168778, -42.450693128233794, 700.4699650121842, -26.949688696168995, 10.514143045292428, 74.63808268869539, -0.3312402391695741, 100.13018794292577, 38.75458299431624, -10.152570838696457, -32.099444130194904, -71.13895748263195, -21.708149592787894, -181.03964244914937, 36.44960147892648, -28.427691997174204, -74.0604050039278, 123.21069509662794, 30.452724088426287, 69.99310224353445, -50.609825600457526, 94.22872107802516, 2.89267204711118, -95.21128003001081, 67.01518294636082, 8.550288198840175, 15.164694687563838, 100.04756414160295, -59.51181985392861, 89.47944983670308, -25.499863193409436, -169.1425172754363, -10.64732933588624, -30.245764952788104, -97.34124929032808, 35.00987865694699, 120.51308432764208, -15.906920225208978, 1.6915189304841203, -11.332980651381504, -103.93711733698856, -7.832925441924097, -12.089564279186053, -71.7192408841575, -19.767107263476756, 121.16204718599087, -123.58255484142015, 44.41420721246983, -51.57291897094407, -12.377447420343483, 28.21240588577489, -67.35495292385961, 23.909091967097982, -4.12070356579882, 22.056860752880404, -7.458294284511478, 26.94566014443282, 21.269932068455308, 75.84951752381485, -6.57953560325403, -127.74978386038578, 10.646562940689272, 36.40773378551353, -32.28542067571263, -34.5221776216782, 68.96786688539704, -64.08999556998629, -11.406562320178509, 7.9856507730184365, 86.23472195994268, -55.24463641496003, -48.37416666415865, 46.1554513352627, -14.268690820327327, -199.15693067193473, 3.8470228727518787, -0.2432468141516182, -158.1389397148717, 91.85743714097737, 46.49950689481062, 57.97967238974134, -48.032427186395694, 73.90805005544938, -65.33806608685673, -13.932065288176787, 0.991454772896466, 7.856730863644442, 74.7541915074202, -51.52152132365983, 32.03865923212773, -158.29530290597282, -52.84461529446315, -99.58257841259186, 87.63457848653614, 57.75641868304371, 39.865796587671184, -34.16103574135158, 17.071889247852724, -22.664179749002948], [4.562177478264709, 22.06851761061848, -12.761415180702842, -26.949688696168995, 695.2544357039299, 37.14706722784982, -8.533838463857464, 9.069392546700355, -12.72448844813188, 8.828892441612009, 16.66135881726562, -31.352672317341828, -27.72125533822574, -76.72573149516852, -21.8780874633328, -7.489778842408222, -2.3721230115466607, 39.936058600871974, -52.57139433253223, 104.62943438213672, -65.49831238267302, -32.18431374989118, 44.13824965829076, -25.496880111349665, -38.132481946879075, -61.30011509653402, -64.98554140110657, -18.411025032176802, 31.67884441799461, 103.9236251465688, 156.3404131540409, 17.410317500277255, -12.776441876208755, 61.701506337101755, 1.867860254399842, 22.206579131844798, 16.27550167899186, 15.310509887965585, 92.24257219426174, 33.5703577179636, 10.29179773693549, 62.98341950310591, 60.314775255545946, 59.559783021944945, 96.95079045769718, 5.158682910127093, 47.88819761014969, -47.53361150349215, -91.47702394006433, -22.66343835262097, 42.75774307058067, 52.73742852674542, -30.598610589632234, 25.267257853836703, 37.96212123650371, -35.70673682044023, 110.22463200582284, 59.73942446383645, -41.37052911509241, -43.79040697164169, -81.628770128941, -44.65804794912382, -88.59086515947477, -0.7293664610531962, 59.099290631662186, 92.19708192027784, 76.41902477262123, -130.1780865382342, -16.56998055475072, 98.2957303409484, 107.45422380648124, -57.17319051537388, 4.344613634461407, -50.956280140071115, 62.3253476054134, -63.828058783954994, 9.204809223755458, -61.842532296177176, 36.614570820296954, 46.82165455298252, -115.71858961912737, -59.22254452493911, 92.84279890204724, -74.67748113093955, 26.66937900335489, 32.37114589633814, -17.05500406485867, 96.63048895012705, -130.92110170409643, -88.10540771362754, -3.9934823996551003, 5.774858464698629, -84.0066625025128, -28.847784978541572, -67.97792015335841, 71.19832854317119, -34.51904668509973, -50.241902581466306, -47.160312144837064, -23.194118081557352], [-42.62970818327909, 47.57209703113408, 109.07111258195684, 10.514143045292428, 37.14706722784982, 717.3123241190506, -20.534937123566923, 122.82980801641101, -64.47365473608187, 53.75906730899301, 5.915267615929923, -98.90664841561286, -209.0494075014701, -94.98430679338142, 29.23599048682849, -52.107326311804734, -10.359426819052619, -15.71641870574151, 49.57573598751982, 3.14437206497242, 1.0503839959081063, -78.2468317361677, 53.88667466928217, -29.872934064234165, -146.32738548135646, -10.819785691115516, -14.407253240070695, -36.32842699144325, 28.747616821518843, 76.60379771770006, -80.11011040446134, -45.69422949262706, 7.440790893700239, 71.32262267145532, -2.2363775859466983, 13.392300349221355, 9.968807299327525, 21.235919426476233, 29.046433028230034, -26.421906225058667, 48.125648626224276, -124.21721789561823, 22.693290678698425, -73.59619273197147, -8.516633142316236, -70.26342018310268, 96.72221488637355, 16.498799925341316, -99.54239605426073, -10.056523326315215, -91.44009989162754, -148.22585003632454, -1.6024802788741024, 90.84954128542904, 43.13028449045108, 72.51229663983283, 40.43110556263259, 62.049014857094704, -30.51419931469129, -21.626633112679333, -5.312157463251921, 47.98447406931588, -126.26372821436485, -21.72285716982646, 7.944737193925654, 166.1673523146233, -124.06460031170904, 59.63287995233064, 16.52063109113764, 1.6972516611057458, 90.93661572453664, -21.888748809526646, -188.2677814824325, -112.73986669387193, -141.3559180167123, -3.505395953847213, -23.392755052760535, -36.74703210106702, -22.11820604700023, 14.15341430583645, -79.94512865318954, 41.53085262572035, -58.81065420442444, -66.03353738925169, 13.798974993335497, -45.177047813769576, 14.365804036051925, 172.78448893762322, -54.61176753354825, 7.675905660587269, 40.4902802083725, 135.3778776323186, -172.35720196980753, 48.22862122039048, 31.043000999408186, 70.70579368661454, 67.79623823701944, -102.22540568654449, -25.942394691845458, -57.51854865421896], [70.45537597770844, -36.563727666647694, -134.91778428895415, 74.63808268869539, -8.533838463857464, -20.534937123566923, 768.348442457767, 3.1181098866757537, 8.112804681332118, -64.58527551811018, 56.51858796562336, 115.58260857448845, 112.79359168050206, 21.701988687613763, 122.73468005008152, 63.373795822031234, -86.70809122471451, 32.34861951723994, -12.956870359514502, -59.43268999497257, -61.403261047893665, -83.13359023433983, -49.812196160435654, -2.5657589696755805, 50.67360285293081, -35.441217926385136, -52.22680542884376, -26.20352210757232, 161.94180134641908, 125.85862646879386, -63.94573016729427, -135.91230611246948, -6.8873895365767135, 5.059059344867004, 66.32630846748725, -96.08685347033727, -96.0168891488901, 27.23454828929939, -103.8665514792952, 2.707744588582692, 16.361701845321072, 34.37861506594647, 107.55498320899261, -3.592570395517054, -7.815376611124712, -74.78852803493433, -12.541276503359416, -14.035717157041823, -58.58411627769916, 139.52893027584514, 55.29956594034857, -110.23898750980682, -102.14461335140109, -25.480720033363884, 49.91062694594254, 89.57206500423179, -42.05686648188331, 30.148278535187792, 24.13842355860235, -115.66454272191761, -40.15572524159292, 37.606870401878666, 80.82952763524128, -142.2319925409392, -31.018051293052743, 135.5284880842327, -89.00705234370199, 73.3142207600375, -126.74374799661517, -42.540993751027685, -102.53262054672851, 212.1943746266324, -7.698807293924794, 77.0387328948827, 143.87559750783265, 13.875087951989421, 21.564932374869436, -20.951049707429966, -94.12147544456533, 135.47204038804003, 47.78815768216349, -2.8317268701489784, 111.33734056822091, 77.58850935307929, 68.29106834295911, -18.908387901960555, -128.6114787081249, -20.094043721183457, -59.33886837062394, -49.704437790482636, -5.379024380621114, 25.940383768134453, -36.37704138605247, 11.424108157852643, 77.46513255727437, -26.214050014467507, -10.651183793163582, 67.29859418731701, 43.144269042790405, 43.210256958143304], [64.9738689899628, -76.34455565544027, -109.91648944119908, -0.3312402391695741, 9.069392546700355, 122.82980801641101, 3.1181098866757537, 502.2154864632534, -6.515432313056461, -101.434566540345, -34.99327278532211, 44.92596067641861, 63.403592758743244, -48.58905519684773, 35.45985645053817, 0.10427162192225481, -69.54054514267483, -69.4069776922766, 43.60387945944023, 79.15657064399002, -145.31306211945287, -40.267014529257494, -78.77377897449318, -115.29624371154348, 23.9071551765534, 94.27950464849877, -8.268336635542425, -34.34583253460948, 29.467769666544413, 87.02448329976528, 16.319890410244703, 48.45836318669686, -7.109884640938542, 49.536970833721796, -40.23209907474774, 16.62083890949868, 39.62169054383706, -27.406537455761935, -95.35728552537175, 50.79309584839848, 127.85729260739944, 20.609031175084084, 42.53281343221843, -68.3731869571731, 20.181863794860014, -46.5681484115378, -65.10276226611929, 63.23415883280046, -41.219443746667565, 61.817996919150374, 54.649361522493834, -78.26053195569645, -67.13861978131843, -120.27878480184083, 28.220142547699716, -9.492885423309925, -37.47609722455564, -15.667003997398673, 8.90689120311734, -46.70597997392649, 3.9933027311905107, 95.48270364763201, 7.100015284697811, 70.8369813393428, 49.11587817225455, 36.208976617797326, -11.231299436117805, -29.403221694393487, 78.99077021782317, 88.01030819156074, -100.08772972804978, 58.76303620689811, -14.914412216354354, -7.129899334044959, -61.67480235000718, 36.14623554922636, -14.902846243208959, 40.328613103682734, 139.56468126690234, 78.6121440194758, -19.235670538971004, 31.41510598928007, 54.85704681636336, -33.580081762834205, 146.85051336622197, 53.38340453541167, 124.10641301660677, -120.2391966089489, 31.48407392839383, 92.88515178783345, 21.694689654435674, 137.00594908569883, 111.09919787001688, 37.20089522353467, 0.8720345529209013, -77.4778656873768, 23.07694005155802, -29.391128997815812, 90.16507364402993, 36.156032675753465], [-22.32393454306036, -21.507255381461107, -44.215528223477776, 100.13018794292577, -12.72448844813188, -64.47365473608187, 8.112804681332118, -6.515432313056461, 726.264561994273, -15.489379576926574, -95.81943067579998, 28.980501640844253, -180.1180336144323, 54.27880211577797, 12.560085736074807, -42.918659776564, 11.12784635919652, -27.11311011029333, -96.32230789437472, 26.815194300650106, 39.06987526773625, 28.69703571328371, 49.6355821307787, -178.03948546533593, 52.984040266440445, -76.6665376204572, -50.55194032141196, 3.891708532634553, 37.01755825987917, 98.82858926822894, -70.78201157902699, 73.7137830868031, 125.08498298416319, -149.15736362643992, -1.0088564455961944, -42.783907999342574, -39.47590158483969, -92.75386115556985, 39.056086022042216, 43.430486079600904, -15.510511387333576, -93.21289561992687, 31.975667563657748, 44.80842691349595, 54.40728948854034, -14.658041819426948, 123.44229203045704, 67.36555837638304, -24.194472883043755, -68.41381529494086, -9.035052693239724, 103.70900833073931, -10.780223463685491, -30.296209234974413, -82.22129868926952, -79.18682885877811, 122.46731346841996, -192.90554391367385, -24.465856233556963, -47.124337108537716, 38.810464102549936, -173.04695433745064, 12.283310280617565, 39.363138686409194, 46.46271547719061, -132.78092447194086, 81.73839323271284, -42.6428672028344, 36.03135809979211, -105.7220833605001, -123.69668775786904, 2.8240626234806223, -84.66597278450845, -13.322660552428548, -27.025168788377314, 91.76329996427738, -23.1800621650112, 108.72044758747232, -73.79221443849582, 21.903869304209902, 6.255988269084849, -48.01928161705368, 17.39627300115213, 123.47153078108016, 29.702029068366556, 0.20562201549882175, 64.52776131418193, -50.243599942180566, 8.148525643778578, 50.576987882318, -87.8415385202737, -5.692419770704376, -73.78981764203135, -101.65071372339999, -52.4832202853926, -11.614177098480305, 165.7420973320006, -33.047414742473606, -55.86604028622844, -16.018769170751135], [94.04446627270586, 140.464794334417, -77.03061849143238, 38.75458299431624, 8.828892441612009, 53.75906730899301, -64.58527551811018, -101.434566540345, -15.489379576926574, 688.7237564775277, -6.40758492408571, 18.246714870784324, 103.93090017454519, -13.96306819265562, -86.47505916991831, -64.67877536241004, 14.915094990577874, 61.101975157047974, -19.417415797984372, 76.16882335628638, -58.499889598357164, 2.8129765690299227, 18.820836032249684, 145.76930526698908, 177.5606015091922, -21.650020977224337, 32.99668944201159, 4.293290797768101, 39.65030126963894, -30.594804373660914, -42.87177480888704, -48.097540713513, 38.074001222596635, -59.500466706804275, -36.71567969932397, -41.4254694768355, 19.45580238225306, -40.064774792611615, -31.052496052970422, 81.05332183077866, -114.66720023773101, -8.044554397184214, 30.007099733874867, 4.095904144625699, -12.136799659347815, 12.16228473056525, -38.11675312794955, -17.112582349119794, 16.41344953009494, 12.582185903086346, 81.84058713820585, -23.69353847276078, -8.704532233201798, -45.30015527459172, -45.90394273763144, -58.766591033725106, 71.83684573132102, 47.168708797226905, 59.048231736141666, -138.46175521669642, 94.38875008156626, 172.95029909922945, 112.32072295738857, -13.038579721651217, -45.6430180438566, -78.23870781699578, 117.47058558086673, -60.50516309534126, -175.92448293505754, -4.97159930388468, 1.8193931699454566, 82.66316215919306, 54.70763985666562, -12.243413997011107, 78.68543088584038, -84.90797082671921, 103.78296342108251, 14.461283564106854, 106.72463761735017, -18.10357221638678, -124.31037412781328, 84.3975267866168, -48.06523909622939, -9.663481290153328, 1.034865583975872, 11.7847316445731, 99.17868093164955, 28.324957285079076, -12.317887959206011, 98.09865185627973, 45.94267321311765, -28.614916516743346, 107.98197414576802, -18.37690052374325, 2.2111646757118812, -122.10704416469991, 3.066438665406652, 77.11190567997411, -9.140307632532693, -2.046989034554235], [-2.5018587978973956, 56.279039557247486, -35.210930313230605, -10.152570838696457, 16.66135881726562, 5.915267615929923, 56.51858796562336, -34.99327278532211, -95.81943067579998, -6.40758492408571, 685.566041257015, 54.01177142035539, -74.09309960047386, -36.37267348020022, 105.10760205138106, 18.094740221596723, -69.97221230042257, 113.95541242691442, 105.99801630341403, 77.6058044936987, -23.196985745601506, -0.12088761902509582, 37.3690575437359, 52.38077203448316, -22.226686370743508, 54.06451976952134, -30.518570446895907, 68.1787933592253, -14.152309997438387, 43.33691567950583, 72.87420087626462, 73.4175764009311, 48.422670627197505, 1.7206485809799297, -66.25869132882917, -46.13471916261213, -68.62393922657884, -94.85598830018878, -34.55817274292603, -73.42760622246732, 54.01057139941524, -142.96972581708602, -78.06134016640753, -31.1045352978367, 21.899682602651062, 60.17387865198289, 72.87964754992261, 22.248000084206343, -150.25481869864913, 33.91004816291955, -3.507630234333685, 86.3878622911909, -70.46210920364007, -22.253688081542098, 29.320892702144185, -0.3645672737596932, -84.20812272386766, -52.28498644379109, 20.774047427208476, -72.26749779024493, -72.22822701022612, 123.80119064983934, 84.4625774845662, -168.05086795167284, -15.067856239919545, 25.682232495013107, -24.67065598339382, -40.6080782375253, -17.258013965182112, -99.6753862469617, 5.685085936908353, 37.151530396761856, -19.062716942833923, -101.89899957193727, -18.004689048856847, 187.9619637612521, -73.23411551692142, -1.9294971604271343, -0.4226894010367914, -140.15889456529166, -60.64438167276518, 58.15369719207068, 69.85815085902438, -131.8293298263267, -11.166322914948285, 18.117468250925423, -40.547664438065254, 41.30188076982351, 137.52755345408403, -68.81037876975869, -50.4997527206852, 92.16107806256703, 3.6433395931768437, -15.93605518451114, 103.04238912230656, -29.493703775269907, 58.23413472286257, 36.536969718977204, 52.639419214778684, -22.510314720328715], [84.31404550244878, -13.34166123963864, 53.36384920284205, -32.099444130194904, -31.352672317341828, -98.90664841561286, 115.58260857448845, 44.92596067641861, 28.980501640844253, 18.246714870784324, 54.01177142035539, 648.8272229530941, 45.27395146112556, -56.783753821806826, -79.93177907685785, 166.65803228577346, -80.3810193206772, 8.791619962408944, -4.379039337688525, -7.798385311066269, 201.57094009737838, -242.25637459092448, -37.692345483549445, 34.93567647143958, -6.924350531822638, 36.61762204834655, 128.77203104314475, -30.110197438189076, 98.37992292878279, -27.98214370388491, 36.09640185773977, -87.63226048567614, 32.42391588688975, 54.77220159188211, 260.4501800612874, -33.63355438646077, -24.120788217616866, 39.244022653369946, 25.20937189235969, -35.63920942893684, -66.29059864676994, 116.25888221580573, 37.51148011912161, -60.97528834525701, 17.62386753271775, 4.432192319757718, -119.51213567044981, -46.84545485283163, -32.68142753202988, -197.6163768877942, -36.74522035107614, -9.693653289057002, -32.1950118536882, -124.90412051898795, -31.04868986043747, 21.395866008902185, -66.6013823820424, -34.27062433785106, -72.3314484133176, 168.7862515272019, -79.72583112092667, 38.147233835595145, -26.01811920488994, -30.799054560691545, -97.20250867513744, 239.41837650859583, 78.8325235611303, 108.6063590596926, 65.58651877058324, 68.35746231783745, -93.29902420004811, 41.89077559867068, -11.70313476599884, -65.75426254343449, -5.6268264355464765, -103.8136272172554, 3.8927967025330954, -20.935981978022678, 25.460323741978407, -0.2909266389170746, -12.57048563358046, -32.0218147904245, 7.909061206392835, 1.1392424052620385, 89.64311378095255, -46.55077330827062, -53.10829734877873, -46.5188291693033, 84.89710860202851, -97.9013019220294, -114.2903737843458, 36.98808251562878, 47.281752406950076, 46.60006782223947, 104.45969409760507, -44.362185329699784, -19.134742810595075, -4.098195119219923, 24.596347078875517, -63.049544509578055], [114.96755301805226, -45.048976230771416, 64.49176146500282, -71.13895748263195, -27.72125533822574, -209.0494075014701, 112.79359168050206, 63.403592758743244, -180.1180336144323, 103.93090017454519, -74.09309960047386, 45.27395146112556, 479.5156996932381, 38.543976737522094, -77.54168851429239, -75.99257039593786, 16.576651585187832, 4.489720013783252, 26.051062407616726, -43.10251076783265, -20.593513438290422, 30.297228362526745, -154.18393156263613, 125.09030957720104, 113.96058693918346, -103.70188718219816, -5.122955236024566, 24.44015537634582, -62.73023145520484, 20.683731091751888, -20.823699189103216, -169.13633802570772, -66.17693415024496, 24.918322343209415, -8.211923391714926, 96.51003991320485, 89.82211266426613, 24.399103225378177, 138.78403444678358, -91.8183936946817, 28.294195481634052, 11.602694851175627, -35.002730551454654, 23.62383357751154, 25.903434683541143, 41.63938515870078, 26.150224265096337, -3.0686244002832233, -13.609047699975575, 6.511758214302299, -17.03964350358537, -35.71319700130641, -8.123253919418344, 1.1143409096356365, 1.482161930533458, 89.85670591525758, 49.60688906053407, 160.5031927347814, -80.01888871862758, 12.846119940102033, 66.36052211017119, 0.05594773703962552, 80.34858486784742, -36.202217742943304, 96.71509263028675, -113.63092790320508, 144.58284736318328, -42.43049572442436, 50.89026237611772, -5.521463518977804, 49.131523608288404, -131.2238858635526, 56.37681473876333, 65.39888190768204, 66.84252156005672, -66.09384726389706, -2.8608091670939686, -28.147701119178866, 1.6073169837887065, -71.30096453260988, -5.632732405617473, 23.67362481937819, -126.82637527243183, -55.99580948081284, 85.44466502432199, 38.938868095218595, -19.020201525833517, -13.681425516366183, 26.584765204329546, -115.05771865875599, -74.47416740771736, -31.807811180727814, -1.7104031396264645, -124.40823745446463, -36.01831586075018, 98.62373478708972, -30.658075484707517, -32.53353684287214, -113.99338311126729, -80.68964099525597], [4.476878621809289, -6.4777256758517865, -88.59173634420405, -21.708149592787894, -76.72573149516852, -94.98430679338142, 21.701988687613763, -48.58905519684773, 54.27880211577797, -13.96306819265562, -36.37267348020022, -56.783753821806826, 38.543976737522094, 788.4490577699621, 47.073290389985864, -54.023687202877674, 7.900351500621447, 3.7001487803756405, -4.210020836968514, 84.0505189256838, 55.228057588046006, -15.356315221493226, -4.111613241427093, -96.87111722262657, 54.82864896333944, 127.37525182618151, 32.45960351382346, -19.62934205437336, 26.498525581081715, 51.45659408321876, 75.84295246493431, -47.81407172386543, -137.8619951228003, -95.72132239387638, 6.643146046931783, 62.99004596816548, 33.171749464485615, 31.525054592483126, -2.6155607081280587, 58.49528990467676, 40.25181756790438, -131.63664873075146, -20.731825549844608, -2.93319538515236, 75.49752571153684, 43.53590601099595, -163.53319634775173, -41.263476903825115, 77.2477416252587, -80.80250271509615, -37.92592771254621, -117.21721230012693, 5.676814011167966, -26.302340120606036, -6.438371656299856, -51.63512404237224, -106.66592303563976, 14.880616859220533, -91.43099829933084, 83.67581664629537, 77.8789951306255, 53.41355861642456, -43.48278345317679, -84.37489800294053, 28.414879874476263, 66.36168315776257, 61.58458541583504, 42.41378948591402, -97.19588582656678, 26.11420814702908, 90.37141536677025, -87.99977813426462, 79.17951671422263, 52.823969112817025, 105.09532757600957, 75.09722718732641, -4.874367287925793, 51.837476966801155, -11.950108969607408, 13.900509863566427, 30.81678946042704, -69.89894806386279, -51.435081674182, -6.327691389321476, 96.82272114492622, 34.08679402062252, -24.416271471000726, -54.61208387969514, -60.760962582929, -98.88313744113907, 7.130204094745907, -46.590089236663275, -43.933636451731424, 117.79500880272572, 81.3753946332951, -30.245352921946356, -8.959118057414681, -59.130264307407714, 14.006029916392416, -32.73922346291716], [-85.20532369339989, 13.763675857989167, 19.658700260028507, -181.03964244914937, -21.8780874633328, 29.23599048682849, 122.73468005008152, 35.45985645053817, 12.560085736074807, -86.47505916991831, 105.10760205138106, -79.93177907685785, -77.54168851429239, 47.073290389985864, 746.1324254735996, 62.0829004294273, 55.78707964208782, -69.32874452930152, -9.94279267458041, -5.502160299105118, -93.06502412182633, 85.46974722537416, 19.96480518547849, -76.87745494436632, -90.99494993178529, 15.593101380573556, 10.131641711717986, -26.185977618009463, -86.22359424829287, 58.03319308697505, -91.41977720555958, -45.75317902218862, 75.62118483769898, 56.127019813459825, -18.298417816584042, 37.18362571080663, -126.49635962717326, -67.18093397530302, -0.1123706251368759, 55.81819979405129, 72.95039358621779, -11.082240831845139, -59.74206128454594, 103.08446158386423, 166.21354045262075, -18.058843140916796, -60.49081038155147, -0.9285654112290486, -44.86903061480336, 23.461288057778322, -31.66581506342336, 67.52344299340606, -133.1884456858023, -30.402703621476093, 84.12232369981335, 153.31012047995162, 0.8178117796138413, 79.956624350098, -39.28528972030756, 20.174233560682495, 96.3161409771561, 80.46163110751766, -80.62160621006382, -7.685947030218916, 5.96417083396023, 109.36667478666392, -17.5791303104357, 203.09374940224083, 174.7282314324804, -70.95681065294109, -53.04970067482992, -14.759193763359587, -117.40010052373353, 45.51382682805164, 87.37282031131784, 140.61543091602246, -5.922358051831511, -30.036799529923403, 8.080370322658101, -43.502218351641616, -31.583666462371028, 29.998307252766246, -2.9326455563769755, -23.77820235790701, -23.35585894073894, -68.0601921404772, -49.076012212216234, 39.23231983686448, -73.33000034244229, -110.51840260993983, 16.371836071300457, 10.903484556150795, -77.49965750085711, 7.625242811732912, 21.270417544207014, 68.34208117545793, 38.24760046963927, -110.53562969841298, -122.23195132055115, -51.63105424540319], [-9.15578718716561, -42.900609616962626, 6.795792461333086, 36.44960147892648, -7.489778842408222, -52.107326311804734, 63.373795822031234, 0.10427162192225481, -42.918659776564, -64.67877536241004, 18.094740221596723, 166.65803228577346, -75.99257039593786, -54.023687202877674, 62.0829004294273, 757.5132315502468, -34.68020994178715, -162.39865420563714, -6.643726792011774, -43.86328682155815, 15.112455570596108, 132.1125610558116, 12.695048073151185, 28.051685647219287, 55.80138763700029, 38.90944601092823, 33.68998308104268, 103.74978149129956, -128.7729477370529, 85.39657667770732, 140.6769191038175, 91.58515581028473, 9.496437649327998, 46.49676068896256, -53.26001198927828, 66.95991369704271, -73.3082523490684, -69.72499189364838, 145.15598380064122, -3.6795340441787525, 20.290506915373154, 58.64043934476299, -47.185026048964176, 83.54708318593876, 19.21853632257708, 140.83355697065477, 17.740655741372745, -12.582437609435328, 3.7614806873224573, 118.14830230408495, 81.48737831479608, -18.88086058644986, 46.835902933460666, -10.182165032908648, -90.25755824782362, -14.451887298332721, 86.27536661894278, -122.77065519921172, -39.414324161810875, 3.3959629271321816, 7.318989334220063, -10.127416871501309, 19.518241389569585, 30.982599136498433, -19.759626626608085, -133.1547089982105, -4.239027719667098, -79.42485949265884, -59.40178184251765, 69.40629731977816, -35.23840645762848, 56.20046169598759, -47.25457777264016, 8.489555137971731, 60.58778991963811, 95.40366801885685, 35.32686386827879, 61.878993770059694, -8.690593165493663, 8.122168352809464, 8.311295837632322, 77.97178475483815, -83.7272762362801, 22.43968417752842, 55.164824297800905, -47.90370013411676, 96.18508716703835, 6.519182230774259, -11.048308565028124, -81.03880447102453, 23.116360898518142, 13.70891525980802, 98.50976057355086, 63.12222092812149, 154.02846660670505, -26.1258671797805, 155.8918838861562, -72.23785909131347, -104.76157691928643, 49.16896006895071], [3.9993764135086973, -14.13961326788365, 62.75393878946724, -28.427691997174204, -2.3721230115466607, -10.359426819052619, -86.70809122471451, -69.54054514267483, 11.12784635919652, 14.915094990577874, -69.97221230042257, -80.3810193206772, 16.576651585187832, 7.900351500621447, 55.78707964208782, -34.68020994178715, 653.3038109728129, -1.2012606253549336, -34.96002573723585, -13.149485852874232, -55.83942924586644, 14.98836169898063, -8.529381898423978, -48.7711997833745, 21.37358298036444, -31.245772010805315, -25.903368423307008, 123.92225859969288, -39.301697488965, -39.57332533315676, -148.02560706773863, 7.983896429057699, -70.39077698002559, 52.42072273677801, 41.19505398191746, 37.804053189081706, 116.13101470285719, -42.12945597238871, 5.56889972436791, 2.137353361044206, 8.217208290255225, -49.801943139689726, -54.326924280286335, 38.00559524907061, -60.86513567096204, 74.47198002205322, -101.03922825829041, -63.15403069946802, -37.71007443716436, 41.099424996732374, 4.332883460993738, 51.7446525406009, -72.06698357624502, -15.290900092821358, -143.22824151526876, 28.329944316380995, 32.50128808275266, 110.09294680557409, -46.52855793625423, -71.59752512449283, -37.47314424413301, -24.61022913972073, -81.58005244799344, 60.495787698181104, 11.89729163035873, -27.01155793086454, -96.47849772705739, -62.846754519218784, 46.3576266488779, -95.2408208062914, -23.84579723678994, -13.685680567238037, 18.172522563327966, -0.6697345116501108, 33.72193130558376, 5.667043477145445, 27.188259561172302, 110.88386872518733, 88.54051576902707, 108.32387318312139, -81.51793308184132, 56.14366116014037, -97.13775208585166, 11.326154308042769, -6.471994964031819, -33.109456039378365, -38.18205264721622, 37.46651926959412, -19.223168893561393, 148.740154192678, 54.271246939884925, -76.98125530844912, -27.486494703357266, 58.793038766929314, -62.24772025136754, -117.57870852292619, 4.6913758070771285, 15.304349673084456, 27.796124997384805, -35.82491158395885], [6.126827824881589, 9.637389815228287, 38.73036848633433, -74.0604050039278, 39.936058600871974, -15.71641870574151, 32.34861951723994, -69.4069776922766, -27.11311011029333, 61.101975157047974, 113.95541242691442, 8.791619962408944, 4.489720013783252, 3.7001487803756405, -69.32874452930152, -162.39865420563714, -1.2012606253549336, 706.9890841583547, 66.46258443796165, 105.84776829045231, 91.97172437283908, 15.206847357391569, -18.920399947673793, -9.350767562718099, 61.29872901642324, -34.16131550368419, -72.7638115517266, -64.68084996391032, -30.81065258543535, 31.675619086550167, -21.69040852914012, 95.62629080004018, -64.72284102854773, 64.89885520818986, -69.18924226384256, -75.61187869474837, 16.81661608843698, -56.50967646959373, -17.02756287834957, 54.85024952613283, -128.90938430740036, -51.687206544403764, 50.5067130589379, 33.512746706705634, 73.69036016750178, 45.85989095056046, 95.74245569433253, -2.4719879677209384, -11.603551699634027, 7.67529206413259, -144.53270967161123, -93.21390449390113, 101.18598418573802, 92.11867629144318, -111.13087839856925, 60.538128769977945, -40.0843153542295, 217.6715798877427, 12.509159192745686, 45.772434932164586, -7.04325373761916, -31.175205075908742, 20.180547665547692, -35.32414040529743, 31.488033410917147, 33.34554025545358, 35.250967522796195, -124.0289779494253, -55.53237120835814, 78.93103254682254, 21.923953250053046, 30.44325421303425, 81.10966964395126, -129.09752535036142, -52.48283360952931, -15.658700749220841, -12.065324275951669, -92.98580312367505, -129.32411769777235, -56.38979340263906, -21.923429031747425, 20.638587819781602, 45.123784614017296, 51.05283020086089, -79.89934830554512, 59.00184253617145, -98.30906139389758, -4.349558387116037, -7.258152316881307, -60.720203865098775, -16.045787445077114, 77.9523556287802, -86.72940344417059, -43.523293009324284, -12.397217367697898, 100.59655717344441, 57.88453365257736, 65.0134625149984, -83.37917771325537, -23.6840758785926], [103.03362653460312, 14.897454071760324, -21.296968588288493, 123.21069509662794, -52.57139433253223, 49.57573598751982, -12.956870359514502, 43.60387945944023, -96.32230789437472, -19.417415797984372, 105.99801630341403, -4.379039337688525, 26.051062407616726, -4.210020836968514, -9.94279267458041, -6.643726792011774, -34.96002573723585, 66.46258443796165, 607.4674590374026, 106.36359335268824, 3.7051739709463423, -12.135018015166445, 166.41669682573118, -31.87927127774645, -91.80227277822328, -30.543483557581876, 23.10318118705924, 14.754952094684116, -63.78318825873009, 61.425762380326745, -6.092645880254011, 132.187474619183, -94.45264872089895, 19.824644591874073, -31.603632798083673, -91.74183778925016, 11.895304417606992, -72.69597186030252, -39.83183638043748, 70.80056622309638, 49.039920003408, 78.33450934340436, 63.88576493881015, -6.791221962115358, -66.02544160818968, 47.40771110092832, -49.46520772903589, -22.327965290641647, 2.9224033858586758, 15.305932356168032, -39.04805454366535, -45.21424378683874, -3.1297911637021594, 7.8915779672120125, -3.5118885058022897, 38.518143478588215, -113.74365797099799, 41.90525763873961, 100.79627376234369, 25.546382656919864, 96.59145954065716, -79.36314727739025, 89.86676809352898, -11.494369026680332, 33.714700142083, 37.9559591588103, 16.104361077667292, -51.955175875255115, 16.969935619203103, 74.70012013385364, 59.75298081656382, -11.21659683057433, 48.540150412478496, 32.999630357906554, 60.39208018554511, -15.580327172204012, 0.773375220087253, 79.68935846148365, -39.11436944643198, -5.702332977657033, -10.42029817161885, 111.80545441348424, -58.675778249472295, 63.12424028394515, -45.04915401195701, 124.01728613995476, 48.31934843972611, -0.5098774016528325, 77.06896139309853, 53.934258881930376, -80.73295026840603, -4.1167939886505645, -74.80890814292952, -124.25455655658249, 2.5937544413621527, -20.058592284910617, -6.091269276475526, -140.4000432490959, -7.662740812286824, -102.12622884885758], [9.597412740556688, -51.52453731370991, -134.37125031380234, 30.452724088426287, 104.62943438213672, 3.14437206497242, -59.43268999497257, 79.15657064399002, 26.815194300650106, 76.16882335628638, 77.6058044936987, -7.798385311066269, -43.10251076783265, 84.0505189256838, -5.502160299105118, -43.86328682155815, -13.149485852874232, 105.84776829045231, 106.36359335268824, 611.8982681264259, -55.05491322702981, 32.99018998916458, 80.16227496404714, -50.5274240926895, -26.209121953334666, -10.272434362551309, 4.642334968645703, -68.92741201602021, -49.11735087749886, 21.295126702017466, 17.71223184626981, 36.29742702228286, -123.45838766298418, -51.06139297388006, -37.086191606838646, -22.220461691566573, -7.6835985189820555, -22.446648297431423, -45.19464556289434, 0.7358309448296589, 62.996102433578415, -3.9734645894562455, -37.0945959353984, 17.27584643785716, -4.571731003001308, 102.63361022940977, -71.67619631430149, 73.22852589540724, 63.09920590152264, 43.84091611183507, 128.34393660140157, -67.43540354375918, 0.17602131666063392, -45.6527011026826, -32.50203452366175, 23.699210332258716, -3.2356250138857927, 18.292720812882344, 86.89750317457545, -53.13476279754116, -2.7217890496247414, -18.525760319529706, -64.40074675871278, 5.786367414764644, 32.13852479113075, -66.25828685796822, 101.69078947980279, -207.01229274033815, -44.05559643687566, 8.038658515053957, 181.56363465567148, -91.70897774231248, 31.832384860952548, -141.43323056491366, 26.57213390083662, 109.88028159402946, 12.364668230974694, 42.116126341498145, -10.169572595017037, 100.61899895004592, -77.72657179675036, 5.826825809644794, -4.463782909128652, 31.607664836356772, -90.69177439049227, 109.15882717455953, 114.10823808125502, -47.33957590885376, -32.387319498749584, -16.931708753767747, -23.808424309866353, -26.748934850838385, -6.031047274258147, -63.773935951139016, -76.02674724846442, 32.70129089549066, 34.23996335493458, -11.530624504052494, 3.7187005166980787, -57.593640197889336], [-9.889692498401299, 27.709916749215452, -2.571424030435921, 69.99310224353445, -65.49831238267302, 1.0503839959081063, -61.403261047893665, -145.31306211945287, 39.06987526773625, -58.499889598357164, -23.196985745601506, 201.57094009737838