{"N": 100, "M": 3, "A": [[[803.0027088905763, -63.48753803299665, 85.61984003817123, 42.9668166432412, 3.4492991010579486, -107.31413067898549, 56.653891833592944, 66.56308453801758, 67.0665765432476, 60.47071969863239, 3.45786381803752, -37.31225007891799, 2.2303320263891777, 88.89381424920695, -187.45034830860652, 48.82152604304989, -66.04259541608701, 78.77740198930492, 135.2146297945541, 190.988897214974, -120.52152548961537, 31.06937558603474, 126.56394961520168, 35.26126320786582, 93.96224934489238, -3.8120381522233497, -7.584896828256782, 61.57664836350648, 30.30237101526354, 7.444116432364254, -63.25765239727383, -9.493121678965192, 33.468123296240606, -4.8665236687971465, -152.5239510741161, -93.82578255124133, 95.61117715288967, -25.733451511562805, 111.30855323590703, 41.436397442252634, -51.443582627140245, -59.819220164700575, -86.56963789581926, -55.29076622736793, 6.598475401100497, -33.929891228290295, -82.07328167538333, 7.103366342403733, 39.610658877980555, -21.931253759029136, -17.56234371988566, -27.18218563658084, 121.96163841627907, 70.24578849077166, -14.63982906301938, 26.776463052138563, -76.64970959778528, 22.71158898694792, -24.16159941319695, 114.12835616710508, -105.08104036288455, 8.615905788693857, -17.908760785301972, 141.74571772589937, -54.76896477610019, -69.67180814237283, 41.89837808194605, 107.07317424167735, -70.24795131417791, -95.91611130973314, -65.70739297699227, -35.55346767829761, 43.004166187598955, 75.38563562048704, -72.79409616113385, 19.62761399261523, 14.765891613290357, -7.0521655045840586, -6.329960716052722, -4.7942086662981005, -64.52500419599043, 115.7980288811568, 150.3521968255038, -50.00581177881296, 78.8447514990219, -60.99061901530545, -21.06875332646939, -84.70235199356429, 87.37169185687843, -33.327210996062, 162.36612816180667, 17.343106918181768, -93.96048640397497, 82.04276829761174, 78.65819229993654, 4.757047935839899, 9.705872929419213, 158.86928214060302, 19.88338162546681, -61.28810438935366], [-63.48753803299665, 639.0862356576196, -53.170960500292516, 78.85428418683408, -55.32366702655931, 38.32910631202253, -40.972028593929416, -4.171612290034222, -129.1155533344652, -31.982823188029364, -106.07886602491253, 89.33012770016221, 81.99293809929165, -0.7954407802048967, -104.8444485656663, -28.526084793811375, 66.74545792512727, -43.490826829204984, 17.096714446147292, -53.17629749111042, -11.088549401177259, -5.915521297472263, 78.89186438949112, -14.857530211230088, 106.39245934770688, -88.60432374528115, 22.295653356852274, -7.3390648559992036, 20.471719198876016, -133.53140993650783, -65.1938010131005, 21.51291516424392, -1.679735184797094, -21.686584641033196, -12.983005258626335, 58.554361765248586, -109.74094926034833, 53.36678413087095, -33.04346533045336, -24.509108876299955, 29.972142564599586, 104.92357432867716, -94.63770645715535, 130.6164589884809, -72.77246785039077, 36.70251841786314, -47.870867716460474, -20.51759177460641, -68.52843911419835, 43.899947257051465, 50.32432836686194, 109.01641655117062, 82.04577215418307, 47.8936368426193, 75.0236649374902, -14.24587247578802, 51.60778600077641, 59.55850301485679, -111.32017676195487, 5.890975200823097, -13.739223105598256, 28.0395633412882, 32.7259845039863, 16.5371158833386, 4.119273801659423, -69.14707586549545, -76.57789118429265, -17.39067770487324, -103.34396983790532, 73.59966822911355, 16.551508115274686, 24.92336182380449, 29.361765144679143, -88.85004527280104, -61.55005590842212, -128.85838347563188, -9.898465226433942, -6.1049420272730615, -2.300385165519762, 12.02667122060282, 28.797913632941174, -57.80971196556651, -0.09246848536318275, 100.6396633769511, 23.952607246980744, -71.02817833097917, 42.13773367206703, 58.89765481641624, -12.735059078300836, 32.59000247127242, 33.503045991803425, 16.985829976752107, -91.98067575586968, -54.2195852543096, -112.21733360029283, -113.50224083387621, -28.089325141803315, -121.90287614831085, 44.39644196909626, 62.15443717127242], [85.61984003817123, -53.170960500292516, 689.0607433543995, 131.58112353956795, 12.378855675102564, 24.902055517827204, 136.30048229221603, 32.60577210122118, 92.1298699380513, 70.10606895177187, 37.685534374410565, -128.98360828160224, -29.469631727449432, -108.39578288637982, 60.871851186962644, -15.647607005169673, 54.30796139323517, 70.84653585607792, -27.870329938833635, 24.220546513592357, -63.46204515478973, 74.81968782697702, -50.01710844173167, -99.90575759780667, -28.544007951827027, 4.675128688233809, 58.994327902904274, -28.42342996367617, -48.14476232341302, 223.79672364458736, -25.130260379354496, 1.7544529979542656, 107.19915589733785, -5.486147190660191, -107.01813510287421, -191.92629917509552, 13.257472376140832, 52.28356000966265, 1.3184519820782636, 150.2299435604512, -10.423964910740832, 84.72311930371741, 24.32633501004339, 1.5398710205763884, 25.422498390717095, 124.57730430275478, 40.23359688063629, 19.33711664644978, 95.71242343210356, 93.07302695647454, 55.62373441805242, -76.49367062378847, 75.79010145285147, 40.86518048091396, -91.93165924441612, 5.503030003294256, -48.2052823249239, -7.08239018353159, 74.38882748800972, 64.22187777516412, 48.09011830087553, -2.928985152421646, -4.066001036693617, -36.85563704185017, -64.81459546239059, -19.92347690805665, 43.97344867014864, 190.73687891214365, 38.83681331775356, -70.10864479673808, 171.76474363891987, -22.220579480688496, 72.45092728086145, -53.928735918773704, -149.75097954671267, -117.7683336597013, -42.88355698722897, -15.112810098401072, 69.35891041597517, -38.237495637573176, -36.492330534046516, 85.2854456415542, 71.23997076059172, 60.87324411665115, 7.174702116787786, 100.80267430481271, -51.84865362412475, -71.43723164534686, -56.95869219007978, -28.524442374552827, -68.67221524629802, -77.1481354426586, -80.89767407312812, -55.71451899841188, 54.27185587281278, 73.27014866730359, -7.167132751484086, 108.44788942759017, 93.68449143937245, 17.510102575191574], [42.9668166432412, 78.85428418683408, 131.58112353956795, 778.5876945997466, -162.60687536623627, 70.3644534101642, 83.49293191754285, -84.95875906804282, 66.25696022755155, -2.686945326911811, 0.425864809738286, 40.51559615207386, 14.265729985774076, 101.52039319122476, 34.17310720006151, -9.78044877761225, -14.282743806790208, -55.53983706872958, 24.39065148773276, 5.590000505367399, -92.94371916343934, 25.021545985931706, 61.13804633269976, -22.578640397826646, -88.13281115776975, 11.030723130085196, 38.90288297542116, 12.895405144768247, -135.59357927946624, 98.52925941710697, 84.3512530099787, -66.72223518808556, 151.73256477789243, 66.13284833240525, -168.61964097780603, 33.812740328067406, -140.84045360645823, 45.48672980451777, -105.5711768778, -92.92843042539556, 83.02594777968636, 169.0029441872917, -4.910885941468678, -49.80337497497466, -61.808060176168276, 181.36012680414538, 34.20017066689059, -22.39376250533517, -39.5081011598236, 116.3131272203696, 38.16570113118266, 89.96111910336336, 78.29538716703247, 59.120695440583596, -63.91796833321274, -115.27378473210642, 126.00073582712048, -42.170588082460284, 102.74405641771042, 3.8546728055227177, 4.036991485386757, -12.105963067533558, 69.0623608811854, -20.328127061614495, 10.83423418050316, -57.2738253615628, 1.5888652005422355, 24.974820028952863, -95.68297211971209, -18.815533812934568, 5.925623156376982, -34.96907388715007, 14.560727411538238, -11.134335690906225, -29.826691863355727, -147.72532013813645, -61.3071263788804, -115.14065196443273, -82.28239159984729, -160.4655545756326, 101.83145035262137, 145.08037968822728, 50.209593022636014, -56.46679615242022, 22.09971837451137, 42.57455812112558, 46.61253952421788, 131.98598917924483, -26.586199323306, 36.52454100871431, 69.50620236804224, -82.5951120328673, 189.66719701900263, -51.04378331651054, 83.64844540860861, 55.19733952978367, -89.58611896528006, -16.122351290402847, -44.968113445290115, -17.680466287398744], [3.4492991010579486, -55.32366702655931, 12.378855675102564, -162.60687536623627, 828.9155288796219, -37.59606304724275, -17.599855006349795, -26.025418694628954, 6.875001829352172, 31.271611917078786, 61.04711538141384, 21.679103212816994, -68.05437981024274, 8.7384075216955, -62.077866060789106, 28.752030464041724, 32.068461674656994, -61.47571474905931, 41.8182370929562, 66.25473680036058, 39.87354348763856, -90.28230895848057, 21.41041023507956, 111.18953261156756, 13.376247153178861, -70.27529155699071, -5.580757204857276, 43.15967831062824, 87.05834644601194, 33.90096999333652, 1.5956060019651561, 89.79215004211689, 10.866146943379224, 42.37608084503602, -10.935214002964539, -35.47053009564422, -7.561523666187974, -131.57419409277708, -24.960230425921242, 59.344009858877136, -99.99162279322209, -51.39282765115884, 74.2488848553844, 37.0012775336029, -32.34602175518826, -126.29997848800829, -45.75659416244129, -68.96850977811712, -1.3586026630007564, -17.908022400347864, -104.4158264385987, -66.47742049928746, -14.104288058102055, 37.36056637886716, -34.273267245140296, -101.65834688636286, -151.69597099910106, -12.138040806871796, 29.3525711205543, -102.33535363971684, 155.27353670110912, -76.25200393064912, 65.8939933107248, -140.18876135361316, 35.84820463462777, -25.69883408780378, -56.80579642044198, -58.53312277989986, -56.630647884135854, -148.1023998082994, -37.29904865884491, 59.821884984850065, 106.73338880591035, 89.52022412040264, 45.16767403001067, -75.87728270252384, -130.18409308772237, 51.68244584428323, 5.975172743173617, 4.475469814365674, 185.12432411984733, -89.25563107928754, 135.43182611746636, 29.367471831287524, -8.21033929613569, 238.96417790745565, 80.43980942332705, -32.415540635369425, -65.03358106342338, -127.93545636291208, -50.77975756132415, 136.13066179127725, 6.4205475007564985, 13.766589671334131, 3.0497339432671087, -74.78842600868073, 51.68849164866383, -78.0635266808453, 21.815197749219777, -30.683624263464804], [-107.31413067898549, 38.32910631202253, 24.902055517827204, 70.3644534101642, -37.59606304724275, 575.013849303336, 64.15281786046324, -30.193244031672254, 20.406133544675182, 58.68936043065958, 74.31682954062589, 83.16195940089874, 11.081212416278802, 25.895560643588873, -19.970653854686205, -31.860126400892973, -103.53268196688566, -48.21239093031207, 59.48046084260747, -47.854890227998524, -34.01980035418661, -68.94716981292675, 5.9475474463195575, 106.22243752002146, 132.08072993346562, -33.07386674925462, 2.9904156792812557, -26.322814874766895, 55.13195449385695, -66.75499535173277, 56.6713817153545, 20.51893245944874, -171.41484676923247, 72.06561616686491, -21.641712294965483, 97.17971899147348, 11.421478018220247, 12.398451927114769, 15.866339437134654, -21.626224605192974, -5.373121453881666, 26.189538701070447, 99.09687094453632, 57.903686044129344, -18.182535160866983, 63.964427006696354, 195.34485327325757, -24.79933469741398, 19.161465984656648, -65.5692470618979, -56.840134147510106, 10.19996178080217, -37.54813068717736, -19.390062577121572, 123.30512972298726, -8.19821419925388, -17.73462856435889, -123.14549704635061, -160.6138302938724, 27.169570164096033, 57.75304162493828, -43.991836795252915, 76.37895137129121, 122.3748506719729, -5.263248042913156, 58.0431633305248, 36.19400195299762, -56.31669784250137, 131.09805278890707, -3.782122810027719, 24.283304067663742, -42.28319207949164, 77.19018185486226, 49.44182701022855, 23.521825004436405, -33.002690292753314, 50.88348426743878, 110.94514550320608, 141.53891298863428, 77.93639334819945, -37.28819683069288, -92.65635786654894, -36.08628919207073, 16.989828244267734, 100.61219016865974, 7.138097884938677, 45.271962476495574, -3.7720013012242113, 95.24676100131711, 74.12991131296077, 2.060914483102085, 0.047976157601283514, 169.50025949162895, 0.6082353368505053, -34.4661877773617, 6.167244018674184, -58.80338016098185, 16.793473053508805, -97.10973492426106, -49.69233941236663], [56.653891833592944, -40.972028593929416, 136.30048229221603, 83.49293191754285, -17.599855006349795, 64.15281786046324, 697.2418732180422, 60.464915153066535, 51.547800230440785, 41.01013587057282, -63.245683512827284, -103.40777116397942, 4.164909240187072, 42.22057756000334, 90.70311864428197, -40.48603254724809, 85.91545209730614, 4.07191759628209, -20.06597912122652, -37.47343720760145, 6.3589911258598875, 31.00739317956335, -157.14423820153635, 84.51546443026959, -7.040290108028614, 30.790190342603125, -66.71067373718147, -112.95016713851226, -18.82487144270979, 208.4829698778285, 24.076344584995105, 3.271522547462981, -5.002718466248929, 5.669093633220864, 1.596450591624922, -145.76184008195395, 10.097986597964622, -49.47907523671273, -111.29311717747456, 62.14524482714053, -12.530351117370028, 43.36519240406934, -20.798029555752244, -18.642678889001196, 112.59718928460634, 103.09678096775079, 31.87059597920679, -119.98489945751278, 4.830302810982089, 148.72587081715412, 45.94736155236077, -9.033862159015653, 163.93958714788616, -114.94982647381349, 129.30945108651122, -85.04321479032005, 134.9516766899184, -10.768346898558375, 12.736830732763801, 136.5107752273208, -4.392807807279373, 65.85796000084557, 92.90325969988253, -28.964306033905366, -43.818860312517614, -78.19671471474572, -83.59173263510222, 31.74879419424055, -86.35626375048068, -1.6057083300468342, -8.785128395223579, -84.71474812783039, 121.75676883068216, -92.30937195479548, 52.47708311808729, 96.5090677082544, 58.63805785686712, 120.4600511448937, -149.99304234222137, -68.41213445359976, 42.717995775523555, 78.509689670951, -10.660708080416159, 11.346672173326017, 53.93662019480658, 80.76209843033612, -15.90719977374602, 88.44164530181152, -24.240593405198165, 12.128772856090652, -12.583957882122004, -79.69656915309253, 55.82015788028833, 65.59182706409246, 22.715534987929153, -57.54084629362616, 59.00491892353525, 101.20240038001845, -46.04721714017759, -44.0940142576369], [66.56308453801758, -4.171612290034222, 32.60577210122118, -84.95875906804282, -26.025418694628954, -30.193244031672254, 60.464915153066535, 695.3228473571828, 27.070809815276014, -49.8402604865944, 25.951877743547122, 41.33187674055736, -9.402738150315919, 107.54909112817938, 34.20821322642535, 10.10044690031452, -64.65016760328447, -106.05884949927524, -95.22675228965373, -31.980775263020313, 200.15853267636624, -13.305360493432921, -149.8348121264495, 23.553381582284292, 23.752615177409133, -101.01178933357787, 144.8278416627703, 24.375761576812334, -59.73647712393789, -105.91460729382906, -40.497303005420136, 28.879840434483473, -73.48633760904337, -66.89379303780406, -6.556350326126245, 51.41929831761897, 10.092827072072277, 104.12551575875106, -91.78321518829692, 106.68242830926617, 22.615911927492384, 58.96703623364284, -36.06476127063132, 48.383771124711394, -21.70228674660575, -118.13907316066879, -53.81665631006798, 61.23707959152146, 52.68453980468838, 86.77259284353929, -2.7205220197551814, 26.158007212204403, 26.249765443202065, -73.84690702628463, 55.751669690888406, -33.56317527843605, 0.813612640464306, 37.53840758647482, 34.74626789825666, 159.75494042380802, 122.60741227451194, 29.27385583467653, 58.35650540744693, -32.035838908012394, -54.06471670605422, -57.397427851260346, 47.80485443102742, 16.618677505480562, -31.076875990257246, -97.44747504959079, -46.41445326428116, 43.65916835850781, 50.00906491087059, -56.832710923254, -75.6723878540518, 7.359865330944002, 15.917154708134557, -67.16761842390476, 79.62274951707742, -38.54884870149306, -59.68491914360455, -24.595395665689043, -68.84330896146437, 0.8239077496819025, -20.02252859520707, -152.3542974262871, 31.91316628344179, 35.235262699720835, -11.821259704140965, -18.916203147222287, -118.99329313982696, 56.790232146494894, 38.28008001403866, -122.81381164406865, 50.98120588927415, -20.268639078367737, 112.70749430083397, 25.29280640810674, -34.19565939156316, -61.71389645064038], [67.0665765432476, -129.1155533344652, 92.1298699380513, 66.25696022755155, 6.875001829352172, 20.406133544675182, 51.547800230440785, 27.070809815276014, 569.5307690367412, 14.130351974412395, -119.96112287027452, -124.04462470202164, 115.73829994465007, -16.81564172712945, 61.775871088768795, -48.62558083829175, -41.141277273264464, 89.70378826304221, -34.10890033370916, -77.27243177486336, 43.0298148617774, 116.09985117568793, -14.147623932420737, 12.906671479940313, -1.3732286786575776, 71.5875077815281, 71.2780376474839, -100.87156234936353, -95.02032072656024, 71.30530379661325, 96.293146459289, 5.301894661359928, 70.33883591118314, -16.03712728461343, -49.8332067283518, -114.2952558990341, 68.1396328808411, -23.66096544167005, -7.05581194635383, 21.873304055416305, -47.11679005604085, -4.055945191036848, -45.9204679237804, -17.38103166023181, -17.02446097118573, -66.7208930643312, 56.33030911031918, -25.539124914151472, 57.02958583527177, 81.78369352729473, -2.78892533165849, -109.74729357793726, 99.26858968517699, 52.17182830923403, 18.495525600608254, 18.568624421227497, 79.95653580839999, 110.71116245664231, 93.52704528150763, -13.375394322089731, -0.4364151661947595, 59.779711250422324, -25.631080105574554, 5.526091460709447, -18.448256107658878, -19.834488863212034, 29.423080298920006, -42.18700606755892, 49.04625669256047, -45.50634182466822, 105.82764939474119, -25.05915577934743, 101.05544451051423, -27.17222043882054, 86.81429020789355, 27.445691126649024, -54.82950744174886, 17.56857242709228, -24.40783512620097, 32.39577833638059, 42.332241892743546, -19.419933335363005, 14.081115955314791, -18.088038671658005, 73.3837082453575, 28.186309054289193, -7.411900830773732, -121.12167279740503, -43.27542040076142, 26.573358956925425, -67.61915445942559, -79.84362810470599, 0.7246682866893446, 26.530485679236698, 37.55609094672563, -5.598032710724126, -25.035310306672773, -0.6151322364657357, -32.74310581993974, -68.54292970562261], [60.47071969863239, -31.982823188029364, 70.10606895177187, -2.686945326911811, 31.271611917078786, 58.68936043065958, 41.01013587057282, -49.8402604865944, 14.130351974412395, 722.0038918431255, 90.36995868382093, -95.00610564361033, 12.287810683701851, -34.057970187512154, 92.02544237389334, 3.573017974285251, 25.779441370294155, 35.57768327265258, -80.01919035286924, -60.32707912978924, 54.10206840406966, -90.05841165840114, -22.244704642050646, -45.283179586850274, -56.24466965778414, 29.95776370619304, 13.350927113586383, -11.39074220197699, -75.51860235848407, -36.73668591265994, -125.58444802587556, -76.08739456489288, -5.843836389822272, -54.44376158470729, -95.92602157624218, 24.319633996487376, 108.40088347222431, -99.061423364198, 17.83788498629999, 135.75453255174784, -33.80650524011317, -5.899796645372306, -42.59572422730624, -117.36263577206823, 117.36435588097326, -52.22903131091288, -62.391489945153026, 24.8555620069327, 123.37584555935429, 30.768152231536178, 27.199616938637895, 7.714228007927054, 90.42493829066929, -18.261731065602675, 35.2544538891449, -29.881728715091796, -75.65202905304898, -79.54762435858028, 74.91725465976971, 150.99568902095388, -63.814744618190495, 64.39163130355296, -52.36129460478381, 22.25965301993479, -1.4202500650946002, -49.677035692536684, 19.759001366610942, 69.49120627424749, -70.84853332105003, -31.98068359819374, -21.321620713142003, -15.350635845426527, 11.422860336694733, -48.76314703013372, -3.7346980503683516, -23.938251157503043, 8.985794252185238, 125.51549629591315, 97.62384455157313, -83.32772750540717, -10.370079752717984, 40.84452948326478, 126.25085483209261, 39.9164762568328, -111.94609163826075, -47.13813331703144, -46.947031498772304, 71.06452987564687, 69.30660703628507, 15.851178831207, -30.587931642298827, -3.1617366465172534, 28.578261867779112, -41.29577719858375, -99.8441265321531, -12.548646614131966, -16.307730699069143, 28.98739051356326, 116.23280389052817, -35.00609595070521], [3.45786381803752, -106.07886602491253, 37.685534374410565, 0.425864809738286, 61.04711538141384, 74.31682954062589, -63.245683512827284, 25.951877743547122, -119.96112287027452, 90.36995868382093, 838.0962188710612, -38.599664333892065, -56.35528077053237, -26.330294840805713, 68.1574883349777, 85.94510464686937, -29.687939504016192, -96.56820964361718, 26.174154201075567, -42.253961659673635, 24.774078956336805, -15.421540576009239, 112.36411673833382, 14.265754307527812, -77.95724972679817, 1.6054789782777306, -31.548166983153138, 117.00853768835405, -141.421587166917, 121.01021362183047, -37.80894031262196, 2.2713315113704393, 43.117888729362036, -75.06756729076432, 68.71234492973794, -75.79569967438941, 126.07529740142583, -52.59364008256333, -251.92340079838644, -148.74641512053574, 82.36378419354605, -106.73984979999695, -12.540312575005998, -164.8939678763081, 39.85036041440341, 55.96385933126369, -173.74643530672776, -60.72196645723714, -39.41233783114785, 103.87688843541186, 42.85952654361371, -45.311556372693815, -7.500313520177944, -7.10900396599037, -113.7067826717773, 116.87754813987965, -19.596027571368886, 45.45943147987748, 201.31770763362545, -75.001754544358, -59.29505642241152, -46.89235941302692, -107.37720403001721, -54.859333930913124, -26.702026060798836, 105.01858751223855, -52.40078570723933, -1.3268933195503259, 30.342198243236638, -21.734595695008764, 147.80424819578423, -110.79895001763715, 48.38499864107739, -87.72741750003536, 75.7045659430628, -35.75177925376495, 3.2107247568755284, -20.523734126545662, -111.56455565478056, 26.234424521516218, 22.589520467180513, -24.24655205705544, 89.12800593254703, -20.970520611838882, -113.4854081719596, 17.62113898362264, -123.0402928874777, -45.73429129075838, -94.83925351232146, -47.68983225928882, -41.82280154191781, -37.36490124178092, 9.30067658739842, 75.79339117411268, -24.868516057554245, -40.92819299702782, 84.53628674390512, 35.0005231739266, -191.9049525166484, 53.89443216741502], [-37.31225007891799, 89.33012770016221, -128.98360828160224, 40.51559615207386, 21.679103212816994, 83.16195940089874, -103.40777116397942, 41.33187674055736, -124.04462470202164, -95.00610564361033, -38.599664333892065, 794.4436086402551, -38.67514689802855, 18.723039416223855, 55.740352445430794, -91.71364139248553, 45.44101424079686, 176.8138777612283, -0.1918825273055358, 42.042532523300025, -91.0771750911345, -13.812165073202447, 117.13102440593259, -20.913661096918876, 77.58285315224252, -58.681702268262924, 45.12961130780668, -64.23667860748542, -32.254188510794265, -57.042764853049064, 62.86940729858189, 96.16011552434858, 147.26731213419214, -81.57899734744294, 72.59010341565002, 79.15527304144229, -86.39879120472797, -81.42454875352597, -24.74402803892329, -49.5098239139262, -73.46203318232676, 45.51264072443134, 54.641606377173645, 57.65054274027134, -86.36589822590952, -44.32197252583343, -5.011597433639388, -94.08041493294382, 62.4764940437915, 155.07565703229886, 54.9455495512101, 99.91610065672826, -27.608140017109115, 65.84609058543609, 16.36956875524333, -89.86332285214627, 111.8542653038534, 59.64428068539162, -7.972487489149472, 30.14277322169625, -123.59913391101794, 70.32426687120068, -101.48448368493571, 29.853277679902604, 57.44736191666673, 203.79608362846002, 105.4587913355702, -41.98421417990816, -68.77099923016814, -5.196925693340466, -139.33140908506698, -5.6443998494014505, -56.17829400944552, 19.811987765897026, -34.77416587522677, -15.892550639478644, 101.04561750647343, -157.4303072142333, -43.420966781903715, -86.36515270551554, 94.30796515219447, 2.8283423053892065, -30.70194696428946, 74.95858607821084, -35.27986397452987, -51.3774676406224, 0.6899235512741342, -67.4969049738562, 84.38518724609638, -20.732493905293797, -28.12618408887512, -152.9511870305835, 26.954034860657615, -102.56681147036501, -7.341948043173263, 81.71476951613677, 127.14268457223594, 6.748121800715186, 11.437663274191415, -65.00020854582922], [2.2303320263891777, 81.99293809929165, -29.469631727449432, 14.265729985774076, -68.05437981024274, 11.081212416278802, 4.164909240187072, -9.402738150315919, 115.73829994465007, 12.287810683701851, -56.35528077053237, -38.67514689802855, 747.8915740891454, 32.82999148197712, 4.645278853894197, -24.08591254886867, 48.91696628550652, 24.38069738236026, 68.25864259372949, -38.78892351205726, 65.25447531148944, 48.44999663193602, -37.03129441233137, 26.241857250729353, 13.996985573883027, -27.24908106996612, 21.275584611697223, -8.285748762455528, 170.30589978882028, -117.48221550494299, -44.84869681704376, 35.934689674384785, -129.8219527787225, 80.1905138446434, -69.43351240637811, 41.37333728003115, -60.946558740835144, -2.645551851809369, -35.65460955159686, -126.40794313373097, -92.78134323942814, 37.574971953450955, -22.72022097363147, -77.8791597825336, -43.607260507523776, 124.07136546175157, 83.20717586482986, 39.37719404933668, 56.351838122054964, -117.8993523646091, 58.89039039370317, -123.84228915399702, -28.183752244493416, -14.704502704494255, 50.12250506140628, 42.05175103589942, -57.232132857804054, 46.52913451098567, 21.109528371020673, 18.648359097882395, 6.212833777344713, -42.3731928228439, 3.237223865524662, 36.8650066748857, -3.2128843550126023, -108.67267200816165, -74.09315374395638, 17.969953877221492, 39.78891138970272, 60.301252044424295, -61.4429085914968, 1.6376142643442204, -63.59832395512586, -35.23386965857808, -83.581456752086, -43.18006483630991, 28.877995038401135, -22.06239022776655, -68.17362245114218, 93.2378941362669, -59.34008418256943, -60.64193912357796, -146.95664310924928, -21.36708503028373, 37.36075508273598, -111.62242529367717, 35.09251145774196, -33.1225237472928, 82.92301417226446, 51.629660486568646, 103.61814056810172, -76.56238286616076, -26.52958777290766, 43.38122967107721, 116.96096976223728, -8.495487095123405, -80.85790170561944, 63.11889331505643, -107.79398605157077, -39.0682698024278], [88.89381424920695, -0.7954407802048967, -108.39578288637982, 101.52039319122476, 8.7384075216955, 25.895560643588873, 42.22057756000334, 107.54909112817938, -16.81564172712945, -34.057970187512154, -26.330294840805713, 18.723039416223855, 32.82999148197712, 774.5352989036729, -2.894646533457503, 73.96397265584538, 13.9761105330928, -102.05486503297554, 153.67165358113098, 37.194783520898916, 30.270467760245356, 77.63354962301162, -11.464942295173925, -99.71892713627457, 134.52554228040432, 68.01571160033079, 87.68587676643199, 23.851615048378786, -70.38420698385521, -36.457258996490026, 27.88699406850656, 73.82385128937992, -155.2464879046713, -61.41728184572657, -147.83934542703366, 29.329654409082785, 17.28048293666441, -46.7337352205611, -179.39300581546493, 91.81501942104086, 20.800268966365845, 28.507995698843636, 125.81155555028964, 13.843792019107799, -13.871726765839686, 45.097846455325495, -94.05460802412485, -16.814876971320793, -48.74188795168414, -43.758813936162305, 116.14444766277322, 111.16894664672955, -22.678835177717133, 84.24968158383224, -2.871010741935966, -32.66651845238798, 38.40361741197963, 36.16565995752449, 29.22000404982748, -6.110278997401328, -16.450954700830614, -45.330152300487484, -12.216522746683776, -37.43777656494846, -21.99971261752209, -87.16856472910403, 45.02336934844797, -39.99115056615167, 55.18403203720034, 3.99450802070696, -137.97342201625065, -81.35836583106308, -82.24001095126489, 48.07030405388664, 3.9830371617885207, -65.52154266775574, -57.35251591300546, 127.58366241396264, 98.21542452634392, -6.4398706879614345, 24.906108893988275, 34.67730207611743, 37.897232732116656, -15.85087892448143, -29.524761615534256, -78.7155339292731, 20.763070389052913, 138.69600478187576, 129.59284880780112, 71.70905289364339, -61.538723287740886, -48.60941155348357, 117.35680999585654, 9.089153575277287, -48.781715673768964, -19.175370594871254, -48.5405827710131, 16.07402756891662, -182.59044120583218, -78.09647447049724], [-187.45034830860652, -104.8444485656663, 60.871851186962644, 34.17310720006151, -62.077866060789106, -19.970653854686205, 90.70311864428197, 34.20821322642535, 61.775871088768795, 92.02544237389334, 68.1574883349777, 55.740352445430794, 4.645278853894197, -2.894646533457503, 737.0420723417467, 8.909223273402441, -23.28071269668901, -40.517522503346484, -18.680625114571342, -63.245757106117075, 18.95817801864292, -77.23046906811442, 34.437083428897026, -158.23392086198248, -37.54612752673514, 12.96818242574706, -63.124524865242, -88.895483012748, 103.81994329839375, -2.1639791038362013, -65.93539051378158, -45.7806358864418, -24.51380486272245, -8.501034527555465, 83.64902836863133, -188.27949931892934, 54.25630764798065, 8.981831826970465, 1.1014432874259272, 74.89692806402618, -35.46042620487227, -139.8005527160349, 1.9729812049765272, -26.376406475302314, 22.257206252041236, 170.70700044004062, 70.626070868221, -43.683581974821635, 27.106388584325963, 16.483821631793646, 39.40684223414529, 85.9011361885348, 86.19274797059806, -100.91890245757996, 22.374486963162248, -77.49450294896322, -32.407892996585865, -145.06118307384742, 7.135393674947331, 31.972377092041846, -10.083480344128498, -102.28234512893356, 29.79389974122201, -78.57874356515849, 144.95231839690985, 56.02251925366121, -56.86761618623579, 28.55276614148812, 0.6254612512183257, -14.854409763528508, -44.64061174888018, -106.28110139972395, -15.985724864934701, -74.92276728647158, 91.77748862540813, -10.226512345717575, 61.73318671667761, 79.78627896930881, 23.47620875206747, 96.77615154546572, -46.20204597576516, -118.85771985789482, -18.233396970010844, -91.61266010191959, -101.85063732064194, -34.88734815858761, 9.644632166491494, 73.47462285841898, -86.68530497582597, 15.5388630903591, -6.435522126985278, 53.11315984585853, 37.706678533897936, -63.847204648309585, 106.99381103897765, 87.72008289485179, 22.58964389114494, 57.778385237056725, -148.1900219961755, -22.818913380501204], [48.82152604304989, -28.526084793811375, -15.647607005169673, -9.78044877761225, 28.752030464041724, -31.860126400892973, -40.48603254724809, 10.10044690031452, -48.62558083829175, 3.573017974285251, 85.94510464686937, -91.71364139248553, -24.08591254886867, 73.96397265584538, 8.909223273402441, 633.1225748201286, -81.880491120058, -63.81839224802029, 47.87119799386705, 18.514946266173688, -5.498526019236168, -25.826524405364804, 55.29601475427567, -38.83820279525075, -35.150200214490766, -26.83758637359294, -13.801399993870419, -20.54555971441807, -19.093774048918938, 12.465181849413813, -25.186133138845776, 35.09037737802693, 13.891255351309987, -105.66402690641645, -48.682873936295145, 5.642651688863154, 1.695708512431114, 17.887885437725622, 33.0778243070735, -148.00769813717687, -52.71683601873194, 102.84241903340977, 33.28964265414213, -76.71739496019717, 52.649164378192374, -35.05109473165491, -50.625352858099156, -42.08618212113255, 10.71398152286097, -22.030898340975387, -41.30342257512548, 71.53682160954966, 36.49802516985456, 3.425976995891661, -31.995576045166732, -149.94562374560346, -53.841563352447864, 44.00323316618953, -26.22252252465396, -10.934595737542033, 30.206097785593247, -83.2260132506803, -14.094063483223053, -13.573617323838471, -57.169474173283675, 28.092025171414534, 103.92473457274855, 75.37707843032386, 20.781249668875994, -73.00059188495989, -47.937676834021715, -30.51206414737126, -54.58960752920718, -14.713816093335385, 49.642398861932755, -13.301687439001872, 21.786141656154506, 58.7182282651166, 49.078837038309196, 13.324609536792364, -27.96441609475961, 22.79040898673436, 108.6424506242927, 16.820589932825094, -106.6980717709081, 30.888353037776717, 24.166046052542548, -73.07658803510121, -47.93395563490737, 155.78819703698196, 52.66367979481869, 36.09320039647425, 38.127801142821745, -16.40589249221499, 120.52325139003193, 43.278374582569086, -139.22676410440127, 16.88273753084768, -8.089483134119815, 95.62404987926108], [-66.04259541608701, 66.74545792512727, 54.30796139323517, -14.282743806790208, 32.068461674656994, -103.53268196688566, 85.91545209730614, -64.65016760328447, -41.141277273264464, 25.779441370294155, -29.687939504016192, 45.44101424079686, 48.91696628550652, 13.9761105330928, -23.28071269668901, -81.880491120058, 788.7233831362424, -67.21974802447654, 119.83439909771513, -4.405631327697165, 153.54795925917264, -2.1480177600076207, -105.73519217883135, 14.130860110728854, -120.46906045380214, -61.03549500009942, -132.7354243384247, -12.31252165822804, 104.19421566300593, -56.90294671370279, 80.38285757756931, 27.18849590028777, -114.5452522287043, 40.30169332962397, -34.44112463355148, -8.283830696834833, -22.255815401370036, 100.44022556706972, -102.29007524845485, 5.851896794589488, -96.59603769110282, 65.82143868101592, 31.571744831436483, 62.41185777421844, -17.475065981336712, 83.29923451904664, 82.20268065612079, 33.167911656155894, 17.609966929021393, -54.71020127178651, 100.34395293157925, 11.652723354199667, -43.878351144791495, -18.760168981574516, 43.88344295880209, 89.6423554947627, -15.205695318023707, -198.24922418718293, -125.27522383603642, 187.2800222521531, 12.032333834126256, 79.24488906149911, -106.00214611981713, 193.65102265108303, -36.386683732285505, -13.956638576597783, 20.09900028752122, 90.49533528677944, 72.7314677803361, 204.406143666682, 14.992223890661961, -32.80794358737717, 56.90854868149438, 118.72693009147908, -28.90954371700618, 129.3956493136507, 69.22811419060629, -44.50126596442452, -14.349487410610532, 152.63672381780069, 8.166013139214085, -162.92033678307564, -66.84538060650007, 25.925895212234003, -20.054184213774974, -110.999898265304, 74.66320739341798, 50.08379309071343, -8.932576826091081, -34.1315901189339, 20.269884071894747, 139.8430368079323, -69.01858255439893, 29.311872754592983, 60.775249591070555, 23.755625912145554, -159.21853731407046, -11.502675193939448, 15.841574364022577, 106.19456554929164], [78.77740198930492, -43.490826829204984, 70.84653585607792, -55.53983706872958, -61.47571474905931, -48.21239093031207, 4.07191759628209, -106.05884949927524, 89.70378826304221, 35.57768327265258, -96.56820964361718, 176.8138777612283, 24.38069738236026, -102.05486503297554, -40.517522503346484, -63.81839224802029, -67.21974802447654, 820.8918887493105, -121.6453162640759, -29.85416102228139, -101.52175643603297, -26.13764333727288, 84.17178879936154, 9.969101736138866, 61.35494884234892, 0.8308942160363104, 59.57447102624297, 18.169852152346163, -63.241731414604374, 14.659176385511978, -51.06761678698403, -52.799516005753645, 0.6184818374287229, -42.75944573846093, 11.71845859644205, -82.25099079501086, 54.99769595533454, -25.393301242187103, 59.819783912328546, 26.76413707440024, -113.8256734168173, 48.733984475075005, -113.30595857988084, 4.135317089423359, -52.63302750982689, -24.360501451428497, -123.24155350559276, -65.0345777810714, -66.22753402493873, 44.7780982567176, -32.202630973872544, -65.78677979713724, 48.6565722510583, -45.20037946714043, 69.71988472344387, 12.207943025535492, 8.166439030669926, 57.105260402878514, -7.942222838458038, 80.1092574353037, -75.75394886868595, -10.581506830960977, 50.362682174762874, 104.25362185648216, -59.69537797924142, -60.241937056317056, -100.91746080458513, -55.270380631788, -71.98934612221785, 7.607121773511922, 45.38839660567299, -4.54220417533598, -27.685531340301917, -9.414017349101767, 41.02290412066499, 64.15866472224525, 34.36795693027099, 48.04277523210999, -85.96542057129966, 76.32403318625347, -61.00808935477741, -59.91481746291379, -19.93897924238703, -19.174615112699158, -97.5976399213305, 58.62036106713224, 36.831096705532744, -78.4250087090918, -19.314178210004137, -71.93369891674695, 152.4581250297757, -137.5804898730376, -15.550162396489556, 80.03134888142, -78.97952655077836, 2.1131475167145206, -158.81804702440726, -54.16553240266181, -80.37958295405572, -179.42870489788143], [135.2146297945541, 17.096714446147292, -27.870329938833635, 24.39065148773276, 41.8182370929562, 59.48046084260747, -20.06597912122652, -95.22675228965373, -34.10890033370916, -80.01919035286924, 26.174154201075567, -0.1918825273055358, 68.25864259372949, 153.67165358113098, -18.680625114571342, 47.87119799386705, 119.83439909771513, -121.6453162640759, 805.2009112054039, -3.5700562780887823, -13.426598614494601, 30.770878875608766, -58.09590130046745, -107.07394614342425, -0.6292605563854783, -38.82988063318215, -56.202960650120374, 102.42815464697259, 99.25750499936626, 54.77248156716331, 65.54207953354347, -7.52730094493754, -95.93419144561682, -57.32551729747699, -150.85828379036138, -95.484406127291, -39.255689975293336, 14.906036902118224, -113.00550102912433, 28.319290976312296, 13.867538727875782, 0.1625750347763697, 110.39498048708359, -32.638849037095504, 40.30489497947451, 37.563061820082616, -30.38007614416979, -20.244439245320606, -82.57507313227391, -79.92497525794471, -47.69783394830284, 20.492080945845927, -87.02968403326696, 7.4243992736286515, -22.7315212471226, -16.607863921360842, -60.2647644272599, -40.15178337623685, -27.3474352541799, -132.5306686616738, -146.5039817357438, 3.809537467295673, -85.2418104067197, -51.07043792163178, -79.25705186330623, -118.76182047987949, -14.826620978977159, 54.348870673188685, 23.045143988507544, -13.03629634378828, -82.0257593289909, 5.12075786855269, -90.26662886557139, 132.4909891732162, 90.05990206462353, -50.80958889049916, 0.6693040595703383, -13.790801053408321, -59.41041031992807, 13.109356015526778, -139.48549482621547, -47.561156651905776, -22.618916512807843, -40.86094911902902, -43.79150430269584, -19.486462931176806, -8.134319280395067, 33.861969078074495, -5.033751874715538, 66.1342211132675, 180.60065269185523, 52.8368834470712, 1.0404986737368547, 17.405604784581836, -37.95633087204458, 90.6976264069119, 10.972733160036968, 12.72377646367649, -81.69934405125383, 77.44130812726503], [190.988897214974, -53.17629749111042, 24.220546513592357, 5.590000505367399, 66.25473680036058, -47.854890227998524, -37.47343720760145, -31.980775263020313, -77.27243177486336, -60.32707912978924, -42.253961659673635, 42.042532523300025, -38.78892351205726, 37.194783520898916, -63.245757106117075, 18.514946266173688, -4.405631327697165, -29.85416102228139, -3.5700562780887823, 632.5677483576783, -129.83849125868986, 165.65764589452152, 17.15846784411246, 0.7367440594193173, 116.44269946580407, -53.02476219953948, 22.350812359609964, 85.29054210289202, 11.15561139901699, 146.3182161110069, 35.93670856660917, -24.44063752850394, 22.238924977383025, 48.664806347067554, -106.47219014130387, -56.44053341559699, -27.452779543532507, -130.9332042024085, 114.36866313613436, -25.127169493747246, 67.43926139829999, -18.62131750200456, 82.6532988664597, -63.86933291327447, 86.08128438241977, -158.3233105726887, -29.751752405067684, -51.64968513199038, -22.093794648977987, 31.609348015843736, 28.45488434663999, -36.57483923896606, 64.06462961819324, -19.58287913245346, -42.918679109011556, 96.127409861756, -21.731022339240884, -6.941419640412844, -8.148699449109017, -39.60477824375448, -22.816654341490427, 72.65732517520394, -27.15007539336022, -51.285975578107355, 56.593055757305706, -19.184171240979285, 30.618821954329754, -32.57547471707381, -9.80923810199625, 75.67431070105613, -46.455900026367026, 72.42922943162381, -40.131830351989336, 14.446285798461371, -83.79828492033074, -27.30162360167423, 57.51880728451259, -54.433340970569276, 44.73206049562993, -109.99713503043463, 152.65677466444942, 0.6649879341637188, 107.79788970675811, 48.95579373190151, 65.82379682285722, 13.961150657365415, -23.276620754232926, 131.70546321479245, -24.51240873388172, -60.21740035400576, 31.3550043521829, 33.30764104584447, -70.18489952700315, 96.38924170876605, -24.107737018797362, 11.697662796441964, 58.690989974459995, -90.86774658022735, 36.34701386719832, -60.81975639399359], [-120.52152548961537, -11.088549401177259, -63.46204515478973, -92.94371916343934, 39.87354348763856, -34.01980035418661, 6.3589911258598875, 200.15853267636624, 43.0298148617774, 54.10206840406966, 24.774078956336805, -91.0771750911345, 65.25447531148944, 30.2704677602