{"N": 100, "M": 3, "A": [[[876.1458980667791, -73.65236951093453, -109.03961285454753, -31.943742764826883, 51.7484808427411, -128.60622402716615, -60.87348159572673, -34.33510831322503, -98.33757818258157, 1.98812291661946, -31.305126371438593, -65.75273070833447, 76.54847983000901, 199.7746463789526, 89.05515115247546, -69.94521370026504, -76.5648674849009, 6.894583424863231, 27.269240096653974, -110.38144689569612, -12.56955164625159, 158.75411391523835, -18.85200148445007, 3.769228861634218, -88.21253489206121, -74.24333601620168, -66.36666030719921, -13.73773475464639, -32.124742954001405, -62.485631140587344, -187.0068810149556, -67.14545135843377, -61.56773386506801, -136.2812512677384, -50.58400783204846, -16.768470615912815, -28.50788697709877, -25.97721384883753, -25.317939170656885, -75.98384594030618, -21.690656962911106, 20.381566069797536, 76.2833489966122, -37.56537781205999, 47.64212374862242, 85.84110523290035, -41.67572053933911, -63.183488693164676, -67.85686822581418, 96.87523464066126, -33.62269986193474, -75.08308151974609, -72.44783658107221, 7.114163960614981, -172.4149298544392, -82.60889445320579, -13.133466803536411, -193.38197170162746, -19.478333874717038, -177.41471295010308, -170.67041952514725, 56.63954400173291, -75.5884953927667, -63.568953366066516, -10.72365884862565, -28.035400422384082, 116.3623748435061, -3.71717491552466, -177.54546954699632, -6.704136207785023, 10.086977283770835, -14.138731791912866, -58.24314316715207, -10.03828993221072, 53.62727777388103, -78.72775063925334, 29.582881470624027, -4.706789421880803, -59.37271453316084, 20.905677249730775, 40.13806036681882, 11.305249461385964, -15.784690501027944, -42.74966596970654, 103.18393259941624, 53.10992058807174, -64.86597975883706, 138.33578090561716, -10.99886028418213, -180.67024445513778, 31.173256105355357, 68.01344054959938, 74.27438184077101, -1.9197364666535393, -64.36282286475648, -97.72486782745887, 38.38941505223592, -101.49666135885525, -53.266231136643306, -62.598554185220394], [-73.65236951093453, 736.9035040694143, -67.50350230415788, 87.42133248987417, -101.00982504058605, -184.5084953110554, -32.72385555678696, -85.0690740865277, 81.5851197015777, -64.9836954445276, -107.12041446308979, -74.47461420808864, 67.26006626063014, 54.62244843363842, -45.41396006199026, -17.399287435123586, -29.286791178330436, -50.95363643902259, 12.595845838341955, -94.17653818971135, 100.42154522294511, -109.14024371601896, 49.96257372274714, -57.87659874458859, -33.92397316907533, 102.67846979612565, 18.763764965621316, -67.5229203808342, 76.43058819367093, 64.23468760261756, 190.80232804411668, 18.499592040258065, 51.00701026195826, -28.179293573285875, 34.00058313749317, 50.43494022233365, 81.74303842085132, 79.62213483721318, 90.06316820603915, -122.430351920746, -61.59292677616541, 58.133086364674526, -5.002425608171431, -25.934132596320026, -33.45464985796068, -81.96592512512571, -54.73037488718118, -165.29705288979608, 66.82927955848145, -184.98329250268148, -29.860531533476546, 24.690132216446962, 53.05604903822383, -68.49509671677221, -91.36965108510857, -14.036162521963139, -3.151792722516916, 48.21662605368543, -14.403804035356956, -5.377408871788223, -50.45249261697239, -25.777122163079543, 11.566497834352912, 30.243254835937943, -7.551793659744412, -193.56711736842618, -47.73816540610098, -22.63421287529188, -37.308846850276424, -23.95742395950284, -62.295105808872464, 69.4314427267837, -38.941196243860595, 92.626531120851, 61.882762220236984, -45.55028128280327, -20.928172693160626, -73.22862807975409, 88.28957876993245, -24.2005109632858, 67.29568833540107, 34.9889881645985, 83.82343944875063, 93.46444081149028, 110.7635778007346, 84.50770083586477, -103.62432758125308, 18.163505273052095, -119.16790172860718, 90.42082760325115, 83.79582386548793, 130.6095333074778, -43.814164896077926, -132.91981597360166, -78.71196405131265, 42.57939769318354, 54.4000377866348, 69.99800903855723, 145.43001070032847, -54.58858592031144], [-109.03961285454753, -67.50350230415788, 713.6829994482111, -108.62075818618645, -34.30275850233553, 14.4655303030491, -87.88668677752395, -40.02021653363693, 73.27557245233014, -14.880883209853337, -38.37827961272498, 56.73629977991533, -48.890884137424756, -109.80507470940942, 138.94784569019166, -84.66355689708949, 97.48854294639844, -33.889917973380484, 3.7674147740086745, -16.331368409905416, -98.21193668803105, 78.28064505710094, 81.37789515766583, -46.925608605960875, -92.52697644670315, 154.17572416040372, 194.5850081204972, 39.40484300015537, -30.631602896429705, 41.68199437010466, -56.05532181551034, -89.7233302312184, -103.98949255496771, -48.13140764530955, 61.76574555084524, -129.68807525638312, -45.75866055148595, 154.52440425842127, 42.427961887592076, 64.58099763073841, 23.42894819145107, 58.081136899245315, -56.3604943408597, -26.11377898285508, 7.802059207009933, 55.71299782608334, -50.677581761056416, -119.61831883525151, 85.42473460341009, -100.43998189166805, 55.99115828663156, 235.26171124419488, -106.56980772405745, -131.36871338631528, 11.168858562905832, 50.166142406945696, -76.20597249583848, -97.89533207915404, -171.10893245133667, -29.40602007010363, -204.4087719620885, -44.75669965612938, -87.38114737336856, -4.432103398864454, 78.97186581610397, -30.104517988640993, -117.04261167638238, 45.99815712510247, -21.718925085166397, 47.5962543397588, -22.388727702525532, 116.33949166666646, 50.83051872444151, 17.209330493879506, -192.72906668194705, 21.730731307328142, -100.57518199056479, -35.52967232729188, -22.665265074060557, -57.825448821923715, 9.490763242825121, 100.27814008900796, 10.427634806592536, -39.109652894378755, -47.66858287939981, -5.497783769487583, 49.34800504248835, -14.89340493521274, -5.510193249074357, -2.6509328880168503, 126.91701394890211, 57.97813373627561, 58.84743207955151, -42.31657518592429, -61.14018672538258, -28.288790875589424, 129.13129302948445, 36.13042295834968, 31.7171720401298, 19.100457993158606], [-31.943742764826883, 87.42133248987417, -108.62075818618645, 755.5025850449107, 120.78589529601712, 86.57120268520725, 118.13618571543049, -30.487583945188145, -59.725689092514784, 210.36556935745176, -27.005415470341436, 135.01795238454335, 102.22136457364059, 141.50805140096253, 149.96562001111204, -82.26767377567057, 9.302560706505854, -156.41785527993645, 92.01821647062265, -36.349689513730354, 78.47100959377606, 67.48323833623171, 22.83643750306983, -29.43425432936128, -53.84077975791889, -12.980041100714947, 103.97074957855328, -45.10075466891064, -19.11161611338712, 29.996277198283543, 37.081042887683566, -42.58218325020072, -42.11912032210259, 25.938978532604054, 28.682279999285658, -11.073261100624094, -101.17742393076867, 28.753097707256167, -85.11289025429781, 86.21891057926018, -96.75428800909575, 54.24651870900482, -62.84440015617341, 43.02316940604483, -136.35665873797473, -74.47760003524247, -57.46448219490307, 17.06010366709755, 66.2003846606263, 8.53287856415365, -42.20480794049503, 31.279012217827205, -51.12365634641442, 94.9137571023528, 5.174856021733557, 106.16930102152463, 140.24978920310062, -53.37026146885943, 75.63394487240612, 92.71879525542587, 151.3026716479846, 110.46294735253691, 145.52083604110146, 88.32888864720306, 62.28913157479638, 15.529174298730998, 92.05630004335725, 79.27983203811962, -58.473795706909335, 68.60786255296031, -139.9746867036896, 47.581869085518186, -69.04751594205072, 29.678148056199284, -2.2925638049015973, -33.475480099658064, 75.82540999958808, -2.5132266798882164, -83.6953160855031, 55.94079587432885, 119.09457716857507, -63.04338477048442, -25.551019455106402, -103.27752190361039, 48.901197943815134, -6.684930534547471, -13.69603648180738, 45.3030759197022, -54.055701101157815, -111.23289703497687, 12.217081075179317, 32.955111742450725, -194.5447937752191, -57.02395330689268, -65.14996560813103, 154.22737115649008, 72.96995159334851, -31.770577601490515, -119.19851021897628, -26.25115625966336], [51.7484808427411, -101.00982504058605, -34.30275850233553, 120.78589529601712, 792.2620309506145, 7.043084970348017, 9.29716551154674, 60.123022935873216, -12.780998293285187, 118.46392531073965, -87.38076056085241, 66.19830530958049, -3.5871462605689786, -63.307081725279744, -7.515032278783535, 155.78403755281752, -54.74152083684316, -72.59650036561345, 1.3452327553954833, -111.94927936724125, -174.13543674435564, -94.45054780226218, 143.94442002262318, 7.189610801938815, 31.092280302002496, -20.311671029412494, 92.50756228731942, 33.10073675947596, 4.95629836404056, 31.555372925918363, 54.7689581198303, -44.573884579545194, -35.98310853733259, -74.98870572398783, -2.2242364819132354, -23.722337077504214, -41.3102158368337, 3.2413844680301875, -76.30828964335738, -51.80685586884432, 63.64803081576638, 58.16144852842013, -20.73116436192332, -48.916979262695975, -17.29494445333995, 28.586581408890797, 2.5080589752555795, -17.214927395800085, 95.73879374197102, 59.391210543934235, 39.59367853538903, -31.05600853313527, 65.30429255709556, 104.66843350782122, -51.09268485089673, -95.3495603750389, -114.43814537444511, 58.309224195880965, 118.50239675611925, -128.76805899936988, 25.58686206929587, 115.58947715037154, 120.35881257255018, -10.296358831114562, 16.342015770578843, -121.2402416568546, -116.89037511540091, 73.42127134493464, -47.213256848724384, 20.263426661512497, 43.00637536644707, -72.72473565870432, 100.26621128598933, -64.35195045435988, -63.883500197986244, -121.16336911661479, -28.46539140992158, -27.652331985050473, -3.632307626263506, -26.752260723095574, -24.707918349252044, 77.36423552018385, -157.8104059424766, -10.709724568272636, 24.6831809567937, 21.34483786376696, -28.804432698737006, -95.16909314522852, -57.73396039686752, -168.32466806940838, -156.8837196163416, -115.40988232595896, 57.02358993592998, -10.288257291432817, -68.55954289152568, -54.16640795793169, -62.959474549745764, -194.0777662860915, -50.271945425778995, 104.0899040726863], [-128.60622402716615, -184.5084953110554, 14.4655303030491, 86.57120268520725, 7.043084970348017, 853.9171138499319, 96.76344699850065, 21.02251288083366, 9.209866327606338, 31.85128002367035, 77.5814931058496, -70.1913615927887, -12.664883320468958, 130.0849623681822, -83.23464910794397, -89.47176690544619, 34.33265600007123, 11.658485257025514, -46.99584954738452, -4.811935085061872, 37.45214338932726, 104.00721724467957, 109.53878532678942, 31.378631159306845, 93.21561923559099, -16.143180168720203, -23.972038621702268, -8.464888589658834, 23.005384932311856, 64.28561984750996, 51.84103229157256, 187.4766593865827, 8.816471137056034, 12.706003005808984, 13.176355326701582, 11.205579820084855, 5.568680588655873, -35.071947254529704, 72.62937375043292, 134.11409191644248, 42.29084299478652, 31.328865026756034, -136.52680723992935, -117.73994325813644, -91.17783249785927, -96.73846745016364, 64.338221273572, 34.53370018009645, -68.3992555273442, 108.01592213900662, 107.10988136485513, 40.201287518384284, -78.51029875443639, -82.95004482018203, 57.008511966823974, -123.7720025563135, -45.301017157226205, 30.21973435017384, 78.863859079758, 32.37129681652447, 5.275189491956439, -120.81574903405547, 50.27309964512166, 26.28147230855643, 63.622535750618695, -129.53772627653208, 13.778219176134861, -48.997042975806366, -103.03155090366175, -15.522537487973036, -122.5567662640709, -53.638947358700676, 16.80875117656451, -123.79129790887026, 46.195667101021144, -140.19016604359118, -10.070089195721604, -37.234951659259266, 41.25283740407126, -153.47594945632065, -67.34084869268875, 98.31646730266316, -140.0302613280369, 38.30014176892, 48.00544519254798, 60.88089882771843, 153.07678468369696, -22.438415052381565, -42.53424863712691, -5.206302233556428, 39.65121628362546, 174.8042652520772, -44.89761042057346, 35.84830968063662, -50.5085159844213, -60.78340760191375, 60.155795514983595, -123.44763781079574, -61.751513211210685, 1.7736519615771957], [-60.87348159572673, -32.72385555678696, -87.88668677752395, 118.13618571543049, 9.29716551154674, 96.76344699850065, 838.7294008354343, 88.59169409682171, -85.85689875196304, 68.47303111921988, 23.035927687143808, 8.777611930785817, 90.54925739804872, 29.07537373430683, -39.67252862972374, -29.50978674434351, 145.29278699650678, -13.622487127386723, 54.28284243517306, 48.057402935982125, 20.369202531797747, -38.46693261591719, 14.524750955152726, -2.4044382529818757, -4.163724975915557, 52.12711460052174, 83.81386961269033, -50.14766916119616, 58.63439546449347, 12.05128200508076, -30.336065738436567, -45.31270247390349, 136.64690136511715, -128.24997206854272, -88.01329868077133, -55.78926737719957, -107.55751896757059, -21.53728288342049, -115.67053959689923, -6.472752813037317, 15.05030152552703, 25.806807422221738, -162.2101577477642, 57.220321372988934, -32.03627327897085, -100.6578557778445, 28.613457608009952, -7.391347571991569, -88.3643008014532, 50.1456906152276, -48.45462857672878, -119.30639005692804, -11.901436087789865, 66.23341414783434, -95.14118163006947, 86.21942313720174, 136.69057985196625, -25.72816325488718, -130.2913560726682, 69.27718852351008, 22.630367907778293, -5.517431979154063, 29.778779913810943, 2.4990867581011718, 40.27402144132263, 72.05633692794362, -37.44709413256494, 39.622461721349, -67.89226298411593, 116.61706566442044, -3.38503626945374, 29.856426478902105, -52.67630732120396, 20.712691852461468, -37.365925549451994, 47.97175804685576, -109.11524038573705, 134.13997442819485, 34.83403401289176, -36.19930678443261, -155.76378755621025, 19.031544145015364, -77.08844576161175, -52.05294889521835, -103.54767484378648, -23.444116007245736, 62.4213900424924, -13.941794840751703, 9.160963019451154, -112.90246054572117, -116.50309105695551, -43.095088207645034, -56.63151117526711, 24.48109891768281, 42.03315933692677, 89.52808561718938, -11.265821043347476, -36.22112670104261, 93.28096418924311, 133.1276426912716], [-34.33510831322503, -85.0690740865277, -40.02021653363693, -30.487583945188145, 60.123022935873216, 21.02251288083366, 88.59169409682171, 758.9646228121183, 109.5864405704993, 88.54793548237484, 20.456178340686876, 100.38241134829461, 35.260189805578996, 15.128262650896247, 2.2235257680090257, -78.86038680161276, 7.831618654528626, -1.73909221923601, -52.84975010088769, 31.932693596536723, -54.7400630382683, -55.71162475548836, -13.251395775933268, -55.172451435979816, -42.85103010699298, 110.43582647130879, 28.68609683593605, -116.2935161742026, -16.547453269485818, 2.662917090339235, -13.535985593567293, -12.926072907757959, -109.8233781249198, -85.865565163519, -41.124424118917034, 21.773134905341372, 94.58683013376796, -52.8252588677959, 84.55152000961448, 66.79309322459147, 78.47658067409333, -69.43724024173684, -95.26137184560599, -43.77046519502204, 87.03665000931677, -38.2248402603254, -112.70119065941239, -234.172079134219, -101.52057826734867, -100.73686960987416, -22.936222713877832, -7.815303587607669, -64.07143076488366, 0.8128935818638965, -189.46370415377723, -175.33039270763229, -147.95309892700814, -2.3001472829518086, -49.398830840526344, -139.29268943623904, -45.10801897617785, -43.10351737896967, 155.4897565586774, 92.99605530891105, 65.71566069391034, 18.524969064402484, -72.36088959126984, -22.480358234557144, 26.74559023621306, -1.3753078211250873, -76.92072935412821, 101.27818491177096, -9.528211311125286, -12.03045387684756, 52.71812511618782, 70.31305152760191, 120.28383597330404, -2.4996882438790564, 210.5155320647259, -43.52427363866895, -158.0710179565203, -27.372772571686113, 22.66539799994986, 48.766418374287056, -35.75400160427053, 27.64485702535419, 100.50413395461996, -60.48452043727188, -37.810232318645205, -93.26142368478097, -59.2852854390854, -18.81397839789583, -147.6933646674358, 27.337284830258255, 141.66126121988063, -78.95056124471189, 217.31475221424358, -121.46640325231327, -35.86118829530523, 1.9735639715157305], [-98.33757818258157, 81.5851197015777, 73.27557245233014, -59.725689092514784, -12.780998293285187, 9.209866327606338, -85.85689875196304, 109.5864405704993, 950.4318955861071, -13.97643743770805, 98.3557996762935, 162.90159403069865, -206.86184728479904, 3.861213800639283, 79.89174892975383, -27.345360765192858, 92.70173574878919, -64.98466392683889, 144.43445705746822, 65.42586012314092, 227.53417040635486, 105.51563800733982, -7.601020604513067, 58.15518602224463, -73.0581167710704, -172.6496895706229, 84.04075404491044, 49.03203881727326, -16.471053481889708, 128.42311764039079, 100.35510034244466, -28.51323049957141, 31.406080588639607, 18.538549085478827, -163.01383202106715, 75.32581148314249, -53.39793954500744, -79.20108219516719, -23.172287141320382, -11.726973584024162, -78.49290579911842, -96.51592805916653, -124.69167429583236, 16.548627801419716, -112.63322134355293, 55.292198993602625, -146.55037337454613, 48.03566981057766, 58.666408031060094, 32.73678488488426, -66.90062901939756, -22.437943316528315, 97.60689419412756, 129.56416272219028, 128.14762452267746, 8.809544589468436, -9.11508700847989, -228.6050288094192, 20.48070897529908, 121.68204010216203, 71.94967418752955, 2.5051265894259167, -4.785783033991677, 126.46682574532778, -58.11201473027212, -11.501103864300225, 16.712411127010082, 38.0244783641203, 39.43029989884121, 42.44553502304683, 72.64098054014146, -85.34842006104645, -61.66281871303581, 48.36609816921751, -157.57882890623893, 72.98909466826595, -105.71320828427152, 4.142678193542954, -190.45779344585918, 26.63971894503066, -8.905077756831139, 3.576348722421356, 69.69078492370494, 1.8454928157462245, 22.60652743551849, -85.82988469441537, 119.35999240551303, -12.839012719009968, -60.792989688997416, 46.48023570437859, -98.89329824199079, 73.8063622267765, 4.986965086417628, 53.89678134647298, 74.84062535456174, 43.41520639937811, -63.124019920405765, -57.634461184745916, 52.67998318059888, -134.0019956157845], [1.98812291661946, -64.9836954445276, -14.880883209853337, 210.36556935745176, 118.46392531073965, 31.85128002367035, 68.47303111921988, 88.54793548237484, -13.97643743770805, 757.7497357671814, -178.46731403330426, -119.39866286580168, -9.322456963358817, 125.25217878973015, -100.89180126853611, 136.30222857195537, 4.665362634704081, -99.04895515233444, -34.20795897626983, -5.388538266366787, 104.61234946133287, -51.49333346564306, 117.57194153291277, 119.47196562202458, 100.50829493773925, -128.1216662717173, -0.22230877482285116, -56.53071680371805, 0.9177284289735068, 27.377206020135056, -4.1322051563909845, 88.87174145559146, -97.33787298832935, 46.22419617847396, -12.385062845476972, -90.64192625331803, -82.99800621371224, -39.56280964201406, -55.21940500951664, -87.16859490238076, 22.50720992058537, 45.59461031938233, 54.595757387232226, -75.94516345406717, 18.961686412634197, -62.70175679084757, 82.16380415015838, -139.49238967464441, 34.15790698484989, -83.33155998468814, -74.8485698934164, 15.387698390839862, 57.8682681722471, 66.77459001670056, -22.2188318240121, 48.09236982440959, 17.082371744876216, -28.609905735728063, 33.412513252017185, 95.99013342974678, 195.69739409330205, -18.762906835230382, -28.023771548117658, -19.36463361888539, 60.4783322719942, -0.038891417638900805, -15.024723860652607, -11.204793755653427, 47.12068345673468, -36.19996734590349, -155.72928886724756, -165.32869734274007, 7.85843413299261, 54.134458486655134, -26.126087957159992, -72.77626078282411, -14.690261437190578, 102.18604000109252, 2.3925258795686624, 19.35748626071016, -83.3330468664101, 51.840461138701194, 42.77957555806836, -52.00700680556197, -86.40220414801058, -16.903449636694692, -17.83605112843594, -18.690691527978426, 8.002294739129097, -113.3583559376124, 53.35562665207018, -33.91217939383751, -11.407068567651866, 32.46341143268836, -105.87548309856405, 127.22853932467879, -25.81722611242631, 3.689054951765714, 92.56371139596565, 107.58334307496473], [-31.305126371438593, -107.12041446308979, -38.37827961272498, -27.005415470341436, -87.38076056085241, 77.5814931058496, 23.035927687143808, 20.456178340686876, 98.3557996762935, -178.46731403330426, 913.7321548692579, 35.00478766423734, -41.54794978728607, -169.48983148052156, -0.10606563894234089, 135.77387344455988, 10.867689825218072, 143.94969590568562, -37.21573322809528, 107.96951599176376, -204.3282388748324, -128.85743818454142, 22.68282610718156, 35.23877863997134, -33.694371699028345, 63.01632373687078, -125.03551558219942, -53.65634582693585, 63.7918095653548, -120.19319245308516, -70.48222263640261, 44.463574460962995, -18.152811642136893, -10.692139928252953, 29.684592866774217, 63.39168647090059, 67.82231282812086, 16.093433929550848, 13.013587148729332, -81.75910616551417, -3.5039676283680095, -9.50449981172757, -50.80706268636859, 14.197777230727088, 53.154014051498635, 48.05857547449833, -109.74847076363604, -140.72669388031738, -79.87901320189079, 4.699591234510073, 47.127828051145656, 61.033443090855606, -8.641909172551683, 121.02128829374932, -85.27918914691962, -2.0467630353082344, -54.92699411800412, 77.81527117945015, -45.867166719029726, -82.67844747300865, 18.062368066886442, 49.79306649681586, -57.25061208933635, 60.14152634002144, 52.76256518727999, 38.093401592819816, -15.28417469166912, -7.99873438387093, 118.60233095185542, 42.91421294084561, -131.4510432732372, -22.29598433522937, 50.256089286926965, 33.67654939191611, -23.03688407720735, 68.50933022065516, 19.950245505238733, -94.76913529597894, -217.96646440299259, 150.40365978468753, 27.322843430858114, -245.06290979077983, -242.27171204567276, -41.39874751843767, -114.49595925746739, 65.68336678669574, 13.35458146202652, 59.24184718731392, 19.81339538042667, -109.72136923943732, 210.67070820721148, -24.053941494445862, 7.473513085801877, 62.51593799637004, 12.521374466287416, 125.86082860133713, 5.133133320643012, -82.12018064033789, 28.911229868629032, 46.23576336817606], [-65.75273070833447, -74.47461420808864, 56.73629977991533, 135.01795238454335, 66.19830530958049, -70.1913615927887, 8.777611930785817, 100.38241134829461, 162.90159403069865, -119.39866286580168, 35.00478766423734, 655.2147166065379, -48.24327266633688, 82.0913446107399, -97.59859560946694, -157.11232540014228, -33.84883057785558, 47.187272700888286, -25.867750247284846, -37.58579705113577, -9.34575910815769, 144.81445915716222, -31.359476939046072, 30.340308414142466, -158.96838505983078, -108.3999707898986, 117.16861211410732, -2.1623641198636907, 89.14503799591196, -55.420865111823545, -37.60330692365126, 21.062478385621347, 31.577583830085118, 64.72130536702491, -58.51435304523406, 102.02898524872624, -25.179591784419816, 70.8591017889529, -33.8659356647093, 14.59062341135564, -22.91308555941876, -31.849432919111972, 113.5465916017158, 39.465624742315654, -21.92805477783228, -10.945267180429243, -18.016731878885903, -48.79991347437586, -66.84198203232947, 181.52559793375065, 22.38967002106056, 82.40578605720304, 29.154653673293446, -54.20097412119958, 85.13751237408617, 31.660420572051635, 59.74723453193384, -49.06160435473208, 16.900373846570453, -14.97196686778166, 1.2219305560836558, -16.5825100527383, 92.17827649914227, 36.71867037241426, -24.050357477194567, -94.1027281040289, -34.94544240420561, 27.59632255005625, 53.90901581129964, -57.00478104882417, -40.939446218195215, -22.609679430293937, 65.66872852579795, 10.950286510832115, -126.29714232206626, 160.2785412495815, 56.47460072929246, -38.506939145209806, 28.261165427124812, -70.24192382494562, -161.64477628816547, -73.17006212064652, -42.10944681336988, 7.910006683752989, 218.85626957491363, -38.43428397638622, 114.2375829074333, 166.4756845901184, 66.04566151818743, -4.281051757290641, -67.70116810649817, 102.44740946773774, -7.073836088603375, 53.18503897291654, 23.710925191058287, -6.759959705220528, 60.5186844403679, -65.02861962839236, -39.66764611905853, 75.43346075609114], [76.54847983000901, 67.26006626063014, -48.890884137424756, 102.22136457364059, -3.5871462605689786, -12.664883320468958, 90.54925739804872, 35.260189805578996, -206.86184728479904, -9.322456963358817, -41.54794978728607, -48.24327266633688, 624.0160998111126, 60.92355681926282, 162.6859988492021, -260.5488159856766, 7.920478752384121, -25.85912371105349, -11.766296601590495, 21.444639459972155, -64.07622301037891, 45.19587923156437, 28.794297635919406, -64.27191829927497, 5.321132696427731, 160.8136114953451, -63.087946402085834, -50.93701024305138, -57.526023976943364, 109.67435311414893, 123.8286225767551, 90.66849609361198, 66.95566274831596, -54.27649583090902, 68.61165779369534, -56.64319519761811, -24.637424786330243, 78.18595251902684, -5.1048751287468335, 19.247092280652982, 38.54882282664026, 5.510472960555434, 31.73743285402848, 54.67179899303104, 49.279648968490626, -34.517952976757, -75.38380735767367, 98.40085183583024, -24.584629386286146, -63.05874586445011, 11.723645206324122, -39.88079274214415, -46.25043274413966, -107.01870772230073, -131.7109077792202, -85.52318524718685, 112.87715039171097, -11.735889433445001, -52.802307500291185, 90.01207740652426, 84.57551061239226, 56.015281448616015, 154.86893731303144, 41.37514705220382, 74.05751982536177, 20.81152633107495, -8.016054154873785, 116.974151601767, -109.51779084721292, -181.27478305570315, 61.95901660758736, -53.33161242288782, -44.101795389697934, 49.64884601651055, -22.712521862378303, 70.61392825063932, -20.357110502417026, -88.80063430943777, 176.40424550688195, 23.134554002900323, 2.5263433809020306, -3.655426947449447, 26.24236148280742, 24.77563778200902, 121.30203893027614, 1.0773597812923281, -24.86645666482096, 30.571516275707335, 73.88759344847543, -27.212406524345283, 40.55557162307437, -80.7341716597586, 44.82825316604459, 93.49906594399114, 40.819752759810065, 25.050696367037148, -9.653893825385992, -129.97094107952154, -78.29152930019279, 19.425297599404878], [199.7746463789526, 54.62244843363842, -109.80507470940942, 141.50805140096253, -63.307081725279744, 130.0849623681822, 29.07537373430683, 15.128262650896247, 3.861213800639283, 125.25217878973015, -169.48983148052156, 82.0913446107399, 60.92355681926282, 868.5527866832925, -44.53520119926394, 16.15706783659874, 125.93468634961656, 71.9808797717305, 154.3023739103532, -105.34061042842869, 75.00626897755389, 75.07852361034945, -35.832841936493296, -61.716077274204636, 15.789041347854758, -40.35832699552501, -39.17077105208972, 96.6425409501943, -37.49553241590016, 41.40367808964389, -96.36694788669405, -55.50545810195098, -79.69844038780887, 35.97384327886254, 108.75665520926994, -9.47823164794941, -168.0859671201325, 52.674335958042306, -72.55436638865271, -19.89901526457447, 42.86079138083786, 14.249160295599195, 52.75820322670939, -91.2814115459365, -79.13796923906042, 11.33739619327588, -27.69227389751008, -56.84944296786996, -35.38539516900133, -33.49004088835302, 79.89519139269319, 0.830054589672169, -115.92351986747398, 42.65391719222169, 8.824527061731345, 91.4229927311089, 176.60709568521577, -22.66371715328959, -59.66405093293209, 7.6908344877086705, -93.73685349536288, 24.699056541336756, -13.14523686423684, 129.9160540463206, 125.87707563005957, 71.20188552658115, 42.91390050594592, 1.752784713603318, -100.85049937392321, -51.73552932371143, -38.5313578905019, 63.878457944297395, 70.09776298626936, 55.425029651197505, 74.14825560570983, 2.5666509968610276, -108.83022554133345, 24.366539072501286, 73.092483410892, -1.8170374314655033, 52.99374971548013, -77.99471038659375, -54.29560990929881, -2.5523544129659115, 150.34785986316388, 96.33086845109253, 56.46297850197445, 84.1084971277525, 75.90754461144346, -87.73447194304757, 0.6208927148491874, -42.30109168175645, 34.29788893845446, 36.31232946426312, 136.12273774502762, 113.26038021878125, 108.15778516312368, -52.841603408198864, 80.26457108488565, -17.231464909084814], [89.05515115247546, -45.41396006199026, 138.94784569019166, 149.96562001111204, -7.515032278783535, -83.23464910794397, -39.67252862972374, 2.2235257680090257, 79.89174892975383, -100.89180126853611, -0.10606563894234089, -97.59859560946694, 162.6859988492021, -44.53520119926394, 1016.803751702924, -104.04306152067309, 3.4788975569320115, -128.72218955830434, -23.482387754692446, -148.89464405798657, 55.497309525352236, 118.4124889275539, 32.986639626222, 6.300041361365238, -22.747584251269426, -86.02303221534038, 39.69470821694592, 173.2607973357964, -153.49855662109078, 88.37022943210489, 125.17408599410413, 277.11086458655154, -176.1951197655722, -20.63206048782849, -51.11572489379985, -38.52998463570632, 78.4408532317629, 261.2315138604911, -66.61213359220636, -7.0838757707080475, -42.88538869526452, 100.00357186139195, 28.060244415769642, 106.58645485278254, 159.36553652379507, 191.72782466509642, 41.02800808648777, -9.842427812642384, 16.31724586190144, -65.98399143629591, -175.4954803561199, -200.80673448703968, -3.638428287720899, 84.40623063541632, -45.387300645397204, 12.507611141966013, -98.94792696329469, 25.377696452769705, -25.578480302769627, 9.93068797883259, 66.77022862924814, -116.48758982055409, -94.52628132992182, -58.46664556632674, 70.19582980287181, 59.17493469142549, 51.19469887877638, 31.860090752979353, 93.34515812087182, 147.86170841358185, -30.43478898261424, -7.916717400096033, -23.637349394432235, -143.52417597744747, -125.37561315859831, -120.36401703822187, 97.33565063894233, 12.262962566964681, -4.467986873853562, 6.11780546210486, 28.30469579476611, 14.504434038447437, -6.330427750172657, 140.3730265142832, 32.34876843442396, 3.8709690826651775, -140.1848771680801, -82.72402324660507, 126.62700626410107, -84.4467019274783, 43.86701428078728, -195.36582564962825, 97.90793041027018, 55.53951586163209, -59.229531668101785, 83.10137880023699, -52.34551627025756, 33.83738771850741, -42.62531112606095, -25.972347039503198], [-69.94521370026504, -17.399287435123586, -84.66355689708949, -82.26767377567057, 155.78403755281752, -89.47176690544619, -29.50978674434351, -78.86038680161276, -27.345360765192858, 136.30222857195537, 135.77387344455988, -157.11232540014228, -260.5488159856766, 16.15706783659874, -104.04306152067309, 568.9972834463913, -48.60164136128114, 17.00848166913894, 15.59772165715293, 50.01206790437007, 12.118434830734301, 0.3474748912461152, 83.63018784652944, 75.74828867121242, 104.06308276141279, -128.65623487475276, -63.94973017742253, -132.70294464299675, -29.874945375885286, 105.79914490258328, 106.5713502941531, -67.65518759144017, -7.2724955202431945, -124.54517619652478, -50.43892964031359, 111.58164918285028, -47.437169975460094, -56.232222185504426, 5.397906696812413, -96.79068125443615, -157.2297868252788, -90.09076804340746, 44.79915611577245, 112.27080532929153, 11.455317628277072, -33.93631294195036, -36.88632409969305, -90.74894585461018, 42.65328929373639, 64.45234856927011, -31.20729294630005, -72.45643524830486, 64.8124983493637, -149.7834203031311, 171.40610292114212, -40.3204709735282, 21.866773225813084, -37.89059019016909, -91.06538832231095, -3.517377404180259, 21.751187088553333, -88.64220681743355, -43.23483178758563, -48.57131080813007, 109.35779725082577, -9.198569067185007, -25.07665829217793, -149.42747635605565, -87.20358300192649, 116.37407080746186, 156.98544615639443, 84.43869229929847, -40.88655523824869, -107.38013735243729, -116.68345269568763, -10.061763420067198, -6.583080318388077, 53.212539008297526, -187.5380653300027, 28.12928999093257, 14.771347946444543, -128.41302683358066, 23.35690507383204, 95.04764191259092, -139.01329557766246, 44.91321173814028, -78.59303242428413, -19.11604979865269, 13.129969397058058, 96.34894253283767, -83.51270121423826, 54.677721911003786, 23.71403990801127, -30.113531267262523, -28.018112562952822, -20.462539192339683, 73.17551147326341, -124.07493995218312, -29.959401838716992, -131.45861004632368], [-76.5648674849009, -29.286791178330436, 97.48854294639844, 9.302560706505854, -54.74152083684316, 34.33265600007123, 145.29278699650678, 7.831618654528626, 92.70173574878919, 4.665362634704081, 10.867689825218072, -33.84883057785558, 7.920478752384121, 125.93468634961656, 3.4788975569320115, -48.60164136128114, 723.8002608006911, 24.822575097313106, 18.35467671023302, -91.92656296456535, 59.725382718187404, 52.27099145993272, -143.24323353021035, 5.717251510704255, 68.10185645634517, 43.76750554474247, 10.425228574956408, 81.75066566314042, 103.91183505085917, 5.128693297078955, 145.0123472387079, 31.63770027484996, 17.94445880182837, -69.64042079607808, 32.046494601770675, -93.12470795487461, -84.41801812155119, 76.92008585418897, -38.28045082483858, 2.0598913520509825, -84.49672409687962, -14.011052761606084, 37.29436825592965, -165.66579803430315, 12.410622408652578, 116.46542066988555, -75.45383127089589, 79.97619913324814, 34.34719381360949, 61.80453083115085, 29.220777014718813, -73.85369942347359, -89.8222248609248, 11.536449352221494, 110.34117812827066, -46.59263086839514, -95.62239870948066, 10.472757587286814, 92.2462873657695, 46.57271391377805, 19.961243276302987, 16.519406453599426, 27.379515482648344, -63.206962891709715, 21.395761722452555, 53.311625437711754, 93.22465942920141, 38.0286667920811, 43.94998737360612, 104.57156579978017, 18.67140694341583, -78.4568368393021, -32.025922637463, -31.252903331703138, 54.99278573197674, 127.37858614419112, 55.795536449866496, 76.59688324249134, 104.34480560484313, 124.65369979814479, 0.4652775124764985, -140.07948190478783, -61.06854947619693, -79.30554697542897, 118.22982911583314, 23.062716133638567, -5.728210402758624, 44.98113329492151, -113.25248929843623, -24.663584071863003, 21.845756631214474, 14.137667348025207, -60.45087704762294, 211.95866536350297, 102.91315109105278, -20.74834879415149, -98.37161580105385, 122.74596886022147, 33.623336320433324, -104.79660319230855], [6.894583424863231, -50.95363643902259, -33.889917973380484, -156.41785527993645, -72.59650036561345, 11.658485257025514, -13.622487127386723, -1.73909221923601, -64.98466392683889, -99.04895515233444, 143.94969590568562, 47.187272700888286, -25.85912371105349, 71.9808797717305, -128.72218955830434, 17.00848166913894, 24.822575097313106, 628.105092314114, -24.92229998258302, 43.34496193300579, 12.393013928579892, 168.68004383220895, -91.24451583276263, 80.47350467015671, -8.371845075686647, 49.604129219005344, 41.138178493542526, 29.576858867995952, 60.1670722790771, 41.912501970368275, -51.2971738758462, -35.37028978304071, 50.33562993607639, 73.37993729225882, -99.63406056914859, -33.812043606180765, -1.5741852395858018, -51.85877769832837, -48.209022736971924, 61.31695637967378, 26.53426103490014, 36.61283387848398, 124.13816137095966, -0.633195738120401, 39.850372813019476, 145.85793318366896, 19.304311000684326, 151.49632475952495, -75.20038203893711, 159.43319183436637, -57.073709035115755, -40.61889575900326, 120.14977428536477, -7.559791575610022, 26.216381546927273, -8.597099877020097, 90.43325050744947, 68.77211241936563, 6.655694719640072, 13.154498639700101, 70.03359698172378, 21.596058042423994, -86.95011935721327, -54.14725168752831, 25.023608695149317, 29.265946730760092, 112.92511277178302, 20.65031628773673, -29.286004214720755, -26.86593187153925, 72.50507863256783, -52.94192386782391, 12.182793030094626, -107.49847667798653, -75.5444222210809, 50.2163759980176, -10.114174339080222, -14.250170435906059, -95.73016784933705, 107.61786483204958, -22.036918365691086, -127.39939141967405, 135.42517982545695, -154.68441051809566, 37.76381336488171, -36.69244708543569, -157.30525722404224, 43.92671266023088, 93.59738127230419, -45.93230855401433, 21.2027082916959, -41.602999032568924, -49.691755725384056, 59.90962160431858, 145.0933434275803, 66.58969937092283, 8.032394480145774, -67.24783103200457, -73.68380840159433, -77.7697810098211], [27.269240096653974, 12.595845838341955, 3.7674147740086745, 92.01821647062265, 1.3452327553954833, -46.99584954738452, 54.28284243517306, -52.84975010088769, 144.43445705746822, -34.20795897626983, -37.21573322809528, -25.867750247284846, -11.766296601590495, 154.3023739103532, -23.482387754692446, 15.59772165715293, 18.35467671023302, -24.92229998258302, 663.7530470224043, -210.7367507071174, 18.061113977860195, 54.75085865663105, 97.58514931250781, -66.33336884834699, 6.644018920141805, 45.32768682330533, 90.52217176826896, 59.678913007852884, 32.196722813984664, -136.2804597248612, -21.753720777435294, 55.37854327233774, 48.05584392334258, -98.39161928018834, -82.69491816888866, 22.96712270901872, -9.33860382927383, -12.952115590931395, 59.83310167807071, 82.44451583450859, 100.53103383766691, -62.20507452681935, -116.00108615297707, 87.0732528060048, -32.81928411223901, 43.16886742044546, 16.229325902888466, 111.42891826577201, 13.648383819402921, -21.833888615368103, -54.62320309132899, -57.66265416292263, -86.08946607312348, -8.321619483415212, -52.54721152341517, -18.451320329735438, 73.61397294537086, -124.344813239894, 68.39594532780099, -54.25541760921949, -139.5107529595182, -79.69498452683099, -35.719189700220696, 61.184904101110305, 133.11162410308137, 126.75301757305583, -89.44172273202282, -53.00018771965363, 139.05458892739645, 31.409557774742872, -49.47734747609968, -42.361723495424634, -122.56102947306225, 43.90837352433412, -31.37518842788472, 49.1219620695603, -1.6496916158481634, -84.84465038738186, 2.1343040811201206, 89.33828063794891, 5.247714499280905, 23.669168048132917, -125.48087177596602, -22.602269691232983, 78.79269832715197, 49.450244766341235, -129.74030650615072, -71.70199957642075, -18.950845908511397, 39.6014966984515, 48.80971775088486, 71.27290514596388, 60.07502573528845, -51.61223764297545, 15.96759865199053, -52.06890413725498, 74.55488120809733, 30.415398903015284, 124.58031073968827, -70.99450364661186], [-110.38144689569612, -94.17653818971135, -16.331368409905416, -36.349689513730354, -111.94927936724125, -4.811935085061872, 48.057402935982125, 31.932693596536723, 65.42586012314092, -5.388538266366787, 107.96951599176376, -37.58579705113577, 21.444639459972155, -105.34061042842869, -148.89464405798657, 50.01206790437007, -91.92656296456535, 43.34496193300579, -210.7367507071174, 771.9923278472309, -48.41968330983191, -113.47705039879841, 117.70276830470638, 23.84520595099169, -94.24615845651594, 127.38298657382308, -100.02609258309943, 44.46623502841874, -85.29062385893805, 199.63922199371868, 52.14765419357366, 67.04760467497013, -139.51840452796415, 104.1698950243817, -67.58403691943133, -38.62817473782501, 145.2292616945138, 8.72644585653346, 74.03351149050155, 32.29757009096886, 1.9231604263830917, -131.66569859367564, 29.73526614172649, -48.280519166826316, 89.70945736792888, -1.771222076908959, 15.073268874353111, -45.015749713462625, -131.52074216375158, 10.625422677859554, -58.07320002151192, 7.444095871416174, 96.91541743108218, -11.804619500299111, 92.10315902103558, 34.844431765674265, -72.50192052097957, 187.3232452015627, -6.282147826205666, 36.87604121639897, -1.1375135432205434, -50.559892034025026, -100.04472894612294, -98.09377910354652, 40.407290152266164, 33.825132316411256, -6.341042338073532, -82.40963088615123, -36.190429260625955, 35.79086588130391, 2.8772014460578896, 29.36366088638625, 52.4609203715332, 12.392036430881536, 54.633698061723734, 147.51909916961273, 77.80463836367652, 139.35289174143213, 34.006140409038416, -5.460698983267939, 203.16378039275025, 90.12850834213569, 10.856727385584504, 85.75237257363395, -0.9831262840691473, 11.608760773221139, 112.8490106679202, 92.65212154578191, 23.566102557565646, -100.28064028290234, -77.67741348433135, 7.4436447164651325, -46.09568622289878, -57.35297897162745, 114.80207056580906, -48.8937061282613, -140.73101952407313, -7.845469047206543, 83.59900658370279, 156.9477679379722], [-12.56955164625159, 100.42154522294511, -98.21193668803105, 78.47100959377606, -174.13543674435564, 37.45214338932726, 20.369202531797747, -54.7400630382683, 227.53417040635486, 104.61234946133287, -204.3282388748324, -9.34575910815769, 