{"N": 100, "M": 3, "A": [[[821.5175583914422, -114.58072734453904, -171.4906733293599, -71.03853249857022, -69.320454567847, 46.30941181214418, -110.88029716863575, -90.53993797694446, -72.46049225362687, 23.03541671208657, 17.2198640001017, 88.64510680106753, -44.97390349297454, -41.06646405492303, -61.165195809296264, 57.264607292262994, -6.0790581083806075, -61.80935750717072, -48.71369380283938, -207.52646027060155, 71.74279502985468, 65.38193294590317, -9.15561159499513, 21.79710210573814, 15.645150100163136, -26.163850217055696, -25.21675992636974, 6.456370207955523, 120.53594148463279, 105.30600900927791, -39.9546218088414, -56.39234417839388, 34.414007239513346, 11.26623770400421, -173.97128724905667, -65.43486171451013, -187.9428573453334, -157.88551781928265, 28.52132129767468, -138.869399906068, 106.908051710546, 22.89523229624881, 3.0113743081246973, -62.20105139356688, 78.86939090146132, -43.745070566818555, -37.048157188482286, 198.025356271606, -21.357450932954702, 32.39307372310077, 27.790807631460762, 25.351514501382578, -85.30558991900789, 126.93539589995402, 6.727339668459974, -83.01218121691484, -53.951223892294095, 37.657697704925226, -46.292364054673946, -84.3745095870193, 52.27740353333161, -94.60399893552967, 74.15645299180896, -93.84648777485167, -69.33052766178037, -88.54753072059074, 47.49900256017763, 91.11275064237903, -18.77747405528863, 17.96280837213551, 48.76819437521559, 23.223145826662748, -76.70338146484458, -19.644609310873975, 54.12195440001807, -46.50697299853538, -71.38073623383131, -18.606112293599367, -114.87520824060543, 41.9275817114345, -93.1966248274928, 58.337698200908626, 71.80364232886393, 107.55907469253422, 94.40578460333418, 48.7660823115359, -31.233450050607328, 72.16230659294864, -5.1957895208128075, -33.6556577000713, -121.1460494284549, -53.619306251729626, -123.9229524476265, 59.05332884260103, -26.214728306542874, 4.887585506811824, -54.826200579274975, 102.83853451712818, 77.87456103853653, -102.18190980731677], [-114.58072734453904, 942.6426901235664, -16.278582191128635, 94.48067637978137, 6.40143943125255, 20.80903396682707, 23.70480977837625, 74.54547082746001, 169.47035417993888, 113.23592294154142, 140.0507125824641, 20.31143238518039, -85.94833787046886, -226.5075995484421, 123.9425652603541, -77.36834892232329, -70.14579249445816, 50.06799404446052, -71.55567141584544, 238.37428979677512, 93.78383007959212, 17.60189179643868, -32.44719640339436, 35.67491499652854, 92.72228732099622, -14.050214243081706, 18.541195396278162, -111.31273652515003, 14.484961746878533, 6.8036726237028695, 60.04199048935033, 12.986661892628593, -41.089258724101576, -22.61796619232828, 63.59746328216809, 98.07200567383626, 60.42040020808471, -52.66280320390945, -101.75858523629198, -73.02448678218245, -82.2741072400452, 116.61306579419629, 111.95537410101362, 81.20242649292689, -31.383695502812316, -49.85812547505268, -34.74969375259102, 110.82396443130457, -88.02231834457055, 27.1099651216036, -61.83598751076663, -48.87998524542874, -40.317192787542886, 39.80307838165836, -83.00393500495547, 223.60193036828898, -129.63506424558284, 165.12976830794386, 6.744789823319813, -53.51673384356032, 33.40534231817428, -165.39900859109932, 10.587526269021938, 133.0205937823042, 75.53964960497939, 168.3019558980594, -17.824539052611527, 70.21507053219025, -98.37972406597112, -0.33543463880989677, 30.554829159906078, 49.84004952472355, 0.6855828352677893, 59.931414682135326, 22.17219447849576, -100.7951445365305, -17.872368930725376, -98.69266097172519, -97.00029070967511, 156.2443750804283, -60.163421705395955, -111.09830081886508, -87.33923702349837, -191.29469488076165, -111.00578515480696, 91.68537002259336, 92.95353517305867, -143.7997564238711, -185.48528734003267, -195.68776888743082, 69.29692370416734, 152.3577411283713, 123.3621796228319, 71.95764084534859, 196.57934677634552, 3.102881574652504, -35.60472686309594, -37.17910594940686, -27.939541214930557, 137.09365963967886], [-171.4906733293599, -16.278582191128635, 833.270072819927, -55.72331900210341, 28.258022627133748, -90.48657055445253, 110.46080190855903, 129.68403099677613, -89.3869437334843, -40.65235244045804, -59.393356297579246, 11.90193649180307, 3.6690935771185407, 133.23605657917423, 39.23582888133338, 59.18993675906867, -49.90702086142417, 9.28549252425248, -71.10345914449539, 68.6110441645371, -73.63680851571873, -7.55797446584244, 28.456079714661627, -19.804896936212675, 31.91428540728524, -22.149143833663523, 11.151742842293592, -14.899131872437067, 21.69905022401463, -181.76798270133278, -9.33450104028465, -20.76432549726077, -88.69467626451936, 12.81738901480838, -58.300893886934446, -69.1265882994863, 133.86797733292718, 79.59221888484151, -82.00751281825077, -101.93926628403534, -96.8133640925024, 152.09446855320687, -49.32519174331059, -139.67937548142905, -19.962418815716017, -52.3983503877005, 85.04885398402449, -205.45911916730543, 58.15613694901799, -124.1629568528358, -4.637300092524419, 44.988908006790844, -72.88759432805111, -39.4743146705736, 105.71153569973893, 132.9071463672697, -57.96635304856822, 19.9727482630368, 110.00064469082457, 26.920501173711322, -23.056764859734933, -155.96397037681942, 69.30196055672918, -73.56379080342086, 66.62328738924177, -89.57615104838716, 55.80730321226493, 18.437979307877313, 41.17878590301595, 28.116589092619115, 98.53740750995765, 28.1186223546949, -101.70019681166514, -23.91159057942888, -0.46116704060907354, 230.2839729667925, -56.46903597871733, -50.13401628139752, -90.58200224251733, 99.8945045472327, -50.63383440446249, -7.341826038787365, 49.38562782860715, 52.61320267388661, -28.284961127113945, -64.99000097643548, -72.33220970971475, 28.27519840302216, -36.07657412374155, -16.777095427802948, 115.63656625576613, -92.27093120890487, -153.92986097557795, -100.84648476247555, -2.2233476606933955, 25.184061787506927, 82.47769476603212, 254.51961469495492, 2.996580427107726, 22.13697445018331], [-71.03853249857022, 94.48067637978137, -55.72331900210341, 797.2329733966211, 15.817911042083146, -14.318962904343305, -135.79113564756173, -73.38443392940454, -35.931546982441006, 109.79395352361135, 71.84569689122252, 7.378127469174978, 111.02910487508623, -26.914003381487156, 19.42756914341611, 117.15638494964031, 84.4479337557097, 75.28185722878851, -44.54144833491986, -5.903210564472239, -2.558947208599653, 65.07003957809181, 4.7721040891861035, 74.4440454728697, -116.36692758689315, -86.36176056190902, -107.11887573862796, -15.150650121934888, 160.03996642607635, 8.88819346583793, 49.23963583428189, 48.03734493554965, 89.99527331497788, 57.7642828644569, -140.73127527842846, 220.3689083460084, 98.85293663754827, 4.059767255281102, -51.94742618764357, -49.04945689199051, -1.5236718783769412, 107.1460534184595, 36.14495271205939, -20.800972674539366, -67.48708671162204, -90.90207049695049, 54.412292689826124, 94.49236582444628, 41.06160132033632, -6.064710698815908, -150.81558709079394, 171.4399111998529, -41.41187897926292, -95.66080813442024, -34.18786442139718, -156.97358107182944, -47.76737536156461, -118.69908071786092, -34.62291902145495, 51.969703119041256, 147.9277036431078, 58.01392167560449, 38.13156941281952, 39.973792244461286, 89.56853908760591, -74.138872472472, -54.830092998432704, 68.47862944142817, 84.89354772190765, -53.02349764599047, 53.205555122481314, 37.92151749701466, 86.58629416213338, -60.052160601348646, -38.0067856016805, -4.270485021467728, 24.07519441774684, -170.23315771159753, 45.04259861124389, -138.94977829541352, 73.83782694622964, 17.651022912747308, -134.84977460353136, 61.78706965599905, 9.99659933868529, 161.3029000662104, -101.17707390459438, -163.94540274920348, -75.89007570809933, -76.43654754948304, 158.34873562621004, -93.5127428230555, -9.276422933385962, -24.812535831279156, -1.2697085374963635, -52.83022962190382, -90.30496045220087, -121.43853217134529, -24.396096470969457, 44.90568166817115], [-69.320454567847, 6.40143943125255, 28.258022627133748, 15.817911042083146, 1037.9723702439223, 98.01140787581727, 74.24289303523935, 13.022885320182104, 52.67443898884464, 14.581896496955551, -37.46700563144011, -90.35022532842328, 100.00680783005903, -32.50812694072238, 11.64934383605451, 176.31408330974716, -23.33592125906498, -13.887639451151017, -77.26527037691869, 77.42298910608996, 11.247621829000138, -16.15961328229526, 85.31685561172816, -98.99368084760768, 12.634502860018477, 55.60360881741978, -155.30790830788436, -116.99085781353263, -32.60014866758599, 76.9267350629466, -53.734400772029446, 130.74074855320893, -59.39864361028406, -27.72062742372055, 30.65255271537768, -216.0530138595366, 10.507249178372474, 1.9495937443791433, 121.70055590837927, -107.26486088614362, -56.05083992886053, 1.9210782023213113, -37.160681137533366, -75.5039874133558, -26.861793563654178, -23.4479327940764, 32.10471325058963, -115.48509455438747, -109.13557475019515, 120.20535216137979, -102.36906044213173, 42.534499465790525, -156.05143925498209, -34.998187027993694, 8.966613764248093, -35.062143463448926, -10.919272436079511, -52.30198943828448, -54.92482801302057, -166.41946092578982, 90.8475050997978, 56.865878201591656, 232.23578506688898, -67.08030897193939, -3.5754605851002026, -12.46220285877071, -198.08573568244222, 47.992188855530195, 31.090873146433506, -71.58429208316994, 32.46907374061267, 78.67347588793928, 61.091165458224815, 112.4029709153678, -172.83206044939934, -5.485837725018401, -181.09313656791662, -94.1492098125562, 57.990240637506275, -45.84465744509026, 27.470063849168536, 34.812696227238966, 183.51303969193552, 135.5835600608192, -17.0603294114878, -80.13220897571448, 74.84937576954161, -38.55402220958583, -87.63710772983494, -162.33868376833107, 29.601405277568567, -190.1817425477091, 191.985252105199, -35.933150019384875, -82.44440570447969, 87.91862182771777, 104.89865990482751, -114.93304665968655, 17.237676364252415, -18.04333971540803], [46.30941181214418, 20.80903396682707, -90.48657055445253, -14.318962904343305, 98.01140787581727, 889.3095390897342, 16.76457353628784, 71.36668159339217, 63.85420585762971, 4.716804047652021, 63.700771338034315, -12.480137771858352, 53.108132475619165, 7.142878435710685, 76.58188671791342, -46.29212837551524, 52.126909667139856, 59.62849147010589, 26.618863074612538, -13.586891625139714, 34.827666580901976, -80.55181843169083, 56.192067334027, 22.275559079609053, -101.4452767713971, 37.654302101240965, 31.447671977392822, 46.45361960242482, -166.0323930417047, 248.0291498799933, 31.574553743428663, 43.52263777798335, -58.87025144774199, -3.4141436515754204, -81.99178055882861, 54.631226128740586, 38.29850485697996, 19.096845400025906, 60.56401256569892, -67.22644996700359, -86.40427950718136, -57.77969303327973, 36.723166953615106, -75.63003414086546, 12.181022219840244, -44.819860556894824, 29.67474175879012, 165.04836692063697, 196.2285925017483, 107.86889260204201, -11.86481433264063, -25.55103972696806, -24.18800245005262, 57.55050464659463, 212.54067824481038, -115.9046204592243, 77.63054037751324, 34.247978724514525, -58.869625512170686, 76.18293802881021, 25.887121515017498, -37.7011917945881, 67.99677452504181, -21.084231871245432, 40.699436753823456, 27.1594649364886, -134.8910557094087, 0.10487001716244748, -10.68454376635285, 129.62077295696773, 49.73790900021794, 17.834448833261977, -84.74841276370843, 53.539510090217505, 124.02618490516079, 72.98326663183998, 86.57600659418426, 10.633301709364709, -15.094949191068768, 38.23448568735721, -107.22261276287266, 58.256159287100814, 136.6601119852438, 150.21936782241767, -54.967848555984574, 98.08330186425749, -88.03150391761362, 71.72177798327832, -104.51743075243576, -15.209077405150325, 20.575368513788337, 52.388927293827685, 141.39076700499731, -85.27504489892203, 112.41351778353044, 80.70263864262073, 110.51841847770913, -59.25217633503007, -62.63056980102439, -73.37429974954314], [-110.88029716863575, 23.70480977837625, 110.46080190855903, -135.79113564756173, 74.24289303523935, 16.76457353628784, 683.4720691029557, 38.44388147618722, -29.55249639394379, -78.9037222756133, 56.699732174608826, -21.094022575967507, -103.1896919474499, -33.20454982611349, 117.35363745142162, 10.748595598810411, -162.48085547988472, 1.3587105333009246, 8.295918081959845, 55.81520027566508, 73.18566980084384, 69.27486252308603, -101.94088826149701, -85.97879082516226, 87.54531075083462, -19.32627239175016, 42.61264132187187, 34.4737498121073, 56.648595358431265, -99.74727066906598, 79.57638892534058, -17.609423921397614, -74.19578096694121, -43.50458067915105, -37.76028821203576, -2.1182598416169363, -57.46384523411355, 164.8711910653552, -16.569443353349634, -112.10681553508805, -74.18815994253961, 196.9026668653952, 89.16904102073808, -8.535972589562519, -140.62293028149938, 66.67909914647406, -21.69690479627895, 32.165119391543286, 27.86213755786256, 41.76229630564489, -8.157053848352014, 24.628980415943808, 59.08812733697729, -108.04571957716473, 59.74257984668111, 12.542188628566938, 143.38436199650715, 42.051879916744575, 134.14784872553966, -71.52481486867809, -77.81351292481577, -124.07053371637059, 19.410339111592357, 15.617678600137015, 76.9038039659409, 6.819845030014637, -90.5860505923047, 11.95264221567364, 121.9559488746471, 21.197438961404323, -87.06334338463547, 122.37766491560397, -81.66527445265588, -117.96646555688638, 134.734220874699, 63.29764704879132, -88.96668451623765, 102.92197310697816, 69.8795991070755, 74.84646123398869, -29.296181344035013, 14.404005847206998, 170.73365793840296, -3.4793787026467164, -71.5487782209866, 34.22752456087303, 48.526789047889544, 47.6798898603542, -29.685457364371523, 90.0637088803148, 12.012427041115144, 147.39723898078987, 201.2147857357931, -78.88209349671067, 52.92553420864974, 161.87725583518653, 69.2889843529178, 13.86064953905815, 148.80275484243091, -0.30981077585135885], [-90.53993797694446, 74.54547082746001, 129.68403099677613, -73.38443392940454, 13.022885320182104, 71.36668159339217, 38.44388147618722, 815.9391860314922, 131.67100120479577, -56.093148854521786, 14.446880044989012, 44.40082586890103, -58.66309902436463, 75.26359405732313, 174.8369226372201, 83.97426990239651, -135.51523394640319, 92.34553271068214, 103.06090066688014, 160.6307098884975, -13.313845624362887, -133.30516815733966, 55.898389449403076, -52.796264013152864, -32.31516594752337, -28.181184301058927, 57.65115284507698, 64.34657325996008, 16.655944650154225, -136.20736152378927, -162.1684867143153, 142.0298816569436, -167.47910030039105, -88.70077298109315, 160.1636587379667, -102.6631568508756, 30.829792265796776, 32.27126233112165, 37.37260194280126, -39.32707443746742, -65.09985455556244, -12.86550292245036, -42.05897471785322, 6.9969005458270805, -47.03995219055598, -12.669431562418623, -42.58916524553421, 18.02875386994388, -8.023462216062697, -20.4682158802814, 148.51710722516697, -154.20834776392013, 62.14758377913162, -73.43277902801864, 46.86857510222624, 53.44849522780174, 10.66480953291295, -69.84458545876267, -96.3385929958206, -46.13978324535742, 62.47432743658457, -42.88133848494016, 26.447725577968612, 37.73842270031103, -11.052530496289904, 26.151372001775048, 51.72046971243554, -129.50051205085379, -33.56935489125777, -146.46749754247455, -33.999002996741574, -18.251948384513092, 66.22773501476726, 99.80174214207385, 107.64056306802563, 142.1383671198574, 51.66830371000744, 180.2355731291608, -130.97731757485712, 100.07589116753424, 175.7147240841164, -50.38078349799874, -64.63858123653121, 72.91695395288636, -194.26926326964414, 111.64253336893272, -13.90166485377614, -56.05517345598286, -149.90014203451838, 60.07507047126131, 10.378453459328261, -33.35590509841504, -62.61777419079719, -78.48650446329488, -51.34814614694163, 92.63738193712125, 47.19598275229436, -108.82747091952052, -42.90702366988181, -101.59346757864435], [-72.46049225362687, 169.47035417993888, -89.3869437334843, -35.931546982441006, 52.67443898884464, 63.85420585762971, -29.55249639394379, 131.67100120479577, 552.8161708767204, 238.29242208503607, 3.7799481006773696, -64.92015250944831, -99.84447962400994, -250.61573703780118, 11.531308740633033, -127.6999733962611, -44.19565609198372, 34.088878556523746, 57.85396602460435, -22.077652454829092, 79.84265772691279, 14.010348088257562, 44.67644077795167, -49.650125768826314, -108.9185106970431, 102.76492974450437, 42.13072513690099, 50.446850873829376, -102.0249362702539, 41.26896839479646, -122.87233259302, -155.42599524175475, 40.331667504233145, 65.49149481207888, -66.82522318824667, -136.9695666007549, 14.478475846637085, -124.46917093303576, 69.39966379016685, 103.27767919475687, -6.013974909606787, -103.54099478692282, -52.16058794977088, -29.18486551600881, 85.5574780058494, 134.25428396830088, -28.412454694154814, -184.98329952823758, -113.37259199393552, -6.806211784302185, 34.37353040556, 35.9381532453923, -135.11375953786614, 98.25004741694798, 145.1891343129332, -77.07153213294772, 9.376250817939962, -62.214383531906385, 144.34150414680275, -73.78461365020306, 122.27840452544538, 37.37581186392811, 33.778182930323254, -149.54196431123455, -199.76066469043036, -133.17439887335394, -2.728253911227486, -20.45966732273358, 168.9457496234698, 10.213362376018843, 55.900676542995164, -26.087943739565333, 52.47123804079774, 101.51932131675686, -82.83792573711304, -18.77802484496123, -136.05613581076392, -149.86110536271724, 103.53746450312894, -39.761502964801785, 176.84555295748402, -121.64198946374398, -20.579276394914345, -49.32309912669952, 95.8599695507842, -99.8460381048779, -87.63470139184861, -113.66922703674042, 39.7395792246539, -82.93601165350192, 50.59730448069483, -132.85364415991273, -161.34586895124536, -17.561631512837582, 15.463586025567508, 44.60662040162972, 74.6539445042845, -88.37931257804108, -93.34334126990814, -58.64186278912523], [23.03541671208657, 113.23592294154142, -40.65235244045804, 109.79395352361135, 14.581896496955551, 4.716804047652021, -78.9037222756133, -56.093148854521786, 238.29242208503607, 764.2809285047495, 136.82317115240704, 8.962883266423995, -12.491287060881305, 41.159990467385185, -43.26718516220117, -19.18247506616362, -35.05646745856469, -44.67161359408461, -125.0202345432919, 87.27583984192343, -121.5221668009241, -23.38892002708161, -61.72873898472517, 18.680201365978796, -24.383872825188135, -20.073148989820833, 38.93016405890222, -54.9161256060828, -52.33376369505132, -99.50523221587787, 138.95306001550782, -37.83316878255894, -56.53747435451457, -38.88954787972253, 108.22668666510195, 113.72367750977608, -67.26962253152494, 72.6269138556885, 25.069840952062133, -42.57178674206928, 183.648992354861, -41.033426980940234, 90.00267947695268, -22.358619843823956, -65.27055324435908, -114.78437571551785, -47.621824961426405, -14.9850446753135, 123.27687076808584, -19.369029055212096, -36.69722501283571, -31.14578610987573, -95.14815057871115, 51.3171476935633, 3.4105642956442956, -125.09466444692883, -69.5289656529719, 80.27064991668371, 43.21494525609258, 127.29392866899079, -39.11295562517648, -26.05531529666328, -114.73046953027189, -9.972728379704431, 67.32859612507934, -175.96578269480943, -80.20281534222457, -206.75757425551035, -57.870225942080104, -84.83175702007836, -55.456409454702026, -21.886934133763702, 25.702788366578268, 99.83192569313552, 4.102865693510774, 133.4343178020074, -81.67130073253878, -21.429424797669284, 100.39279862640322, 97.13662228246831, -8.186908676802785, -100.0769516771885, -80.39069852040828, -88.8495559119213, -22.01246589308219, 200.99346351072856, 49.854287943223824, -68.15904837847042, -56.09811927059306, 82.89947796698429, -97.10623541226633, -20.321084788898386, 58.401204556965865, 82.8345879441796, 107.00934803228003, -48.55147530813641, 4.99948356211072, -96.23263341028324, 29.762025662701486, 6.836340555412241], [17.2198640001017, 140.0507125824641, -59.393356297579246, 71.84569689122252, -37.46700563144011, 63.700771338034315, 56.699732174608826, 14.446880044989012, 3.7799481006773696, 136.82317115240704, 953.4320507387032, -74.19456997483712, 15.53138238064035, 21.2298754197417, 53.53468611503371, 76.2730466823432, 164.69262634249407, -192.74834647670576, -39.74723386123296, -20.250440689826647, 209.08251210005136, -13.16266811783776, -75.99497406380412, 56.788484998874154, -25.955636081510953, 106.23159439494938, -21.720776822860767, -15.88572046289235, -133.48621972597186, 62.39185168595235, 31.648713383874743, 60.01674388812186, 85.43641159595381, -32.07106401359658, 20.324335122277226, 58.30599189116244, -45.29942158916162, -74.37672318759203, -125.36548907092478, 30.095266027499953, 65.44137269512794, 73.64564706411687, 120.28492914371688, 59.74336622881559, 12.509946948299858, -161.39393149121315, -118.51435898999583, -46.32796019443336, -81.31167299042697, 171.98560719946735, -37.88991888584441, 37.75792755738163, -123.81853383769138, 83.42289414396078, -50.27912226260854, -72.55789369160107, 20.313555912469, 2.5984722397373035, 87.21887901790156, 91.84804403162393, -131.77064221681826, 11.301160849170994, 15.057299726466871, -5.188133886840156, 42.81130408898395, 165.17862799141227, 6.523659741868952, -101.0729748454218, 177.11228353388591, -132.27638809445557, -116.60726357731305, 20.078625651355114, 46.24579903498208, 3.801562157578042, 112.86626609701295, 31.825348940324147, 153.0721549489062, -40.556440723617285, 47.27224271509304, -2.65786446143513, 8.216929236952126, -103.40299987713554, -22.44682408442806, -42.339533034982644, -35.148173966492635, 56.271015617620044, -100.71725283917466, -15.41220774485266, 2.7899016436189195, 64.62115155713857, -69.74262341196207, 84.51880073677671, -23.29187637626883, 153.23657906450268, 94.16473905775038, -70.89028645547027, 182.63641866157135, 40.33659460482949, 37.1488095510552, 128.2834339642024], [88.64510680106753, 20.31143238518039, 11.90193649180307, 7.378127469174978, -90.35022532842328, -12.480137771858352, -21.094022575967507, 44.40082586890103, -64.92015250944831, 8.962883266423995, -74.19456997483712, 586.8541983050178, 11.204698316151545, -167.85294414910825, -64.76730696116428, -107.17935179637776, -94.69713073151249, 0.9750177887519804, -94.01816444102118, -80.59123900691853, -84.74362185512359, -97.30149385574487, -55.52832233068828, -73.42628424974612, 119.19940040565912, -6.310872734328502, 7.850181176294862, -67.71706285662336, -155.57830190467254, 62.987877446322244, 112.9702433171241, -27.853422021395858, 17.20407045945005, -6.2863792977177795, 121.32722299661978, 16.69716588686433, 13.296415295188691, -99.73791174524688, -20.192201817821577, -146.0268607533171, -70.00675714971301, 66.71036101296666, 9.547972966624897, -28.977471970741988, -65.56037546911517, 50.903350055509016, 135.72765245537786, 87.1086251745389, 29.160748409783295, 119.13059220874275, 128.8973532184969, 65.2210293367331, -5.772656147650915, 6.8789662743766335, -59.63698477434107, 115.7192425247568, 45.69102503100383, -59.672785356206155, 78.55697412673166, -40.413628709498774, -1.676747925824932, -27.954512940454563, 24.702299052524843, 181.5739479684002, -80.39680878071938, -87.71434069849573, 45.19584400230868, -20.175119288443675, 53.04308594273635, -98.52567280635411, -131.70591804657911, 65.36604909537061, -141.29211508872027, -94.99468581306351, -13.550948008412213, -96.04597084707893, 0.9760669842821201, -118.10647446306055, 52.01155728885729, -75.53792073407693, -133.71200993307414, -145.54621250727746, -159.4303676437629, -130.7669875824105, -135.59662750199493, -0.10024299826400807, -16.069139250777148, 58.26950622677676, -6.143889680131503, -76.51310218267542, 105.72420092238414, 35.55070356270408, -147.9159292352102, -83.92685896819626, -49.64540671018473, 0.38338149214785133, -164.4051935964543, 127.52546690161722, 17.25128974350276, -227.71548188558768], [-44.97390349297454, -85.94833787046886, 3.6690935771185407, 111.02910487508623, 100.00680783005903, 53.108132475619165, -103.1896919474499, -58.66309902436463, -99.84447962400994, -12.491287060881305, 15.53138238064035, 11.204698316151545, 889.3381891485357, 99.05368809194752, -41.5748891947202, 26.969291453538478, 128.9100024353033, 62.4033699276241, 43.73761702353584, 32.44295100932495, -138.92673317686402, 23.99675128427981, 5.641179090862227, 138.16865570252455, -174.44581393896905, -76.58805295489452, 1.2285230498102955, 28.141212299783238, 79.06586936389724, -15.605629968007309, 116.09230634080103, -131.06623288936618, -40.97362552750159, 92.52294546926599, 114.75901942908767, -105.66714700004786, 37.86004806618271, 1.0270061290459367, -42.23885204711877, 38.238952910767566, 135.830486771233, -43.11480830379952, -42.68582657359457, 54.909037570980665, 67.87081307225186, -20.930727271822807, 70.66415342972601, 36.860645894017914, 62.30908638943737, 65.89461938249916, 60.80116633541243, -4.6383384965229, -2.106312891334488, -98.60741494733246, -102.37898315652865, 35.865850948668594, -157.18562582055785, -2.185790113244017, -1.912326360843534, -25.31461069763466, 100.10010463635797, -5.033263405896047, -45.763736776127274, -40.23694925633551, 138.0177779412066, -89.2280131024205, 87.52332335725528, 34.6401905013297, 17.50482329603776, -110.96745039162866, 51.10024187763618, -36.84968862889494, -6.530519628738544, 82.72465777993935, 54.989571907560126, 26.61071721371419, 28.23213409390636, 5.3482484965605295, 114.67494838074452, -9.369395767876464, -57.99901473037963, 101.5034779208643, -46.37312331284484, 14.128636240712568, 40.0399661779373, -28.901926861065732, 52.09642032154084, 56.6714721935212, -57.333545241356205, -13.064681530420721, -167.63718440807904, 14.55655155231987, 33.91547457674144, 103.5897409697482, -15.934425194005051, -56.55848276047706, 2.334652825546858, -4.747933931245399, 16.017873730162687, 102.46852291563928], [-41.06646405492303, -226.5075995484421, 133.23605657917423, -26.914003381487156, -32.50812694072238, 7.142878435710685, -33.20454982611349, 75.26359405732313, -250.61573703780118, 41.159990467385185, 21.2298754197417, -167.85294414910825, 99.05368809194752, 854.6841802525789, -44.76761669608613, -2.007349710523485, 28.320490581985105, 57.8015823617815, -133.09277615330217, -240.2983555559603, 143.61259625614142, 33.95324884798695, 17.801183605041487, -231.27145726315618, -294.0012682231013, -24.399526584459473, -173.51918481467544, 25.196560669841098, 3.3384035798823106, 86.45992301378077, -265.2586790710058, -99.57022968187987, 1.3209219341010972, -55.2865456916154, -30.130066635818743, -81.97159829007214, -27.736385326223225, -17.855682877652328, 229.87267500912088, 181.18583079270326, -92.44649082062561, -177.32886294324135, -43.598594213097485, -64.90647903104377, 89.40559063091652, -133.5793949189225, -78.9932325134188, 9.601187613629506, 91.16184779053796, 38.84899327595038, -33.344375001971066, -14.769348679770298, 6.247173576535907, 65.61010352751717, -36.78762496052438, 24.928956802685537, 32.151647221388856, 50.55962254115687, 59.62445919035479, 123.35796692287774, -29.871836953327808, -98.16261486588053, -73.0013700753809, -134.39315820921803, -60.96607417826603, 49.33844880995705, 56.017475842064954, -54.97040262953556, 22.624649842706816, -88.05237449217145, -51.246375332742204, -172.6127369321233, 93.98989948207483, 115.93365304797638, -71.24722932737679, 10.585445650672156, -14.373314339329271, -266.3501828926713, -34.54211882591008, -135.15199231463131, 22.443931409257758, -12.102888134240663, -64.44580822749747, 68.54823670059021, 105.8564762333698, -178.94681172441813, -198.50944841386774, -89.10005399949316, 138.94036323594884, -164.87593921553434, -55.53604239891713, -36.31776458303132, -163.01010596817673, -214.19027610011176, -117.69797122062447, -6.197320681120161, 63.258876631225, 107.2197389753012, -119.50952064285144, 11.379407363109092], [-61.165195809296264, 123.9425652603541, 39.23582888133338, 19.42756914341611, 11.64934383605451, 76.58188671791342, 117.35363745142162, 174.8369226372201, 11.531308740633033, -43.26718516220117, 53.53468611503371, -64.76730696116428, -41.5748891947202, -44.76761669608613, 838.8634185728739, -63.977771057288145, 41.97660396381171, 89.6128014602348, -22.324777814305236, -54.50872280233359, 83.99509141039974, 119.60858452856046, 58.04085171542913, -4.317508692460066, 70.8479172343685, -94.55122536567373, 61.31362858188177, 27.388304479916645, -152.8014047091718, -21.805707262584384, -98.5553657927474, -82.30934142576882, -60.27045985349315, 60.93325121961658, 119.68291449220634, 68.88565675863825, -2.8316912863910026, -115.773262957177, 34.1679357765184, -20.65938875861965, -181.70000183524377, -49.13380660808622, 7.086894192007655, 10.562816349328006, 8.512384514062594, 8.522126293527014, -17.04409369839029, -16.944392061231444, 130.65546604318368, -24.618387033689622, 0.1737404041270345, -58.64885886060196, 75.31721292272493, -48.14705315452763, 84.58596268873256, 10.141797597239638, 8.347493049064271, -86.60773251252971, -10.163131731004514, 58.08852835435884, 3.3710359036103075, -145.747961500557, -147.47633151334952, -99.5469779036145, -32.13901242907514, -6.382958815880444, 2.5230880476978257, -98.06511208174467, 101.01528782385905, 2.5288886362090937, -22.85071377933013, -16.096562111385893, 42.94175768992594, 10.005221878559057, 50.76406219053041, 61.047918611209724, -19.558472316689038, -25.783364030335733, 138.18748073839552, 209.67370967874825, -5.304335985120389, -7.302492484576687, 33.92840306380252, -5.075369695225966, -64.7172325125442, 58.32137171857998, 24.86298856682606, -189.22959798641799, -56.10729798131123, -73.34316481908253, 90.71853633233721, -39.522702240822476, 155.66114267385277, 79.14358609740852, -119.28315560508197, 10.374377204882297, 33.97696763451036, 109.88422480591748, 7.352800919184549, -12.659887062770071], [57.264607292262994, -77.36834892232329, 59.18993675906867, 117.15638494964031, 176.31408330974716, -46.29212837551524, 10.748595598810411, 83.97426990239651, -127.6999733962611, -19.18247506616362, 76.2730466823432, -107.17935179637776, 26.969291453538478, -2.007349710523485, -63.977771057288145, 902.7934078382672, 89.63329606184251, 112.34763232822809, -28.112220732493938, -10.271135240823778, 158.60856350639213, 29.882487468891675, 99.63002938456941, 43.36437549709923, 217.2625954557353, -67.13676111705516, -46.19714017676992, 58.07106472195362, 55.30031779473275, -64.65060398189866, -30.979050713456797, 96.55125283981164, 224.60302529406823, 47.096048899772185, 51.96190440272789, -31.988987562237075, 1.555850526889678, -31.80460132917174, 36.3416398054978, 52.39426278950074, 88.62553894450761, 53.07064320718776, -46.10371416276151, -51.038393334276805, 48.20141761141517, -36.84965115323649, 125.25415044357652, -141.21438446846855, -195.82645447998192, -12.097714705915934, 77.775493243341, 74.07541902750856, 59.16982946845884, 21.616296662896033, -33.81146772570964, 36.32579126938445, 14.082441459153742, -126.14863848003685, 70.88571764331883, -143.30524986643928, 114.54253484243428, 67.69101911356861, 97.14995444604781, -41.06850669368568, 50.85826861374869, -150.36732992497693, 76.57292268210958, 34.300718567407934, -45.242585038397706, -88.2136569789728, 16.551300691401323, 102.78488552527928, 112.6163649757789, 0.8602531529530975, -64.3285793450409, -63.1071489629254, -113.88206365659019, -41.297281100359506, -117.01320726302261, -47.34207170116285, -89.44185698580208, 88.26344438963858, -62.860582054862, 138.5708039671896, 30.814474408220363, 87.42920646264011, -7.26635462561709, -56.47405372309081, -67.18529852434476, -80.40318008659668, 67.48486214923363, -13.130285184504253, -107.37667828095081, -58.142355987892415, 41.99820055001747, 3.1454113967062156, 111.23419036092636, -37.18431452375266, -24.090398038694595, -137.3565213531195], [-6.0790581083806075, -70.14579249445816, -49.90702086142417, 84.4479337557097, -23.33592125906498, 52.126909667139856, -162.48085547988472, -135.51523394640319, -44.19565609198372, -35.05646745856469, 164.69262634249407, -94.69713073151249, 128.9100024353033, 28.320490581985105, 41.97660396381171, 89.63329606184251, 909.7698235139195, -49.16680804721173, 167.07332462813704, 0.3803305806912931, -118.3076928398441, 39.81904058454724, -97.68534277116524, 66.35360123506041, 18.68528920108504, 60.580455221711055, 54.04549579050003, 21.35946882462922, -101.78748231798288, -81.28215135607579, 204.7345426867186, 156.56009432851118, 106.38361889665768, 119.92813251559502, 228.04678203466193, 210.62431014855284, -31.20875777780211, 185.03880566123433, -24.40063780559981, 1.742798052236111, 38.69566991310912, 11.53363576189264, 49.768870179092076, 114.47525153492099, -73.50126579378995, 44.669687059754054, -33.93689184886708, -34.393469948357, 54.39730727881796, 29.461041834985437, -1.6045577896677585, 63.016774739359455, -125.93242626494799, -94.7753494125124, 20.02587326015019, 163.99206910393664, -61.98381182045306, 63.09945762878786, 80.0533838329192, 51.78914031787392, 24.271173064768654, -66.32264092018721, -33.266127207091515, 13.539705403662477, -0.12343164859049693, 4.1809429579574084, 45.98073166276919, -1.2868007824051801, -85.80641425942912, -30.163562031288382, -78.37636799532135, 105.28909344857593, 19.054131816813822, -28.93268809220022, -73.21946015367773, 129.224499045973, 78.33851881523557, 38.51811294344569, 37.12898603388981, -94.61300224821207, -157.4572088466453, 144.1153296255102, 165.18547609236003, 74.25035942758363, 64.18919663488063, 35.239133214597835, 108.45109627459613, -114.8869237558394, 64.65797460324059, 128.50662497819158, 68.64843102731747, 81.68730393073814, 74.05162949868061, 68.09863323297205, -35.63700269616268, -33.53729064194171, -83.83691506690207, 1.4845126912347695, 135.8996460510288, -114.22918474419106], [-61.80935750717072, 50.06799404446052, 9.28549252425248, 75.28185722878851, -13.887639451151017, 59.62849147010589, 1.3587105333009246, 92.34553271068214, 34.088878556523746, -44.67161359408461, -192.74834647670576, 0.9750177887519804, 62.4033699276241, 57.8015823617815, 89.6128014602348, 112.34763232822809, -49.16680804721173, 859.7026383772633, 57.37648700508554, -137.14164850244154, -30.477059317230605, 37.81199709404702, 177.8971698319539, 73.17208917465095, 8.498835648087956, -122.81334384285067, 35.107691899351536, -135.12570929298977, -56.120162473021836, -24.05364357138792, -12.700803014078609, 9.861003358313996, -221.34812934218726, -57.77694387394577, 19.012601833188143, 41.63337150062436, 74.82289300019201, 151.5493126552859, 160.39444831023866, -74.02842142515499, 113.41971139879718, 25.063478097436278, -85.2038653649125, 52.193241953070384, 49.09587777478957, -67.14696898516195, -84.76498697843637, 150.0476719160821, -37.36264453327174, -176.83085404434055, -100.31003266526554, 45.884573845867905, 293.22866936648677, -15.093863050555283, 35.44917624501449, -19.237708530828137, -17.026024463684656, -70.09630048338323, -38.11461643213065, 54.166645425127555, 41.583003264133815, 22.692380016775832, -48.719513175694765, -73.32899261992526, 123.52203245128902, 77.0512179808664, 85.04587758237354, 62.50447907272936, -31.722335362839075, -17.89862800876218, -53.45276495359181, -85.63864851380079, 127.465292011049, 116.03313212055193, 0.8728288146712337, -41.67556654414741, -36.51723271875262, -21.182503650568393, -78.14842613923348, 119.57620087522372, -97.268192459814, 15.707383986405901, 128.39215946297986, 14.0251856423087, -3.6524597538622814, 28.00771067227784, 159.4113886389964, -52.33718044204733, -52.75419492389587, -27.943053821168274, 30.116072023215317, 30.25806465547802, 9.670407532122507, 146.94833411491544, 41.17618301460849, -77.69964326713354, -3.2213631594548957, 2.130191389510627, 26.52771633218886, -95.96879017189197], [-48.71369380283938, -71.55567141584544, -71.10345914449539, -44.54144833491986, -77.26527037691869, 26.618863074612538, 8.295918081959845, 103.06090066688014, 57.85396602460435, -125.0202345432919, -39.74723386123296, -94.01816444102118, 43.73761702353584, -133.09277615330217, -22.324777814305236, -28.112220732493938, 167.07332462813704, 57.37648700508554, 926.7455576686397, -48.756064241478455, 4.076551787308806, -52.20340332812615, -9.311403759058852, 41.06321880569095, -1.420015351183916, 98.71273653583486, -93.96802813976723, 77.70438537340307, -59.10976824952773, 9.641002415596937, -36.88962637642963, 126.28476522255814, 106.55491895341635, 153.66054225734422, -41.21960593076174, -71.93722318610688, -131.73730970789103, 54.05779055031488, -24.73797782992037, 94.32371372870779, 10.56647182601159, -109.57035530134873, -64.54945147275308, -58.60110483492103, 91.70562305537806, 29.01275190672191, -50.94772553169033, -60.225806075972756, 23.6981117312007, -147.39716299904558, 64.39587570838698, -48.66076346436992, -45.522492641138356, 67.08300214135392, 156.07805465030256, 15.012654587401595, 69.34892630063297, 68.2824626351324, -115.64959693531684, -89.6436232955977, 153.39821029555503, -48.248640348708335, -18.58419624757264, 24.106255615111852, -97.00307210624874, 110.78835435528283, 92.40861819934436, -151.4994296768645, 66.49181154285499, 83.45040587685578, 59.29397478866318, 70.67558002204412, 1.1548987186626825, -87.68059681127585, -26.23550977034417, -58.8359661496233, 21.2852306674055, 110.11481713637106, 1.106596672892615, -103.06115263626369, 116.99146162318152, 59.02413005228621, 77.30055513637672, 121.99019085907955, 65.42055407301171, 98.9891346910423, -26.308960485461547, -46.59152120500959, -20.71234604680283, -12.819517328575671, 91.21362381789166, -195.84376103432504, -143.61916820019934, 4.567617718095712, 94.03947836712484, -93.53395632414188, -17.075043040355233, 110.40888256282453, 30.89940909103526, -40.841649541048454], [-207.52646027060155, 238.37428979677512, 68.6110441645371, -5.903210564472239, 77.42298910608996, -13.586891625139714, 55.81520027566508, 160.6307098884975, -22.077652454829092, 87.27583984192343, -20.250440689826647, -80.59123900691853, 32.44295100932495, -240.2983555559603, -54.50872280233359, -10.271135240823778, 0.3803305806912931, -137.14164850244154, -48.756064241478455, 834.3307034961663, 51.20924496213326, -40.270715647567506, -43.70354791919251, 16.49375920898084, 26.37066514958711, 34.83681459482928, -45.680848460380105, 102.68263882979502, -28.23650237017286, -155.92165470885845, -116.12013708161984, 45.54147478812166, -1.0648044922610396, 130.31340742935836, -52.768353981402974, -109.92982772855339, -36.89213872710515, -120.21697497426487, 81.44792720403098, 114.43848911286318, 42.59033920146215, -133.71153958230178, -50.85872737084921, 0.7172901500384228, 20.014883091631567, 1.850336275575991, 42.39209175217043, -290.8229463216801, -121.5107248821965, 0.4943159350018469, -118.76125427914738, 60.88617100814887, -97.47991615558993, -133.58560531557805, 51.99316127927318, 44.49248006686594, 17.968936820112578, 51.655138142562876, 3.6027990448948404, -103.09247274981612, 4.228381326567263, -116.00615591228004, 26.896664085570368, -50.0304166588967, -185.1453349828017, -71.33742097998969, -116.59368785906231, 126.6782088372124, -123.50108463273655, 88.80415155306483, 170.79584499418013, -4.2990394792469, -46.74795228308935, 96.95527961617671, -10.555088609940924, -17.44909066290732, 172.30667011885743, -182.54329149782072, -175.98917951444082, 9.800136678616369, 142.5060236528903, -212.1471438863118, -180.2251447723528, 32.25420996993415, 43.56991757504531, -111.46819358738796, 21.8297602275442, -118.54752523502158, -165.6319131737603, 32.512344199952835, -35.253958355138785, -28.522155925511065, -91.87355627624416, -113.54994374943249, 146.89504944960186, -60.58975125914076, -38.62425584739084, -56.84889813330381, -39.88970064293889, 0.832041735982429], [71.74279502985468, 93.78383007959212, -73.63680851571873, -2.558947208599653, 11.247621829000138, 34.827666580901976, 73.18566980084384, -13.313845624362887, 79.84265772691279, -121.5221668009241, 209.08251210005136, -84.74362185512359, -138.92673317686402, 143.61259625614142, 83.99509141039974