{"N": 100, "M": 3, "A": [[[847.6446519119273, 1.03302116729105, 209.38954972995202, 152.0862532841113, -48.88017785744285, -93.94604049694118, -20.962487871576023, 153.57960489491776, 0.4856457328181065, 76.20504970977053, -72.93548611827143, -80.47929587543653, -85.73794738521919, -41.40125793658649, -45.338203606964065, 102.19437301154085, -10.71443515184327, 100.99971605362518, 25.195087874880574, -206.52065101449557, 130.84895585307953, 33.80555329959389, 91.7493621920755, -20.226548937202416, 136.92319984921198, 83.97037388599327, -97.43596620433156, 113.4717091572827, -124.86783378551257, 49.38809111239554, 24.038148727120976, -137.84261662872558, -75.88534445628679, 72.6538112667381, -74.2965014335135, 32.78748684112185, 29.117534721007985, -35.11237898932599, -84.3753345867615, 1.0243215669639198, 123.20503466998547, 83.50929959728077, 12.214704204416705, -4.503530463574875, -82.62779414502343, 63.61054738902176, 2.473622791906381, -26.43701945141709, -34.664078959502326, -37.518018017048036, 105.2714379474027, -76.11366628693519, 104.41988295717135, -101.56459759843563, 28.65742916125487, 116.28486110548931, 95.45336662545348, -47.72662959780748, -100.92626368198914, 18.771200182864575, 69.41666704042353, 111.21670094201394, 32.711452070565784, -159.71960553612453, 65.70919440999563, -28.958500292705878, -37.812855340478265, -13.507158132044829, 120.91097704494129, 96.93884228871502, 62.32652393225718, -3.2912928347024604, 113.5261608979926, 56.392968662905595, -35.940129979642556, -19.697159447959717, -87.13962840153901, -38.57756274443738, 63.64485053795831, 0.4893583853069714, -68.91830079087137, 4.688341836243403, 157.31555734791715, 143.04798066666214, -105.58376001599756, 65.25266232747495, 45.372167991181044, -2.8177556731121207, 21.878957907640185, 161.36580666293293, -62.691929536707605, 6.202975788380841, -74.53000564435472, 43.66197601882226, 0.7165517337065666, 82.94621669899749, -52.20949975836672, -54.18148414002203, -61.60280680758002, -86.98384848046344], [1.03302116729105, 717.3199299776642, 0.7678275986778544, 7.407134647908156, -73.35469104259262, 42.712163435021864, 34.033373017161104, -143.2285265989792, -118.62854523268282, 53.05541450638533, 53.76942011823045, 41.278459319581906, -108.08223871899573, 79.02305380800877, 44.77555944916311, 30.35161260435554, 59.33373391782183, 1.846254377387354, -30.971985160160358, -177.3624213674635, 24.337187567773285, 33.119461854024294, 25.400860613468623, -114.67901564636657, -14.471194429831048, 33.218171617821184, -42.65418777995515, 17.51679273830512, -57.95107139922689, -36.88115773818615, 40.99990906094672, 2.693055621461517, -43.10920905218639, 75.97093177663803, -91.41378213476034, -83.74038228657533, 113.24024120363646, -9.790114352349391, -43.09749927334089, -80.38922085889504, 44.30555179219417, -5.156383992860778, -23.09501663896691, 18.82320716734036, -73.62172007721276, 75.3400572626467, -172.83004307202998, 28.32890302148147, 155.34252155811822, 137.09388318424516, -22.714760291527718, 165.11741034122065, 8.553165521346951, 31.51533445498712, -86.8122560577211, 55.889532443467346, 81.82338279377238, -118.30338239649058, -1.271022672637244, 119.63544585346489, 72.688390159004, 10.61462562393221, 99.46965366704013, -95.49532431199324, -57.42181122110076, 11.089831100671368, -43.81509441708245, -21.88554903474574, 6.88977646908198, 23.614819137027304, -38.87821770096743, 78.1992963890217, -40.80423578521281, -7.5334838315294945, 21.64389330943393, -30.301352032253803, 27.479856433476126, -60.40918377134584, -197.92607098319064, 7.669258659855058, 18.36446558652243, 66.55987208738233, 89.4137398940089, 81.05576332101232, 19.461284385038294, 64.45048080992606, -59.56803991575934, 58.76528628664205, 23.250818433963495, -49.98116733507975, 15.138001600934185, -11.372903058174364, 92.47934916122306, 107.41302621501845, -105.22641320675925, -13.570052505215706, 46.86168843789642, -142.38718465495083, -55.00695001053259, 33.858739944700496], [209.38954972995202, 0.7678275986778544, 662.8731572901278, -65.69117866556446, 16.911940605118062, 10.267148306892619, -56.92050608765217, -38.692074186358845, 22.742798079668116, 49.64574989907303, 53.19374008082123, -43.8292797734987, -105.7045928569711, -107.35195561031793, -32.79271199233987, -29.24337744621961, -149.09704546171685, 35.39215242394724, 14.793425456192896, 28.275738503962657, 102.70800341683616, -74.50752155748874, -48.95100985794001, 20.149207328687787, -81.53252091891206, 25.16972578767038, 31.60235081817683, -47.88533256022686, -102.20280282740376, -36.95895903471249, -57.14828245201497, -98.70362601063069, -12.286536902592724, -2.3528424506068504, -62.93798213981559, 26.0502243590088, -85.96219446502178, 14.06126123177868, -7.463064983140395, 122.23654305426588, 71.53481077479236, -33.49939033959666, -89.44190117305486, 126.77379925023082, -122.6825797829093, 68.97392888968812, -14.935661640137951, -83.22447686515997, -100.06334425054143, 56.108546667494736, -74.1991386400372, -191.38777586999856, 70.81317671799236, 50.87575971776148, -10.354598503174756, 7.5959777735661795, 79.19624666011472, -16.15477919553348, 27.595509709311457, -16.302253341408104, -88.88429819246142, -9.48101709341298, 72.06720778231855, -37.94198979920622, -122.0294175841838, 82.16110367818885, 26.968214818584332, 58.53232321037761, 59.36269469790824, 25.276675537963385, 22.90629777022105, -21.208612267081712, -48.60830925968321, 110.64814497313475, 4.6863293220169595, 32.17961151449018, -63.392937813756014, -42.135923180335155, -47.619646486892506, 24.415641859392185, -28.17956394241797, -63.582703996182126, -5.295292279615467, -39.646378503124865, 66.49954390247886, -192.1051569551969, -124.60870906697274, -177.93048308166783, 59.63005740124858, 89.73398993052272, 56.13840913504705, 77.30853123133167, 34.18978640913039, 72.08189437342291, 83.24124256704104, 37.83776022075611, -10.487028825409467, 34.77013195704807, -40.537761853024804, -100.14163196773026], [152.0862532841113, 7.407134647908156, -65.69117866556446, 936.2159269874958, -122.1052165542297, -1.1210874181320518, -8.111186530293107, -47.33154891659039, 51.523724996333804, 81.5396405929115, -8.434316236325818, -151.64492417863428, -44.69972554477631, 135.23833821371338, -3.464620965492646, -63.089486843382964, 96.33552367169327, 49.03652742556697, -13.716278347064815, 60.609464242636875, -18.87208991775976, 213.66956254591312, 61.41681042571834, -51.7874421276913, 36.210671800764814, -135.93095372687924, 47.12357228922616, 39.266425879977945, 62.33651439599336, -62.33618315578337, 178.17245699252672, 72.71789318213611, -11.436299988347244, -44.15432082559031, -141.8560381808116, 27.106912372875914, -121.0610924720593, 67.12706713227723, -58.89669823488393, 169.11145529226042, 21.224178873195644, 20.844732159011294, 34.976925566564084, -145.16139506172297, -58.90919092955301, -42.84367022397878, -72.70664101637243, -163.17125532260778, 52.63139570827291, -32.858446231205534, -167.38531016797438, -2.419974965892189, -100.98744468487119, 0.8927662162303651, -4.245192817654317, 38.96253999094899, -66.05812944467515, -99.81676089374308, 24.805738117882917, -71.17221004407514, 64.92682170166226, -17.137752765654792, -42.396389281890706, -104.06927921061455, 19.48145510996045, 97.0635241525999, 46.28192438660329, -13.762129531629672, 113.75033956429353, -18.70550343827631, -177.8852451424601, 61.51137268660631, 9.447065717535487, 4.120621728293362, 97.08593919737798, -114.40864063193033, -70.84832898929463, 81.45665460908742, -50.807380897991294, 31.734291029081653, -53.51662284472731, -37.64002431110422, 16.42976018464975, -52.642360427281105, -26.25115425556144, -18.383769327430482, -61.91341473859037, -62.311185260552165, -51.04440699417808, 45.11717776837606, -16.487341740377026, 107.88608603913411, -98.03397830308333, -26.52881094248369, 61.94926725472142, -32.26071841722165, -36.36580758989239, 75.86622856212347, 27.798862825980564, -86.1935131801224], [-48.88017785744285, -73.35469104259262, 16.911940605118062, -122.1052165542297, 860.1497292993442, 149.78437701499087, 121.03871192919044, -44.67690707762967, 266.3519172871086, 114.77005322720561, -91.6006088351977, 128.29364305044885, 28.70329494973892, -200.72086492518923, 94.88922109052262, -60.368568243197466, 94.13029058002674, -187.87210636287668, -13.442509383352654, 151.7597935958656, -83.42272518214214, -63.84199837923005, -63.99074326895128, 28.342325907475843, 80.49918091495464, -54.37659853332228, 110.27958656163614, 20.95177266227715, 44.73867397423266, -239.2871584069548, -6.281866576441647, -78.18422084137208, 131.4572560796385, -56.56908231312882, 203.59904284190333, 122.98729728378893, 107.00496551880153, -111.93819224410272, 131.45670509509964, 76.5166327881415, -82.84031683192691, 54.41589157583952, 14.147951455300873, -9.34189192682893, -82.76055008780287, 61.98462433517972, 116.42855313533123, -75.61186078820711, -54.21455253703079, -22.94827098011624, 66.33425616317884, -30.806733471613732, -18.151705572411643, -101.51117735133673, 109.01517162323796, 66.21608232422628, 12.387072392408466, -9.807197109400136, 46.47899846895413, -170.52708956424354, -18.51486772050795, 116.65609575317282, -36.0172877988118, -22.311883988447505, 118.92173531660157, -79.12955543917613, 48.59036934348695, 257.4941876443075, 71.99600664033227, -221.58780791913364, 92.60010737306189, 123.9609980001407, 79.9164160357306, 22.576557034833755, -98.14058169461731, 6.094763497125282, 142.05969295980253, -27.929467456914423, 35.99765125061434, 53.91742727107503, 10.41991831946007, -87.43433946959885, 87.5359266865253, 77.63999165051138, -44.9783517174175, -23.7326980681485, -45.392786030997456, -134.065833907254, 87.74898758649232, -129.67764826090504, 62.24926306204091, 116.80492644714433, 29.14307936363587, 92.92606405901242, 1.067002600604134, -101.00565317908324, 55.33715002552426, -40.55772814594874, -2.160652126421013, -66.66275490865667], [-93.94604049694118, 42.712163435021864, 10.267148306892619, -1.1210874181320518, 149.78437701499087, 823.436048672014, 8.009895584591344, -24.872887880539096, 62.80123805178158, -71.40555093855633, 13.579626023910066, 44.383353860821984, 16.877156164538487, -45.33376483064929, -13.742140666641035, 54.132034517884414, -55.22097793070547, 45.18458772425872, 54.480876143772306, 0.3027063875148315, 12.482732329052098, -7.980913178198385, -161.1392359540334, 24.744833991067043, 121.7022537037377, -123.74416127067924, -21.30801454227109, -90.52506575797135, 10.976894559416106, 18.953760183677495, 30.54644625668284, -15.280195800468327, -61.824122411870235, 28.864415325603957, 165.28381920811526, 27.636970263738224, 4.397744355621379, -30.959402674233473, 49.30692574553363, 25.097348896520796, 0.7899798359904757, -205.25088862058647, -0.7965890364487143, -156.56248840711737, 57.75300820080561, -28.388046526412296, -83.12714989740678, 43.4982253439386, 65.57560773047894, 66.104017514442, -57.120160820523886, 100.21044721665274, 67.46652369912904, 91.45795917635063, -195.1035809355339, -59.42698405173807, 123.84325442703886, 131.97710328156083, 117.93091858259136, 184.49783042623477, 10.581188186633632, -64.48006452181279, 143.80106770607162, -34.55392442598297, -63.24342670772167, 59.77377761151036, 17.47622783549545, -12.198771221653967, 34.91968788805685, -62.97218656177782, 73.57670411857964, -48.27346435328012, -85.97280905453265, 16.571114932142056, 7.657284159514614, 28.700414691004113, -23.477133086127402, 42.14747836008991, 5.516033964782918, -24.198474848380375, 89.26334614608292, 23.03648720972992, -78.92676545346116, 61.14743930296327, 77.0217267680688, -50.20441845874656, -34.07761132056143, -77.1354253124469, -82.41534691616616, 52.39291144560386, 71.46079571535611, -66.26925795583745, -42.419637209578646, -50.70159074412197, -115.77344119885993, -0.5716201273630421, 149.75880272906352, 130.44479208120217, 136.1951697398353, 5.866583958745231], [-20.962487871576023, 34.033373017161104, -56.92050608765217, -8.111186530293107, 121.03871192919044, 8.009895584591344, 743.4060440946707, 23.144407820257427, 21.462354091999515, 34.2802733317517, 0.4085101002347429, -80.82575278165339, 69.77592756625836, 0.02257680778538429, 207.1667210863703, 16.518121160601982, 140.94707513167083, -115.80355612590456, 49.19033867344453, 12.065244055939827, -101.92496655014068, -64.26468852608423, 104.573752145057, -32.751385401953165, 70.1442120712829, -9.380003494869305, 91.90275444913533, 108.0903345078624, -115.90533056088411, -36.06209804938308, 29.793673207364257, 15.417651032848537, 37.97302200552203, -29.03182636380743, -13.665385902270298, -64.10374709512794, -47.073342479527376, 94.89925929477151, -72.16142105018602, 19.435516813206377, 57.019063462689374, 13.788009365973771, 4.1469092996032995, -30.0550044736368, -157.63212283423374, 189.9762142350781, -74.79761991185785, 38.68427816690167, 85.4423493261405, 116.56138472585236, 55.59326069876574, 50.84852191308133, -98.87377283677681, -52.502187747199976, 7.517941308107858, -29.10428181616932, -103.44681363351668, 146.8635157777875, -7.361435441964348, 28.387529318628122, -74.28909460857265, 1.3236505170783337, -12.385635826167377, -8.29818564543296, -35.179264424854715, 40.266945853812146, -81.43976523500065, 0.6903272181898004, 180.917555891587, 78.96000912452769, -60.17003122230457, -12.107673627821452, -14.224529401914678, -90.29376431198176, -43.555962487745376, 76.3352145026222, 127.77108708072187, 23.07338645780247, -101.2703304205681, -45.474863149709265, -81.53733011658449, 8.134769304817011, 24.719268528151048, 8.219011507895434, -16.3583196540409, 110.07926207280093, 180.6412590593683, 101.03417915681197, 96.3905404037194, 63.06674841841117, -74.53380714711723, -58.308821886451106, -54.02407155547496, -50.892316614595615, 50.371654991232155, 0.28724338274511574, 54.18107299752486, -64.92167416991572, 84.07094841711816, 8.474306995976534], [153.57960489491776, -143.2285265989792, -38.692074186358845, -47.33154891659039, -44.67690707762967, -24.872887880539096, 23.144407820257427, 828.1521729586376, 187.38339891099406, 53.22901350007133, 192.2723982238844, -185.106560858424, 62.015126715016116, -8.299607092714783, -130.42352662119862, -92.60695273082482, 65.21742322940844, 151.7674418907746, 12.450546202345674, 108.24524269839613, -51.66325644457923, -158.51700133387914, 94.90770625881393, 47.42053642962682, -46.2278377499261, -22.194263648591715, 98.18886174666423, -15.57305441843527, 11.770758170166694, -63.926978745264094, -10.007659318273983, -66.36557634647612, 25.338161551447648, 55.47637409963451, -8.127637914146739, -15.021087374663153, -141.285009052534, -63.613282341271486, 35.80520201931034, 74.44484928875644, -35.45142068590648, -152.73514827404722, -30.41250957406772, -28.266149291180458, -111.06672865753137, 45.875028021239075, 182.61034834612394, 71.61075675813066, -111.65439608998531, -83.52678498814795, 101.39574800151757, -160.74588299963017, 61.62313073378546, -55.5559152123507, 2.899548752520012, -26.713310820248196, -99.467452663167, 63.41108445104461, 94.44001274158869, -24.72346802276678, 53.70103892120433, 35.04390065437474, 18.042196893667267, -5.264360678175041, 19.499447986199453, 42.18586137830021, -191.3564566969875, 152.95497202760362, 78.27461802935812, -185.10203163690903, -28.05707890951839, 105.6979166653442, -13.205645912475894, 16.898029992094507, 60.69632450963686, -19.739202241000118, -98.01301258831207, 1.2198600311898176, -23.601868362559575, -7.634882863195182, 135.3484697013869, -177.05549975363425, 91.71154174865516, -30.517349622374287, -25.0872477239104, -141.2899497748591, -14.27835915986907, -23.63063444567113, 38.29127536907842, -60.480120171236194, 41.502053709103514, -15.519326797206892, -35.85023127245137, 43.008952529354204, 170.92631052948087, 76.97675921440964, -72.12514455637644, 35.85981216272439, -12.461975178346766, -170.24271445457995], [0.4856457328181065, -118.62854523268282, 22.742798079668116, 51.523724996333804, 266.3519172871086, 62.80123805178158, 21.462354091999515, 187.38339891099406, 813.1877862667118, 62.388924629850166, -112.57025209175993, 18.780033712312665, 9.166514021151052, -67.57529825586946, 67.37142023384578, 144.30684567689138, 68.27916851741159, 105.04125929517666, 58.63580077756532, -113.2920068352654, -15.860338492406566, -0.4324045780615364, -18.80706963229921, 152.7527996356315, -86.89266018536026, 129.86300286334185, -23.40381071668155, -14.061887716478289, -176.86915331306497, 88.74515736266335, 170.92576834652814, 74.48204563403247, -103.76219266604933, 111.89325330456381, 45.15559088629715, -107.9693253886172, 85.83157961981595, 133.94977746575708, -105.26848248766767, 102.30678018995341, 0.7570146977806367, 27.64267066610301, 18.77256775929289, 98.54465946300405, 44.6485934530257, 32.806648138576364, -133.50838769351992, 35.64640361551249, 133.50223793711388, -78.94735884475017, -10.96878628626239, -4.629864290144397, -25.031409871676747, -148.97975839919133, 4.6942494943139295, -34.2665373579292, -66.45648163043006, 61.202337381465014, -69.06992677420256, 37.75378894355041, 127.23065788733366, -92.77586270606407, -52.52574342131568, -17.80916402937451, -129.76055013745716, 51.48090410714642, 63.24881188368187, 155.77210750960523, 60.97776919573258, 99.5419295399587, 64.92220610068583, -69.64171673754689, -3.179070473414008, 23.502005249074884, 122.88910193885272, -128.61797162122036, -11.893944844229848, 228.12574550906612, 44.15361846463813, 97.7349488852674, 125.1679214889097, 142.9243091815371, 65.80428561592221, 27.266254904716302, -119.83870590539286, -67.4783570101796, -26.37319528651716, 95.54813618431083, -110.03921727617299, 112.99676018527447, 56.583800640626414, 37.621776149187724, -70.10221720976935, -99.58550553248989, -64.00932244441422, 35.74948708269777, 5.009076060689246, 22.084918240598775, 9.442954575965118, 75.31424685872074], [76.20504970977053, 53.05541450638533, 49.64574989907303, 81.5396405929115, 114.77005322720561, -71.40555093855633, 34.2802733317517, 53.22901350007133, 62.388924629850166, 923.6896932132215, -139.9771867946578, -52.14349964750161, -52.21650086758212, -37.26412516288947, 84.03854115963813, 102.87239434442687, -7.184234191497474, 47.418478139444275, -74.15201626719018, -20.2659239844512, 189.88016072546557, 73.02182443039086, -47.887413679778874, -112.43532116670904, -156.81540256787406, -19.826878348575345, 57.54001337368191, 19.303556161627075, 97.7447571754125, 12.84091792921065, 75.28389361432068, 21.62615813788214, 21.687251695287856, -25.15855894696447, -19.710532643419924, 47.30829046296214, 52.47613609666526, 41.19231428318525, -46.54728418755789, 86.88381687005709, 99.18338469036998, 132.40129086667923, 127.06825771269837, 12.630057715867187, -132.05044329832265, -1.7766419731007783, -29.321723229891862, -12.040997100531698, 267.08959111496654, 155.37086650116441, 89.52984825931784, 121.3363691585244, 8.09261937478336, 58.27010534749149, 77.3011857600721, 3.120698219459456, -7.674873748704315, -21.602631015125077, -124.27442422334543, -151.84212716638552, 67.66952268248882, 20.367780173690768, 34.2368432019764, -107.35323086491452, -127.65323515186972, -56.39477640561803, 112.25498322141792, 16.692218257971327, -37.776487326482375, 73.27097435270677, 55.58632879163682, -104.52358120428791, -42.9835063022596, -42.668498640621614, 81.74767258412669, -25.388357717413182, 12.099083163140623, 58.7046669842842, -39.97115326788999, -24.17798587407458, 143.6474552916664, 50.8924223743552, 86.73156986389426, 61.12420147364599, -160.37157421419897, 11.938622289218118, 70.32125046495031, -38.18081937839459, -133.29712770121256, 153.13017201315634, -64.79755794465304, 2.3330611798277854, -187.33642090302104, -120.76960714888878, -55.30079323064516, 27.942143525967623, 81.81611643671894, -22.683524380036665, 229.6409943361605, 126.8216322097785], [-72.93548611827143, 53.76942011823045, 53.19374008082123, -8.434316236325818, -91.6006088351977, 13.579626023910066, 0.4085101002347429, 192.2723982238844, -112.57025209175993, -139.9771867946578, 817.7341545894692, -134.9184656950918, 128.3262342473002, -14.757067268492307, 21.138264280943154, -70.22116628098252, 37.22721461058583, 12.995475748161766, -11.237380119447167, -282.8199614991472, 25.465804102557602, -83.26046594629325, -10.47484853355478, 60.12441208791421, 88.13924237212814, -29.650006832041512, 39.64779748202632, 123.60425419593244, 26.66283681888462, 134.01999205911227, 42.558500701179085, 18.262320900439345, 119.9535993000918, 126.83034245924574, -5.714754963276569, -29.17893982157544, -6.153344620307671, 205.79065453493408, -104.95942318887019, -158.37228782968882, -18.417589155184668, 55.49479706252842, 78.04300406597976, -95.41338883834189, 14.304117099573348, 65.13308928276659, -89.93673219504217, -103.08915048459005, 45.98440167142641, 72.79863019846124, -102.83769407134466, 65.8580312475826, -129.92243500366033, 32.698650983746646, -67.60039491127216, 36.03844088125764, 25.126360071081194, -74.89837211518721, 44.183912553753686, 161.95452857345734, 178.78701369563078, -38.17468360515915, 107.72902422104298, 228.05730313111496, -89.18116317222771, -90.57388224162943, 2.9041893795571205, 170.34764809137025, -34.28547414500356, 132.7215739023233, -106.98571413649749, 3.5594391337674907, -194.69503530634702, -172.1531997321285, 85.99207610990268, -104.30224970620053, -6.567070187527271, 22.617030870971675, -244.33783190416068, -76.63596758012316, -82.7441214587488, 33.32196847889303, 69.05261166768555, 6.161089505594788, -133.7825897980202, 6.289296313794033, 31.01404631311035, -10.315073393761494, -29.670353013456683, -41.76309104593341, 63.13477534761219, 172.81759879228358, -113.89656225227324, -80.92361707570784, -181.06721111857848, -118.09310651374669, 114.44506459822748, 54.40250797411361, -24.744222327028023, -116.28401597063956], [-80.47929587543653, 41.278459319581906, -43.8292797734987, -151.64492417863428, 128.29364305044885, 44.383353860821984, -80.82575278165339, -185.106560858424, 18.780033712312665, -52.14349964750161, -134.9184656950918, 961.2456672120686, -97.87372850680445, -21.19638586642563, -11.063137478881673, 25.00503119675473, -70.25675387471166, -80.29367112692753, -29.661902304680765, -68.97966785203016, 201.2506512148468, -32.28644177214487, -50.650321089584466, -58.89123778716535, -3.22348696578105, 18.42679505843148, -110.74207281212165, 160.34733221679292, -51.77934578891366, -87.11788150347442, 69.4284895971792, 109.07305591194874, -12.424352712522607, -6.545044267047695, -64.30956133183383, -0.8573854482498042, -5.684602633738875, -37.240356490224904, 40.09914257833873, 38.14469111120487, 26.441259437603062, 175.20169005050025, 15.586825965196127, -120.74649191640526, 50.49098558667636, -119.06338712182193, 28.06324558499923, 74.64958758628461, -67.47137098292383, -34.4911060628784, 82.31613629326783, -0.19008683139761828, -24.857743056805123, 47.882560105709416, -54.09672548982444, -111.79308381356913, 86.52387219964196, -43.69552244738033, -18.969511114747675, -23.376342438114296, -38.780521762209965, -81.281453323176, 73.60966927593604, -103.39258926703572, -69.36388599239693, -18.086883889135912, 13.487325473473225, -96.88793462799885, 5.241247038540487, 118.35233195965819, -112.32552460323792, 125.15130941397369, -50.86046746983765, -42.08324971678336, -164.98245914151275, 37.7713781051799, 35.25092512829905, 63.174323183223635, -95.07075275593064, 53.52949118714842, -28.63881099258085, 49.976400465819125, -54.411545641329155, 119.32115521798261, 46.709415530190434, 47.84053131595491, 108.37890445734462, 27.148613524440155, -116.53692675648284, -12.93083824694307, 45.011852108778385, 38.372117994127024, 140.59831770425225, -91.13752648040318, -117.62086899017365, 42.460249156935035, -20.9844399977048, -42.379659321914595, 1.3827475318943243, -3.0178817387138785], [-85.73794738521919, -108.08223871899573, -105.7045928569711, -44.69972554477631, 28.70329494973892, 16.877156164538487, 69.77592756625836, 62.015126715016116, 9.166514021151052, -52.21650086758212, 128.3262342473002, -97.87372850680445, 1043.8554162268208, -54.515754445840344, 56.909468315986, 50.718631854934785, 10.14435974387115, 40.734117778792, -40.14779580162482, 44.11635524699866, 1.1726330884663554, -51.343102105213035, 9.501252356832515, 88.70256431264326, -16.112037492337198, -41.25924554332825, 200.61011116578604, -8.560968010357925, 27.26613834914763, 54.27913739425948, 165.94120244326672, -64.60582462775673, -87.4272605132428, 1.408106596204071, -54.20965047681972, 59.78751256575339, -246.8375550066366, -1.5485065642716833, 109.15416565057373, 61.880255741724376, -78.95338992041778, 23.253346341861498, -73.20878256983941, 53.245823160202384, -17.198722225921735, -52.80891349633092, -7.9624868075349715, -212.72572774299476, 78.86742818013295, 163.0992008094098, 28.41194570546852, -83.09013711807988, 128.04913079125302, -59.569463371203355, -37.40120242978881, -6.6471272254227145, -71.78262945940439, 14.381646532803641, -53.9460620458545, -0.7457854134363942, -101.03947016646532, -27.155365906780556, 12.766879997663686, 73.1839422347116, -64.7859679567201, -19.50730816858662, -53.071798419048854, 14.141561960135686, -24.225938914294485, 60.63630592196968, -56.74246019388542, -13.26740662829549, -135.79068716313765, -92.9416686507623, 74.0532649539036, 44.21654609715865, -4.731083302647786, -33.810021477903895, 7.496196729970613, -40.720695726824076, 30.355673307594195, 62.39156594625841, -82.89221811668105, -35.08540114437865, 122.90739206077049, -29.001629196883528, 56.67676437312018, -32.05049101830357, 213.39937247720127, -27.880220420968815, -27.80781472040866, -42.590156562191865, 72.56067807024328, -58.542489764512084, 91.17908171958261, -67.34628831063539, -72.24739014934575, -91.06608202965265, -4.572033360453042, 29.63822302123914], [-41.40125793658649, 79.02305380800877, -107.35195561031793, 135.23833821371338, -200.72086492518923, -45.33376483064929, 0.02257680778538429, -8.299607092714783, -67.57529825586946, -37.26412516288947, -14.757067268492307, -21.19638586642563, -54.515754445840344, 943.8058944660231, -27.831772999406226, -46.57979561427746, 114.82728675424106, 46.793575510305956, 44.3967286125277, 145.1449867466299, -53.053903794788155, 116.77745642491608, -35.15942831947272, -76.15000254969051, -7.02752052578947, -80.84661456941123, 15.999419980482319, 194.66486739730192, -12.080463108303915, -78.16940298518699, 95.03721764758728, 43.874611916172995, 9.383822853908894, -71.55975417378228, 84.43183033871912, 44.379401801469925, -77.4870258047527, -179.48041081092254, -66.97979324802098, 103.27387146277921, -131.38379844737355, -104.97560144154596, -98.06062597259053, -21.276855948357532, -43.537982853155626, 91.10237159232088, 45.43629452774633, 88.22147256456489, -132.06739508243757, -174.95947693101752, 67.90013089897143, -89.45414677860623, 60.00348230139792, -1.9315338776445827, 152.36373867428733, 2.299535825168059, -66.37854313445992, 236.18165446034808, 81.9216335886934, -40.81027700277187, -139.65292696233894, -118.98442193668863, -6.15419356230779, -38.58339555393974, -114.8818998636789, 37.37341934792584, 34.29688570485685, 5.473011845910545, 97.13155326225929, 41.805807943256035, 15.199971039072675, -90.14408837249805, -28.675114421631633, -90.73792996397128, -3.4255891680983606, -19.378329047760843, 3.9050278758399246, -232.0252827221825, -2.274493006896259, -106.36803606185248, 28.632252463228525, 2.1384396012051, 110.04338326665761, -16.65182892006006, 19.409268134138827, 2.555588841016732, -21.58249872789416, -16.994248994251762, 26.39108306766791, -19.189302951101244, 139.63079831383243, 80.56160168869644, 6.555152753398168, 126.16550835238844, 99.96442213339557, 46.55216899024434, 91.20498610431434, -102.25441124263247, -178.65846007747516, 172.7929078746614], [-45.338203606964065, 44.77555944916311, -32.79271199233987, -3.464620965492646, 94.88922109052262, -13.742140666641035, 207.1667210863703, -130.42352662119862, 67.37142023384578, 84.03854115963813, 21.138264280943154, -11.063137478881673, 56.909468315986, -27.831772999406226, 984.4003610254573, -106.32016582057142, 142.5204344774767, 52.788352997974414, -88.71842303783808, -86.27733101029222, -43.46536495077319, 69.19847626225956, 121.99315101375815, -41.16683462551963, -43.385225923451884, -28.38852518928578, 52.639722944062356, -17.11851014235794, -50.389333169549914, -104.33044169930687, -17.384721898668623, -13.311940469511226, -77.99738529730814, -33.01653450939231, 73.848852639774, 69.96502546983206, -3.938341423346875, 130.3733743398121, 26.16604215701036, 13.039177735477464, 9.333815486717619, 115.88716327393718, -91.92886853572395, 23.350953573355234, 43.017507125901275, -15.224860685272448, -45.228208313141856, -67.75848788233351, -38.17564257736457, -135.24942464138059, -26.933521405752526, -41.71021414883569, -7.9955197795474575, -142.88364475946761, -165.5870306537928, -102.0083291938587, 119.20311755897492, 127.03079401553107, 51.146102379065326, -56.84749420190197, -32.72984231406688, -111.41754450544164, -118.23675937396642, -84.46074645305313, 115.84593184061745, 106.18220180158042, -62.21916717158321, -120.90215182467944, 35.915901976095434, 28.554271819861285, -32.40949389334809, 59.09484664578825, 147.2401897939222, 79.25961280425882, 82.20115661068931, 50.66291913353107, -95.99913594698508, -65.38984989075253, 12.367718557407994, 169.17358685975032, 83.51664197577297, 94.7514181238387, 6.712273725338996, 87.87062184778463, -5.233172432015243, -13.41077462696541, -49.03286588876769, -138.71582601438632, 46.61466488575594, 58.7100337835338, -76.81181680593626, -59.074127825364116, 114.08232456435488, 219.4573417338483, 48.81828819743073, -26.91177924838822, -96.42003214760955, -81.14164739434058, -63.97507282623093, -111.43000134632241], [102.19437301154085, 30.35161260435554, -29.24337744621961, -63.089486843382964, -60.368568243197466, 54.132034517884414, 16.518121160601982, -92.60695273082482, 144.30684567689138, 102.87239434442687, -70.22116628098252, 25.00503119675473, 50.718631854934785, -46.57979561427746, -106.32016582057142, 846.3219922729436, 43.93180813276685, -86.49772547549433, -3.3225011000642306, 15.228070455824405, -84.91418506807626, 32.46696365785266, 194.30036948795038, -26.188495589173932, 9.38149872064545, -3.7951927871223337, -28.415660965190057, -65.64148701627064, 37.35169660865303, 12.848054584444142, 28.894473307704427, 41.206971945154535, -19.833505243586515, -28.195237624435165, 16.08534254431523, 14.803925356448165, -16.528038571876138, 86.8152407142407, 202.28659854506827, -0.5562739105551806, -20.514918962647453, -48.51666975196636, -54.5504252792762, -2.6746250140155796, -43.90757309284036, 33.62883335371795, 79.7415575643675, 39.351164981975245, -35.78788923087885, 11.383441413055294, 2.6315109688199456, 50.33783278389928, -9.26178847261869, -46.09509097961106, 74.39889917986744, 208.51196887235568, -55.78366985284824, 33.859656652794634, -11.375801025927691, -146.617641730002, -96.685691156194, 79.37866281499869, 8.841840206960308, -121.13884176710002, -59.042555441177825, -33.21742312423795, 9.737243233360516, -80.44847221409796, -60.33667031115085, 72.24609723021796, 3.641585183667507, -129.3857229435188, 84.68206770699987, 57.235896854492374, -67.66250998018323, 34.724068632113024, -83.67032043031959, -38.6779935303946, 81.50478581768002, 30.296876719991474, 4.938868161006768, -18.897863504357485, -116.58529803514196, -47.73569159429121, 37.09203813880265, -90.14001703976224, -163.1558333935892, -96.02201482278463, 135.2930202843602, -82.63162168247146, 30.795847395502758, -5.976563570703747, 2.9100889554360734, 91.93153963299504, -124.88373396868657, 28.457538876827556, -50.15648578531663, -153.30621248147034, 119.94977164118515, -58.97303848744241], [-10.71443515184327, 59.33373391782183, -149.09704546171685, 96.33552367169327, 94.13029058002674, -55.22097793070547, 140.94707513167083, 65.21742322940844, 68.27916851741159, -7.184234191497474, 37.22721461058583, -70.25675387471166, 10.14435974387115, 114.82728675424106, 142.5204344774767, 43.93180813276685, 810.9343327039938, -41.38202450714565, 86.04054711439717, 178.62391450305674, 12.360027217840585, 50.45137605248598, 72.56244215854616, 37.98926985461417, 80.47300412608628, -21.723271011621076, -100.53258799265427, 73.88196957771072, -74.21974813753232, -126.58913764556189, -36.14557339514811, -75.92745317319276, 33.39168011618578, 77.98906702019724, 138.91866479874162, 23.109224024051137, -77.80227425662731, 43.054087532011096, -78.54940732326786, -60.06820476417013, 57.56792707876059, 21.4656733203309, -69.96951260462848, -21.600626120577026, -90.00751528908036, -39.251203040528, -1.0418985603513136, -126.84973174705797, 15.878448654711585, 56.28026449840207, 50.17969637393589, 40.88594992536328, 31.6580819443157, -90.55061553444287, 51.820125816223076, -126.80729434732777, -97.51164859939826, -24.62715954182865, 105.89573788704942, -87.39964535840691, 16.126728372311334, 38.84266974355847, -0.9956347196914788, 114.33188009464334, 6.4925869602626705, 82.79849850318237, -121.5261243106675, 147.29368748232164, 66.34011205085748, -7.421930946271857, -0.8465413924915115, -3.641169167740234, 48.71981023042014, -26.385596274892876, -36.27122561517301, -50.63203887497413, 74.33601504954053, -144.6155299018786, -14.072493077391458, 19.10358834270772, -27.240354015853956, 131.81933668302574, -21.49360897492584, 2.0528050452687765, -40.45308997006369, -35.806998848647524, -90.35069593254264, -121.99332758712825, 74.15191341128347, -113.5172794767921, -35.562440369474714, 71.1304543989074, 91.07257684710093, 13.931065658713514, -11.017641218889416, 61.510592315702226, 42.416100070658416, -86.68594286040755, -18.710779863697354, -75.2740445245219], [100.99971605362518, 1.846254377387354, 35.39215242394724, 49.03652742556697, -187.87210636287668, 45.18458772425872, -115.80355612590456, 151.7674418907746, 105.04125929517666, 47.418478139444275, 12.995475748161766, -80.29367112692753, 40.734117778792, 46.793575510305956, 52.788352997974414, -86.49772547549433, -41.38202450714565, 854.1603557721661, 170.86663049039808, -6.639614329465934, 19.241952927717474, -77.4448799480475, 17.763671461572347, 27.052740289453556, 139.20440686790133, -22.455952045679705, -30.851615813570564, 49.687906398012395, 28.854216364541475, -3.163091974533102, 14.073461311849652, -73.07938314552494, -184.81791003353257, 42.66612815573728, -52.26444822610392, 133.3811855109771, 12.019988919123081, -40.500292383326844, -37.47174915876408, 53.03445815934192, -104.70213035598705, 74.74249520194815, 59.631159723552635, 11.926869543003932, 4.748701898307678, 25.80915841208143, -92.83335658920049, 55.04089741845937, 52.0006112245323, -104.86772951677558, 8.267234636160019, 14.546568638481055, 105.0753041413864, 144.7456303994297, -44.14824306045329, -13.991508645019943, -49.479241699765964, -42.95120217277805, -41.194419671967715, -32.966163863163004, 199.04576512939866, -31.772060270061512, 81.1195489040721, 2.182577245747654, 67.90540313664636, 141.53013599920064, 46.31240989046148, 79.27140930803009, -123.16765736963069, 105.84395936312738, 122.65130220563066, 123.81463307710163, -148.7344943972961, 7.257963735606967, 31.271707710715308, -6.224231987440538, 50.46826553204581, 25.543821779639877, -9.9540736528047, -82.1417987387492, 99.63788266376763, 4.381075727204605, -52.93220711047102, 82.83560864207402, -13.077017261663471, -37.06352214296264, 78.93092084091859, 41.31971446061565, -51.35764585298373, -15.649452374262662, -89.44548740708893, 65.71993908659609, -50.52632868816628, 82.03575725669816, -71.42365576071323, 17.99274467045703, -43.29020687645828, -101.146476481488, -111.23397144819305, 48.52425311822772], [25.195087874880574, -30.971985160160358, 14.793425456192896, -13.716278347064815, -13.442509383352654, 54.480876143772306, 49.19033867344453, 12.450546202345674, 58.63580077756532, -74.15201626719018, -11.237380119447167, -29.661902304680765, -40.14779580162482, 44.3967286125277, -88.71842303783808, -3.3225011000642306, 86.04054711439717, 170.86663049039808, 867.7815454219552, 4.607250097559469, 69.04556568204723, -119.72761869930589, -53.3629328313835, -3.626088295732586, -11.278407944722817, 156.94301487193414, -21.10073200448073, -57.10395930353705, -101.35448936448918, -67.14423516265259, 67.73573604493076, -23.136140212757766, -46.08863515784414, 31.491602514306102, 68.12476127453263, -35.16317174743358, -42.545874083534805, -31.55930446521638, 6.412691197694999, -22.927733343665142, 49.192263300624035, -32.34201642810906, -8.02198908172932, -43.29272927503717, 32.54218847093189, -10.848979510670176, -121.43018928267385, -2.945144804232621, -229.96462102730993, -52.80528014242634, 79.20518408416756, -159.82021003484607, 4.093556547757188, -106.49500403345186, 11.981203869335394, 28.187488560379922, -4.953631061823536, 143.17177232498346, -83.38887335459354, -151.74196823001108, 104.76616620724275, 40.43246295140547, 7.092008566423949, -11.108940834097897, 20.59538789356342, 0.7778959447988676, -45.78061803811652, -76.78960053608262, 21.06567075408026, 61.816205681355655, -6.640001965037972, 91.9467262504365, 8.04013051713745, -26.27214908788894, 20.88960165593273, -35.80349798206959, -63.10052730169659, -50.12988944290872, 48.98686717014955, -76.6025863909548, -94.38240364926568, 18.514772074473203, 29.648745700481708, -89.25049088889033, -82.69259333723299, -40.88069498838006, -0.8902173053933247, -43.02623139676675, -69.99028952504966, -28.3877669822616, -34.57564812352713, -74.75148389713755, -23.641780559410527, -69.29139319293404, 62.12937793282616, 105.38442336743431, 180.36055290501338, -63.21055740050355, 79.33543899402137, -21.518089464407023], [-206.52065101449557, -177.3624213674635, 28.275738503962657, 60.609464242636875, 151.7597935958656, 0.3027063875148315, 12.065244055939827, 108.24524269839613, -113.2920068352654, -20.2659239844512, -282.8199614991472, -68.97966785203016, 44.11635524699866, 145.1449867466299, -86.27733101029222, 15.228070455824405, 178.62391450305674, -6.639614329465934, 4.607250097559469, 916.1963180172746, 166.00771148384155, 68.54447011865113, 4.397482061810276, -15.417114377525586, 141.70336108993854, -9.58312055929321, 116.1089866199189, 149.29065151010664, 163.32905142488227, -27.22042555779346, -107.63555711956326, -52.248764643829325, -37.08230010478593, 21.472473075780165, -21.74716013615054, 6.2229535080521785, 106.44730797491857, 50.39520489448674, -120.94441661569732, 28.423680245930186, 6.088691317710813, 50.76773300304053, -21.071362232801462, -73.53399351175237, 91.25678101810553, -186.35334341482553, -135.4691274372238, 33.402241559188234, 67.32078002425679, 30.62454318664819, -44.01029947656289, 89.58104141991616, -30.60770775761946, 62.65290539744293, -85.11719783759396, -137.70156007126673, -16.464120880160536, -5.327347627117945, -196.34559617325104, 69.37986038679398, 94.77141999664836, -43.96923244769933, 0.43257237301907026, 105.70868902266271, -7.931377158187775, 41.91586092626077, 25.995042597653658, -51.07987094147757, -60.169709867510505, 51.31235620147553, 37.47312785483065, -94.10352392150705, 73.80909974111154, 75.21429543166512, 162.1501734889291, 24.75063527809332, -65.29124482182232, 143.60070629359777, -4.434582153745964, 52.4889793191368, -4.192080905414713, 113.88461690092072, 10.492454657729567, -58.10891010196733, -110.28197533726353, 162.45641712476302, 96.50863184177808, -22.710235334375625, -228.85247167982627, 98.72778601543345, -70.44048474745446, 10.406090121077975, 14.295835058280929, -118.42088315307659, -49.751054069614696, 52.23093619411365, 102.28104489990426, 39.96275192949938, 103.87352785168322, 27.591364305497834], [130.84895585307953, 24.337187567773285, 102.70800341683616, -18.87208991775976, -83.42272518214214, 12.482732329052098, -101.92496655014068, -51.66325644457923, -15.860338492406566, 189.88016072546557, 25.465804102557602, 201.2506512148468, 1.17