{"N": 100, "M": 3, "A": [[[668.6747163632375, 143.86368390468925, 99.09460291530466, 4.191328424162123, -11.73831717592521, 38.322643939065145, 82.75937601081205, -1.3749748792188612, 82.00506722107096, -24.31195902680858, -15.406429264804405, -82.8715576423562, -59.153831598025825, -97.76672177818202, -39.094709921789615, 94.87550638071315, -89.43746038540743, -4.53573255398195, -44.72581224299249, -5.6378348611281695, -122.94240139566497, -97.65008675881428, -71.95273133938201, -56.121188788407615, -53.361807628727504, 75.270843069012, -2.2254178359694805, 67.21989494623756, 61.190675347208874, -16.181752706138347, 32.24932079423033, 37.020449097520434, -120.99018735170952, -73.67276878103789, -122.92566453468632, 63.059169720740215, -87.39654822789167, 25.037593128192654, -113.39827728674075, -6.642750703231815, -70.6297759426373, 66.61106790165276, 215.2266991803501, 95.47962163019011, 30.242556119052157, -38.2767300491059, 7.060909474580285, -80.20463944917138, 49.14111165097992, 11.987826839527877, 87.6718004181074, 128.84977823408042, -20.662696826020408, -53.62347571672066, 6.629732880131854, 47.512994223458634, 14.881732295988877, -60.0209830112925, 82.08236239251929, 2.4416397599820403, -80.49855379203248, -33.051076108131404, 3.6336531473886495, 29.108657006413083, -39.322551589905466, -57.14194053577026, 12.971789383399255, 26.81290078548284, 24.32235252698501, 5.951494622111984, -23.435067389491916, 72.4082288615963, -34.993434190507884, -21.28962386627449, 25.964488347223632, 155.70916969607202, 144.29175676704062, -22.861003153228072, -51.26333785219909, 136.54146814380118, 158.51992582882536, -94.77207764806371, -64.04411863171187, 42.74581130878873, -32.90301434226759, -26.81747419405861, -25.244274867664416, 21.03955143196804, -85.36193251896309, 44.9174787610258, -16.01626219242013, -94.3162698073279, 95.44129713626688, -211.309998430539, 2.1686548350911465, 40.43386515496733, 73.43218264049584, -82.1866046934789, -90.46508814897155, -133.16052577737932], [143.86368390468925, 640.7877831338201, 215.53797282517826, 83.46111130711593, 8.813870889194671, 97.3416058910483, 128.36580738319307, -31.442991255983657, -3.1663335174613962, -67.08141834427227, 7.700691961532378, 48.95244155913105, -32.19382418228668, -18.07128891090358, 40.479677861609844, 59.70751406838562, -98.43923319322455, 18.480184375066834, 55.75645794174142, -12.898161582127143, 94.73300309459191, 152.6575456914954, -65.35936436780364, 134.3650957863628, -96.59454112069575, 27.294262228387858, -36.29635183372482, -26.461127999788662, -112.07169604115714, -40.05901575445129, -21.624283844981015, 118.16019376346415, 87.11507558073761, -0.7089333546342935, 3.0846547453311004, 28.450100629102728, 65.49991643347167, -78.09972808346998, -117.99606296412823, 124.35410585034677, -26.32853417980504, 104.51025953791876, 64.87225190779513, 102.59112511095739, -197.50462898920526, -172.26654183344968, 92.59603838358817, 24.226073929609804, 106.64753212542561, -13.407736594557619, 2.994496900858178, 24.057956875702782, -68.46393286609127, -27.498498077500457, 1.243429373023492, -59.11264733414205, 38.835354978516044, -70.9615741339361, -13.735662885748855, 65.57996690593154, -111.60050930545445, -152.07426157727144, 3.9514130802872995, -32.2446162445612, 31.06661791666393, 91.40854832112592, -4.818802535414527, -123.56302893345497, 169.82386916783915, 69.59771537950974, -49.451567511343, 117.08085457216201, 37.61853143638946, -65.01202609249195, 102.69281286090037, -140.55665757156385, -78.61731584092433, -156.96185714097714, -24.20261144312082, 9.149749870960285, -127.09379173906696, -97.95464297403623, 13.145394488748256, 21.708902208547865, -31.82152978287054, 17.52760770402404, 89.72357572313291, -7.463103286677786, -34.46502070791733, 77.78657612467373, -24.561376449067815, -32.79423057650112, -3.2803263700456853, 7.118494965508884, 125.58634144726986, 13.37666267531711, -10.049221352752745, 85.32280339547322, -34.60342820677667, -12.73359230411619], [99.09460291530466, 215.53797282517826, 917.3723659269556, 124.05132170991544, 86.6300042775814, 27.97849551144089, -8.44581470574677, -191.48285682613303, -34.47126065957964, -66.95960804374428, -111.48569704435637, 202.92819536871627, -18.371121746528626, 50.87986512293878, -0.5806384686366631, -67.74165517747866, -122.13368887193452, 61.611043925846836, -16.706650181338865, 38.72275398334376, 43.070537415926935, -142.73764053046725, 65.09414305204034, 166.78068757965758, 9.823533396388363, -34.48368231972581, 18.458032120772927, 23.152917402654587, 14.030959173500761, 9.668807831915322, 14.407764898965041, -4.977205691475088, -70.1614398961617, -36.8170948523262, 49.23811667257688, 9.355320831482684, 23.694136648399528, 161.99857449878525, -92.88213392523423, 128.76074123456158, -61.92587199926485, -9.655655707971123, 30.904626634739415, 87.25773434872647, 14.982009773202122, 2.026468123037361, 203.68134806250217, -10.90325909465763, -12.237731286217535, 91.49512160192252, 207.52741786686863, -35.9026679200749, 32.09886696377754, 0.1124890073927407, 23.197044808061317, -49.170683284227465, 99.41217636989659, -21.688884539297657, 23.63551797729308, 93.70398860065927, -26.088457868999768, -81.95675574407274, 10.769213527650708, 52.163646619045046, -39.696392834650595, -42.00359169632918, -25.13067227407633, 9.638304919458381, -85.63873501549841, 154.91174730963846, 66.42081675410611, 4.006306948179179, -30.068551681389003, -57.75967716723126, 26.214496759584463, -71.90330189456255, -147.9589825442214, -41.780176932645574, -22.780564306888714, -37.99039616619453, -19.765789120678996, 40.87804437939279, -41.16440535178748, -42.04082859677736, -35.29300031487182, 41.12916270919461, 43.231280961230084, -16.16629148503784, -119.46459902171331, 16.813126619544285, -12.718143406208965, -3.4299969046016496, -89.70356951841052, 87.91648179827406, 65.53233879442593, -49.890313940125445, -0.6258971523522894, 0.9936082760090876, -93.32572724220333, 20.223143198623646], [4.191328424162123, 83.46111130711593, 124.05132170991544, 915.626688899287, -138.0624532957832, -21.4403251374688, -113.85529051791738, 64.28716782093929, -75.76779180190377, 80.3811253191333, -126.6622967859437, -131.81341134322074, 80.23984441461381, 34.87435480456933, 50.68525491802903, 141.24447534845487, -2.8732360958173304, -119.35963297820055, 86.38462715030298, -11.5107696363999, 65.83922872023524, -92.42224754502311, 98.7811471093064, 20.072101878982473, -9.902565305579222, -89.30223639720049, -134.06954556204687, -68.17185135423104, 54.5175840141935, 48.62297924524163, -6.343048339907268, -11.582936609887714, -45.92545097662942, -61.5620171782592, -114.56453733139693, 36.185068934092364, 92.45612929006002, -81.3606358029252, -48.42307831129233, 61.578639887048226, 69.08438379545825, -33.25950765860755, -54.07202268716082, 27.03361639012617, -54.77304258979049, 60.815208646858814, -62.51589379212655, -33.49573729616999, -30.55302118072279, 64.97847236241509, 62.46244592638426, -34.16413456115055, -66.78387033304514, -99.57474374202211, -23.13417530753693, -23.450870137420235, 102.11929714337776, -88.63574275809003, 12.299438755030774, -89.15770890059625, -32.210714639203616, 63.31241355161399, 105.91006671419665, 102.49064030441323, 47.75364664726759, 68.67751539905608, 67.65357251926868, 98.83281022387234, 123.57435143090989, 183.28519388372925, -49.19897732599565, -43.521807373868434, -53.21848537173669, 95.65122234662178, 117.81538547755916, -20.39948494303014, -59.895991022616855, -17.476602385633516, 57.299693553580205, 12.62756877979951, 14.92610680128847, -170.44277559733044, 90.82229365027683, -74.05755780087452, -17.92896712291268, 46.34239953746377, 25.280119517048085, -118.72340997880879, 59.759338426737486, -124.06841088506408, -46.99344696181065, 47.987160400767664, -91.18961691924338, 81.42159795125012, -113.05605854265306, 23.814977314967052, 5.263608886375895, -14.086436712499882, 18.588444873147253, -172.4322990575102], [-11.73831717592521, 8.813870889194671, 86.6300042775814, -138.0624532957832, 715.3152364660958, 28.097084802368748, -65.36051850185405, -45.87102072696098, 43.80529448882752, -175.39298665170088, -32.92684382155173, 115.74176624859302, 2.5586391869331173, -31.357294734094793, -122.41258993174898, -55.392071618695475, -92.2150746450445, -7.9548902391728245, -42.71847683325702, -44.37672601014044, -114.4770386234427, 10.772179659405527, 34.445087914509685, 20.815591362543813, -154.1782572989949, 56.3118971472711, -10.625505516662408, 94.5405015310842, 45.91316207284301, 121.23872260342578, -78.42826603429823, -45.57864289376071, 100.57054281362838, 108.69753246874537, 17.39143481481094, -67.61869919380929, -30.496641810342183, -91.33858313138867, -28.03015645164345, 10.12694475513495, 147.08077517300413, 46.78096841710208, -153.94968105816017, 86.81657391823903, -24.786401336990437, 80.94961980983221, -60.24297481047903, -177.96143831753028, 64.02380619462183, 94.87868186182887, -57.413900665492896, 51.620476835672186, -106.05443756747718, 92.1901878064169, -122.54109245670767, -18.841206335827508, -148.86105213268527, 94.18489249397767, 99.50382899706239, 89.17544952031213, 101.66126805453416, 171.01120322368382, -46.93419881770474, -69.55707157384126, 81.81566137621178, -103.49495922094556, 92.85279127178458, 108.90859334392084, -104.76375296115553, 88.54646399247936, 29.0547878369216, 24.714725169016106, -28.498392250577467, 66.59738247253348, -201.6318347618966, 16.995900916335337, 19.19324974829769, -95.11179959544114, -109.41818535166574, 12.6913675099544, 25.83414187965106, 188.71806760969508, -134.66482071533, -39.75214077714275, -21.777636121331344, -56.21493454841996, 12.046912048969624, 1.58313425141972, 44.808060129950626, -35.37219687968139, -45.72907920753399, 77.6754449501957, 57.05882688948584, -39.51375180487858, -49.2234741932146, -58.85613886614311, 3.3039436812222878, -103.87547383074079, -92.68381724660966, 32.42724525629865], [38.322643939065145, 97.3416058910483, 27.97849551144089, -21.4403251374688, 28.097084802368748, 799.3186584136013, -9.85596280611681, 30.55506120603689, 70.14611679050377, 23.533506393470564, 15.388272411823678, 34.70509521505536, 26.146828876378674, -79.37451121896078, -116.78027609618638, -111.12002312563953, -58.071861743785846, 6.548719235928759, 45.264202599590945, -37.904730773760505, 19.983511990643272, -51.571889117010365, -102.21541432215109, 6.444727015839193, -80.92643973826365, 12.412277514330386, 72.27790427025931, 41.804473548079926, 64.2503251241587, 24.94126553859241, -42.27409341024041, -142.32710928122947, -45.687935820217525, -150.35338391427553, 39.21590891804734, 20.444490253865276, -24.44970744595908, -32.58158956276293, -93.71368818115629, -1.5127636615686573, 16.576860545091186, 70.59751615800242, -39.13803471360178, 94.02736412399696, -5.065327782255672, 33.393364644777236, 9.331526005848765, -75.72331750748263, 79.42750448149707, 7.081637381204577, 39.898405338031715, -2.0273927371195306, 94.46996873288356, 91.28156974432666, 8.759152920869976, -76.36381116266641, 9.00834399437227, -172.31079654209645, -70.99868244020851, 13.915386102366094, 4.3704957275140215, -69.26049749790434, 63.920910577429005, -8.96586812622762, 26.148683789181163, -106.46710671991056, -56.604696732543026, -87.20008637732256, -101.03010776276912, 39.13091615807638, -152.0350530056721, 100.04006067802183, -17.2935759859114, 135.07651725118438, -108.2553127798847, -14.266150578433738, 99.74716196373883, -82.27777662534845, -59.58462965265598, -65.84498908458194, -17.594326446539977, 6.254307912366254, -9.934497969078507, -24.836234374923304, -19.088797405177505, 22.914538717802913, 10.187063841995947, 144.35268219882707, 16.169278204629258, 39.77118284426299, 34.008850284578145, -44.9377231069453, 132.7565410120779, 62.68193275292661, 9.775541287303287, -32.171188880404, 151.02698020737705, -153.41559907768757, 95.51996733859096, 24.360078856489707], [82.75937601081205, 128.36580738319307, -8.44581470574677, -113.85529051791738, -65.36051850185405, -9.85596280611681, 724.2472358875383, -51.637404307930474, 58.9958415920033, 89.26262433535823, 98.48029574678489, -169.83680270871784, 86.91406992077796, -51.47842691638239, -150.8736810941941, -2.8098985446548443, 68.23964162011822, -19.491085354543852, 37.01957878780061, 32.08895417207571, 15.750739250859176, -32.53578332575436, -72.70024375543542, -72.01431994635406, -4.618562494391515, 180.86720214354884, -40.10461552259662, 44.672262444857395, 97.13744924773358, 35.95294630140981, 144.3828804651199, 33.0297543992949, -53.38836502075547, -53.20599768331319, -25.291564234830997, 101.24819790598704, -71.21221763490661, -16.316367944117818, -107.69590994940656, -72.16936560595137, -118.41505406688329, -5.533503539376218, 171.40611125526735, 0.5350483249937028, -2.8592529415212837, 30.748501269024473, 28.312773868202527, 85.31899927792438, -104.05662680273082, -43.13740276183589, 19.558451664727045, 68.10718214661622, 93.34289576924446, 45.17042889851446, -54.94950405993677, -9.48094243510975, -33.6574298278911, 145.23423207087382, -50.01529398347168, 134.0017611937213, -74.24714926629535, -146.67211131574578, -78.69063670021865, 62.341980109300216, 59.41800232040029, -20.842224143357072, 104.15274571588128, -4.6719063745255625, 16.084703762712866, -62.155233377745574, 103.86589885336419, -15.69371366600927, -64.63986245249, -124.25551823514621, -16.425698487205736, -63.964196479116936, 8.740993240137742, -187.00872700098458, -75.56222526134148, -18.82362734362193, 12.728009091333798, -15.449449818432178, -112.19264999405299, -1.0263149862811538, 16.0460341345972, -0.8192056304627114, -104.06685138488513, 3.580365058817369, -19.5158554711978, -27.687592820206262, -0.03701826813033726, 24.310780121918327, -47.54646563131858, -2.72516062481211, 66.55565194251584, 115.72307182084919, -67.41881773506121, -24.29581600241573, -74.95653093909951, 112.33975722843086], [-1.3749748792188612, -31.442991255983657, -191.48285682613303, 64.28716782093929, -45.87102072696098, 30.55506120603689, -51.637404307930474, 656.6972838846426, 61.015311638840885, -1.5544367963748136, 151.89918295147527, 5.251699184918813, -48.285919172706826, -36.838891219476054, 15.988924493801639, 60.16347355421957, 43.00288478651254, -81.86640113267799, -8.310391011741338, -16.891152683325135, 46.69947453772731, 28.767656576777433, 35.79466200238639, 17.836761524182837, -63.02033542891019, 79.36720258469673, -60.977055722828716, 37.17364520938007, -35.02820407219347, 19.643690933313913, 39.47969546340196, -4.131780940996093, 155.03353298638186, 71.62432486499182, -179.94745432906765, -125.65921586157174, -140.22242449684202, -53.502760995999694, -66.12150111937525, -57.269412754558196, -3.3358715410908832, -115.40201725372135, -71.64877151408413, -65.89107772695907, 74.28400830861771, -17.871965557404458, -22.99788718393662, 9.43550943134517, -45.668468663720816, -21.056657936379573, 55.273061645809136, -61.57312401659279, 8.052070905994858, -104.22729414148644, 15.134265804073033, -40.77407013863982, -109.66087635757565, 9.774343415293217, -37.499862342653, 99.7405421314303, 29.028902346271074, -0.5267849207276627, 75.7097271083795, -35.442426291086036, 21.93216882347346, 145.07095284209376, -142.92925237952323, -139.26785153242818, -18.13785961005139, 42.65076660300689, 7.9648194158715295, 13.172144047766762, -0.18726811777441732, 19.509944944811778, 2.1122724832453743, -39.002553905537184, -88.3386920717914, -6.999146696298317, 35.288388486354506, 109.2226197410469, 120.2673091520916, 43.710466929882955, 115.91089744039452, -1.2342536703120586, 90.40427323365012, -39.33579041577515, -177.73708467383148, -79.90594211943761, 19.25509280211812, 147.21250096758993, 86.57722952361192, 115.35446128140059, 74.7489361343034, 125.65074546753782, -26.1512104781083, -15.349007774889015, 26.75800421766969, 38.544381749192645, 49.925189688356994, -46.197256940033164], [82.00506722107096, -3.1663335174613962, -34.47126065957964, -75.76779180190377, 43.80529448882752, 70.14611679050377, 58.9958415920033, 61.015311638840885, 738.5940548378911, 28.01384994618609, -12.801264752429788, -94.42582285040639, 21.427155526362824, -49.065353411483386, -68.09854181098902, -120.27473673794418, 61.226972690346905, 18.997426167251817, 128.5685890872204, -93.15257551603207, -52.52948191734244, 73.26294542433145, 44.60873968831572, 56.99601133417517, -69.90844697322996, -109.37088422787218, 69.48247477254218, 32.19405647378806, -95.10857781751331, -58.45894242193116, 89.92434623033031, 34.427423951206066, 63.94995064130028, -123.1074957288979, 37.48267800090122, 154.54407697305777, -53.57210849441397, 67.30083645574618, -14.196389272013967, 58.2852832727374, -212.6571997947233, 36.114458198390345, 8.034981085659744, -119.74853693743455, 33.61168651625458, -164.42759486626537, 63.849374154595125, 80.98235952891996, 164.5356470781887, -42.40461377910229, -120.68759967947045, -24.886864715452276, -17.26237846724839, -66.61293948229321, 134.41510871902815, 51.074192542278816, -4.569411301817528, 5.860859176388008, 16.131409392039078, -113.77676174930437, 20.526650172929337, -130.18946392891112, -23.269503770994312, -34.18070796706464, -37.136068709261785, 69.43791881079692, -231.378676111912, -9.531169267252768, 6.883547273106153, 32.41565804153964, -135.00096782686973, -102.65455641445126, 63.35276708269819, -82.51115352392013, 44.529613154350045, 0.003475646026355861, -79.1749459744784, 117.56226959241147, -48.78533595199457, 67.92882395816964, 83.85183375110867, -221.02000005692588, 14.119261984568983, -16.897869528038676, 10.868846877415084, 19.72830839712316, -80.50198419341372, 109.48334418979623, 38.494610963705206, -60.0383055670819, -13.068558986886675, 4.069364123910036, 121.20485133486152, 26.2356826281407, 177.0935871229023, -63.64284962409831, 162.10024578956157, 79.17457357331229, -2.2228843787694714, 108.99005531306925], [-24.31195902680858, -67.08141834427227, -66.95960804374428, 80.3811253191333, -175.39298665170088, 23.533506393470564, 89.26262433535823, -1.5544367963748136, 28.01384994618609, 755.7161858523224, -22.11748043203012, -80.14944750580139, -73.60419653969505, -19.13995513717822, 30.17565533968288, 61.34244739906002, -2.329586844167032, 77.21849007254684, -153.47702235194146, -41.692421488173906, 124.38646998269141, 39.020949612193, 130.00782479121176, 136.71622514087, 7.860750835645863, 47.38062667836531, 93.51727813142736, -33.800618900955456, 12.52593041601477, -132.6668676312075, -163.20371493384056, 166.96726955884176, 74.12485535335601, 59.315964830340334, -88.22007772274041, -24.088868083752203, 53.45942711130809, 21.28101474325976, 70.59515070106264, -104.32123540110435, -16.829298295204488, -45.64736249520939, -14.629343767499392, 37.917789553670985, -12.60607138414873, -68.20061378324331, -113.06590576397673, 195.1794621150255, 55.66085927063832, 90.37549067162307, -53.781597891985285, -63.310162687833206, 9.220225435349082, -19.036892119315887, -18.328459950469146, -14.819631367274333, 28.6602010649799, -8.100652210744666, -22.368822942442048, -3.584445220376155, 49.68529244949063, -145.754286770245, 25.546154708251166, 12.870907262439781, -0.24440044286665596, -112.21453952915601, -102.8756698364814, -74.42769763475775, 43.72071918241761, -27.02892683627255, -91.85835703169334, 47.60842159839197, 94.4228777805601, -273.5408113268688, 60.893638687711835, 43.117815335051276, -180.4055277445546, 19.92282254973204, 95.64746690519588, -85.02170478695355, -0.6207446039595226, -24.684095191881102, 23.739027845519725, 144.51626204701446, 117.59512213853938, 138.81979302941667, 36.695128032420946, 38.7128184770411, -22.241645576568175, 70.47286440248223, 40.50940666405799, -31.259704841496404, -15.029058980649399, 13.212592341134297, -12.472284101852019, -61.1877758348759, -38.42252418094704, -26.350275309712416, -22.781579408062775, -122.05368171872922], [-15.406429264804405, 7.700691961532378, -111.48569704435637, -126.6622967859437, -32.92684382155173, 15.388272411823678, 98.48029574678489, 151.89918295147527, -12.801264752429788, -22.11748043203012, 849.8423937249001, -77.01092004536781, -41.381906234792055, -3.525047435797955, -76.3103890012035, -12.910323917298168, 10.30914029124735, 20.691337342670515, 93.48261913624592, -11.217602846542043, 133.76411879858193, -87.25242597798228, -50.689916557049884, -59.18663700418007, -74.60539185349633, 2.674265054992408, 53.274218446804035, 101.75368163620452, 70.4083604881109, 96.59469955302013, 118.50983083484317, 103.86192204723073, 1.303667766282814, -44.95128083318715, 81.29999875636187, -99.34252009637353, 26.88393372576435, 165.67951712621556, 25.47748324263209, -122.14496636799956, -80.36388109104763, -20.417299859522796, 24.990995245640548, 65.60681462590114, -92.16913828483538, -55.81765303272246, -12.420432200378844, 16.042923580696623, -49.33531996166316, 71.28602558827323, 49.50676198261935, 19.18710640097842, -76.10876641068904, -33.54744436634214, 93.35613431968672, 29.67878721046892, 14.379306621285975, -20.9884456803005, -42.240524622552726, 7.892623567577617, -102.24759270900557, 165.59100079182417, 91.96065855633863, -8.448935675358701, -46.5295774593192, -162.4329495787913, 44.20452621973023, 95.1971311435851, -27.810977570672367, -73.42570459456914, 7.2579190211609514, -3.968544543856444, -274.5600305999504, 189.16938283234032, 55.96521476149713, -123.66879952967383, -46.56614546728481, 80.19263758461366, -105.91530887459646, -8.479887655245491, 7.447535781461134, 111.06128859180662, -16.742644237362036, -32.31341406866446, -3.6671297383941663, -109.97685096430291, -45.541114913032175, -114.78490649166886, -143.0807642914082, 8.87425204212567, 46.873699126735254, 93.64366453892463, -64.52685892053061, -41.76478565737481, 59.50803766535046, 113.38854077731689, 18.143982012979293, 3.9951019815170596, -66.4292851488263, -99.98655136003858], [-82.8715576423562, 48.95244155913105, 202.92819536871627, -131.81341134322074, 115.74176624859302, 34.70509521505536, -169.83680270871784, 5.251699184918813, -94.42582285040639, -80.14944750580139, -77.01092004536781, 744.7093443053197, 21.276195948432076, -9.101531580113559, 31.775249465198144, -39.626180846801766, 60.87662325315604, 110.07074981208575, -24.273783269411346, 122.20382091374677, 51.179526554917146, -102.29267716413827, 75.75049732290243, 75.74956063751631, 56.44305288921048, -49.07841563068169, 5.285143588033881, -33.73369504967007, -9.08740754293947, -22.0136955838787, -160.36599383460285, 15.071158091153917, 76.35998990405726, 141.35929634869038, 57.20613957201232, -49.38691622383843, -68.69299011477477, -5.104949124542188, -68.89513955142732, 96.61400565837621, -32.13266490600401, 89.70190715070504, -97.16612254990645, 31.611986879732694, 78.47322757783374, -134.7966236952969, 136.91511778163405, 33.277540326946124, -7.531116573281727, 101.73349317279165, 32.663492237992344, -41.71058998301815, 62.98995558391678, -96.41583526657871, 158.32834249781223, 71.67698989339928, -13.149894534262572, -34.76502526984414, -9.059454910905906, 12.570828954825386, -40.142705781245354, -16.433692675025195, 81.2984066108256, -21.537735021938193, 30.756520485834802, -63.44804413691764, 3.3943334091627193, 13.578060993585114, -6.880568384201226, 4.149036671061742, -40.513284252492795, -54.93720216883487, -39.187224989332606, 130.18242489778177, 36.349292094121594, 36.82663880022977, 5.370647900439081, -22.685283649706953, 27.284461960253616, 77.29004171047862, -25.070455067278594, -137.79727958909496, 117.97273897494901, 115.3426317936197, -101.54070234653034, 11.37016584582571, 68.6583091628812, -99.79877736901356, 11.352854977684, 132.55500897752535, -56.16726950677646, -77.46499176320968, 80.73770231337771, 136.88518164015846, 160.68516367552022, 121.58073717410892, 59.16787316317235, -89.54580389187662, 84.79729607318711, 167.92326471369424], [-59.153831598025825, -32.19382418228668, -18.371121746528626, 80.23984441461381, 2.5586391869331173, 26.146828876378674, 86.91406992077796, -48.285919172706826, 21.427155526362824, -73.60419653969505, -41.381906234792055, 21.276195948432076, 835.5503557496672, -43.10685129865456, -167.2481937941272, 13.877483199535128, -89.07799377769105, -62.4096398412302, 97.61148898439639, -1.3171527761109836, -21.279388690453658, 36.942579072925, 38.107303116496496, -46.8521729949321, -122.76291770202157, 91.1999480469044, -12.101445507372686, -8.672565486045652, 235.48948264117524, 52.75643406327593, 39.35927178861334, 7.540965424492455, 25.858761712411983, 106.08293394635885, 36.487417725513055, -35.451093462412196, -85.9715174809582, -55.970445635403976, 43.947243243466104, 129.67632026148507, 76.00275535759289, -106.46975093425806, -5.4443653698334735, -63.43120825193127, 84.88488002529259, 90.64902841491374, 141.22931210045874, 6.058544324918291, -52.070755578036135, 85.58651983148161, -60.49202909312159, -20.353699807370774, -101.27884303479067, 73.46540078911194, -45.97099485453855, 142.46656355640948, -41.31962693331663, 9.427399903197065, -28.881371113959815, -40.67326575461604, -56.52329246350675, -24.00138807719513, 8.728515286228625, 32.32009563459595, -68.27365287195968, -139.54277443368827, -1.9753184120862928, -120.77862684221881, 67.08072022947759, -126.16396865898126, -34.48374708244599, 13.015717257340015, -73.71001735182809, 47.467810445318236, 25.593049440286766, 2.846312958035207, -0.6371408794917208, -84.93465508367895, 26.536912273544697, -39.30397473180588, 3.8246287366628735, 72.76608533425444, 20.516657220970643, 7.92517757949952, 48.199273785974576, 55.79242568365587, -88.87383310071607, -52.67933666532657, -55.689155312010534, -1.023465682216905, -110.14441681707632, -47.43278408268271, 50.56191119966183, 77.51523447718931, -117.73634304372223, 71.13155090643447, -16.339929625503505, -24.12806809433265, -28.35563250951088, 105.64184217973914], [-97.76672177818202, -18.07128891090358, 50.87986512293878, 34.87435480456933, -31.357294734094793, -79.37451121896078, -51.47842691638239, -36.838891219476054, -49.065353411483386, -19.13995513717822, -3.525047435797955, -9.101531580113559, -43.10685129865456, 691.3535043793006, 7.361910573375315, -76.15497408429884, -148.23082995290068, -18.83729982593954, -39.25563860322094, -85.99275781750357, 20.234523821737135, -241.5419094366376, 8.946921412823482, -23.104093401993698, 0.9457249416134315, 79.50248925315977, 27.162182771238342, 62.23105481946098, 58.72710850190802, 92.10102495963716, 45.71669831180312, -28.666531211436606, 24.018874197583287, 41.12689560268197, -36.75839286162129, 38.0115378296848, 43.279056252337774, -37.719963807003914, 27.2863951347173, 36.80107228277205, 44.90909661952388, 81.31212678941985, -52.462525372110164, -29.302759709064095, -22.531002248759478, 22.022026274871834, 101.94526860956806, -73.25365844349592, -103.92451902572041, 50.52866434873217, 116.84382455726391, 39.20488663245257, -51.687995577960876, 54.86731353818853, 55.49750716034872, -48.9223856984525, 167.9280743791772, 45.61609047011939, -95.0367520729585, 24.478010761240647, -20.953914391822643, 82.41189223295882, -25.211446008684305, 63.22558092568567, 96.73911578383118, -30.266628424463345, 25.75599405165611, 106.71326304074745, 26.091156865579045, 16.484962403793894, 93.22703672451227, -66.10222015018762, 80.61822788961089, 90.80488420378595, -33.85289680361428, -63.91860932013471, -33.43360954948111, -17.203562575605638, 12.937851380069453, -32.27973204359407, -25.668180416770827, -46.61403587162703, 19.747585321238716, -25.866943813570398, 108.52847384485491, 6.033479701334512, -59.296224112463726, -27.600677240483524, -125.4224182046528, 9.953034017906424, 8.338407604394131, 22.097709927641294, -22.006443632233534, -55.500098834576086, 25.461228177701713, 20.324102997856613, 84.65383301301058, -77.28233989047405, 19.110553027340682, 22.065159633706926], [-39.094709921789615, 40.479677861609844, -0.5806384686366631, 50.68525491802903, -122.41258993174898, -116.78027609618638, -150.8736810941941, 15.988924493801639, -68.09854181098902, 30.17565533968288, -76.3103890012035, 31.775249465198144, -167.2481937941272, 7.361910573375315, 627.8476876106218, 32.188333367163466, 69.76476897422008, 100.89344681058084, 3.233453268732948, 7.188328517137876, -55.42784407421198, -100.05806798485159, -170.15420397145095, 8.65033140414016, 18.061897796670966, -52.78222779265762, -36.40629318827294, -42.28185554410222, -44.61614645216612, -56.602859717162545, -32.50962554662105, -3.3400602858655652, -71.58241290080667, -58.49848820798505, 8.91926128142044, 112.74488208598788, 90.62776039314764, -148.08105018943218, 11.160611177564661, 112.56715454623533, 93.0665165730307, -21.845912165390974, -4.137234362778393, 71.32269677035104, 37.818825692615945, -111.82259942746701, -77.1919765141622, -63.819839199795155, 112.04969555042126, -46.145015487853705, 81.6225566906639, 121.00700201381446, -19.354224068495505, -74.69587590027841, 82.6180118236887, 114.57280711814562, 87.36599468201408, 82.32885918217292, -28.16803017234502, -38.834774159792026, -27.81392309483062, 107.90282584091257, -93.26458688092065, 11.171611737842861, -5.158192935429025, -33.73568335925501, 86.625814594662, -41.16970225049216, -4.062878816339646, 108.698846112853, 85.36741729479519, 82.03659657040055, -56.53008603699952, -11.703962915938057, 49.08101128473666, -6.8514563577737295, 140.46762334604935, 7.081207018267186, 134.18696790506803, -8.014484797399984, 160.4290947582466, 67.32363536569424, 10.333135773485466, 11.884426920206817, -5.959455959420593, -124.59250570446996, -55.18317039603709, 27.18106431508763, 59.963413476305526, 27.776372398447158, -49.28372800955445, 48.888467567298584, -24.513875955016907, 66.23893008461667, -103.90063825199259, 73.08998747001394, 70.68323673927111, -77.93710128584833, 22.727050393688693, 18.92391061012355], [94.87550638071315, 59.70751406838562, -67.74165517747866, 141.24447534845487, -55.392071618695475, -111.12002312563953, -2.8098985446548443, 60.16347355421957, -120.27473673794418, 61.34244739906002, -12.910323917298168, -39.626180846801766, 13.877483199535128, -76.15497408429884, 32.188333367163466, 816.3924821217361, 22.27583903106371, -33.81805845770881, -171.66196970858138, 145.38814573265466, 70.60171088034026, -12.684997513463154, -6.612704894827415, -79.9506863307205, 96.87981205287092, 78.10176079287584, -33.83036176787719, 38.65390361843053, -8.744189979242016, -42.04077595653272, 104.04149358494422, -32.89441519964411, -116.57580854590235, 5.296022209426257, -55.8739752785981, -0.9837369375594065, -174.9628891976512, -98.30985119137063, 76.04984047466769, 101.37026016228481, 61.670843984200324, -6.636464735405072, -12.969962446806175, 147.4450152622357, -81.22086993795988, 1.309170952146573, 5.655608534831067, -46.741379990233, 4.700904424820003, -47.244762952372255, -80.68319049938016, -120.50559928058176, 81.8791501957083, 34.99293333453793, -12.460112489489063, 135.131349079317, -47.197682811411, -16.975880251206107, 119.21023642975388, -141.50355368235458, -121.62716346700059, 23.327181882136074, -112.53534213055197, 53.743437627126546, 31.920059471396783, -9.919777202962415, 102.59316234737727, 31.968065414390434, 55.06793275129452, -28.311415769029217, 63.950837838588996, -98.79973151435284, -112.10260479450449, -73.90649079999734, 44.006757624146644, 14.907297705421534, -57.79741170294679, 140.8693622011069, -66.24997946635148, 29.369583479733127, 36.3572726364758, -49.89985351722143, 4.354825064310805, 61.57188129314564, 71.38580964490363, 79.74401357932825, 60.25018312607179, -11.758149309277309, -17.457144430417276, 103.60255800950353, -108.46184398973611, 5.888891664051273, 45.44395672929306, -32.66973687878347, -20.229014889655634, 84.77559483533318, -186.56498337852517, -38.951251979402976, -24.58984202855696, 44.73090594137694], [-89.43746038540743, -98.43923319322455, -122.13368887193452, -2.8732360958173304, -92.2150746450445, -58.071861743785846, 68.23964162011822, 43.00288478651254, 61.226972690346905, -2.329586844167032, 10.30914029124735, 60.87662325315604, -89.07799377769105, -148.23082995290068, 69.76476897422008, 22.27583903106371, 517.7401232621473, -5.593371957068933, -15.554972812014226, 3.2401148589427162, 51.735698575232604, -18.935426055428536, -77.00346245695286, 72.26286483728346, 48.189201784909685, -31.773893878202166, -62.69662645118674, 20.256072570268504, -72.76343907679986, 39.7757548267679, -107.94050745066194, 51.43385448986115, 44.14801132964901, -137.7766508151207, -106.78771953363933, -75.64313280057718, 45.47388699716354, -52.16173698726362, -54.62842529289398, 32.716734587010485, -61.92134256180658, 19.990392985669054, -6.294263254976645, -43.647608613998905, 49.7599782591317, -69.46246396030458, 7.805463549448912, -74.07220344596176, 98.82268571516042, -125.9041474966321, -26.54172380504313, -5.857572592775617, 37.54826669800203, -52.622828290847366, -22.786952227551982, 10.37320544717555, -34.47870040702101, -4.090248843483598, -40.655682851985, -44.74703284781137, 19.013974266469134, -63.31005599933563, 6.254485916147841, 50.003991130929165, -47.070212603172436, 80.86674283744047, 8.419475888823, 110.45646703702295, -16.0599770312348, 21.34458899302559, -24.16873933099808, -97.75601383896822, -109.70166257843871, 16.702634641255177, -94.11805484637415, 38.361716438230786, -62.88857347640699, 82.90093084549322, 76.5811736272383, 54.12833108953627, 69.05212909886252, -70.98977271647601, 14.44491672723862, 12.276376592439698, 54.141558174739345, -82.41407727924647, -63.26122724396166, 3.8245244355781853, 15.948769370635308, -60.650040765091845, -12.505011017748664, -52.683056753048916, -27.969354786398142, -9.594971636749982, -52.86054042280161, 158.5583200849231, 1.0519244955325728, 49.22933001265836, -68.12905878187891, 11.737130346617764], [-4.53573255398195, 18.480184375066834, 61.611043925846836, -119.35963297820055, -7.9548902391728245, 6.548719235928759, -19.491085354543852, -81.86640113267799, 18.997426167251817, 77.21849007254684, 20.691337342670515, 110.07074981208575, -62.4096398412302, -18.83729982593954, 100.89344681058084, -33.81805845770881, -5.593371957068933, 696.5896371347501, -4.3130957254064715, 3.403389701830598, -6.201824229196561, -57.9867253279379, 63.969954816911155, 41.6688743722703, -66.56295118345336, 46.26704680063164, 144.33396295411478, 27.035475060596234, -114.3330340561315, -52.83715114670075, 1.5209590551386967, 88.55126755894119, -51.602982010107155, -97.03934093221908, 146.1314252929824, 37.92797920284228, 154.4039190687373, 105.17991126710679, 59.21250067399839, 103.93843745671302, -35.60883765737315, 8.417775710864422, -137.81810113862488, 49.80403680154562, -65.2578457525257, 121.86621889909247, -67.29395800711089, 80.50341072466475, 54.795622222294874, 49.685616002912155, -33.65872461116093, 22.028030466907342, -22.05749574814393, 39.79739589690452, 43.365675184746365, 120.62322210664641, 66.68125193151923, -59.07959204089528, 60.950904453130896, 74.2235700580883, 33.446988459044995, -13.239599343033507, 64.49325788841493, -61.167414734057346, 29.743910538890205, 22.96102877143117, -37.016366394992076, -21.591219310641183, -55.66570503251353, 75.95479409864552, -42.16622121273481, -49.78192169669363, 34.97409870429229, -109.03781579108445, 1.896240838104967, -101.38599513856171, -20.295080807577794, -130.5982983913801, 78.90763018806891, 22.944330537829444, 111.2474115803821, -96.15179593172255, 5.43161036975683, -57.769312570528456, 44.080499497283796, -140.93295869298728, 136.43868013413564, -53.63475430775505, -78.0025577237053, -43.347445964596275, 45.193341806259994, -147.90096155365592, -35.88668362473562, 58.545981724428074, 36.23020212217257, -36.63099355167451, -20.649416132278223, 32.434552177114966, 46.817354991024345, 108.92669165499468], [-44.72581224299249, 55.75645794174142, -16.706650181338865, 86.38462715030298, -42.71847683325702, 45.264202599590945, 37.01957878780061, -8.310391011741338, 128.5685890872204, -153.47702235194146, 93.48261913624592, -24.273783269411346, 97.61148898439639, -39.25563860322094, 3.233453268732948, -171.66196970858138, -15.554972812014226, -4.3130957254064715, 646.9379747877678, -126.15627015480347, -20.823804638921715, 71.24447269023352, 132.56168169989311, 38.9849041333984, -42.69952451556062, -50.5847609265012, 57.24234949320163, -32.93012109421125, -70.59765118819014, 113.47824495914826, 42.14940379855334, -5.748648740240508, -25.041294155078294, 2.5923205116725363, 18.4826137930266, -1.70049867831875, -89.64542674721977, 121.48943699797026, -104.35173693829559, -21.34056876673772, -112.55559783366249, 77.16620340843416, 21.926500631986308, -54.14382152083569, -22.211878445413067, -60.675104115905924, -102.07404271342754, 122.32121321542635, 22.420612748620705, 3.5627727587123985, -3.3412556201513794, 102.33381844068269, -5.511685319593683, -34.23406803125343, -86.35171818122961, 13.008582124425015, 61.92516144027899, 1.8707423469571065, -33.01982899028237, 7.562533277468431, -98.35232851118312, 60.562093653601124, 95.58851459119151, -32.384284035106866, -47.244120377374315, 131.02181040940349, -81.55717422333151, -98.5326310186986, 29.995610669615708, 8.918717078840931, -51.711779660507354, -36.82131330253769, 113.67532494006353, 71.46459408141666, 24.054062526586048, -78.97432094285877, 51.07626715198451, 13.552329026761372, 178.0557248998419, 120.22201164656865, -145.3851679971899, 15.101636233462568, 59.01214472400612, 57.03415284446517, -27.30818358116659, -107.40132631189695, 110.21766115557952, -15.545866897537952, 13.539015794059356, -38.64976641666568, -95.65532108182114, 15.224740279932753, 51.36223232289149, 41.446824009344645, 61.54553137867898, 99.53229251879961, 45.38662316452166, 140.3754514284431, 7.1458294245066805, -47.60626595814574], [-5.6378348611281695, -12.898161582127143, 38.72275398334376, -11.5107696363999, -44.37672601014044, -37.904730773760505, 32.08895417207571, -16.891152683325135, -93.15257551603207, -41.692421488173906, -11.217602846542043, 122.20382091374677, -1.3171527761109836, -85.99275781750357, 7.188328517137876, 145.38814573265466, 3.2401148589427162, 3.403389701830598, -126.15627015480347, 639.1480470438286, 67.94163103638472, 94.15922815788417, -9.8226128013562, -66.79309560643365, 68.58164488522199, -85.68988732654472, -70.3150661760252, -3.9154665086611296, -87.91905488986727, -105.30603242031329, -97.54823772244933, -79.31623161982864, 13.540666835095692, 160.20849096228272, 10.489709061826183, -112.1552716391273, 45.532743921217936, 54.371909314324604, 59.239944033040985, 157.5844361104399, -12.764553464652238, 5.181302262956983, -86.84053407124735, -76.39663740037139, 2.947623993098915, 51.25404879797437, -39.72158653190532, 259.35645538983954, 20.98378562017231, 72.60379772818096, -57.66356075478019, -59.72744445529982, 124.82403048594449, 106.44005222912999, 25.748720757587048, -93.83978752693204, -13.24132863137121, -56.69580309073019, 19.054728213336602, 16.558504625351485, 76.79578114727867, 160.43595081805134, 103.08861744216712, 8.296485087596578, -2.5215410345074964, 150.88721000656514, -21.421072369034313, -88.75218532970055, -15.581317411431288, 0.7698696245130652, 35.877900461285506, 84.57480030524898, 76.23040578981718, -129.09110058629514, -89.53278547403184, -89.88055570773354, 54.496639506059424, -4.354245642787011, -71.73769462740793, -85.18494978359205, -102.08604515976803, -39.843699561901445, -45.44607407587663, 35.70663204722623, -52.43587473742005, 152.67017062480392, -4.225044319695257, -39.38526806173746, 45.37886731417792, 114.16634738825297, -97.08589270439478, 54.933078610626445, 43.17863637776725, -55.45900188605831, 55.43595731506055, -33.25031457820945, -20.223928365404507, -27.26761383327286, -52.176989528293774, -5.56574937445042], [-122.94240139566497, 94.73300309459191, 43.070537415926935, 65.83922872023524, -114.4770386234427, 19.983511990643272, 15.750739250859176, 46.69947453772731, -52.52948191734244, 124.38646998269141, 133.76411879858193, 51.