{"N": 100, "M": 6, "A": [[[1035.9434659495034, -19.45281645306065, -66.90490216689237, 24.245969561741866, 60.72283657606831, -171.04282786371002, -135.23916819911642, -88.10395760223219, 68.45058588859416, 19.462471629190357, 53.75943186010597, -29.79357380182733, 82.6638231665693, -15.629407032606643, -41.534622788842235, -57.80391726454036, -72.79283710906554, 5.969511424582929, -57.636965748811406, -70.0029347201881, 69.44154485899617, 158.8617057814947, 4.543497333867002, -92.93189617714562, 52.653039276868505, 35.55165967575102, 21.069559258806745, 13.86898064086604, 132.85404904768214, -247.45570932458546, -46.72631286245755, -74.70233225559214, 33.05920855324635, -7.588908567936913, 0.58804595433038, -3.575517509148543, 40.18170546965841, -18.250498501855418, 32.877203494017, 14.886967318190429, -91.3460300024577, -12.890469626127317, 62.08843661368039, -61.14658618823361, 3.1524025507700677, 88.64573478330725, -27.18200796574859, 19.42887776854141, 100.63847503661475, 10.505088194277798, -39.70480774426102, -58.749368673513096, -54.39433390632359, 78.72917737850271, 27.908876841529466, 154.70746629454362, 11.576506891318417, 12.615625470721803, -83.60104468469568, 21.83925800466444, 93.19047027796623, 34.10031286672177, 110.31111415680006, 81.59309300210633, 91.0054181811228, 142.4688122299596, -27.793441309634215, 24.908006229868036, -132.77422925816066, 110.9367129556445, 31.678702946066952, -62.35239137823323, -113.78546830606659, -52.228561213778356, 95.01508983061899, -5.622184259986144, -66.17351456515136, 28.32730143497993, -18.137891065182142, 83.45191976670944, 23.31887023440644, -14.376410260127296, -70.29284365111198, 58.03829803808749, -29.84552417809844, -1.5291244538017725, -60.64140124067081, 184.0726789000811, 50.057313201282135, -61.72508734628033, 14.345334481855847, 56.75267574343957, 33.51709469348195, 94.343331872934, 198.07469930736434, 55.473495272101424, -134.32695025480945, 102.22818256577952, -28.646160068189275, 52.334767977099126], [-19.45281645306065, 762.9877479764076, -98.92918050025055, 55.460028716787875, -51.22414204570846, -109.39913783476341, 50.36211332229938, -109.18899711118763, -18.50347774403451, -193.68494557802455, -54.84212796601837, -157.99736511539348, 52.883981051196464, 21.590248184456097, 69.79316860657258, 32.46664166520397, -60.49296753938098, 140.44139711530767, -73.68325441896805, 1.485294484445329, 129.79090475689915, -15.072478121568174, -128.5330920626026, 100.12172756160551, -107.02500203280677, 38.20410308281851, -43.521511445022725, -26.281208337809616, -105.14027343240593, 8.716387279148217, -20.822811074005056, -115.32216088164382, -53.15620435036077, 135.06575446731384, -121.29480632101044, -2.07484702862568, -95.11711114413333, 3.4490292028882186, -5.190098956842357, 10.560313169308005, -31.034549604761835, -14.39093442431138, 49.383860272204295, -136.56698900810895, -25.723190317013888, -85.70997397368363, -14.12347292863551, 85.60243423484194, 153.2793737260348, 92.52702996412509, 106.29008466950168, -1.2731362240163369, -47.88205936832629, -69.21608492869858, -7.587183105316612, -48.594633340435266, 75.52511271046333, 113.58450724785587, 25.056651635854, 72.40375678191722, 82.2033840493343, -43.90966920975094, -35.84519938337663, 39.01921281073498, 60.84648841349266, -101.37755716105539, 5.6685142986967, 20.896134242544004, -85.27903713077468, -26.152740556083106, 116.55920112246058, 45.13688720192231, 39.067440552554295, -35.38091909909519, 36.88849548645239, 66.28461282685427, 115.78726365133193, 17.223177338450146, -57.99887493155829, -69.69944261646357, 79.8406332804826, 60.69578457320249, 4.23340849794914, 113.1167619635213, -15.984689310338878, 0.6805132762484617, 12.985403384297966, 47.800186365080144, -6.990513941779541, 50.03561046967239, -29.784677940184878, 141.5247220072191, 172.4698820101966, -22.605373630709433, -136.7261957118225, -158.97907851359608, -100.62472106239315, 41.77618661391768, -117.37843024524224, -20.92097241346141], [-66.90490216689237, -98.92918050025055, 826.4680460495414, 11.77598861626397, -119.3474546862997, 91.50331402018261, 90.44961159261993, 8.302132409652392, -3.7599564998155466, 52.30523834062795, -35.39820106322322, 121.13308729404402, -122.76146257621141, 51.04474888049232, 88.82328648582549, 99.15277114167918, 9.380789549513207, -98.31657627954831, 74.46341472745658, 27.25571431216603, 18.34761060137667, 146.00972204154522, -111.01653322462357, -126.99753802578954, 17.280372291040056, -62.192518749586434, 126.95207927829577, -38.14377365769968, 46.420405855466534, 220.77162956488974, -11.822437076511127, -115.61758307998655, -72.90755752079474, -19.413598124538332, -31.996254387250513, 87.71856540495402, 12.267166772291281, 25.49509621154542, 90.01025876303628, -78.89655883484741, -147.42250096319157, -10.662209919004193, 94.87628273661446, 45.04473183792255, -29.364212472050298, 14.30741308133076, -21.55142994678581, 18.46223768175579, -106.65279652638671, -73.1940421198252, 15.041784444184849, 60.830751988448604, 48.90337400644113, 10.761054408282948, 69.99238337084248, 77.19335823667376, 20.21116244768755, -107.47223119558566, 33.52172346709776, -36.35631165398823, 20.17942340681736, -25.64715320056105, 16.26447796566309, 125.35861968277165, -8.36004788784796, 26.67539790019, 53.91915104247974, 75.96483375193758, 23.461145078420095, -30.023134242244918, -31.19869905930327, -114.32893292682279, -152.08057319191226, -15.46659246181377, -36.93024326674745, -69.59511229306277, -18.780073101862055, 73.99654650633232, 46.129435402769865, 15.007157309753525, 68.62315032096355, -72.61595643699614, -60.316884455734325, -91.28312588253756, -65.50354954244226, -102.69540695673172, 135.98142553033466, -24.68327570220239, 10.547800721061485, -17.945156881858573, 51.7149675438607, 80.17305831816216, -106.33801620691442, -110.6889790645526, 85.55428266971201, 87.6207183690181, 24.776420980821435, -89.10596557090705, 105.69064841523941, -13.130373581986435], [24.245969561741866, 55.460028716787875, 11.77598861626397, 832.108143333306, -55.54921994484407, -57.5695519127291, -28.371145905036723, -38.00525905841811, 114.90081820647089, 85.27130510034137, -162.02617907617852, -161.65926645069965, -12.857496523995694, -43.32288982448634, -33.69848497543501, -115.4409622002383, 127.06382276526507, 54.218867339243026, 168.6312253684617, -19.732215760414768, -37.508906676193725, 62.35120587584563, 6.6287297309431, 43.60022563306985, -78.34354270311, -47.92192064926118, -113.85214680346127, 1.4612232212595038, 11.825528557166196, -1.0046130096366908, 41.018042920694825, -56.120794339824485, -77.69113807273546, 41.22008237344906, -119.11072307857846, -0.5659597796809639, -75.81040895288193, -20.543988551767494, 121.96292932400458, -20.135896440196383, -50.453838691615424, 39.08154396347484, -7.141040923518262, -37.029116663042494, -53.55487339960463, -11.324195088471276, -36.8645503706363, 16.898804517207605, 42.924126364686394, 197.9479708115431, -53.463944003497495, -43.19349680867088, -62.26263066064244, -28.507108533643645, -9.167078843653645, 85.40167268365519, -84.93157547618245, 101.60853287638227, 66.27918147307145, -35.06213277617822, -20.485263035641363, -77.86978749954848, 57.70160858537148, 44.778385632590144, 18.740766864867155, -78.66594830624673, -74.18918925289816, 65.13830628756196, 24.74210860996963, -98.96449703135181, 77.38221383181231, -0.31659939289842115, 52.44639477218835, 42.868104790152984, -15.842620149692749, -112.95771864919165, 51.37158698020268, 16.61074340939624, 116.18992905927901, -98.03072268096636, -36.184669749233, 56.12812794604411, -19.736170200583082, 119.31592255836316, 85.90058460961225, -36.39788632922967, 95.5972884300738, 66.54221670543022, -107.60954412430623, -34.829058534686425, 28.884633060544644, -25.22684748920094, 67.0367722347183, 110.73812585442691, -33.59647787965954, -24.650018781436398, -85.27729946223918, 131.86998636409504, -139.89695071334404, -95.77992757091667], [60.72283657606831, -51.22414204570846, -119.3474546862997, -55.54921994484407, 916.8193312800992, -154.4566639033543, 94.33295759441893, -30.520577217817998, -41.96942825334784, -0.8730728751747835, 29.871735081952988, 101.33869416092425, -50.87807577229285, 40.57011579533641, -79.9806001601516, -10.667514579467964, -8.996487068835826, 4.203039714469682, -70.41371786571534, -160.6474344128225, 145.076021746334, 28.99634659347426, 12.022358463718634, -94.49620753071618, -139.1817919028634, -32.22452704145425, 156.22759416251614, 82.39585988709723, -13.729124243303048, -26.999846017496065, -71.32089554899, 61.90695622110645, -31.058535945270467, 57.91035089611713, 133.550740075212, -67.29967457414213, -38.08049891733218, 43.25587569261616, -47.067557598138706, 125.04441184345905, -43.36203546601707, 93.98948171773503, -116.81212757577099, -30.174981805122478, 4.188212142544353, -15.84296687122924, -54.30805014445113, -110.44632482716202, -72.25398409067772, -92.29000862685233, 47.7288877600798, -51.9189012809743, 26.709612781176407, -84.22033905137401, 36.99771584938801, 74.73420288473007, -258.8236797753993, 41.60536779890404, 29.360801573042032, 23.0989586882549, -93.99432773730197, 38.74394532710102, 135.47144574859146, 117.33986863406896, -51.71292406868039, 9.952868051279252, 5.902973747647693, -153.99032649463726, 89.44470952813664, 122.70574103353282, 92.63621949846286, -14.679647479796753, 50.05009851261769, 22.12724782255858, -169.2156411720705, 67.44768674034682, 63.64873331982322, -105.25710085867429, -21.383639586238953, 143.35154081604907, 29.633853780067515, 15.069515002004099, 36.714380798867396, -3.95537263653775, 170.07112955321446, -6.336225624425147, 68.08508928030805, 124.28128500015465, -40.67359959275853, -4.364710966697438, 2.496710946750787, -34.75238051100949, -35.092243416097965, 15.005962867385076, -88.81823175170732, 30.482074796137557, -76.03784571615842, -48.69982266247916, -91.86351117695689, 22.540684429659233], [-171.04282786371002, -109.39913783476341, 91.50331402018261, -57.5695519127291, -154.4566639033543, 1027.7200248194022, 159.4509615559742, 70.9598944448488, -88.99884356095885, -0.5765779203832416, 37.66340440397805, -100.39948380519944, 65.6980659176454, -65.67259288830031, -66.82838202237642, 21.041806092717753, -43.95588676019639, 2.6776247715270234, 32.12017930650998, 7.354290116373029, -62.65604129980112, 2.0482140763976364, -6.233804742418629, 59.64176345090433, -31.26812523542916, -5.235818669964564, 73.60522854975027, -69.37826505955742, -86.54881337948962, -52.445020811769155, 73.9474109137252, 132.1226761544451, -125.09236695847088, -91.59556497046651, 22.256219730346068, 76.43429145714731, 131.23163029066444, -89.96090711509136, 1.7983883209566225, 101.84478643087843, 85.89772830497505, -72.76806746791772, 10.465316777266883, 188.09480550631912, 7.330154885298675, -16.637246440025564, -3.960307682588985, 42.60447336764651, 81.7446928777801, 6.796045636127539, -24.630763266798194, -115.69284244614008, -17.804882954388514, 75.0231337774678, -32.12936457943089, -86.43078988728168, -26.499154671978335, -22.537996981781166, 56.990044803369, -119.36873007316215, -44.913113875038796, 107.60487818183414, 22.534015939306705, -127.17675256818683, -123.74798227642668, -29.287950554238115, -1.8360959691951935, 29.746621044540948, 127.94534676180172, -105.92087415546749, -179.69390648143312, 142.6430161170506, 6.017799143387735, 84.78377752022286, 111.07436620683522, 92.22450040651246, 4.117132956018281, -44.94512819642639, 52.174696551853756, -129.01851304644427, -56.61831228687943, 19.343336974089198, 24.012007353266018, -42.14081654432055, 20.18472074900704, -34.63945257413817, 55.003149043442576, 91.67462684903452, -42.41817110206984, -245.9887556805045, 49.46446809874894, 76.93953863624493, -57.00664001258205, 28.659006500560174, -100.52196581524336, 54.55548661062164, -94.38363223562831, -91.31738975910456, -20.488246749480723, 77.72042274157509], [-135.23916819911642, 50.36211332229938, 90.44961159261993, -28.371145905036723, 94.33295759441893, 159.4509615559742, 749.7849504696646, 35.4459671427441, 54.61430456001681, -22.850178792326, -4.996343535957357, 19.410703914364564, -44.09344858425234, 119.38605414484401, -61.561491843269785, 26.466802328169706, 137.45360009061983, 11.430751632151003, 43.256562943568575, 68.92677267392703, -17.953884485908453, -72.92748749480744, 83.71954245131481, 13.03969766264993, -91.30071435955608, 12.383021638625607, 184.84240625923954, -63.451059231941564, -27.601679848463633, -18.847576875189187, 50.28688092720144, -135.58763522243564, -89.73666834327844, 171.7281484872331, 89.66085361276323, 49.81408278121013, -58.12616012295788, -0.10315085842347171, 35.52910307536347, 54.64335422740279, 85.76280725898008, 20.603135032151098, -61.45568328314645, 10.934399513212025, 28.958520215191264, -162.80126528726322, -34.013459552807234, -31.837926968799696, -46.5576339689502, -97.84149810993087, -25.41590997266603, 110.1232840727442, 103.41201689969974, 38.57489177734645, 62.04193354490508, -43.60349356724485, 65.94085410776235, -51.59524800908032, 101.68779000229607, 28.323983352772952, -33.31696799843846, 13.484720066156912, -64.55925992610037, 70.61525253608431, -18.822027784538985, 24.696197000935843, -41.687307173946934, -27.033344375187266, 67.45360227147737, 25.298710728523623, 13.522362480556371, -18.24718517452264, 19.1669755493073, -63.10921655643014, -121.66948016712502, 8.81974723586094, -27.72334492950411, -14.487085300853204, 41.964591770499965, -35.608178415908185, 219.58984409411923, -14.595289795849167, -30.85516529946123, 0.33099326859784123, -50.45563470950197, 44.05918365712473, -37.22348931176212, 36.77200438252777, -55.26675954119159, -114.54382120711436, -56.21781393427436, -65.10468065178046, -51.451694262126374, -156.15667304255518, -139.18676653792846, -70.24635136919748, -79.35067563789701, -62.166917387747965, -117.04002508067221, 34.779945752878604], [-88.10395760223219, -109.18899711118763, 8.302132409652392, -38.00525905841811, -30.520577217817998, 70.9598944448488, 35.4459671427441, 816.1904646701513, 54.68603609055638, -84.19561795337063, 54.08901234668736, -27.29513096482946, -66.17196420135919, -46.14730936680654, 42.36722803783562, 47.00825015474932, 56.095333008698226, 112.03767504418167, -25.339394762866572, 117.22798404074402, -14.77101080180263, -43.07155217523736, 21.08735384303146, -31.129555660457733, -51.20603295112635, 99.36564402398618, 35.66481830514817, -72.47398168284211, -49.38123754572261, 79.60409863726953, -65.05202865842938, 44.38458600995777, 88.00267172752233, 56.25538619300897, -48.73905958201648, 16.265422269867564, -82.85702475493157, -127.9354994104093, -56.24353954657911, -24.323239135532695, 41.4155074724188, 97.5201691036648, -37.68867078868354, 82.94106977952617, 37.76000397310113, -57.94458046858947, 96.82820212374827, -97.31298093313886, 45.857865160181476, -18.091098230097664, -195.54725988621095, 23.336114953417916, -32.27661211339931, 36.8235013169153, -26.999110019803986, -14.861656089410252, 28.985623823230572, 181.18589203990152, 68.45526158193528, -124.72029672406107, 8.230804563087002, -9.140962504289773, -41.073548818282426, -80.33607129192116, 126.24173409546943, 167.45812272722463, -78.27670716705695, -204.28743462972838, -96.60402920554758, -97.96021112326905, 55.35555876265978, -24.42504272014728, 61.7879243782825, 121.66344443308537, 47.076960107043874, 40.150328617706066, -88.83261519063285, 138.10550102971723, -76.6948797901299, -23.11765598916406, -118.57525735861357, -43.84908949683125, 46.42053840757498, -24.00602597359576, -27.56776424093342, -20.59604885262785, -17.90245920581825, -108.11621429019186, -70.4052688437244, -33.71537969340155, -145.43806038192267, -15.059895952869788, 9.189775316377894, -107.26982647836729, -105.52808699309816, 105.86367562256687, 92.04245321498802, 72.21281484508059, 192.69224625941456, 0.004777998718463027], [68.45058588859416, -18.50347774403451, -3.7599564998155466, 114.90081820647089, -41.96942825334784, -88.99884356095885, 54.61430456001681, 54.68603609055638, 842.375164732472, -50.8961830795999, -16.694122608489202, 35.86214759725192, 60.82664657954781, 130.4537237382286, 21.71702472966087, 88.3522150334171, -19.628476308726963, 5.13913714960921, -36.133395044901555, -13.400012771299727, 34.618821730780034, 15.61203688308984, 46.24910008323175, 7.694001514480273, 108.90430790858717, 52.92319257532506, -70.57169060651988, 23.859202040684572, 0.19804857492458666, 10.958734290340459, -69.01149983951184, -33.37621060557538, 3.0829353547553984, -176.61286831870476, 75.76607088001025, -21.013823493875535, -174.61886607649836, -71.10903362491528, -10.020228131914937, -82.76343199042488, 46.387612184390605, -42.86323180326759, 82.040826278469, -22.137158779289823, -89.36205083042994, 26.716267686428733, -20.083887873305464, 215.6813133071596, 121.33408073553596, 81.9410030199252, -57.11441781295151, 23.94280997663191, -127.88100918962118, -59.55713558659889, -28.94747243956561, 28.643287608085554, -61.524867361953866, -20.609222248687693, 10.217789577463403, 14.01552602866712, -79.68254618831024, -139.63310975771063, 23.14224361101025, -69.47572568282402, 35.10443483478516, 75.17219905211927, 4.713253264084337, -59.6449612585976, 129.82644689271223, 101.38072356965971, 128.48484419647227, 77.6450860378261, 147.5103777842669, -141.56656796207625, -137.98751848876455, -39.13419588041034, -197.12472600068656, 14.29174836135907, 115.62807339845044, 33.1291529272388, -25.541813470678154, -110.94772234114731, -51.244502466094644, -89.78001293792737, 118.93158525474692, 28.877479603490173, -26.154740528047117, -31.292710589242365, -72.71369559059634, 62.946481976905424, -0.29038005912374787, 33.522193271809286, -51.96889977423903, 124.4109193065643, -50.63929309299756, -3.9796981608432023, 4.085397039055578, 96.12706457536653, 10.204064110529387, -3.7203043094644697], [19.462471629190357, -193.68494557802455, 52.30523834062795, 85.27130510034137, -0.8730728751747835, -0.5765779203832416, -22.850178792326, -84.19561795337063, -50.8961830795999, 815.9438509131027, 31.510338453950915, -59.58210284859115, -89.2212009827078, -197.90068388427756, 76.9488970848811, -68.34916009142735, 51.77039349528439, 12.847976015286843, -3.555530217513396, -143.115476866676, -11.818188333788402, 124.10876648339365, -28.471333424707066, -59.13775872626061, 139.1576659806819, -28.75293686724761, 9.630828095851198, 41.82497083633023, -88.62713713409585, -125.43336292013628, -67.85660845742761, 15.525507880244303, 147.000007720589, -89.29394832721678, 242.4486577266474, -50.937919334075715, 84.37472087961248, 20.744967188699523, 43.55537870452653, -32.27127327024143, -42.59004160132052, -20.978240723220928, -105.89138011577371, 70.7470247702797, 21.553927481431852, 31.156910821993442, 36.990267136723084, -9.106546919445243, -10.804038446934575, 31.37358878121317, -41.73843122538181, -42.60921567031029, 13.116242453295632, 89.96590946114063, -117.96955646317605, 72.74696695354285, 53.02780419716759, 18.919531434899312, 4.530029804423225, -83.72587672266273, 120.55108410305593, 96.65501368161155, -17.977900908256863, 46.75997800103658, -43.622925093099845, -29.353916623268326, -14.939091232003847, -97.69515149372623, -128.01647535425775, -86.81930101123586, -24.34955861355761, -48.740924028331705, 96.28696364246775, -187.1469762136586, -97.53653995750307, -103.05406386293754, 29.799801625295366, -65.50382912196162, 90.66052157790752, 24.321024242187782, 15.59985139274746, -74.64146521269438, -7.20111171141602, 84.04714328114375, 33.05103410446132, -49.807201559785845, -89.6720363429513, 105.25116889954, 27.389027925259153, -111.1526162218423, -33.53848597538354, -41.78486528607341, -115.56784078837605, -22.376344404924883, 93.04124485415208, -98.58475890056724, 157.63659517034242, 190.62274407058212, 56.41707431888102, -57.90443894234061], [53.75943186010597, -54.84212796601837, -35.39820106322322, -162.02617907617852, 29.871735081952988, 37.66340440397805, -4.996343535957357, 54.08901234668736, -16.694122608489202, 31.510338453950915, 958.2180293910179, -103.9860225760187, 16.151682979651785, -66.30689840476518, -30.430301633741596, 138.55087493889283, -78.42993817220326, -11.95746045620376, 17.479261274731286, -59.55468698925298, 6.86047965071584, 7.4227032743964, -103.85903253240102, -1.167820215052237, -30.984958698229132, -55.62503452774941, 38.02596714005156, 98.30480206055257, -39.94114038207924, -26.643601867416866, -2.4150810698566323, -23.599923818177988, 3.743495148529552, -33.632957641780585, -129.93318912157517, 4.784485868869431, 83.08708286273644, -25.034989563160956, 98.60800636634168, 53.88576809157995, 36.52858905346552, -192.78089884387114, 2.756659373794119, 145.35115523161932, -29.994539276150594, 115.44208517727913, 77.22134228979951, -59.513018022575864, 70.90363734003849, -161.63145744995188, -131.5742281665846, 10.127940370744767, 30.487327268033606, 76.661067454147, 28.169633388093963, -130.84821732548454, -104.3150121204228, 47.329631726006795, 72.03452585137413, -20.260235951372337, -27.274501772467975, -91.91158287006672, -47.316632563923875, -46.958408778610064, -82.61349807064268, 113.89046720332985, 159.80655945402066, -8.152588064299454, -56.157849594491175, 45.184067568192816, -89.08988330778409, 36.90669520345593, 178.35973349679966, -17.564655754992224, -73.07371221506209, -103.94686725315081, -48.65497976333216, -121.99493135361804, -0.4442385452858638, 26.984517014828977, -60.92730241487528, 65.61274796324756, -73.574766755392, -212.4440876974, -109.29853098312708, 3.7310862815121744, -40.50624059984533, -63.481576411473874, 36.3539037547902, -0.46026120558198397, -38.17875873964138, -68.78755278123822, 90.29444164873411, -53.24054659336469, 76.5146470555045, -148.4661161001057, 43.746010925055884, -7.965431155250598, -189.27516104866854, 12.727636155082298], [-29.79357380182733, -157.99736511539348, 121.13308729404402, -161.65926645069965, 101.33869416092425, -100.39948380519944, 19.410703914364564, -27.29513096482946, 35.86214759725192, -59.58210284859115, -103.9860225760187, 869.3247099391784, 48.893126968349, 82.13894722356117, -30.07797837110816, 6.871508224318368, 11.434395637061591, -86.27923677883804, -17.36019934378722, 40.4869020066124, -19.492389381314172, -19.222894066458583, 7.8213584049522415, -73.03128449023868, -44.73021430847101, -96.83829826568247, 53.82441057354853, -71.21349172167916, 174.57869347431506, 34.11358616462391, 54.476113790353466, 54.55096172499206, -7.2511447993485465, -43.68982157126243, 48.02257607729808, -29.865604743921836, 5.917358651934874, -67.18257300568126, 8.433654810207237, -123.61311499150985, 35.80040884839926, -12.495599418790054, 3.7326206112401774, -16.178655806802972, 112.66461445416697, -16.79233560317653, 19.76648345815147, -35.391865276888375, -8.635471437091232, -115.36867647417928, -93.88527360890598, 27.121001440045298, -38.81882815091148, -66.46703119645231, 28.949372509385814, -62.50917601541728, -127.49240983265783, 42.737392197557476, 62.95563852286817, 134.00903658273478, -101.17137426762716, 150.62963423650993, -104.31525830685678, 12.410977894177147, -32.73341141739529, -140.49352866642886, -84.34173416744152, -54.68972563397825, -33.60708955495683, 22.926973426101668, 92.69744584545698, -109.53279112086081, -121.47286789800239, -77.61425148344789, -153.57773618813732, 6.063032143145693, -100.17368773560072, -5.988788098519066, -38.724655326044385, 90.59358375578547, -74.15537094237202, 55.1378641379595, -28.3157057346961, -11.184058347060743, -66.36757979781157, -13.898341777092327, -23.84114361886285, -45.7827326281743, 64.15855350127822, 111.37734422803871, 41.645541308297354, -44.06118268550468, -209.26572276812746, 97.83146118778859, 119.80478303443329, 157.15797171315168, 14.671603683229865, -23.972590962556083, 70.1089633618009, 117.10748847229321], [82.6638231665693, 52.883981051196464, -122.76146257621141, -12.857496523995694, -50.87807577229285, 65.6980659176454, -44.09344858425234, -66.17196420135919, 60.82664657954781, -89.2212009827078, 16.151682979651785, 48.893126968349, 809.9151106620816, -26.97006918009768, 89.98331434958054, -34.74414774901963, -67.76592564201398, 53.41538265312801, 108.9321760270453, -117.84438588745017, 44.78384342155326, 3.0456188432045677, 137.87730417661118, 36.457409326526296, -10.585101692325622, 21.582901715958016, 25.58648214178889, 89.535243169007, -147.37279487231538, -61.12870721531312, 19.18841924992638, 37.50119642673303, 45.738401929435916, -138.62900952551144, 14.907148088149858, 1.842353481577793, 4.755818011896441, -5.312806790392516, -84.56778241190553, -82.0084215744931, 59.88721216111528, -77.89039904636087, -34.909179332202314, 77.11693778384678, -100.70982264602276, 132.2794180037861, 29.68071042005785, 13.397167096702884, -42.93546778656684, -33.26362036930739, 3.45852912397532, -28.34860137156765, 78.3249365608968, -83.58812166066386, 45.02960974178868, -77.73303634903885, -119.45655704607479, -12.671928581194802, 193.0870609110213, 120.87696647199513, 14.39875865881108, 68.6473296842748, -42.82569901428449, 18.097891363888102, 39.23912106624431, 80.13677300801955, 72.50679984821583, -19.41736559562137, 7.83404452301472, 123.53381772080151, 53.96863933921887, 67.41146075206004, 184.4482815092155, -44.12236333485265, 80.15772682016089, -8.144625390628196, 86.63930465807971, -55.95555749306297, -46.25651198249691, 3.5002951913035973, 21.86188908689169, -62.27883006050094, 86.48297031079053, -64.96331905620045, -0.33427553722297054, -43.289457719514125, 76.8022430324028, 22.163452784654538, 0.9125521562997938, -55.64669258487401, 35.46074360222654, 91.04457434271184, -62.405098817772654, 70.71234564859381, 96.14853651642363, 28.99140823403632, 12.051057903649639, 31.137930836275427, -12.783405717619946, -65.2060474596507], [-15.629407032606643, 21.590248184456097, 51.04474888049232, -43.32288982448634, 40.57011579533641, -65.67259288830031, 119.38605414484401, -46.14730936680654, 130.4537237382286, -197.90068388427756, -66.30689840476518, 82.13894722356117, -26.97006918009768, 884.5776363078337, -70.40515068765652, 89.51555857691024, -20.07652203021636, -90.18176998290015, 75.58453980238599, -71.07758731052229, 78.05487254493946, -67.71223799578057, -48.308643578188516, -15.401415748727372, -78.4968422799613, -52.33418288790269, -18.599785623788307, -193.28050364813402, 126.17051954100347, -145.92002130159418, 22.59379405461717, -12.133603294585491, -11.601621671552417, 136.0030316423706, 49.450897508136634, -23.105297129882175, 33.36605099284431, -0.6107548625961061, -0.7462432759825229, 22.14887634942199, 12.402630297277437, -86.31808488199977, -73.10393293490456, 13.703679616251678, -33.084328988706055, -41.36841658136323, 64.98032011948406, 75.77300305628783, 103.71400387578001, -1.356397724067028, 21.176792028178, 14.757329374811603, 64.5842716127181, 12.575344199760456, 65.84492932255746, 70.73804603301828, 98.55245257503535, 8.475480287287809, -57.17372085180158, 15.979222353833435, -125.63657616791181, -198.9237973682006, -110.10558766633295, -52.21093125487874, -81.0483095450864, 77.09199692220425, 93.88489501491613, 18.530254319979825, 125.3775026779482, 10.72098479005077, -17.55307897252878, -169.52112775029465, -71.90367164529425, 50.51248840035931, -74.34924155800132, -6.402444215222411, 19.242390001106468, -0.035556622545571404, 161.8626317044098, 18.318200034623445, -9.189887610049045, 9.292321185135117, 2.900752501228309, 42.980642868860166, -68.9993899613416, 28.13134255041097, -31.99317838437337, 68.89669071486009, -38.43708990213747, 29.167306592605065, -52.06865509727326, -86.1901998670577, 34.635141428707634, 110.23619976428951, -58.25173355224078, -82.477876468149, 70.65526872742348, -55.97996505730128, 64.05346300795333, -131.9130018489996], [-41.534622788842235, 69.79316860657258, 88.82328648582549, -33.69848497543501, -79.9806001601516, -66.82838202237642, -61.561491843269785, 42.36722803783562, 21.71702472966087, 76.9488970848811, -30.430301633741596, -30.07797837110816, 89.98331434958054, -70.40515068765652, 946.1458810373358, 65.23694619797315, 47.983938135079285, 110.81200384553746, -61.115522294375836, -136.05931251964884, 106.29137122759374, 29.610691541650986, -111.28443025449425, -36.05123586683336, 53.05835487912501, 77.46377308759978, -49.034429374944864, -110.59834680838391, -130.3570644510924, 17.751713346226605, 0.6284018428217277, -4.576721273061848, 46.111889206525184, -146.89363580021654, 38.68170405071142, -50.142089814138714, -111.60062609392241, -17.782536845983753, -135.56430981540942, 49.315288906414146, 2.7627045302213165, -44.07812550162581, -82.49332079825076, -66.70740882521456, -34.73556697914833, 111.94634424490974, -102.9622093423284, 24.33396800110518, 123.41225459796897, -12.649577014971461, -80.66472322918615, -16.787958872755276, 28.740071874685313, -30.733907517473863, 123.93373671655718, -169.777825071584, 16.286708749099365, -98.32190348381233, 6.289551057650666, -127.04626250349149, -36.11900116987235, -40.89698756914526, -42.0742888498268, -1.6977344834581571, 39.42975340674749, 22.299653038510563, 28.58599522730171, -44.79559166684661, 6.137000853224322, 4.665247227668304, 54.48112862804375, -22.01795484341759, -37.49011959440853, -55.745316825038266, -7.644294526149353, 39.170700571933104, 17.212620311229934, 27.621331174414685, -36.55845039741898, 31.414739048882097, 11.843726560511849, -52.993963733186355, 79.91375740854679, 95.0627593570264, -186.56087550388344, -113.03872841098497, 179.92134382716887, 30.018614653664283, -108.68336567075193, -56.660646692872554, 119.13706622986197, 70.89493380705974, -5.435954072073061, -29.711559179949248, -24.940003428247948, 227.93064757625214, -31.72962649209059, -66.35023696957086, 164.6704978276489, -30.635716003847087], [-57.80391726454036, 32.46664166520397, 99.15277114167918, -115.4409622002383, -10.667514579467964, 21.041806092717753, 26.466802328169706, 47.00825015474932, 88.3522150334171, -68.34916009142735, 138.55087493889283, 6.871508224318368, -34.74414774901963, 89.51555857691024, 65.23694619797315, 916.1584627689567, -65.55548645880373, 106.91984252658905, -71.42509111289691, 64.70366901445445, 143.7576747755589, -65.65083023896302, -45.81497084044085, 46.575105289439875, -33.871295048940766, 62.063433650785534, 59.330082971603254, 39.15960965387317, -17.319437952972017, -73.87817410662075, 17.660504820487684, 81.50156627211781, 39.76303315988976, 15.397214482496027, 31.605041800147802, 37.648626569527416, -36.35440372189227, -13.564964928076641, -150.07282078492142, 9.280313075618558, -64.78088053338557, 36.22395539539471, 57.68190409008104, 112.10103176257859, 54.200589262612084, 66.99539469084236, 86.19893234209465, 132.30684346243518, -13.403218980906292, 17.01549836338617, -42.349733707696814, -62.098441912319785, 127.0010305479767, 16.121845606278452, 1.9581363588823288, -76.27492007146881, -58.7477315137648, -80.46837406495317, 125.42182272168316, -2.012860628255114, 61.21101615463095, -138.6380602363442, 41.46897665673305, -85.4291969329955, 62.74609180760166, 72.656903682618, 0.007645451730842753, 55.733727203590455, -14.805363525980116, -139.38962540648532, 51.58447965665034, -143.80971746569992, 113.98697544584986, -117.99155844783637, 0.2216625779088551, -117.97941197644093, -28.797259112671583, 23.230531929357117, 50.231869558969485, -48.92481793583471, -57.18195308062668, 44.17754895668676, -34.19848477820617, -64.8032851531523, -76.92418867525585, -120.34564514474006, 86.21081653015557, 72.72778452893837, 70.19797622035381, 47.50575827266809, 113.54416758456449, -28.818987652965443, -44.13999025173313, 64.6906084813277, 110.01277322066913, -71.99916083358252, 16.193321717141067, -45.99262593409775, -40.249164423586116, -36.24030088408721], [-72.79283710906554, -60.49296753938098, 9.380789549513207, 127.06382276526507, -8.996487068835826, -43.95588676019639, 137.45360009061983, 56.095333008698226, -19.628476308726963, 51.77039349528439, -78.42993817220326, 11.434395637061591, -67.76592564201398, -20.07652203021636, 47.983938135079285, -65.55548645880373, 813.687634829463, 31.016538722862983, 141.86740558967378, -13.080511922907359, -130.4862793999552, -10.292410188353298, -12.660830935380703, -21.678122001027518, -14.692826558045592, -28.509149674676557, 39.0784312967114, 45.18643362770391, 47.146442367372735, 81.16361919500042, 54.03477224724672, 10.567917716025983, -85.6940491220509, -82.153799942649, 26.745941966121134, 3.183813565580739, -14.319491095169848, 192.0884641019966, 12.279788351803344, 41.488321361254116, 115.873160696745, 137.76274436844994, -53.79013238399858, -58.33511399409796, -16.848191326308008, -100.27213357382378, 36.17287392258229, -44.20797310202171, -18.160109518275025, 20.892462351642365, -112.89979620767505, 34.260554128222644, 95.45196440558482, 9.514116686437006, -77.0413364965391, -77.90396254507586, 60.64915238069204, 139.9790960739795, 40.772300152381995, -76.54488551738208, 24.291404911008208, 24.389523443017197, 1.948536069252938, -74.8125357795165, 46.58092004300293, 60.93747783799154, 23.94788919400852, 4.668805093237721, -1.3090133503498176, -48.18908661974273, 34.90171186096111, -57.85700362661406, -47.78015051821559, -40.7265540702086, -35.35105913358095, -71.21813095279286, 130.8310297210771, -32.42322555425961, -9.78042276902443, -8.236510650309482, 25.696189765076028, -64.12435466942401, -23.60540875843981, 31.177304017422312, -132.84839259676406, 54.19874105731307, -49.68626838034228, -133.87231158214175, -73.51551934754666, 33.64634233175115, 84.61599873389282, -43.92706407643517, 131.10558296201708, -94.93527958601074, -110.26497005925701, 220.40191541937827, 81.70632247053143, 9.63745023655768, -116.0634800481558, -106.83345753385389], [5.969511424582929, 140.44139711530767, -98.31657627954831, 54.218867339243026, 4.203039714469682, 2.6776247715270234, 11.430751632151003, 112.03767504418167, 5.13913714960921, 12.847976015286843, -11.95746045620376, -86.27923677883804, 53.41538265312801, -90.18176998290015, 110.81200384553746, 106.91984252658905, 31.016538722862983, 767.1361377696361, -39.20245346967382, 7.172666602671295, -114.31321355573631, 58.571424094126066, 40.99023003619432, 50.31301206933793, -77.85406290256502, 43.89227205198973, 39.898912698366374, 16.112191348814545, 39.27329633361011, -147.44970519654566, 39.246076789057845, 23.85907445164004, 66.02736998801674, -1.2000009829090952, 107.04858791869566, 24.28602241876266, 117.82559399738965, 79.82506882888723, -109.73864110446264, -50.994258976556935, -225.25813300524015, -17.039690228734283, 77.31533141549869, -50.671682592481716, 109.99537722942893, -23.007995960827312, -89.60557957255038, -103.54430313649831, 19.594850452761076, -107.39649786751995, -14.37910301794433, 5.433100874374371, -62.44856222039224, -2.5464436937851382, -40.92846315990236, -122.79462148427295, -74.5785218022989, 10.975052587966038, 13.8493521064316, -5.196945063231555, 40.65867341570518, 32.735094717300434, 95.72195277375805, -32.13311863101779, -23.763909885127546, 9.216035394172987, 1.7160617571404653, -20.322114224111488, 70.32023007957426, -87.40834536241101, 27.30839214654673, 48.589262534728704, -16.243815618565552, -31.10958484456239, 93.29001368671709, 107.49394903378796, 39.95118442885846, -46.12830000230341, -127.95802604748107, -219.71868014086672, 26.73929733314697, -64.70948661039216, 40.558113657533085, 76.77278775438906, 52.12216355614277, -126.41828252760874, -48.75343739340816, -10.606635374726414, 101.50422345839128, -47.509536627592084, 15.175329160239917, -15.56556363967844, -60.11209843059815, -177.18996155949168, 131.32718812148647, 6.711443539837538, 54.75933146071044, 214.9887697713837, 10.937679827829005, 29.25771530089648], [-57.636965748811406, -73.68325441896805, 74.46341472745658, 168.6312253684617, -70.41371786571534, 32.12017930650998, 43.256562943568575, -25.339394762866572, -36.133395044901555, -3.555530217513396, 17.479261274731286, -17.36019934378722, 108.9321760270453, 75.58453980238599, -61.115522294375836, -71.42509111289691, 141.86740558967378, -39.20245346967382, 869.2818320154879, 89.63063424463871, -90.56877178707242, 17.795668721493563, 30.250069043906706, -41.10124286979921, -0.7308135766934825, -163.42220573215803, 145.05374039025287, 94.14375254358599, -88.4006519885852, -23.659539248344363, 103.86096941956559, -65.02384408951242, 3.615774045120795, -122.46724098031451, 42.36739553157181, 28.453136664731918, -4.374682412280695, 179.22596925693, 16.236868895282736, -37.417795474615666, 87.617082786655, 24.10463460512169, -81.28995573914787, -47.09403194740988, -82.63851564565968, -47.360762274435864, -15.227618087322224, -3.83268506828151, 16.438262436965186, 128.0569455423021, -104.10721558877668, 38.82763998605297, 120.61388454326894, -33.58546296126698, 24.352238388115506, 14.954165063160433, 144.5818169054687, 114.64114623743357, -47.28018308191846, 73.55193242715497, -52.35402718443073, -135.50044990779975, 15.169988421019948, -40.81542279663045, -67.72118642703741, 15.509344116708915, 107.54403785206617, 11.231958213440588, 117.03034709189646, 26.29346390304124, -59.66610071938693, 73.33056867980476, 82.39368601754622, 62.00905500949072, -73.70379853919466, -80.2278664759298, 91.1783911443958, 44.826341758869155, 37.88123943223136, -117.63387452019069, 41.227459467439516, 179.0158375411156, -29.37681990017946, -2.18854666851514, 65.08328368639711, -114.52397651084509, 38.90761702333123, -27.420153536283063, -28.8552506024371, -9.640712804272734, 1.419436948385815, -125.33815660700148, 26.13178184204003, 46.78532982062356, -8.678101220221667, 19.58590880253493, 87.02205187105876, -77.955233763839, -157.38210077750907, 21.64246816001405], [-70.0029347201881, 1.485294484445329, 27.25571431216603, -19.732215760414768, -160.6474344128225, 7.354290116373029, 68.92677267392703, 117.22798404074402, -13.400012771299727, -143.115476866676, -59.55468698925298, 40.4869020066124, -117.84438588745017, -71.07758731052229, -136.05931251964884, 64.70366901445445, -13.080511922907359, 7.172666602671295, 89.63063424463871, 721.8202116008329, 46.52078355931478, 1.2414113653241374, -52.16413997213113, 41.3760768714263, 28.411779849998343, -2.412998214128768, -54.698719848054566, -21.957129189330384, 14.476329224856457, 4.1754568195409, -98.9782565150308, -49.3235597461823, 6.583298191489234, 83.21565308614572, -154.46989424624013, 72.65092441067569, -92.04295895451402, -31.700997152692505, 90.47648497069777, 16.10001046929412, -122.55107063012221, 7.302603240397207, 73.97996599950426, -131.4839266307351, -57.565718624743, -112.80173449918274, -43.26923274262889, -28.30310157508141, 25.48926203693805, 1.7671145676929045, 35.17932782081625, 83.63084224091031, 32.24280376130527, 19.490051755246398, 180.08413226058116, -34.91110643706936, 31.73641727476644, -23.65874199971159, -6.77981671140587, 14.076283522193245, 77.7085024323689, -1.456776170154651, 59.40644641903702, -79.99608997076197, 15.633958387942199, 21.973160655769902, -0.20324216723902905, 37.99923171581218, 108.62142857811011, -198.4529421963202, 39.17184536991797, -24.64381134308406, 12.325684430856846, 4.477097618363227, 29.483888421324945, 21.791136416159, -154.03173373828943, 111.05760826672936, -19.747251600201764, 97.3806134374102, 5.459714938252163, 19.7740187564454, 26.844282092489284, -25.271458851209236, -30.65441669115056, 113.61149661126822, -97.04795505194231, -162.28871410322188, 17.573865239187246, -20.93826567677959, 30.928895435578543, -113.81331794921596, 13.957944655912797, -156.36907853874547, 42.256113602925694, -10.00584443960782, -4.0621483760376975, 30.863596412513377, -146.4191731429955, 96.11616560158852], [69.44154485899617, 129.79090475689915, 18.34761060137667, -37.508906676193725, 145.076021746334, -62.65604129980112, -17.953884485908453, -14.77101080180263, 34.618821730780034, -11.818188333788402, 6.86047965071584, -19.492389381314172, 44.78384342155326, 78.054872544939