{"N": 100, "M": 6, "A": [[[815.0850487779416, -6.880865035367429, -73.95323556391766, -78.89758216495369, 33.84159105896593, 103.07165758393654, -48.48738500964423, -33.01647221108073, 32.694363841910366, 59.39504369928533, -16.20623662143671, -42.23836987057114, 11.637882948093598, 62.91489210256641, -24.309598004337303, -31.816859530867966, 44.4455432504167, -16.892424370581413, -81.64109838328599, 109.46200833467768, -29.788894558622466, 47.68262222837949, -126.39486000882934, -113.83820570373945, -61.101548332743626, -82.43971942741105, 55.522964585678665, -29.36851778830976, -17.245585462807025, -92.56234775205488, 58.356377510420515, -39.624253357822205, -92.64391907969853, 78.91335617903052, -11.645792384288006, 53.8687532014935, -72.83876296427715, 54.81407544582679, 34.5293054636067, -32.49334715858086, -22.80550236935072, 68.53985534018882, 70.32349072494799, -23.20308850775657, 134.90834727179666, 44.521726210983275, 68.32549284437984, 49.73347577139393, 4.428034420177419, 101.56909332718338, -104.69876399141478, 16.3089627290929, 235.54227449171873, 88.79536034354645, 0.43331892829737434, -57.45128187549741, 38.34786746268184, 34.591108681625485, -80.0151641640263, 50.02739977278381, -39.50746528024924, 78.2144939095047, -53.95448035253307, 24.417109456117995, -13.89976764382172, 4.99359246904751, -81.58181350764414, -56.580387298354715, 3.6588701936911496, -3.2556819032137057, 101.62497959488408, 3.0606106324303495, -36.39840813777475, 65.80745260692476, -26.47743064886905, 130.85455265602417, 80.0451312193119, -28.343931033450264, 72.1528673706773, 132.7188305694167, 2.549582552538774, -67.32806960143027, 56.89529612009346, 100.13032934038608, -141.53568870579016, -113.25397770468982, -16.03009860514894, 19.223108048949566, -2.9621153694741578, 35.412335800910746, 9.817178556352951, -48.38936700519519, 83.96995567755528, -17.76452330074883, -102.87113695772194, -31.79612342575159, -26.020993673517843, 71.39675508173937, 67.2646575389176, 143.98370318313493], [-6.880865035367429, 921.9637478877196, 15.276943613010433, 26.909273908121225, -46.9847477045073, 9.374631736541618, -12.793939308248001, -167.14103485477204, -54.15803721895066, -20.270415001643823, -26.260994956861687, 34.81410488880967, -63.29227136767065, 112.03471836591807, 40.044987957171045, 9.611313000884403, 2.7213765872964966, 80.97377816299345, 25.471163249368622, -36.04319042035637, 8.539745441075718, -53.126458202511024, -1.68336061300107, 11.295328517526212, 113.04218438017797, 83.31619261020357, 95.1261772668899, -73.37165094871058, -5.135705332474494, -44.1242528849333, 112.64719524927929, -31.74313002781257, -32.26109723663445, 81.77983469882194, -73.49108431331017, -49.77838454296363, -48.29753200414743, -21.494004569594033, -4.683723193658596, -60.40956441396292, 118.34717087764263, -89.83605452426272, -13.185030822049304, 5.055649530489062, 75.82401960517758, 28.465477559867747, -65.17894969597214, -135.8100075797596, 57.67087766019174, -75.53592425419313, 27.067716455442643, 76.85433711835915, 66.25976832283334, -83.73686343001484, 70.72913974662875, -19.259249897675126, -65.94440939004495, -38.550090453353484, -112.30887116636411, -17.373698168909097, -110.57767688707668, -21.942828755014784, 69.1875050721672, 20.822211887825063, 67.7305337459847, -153.6902019985101, 98.4597499015885, -9.401393976385556, 34.096581579886575, -6.971346800469634, 40.1900035332196, -36.58598133954233, -112.49737323225501, -120.2962923406343, 71.42013314375552, -12.057153820213017, 42.03694609840433, -61.102526122306806, 28.532395043501232, -6.499319165844535, -67.89928807596225, -45.50629511834573, -12.620764684978178, 28.54286651695992, -58.62098689420546, 106.19193481140825, 48.397443356575245, -88.23415650519922, 3.381964864890712, -38.168871549409246, -69.22660820169276, -63.23474300134294, 122.69159928795669, 64.31563829966069, -79.82117787393484, 92.12109811544232, -35.536272357170894, 3.2698655121281246, 112.31649154988979, 30.94333781835217], [-73.95323556391766, 15.276943613010433, 1183.8528801160178, -34.674835774002965, 52.33660093032251, 102.52895406138055, 148.04328454057833, 61.67325266528635, -64.98410165687473, 77.72488547687975, -15.24058334421436, -60.89113796630372, 6.0786962042724975, 89.63822518909318, -76.66521810899151, -75.39779426996695, -3.7079485026269197, 38.99552112250155, -35.429061002529814, 56.44791838030332, 36.380813524718725, -18.144525445226677, 18.42393088775546, -1.816072783039062, -51.292334921508875, -81.36310585599347, -101.19675788206257, -42.80371433796931, 44.158516859424275, 14.470538891593739, -23.379255335590212, -7.358954957440273, -114.44733445539369, 110.09204957878804, 22.172129665349814, 122.78410194027191, 47.0577467529667, -118.51933502436796, 97.12460470760891, 19.551020848877997, 144.97985237992904, -114.26012493858775, 79.26358900911572, 151.56167747963417, -88.03956513643521, -76.99258744164916, 73.66890497367692, 22.83268671461966, 43.96652892926865, 91.92848583640323, -153.3843928483435, -72.07681484577222, -38.48975525664327, 14.177491577662453, 9.417446393809607, 48.755218941470524, 41.70951932051553, -63.96743778681371, -62.62642826934372, 50.310759482283956, 53.0001677824357, 38.369044909558816, -27.67847291006896, -123.39238523575972, -13.58778116127355, -49.66301102626749, 10.387651484982014, -40.08088597507006, 35.29861501187743, 50.05808440102538, -92.201996383565, 30.0625005059268, -80.48169047479823, 3.2811704108230484, -157.56880815225446, 39.12291375425771, 6.461321089337103, -52.381336961498036, -129.86414801665532, 1.9251482636756494, 116.34777423929611, 22.475414323572114, 34.40523643605386, -117.97464229334227, -20.27411751389087, 73.49967904807632, -178.99147241299426, 19.829261055076568, -20.557894040804687, -140.68219876625392, 105.35131472456104, -0.6415768505090796, -66.44773434571444, 75.76652085358894, 130.95952487597478, -155.9051840228323, 67.08520201849599, 0.9750975100252147, 46.7881576534758, -33.06045662072564], [-78.89758216495369, 26.909273908121225, -34.674835774002965, 897.7294464592303, -49.88886960929985, -18.61891612357639, -46.47214795698082, -44.03756406091178, -16.855739274760555, -77.77700419960716, -32.77665154324374, -47.50424486080596, -91.73889440941383, -6.26027917219314, -11.30660330903112, -66.17101698519014, -69.72713379311483, 28.316829821541035, -36.07539050411704, -55.9054620508304, 28.19312559126852, -9.774821082779512, -115.99722643057689, -6.597023143363468, 1.9475841273731291, -89.66978419383037, 7.676050173856217, 58.40134131146831, 3.732651751444772, -45.7772190860324, 22.765912991388937, -24.897248172970965, 119.57219770212963, -82.67149163733596, 135.61761982354457, 17.83159028601165, -22.371372085794782, 89.7006252592221, -56.3481765915722, 9.0660407792764, -3.1946651842253244, -14.525412762899762, 78.92651355506713, -107.49272719975365, 48.718388961395796, -8.600999126967565, -118.06670960738249, 68.34125554948677, 18.603798521574216, 112.78702667303536, 130.72922885076377, 27.994278908916375, -58.15633610301203, -18.01169431598334, 90.3661070411659, -52.86627284491309, 139.77319594194827, 17.575485119923375, 83.0487757414557, 16.619895605611568, 115.82178242470668, 162.69108745161975, -86.42277297904326, 70.53934162226157, 86.77215096317231, -0.09297667081049764, -118.52774635161968, -71.5341400716478, -158.53443790309927, -9.259836790639906, 6.0307264677610135, -81.19151520955117, 36.91323456114149, 89.14082063288187, 23.525358808559815, -79.4145447753445, 146.72131709405002, 123.02375102535434, 153.51250988131173, -21.460184190368153, 53.44484006842788, -42.560407194004334, 11.039647013217046, 16.470209803315818, 105.5327109596996, -58.22689824175794, -47.087369734713256, 84.21796523577618, -23.94853664062483, -46.961717520222685, -62.166877588596854, 84.61729856467738, 31.276671936026215, -90.8010032996586, -80.48036945333989, 94.01545915724634, 39.147983685879694, -42.06189605851139, 13.322636114733635, -81.2442953708967], [33.84159105896593, -46.9847477045073, 52.33660093032251, -49.88886960929985, 848.0980428109506, -32.03758728757151, 60.11049215957642, 33.30411445471919, 66.81258399860508, -17.07059049257542, 24.175014930090242, -179.5428151888544, 12.312639529582883, -37.09125903836308, 31.093177641707296, 184.81024038424025, -14.783710417913262, -58.81253440395693, -79.55188721505942, 75.50783441600356, 110.35916578581029, -2.728261214941155, 22.084672653126585, 128.47454962424993, -51.8715837489957, -87.6493037000227, -71.54474853209985, -22.0758294184661, 19.75110735609058, -38.71007512085209, -57.6983667921308, 4.904331427560108, 52.1919733658091, -140.09284456613278, 41.685281583568774, 113.07543830545714, 87.9674752929425, -64.82384864764006, 89.52131419478657, -25.85916050518871, -29.649467478516907, 103.93606654736115, 24.286067248300004, 69.28100138142942, -46.89849864769905, 13.711306930943595, 47.36386876849822, -151.43760372567039, -16.52503520589813, 118.95136329781417, -51.86722350852505, 75.36442085757439, 98.04304302448716, -20.11867134397003, -37.464925222046574, 54.06877033573182, -49.477937150966724, 36.571619194869356, 116.4763726388853, -45.867019536513304, -129.28896182263722, 41.97903773339794, -48.14492328975283, -24.31024645794961, -132.4888392992273, 123.23302054735609, 24.789556627805506, 23.60754737213133, 6.4414537499097175, -34.16133467330675, -76.41212572405455, 20.238987460997834, 55.04567452014796, 166.8352264778778, -15.686321945870548, 51.01925737212906, 12.742914724799762, 39.741753909326924, 94.645644502679, -68.10213009942123, -137.1860054982965, 49.972951162887014, -50.43906331876724, 100.21512352211221, 6.567346244804104, -145.32607768781028, -1.0775510550226215, -35.16747870996488, -9.766590442634515, -69.42797070342716, 98.8809345242537, -32.772739128020824, 11.609983831243992, 37.11671875860303, 46.27814255106494, 47.56668236697232, 1.4362808700887295, -131.54894857456307, 76.79175032608889, 69.38269279487417], [103.07165758393654, 9.374631736541618, 102.52895406138055, -18.61891612357639, -32.03758728757151, 1038.2268147941547, 30.33989082290478, -25.77668714651306, 22.568684654957902, 59.38159270453212, -16.947309730068724, -172.37189279697185, -64.68348003722436, 31.332301817305126, -24.758011943282302, -126.61408869922043, -35.116086877202655, 36.82342094126582, -107.32426144521602, -30.76915037447996, 49.861093489733115, -2.8841566748404914, -80.64296003447582, -66.9957246722769, 13.984554600313963, -94.48851912808752, -108.54028780910646, -65.2995570898227, 80.71887433120685, -176.82716510915083, -94.7591211256663, 49.77769338369887, -17.045430490417754, -56.764060971990105, 12.448274407833456, -65.52027640138712, -4.312124683890901, -69.7215605284536, 64.31969905015433, 98.61958366977757, 142.16147891438254, -76.81775713706729, 177.7420430735922, 63.66244833115176, 46.33178173523989, 68.29772549483722, 38.962861882374916, -77.19410872624978, -25.728443939310452, 37.58371456582588, -17.036583742548988, -6.972552428926205, 122.7979149557373, -20.920689964222245, 147.0802901473811, 34.39699370710728, -16.212913061572245, 164.18713569742582, -148.62654866297004, -95.62316654538267, 64.0622405620317, -13.442164267890876, -174.52234905547041, -76.3887400419581, 72.60311808934352, 138.86830520267117, 83.69206847129671, 57.62938395879589, 21.797857862701008, -117.82272467187312, -27.100806970982102, 10.330970397338586, 37.78436340902974, -79.74980977989915, 87.51051044477929, -15.966228816181886, 25.666023263414633, 55.09999382161476, 31.163213143905523, 15.977216861151655, 49.0366156526561, 6.14457615909561, 6.3351999157370145, 39.99021632576658, -53.57352226295967, 55.9677463204606, -50.389937363021765, 22.568160017266358, 64.84139651648621, -48.01580427742164, 74.80562040602518, -40.192410027954125, -95.99923436204435, -39.642232815333216, -37.20193029533574, -132.86425116460157, 50.42030021090787, 2.8945734531587033, 207.1833279265131, -74.55897681224923], [-48.48738500964423, -12.793939308248001, 148.04328454057833, -46.47214795698082, 60.11049215957642, 30.33989082290478, 1100.9524994087358, -18.59306107614789, 52.665783080589186, -24.37082080865846, -20.983889628530193, 126.98027099563582, -42.49656934627665, 42.36510113884362, -53.24483917295746, 137.5237369699012, 26.52531638451953, -20.374692589121846, 10.54634907856428, -18.30590352204972, 130.80389931028444, 21.38217513676171, -112.18606362608158, -92.97903304611651, -67.3434070898903, -30.95357544355401, 29.18465362218824, 6.619895456949698, -85.48047101206932, -26.642275820017357, 81.34467665230392, 119.7165051761958, -26.565302215079544, -43.078292977546724, 13.972207054407594, -100.53808617856447, -8.41254850751866, 38.31216638521063, 75.30250746540065, 221.8644645949294, 3.1184690599840303, 10.643291304022792, 48.918307241840594, 97.79801874939342, 67.79050087587333, 71.09071640009967, 8.326934584802117, -27.718054709015934, -54.198413212278545, -76.94259771184609, -34.95686797966048, 5.348868172614292, -195.3456044451204, -33.727485561778124, -26.828640909290662, -49.34079402630961, 19.58914535144878, -61.46377729725419, -31.128396108951733, 179.51074747207713, 12.614317738131065, -143.04655701808298, -47.85277432248375, 80.65215116965948, -107.49806105504094, 69.64514341137006, -5.659249561461549, 25.4685738973341, 73.96973147969146, 105.76291331640232, -101.37830990037519, 52.87354133017469, 66.47564863252492, 46.14947176518201, -150.92790630193403, -169.0052642919431, 92.34234467245263, -27.421255227467075, -4.83795150167777, 26.806541383123488, -64.699434560266, -20.36863393581101, -74.59234397578705, -5.865590067296603, -96.53893574240828, 91.66735171360757, -60.296974820777464, 21.532474390629588, 104.04115220404442, -2.443142837843229, 96.19763179226084, -81.07296111701378, 55.70799185428667, -51.246829233598234, -21.825559894645973, -84.2529437923502, -11.678840357351122, 93.76837436474298, 83.92015566583913, 218.4990088426073], [-33.01647221108073, -167.14103485477204, 61.67325266528635, -44.03756406091178, 33.30411445471919, -25.77668714651306, -18.59306107614789, 1013.8314302253495, -21.245996910460747, 33.90684660091359, 136.08510451317485, -125.38464374168315, -27.798408339055403, -51.12039698364282, 4.077696875510197, 7.446440976718481, 166.62826468402952, 18.10632056769129, -22.88378665430595, -75.36918712599949, -46.9154701807483, 68.50120404774296, -110.61684105946748, -44.916286668968276, -109.7915681410189, -164.04214901007532, 7.145202088236706, -6.0762036327020645, 140.51272892694493, -8.605983581940766, -32.72441458025193, 52.63642943591798, -157.43871521769566, 80.48606959346077, 126.8510549019576, 66.47584248833913, 89.5448807905438, 3.2246870011819193, -34.4884645209015, -47.04349332720518, 160.1173509857208, -89.68231796800762, 11.556600378504696, -74.85595859934075, -28.546123397124767, -52.71753094894006, 12.783366457965847, 6.40169256378182, 30.210045909977158, -107.14274071789411, 53.11105399205085, -93.22239939729037, 11.746009644663507, 77.30955694165884, -28.682832366184122, 51.618866996642744, -13.193329708114042, 12.357275778910239, -64.68684221610458, -56.83398126932029, 126.30724679145919, -81.16544063886609, 61.69550035488326, -9.257355212971119, -17.368502295808216, -64.35321727261038, 34.34065790804698, 9.098234462089765, -2.934772762835343, -53.0790211557439, -108.13613897803056, 92.97730731658221, -58.82592737596922, 71.41367477639648, 8.665774854668228, 10.355843198806284, 104.95109451374225, -105.16601220935625, -93.30034125392419, -122.6120420085321, 16.984248899046065, 94.03521303288524, -122.63587357374278, -7.092066070374246, 33.077888762872064, -19.324241492194844, 78.01847120281998, -77.5974372636846, -59.00368509371255, -57.80880492415858, 50.09072326426722, 34.11069121449907, 56.476766280941725, -140.47653214092168, -13.870023651254064, -15.283753654390148, 21.625478072772218, -34.417042029595116, -64.50532912974668, -224.8991725697215], [32.694363841910366, -54.15803721895066, -64.98410165687473, -16.855739274760555, 66.81258399860508, 22.568684654957902, 52.665783080589186, -21.245996910460747, 865.2227684578849, -58.43164565261201, 41.11467159713421, -71.62502740617114, -162.9097842617798, -62.217767821949735, 34.01166934901746, -79.44364455837383, -15.837527202708968, -9.704224016507526, 39.868092085258574, -53.815880691932335, -125.87617132051942, 29.646579354926274, 8.68098587870379, -50.68586070809938, 82.5157512558068, -116.17348862366265, -87.4242523986742, 54.473855418238244, -11.458803083823431, -173.11735028948402, -71.91896559497005, -167.96445068766133, 54.33550828305319, -91.32595723089588, -48.96485333812951, 142.4350156069846, -59.57204310779066, -58.09860067503629, -8.165302910238754, 36.72288528568865, 57.46483875654012, 46.13100911622003, -13.426764079937247, -15.152327306071994, -46.11497383569527, 76.48308606628676, -44.58777702087067, -77.44807116151843, 4.640434710737039, -139.11350542045588, 118.14689353163479, -45.96184650367982, -39.203932742482586, 14.663585716162725, -52.771527020902326, 16.98762246749384, 33.57921680202443, 32.371537626162, 132.80492272274768, -80.9305167117019, -139.6591550099687, 73.00567899342569, 6.00719499666497, 92.65326667536938, 29.290535522523843, -9.739307398515379, 46.92408131918369, 61.581625630516676, -3.2536570940439407, -32.234898377624766, 69.0563267434951, 79.86839228670816, 31.62316665564781, 17.682961351271775, -0.5676769862713948, -49.54652184696975, -87.61497687264018, -61.42680320138812, -1.490253935753159, -82.46137009336636, -49.75966188406116, -6.289301896463001, -91.94796823022862, 53.64901049638472, 57.070204914977154, 59.63697843169651, 104.26106987023535, 52.27758286553389, -33.18018048401873, 47.52027638555049, -95.8711674547633, -17.180941610625204, -83.91841733383441, -94.61821739351552, -89.3501174489322, 75.83178384899938, -129.84008785305008, -33.038169504468, 63.78417449672064, 56.97536707187436], [59.39504369928533, -20.270415001643823, 77.72488547687975, -77.77700419960716, -17.07059049257542, 59.38159270453212, -24.37082080865846, 33.90684660091359, -58.43164565261201, 909.2450210042725, 46.171209172373445, -85.75800817908787, -17.72055598689293, 19.710615420471317, 33.158455244344815, -86.77091533306198, -47.00961927880581, -32.55635046135144, 147.22555233516698, -5.407116891591936, 95.42609043620219, 5.255544136517417, 30.907300843646773, 149.90955734906288, -87.64332205682099, -53.78709408579522, 18.28952633896152, -69.15752884232755, 96.29238432775205, 19.47666378903748, 8.349257290497604, 207.69759934560574, -129.51917592584257, -109.946286784965, 34.92093838686974, -60.87925633879523, 5.3035820773777935, 119.49207453974769, -37.407490369583805, -34.15238581618612, -90.12162744333634, -3.8758230991128864, 12.248569461117622, 2.29274773033199, 8.187186544470444, -15.539675717947242, 34.02224474919977, 89.49679454728229, 68.87126231909136, -58.08308498284491, 30.520508307147754, -28.923642469897256, -21.363594067166115, 54.561026124360055, 15.336032919567451, 29.82829022352492, -93.62912995919136, 24.43286072340281, -38.97270069630528, 107.41574858312774, -4.621353247290103, -87.42539255923529, 12.753059929552611, 77.35985238663922, -40.92774199884805, -2.443032455833281, 70.31332279807168, 23.078619308012165, 37.747199925285166, -54.410664006482136, -55.976855803637584, -65.55338994457067, -111.70229014305131, -26.694018849128675, 44.33158323269989, -18.28243527019668, 17.76321548739048, -117.23060138344074, 16.030989079565636, 18.559117322314382, 142.80901150284302, -22.427336576285576, 79.83119435557961, 77.81351228596002, -73.8703973741665, -39.916067394877395, -39.84301661831554, 14.36093181710444, -29.968210501224373, -32.011336913062706, -50.16808957195781, -55.929137722031165, 99.14544968644151, -59.95419712864507, -72.38994452887707, 21.456777083030108, 39.66465019079809, 26.871912984447984, 0.3711360920841224, -57.91237683090115], [-16.20623662143671, -26.260994956861687, -15.24058334421436, -32.77665154324374, 24.175014930090242, -16.947309730068724, -20.983889628530193, 136.08510451317485, 41.11467159713421, 46.171209172373445, 922.3353501511355, -97.71411990612938, -73.42455897977354, 77.16121946246369, -82.77468755563203, -64.81927637767954, 92.27912840417548, -104.40334484441686, -10.206669962967531, 94.93651801345861, 44.73744500678683, 29.862704377836454, -2.5802895632717413, 51.811190745984064, -81.83380025395847, -38.81812242109375, -4.895122224760629, 6.571727812389745, 0.10075525681118137, 44.34473237056334, -128.5042166499903, 12.620449068157264, -22.895486806789943, 39.48792826435768, -61.75783191426351, 73.63639299968567, 169.75116834933638, 49.71435868472141, 13.642924088544746, 18.62383669698776, -16.158050089412743, 134.5189931538492, 62.45464576376559, -31.37461973054621, -6.243495586322056, -31.022946605562346, -2.065844614630978, 65.96857019383239, -42.202338772486385, -67.84469119857212, -41.88634756533167, 67.69342412413776, 37.322547227819705, 77.8960041484631, -40.82071490811846, 11.400031185823362, -10.065117007632391, 53.796504224164366, -12.892162768620697, -133.82221851751146, -24.737736312391746, -81.24717609856772, -83.69016017137858, -7.828145255535163, 92.81529307016184, 58.12045701922653, -79.20930865158591, -3.398567475982653, 150.96139637184154, 42.17697044147884, -12.767962580229222, 20.73189444018727, 16.180813538872375, -22.990112339017273, -0.7545643816510559, 101.15598137812938, 8.241114925981961, 85.67103452648412, 6.912450809712338, 11.722606671437283, 7.046102736837533, -71.75094796469972, -119.52894255350546, 3.6710465852975473, -51.58170868983427, -41.251425072177774, 97.34508560593936, 75.72694085902344, -36.6389553489313, -54.84665667218935, 27.404669217129527, 115.51072871923427, -102.11995014122134, -41.86236234410917, -39.912994810696055, 12.974545584375031, 52.9233607894629, 127.50279154451408, -95.79534277992373, -11.387062594623819], [-42.23836987057114, 34.81410488880967, -60.89113796630372, -47.50424486080596, -179.5428151888544, -172.37189279697185, 126.98027099563582, -125.38464374168315, -71.62502740617114, -85.75800817908787, -97.71411990612938, 1048.529579317915, 12.251084935065128, 72.89621596430833, 6.558047348811107, 39.101682740958104, -36.987516148415544, -48.10810894188695, -40.319953184858115, 35.8447070947375, -117.13003438495903, -16.562936877275266, -119.72084110540861, -19.82831395002862, -102.7582267795346, -64.0869690354539, -44.910038464744716, 112.48340843627908, -12.246886822611058, 8.266753872616825, -56.859135561529975, -39.27099355207036, 54.89612110142266, 6.7460284389623055, 4.107704646353168, 96.85621221203594, 84.0481608071246, 27.57706439787873, 8.642146134045102, 74.88541933107098, -27.214758592700683, 38.377186703714074, -126.24258429982338, 28.403148421904415, 61.62476091238044, 167.48577317713978, -127.26873786306909, -56.66572016605486, -38.02139032741177, -14.738891773141571, -134.43087291999169, 18.798564055761133, -121.39541637968335, 81.4739115555405, 90.07210779800549, 12.991232968101816, 38.77367212646655, 106.03111525040502, -38.8691360289136, -9.000226792426714, -8.761689026658042, -47.49864893017339, 10.951814122613824, -29.69124007917547, 20.973999199906068, -44.69670606822822, 71.92200202558266, -56.66011593245707, -47.62351338997411, 52.25693287160665, -67.39921562959528, 71.09342609207194, 45.983862632128215, 27.203958560603485, -64.50352965149497, -127.42699559803778, -30.446559769287326, 150.0981719385253, 68.03314163796784, 82.9678778056728, 35.45546894399328, 85.58498214701487, -106.93793537329736, -46.335659851752354, -50.21043478179499, 214.06393483755411, 136.56231688982325, -50.897795035109795, -84.30127210188869, -10.877088596808052, 46.87974875335514, -25.42418961607967, 79.94541693446632, -15.775260035051602, 74.82299809068346, -5.600937019776192, 28.541920491180907, -74.77466061362804, -17.55284797989854, 91.04112405468037], [11.637882948093598, -63.29227136767065, 6.0786962042724975, -91.73889440941383, 12.312639529582883, -64.68348003722436, -42.49656934627665, -27.798408339055403, -162.9097842617798, -17.72055598689293, -73.42455897977354, 12.251084935065128, 805.9922639451555, -18.311921685120716, 11.713285358285153, -159.07046143859066, 20.0500663458088, -3.1487123303727955, -25.927636111747933, 68.86555738965205, -17.480389511346456, -88.3291848945917, 93.20432339726051, 39.14987404873626, -149.17347511901912, -72.22204913665342, -27.022994149857535, 47.345326155489495, -19.338194700921054, -47.62531803707851, 2.8850366962894984, -1.9713604742842925, 52.352419555101314, 92.26334270484459, 34.56456391936772, -21.29376684250093, -163.2939488729086, -30.31523493394719, 55.10934990334071, -69.29064438237236, -9.438131998877088, 22.866884343266207, -47.4695301453892, -43.293438919662314, 35.30979695138278, 87.1912697745788, 21.782857035215635, 78.46992546290063, -41.629375743262145, 42.066271219134215, -74.88959125120938, 51.89880050982223, -31.76777511760494, -8.055737367099479, -65.5687753837315, 50.241791821712866, 42.47628522122354, 51.34874780949059, -80.25120178190973, 39.97808466477705, -92.72728875219867, -48.593981168291315, -134.21436747813567, -107.24642324587279, -108.15059183784898, -38.81720653409514, -50.66449009508784, -13.956783286460237, -34.99797807829158, -43.925306953922785, 35.753792641586145, -133.0986059713088, -95.0539645708843, -70.73787325603443, -63.92712625635074, -78.36101807099142, -51.364141816392994, -15.005269809594116, 58.72774436372121, -49.46868133658711, -15.294339810511568, 21.331205004572936, -32.63336063148643, -9.435534396028652, -129.29383185263035, 4.947429418757483, -101.72259768614538, -108.93615369843009, -14.665150064092304, -49.21655985306499, 34.843366363247306, 47.57559923602577, 84.07080788905344, 77.00933422757446, -90.59166844612062, -52.00600872088594, 27.182989164292536, -111.3355533204649, -93.85548205654841, -82.07244396346097], [62.91489210256641, 112.03471836591807, 89.63822518909318, -6.26027917219314, -37.09125903836308, 31.332301817305126, 42.36510113884362, -51.12039698364282, -62.217767821949735, 19.710615420471317, 77.16121946246369, 72.89621596430833, -18.311921685120716, 844.3087565668646, -56.46601464529961, -33.35477103111493, 45.3241960430227, -113.79731859976734, -19.359906880983875, -143.81888445119125, 37.61375741501987, 29.849631844542916, 16.52097627568592, -34.458592384602504, 2.447362518495052, 15.657805373657778, -0.7380570726175347, -13.042869502927946, -120.5609941688002, -45.024721152537175, -39.11164980908398, -79.37404350087296, 85.49530449641846, -72.60569610869054, -46.700107195076065, -52.49902898297669, 51.83450041427118, -25.038442976641317, 10.923122950145991, -77.75880825989528, 177.78105899178829, 23.059459589427345, 17.196592190521002, 57.07033879025074, -22.207827331218112, 35.8804032997735, 69.89544116834618, -80.67049081419508, 69.8261525996576, 104.89293104572633, -80.06879831675758, -43.373171714844254, 11.301010339937406, -87.26202663919926, 1.7220582340851525, 60.07642116350237, 134.1931593305985, -42.47666145248393, -84.19434940796738, 74.43421898416018, 139.2554901838733, -23.68330908036583, -30.430213834095788, -73.01753722629674, 73.4982161704553, -108.02652481054012, 25.007000687937133, 4.884543727518688, -11.361315818052377, -16.077639195436717, 70.94709615765991, -5.67463369204843, -76.29297849037778, 21.526807826719676, 44.30821294869807, -13.74141681655236, -46.55271316117585, -26.647246262716198, 58.963609300269766, 247.90406042078789, -64.37602292877013, -50.19844871559086, -104.60416932117461, 42.86309104548595, -49.32911472242678, 5.518619576233274, -51.98831964085556, 39.119802371747184, 83.47065181964513, -10.020581744011873, -27.38325849147314, -90.23070311248966, -25.172960334114883, -87.6990958716641, 0.6498380142198212, 110.09979021790105, -1.5196192836110511, 44.95227472684016, 77.21292712177106, -54.7225781930745], [-24.309598004337303, 40.044987957171045, -76.66521810899151, -11.30660330903112, 31.093177641707296, -24.758011943282302, -53.24483917295746, 4.077696875510197, 34.01166934901746, 33.158455244344815, -82.77468755563203, 6.558047348811107, 11.713285358285153, -56.46601464529961, 960.2992320429798, 37.52470150435861, 78.63393035243546, -47.79955041251391, 85.96702566517042, -5.632398709265933, 31.80934939292439, -14.024180287919677, 91.1527975570555, 180.87581297851224, -47.3459081045699, 19.022021091768888, -114.83642953019218, -100.92652561191304, -36.910731209753855, 4.846490701653441, 54.8026273229048, -49.02733730914436, -105.81325750629516, -56.89108640025577, -121.080758108725, -6.728154629647369, 83.20255981202169, -95.31881554261035, 105.27743097863743, 3.867545504311089, -23.03695663045285, -49.547077828639445, 23.741204490206098, -38.21477233953974, 21.62805303611222, 97.7136955159273, -65.99648598226298, 3.637422698236668, 64.8007006850695, -143.69954565108154, -87.95599791189355, 166.2798123598192, 32.669416408302006, 48.442053522147724, -6.476084007598338, 6.778057487332152, -99.79117021432069, 67.9500438399954, 116.93456090299875, 77.41576427273058, 63.35852083643263, -92.75302294567695, 6.530269362943587, 36.07930584504172, 28.116086444087998, -3.2826839696115493, 4.861293301776707, -18.388897266633748, -36.94656618755733, -51.53959257200636, 35.844312820909366, -26.46695966335041, -47.717512860298896, 58.515606538458435, 64.80319866492853, -111.06808156903712, 31.22694040293165, -183.73541880513946, 69.93354362485293, 49.83327949191723, -39.1558084677195, 127.75732091020795, 119.56997229866326, -65.82252892402684, 47.12335461118844, -29.714087571341143, 130.63617323838284, -183.08175945255093, 87.93861069804403, -0.6489900834017798, 14.783327565675508, -94.7170351436928, -13.994025296403386, 31.33377259777074, -24.799518977083885, 55.961788262819205, 111.26854188191368, 14.64453839643193, 11.575761378820618, 91.94341647971402], [-31.816859530867966, 9.611313000884403, -75.39779426996695, -66.17101698519014, 184.81024038424025, -126.61408869922043, 137.5237369699012, 7.446440976718481, -79.44364455837383, -86.77091533306198, -64.81927637767954, 39.101682740958104, -159.07046143859066, -33.35477103111493, 37.52470150435861, 1006.0855885040024, -36.09101226142478, -57.670899211072204, -60.21268502983262, 50.08915732910289, 19.4178595074815, 120.2657514201474, 194.8382376951424, 21.264329041272546, -0.05008868921858765, -49.29698964800311, -114.62178780305281, -136.10167097537484, -154.0483933018612, -9.89418362082817, 128.64999892862056, -88.98192288618928, -101.94525576691449, -82.3074823022312, -64.8111488311126, -74.43245768128529, 173.88281517817995, -39.68623935205594, 81.13011067215098, 35.448059610342575, -19.526301827183378, 31.889200983722226, 21.644963702625947, 14.354375866383618, 71.75021935191093, 38.98246804945267, -49.12204506997587, 11.728926279624996, 1.116010300184775, -8.571768794801239, 86.31211345963655, 30.067122030580833, 18.143362486269428, -94.39836138598733, 42.23258139401355, -25.92160084612695, -25.48859595318646, -48.80521589151024, -103.18524195765437, -21.17156848469212, -29.15474220914318, 58.10806452097381, 102.1392221655722, 149.36155920919026, -25.84352369291658, -16.83212697178545, 51.61213507370485, -6.176435704745906, -21.25343988453953, 106.4735454837653, -73.10638722766913, 90.61156475959324, 42.46857360368299, 48.6559607950067, 71.87021289181877, 39.027949001672155, 84.25646496852737, 19.26277475793593, -121.55802390736478, -40.62614782506672, -185.42513351309805, -1.6148542693967087, -69.09532952691372, 48.72111824686962, 134.03337330009674, -108.09649154234144, 47.469823781585944, 13.00050976045328, -25.013145792921, 117.09566000076667, 65.32846075289092, 38.664227802171666, 102.5193735796468, -23.536459356959888, 1.9471913989586997, -56.4872994499001, -53.578488349770836, 80.55679077307202, 73.74264387697703, 25.839966659064448], [44.4455432504167, 2.7213765872964966, -3.7079485026269197, -69.72713379311483, -14.783710417913262, -35.116086877202655, 26.52531638451953, 166.62826468402952, -15.837527202708968, -47.00961927880581, 92.27912840417548, -36.987516148415544, 20.0500663458088, 45.3241960430227, 78.63393035243546, -36.09101226142478, 975.2297789736999, 16.77111082974518, 160.5241092371864, -46.48195980558997, -88.42001651654297, 145.18637289994535, -68.68022467136271, -85.82739329510333, -74.19215531237288, -20.543297482777927, -98.7777419206836, 153.49623386661384, -101.44376175348249, -53.19251050756369, -51.214141416428355, 38.597746358007804, -54.23644277980686, 42.253400119146576, 12.704332331582691, 21.696818669039843, 23.949439179463287, 72.46508804080301, 130.60796582723592, 133.09889763960516, 43.05646469687005, -11.908942634076103, -85.06870052750834, -35.75914574240816, -117.47952896652836, -27.446820263083254, -103.57248312430508, -154.1436404242749, 76.06199759983252, -116.44020600056876, 8.22693310942434, -51.748582875473495, 96.7699211741742, 87.99579804450907, -21.745613932974045, 35.622051387090394, 78.32174700404417, 84.5368671082322, 40.02359798117527, -23.612535623568373, -79.56717063947092, 71.6619384129453, -83.99255549947603, -3.2216432843290828, -56.062371703005326, -36.978893414156914, -27.51610367703365, -39.59151335131924, -57.365626124347564, 96.20624498934556, 89.48747160225344, 9.167035586473826, 8.228316981749945, -147.89205681588456, -108.75826513034957, -40.639763137538566, 27.27655349064218, -3.6613408018511056, 72.91340665813884, -75.79742691105399, 142.9478641026222, -121.93831223888371, -13.825305685723926, -36.418472399338896, -64.82160224855352, 8.119182905779148, -25.742938790367862, 13.611803994753222, -19.748924304365904, 25.694356016146823, -14.856481740860799, 59.52831957444723, -61.5462967865938, 31.107961108694823, -34.53732677831505, -11.865015534873278, 56.188096886323315, 41.27224130877841, -42.06566189819099, -98.33041804628766], [-16.892424370581413, 80.97377816299345, 38.99552112250155, 28.316829821541035, -58.81253440395693, 36.82342094126582, -20.374692589121846, 18.10632056769129, -9.704224016507526, -32.55635046135144, -104.40334484441686, -48.10810894188695, -3.1487123303727955, -113.79731859976734, -47.79955041251391, -57.670899211072204, 16.77111082974518, 774.3029047303505, 80.5502262797802, 29.02326946838975, -3.451350038660209, -103.72703448416185, 20.867366282293133, -26.140227759295357, -2.411542483021604, -22.613911174654437, 3.568253711032719, -26.5519100490725, 21.541939657249465, 37.52942046471296, 5.819741171360137, -88.3396137107997, 33.71316891424267, 29.099490197051015, 40.32100410291014, 50.99405071994266, 21.004056189408036, -55.57444205094743, -45.03533774500503, 3.25826081349394, 5.490389771935445, -57.47873672763316, -33.25902214814462, 27.667612781857198, -48.09535965605753, 47.994587480882835, 41.698321899814125, -19.587027341036336, 153.59660108762654, 8.119530164545354, -11.7968130503454, 40.33383826986839, 105.18879666378014, 20.09532828842299, -45.38815620948912, -32.81784079113121, -88.83856961223383, 130.64287657507455, 14.782240285263121, 46.72100580694178, 104.89752753818709, 104.17856181308294, 53.27346353022781, -108.44362063774432, -30.534211350901533, -6.052795105546591, 10.878219086884231, -12.465280576581502, -80.0016823738599, 11.894533962504545, 29.770236891620254, -84.1834962368299, -2.0095611179152435, 152.33717709958432, -108.05625030458654, 118.46884813345774, 46.03746259542594, -19.79778791065511, 45.47549856685194, -113.0744170396641, -34.47544448337663, 32.67654873428032, 17.21863760616456, 2.011447843287031, -45.61540289959455, 21.626205295868292, 47.14338081750451, -29.37795280697055, 44.17801886812017, -54.51182569540343, 12.165097836478663, 38.46113156522225, 87.74089670361444, 140.70124835840096, -46.980699659995956, -3.7053322163861693, 37.11200411311298, -56.10674254821596, -111.60769220949184, 99.66196620549026], [-81.64109838328599, 25.471163249368622, -35.429061002529814, -36.07539050411704, -79.55188721505942, -107.32426144521602, 10.54634907856428, -22.88378665430595, 39.868092085258574, 147.22555233516698, -10.206669962967531, -40.319953184858115, -25.927636111747933, -19.359906880983875, 85.96702566517042, -60.21268502983262, 160.5241092371864, 80.5502262797802, 708.7961519286209, 110.35084078649042, -84.15641205785239, -28.47168124665849, -16.731915073531514, 67.97874318826432, 111.77976557830672, 15.1319051244392, -127.05635854168386, -105.11426392402586, -22.434227058256116, -70.9076443672044, 42.16851241002063, 88.30123862130286, -97.70310163045065, 37.26868574251682, -58.06274245111167, -39.67105510221051, 28.848774117894802, 26.359797172428024, -34.23326068905121, -33.91699027609526, 22.505597055605488, 21.614643163047905, -48.94216878546929, 37.24396316309127, -75.33867041620674, 20.223482267197063, -36.76302217621209, 9.487248437776806, -3.2907080758002385, 43.857375016788, 26.59130310368057, -28.828343472486633, -66.10559578610493, 58.90585590581196, -13.32076920175764, 89.5622016095444, 45.012944558677475, -4.506199475924254, 88.20667785422337, -42.45281547963122, 8.98001120300795, 15.81819664292761, -60.379011981037124, 49.41375454662766, 84.72708033121906, 44.08204298919126, -44.65552492331232, 91.71255163061441, -33.41703087643579, 78.26803987069746, -2.2253674222037194, -98.20610857721043, -74.90088753912401, -80.12773800672647, 95.96176997089289, -60.599583218405044, 1.0223051875393014, -60.8685949016437, 90.63838531064323, -12.399884384723881, -14.540262596337977, -67.65709469348826, 105.5794685961707, -18.827743207588707, -60.68497973389024, -35.58608519651254, 25.74266573083041, -61.11140934735052, 28.68092384399923, -33.827495770210945, -56.18325535974987, 20.03694392905494, 132.7237164751422, -30.490794908809306, -13.615125840853588, 4.869052377989929, -9.803504104254863, 48.079392847438584, -167.3261266062844, 8.375830962561334], [109.46200833467768, -36.04319042035637, 56.44791838030332, -55.9054620508304, 75.50783441600356, -30.76915037447996, -18.30590352204972, -75.36918712599949, -53.815880691932335, -5.407116891591936, 94.93651801345861, 35.8447070947375, 68.86555738965205, -143.81888445119125, -5.632398709265933, 50.08915732910289, -46.48195980558997, 29.02326946838975, 110.35084078649042, 896.8486970448043, -33.750210511387344, 64.83320250850987, 6.159719514536119, 106.64598869010725, 86.81270065502139, 68.75431655277426, 21.76427983295928, 86.73144260668788, -33.11006656008453, 97.26018518872166, 32.09776631285208, 19.26625761075042, 14.35139642194839, 80.34710559943335, -70.65206017062818, 139.51208078950336, 120.40199191394429, 63.3578547236309, 63.14498287633294, 69.55787047975811, -15.647036099486572, 30.90316573246035, 17.280394101405978, 41.36874135230252, 89.2800294254249, 163.8225045887133, -98.84902304667757, 30.193414491459887, 45.95078828095142, 78.81879738135207, -52.1978794105952, -88.57840974198825, 33.0021294488424, 97.59017351312696, -65.72457117193201, -135.65789580722603, 119.08907888815429, -100.2071151186655, -86.04642120475206, 28.902413095989154, -32.358659633135154, 21.879348330853077, -180.28179259485663, -89.79524219628522, -3.693756487782451, 79.56427337466589, -124.41812818441659, -61.07306251631959, 126.48879040573425, 87.72280842316582, -70.01353799745021, -82.01872015544403, 40.92357299788324, 57.090689420456634, 44.51308348887568, 28.05241292009436, -3.5357576853504864, 125.88731980207828, -38.66151567715048, 15.577491493425693, -56.8332062071477, -41.0329298332702, -13.427852372000919, 133.71049775512967, -52.89167481691284, -112.74109798548368, 30.1345425719712, -13.920206603956247, -68.50015817687854, -42.87596124717382, -30.958809583041077, 118.72951658956687, 92.29366171887679, 28.600894692300123, -10.50280501605231, -101.1943523963283, -8.396111444602704, -64.30698692436864, 14.700628362912463, -119.478784726078], [-29.788894558622466, 8.539745441075718, 36.380813524718725, 28.19312559126852, 110.35916578581029, 49.861093489733115, 130.80389931028444, -46.9154701807483, -125.87617132051942, 95.42609043620219, 44.73744500678683, -117.13003438495903, -17.480389511346456, 37.613757415