{"N": 100, "M": 6, "A": [[[845.4012932945858, 160.0783497607532, -33.20986128538846, -175.99823322016005, 52.77311500937858, 56.438665250185366, -33.148287778286154, -79.86941108016913, 1.7065807221893496, -39.79426739475969, -43.50343842274231, 87.13985197973503, -80.89775315088717, -54.82518833080631, -73.20021214787471, 102.51238962959287, 36.7695908206657, -81.00853539350842, 63.36856203285683, -131.84422128440917, 5.70045442260786, -6.925080495967962, 51.38046088976453, -31.757350303513324, -42.30428187988317, -137.5375514612859, -82.47695354437423, 94.45113518278276, -48.46328631439335, 33.82670023038294, 81.92102875555109, 3.36716706519891, 30.72323985990668, -111.42393680995453, 64.69905428069634, 38.84130055980247, 17.429844719687456, -48.089788826029555, -41.97531254823474, -32.64320607393273, -27.584919956550156, 14.709269695126615, 3.4823335349127094, -85.11188632134015, 2.5580678135127544, 54.299256100858365, -0.787878872861011, 72.88301952112981, 16.82830261067955, 32.576888083800114, -96.6054790950764, -75.96826649606191, 38.27705623025363, 38.39553757970648, 18.133237841629526, -28.746924998522175, 41.05820193673299, -61.507542390093946, 117.95741768512202, 53.51089042612688, 59.099009292472, 127.83673054150493, -40.22402897198627, 51.45731429616955, -87.99594817783155, 34.52913923674524, -41.158222979935324, 74.70000184933994, -66.07731125699564, -34.39970724804062, 106.08114628302818, -132.12829531481853, 2.3829027452742038, 13.491490005518509, -101.11131785858466, 3.193280336133242, 4.242448990260582, 28.100465904959695, -15.162934135309962, -91.1832199685574, -47.78662900278905, -12.296686766611861, -28.56131988419289, -18.439817508134738, -200.94859521460546, 102.72006066362987, -139.91189280428554, 54.227910999514066, 0.40374477761369887, 1.0991287372664285, 136.86639332144543, 32.07248785898842, -108.061492932859, -85.64838761248845, 120.80738937618703, -87.8059141874988, -100.66578219620119, 26.152029835905893, -13.714591946628072, -54.74981948787111], [160.0783497607532, 707.3643945749001, 3.6642297704330784, -86.53030993706453, 11.761099486399173, 4.834878423694161, 86.42088316520484, 30.34449884353898, -33.97506950427051, 92.78791558557715, -123.67209788547714, 216.4871261085044, 109.42445368907242, -29.655200757816864, -28.859783097705826, 50.273390947440454, 33.812385455356434, 201.52830359884692, 141.5254618414633, -12.918736544866638, 133.6120921156523, -47.63762660117793, -17.09400213253861, -25.545348015188793, 73.79871737966543, -13.930267358608633, -36.18191374369373, -32.252120645277124, 44.69756099357572, -5.073892471578783, -46.175037286063365, 73.71707743785956, 65.77016980847716, 191.78247374417825, -42.28762593739553, -164.7474948722892, 55.04084885697152, -89.93360400405219, -80.76661897423068, 36.941391899569716, -11.81848015652749, 6.362764246856395, 165.52616164574152, -162.78309850319997, -71.57516403241442, 93.2604792305823, -19.735090155969754, 25.08138056679555, -81.80543929406386, -21.641479100732354, -2.3339103973905817, -70.4666128046021, 116.6955002603588, 14.538532667860306, 12.169375826749603, 12.723834168522629, 6.622985029475021, 14.97989705198527, 29.724988101431855, 7.063690883780275, 14.345463998543476, 101.20301886281575, -3.3321844453463636, -40.810235237506646, -19.02112318464389, 30.901783525606938, -16.401227017402977, 81.75299389279249, 87.34246083161834, 0.7429506011447998, -188.8998847633222, -126.97231847781146, 38.415009726186206, -93.29859038769617, -66.24814166263383, 60.76289725067979, -24.250923243071206, -60.42080225808747, -76.99858209486193, -53.40521079930313, -100.78255128971924, -73.90749883082272, -26.45617213768174, -100.57037252048634, -50.48926582611119, -66.39084826880249, -39.21538094233113, -42.08358146306761, 121.62688222673535, 63.49689271359364, 151.37554537937987, -15.404181985747012, 64.92547168178483, 83.56185819178697, -97.23859618740387, -92.40511648672664, -63.45292808491411, -13.46280614591235, 15.208568141899658, -89.95421195432603], [-33.20986128538846, 3.6642297704330784, 827.8308166923516, -115.29126998434042, 2.157920264237457, -39.441887294004395, -61.56760844256065, -30.66723930342288, 27.08066029778572, 54.02465055623208, 59.13879904062412, 7.169123404761686, -72.10820316284217, 14.107706710063106, 65.04018777531641, -45.43042491661923, 42.77216738167858, 17.092491383361555, -75.3737725029049, 46.31379981363186, 106.91178941236674, -80.45080875325037, 43.58971803501393, -28.112949631657, 92.08125005481304, 164.97895311007747, 83.7338800091945, 25.864008206149503, -50.208619323670135, -74.45041250556666, -82.09106861295467, 15.305535525194587, -76.37935049985295, 74.7916295405414, -51.88070549103919, 3.4371616137663015, 41.70270774621359, 16.56221759146719, -36.3236762732675, -50.55976443310584, -67.62402913104711, -124.3366970963066, 42.53922038678544, 126.87093453260728, 6.6624117344763425, 43.42511924438986, -132.49690542927405, -123.84220828679537, -4.241201478765398, -24.43541998681977, 112.23476032990592, 10.04042885669859, -69.67492962962143, -82.63908281709317, 92.11517581938188, -31.57989088271391, -48.61043197348229, -64.68913947209987, -28.06640232677339, 124.65238608776896, -9.946504573619087, -36.05485076176398, 45.01018645310497, -51.373567025327866, 93.97914215922425, -36.96246338354212, -53.256799760339725, -47.51980089856967, -9.205905789348016, 44.686014674915924, 131.83968135002033, 13.756028214693899, -71.07285781453257, 57.15222595239704, 76.48305319776092, -39.667035215321135, 36.35477401449327, -55.75062132730769, 33.071469178541626, 25.606540465379016, -79.98199414810364, 11.785834066912676, -89.09325269477733, -50.08407409610928, 26.35984166003342, -127.20404325170429, -112.60945618795098, 87.67735280780491, 67.80386090487217, 14.993438595300535, 76.32689361329638, 127.32783819954467, -85.9931015219475, 156.3333780509234, -49.16244081043693, 97.57871943918303, -134.8600264700533, 30.7491228713531, -78.32975000278556, -51.41745065357087], [-175.99823322016005, -86.53030993706453, -115.29126998434042, 737.43845122414, -51.641313047663196, -53.04730234496003, 90.97147432686452, 51.43944406609645, -31.291890201424504, -5.4629048586250635, -41.41948476665825, -148.73057005230723, 114.4194623991686, 48.32008090008414, 120.5122859678177, -115.03340780455467, 49.493158782292966, -95.25759166764486, 59.08398245651873, 134.06149994342454, -17.341788295671527, 14.276389423992365, 17.929067278423243, 65.89439712903034, 18.436149574650745, -42.12722672605632, -86.5778436549521, 141.34856335410888, 52.06412657967407, 2.861311170886508, -13.157876631161574, 18.016372448200826, 9.951288759211913, -28.191661996598945, -19.364799723736805, -12.533579892193739, 12.977947991790911, -10.499475670422429, -25.976586514936972, 58.135937824779816, 3.054343517279073, -76.66416326166635, 26.833780593099608, 38.71881102227797, -24.843267384257583, -0.6743970089670224, 108.02582480058281, 42.12923568599042, -93.19669968877422, -87.10139424292406, 111.75083379179422, 143.15723164174605, 123.7535845054749, 27.520002256324076, 40.878443215953446, -69.5777441884466, -27.400950481127236, 68.71758329077326, -66.89559819455295, -34.555883610113625, 48.882543514996144, 47.90449198140691, -66.85589183002641, 47.91804994060329, -21.398854734550348, -85.6332833728587, -36.624964496745264, -62.57160479249568, -81.04797573286066, -47.244251662398824, -20.079591377863466, 141.52881561556867, 89.9532491773185, -137.92861501976037, -68.63536759975871, 18.423642794335077, 12.922377943905852, -36.987056617638615, -89.35011854076845, 115.35512538288559, 90.81715421038666, 84.95395992130729, 177.41191737989274, 42.473951319836345, 47.206989569803596, 0.16369349209703768, 159.1516660014588, -57.0457610102161, 47.01084302374951, -37.620158223197926, -17.959355839111474, -43.51126223233586, 52.071653390290415, 129.37964422759273, -12.216370420965816, -3.634184740190041, -19.462480681715558, -163.9444680964968, -22.779311115414764, 36.4666809196257], [52.77311500937858, 11.761099486399173, 2.157920264237457, -51.641313047663196, 856.3260396479457, -114.85809541390964, -71.50450819272659, -74.85602671255242, 6.517563564397235, -28.740592058162758, -71.54796631495016, 39.280468843456184, 40.803477132639564, 150.63244035620974, -34.84301486433369, 57.79656550813757, 27.399899283036348, 65.2281623251903, -30.49314297799571, 48.236809488898004, -7.977131157406687, -49.941437352498134, -103.40420896678054, -145.474602558765, -62.744386023686666, -165.44301953827758, -14.520276799915662, 74.35356063991948, -1.5668314295375145, 93.89918128461262, -66.5229827816596, -90.19461135973224, 73.60982538942143, 32.05182076918392, 19.612142630391773, 57.98554989418637, 6.0359348482544775, 3.6133629842428507, 85.68367977909784, -19.092138282331987, 21.634423306542853, -156.84056895471736, 52.328822888638925, 37.84926957548981, -6.354352616041996, 77.2415130491111, -53.250813204533266, 17.317482142203364, 100.8384428066947, -22.578467508277992, -81.98657402431493, 30.635133262708163, -9.176226359650657, 26.17543809328523, -102.31495244756502, 15.037636929788096, -81.064384133725, -45.70657398723841, 151.15979495513267, 92.36544274705265, 5.049780772650283, -29.874760600283185, -49.1798747141827, -86.41338639186239, 187.88603903930945, -91.23746700342777, -29.43128446850283, 88.74815103609154, 120.6686412310085, 8.33587368432481, -21.31580500322798, -138.33924529192393, -7.07669565061576, 51.757662842898284, 22.488426201056345, 136.36318061463265, -24.171957279260827, 71.65798432321316, -2.889745413722681, -55.90028377305335, -77.66468127532873, 124.24916314860994, -132.64279368731027, -25.159781883570385, -100.52510041648215, 95.49255297432065, 71.13125527855212, -105.05821102128128, -45.47286088032934, -33.299892050001375, 89.60138618498927, 84.12300443945624, -33.379565561502694, -44.81276651873058, 14.483111841955274, 10.954643978385333, -75.89650092767353, 3.7679548964534617, -54.857566055223906, -36.5251908121242], [56.438665250185366, 4.834878423694161, -39.441887294004395, -53.04730234496003, -114.85809541390964, 974.5926621726576, 21.108760420510986, 80.96348101026344, 102.58052413675844, -72.90662484737008, 42.61724572646342, -18.44448391237084, -36.61974100532472, -94.11093163903537, -109.66318561088491, 91.43001815924889, -133.32675483938615, -57.514247007872946, -125.89026076815455, 61.345135520273544, 121.24334704795896, 119.88377793113042, -14.554065986315244, -26.51425061109601, 234.4563199366403, 0.3297847086746389, 58.03470158852869, 93.53043811113196, 4.965354095727653, -40.44047355428306, 48.11561349318607, 143.46813174343671, -46.26515943859502, -22.37476070681531, 7.382017126762889, -134.43716653404087, -48.029917265451985, -71.53800603183015, -119.05086349974022, 96.39819182282923, -28.619706904952796, -19.081425137158323, -58.23644308644587, -26.469463283307935, 42.98410013500577, -87.39974119183196, 86.55813399268293, -27.611995933845886, 33.629144320888116, -119.8653584830996, 117.86171637675521, 65.75325254364863, -0.4683378680664116, 207.39422054507995, -54.8214773392968, -39.24127627202562, 29.642741004073248, 53.82890435039479, -13.759584098827757, 6.935842855846896, -91.03752647044024, 63.29848788207505, 37.37548210855656, 21.104009612775613, -66.8118103379128, -55.886804156203, 40.779477109590225, 10.027247177383826, -22.80813799271531, 40.539583571150565, 69.48149678103708, 4.794261952054551, -41.26073288585145, -10.363113695082156, 25.46542511883398, -116.40302171098125, 69.3684150145657, 238.17578860511034, -35.90428401727369, -49.657328702523515, -46.42077581712497, -38.99857007918613, -88.95674181864253, 28.479129564734396, -32.711896965221314, -7.010758354778362, 41.47177746114298, 120.12704347731649, -9.894666510986124, 51.38655227390279, 67.69387838351983, -123.76511637690209, -32.73953815342216, -91.85927331442419, 0.9513306617259332, 47.136392922046134, 142.06538958954647, 58.76265439788923, 31.89146100900192, -182.09927596112962], [-33.148287778286154, 86.42088316520484, -61.56760844256065, 90.97147432686452, -71.50450819272659, 21.108760420510986, 579.638110995251, 106.57289475596758, 9.123083870726818, 49.29022197512113, 78.9063808472053, -9.524784026068316, -29.692531506759984, -70.48246838013628, 12.513676552999971, -0.8231969670687767, 78.6053597971467, 28.175090407822008, 3.726867542737916, -37.650103701460715, -72.0590929456506, 111.96647980622622, 54.10964244776584, 4.00767385493839, 71.01473951707275, -28.27827221162411, -5.423594996602121, 22.613959759854154, -12.399953053256574, -12.287163681596384, -31.76881790432432, 94.40001745354378, 7.0673859785944, -39.35500189391362, -27.933883116206193, -52.110891787402224, -136.7374261393092, -71.83892440421319, 33.35258957319362, 66.86396030970346, 13.710636918567985, 58.422820280218716, 60.60783455818427, -46.04630512983538, 13.629112539788064, -26.095092260914196, 65.90900015627695, 100.59816459211798, -45.53268402174693, -104.57417393347376, -112.49275837342532, 80.3123084394201, 86.5758201718733, -47.59449107407014, 46.36891986142155, -2.8799604550069966, -88.97779255529142, 117.62368073468514, -25.007457906238212, 95.35464000556428, -31.803935511704594, -82.96508424970361, -9.06060259733838, -153.23932958338767, -74.48612114068102, -88.18253742609225, -64.16892020703149, 33.27972668600913, -56.29930422396218, -70.5456223881692, -105.80281796611234, 53.1205659719506, 72.77310513192386, 19.601834793083803, -103.5239630056656, -10.320968716813768, -36.131706937646904, 87.83174915883693, 15.573323343282711, 32.75283789672134, 39.73482628846985, 36.01347715636023, -18.09354714808209, -41.36947793541729, 80.53734226885805, -11.687492217311538, 7.636889410175948, 63.01825842051971, 71.06873461066934, -2.084607882409084, 74.49979126328441, 56.18590750374456, -115.1405247663951, -91.82133825771278, 59.592660147491195, 30.414673287714592, -37.60129972683642, 27.07551852239184, 181.73058620084177, -94.22517857590194], [-79.86941108016913, 30.34449884353898, -30.66723930342288, 51.43944406609645, -74.85602671255242, 80.96348101026344, 106.57289475596758, 863.0145575216321, 4.825957183798317, 110.3540501509506, 52.96272086872525, -1.0659114807345087, 22.23051904560053, -110.29840479216172, -8.6484184091025, -92.86148149584193, 47.910160205714284, 39.8855458990976, -176.66185487153683, -59.505354230702864, -28.03560808845124, -92.29274155147226, -111.44586437578145, -66.05400679604368, 198.9944344062599, 126.51416795756447, 45.218985430360206, -10.731711228716396, -30.69256112666334, 17.400089398216302, 71.42940244498165, 23.68042304093329, 21.254927813296433, 42.00573557460467, -75.60244106854066, 44.646530327701505, 51.34228249145613, -75.08735233886766, 101.3492590843948, 56.736628885510925, 32.168186312950134, 47.605218278894334, 182.0228550988696, -64.32718784423729, -51.79515306716655, -7.701704403055491, 132.44908989056063, 138.82368172049405, 2.181072612839205, -50.535253787803015, 19.534438313267913, 14.925734230727668, 14.554668820777891, 110.41358679483317, 21.252384128360465, -39.58687918348745, -128.64676174010074, -40.30134717522507, -9.320547230076368, -32.523191862066035, 17.960618950119137, -44.251363480720094, 9.447966005241337, -179.34487371345602, -51.783728600758295, -115.56978293973829, -77.99993658963602, -53.939534462394086, 36.86774365387564, 219.76598165107515, -71.29220407758514, -21.363537011864842, 54.91692876804833, 5.079668802845175, -136.23081319534873, -192.01249018114035, -14.554371492039518, 40.035012923154085, 34.88900516790752, 79.85524247975977, -19.8731155551715, 36.37532891176783, 24.041879116998295, -85.06175771355942, -171.2686679911226, -107.21767311823965, -68.58016029060184, -54.915900064216764, 61.728761482433846, -76.57762765725425, 25.269833317801506, -85.00109120468892, 2.288353655384579, 12.92373583062776, 18.050959854793838, -30.069755536467152, -25.831949487397633, 99.42955452306269, 31.4615746136382, 65.47654869379045], [1.7065807221893496, -33.97506950427051, 27.08066029778572, -31.291890201424504, 6.517563564397235, 102.58052413675844, 9.123083870726818, 4.825957183798317, 803.2616732071759, 4.162791366036257, 63.189927786127605, 35.94634706020539, 178.09508890685413, -9.079372888290655, -111.8595191261988, -145.42808115368766, 26.96185446847706, -55.92516664533133, -12.336406772533106, -108.66185320612045, -1.4067615012829116, -114.70032090008584, 62.71850472299036, 34.024931300845175, -87.83720633970815, 15.416977325486407, -126.88550573584438, 39.21628195176289, 82.5171014707444, -9.793470865071534, 20.486408101943443, 34.0060223968788, -146.08250222045692, 51.895713951494955, 35.11061127280247, 49.19684649700464, -14.404676903060048, 62.076261385758166, 14.114408293150127, -62.79938220924231, -32.3958319503406, 194.1673882748129, 62.43133015472647, 33.40014069056253, 17.241345192728033, -93.55190019223281, 23.841028950231895, 34.24642513893598, -21.902498175581734, -150.37024627970442, -78.23124143451196, 73.49921578727223, -37.174984563965516, 131.5844763127482, 1.8456972795628521, -95.84011945109141, 21.16723731506777, 5.526637545592492, 41.27053508318951, 152.65561363787248, 47.10571762096992, 61.47380582999181, -12.120684036498357, 101.77471243551977, 23.694588479170818, 56.40848515658187, 70.07147522151348, -32.55510322724414, 82.09157504919914, 16.179769913418564, 35.89020980589534, -12.094347426224108, 14.507029410703659, -132.55243736112268, 86.2648501521864, -9.86781394630184, 1.0654859386297606, 115.23652717182387, 90.63927467537195, 69.83659491494676, 146.25820052258953, 119.55337176008211, -106.47572601178204, -4.765612266377995, -18.820307740761677, 26.47028419991428, 21.53821669664033, -154.7501586309296, -5.961338555344444, -80.29519032913268, 97.66357902980228, 69.44436339607971, -88.99411126880665, -47.525590244073165, 206.00176801436646, 15.623129896147917, -43.5447347676172, -71.02154826186462, -15.743581816859352, 58.97777632197989], [-39.79426739475969, 92.78791558557715, 54.02465055623208, -5.4629048586250635, -28.740592058162758, -72.90662484737008, 49.29022197512113, 110.3540501509506, 4.162791366036257, 625.9442803040815, -162.15623631812477, 58.554256079795394, 180.27571102382782, -61.083035059051504, -62.44495078432471, -161.21256871886777, 62.222781462449916, 77.68870197167068, 65.17870514471457, 70.97825147661517, 14.13943459013395, -113.06883101070983, 106.0370655032118, 24.366506775380646, 23.482042874070267, -29.51090442592837, 190.23667202813618, -97.22510819373409, 17.498105527304016, -53.238788219551786, -58.80739760921383, -116.12448758656775, 29.89214298829769, 36.34735403859731, 5.9786411097367544, 5.313809036009281, -33.41984571667388, 60.783709692077274, -5.683054897809163, 108.17109977869005, 5.941568419719494, -8.773259057458143, -52.23110268053061, -58.63307408823546, 17.21378340792438, -17.412061640880516, -135.93976780591925, -27.890482474360727, 31.354146416308414, -37.16358899193333, 23.19023598157041, -24.753078197065687, -10.30882711707952, 34.75479519091884, 95.06236256282054, -71.66259708983223, -53.26565689347768, -70.82400107423517, 21.544433695683967, -95.73149496553484, -64.2052961397126, 61.0325688805868, 53.74900488683645, -67.24711346541538, -20.077999938409906, -8.549447275497828, 61.684491207237286, 43.305169370406176, -111.2765267285605, 83.60567454276296, -6.216187259036201, 47.9356742642086, -10.337597692816047, 6.6823830560120445, -110.41084095924643, -14.264115441157223, -4.918254947489964, -18.00502780371309, 23.968910577967552, 20.430227566057535, 43.53594615525703, -64.40387327480076, -27.643980642255894, -147.76299624403882, -66.3855392893839, 72.3194207977993, -105.09598494069245, -4.657456738032796, 56.85384429520736, -95.28233712074736, 50.88687861663021, -19.270852674524452, -29.61743337387067, 62.15017179835164, -29.41100823704005, -38.77715443632013, -11.041996880295256, -36.059177519821155, 111.89439374599789, -8.578314469520205], [-43.50343842274231, -123.67209788547714, 59.13879904062412, -41.41948476665825, -71.54796631495016, 42.61724572646342, 78.9063808472053, 52.96272086872525, 63.189927786127605, -162.15623631812477, 671.2791271672736, -4.221158708774975, 29.9041105149338, 132.09671712842695, 10.02287816598282, 89.31098154810613, -7.96584435380048, 10.186777750139733, 16.69454660429997, -33.58178389697024, -111.0359957944932, 40.72146323913622, 31.785265383895297, 3.8875107196387435, 27.251715982714483, 23.623823218913078, -58.46633265095574, 120.21909640752654, 2.9329587074274177, 106.2970354163004, -59.80386502659174, 48.13796116276421, -56.069834514986084, 4.99330761855136, 117.51541360898366, -35.76471607692206, -31.35481307726664, -139.19394071192195, 111.12472315650164, -53.048436666472725, 54.98074740041986, 101.42329086639488, 38.326546055955376, -33.219544255116546, -66.32757148027434, -23.011624494530967, -69.1193136425094, -11.241605056253599, 59.89585522095484, -1.809849400672938, -14.195139753118411, 15.16940098308655, -49.29370477001148, 100.36025989091021, 58.93534055263394, 44.27120311062447, 76.23099998070768, 78.5624732778809, -47.568763437282634, 98.21015404014891, -0.7716072321967327, -132.39137018675356, 48.90505220754387, -107.97033855925817, 37.93237231739047, -35.5282843735634, 50.95979261658762, -93.78755265559371, -9.62921724282527, -108.37598504506873, 95.09979706167907, -6.262893733611734, -206.3943824219809, -40.952150020409725, -94.71770173365063, -8.997458980912336, 10.357133743220343, 70.3952037205994, 49.33687701728983, -98.41627456516663, 22.332892838392457, -31.86923528575733, 16.334862425444662, 3.273797856902529, 36.1529549495128, -86.67363706554532, -10.613863013480927, 63.65458058295746, -76.42076005768403, -49.76354305856723, 54.369513386317195, 94.95530141769801, -3.956739243618023, -64.00062028291208, -11.819199881389979, 101.17385982725528, -122.90258166362193, 77.90995605948899, 38.74052317933568, 28.33470574843861], [87.13985197973503, 216.4871261085044, 7.169123404761686, -148.73057005230723, 39.280468843456184, -18.44448391237084, -9.524784026068316, -1.0659114807345087, 35.94634706020539, 58.554256079795394, -4.221158708774975, 816.1968028951628, -70.49077646269564, -65.39169701149602, 5.057346049517467, -75.47958140827966, 23.981447294112378, 35.27695248302383, 50.94013532932389, 5.89039724148291, -27.643945123773722, -39.580439344862285, 161.737520697898, 37.94244712333006, -35.904758246568825, 209.30708296484704, -79.79386521503673, 23.207191389516076, 74.74542611613306, 10.3199771243059, 88.94199007247516, -84.5902508300141, 90.47573968325464, -3.9836779772440147, -25.175350183839843, 65.47529283459977, 80.63022126422499, -28.12233835537392, 98.39545217318283, 81.84948871385348, 103.06502291910103, 5.591586497337111, 57.29858833130243, -157.77406176481472, -9.612090720773676, 73.53033049067785, 52.99742734122872, 52.65693842663331, 219.52083823755117, -94.98979062093883, -68.0511101208976, -13.389763792492351, 31.088606030147716, -26.373647065201666, -27.508181116841627, 58.81455887412205, -30.431418282301486, 15.50315941079331, 31.136108047081947, 139.51483972206992, 116.9335723278087, 121.70008942026125, -89.95603194862436, 82.34796078820688, 7.088481690107678, -42.56345625659882, -53.01893829283457, 139.7674728757829, 25.875208178463133, -34.35292836948176, 66.93992588885294, -84.43866123340078, -103.17882989844296, -107.68644644344393, 152.4818823063696, 143.13273950753847, -100.64154401760001, 1.5162096737173172, 28.269876040721083, -65.17760394260064, -28.42218647874347, -25.55134128691376, -104.79201566336621, -167.5749034971665, 78.21820495712808, -76.26571836059465, -74.43199311023896, 23.280215201952206, -98.19835461927188, -15.129075981465652, 12.627352040103316, 65.91172286142358, -26.266538301786497, -67.14539853258528, 2.073433366204548, -24.99067282416602, -34.25721341494582, 39.1027016312551, 18.144135877003357, -54.960838044540765], [-80.89775315088717, 109.42445368907242, -72.10820316284217, 114.4194623991686, 40.803477132639564, -36.61974100532472, -29.692531506759984, 22.23051904560053, 178.09508890685413, 180.27571102382782, 29.9041105149338, -70.49077646269564, 871.0589631813547, 100.06471241918214, -38.600297165012954, -68.77004119862418, -10.926316748725197, -120.992185935286, 56.27046739509998, 34.132522515520854, 32.03023731222855, -46.42201860360248, 46.19275553892046, -23.239907581103957, 29.089048529697095, -30.87181865536853, 0.1526873538768518, -6.243542432265496, 86.24751165023498, -5.543209871438089, -11.316750284956164, 87.7984025210569, -95.46978074947415, 0.9117022059885792, -2.1186687247661857, -66.33354702442675, -58.888117047243895, 28.417164657473, 26.002677915219124, -50.581877984727974, 62.870238696883916, -125.87757917934123, 14.85698782935406, 62.13539646941706, -53.30199553867935, 41.272918405670794, 12.883900371059918, 25.45937515975501, 5.093847817088883, -23.12690020204683, 43.198072383376974, 26.354103136177667, -29.9312158351549, 178.6701238918411, 156.95316510990472, -69.1642628151249, 86.68915703771926, -10.612528076814721, -62.10333209271054, -21.524482813965008, 85.10892276291573, -44.75771055844529, 65.42589092400725, 92.03729000606587, 113.20655717716181, 112.98906431911631, 124.49704363230985, -8.33715765089128, 11.914022264717756, -54.2625408780219, -15.9914639778888, 76.81575974459564, 16.727380204474805, -91.74173951956058, -103.71251963155844, 19.603166026526313, 20.705922593024784, 66.19799800951745, 51.84229882606633, 24.589130976893912, -90.38760662112186, -46.23392181372437, 117.07061611228302, 16.347582643495507, -55.26832979231667, 84.15324605452848, 55.60510543918558, -174.44039142042368, 15.185943585153607, -23.930121197064107, -15.806708308564247, -141.1631235164423, 11.33342682383674, 73.31113141425377, -153.16539162500726, 113.28043395167317, -120.4240433185269, -71.05189257448986, 59.31608741788099, 90.61180035324448], [-54.82518833080631, -29.655200757816864, 14.107706710063106, 48.32008090008414, 150.63244035620974, -94.11093163903537, -70.48246838013628, -110.29840479216172, -9.079372888290655, -61.083035059051504, 132.09671712842695, -65.39169701149602, 100.06471241918214, 846.3873285951415, -167.7306221426357, -28.66335353392067, -86.73906063524839, 22.391013195804597, 105.93520679113084, -38.12880066071424, -6.856306137920112, 200.23076455831364, -30.70416807410124, -45.6249086842925, 107.71289387236017, -89.7276846504774, -17.98882780850248, -106.23904436294855, 133.88727140495826, 43.491680238012876, -1.247914626954106, 113.06265958048803, -9.54962499401329, -36.84424520357309, 10.275334697946423, 34.06479360730823, -112.20072873665488, 77.60577500121566, 9.423853943694402, -105.23322231417342, -43.685250277179215, 6.114573552890965, 32.0085992182624, 73.02244561874836, -76.4851322300721, 175.3943704170555, -224.14620374885155, -64.46642523201842, -129.81358361629077, 33.15840767228536, 71.93370748955775, 103.84314619558042, 143.63459470578192, 79.28765659421734, 24.522084585051584, 44.90793881469226, -7.169859124043529, -35.12169623251266, -10.76553262030705, -73.40856925798296, 91.91442916977097, 23.38367243883377, -57.04604561287386, 12.25491453199037, 64.9762329155526, 73.10538295766499, -45.05505304469492, -116.3682223811002, 33.51499829348852, -21.588756763894636, -52.495634192413654, -30.280803463960407, -107.41624484589214, -162.39585525812652, 90.20122029823453, 145.26516377478316, -96.38881214475059, -85.49041138518967, 50.12136053714984, -42.71276689800911, 19.82584539163919, 39.616575050324556, 70.62966956172897, 69.81661570883061, 23.973675848804493, 68.4461102450825, 3.694492093460293, -80.36382975007724, -121.70819710169002, -54.16676766342991, 138.31749434482032, -72.13474605964839, -65.31117672651696, -84.08829745306411, -10.769192078218577, -11.002054422139965, -68.61562885285463, -124.12816058271588, -15.329440686499773, 15.733727905555174], [-73.20021214787471, -28.859783097705826, 65.04018777531641, 120.5122859678177, -34.84301486433369, -109.66318561088491, 12.513676552999971, -8.6484184091025, -111.8595191261988, -62.44495078432471, 10.02287816598282, 5.057346049517467, -38.600297165012954, -167.7306221426357, 630.3046143675157, 73.2021120368769, 110.6147349105845, -26.79861773250049, -34.35784010451148, 116.53069619861725, -78.31938019633965, 22.382545842500814, 12.375568087730114, 5.072228233562937, -87.99436441675284, -38.16518511471851, -7.271910615218986, 45.56093682137594, 6.77591396508313, 80.33170594345226, 40.186832202415296, 10.066232183011284, 48.04074548509259, 144.76063699992832, -10.912209607251622, 92.37587334837063, 58.21172207121764, -94.56298168545572, 53.838995451333346, 21.893386751529867, -0.844953664647534, 29.468505752715643, 47.18809364710778, -37.28757521803967, -97.78001407972715, -40.90734034259005, 50.9416270257736, 24.944708636816117, 115.08417635700698, 29.477823306464135, -8.304406848454098, -66.43898665665539, 11.049665944364236, 25.007330457819943, 37.34204054835469, 72.47667083594939, -69.0184310250943, -126.82254208755556, -42.071675373084915, 165.87330499610036, -39.57803587438925, -30.39195070887931, -22.88488676434615, 20.250688500189963, 22.83334026693413, 75.44863869292602, -66.11285383962463, -65.05752128849261, -45.2670383339173, -44.94703702798013, 51.31954457751086, 57.985133787084024, 70.46019766586788, 19.27053395375233, -37.59962217626029, -68.96795654822729, 21.639188677921553, -116.55262179964842, -12.508203570482559, 94.44321152763877, 11.329628625389029, -1.6219398934091243, 152.9984039456848, 133.40482451009794, -59.48689531533738, -1.587492992152596, 79.34915096580018, -42.60205819823751, 84.193113851311, 52.232566523178654, -128.9177675316055, 44.25843936293494, 95.9986379786784, 126.31450438203197, -71.88370121024712, -34.577935796810785, -161.18247647012873, -12.214365148801159, 34.47415764152388, 18.662246937238002], [102.51238962959287, 50.273390947440454, -45.43042491661923, -115.03340780455467, 57.79656550813757, 91.43001815924889, -0.8231969670687767, -92.86148149584193, -145.42808115368766, -161.21256871886777, 89.31098154810613, -75.47958140827966, -68.77004119862418, -28.66335353392067, 73.2021120368769, 782.4612995257594, -58.70750671745023, 48.40147117950183, 92.23157158045136, -63.66834782390771, 2.5174807133270125, 32.71311566686836, -74.44701645062858, -61.98405632199931, -23.454956391812278, 38.18251480557984, 59.977348847075945, -31.346559319108863, 8.502338391292305, 83.7194264529392, 61.13908949302659, 106.61782273578541, -19.678273197390265, 55.95034990704167, -7.318505238637613, 31.514545258649633, -46.62196410521449, -117.04756647825032, -71.29774464437399, 58.21384051022092, -225.09847084404325, 70.9593204758046, -9.30963780705004, 46.01993638924343, -40.925379454267485, -59.55984477009249, 156.28453280208024, 8.031365879136802, -38.19228974866267, -24.197769090094194, -10.712152946541837, 60.5178471343689, -11.040330264278266, 107.6226502893131, 9.022958644363074, -42.69469278045373, 59.16872652163619, 129.01125377865878, 149.46958718231056, -33.14420716083585, 3.2010290472603984, -63.84155648926618, 169.41477177835895, -61.524403171390546, 70.61141464869026, -7.003158441140477, -1.0580295809552551, 109.5546309381402, 51.60589167360431, -42.1893649172812, 19.791631514667866, -165.40593066525068, -50.73721086934568, 62.95122169295839, -99.43066979460633, 79.97170497454005, 34.639608523738836, -3.2422872289305094, -47.845339406991506, -170.61554122609257, -126.10723533979073, -127.31619652967969, 37.44998082330146, 62.65921964897816, -39.72993066727374, -89.39343822586234, -27.68788241845188, 117.89623991772291, 27.801161721632646, 191.7801106365518, -104.97688152534117, -84.62107049634082, 141.07070037374012, -55.321778302481256, -31.300259241480063, -100.32563252684788, -134.58042349243328, 2.4684532812283435, 75.43102537762128, -11.616169859712837], [36.7695908206657, 33.812385455356434, 42.77216738167858, 49.493158782292966, 27.399899283036348, -133.32675483938615, 78.6053597971467, 47.910160205714284, 26.96185446847706, 62.222781462449916, -7.96584435380048, 23.981447294112378, -10.926316748725197, -86.73906063524839, 110.6147349105845, -58.70750671745023, 793.7684767656981, -125.31918293990161, 37.280895817766215, -41.96042924634558, 68.72546368382707, 56.52676197622716, -49.949011707734364, 155.24069888230642, -103.46266062678193, -3.667448853270588, 26.72746381032358, -109.20737183351254, -36.978664197936176, 143.18306799456244, -95.24768570634403, 43.787804619138335, 129.6572306279432, 22.02441291363223, 77.29145444716379, -26.137702189522916, -99.29183721052401, -97.91533032479084, -4.684283690937274, 58.47144416979297, 133.3024325545058, 124.14843990871128, -22.749850205260312, -61.78333376172679, -3.0869235577668377, -66.71245488338802, -4.282615377703123, 42.643269602445834, 87.83378565949806, -120.44115376651155, -101.86569644210141, 14.630523276977884, 43.59024425880166, -62.37957892295759, -3.279308284368291, -132.86084481860223, -29.54751534839799, -7.18126315873526, 23.40118407871141, 55.10349409790694, 71.26308883383045, -88.49563501838512, -64.24620795408525, -61.69363395102407, 83.70728580540381, -49.46816037388952, 68.40507499502247, -108.81212042347066, 105.63865775744657, 36.00490406099747, 19.466289258285876, -70.45698605728154, 21.339853550239177, -10.704873521008, -52.53148141691449, 21.98848422178092, -5.317872174653321, -82.20028200991007, -24.33413673049996, 86.47007635466998, 64.99982247390618, -13.21103355882889, -64.65163821331619, -154.10531216114677, -18.17345108328502, -13.493845866102463, -67.67919545446195, -58.71163350469591, -4.693251267925257, -35.03509508808888, -57.62792898869447, 114.91249335801686, 3.7914555043891305, 9.700149080919747, -22.993115985588137, 36.2354639430498, 92.99347129730475, -68.22223974681532, 67.94399564443322, -105.21091868463623], [-81.00853539350842, 201.52830359884692, 17.092491383361555, -95.25759166764486, 65.2281623251903, -57.514247007872946, 28.175090407822008, 39.8855458990976, -55.92516664533133, 77.68870197167068, 10.186777750139733, 35.27695248302383, -120.992185935286, 22.391013195804597, -26.79861773250049, 48.40147117950183, -125.31918293990161, 906.103391709021, -28.554495949328405, 40.434028068399044, -150.1372737763142, -212.2535089341643, 45.16910633107592, 11.251350274645649, 29.916667477464927, 15.516776086086853, -60.72040893606631, 66.83613451909912, 5.111015818228241, -22.16446400106016, 148.5187665981273, 45.64326944247347, 20.04585173248004, 82.06463650375538, -35.22466748208124, -28.739475605716148, 68.79785752974952, -63.93403383382824, 74.08430558809162, 90.79718848461879, -63.87928369639828, 158.14305221652256, 58.72663050468314, 54.37943396856959, 13.349648532729908, 47.838750819493434, -90.6120978635701, 35.762403466792186, 78.17055385995126, 18.32490950365456, 8.427926452502101, -11.730414998005587, 185.3697411988206, -25.364306514365527, 29.730820287447596, 111.53225042107711, 28.474766757653754, -32.264391966526595, 34.66174714122565, 54.321519057753775, -126.7833164964881, 60.46012875101702, 59.33298023433381, -47.070911796801354, 187.01705300781708, -128.35710255360996, 58.932407578973965, 70.63599785866126, -92.25645214753919, 23.01288515270698, -146.55867007392655, -145.0033487509349, -84.35861681251421, 79.1371589513054, -92.24515748716114, -6.762784541443102, -61.401483554187, 27.69676704232063, 75.65476281911279, 17.96085828481292, -14.028241521415639, 48.94098832767627, 127.66519263975952, 35.07846039915182, -38.66682484158215, 43.6196468789719, -204.70791011317925, 185.04403067610394, 105.14239083052313, -24.701299194629208, 82.1356015556899, 103.26296428217752, -70.71473928437482, 86.03822564713705, -36.479857400712895, -22.305738766665055, 108.21161395767058, 59.15529649452671, -78.63899935406701, 136.8652921837303], [63.36856203285683, 141.5254618414633, -75.3737725029049, 59.08398245651873, -30.49314297799571, -125.89026076815455, 3.726867542737916, -176.66185487153683, -12.336406772533106, 65.17870514471457, 16.69454660429997, 50.94013532932389, 56.27046739509998, 105.93520679113084, -34.35784010451148, 92.23157158045136, 37.280895817766215, -28.554495949328405, 853.1116017766307, 29.82991413111149, 69.92223881241593, 88.8218406752239, 60.73229819086469, 3.0762215790705336, -32.73102164374317, -115.25337280730305, -79.00052956222994, -28.53095745908516, -31.719699085744473, -141.95929599650495, -39.20850399546675, -107.85511266557725, -51.02385267776564, 73.24622847267223, 30.96441974722183, -25.34930123015362, 5.927832510564112, 116.80189676976674, -144.59839125001938, -23.739286890725822, -81.71936652293604, 21.95814619221265, -19.24846210140389, 62.86162976810504, -21.45347153782366, 154.16611928850566, -30.582826671065312, 140.1754342872485, -140.44003025628885, -1.315232210589285, -76.67542906968744, -23.923387792606942, 98.38767177476194, -99.64364096215786, 19.764933030576664, -99.25326716154898, -116.69424799784301, 115.42650946848372, 55.516084152492496, -75.46821718011635, -21.737770496332793, -9.308187550016097, -93.72854958029501, -29.28447226999937, -69.60465725155748, -20.573718790741946, 156.7517476703371, 52.87092675281922, 43.3507075934901, -35.86333555283381, -132.47754754232074, 86.72667109025981, -140.10460485987426, -223.56841207480628, -115.4875345882452, 111.29396349736206, -20.994283756888464, 52.811188223717, -92.70674509317311, -101.824841979229, -57.87941872746572, -19.06215397741, -38.568628215373835, -52.328782004737064, 103.66047158591061, 67.36713779659907, -13.2191658757419, 36.74368604621865, 34.95650706447676, -14.562810014526894, -108.55230420709778, 116.99899067302528, 29.46317755324031, 50.278281199144786, 22.672363626258345, -43.23583215502473, -43.90129224270111, -9.72443861658947, 7.037127935606919, -35.16836813859294], [-131.84422128440917, -12.918736544866638, 46.31379981363186, 134.06149994342454, 48.236809488898004, 61.345135520273544, -37.650103701460715, -59.505354230702864, -108.66185320612045, 70.97825147661517, -33.58178389697024, 5.89039724148291, 34.132522515520854, -38.12880066071424, 116.53069619861725, -63.66834782390771, -41.96042924634558, 40.434028068399044, 29.82991413111149, 858.1201511846165, 64.34244684836415, 96.7679376701385, -29.04292301520913, -4.967727462693223, -61.62448125319327, 85.06845444992823, -66.52134623898075, 39.59188604334286, -1.71965225756173, 68.94325272553687, 13.95307104979561, -39.59320351405121, 131.14497212361258, -94.86109233347645, -3.498966039660997, -23.82615324485725, 164.44513796899307, 22.449479264307186, 59.79523659793417, -3.117117389482159, 34.61629516763123, -72.36534916639822, -174.5898125689681, 127.34992245941439, 31.323557788042812, -2.4003753365351783, -81.74262437801606, 95.13309787283156, 98.79449149189837, -32.6038976814759, 54.33572838497117, -4.682755278330502, -20.0954568416086, 12.335069505622876, 6.830096326891439, -119.32813200222485, 45.392146062142714, 18.67406363540058, -69.60041661332289, 37.306981123373866, -65.96682051164296, 41.63784704570907, -35.04195815138265, 126.84995500425569, 44.41076375205669, -70.52895527328837, 82.73243849118954, -63.451391827627575, -20.11801952892629, -54.89335633372105, -21.793297748971856, -30.43330265547203, 117.45549014824448, 26.811418609621636, -62.082695736536294, -56.02830931922424, 23.287715648514677, 20.008142771286455, -170.59489778388345, -107.58334214858887, 31.857917726625203, 21.662175654545717, -38.227893861235806, 89.68405544723073, 113.77787595340745, 170.40012793495777, -15.13495934022765, 41.86397299113429, -102.9934859410491, -21.88514168729984, -96.3069905390034, 60.25924799303794, 111.31861017919518, 150.52972927473414, -188.8874746524539, 4.98997905089738, 55.441675535413154, 24.770123823912478, 5.399789272470635, -117.53956737267157], [5.70045442260786, 133.6120921156523, 106.91178941236674, -17.341788295671527, -7.977131157406687, 121.24334704795896, -72.0590929456506, -28.03560808845124, -1.4067615012829116, 14.13943459013395, -111.0359957944932, -27.643945123773722, 32.03023731222855, -6.856306137920112, -78.31938019633965, 2