{"N": 100, "M": 6, "A": [[[561.7736463419635, 22.431065524606804, -13.81933198844026, 59.25593126607051, 75.00879298351857, -0.4248568589510839, -64.81949971102105, 94.05867665164696, -70.97715901918446, 12.84543241274452, -6.79789449861482, 152.81627855679238, -44.31650830891608, -113.88158727139458, 16.016921167605847, 8.395021946805667, -62.35888496184444, -3.1795732117854025, 16.709096364477492, -33.031843824789306, -49.431102894430964, 17.053289612222592, -3.998270526961444, 74.71727347211113, 95.45194702727426, 43.636217534204214, -63.8337840870532, 18.035326467532684, -41.57739449296869, 47.862724477216645, -76.76553596715564, -22.37566803149725, 47.48890425669161, -8.76754927373554, -93.09828998205332, 36.282172959734005, 77.74752739794751, 43.610201218610364, 15.308282142928865, -156.89682782920735, 20.511481414017304, 64.11793248049192, -36.69344223662438, -8.334747451842222, 19.489226834118426, 39.85692387330604, 78.28486922178969, -5.982686291312186, 99.59809398163381, -59.53274935328331, 205.23201830406805, 51.02475837656656, 60.3918919887163, -23.20522271397469, -0.2985845797269553, -30.18372900038475, 68.82730943577769, -49.683155494992135, 50.36445599788475, 50.64756442130565, 29.900728072451763, 105.69854258072169, -6.300193664840002, -39.86068630891386, -27.416063325657603, 4.207839499857531, 54.1350575019808, 6.422111961163379, 89.00169021776688, 2.962731592551256, -46.448450367910915, -44.795103826862146, -43.34156849863885, -81.14598101618839, 79.96669269808417, -41.34511337579673, -26.16509791382054, 64.44045006551114, -168.76145126073192, -18.913289877886157, 17.637750947724292, -23.915518268538992, 69.45333816799624, 0.05286734245720588, -76.20337582767078, -41.75472780741447, 27.020112707493727, -68.48691485702975, 71.43631990161462, -32.26666972605541, 40.569330927389636, 56.96236821106647, -82.52304621730065, 20.540614443660857, 27.18124636706879, -24.22835968377244, 82.38388434907881, 22.111263846893188, -45.54065465056767, -49.19641395103156], [22.431065524606804, 609.7672019668361, -73.24430140271697, -81.48603758370263, 49.786656020505795, 12.144303233817313, 94.42391643270417, 26.788673939116652, -92.48787216851987, -114.42013322771737, 79.14077411348538, 11.084217654477188, 47.464359546898926, 18.859009587887538, -171.0050199150766, -22.971306782856928, 68.9735523054322, 38.60136523076421, 104.57419855423232, 106.12998513965987, 51.12478137358627, 8.723139103870297, 72.11434780228579, -9.721538688876699, 85.67113997186533, 32.43000522517402, 13.943016416663706, 4.087327002484587, 37.741146658460835, 7.848611860205104, 60.469068758723864, -60.26569500476174, -53.29629663994968, 64.7452343241206, 25.08992992920944, 26.514899731301277, -38.88157452954223, 18.303850710264232, -27.72195622866193, -126.15829568110867, -31.805918759333228, 105.15807363470454, -64.28142250153726, 16.464962365766617, -84.47661622322072, 44.993837328445856, 63.0665398747677, -120.48965968508956, 23.082161126367453, -77.47459209877982, 59.84258592054655, 106.20176222052719, 66.70579727305802, -57.729391833388604, -26.74517611032652, -26.491874374259908, -29.58497580229103, -29.43044468242388, 24.924779039603084, -60.834739187457124, 70.95923564041807, 7.658601293927158, 21.398375466710675, -23.423045610563598, -88.44728691127303, -19.931456866095218, -48.918057658568166, -60.091234553823945, -0.10161594574870834, 195.51239181550474, -1.8359738363659701, 145.79183353002693, -17.86708608510635, -6.548394406261961, 92.16430039830307, 8.547781214864294, -88.67321578710087, -19.29985643469587, -107.53640831191015, -71.62491269790665, 61.22399395964751, 0.3477521026999745, -20.75805969272916, 117.45710072233892, -54.86772556554602, -16.88618097877223, -101.52680053114915, 8.69505892432713, 5.046278956367789, 4.5780536757998185, -26.355714206970386, -9.13512802803489, -68.51907953107488, 67.03451298436556, -116.64114260350686, 10.771916152979847, -117.82829615567941, 128.4693805472658, 57.89546635004357, -1.956206038411193], [-13.81933198844026, -73.24430140271697, 541.8826099843099, -50.53172385970367, -34.52016835186018, 68.43255253550102, -30.13861289314265, -88.84108346353959, 49.77334634742645, 91.26938317573277, 37.010621775911666, 35.59688382477082, -153.34825788416347, -34.31546550944382, -4.275352737933445, 14.037861190874109, -83.92553778600711, -68.05073742728283, 15.280559808945062, 21.847300346093018, 46.52928746735867, -44.065686084218605, -35.781058084069734, -50.40471600945251, 45.34878625248918, -33.808983169066174, -59.4260370792838, -35.1319595322047, 4.390024052860899, -35.732805502281, -44.344627225606374, 22.614866348616125, 58.986677743962595, -65.81497202145434, 101.18932278284413, 116.61908310253128, 14.334688573085671, -109.4538610479403, 9.436340526768316, 72.13310279100678, -3.094470888541095, -4.380723363134339, -40.793903490877625, -12.08584704611518, -95.87366691680029, 38.430046312276936, -84.52214993070245, -90.95497723662231, 40.710757088107016, 69.25277913303822, 76.77590216150871, 63.80669722024579, -95.72390306087138, 137.0010706240977, 3.3947895125095147, 69.68587402782528, 17.66149378003573, 68.89652952181146, -151.1908756485699, 28.162260010894233, 56.551275313828555, 43.973992360256126, 27.188745141777453, -14.987758048070278, -8.452296134484092, 7.455786027075458, -109.12258684348292, -70.20207915500318, 4.144941579604707, -67.11863035882524, -32.84158923923201, -22.44298046291559, 38.004778947977016, -58.92742640638122, 4.739433217182459, -56.15107875985947, 63.971668562493655, -60.98401402725219, 38.9419026334715, -35.38616388563916, -80.19764208608012, -100.90625762034287, 33.301489379484686, 25.836214234004444, 89.71401535297396, -35.49209395225721, -9.00869554297057, 24.362710724584815, 97.79978906668464, 13.76991789151011, -26.263333163878013, 19.673631791786313, 8.180547843970363, -31.127584722409345, -60.88405860701633, 36.00755839395852, -98.55175356428114, -97.41553549169403, 168.70367008167077, -119.70418863693357], [59.25593126607051, -81.48603758370263, -50.53172385970367, 600.4758020466048, 13.906095416776795, -47.88647680379835, -42.12624140867794, 75.86140922353972, -10.21093645590527, -57.936377222393084, -11.347311141075718, 23.888058915534998, -110.90168774775032, 16.796786340522296, 45.78976826520602, 46.886115548797136, 41.15518045990422, -44.8943531583833, -42.83106754716773, 49.273241614752195, 0.8331223372819787, -73.39503922101878, -1.1881344306452317, 4.340597150173498, -58.29037677156712, 137.5597829466494, 53.02447030159112, 31.669383012807145, -68.32884704638602, -58.26552688361019, -129.2313228276637, 79.35572034819776, -94.80052593248173, -7.958471257680504, -50.864482044408476, -4.889353125175155, 29.379902846663466, -20.25758503363789, -98.42832312391019, -27.265842040633565, 12.169673197223052, -87.265724062882, 19.325299338212997, 61.38348551171089, -5.312980997634713, 120.42557228364181, 32.12149021445881, 125.11605343158502, -2.7156154455293935, -23.271382882653647, -16.036004116912707, -34.26709560693749, 66.52122474140711, -59.59452112953658, -92.16444728739461, 62.60972058786674, 45.13075365679461, 51.342126941705644, 0.979704889094579, 120.84164376769158, -86.3677521084686, 49.73441976703052, -151.44355255579126, 9.204379247371774, 37.79050100017635, 34.00196946538005, -19.00724225184601, 4.420701965674662, 53.20154104997658, 26.44208623266897, -60.53477198131528, 60.828535827045414, 20.774844549503182, -32.615573673551225, -47.952204447694825, -58.481805441429636, 113.74740429298109, 54.24359888550299, 16.177355406933692, 30.026161797990223, 87.29297979253623, -30.98528985622938, -11.069256951249663, -69.26415014387811, 8.511008058553136, 36.09489771397257, -7.369592876982189, -24.701386667645707, 102.24483873003345, -83.10033796629486, -14.84019760959664, -72.84319571708225, 14.195019762509887, 11.648493774060563, 22.25224161420444, 53.000741198856886, -62.60149676702636, -10.844630370425325, 22.92760392354583, 75.34844367588825], [75.00879298351857, 49.786656020505795, -34.52016835186018, 13.906095416776795, 977.312353910283, -77.0078261619196, -4.30746581761635, 95.5003181330436, -59.08579890195558, 72.61190694356169, -159.28403282167068, 47.16572686590164, -7.7117835911170065, -104.72138795948952, -5.674769993790058, 139.30620129462042, 111.37861392842173, 13.353511409553992, -87.69963800201532, 140.95121771315988, -47.612140007878, -119.16173227536092, -26.203064874360585, -14.377616995561244, 11.790498177158614, -64.97040718359804, -107.6286931233793, -14.171986859630378, -13.223547481866058, -35.53698814301096, 151.84742147420357, 35.64025846064847, 110.7434719767792, -16.10275399320278, 28.207063013149845, -239.63923112542224, -129.3643496193253, -0.1715764263021448, -220.37286395950434, -93.98561844759539, 46.465018602205994, -80.00411937115682, 42.531307929092414, -90.22082737901047, -103.82009260747395, 9.16989664399326, -62.01541820594932, 3.4545468014596747, 0.8364947340627547, -49.93937412636935, -3.3661241850703387, -40.931657428059424, 21.75874998946107, 0.7198421893916559, -47.90295603743338, 14.16905698567022, -110.15213010452476, -55.35749203276255, -39.60848003203404, -66.81715766961287, -61.04661814063336, -104.36299937476873, -116.22808219070903, 76.75369497920245, -41.94929637583992, 67.68533437736572, 19.584494943511686, -72.1991757020169, 127.76523483150417, 138.80106144732414, 91.74060838389542, -84.88652601908015, -11.19758299522423, -17.864857427124964, 23.3213783294538, -215.2554186679747, -7.08572505224361, -154.02018311573494, -25.72521003347927, -59.27952051814566, 8.814626778835613, -117.91232979480783, -89.18918181408308, 102.79964725391892, 2.030279284727969, 18.252621217120645, 1.802986927918661, -69.43903846856126, 47.2644519673729, 17.465307326617964, 83.75434008640288, -70.2953879884133, -165.47632923009488, 100.35345443112773, -62.09560107819481, 115.94771565150674, -38.34543837065398, -116.67867232317073, -95.4721403655007, -74.7890914441189], [-0.4248568589510839, 12.144303233817313, 68.43255253550102, -47.88647680379835, -77.0078261619196, 787.5150699306079, -27.817180717065508, -6.3093731705371106, -64.44095466139306, -72.67333713366989, -109.04909465352517, -35.9102521851039, 6.4242042978022145, 113.34548190831799, -22.835629830562382, 135.74216007317773, 95.61640668120475, 42.78044376244381, 91.75087520786435, -61.76127277070897, -143.83795640637345, -146.52018436826995, 97.76495039622908, 35.95546932786778, 73.31755359346344, -89.10790709824829, -90.5445468834889, 18.493783744393024, -34.78761495290059, 22.5722504100549, 61.348222564660325, -143.9303571632734, -78.61368913921042, -125.44390510177357, 82.36622854315432, -60.405159557314185, -24.999015623748743, -19.766755334683214, -89.65285250694346, 64.29947916560019, -61.297251130170885, 167.08881036076428, -16.433244905394922, -1.9889080635608314, 88.36755584256656, 31.57436119147249, 7.740176632935591, 81.77723899552637, 60.19145683787487, 109.26603920435173, 11.007652215488953, 3.5127433278713327, 95.46737329684635, 39.814597624388774, -53.58608246036434, 128.703129230703, 62.04943123646088, -37.568856510422776, 104.9390981137868, 19.417762240236396, 72.1929293205617, -67.49704127245114, -25.925815107763505, 7.726578485308941, 71.22880860698983, 29.12818881586388, -119.81223898972092, 88.19888479432046, -146.95801935342485, 75.15866751974811, 69.79548593847979, -64.80277179772193, -56.38839516029209, 24.887954595663384, -118.5554725348266, -27.085678072968378, -95.4479367305316, -80.05732334046543, -35.36313207020696, 153.7496881377317, 61.468589770833006, -47.21738098860326, -135.3434497332837, 131.10014206049613, 19.020251725033475, 45.23159404609235, 19.529577946088352, -25.0546788762797, 49.466776874185385, 73.84001360994068, 78.06364554489774, -9.960263187076826, 63.328472233693496, -85.83872888135681, 149.3476802735614, -20.259576380031106, -63.39678708376676, 57.268011285962565, 33.783665444797535, -39.14279260257702], [-64.81949971102105, 94.42391643270417, -30.13861289314265, -42.12624140867794, -4.30746581761635, -27.817180717065508, 675.9659212302091, -58.32722408514401, -45.98262743762881, 3.032354115630304, -26.003527191633978, -37.84310896268013, 18.162419007859587, 36.382595667246854, 5.175429068266364, 138.83602757464175, 64.63388473557437, 49.523967489960455, 13.645818948888081, 54.565934601646134, 19.477581869275507, 45.306227884046976, 56.293657403761635, -0.5772814237617616, 62.3784620178293, -58.95289336786793, 105.7133536582807, 6.425928349977657, 7.450330459718435, -52.97009644486645, 170.5177200292827, 12.47351624766124, -68.34513473262078, -17.759108692645956, 169.4027573395704, -76.53482055917725, -35.38963688513858, -37.36614710919905, 193.45858579727488, 39.307902245312384, -12.732546112344759, -131.2046491134569, 46.96725093786703, -112.13904860293438, 115.80018365930513, 200.85897786705422, 134.3872731969098, -66.48901752151488, 12.362682011041173, -15.035665518815797, 15.276837739768627, 28.889173044140307, -13.340615407278554, 111.85640791792657, -47.287159886563884, 33.06145943900302, 127.9101427613217, -89.79351464254773, -52.52216155210966, -43.58385501103864, -7.705863532961243, -13.897310601322513, -0.27607707968156187, 114.4135884446057, -75.50975812151003, 24.916075478667945, 44.009204962828605, 5.754540155398069, 8.386698917576519, 13.488936700747706, 83.49155655134713, 79.5140974011126, 45.90525440268607, 65.06204635877276, 147.0598737864626, 108.94751462294256, 49.450427722163916, -5.791571654750412, 39.16523276156997, -46.918747396544255, -53.277985775089206, 70.5429812799176, 106.35380303903483, -5.462125369940532, 56.79046102879876, -6.9742882153789525, 17.177641465812922, -0.6968043087125899, -29.168740049762313, 60.394985122857136, 102.94865216236413, -75.36992060763492, -45.49695487368204, -82.7529025015079, -110.84332531424415, 60.451296109226575, -45.45979960961667, -20.465130925869946, 33.08965858487786, 58.109855141280214], [94.05867665164696, 26.788673939116652, -88.84108346353959, 75.86140922353972, 95.5003181330436, -6.3093731705371106, -58.32722408514401, 677.8451421610237, -179.94300806914484, -68.30198548478786, -78.57642945495013, -94.76431714563874, -7.157177203000959, -75.07637058406456, -66.30404972380879, -103.58630885763324, -43.3486980094879, 33.3135506495852, 114.03804690946984, -57.61182491180786, 3.52681652463024, -109.83732829726243, 54.641310188116805, 16.012810950691684, 14.77763932424685, -85.1180574059377, 34.72389885069467, 0.43636700730571704, 14.822975699694892, 105.99913326969327, -33.126975724609316, 144.01477912148042, -26.72086947140956, -96.15049541797805, -167.8819804162823, 80.22853162470335, -50.51140504007388, -38.01225872362437, -150.0414194328545, -50.79313026933252, -9.041938076773656, -121.27046107115623, 16.679376603336, 15.003502397081073, -0.17850803020911057, -25.41355000542263, 35.29456358377002, -57.8935413970466, 106.73162840620704, -28.78771515660891, 18.066666550876427, -3.974003780202023, 107.61384789465116, -134.73319371301227, 68.06451889654555, 115.8309266333905, 76.35606774705715, -34.59739431732326, 153.76515961105147, -14.902020720862817, 11.27654614492706, 26.971234274873204, -37.97354024707593, -8.083894555880955, 61.20824321707647, 5.045615892394952, -14.996320600681951, -83.86798951878696, -33.46074748323259, 70.78969664048161, 4.0727821845606975, -71.31315677008118, -57.54438424979295, 68.0610066992169, -35.08452654570178, -132.1087681085348, 45.08969570046166, 82.69865705023079, -153.91471434989685, -71.6208241033939, -65.8372944772099, 60.813473288791855, 115.10090234258577, 101.47035300146867, -102.14618198089465, 8.253285875506712, 50.8335839177563, 16.903907419082053, 129.38223983982888, -28.648230947175836, -56.67153974426526, 151.4546397974526, -78.26410139283739, 21.12233123042279, -4.739223241064796, 40.86637595379727, -11.030603577751695, 65.55947074063242, 63.06823320809253, 97.47646151406842], [-70.97715901918446, -92.48787216851987, 49.77334634742645, -10.21093645590527, -59.08579890195558, -64.44095466139306, -45.98262743762881, -179.94300806914484, 860.2783245565407, -67.09114209408702, -9.406955960660348, 34.79676801818606, 29.598472518745375, 35.7375906258396, 145.4619847924398, 54.00286569637794, 11.229021673252022, 68.02114464596518, -2.896648960928137, -22.218979379520352, 64.36634367634973, -13.012601648342486, -60.777558804886404, -57.450111025030054, -59.35999108266169, 63.34520486138149, -50.63415909719132, -63.66787223889509, -76.84071104778639, 35.09880848089842, -39.766632169978735, 30.922009459503226, 1.2237539926858314, 110.64571995147419, 33.05945262620082, -26.257790635753327, 152.1573797303586, 8.252974976021287, 93.83644146097426, -29.641470883037474, 42.896435931266346, -21.95753237700974, -73.78852294889569, -66.11707876932492, 86.67041369151912, -180.74936676390362, -53.466303453536156, -9.358269825788717, -161.50198211933903, -28.130212101560065, -109.56574786445077, 3.5526672293072425, -103.83708780858873, 33.31109965776441, -6.479844587668069, -30.161370267538167, -75.74181701575782, 9.30966070611432, -199.28110349584483, -20.956432408140856, -61.810645180586555, -0.512836001247538, -83.50854298322308, -59.2277856748234, 13.274581289993872, 51.35019251575515, 10.157608676214322, 37.75829799598972, 129.73208655627346, -28.652924148154995, -55.050823460672085, 19.629418869213502, -204.22149180856502, -35.58668577930258, -123.72370445065577, 31.52395297220044, -41.838679708126556, -112.47031800185147, 129.40622708224876, 8.52155909841527, 71.80133453455795, 64.50482973433638, 36.70174809114416, -54.55791281980798, 74.67191665274999, 79.17808482348177, -51.25327532449428, 25.536569396384348, 76.73589793636832, 181.11582149400823, 27.665182584086594, -189.40635530628728, 62.70358021008392, 34.63441154621968, 126.73566767450231, 7.587707516137755, 163.29658101194764, -26.353687405661816, -7.714737759244541, -32.88635406509346], [12.84543241274452, -114.42013322771737, 91.26938317573277, -57.936377222393084, 72.61190694356169, -72.67333713366989, 3.032354115630304, -68.30198548478786, -67.09114209408702, 679.8832299914848, 29.275930318964033, 42.759988850677715, 23.41039430907764, 2.176649560376275, -5.750964028760394, -46.60527946725461, 15.4979223923241, -5.801842761818716, -149.9365326676133, -61.86394670279753, -31.55484444454878, 13.433941326614402, -98.11200615604037, -140.73567590504788, -30.268547376787545, 32.571998427497306, 62.270974845989855, 55.809624982250135, -53.35442127708022, -36.86575706483217, -32.25122991372883, 92.70320516634476, 117.40309945558188, -29.763802381811605, 163.85152833505788, 84.03801533386994, -110.38443155600214, 126.3892818783268, 35.80732750936758, -87.09902118081592, -106.11828468167586, 17.087694873999162, -151.3538706325363, 11.168458704722651, 55.92641864065756, 63.07919692673286, 17.225068358410088, -89.71968379411258, 148.01763447543289, 35.679167428866094, -38.53486350895437, 17.45916455554095, -134.92326047092965, -86.77765106623805, -7.082902879770913, -98.13878754415055, -92.51900216069026, 70.07089596345364, 14.560614631375651, 67.65155276972631, -47.747851228921085, -18.001908973236347, -15.121193235527736, -15.342106935940913, -8.104666795893323, -72.93200288478664, 47.14822521806381, 14.329322918999608, 24.33662609771003, -97.88422809642171, 31.13397227583468, 24.467009546525123, 129.53676458616974, -98.77901412130852, 100.40184111859325, -72.51040411626994, -123.89059760340363, -4.025605367005405, -52.72911029781555, -26.169424685454686, -87.77843924745393, 19.98162518642982, -80.6185775216785, 117.01843335992145, -42.28912865330357, -224.94056785120858, -28.741804683258348, -82.56442549606726, 25.866397822274745, -29.74836991984464, 55.69737737398045, 59.80043596915735, 37.05846044610734, -15.30430615774631, -14.691554745659628, -64.95327492384477, -2.1926812894558134, -115.96156862428154, -83.49152415994172, -86.77233586311091], [-6.79789449861482, 79.14077411348538, 37.010621775911666, -11.347311141075718, -159.28403282167068, -109.04909465352517, -26.003527191633978, -78.57642945495013, -9.406955960660348, 29.275930318964033, 719.719276448909, -19.425566199239025, 42.45328007598526, 41.237516406515454, -75.42786983860543, -10.996211747589628, 47.42876830561768, 89.72829413543937, -75.15474056431268, 38.6825356513617, 65.80633698606685, -57.24460793208057, -9.153364587984994, 48.221418857569844, 31.805697382537485, 182.04065381696986, -26.773930813873967, 23.51157327342185, -121.50256839792446, -46.73699892418839, -39.147640673694035, 50.231244349927444, -31.734095069658302, 5.698477047004538, 35.325654193245164, 92.40335487560536, -96.0398819272701, 20.92379287292119, 98.31015300410287, 48.79922915633637, -48.84216950190741, -51.54400253298802, -10.629839431390097, 7.951579292408157, -88.95742120839763, -24.565476425345253, -7.600266128681032, 26.615279319996375, -68.16708690296728, 24.937565198506288, 71.21217865331374, 5.552056765298674, 86.64685521145083, -74.89195460010903, -87.8629402223515, -125.95730792978918, -0.6273458622304668, 75.65868336285897, -67.88081907544489, 32.519433864989594, -38.19851367330979, 21.333940013546897, 80.6407667462391, -107.17570145765073, 10.074945232187574, -132.17950713447397, 8.4565458666412, -45.61725164315212, 34.73221320550482, -33.13449577104619, -56.19491373735485, 65.07901632434847, -26.549492427974737, 22.308885745006027, 81.43972932339877, 42.803781334978574, 90.76944269571156, -40.12913242666016, -2.188307428273492, -35.4462407312767, 36.346774265496876, -51.91762487297337, -39.638444975196215, -52.595847233991954, -17.934888372359264, 22.403946866130454, -34.93651024075797, 67.55924269570914, -4.164566355114276, -79.85228775333367, -44.30496843655845, 0.8652640120984278, 2.7320564646683225, -109.99395059448403, 51.35549814582413, 56.22682900297221, 76.84061040620611, 55.12598481941693, -59.25228783866067, 47.177471275475874], [152.81627855679238, 11.084217654477188, 35.59688382477082, 23.888058915534998, 47.16572686590164, -35.9102521851039, -37.84310896268013, -94.76431714563874, 34.79676801818606, 42.759988850677715, -19.425566199239025, 769.4499604856825, -43.57168842556973, -107.3543507765398, -60.31580817377708, 42.47635825870165, -59.71375808848144, 18.99374693358187, -48.00798512593707, 56.34783096094553, -110.57125734712356, 31.353557526736502, -7.573533223573613, -9.990253941687605, 8.952269684444806, -79.75403943790212, -58.014161450288555, 86.5568378396596, -35.57305278986175, 21.180185849014332, -7.97839805037826, -14.065568897845278, -2.8803559542681754, 2.894099212011599, 15.765501987417016, -128.80247162542014, 122.03186098218508, -100.37018717865685, 31.16128698122134, 23.887473718591348, 145.03624302925888, 116.03046655059737, -113.21212095178387, 65.74786532616139, -63.22730165366128, 6.999121968886973, 13.239091926616052, 62.31762617781335, 49.551767786812476, 25.099754790388133, 178.67917566555016, 50.84705884642629, 53.80428807094537, 15.528803794977998, 92.0399843566959, -100.61503969482392, -111.80197540189366, -76.36333211831247, -43.548966639673054, -39.15335564863187, -17.964250368453133, 157.4026400198355, 29.695397707698746, -72.50881802046108, 33.28988172920827, -111.27012672310109, -26.430245937450085, 55.69325087666265, 6.995132685002402, -37.88807943125809, -56.46186053904592, -159.5154364499317, -45.343895283245686, -158.49379541474121, 33.44949477524432, -22.59199062641033, -71.86634802661942, 154.93539037634278, 18.964558036759133, 66.26324418695359, 0.8492623890202768, -93.91999623421412, 63.78743989674482, -31.992960002074827, 161.28610296409664, 7.881795899619465, 10.00530208332615, -10.791597382225671, 58.25720923728626, 128.33089262984154, -75.42434862770305, -119.8055676193131, 24.25838781338185, 65.72796526650134, 69.54527614174535, -49.963466924676766, 52.74939250368459, -36.04727332356061, -19.77615862302623, 1.663994274633236], [-44.31650830891608, 47.464359546898926, -153.34825788416347, -110.90168774775032, -7.7117835911170065, 6.4242042978022145, 18.162419007859587, -7.157177203000959, 29.598472518745375, 23.41039430907764, 42.45328007598526, -43.57168842556973, 648.8954332306221, -3.6619859092728895, 28.564559605547903, 12.905645173942752, 32.36487259094332, -56.818540406871186, 17.229668778837326, -111.95734805799727, -61.550112678035624, -35.23641567171539, 30.23617463923324, 41.21771027111578, -12.0370402457345, -60.187078119011844, 28.17488297366009, 33.013974220512786, -134.2571029494214, 49.83517803918551, -87.26158898030933, 2.7607118990094897, 132.4701462112728, -57.98987076371894, 47.11202131424366, -87.82551354172287, -39.63254572255407, 122.27050040649205, 14.427803170966012, -16.69514369884404, 5.477364464650683, 83.295963000426, 32.64566642082731, 167.21123013344993, 46.71977806460353, -58.220950169153305, -85.61743327444073, -182.1137574967184, -94.44860695788361, 6.267300431817448, -36.00452655602127, -24.131131427789903, -72.99703666230991, -84.47555008598961, -102.04227991551282, 25.84076482095925, -99.09280483099695, 18.470214168863567, 177.96774681281633, 29.83337335704217, -58.84860696541437, -39.82880320178675, 25.409447347593705, 5.890182372550452, -57.07952540600235, 34.78186333935756, 62.45091591492242, -68.70295631745023, -13.81332469867463, 23.399154922195276, 100.40786416005925, 93.78151835183884, -84.07898437092105, 38.618189018579756, 94.42602154556529, 86.83542633893464, -58.32360526182159, 98.82378643454936, 8.450285829870868, -83.42056529003415, 51.77334781457532, 144.06556518482884, -84.99213951876051, -40.72869531211861, -26.523812441307975, 7.378614364191273, -68.10819380262045, 16.138877103623386, -41.4476386555112, 82.86866198485839, 53.01400602089646, 63.60468117327083, -69.01920706566312, -10.566767820008971, 93.57438415728471, -17.703977420286616, 86.49429047001824, -75.73146569127402, -58.034552868646294, -71.28774659450002], [-113.88158727139458, 18.859009587887538, -34.31546550944382, 16.796786340522296, -104.72138795948952, 113.34548190831799, 36.382595667246854, -75.07637058406456, 35.7375906258396, 2.176649560376275, 41.237516406515454, -107.3543507765398, -3.6619859092728895, 718.6009337983473, -56.14340779817927, -28.984765480032724, 4.9181775608305704, 31.51734647286175, -86.72158453714174, -69.6061787284031, -31.078147352772103, -12.388688738525149, -34.65504187634392, -120.48997752986838, 45.367551492437464, 41.61463842996156, 21.390091176074495, 19.48241064473525, 56.98061865826062, -69.09385961386761, 70.70720944818652, -44.225794510156945, -69.90392846944901, 16.150345951124272, 39.92483971033761, 7.436431412279045, -59.9002140762588, 92.80267983007272, 4.626437171731235, -36.302187476340464, 113.02476717536577, 92.65530923614858, -51.16952168269789, -5.762673007544415, 72.17407175012885, 47.11899207577891, 109.26249240345847, 37.2243929919516, -68.6001520109049, 80.99913161146988, -166.14177541791906, -43.85782864778681, 65.61085089841706, 41.894480536598785, -107.0508689215143, -64.9551410918031, 48.170756423872874, 154.58331351833237, -22.670109619418458, -60.49619309521737, -129.11605222098635, -67.91521170983671, -45.03489545897726, 79.37855257884954, 149.1406524862223, 20.42081032506101, 74.73398454646494, 14.312191043094945, -14.703307625579964, 66.6656607159236, 3.799512797144623, 141.43125261398743, 22.471182696482206, -50.95706840054698, -118.79694811124314, 110.25191359566058, -98.01881910272054, 84.57418656063126, 67.76212445485672, 87.88188998619171, 132.74072002599186, -15.812393516097398, -75.65332065934041, -40.577135294847466, 44.00003881339395, 168.0127285565229, -1.7071074825393617, -47.747859479204806, 107.97140154232441, -109.27488675493977, 46.69208113085551, 74.76538695065689, 97.5671513916345, -9.495198521323287, 146.81212299876373, 98.79356587519034, -115.0788811795255, -7.245113335030736, -39.60961524717447, 124.82041362439057], [16.016921167605847, -171.0050199150766, -4.275352737933445, 45.78976826520602, -5.674769993790058, -22.835629830562382, 5.175429068266364, -66.30404972380879, 145.4619847924398, -5.750964028760394, -75.42786983860543, -60.31580817377708, 28.564559605547903, -56.14340779817927, 630.2354237923901, -67.04336879893678, 84.57599212198525, -121.35317164781205, 117.20994586963205, 22.8774102683459, -18.993061772150615, 120.81115165253884, -102.51988296491905, -12.701176889389842, -18.547213099202025, 16.820699821748782, -73.13420371890754, 75.42751890514798, -68.98558481860108, -37.288849942817535, 90.17596779136655, 56.3755692867554, 16.626567760608587, 108.61818158348066, -37.96355346385799, 9.67604563511629, 60.61907438722301, -22.72168944755516, 81.95514771989635, -84.5378158864267, -36.19722861427416, 28.420306582856902, 75.69402438524281, -136.96363385492938, 208.85830284572438, -18.496952055251587, 37.80889302084372, 25.36751365577947, 15.830454671492761, 35.324682702613956, 58.98663339919012, -19.972125689585408, -128.43611342138536, -22.107275806189836, -27.895720484245057, -14.434843426628262, 1.0877938287716955, -21.086533501321753, -47.573983033859996, 27.16474714711136, -47.11724628342868, -32.81452739827853, -41.00317448578636, -114.63718475173518, -49.12526861885732, 9.896373917128399, -21.77384550963505, -46.22019419204016, -13.056467412107935, -96.93700730126584, -41.15087969513236, -52.257325372774794, -10.886140797403751, -42.22686176071693, 61.292186825395376, 61.50711040412614, -25.54841077927124, -64.80836037598172, 60.383346351058314, -11.665424335173032, -3.222074399918348, 93.46585819625085, 25.271419223512783, -86.01995153810408, 130.85550636575962, -62.0852765996557, -29.47419729901175, -63.153496876534156, -38.70597835341138, 118.56449307828844, 7.944860292465182, -20.577457257894796, -146.98919707181, 21.403325836035684, -25.63401637292942, -0.43759243516255886, 56.07511485133144, -51.18413781451005, -7.367187754930255, 24.380051264015457], [8.395021946805667, -22.971306782856928, 14.037861190874109, 46.886115548797136, 139.30620129462042, 135.74216007317773, 138.83602757464175, -103.58630885763324, 54.00286569637794, -46.60527946725461, -10.996211747589628, 42.47635825870165, 12.905645173942752, -28.984765480032724, -67.04336879893678, 911.2155301804428, -16.044890983404322, -4.434522293825077, -83.87099171898346, 4.078471441623646, -111.80725460458893, -85.10549333012112, 17.57828600827971, -18.11686951435914, 117.8849683854752, -32.5755182816996, -102.91999960808023, -132.11465130910176, 64.10023729910468, -12.930626075084506, -16.74070995825022, 104.24298242995486, 41.06871504654307, 22.455487037220795, -5.306658539933644, -184.17677349294527, -44.0182545895375, -100.9731214674427, -106.37276238902042, 90.0812422673629, -109.63195153903753, 20.468196563513025, -55.12624376562886, 95.81484614778674, 21.654957524286523, 50.99862769887615, 2.7435251639623988, 8.440994792928796, -79.87259348597956, -7.659277072155897, 12.947481464007296, -17.52387154705334, 44.8840874074537, 208.98789824007386, -168.60189974785408, 35.718398064495716, 31.478915838393604, -75.35816635032958, -191.04149914587893, -61.85801633854899, 98.79987407027254, -33.69472453627192, 0.27676143506493184, -5.079982877397871, -33.77698109248589, 39.80499408059624, -125.46162112449261, -64.8111037117699, -25.51206469208791, 32.32287312585563, 30.68426241094058, -61.976209764793545, 56.71928502330685, 119.649020507083, -110.11363595299083, 117.46711491564739, 105.5644576957977, -72.70373737289691, 27.23233357498623, 305.862217031391, -100.0238927347258, -83.43912908889253, -145.8439145986994, 4.253997328378023, 100.82912091834908, 29.703677824087528, 57.79799869540517, 55.469052230378836, -13.21371317635882, 7.989058271339403, 77.03714780183114, -59.29698876824288, -45.122927829449914, -90.52196316048668, 32.026646962548, -12.989499178194553, 77.75847102801296, 30.997736565855877, -43.492638201572, 33.806736856273425], [-62.35888496184444, 68.9735523054322, -83.92553778600711, 41.15518045990422, 111.37861392842173, 95.61640668120475, 64.63388473557437, -43.3486980094879, 11.229021673252022, 15.4979223923241, 47.42876830561768, -59.71375808848144, 32.36487259094332, 4.9181775608305704, 84.57599212198525, -16.044890983404322, 604.8362921097558, 13.720490557382686, -86.22429929891607, 166.83626638717578, 58.362825400168504, -15.852364051077886, 42.610510600977676, -7.27660041267686, -30.381491054605476, 133.2534706479434, 36.309400766935326, -17.41225931288868, -77.50338534647712, 32.79301616718538, 28.68802582501179, -113.22545812190829, 48.83254388987826, -82.26982546286504, -9.488603144020063, -109.15732446689508, 2.6318552878941497, 111.87472195621888, -35.85805619966403, 8.79074309865205, -130.8680698251099, -81.48725284755571, 83.7874800769409, -79.54449208525611, 95.24867047215861, 45.15128649533175, 132.7798183256904, 36.432039883686706, 63.70810723107645, 8.960392681673543, 39.562038404220154, -117.55177446068743, 19.44848400525983, -122.84906289757821, -28.133756561176384, -7.234650073141505, 106.45610015812804, 131.46607430457476, 77.72366543689141, 45.272808876868176, -138.4361127530648, -7.654831223972475, -0.3667365838478957, -4.880189352063657, 2.7711257059566834, -23.1369432205547, -86.10215681231581, 89.19325696564896, -6.023689959008293, 43.36905543972451, 114.87821468204646, 1.7014085006328308, -53.78830594402059, -6.693930682835694, 31.116826713028, 6.958226629482862, -109.38904788711986, -70.52550728903636, 6.9472740111989415, -134.77595633740458, 67.62511273665133, -136.21097688002888, -40.1789197771225, -36.00719794234257, 5.883280265687624, -59.87744168294869, 35.80810449294266, 20.089012084792355, 50.42432614491455, -15.83177713236616, 3.5100696018587922, -123.76516449934694, -116.62672883771972, -134.6557407286116, 65.58849413503404, 97.50548773653782, -48.612551953459274, 56.54264720913922, -120.17515996679634, 45.16874365557968], [-3.1795732117854025, 38.60136523076421, -68.05073742728283, -44.8943531583833, 13.353511409553992, 42.78044376244381, 49.523967489960455, 33.3135506495852, 68.02114464596518, -5.801842761818716, 89.72829413543937, 18.99374693358187, -56.818540406871186, 31.51734647286175, -121.35317164781205, -4.434522293825077, 13.720490557382686, 889.5868919572508, -31.870329587461015, -19.770097366053662, 93.4460845609878, -8.240224311627705, 35.43241758145008, 67.2039831218229, 70.88963404444534, 44.845389859210144, 14.459197364538607, 70.827365500332, 22.84501136011563, -27.59944321765556, 61.0966410722092, -48.717606773287386, 132.57992454581736, 22.249844056445937, -91.26731679944267, -31.15282760317189, 1.5988777758393105, 2.7188408533261685, 11.464681316046773, 131.47218897525994, 116.41091737856809, 139.92433617469462, -36.544766718328326, -29.590091804808765, -91.77416206821454, 84.94908550710787, 59.78014288858107, 148.0990135999047, -45.98752458017939, -70.09866931509205, -13.034703190806864, -16.47906713598048, 91.45989475338061, 120.24207546942577, 90.3751726132324, -19.33180474262846, -56.98263767388284, -133.93597037235818, -85.50790113804986, -160.17629786703077, -102.91493846130308, 40.763479161088874, -141.62855213370784, 105.347718986194, 3.6318000572524, 121.82863881835506, 48.223222935806106, 11.749145881809056, -27.93633987420967, 78.10515782352836, 63.21870216889223, 74.17513343319793, -89.82259084398439, -0.2179259853908425, -85.1110664570763, -52.64187331862075, -24.22688721011422, -55.044514351018215, 10.66529640170892, 58.75201411507973, 81.69078959655525, 80.93624307228407, 144.21275719070147, -37.17859125732912, -176.21186132507478, -17.40980839413948, 126.03038057409321, 226.90659202802993, 79.86045947049259, 22.79346461858339, -36.7046665533865, -64.38582444010547, 77.19952786687095, 11.737391742367636, -63.1988911016941, -85.12528443111685, -60.00933378770799, 9.38213847938369, -7.986086951796622, 121.70197382858642], [16.709096364477492, 104.57419855423232, 15.280559808945062, -42.83106754716773, -87.69963800201532, 91.75087520786435, 13.645818948888081, 114.03804690946984, -2.896648960928137, -149.9365326676133, -75.15474056431268, -48.00798512593707, 17.229668778837326, -86.72158453714174, 117.20994586963205, -83.87099171898346, -86.22429929891607, -31.870329587461015, 762.1418057956038, 70.55206847038089, 0.7965486313485199, 60.4594733736076, 24.60769001729541, 152.9126244145758, 11.988749818196396, -67.8512001301204, -68.5127929488387, 107.99469305710103, -16.47513039053623, -1.4990818011980143, 87.85896202059598, 65.60472775457353, -185.89751561241164, 45.048479777518686, -92.10156677855765, 129.86384822234908, 73.56375554695806, -21.135362291667253, 10.239348503150987, 33.69094635582921, 83.51245999254569, 53.16334151790476, 100.53945079336087, 63.0682320312252, 57.176649927260684, -20.94340729075601, 137.33637966022894, -2.7454736709346563, -30.990231341602648, 36.19568439595128, -27.38607602233916, 125.77647130237928, -19.742607905987782, -15.754916483638349, 47.75538639210225, 44.81537027782015, -24.361668917135017, 33.39200593588464, 82.08674355598615, -71.94532412641006, 16.17302590311031, -78.39076096696473, -49.655706903326724, -98.86998204602524, -191.32145479251474, -92.01096702499626, 25.160245336748464, -93.11383921210174, -29.011102125375675, 57.6513153955647, 67.56992716122454, -22.733252718909647, 39.317136548217334, 56.235131550380274, -89.08537765138104, 14.27786936620899, 1.158663001990257, -33.45783464557739, -43.55740551325281, -62.23820811953928, -81.93806687025018, 188.53887393899566, 134.40140361164634, -40.09650310932718, 3.217592205892165, -62.368856950062046, -72.54072873507572, -58.92004213990436, 103.85652182671204, 115.87664178257286, 12.971279641121635, 43.223777946324766, 21.778700204763343, 52.29736701169834, -67.96765103092586, -80.9959638934341, 16.8351549981243, 116.85431956482722, 116.34676246862212, 179.03316178378503], [-33.031843824789306, 106.12998513965987, 21.847300346093018, 49.273241614752195, 140.95121771315988, -61.76127277070897, 54.565934601646134, -57.61182491180786, -22.218979379520352, -61.86394670279753, 38.6825356513617, 56.34783096094553, -111.95734805799727, -69.6061787284031, 22.8774102683459, 4.078471441623646, 166.83626638717578, -19.770097366053662, 70.55206847038089, 899.3441736235492, -24.046333466027807, 47.86941580639824, -100.98548165919573, -66.43118399516223, 10.596979612031364, 55.68389947597493, 42.99230319908767, 129.41921253626847, 200.88057566241906, -40.85909216031764, 140.6002211469191, -53.44912374266287, -120.66538296970418, 103.21228253598593, -188.34842945015635, -23.009861262036324, -111.36070992847041, 89.60529918590068, 123.63729382036888, 66.38918020036746, 39.44876568575156, -75.4296067211811, 24.210678419962306, 45.33398799755955, -24.027582805165864, 12.01036447075448, 298.69472733951403, -61.98700917317491, 19.52677943774472, -46.24798908953578, 108.17436271994433, 20.98789692757423, 116.6022569557205, 20.786864167123603, 7.187101356397926, 8.161979938698856, 110.699407443412, -15.4657778707591, 32.61924339186823, -32.33392859311547, -39.22284686232786, 152.9034490370349, 1.4532263957234097, -75.69154934847417, 88.30498989207804, -128.63454348723403, -14.392314836859336, 42.00299999353153, -72.12415073643399, 46.338803293309546, 32.4590264719115, -80.26314723257337, -10.486129586214041, -21.28487055552037, 20.448912974962884, 54.78261712463328, 15.76125002316803, -37.14716981703335, 55.150535785776746, -42.98966547217624, -1.1852003793381356, -172.31207259715742, -57.89613711727535, 5.7928578034733444, 44.28219851606455, -28.076492719883635, -152.8483294912876, 45.55676486105681, -48.51178408136089, 5.142011103802908, 25.518321520521013, -179.53466741897745, -38.33889947249513, 57.98946602853099, 34.07706317184563, -9.109595282866712, -111.02098758385162, 146.46175223130626, 34.05683220709788, 102.46526731431086], [-49.431102894430964, 51.12478137358627, 46.52928746735867, 0.8331223372819787, -47.612140007878, -143.83795640637345, 19.477581869275507, 3.52681652463024, 64.36634367634973, -31.55484444454878, 65.80633698606685, -110.57125734712356, -61.550112678035624, -31.078147352772103, -18.993061772