{"N": 100, "M": 6, "A": [[[873.1514881690495, 140.2066874227799, -15.682805338465046, 105.20926159731695, -74.20965247645438, -124.03796589380197, -86.93878620947594, 76.11667381023405, -161.9415154685785, 2.4339654343028716, 13.889407018004365, 71.46319134468587, -107.19515440422099, 24.81459968876017, -50.406565682373966, 42.66284845686766, -99.53011890513582, 100.32157269404439, 91.44328723376971, 29.22675764350417, -74.94059882022057, 116.87329663277202, 7.117484151239319, 1.8139610145722267, -16.655467869372877, 80.3355508353604, 103.15075637818701, 3.35507187459456, 45.92368773324746, 55.23903214670533, 47.077497759953246, 62.24335179583308, -1.9338476080538642, -23.748300790802702, -10.098371518798341, -37.58981471594582, 34.66512946643583, -48.76770269853267, -161.98265560808375, 68.36996492821676, -75.96254142520543, 6.916291298226866, 42.72943600332523, 33.68698641278223, -40.86920067605857, 59.5526584800153, 46.59711133431697, 51.98142789940251, -21.024921067593255, 84.23375902576646, -48.85134095647768, 109.8129488721994, -70.40985980171713, -33.973812941015666, -96.50622894861814, 19.086999962425434, 33.40757946024858, 54.78570674228677, 1.9309094349440277, -86.42550925946112, -35.327865520338385, 3.9445463335683604, 16.15388051792431, 20.512420280532616, -27.75191180248389, -105.76275401894208, -59.04712348522254, 44.39307973314583, 39.59056867619427, -70.35215961990129, -69.71939290581146, -63.41753390111076, -57.426584412106, 49.52022842270973, -138.0381052873723, -84.76154633277213, 61.07519474475933, -66.46601920195299, -27.448947352471272, 121.43503296857232, 57.84228042080223, 38.67359076127278, 16.54637219598445, -45.397542996598304, -90.16533066932955, 1.8163819360495919, 11.207447245179738, -37.33240176165524, -33.42767918384163, -30.08914097420466, 47.91714192301514, -70.89214322171034, -18.58775860648599, -49.544186155374994, 16.020648272819074, 83.1774857171758, -88.54844863501046, 21.20701959501628, -99.53172805968936, 7.437857888417121], [140.2066874227799, 991.5299385171026, -38.14906002759869, 128.70639977395695, 91.45265198601084, -26.77763805646712, -12.899242858681426, 51.31827371092759, 89.36366345685124, -99.31674157300036, -17.593325442135182, -70.45331155389016, -107.03682205369857, 93.91288491608259, 28.447198810672905, -34.69304156072367, -74.13627650861541, 37.59599034815886, -27.88203408221729, -52.03582711214543, 97.86636700335461, -19.75344400494026, 24.770369738201612, 106.29206451617546, -76.43829584770629, -12.249922734834767, 28.984105349667868, 49.36499322266831, -161.2158149991598, 10.155570994643863, 60.47897020453757, 79.09230201557787, 18.293385488872687, -58.896284455614676, 50.63361523563586, 146.8829340852504, -148.68247367661036, 36.210307529211, 13.203291891630053, 75.30215856769844, 62.923271915380006, 126.45402206831105, 27.616448009038773, 104.989928006968, 9.286035055997296, 16.8244183340217, -15.816562386868718, 59.19752637682261, -52.96414281232188, 155.43287256882454, 79.06617462722443, 83.67710351455405, 2.763391281610329, 44.53709066635266, -64.6764565392986, -63.543288224300554, -111.18839863054403, -84.29768603123894, 41.20216309256459, 29.7471920106842, -69.54916266481034, -71.36293372847969, 62.732387988266126, -69.26833377137908, -39.4696377109189, 194.95165556930544, 26.95683513964629, 1.5267091034434728, 68.44519951712412, -114.50916367783746, 113.29859473080275, 58.94776155930083, -98.09199834315272, -14.013878892473887, 32.572333070114, 95.68707427209591, -11.147524085496094, 93.7284489371542, -14.537488261184105, 45.63849561773403, 32.92775219363834, 3.5309713497573445, 2.7172556767946228, -0.1174598776546135, 91.12585514100626, -39.7787673885204, 54.190730099019305, -59.778255698260104, -149.0970453290835, 22.50705166033586, 52.22322282614965, -175.96630588962842, -15.196946030010418, 1.6095862480985332, -40.87260649553055, 0.8016025307247863, -6.807997609552849, -67.46130705843005, 98.79733797019344, -17.361817568226034], [-15.682805338465046, -38.14906002759869, 875.9078684439322, 79.32584182438268, 112.58395684819565, 8.06475993166711, 148.93101792381918, -95.06720999445828, -167.74368877445826, -70.81831343411694, 69.67535656981362, -1.2085390372730478, 171.92300106138114, 43.093094156762874, 73.4944916435635, -23.201945981369885, 63.50047628015467, 45.61820539646021, -17.694820203989927, 12.784752443867273, -86.27574538425564, -12.960903040381039, 62.996220914949426, 60.4590315915067, -132.6301106839302, 63.614130489960026, -81.23323869887679, -8.168684311107935, -27.054549060618736, 43.125113327036004, 43.40557138285618, 166.90719583024566, -59.46250583754752, -14.685092633256637, 49.19046100623686, -3.9372304814553685, -35.65412476605926, 5.235535034877312, 17.926690043609618, -25.37451295271005, -22.7178299994528, 37.326871009876704, 67.26720865823444, 32.04538186085385, -117.59526381543621, -13.19676306169256, -31.63615074502238, -59.249904210681564, -70.31791356512907, -28.379328701037178, 63.38221618389939, 17.643162963684745, 94.03445045365606, -140.56235869113794, -54.349945994914506, -97.87760170766917, -4.733003559227896, 13.909752721273763, -63.14281668280916, -57.222762149980944, 94.07388093003755, 168.3254434000152, 28.266288700820734, 30.886344783246994, -32.9628986931589, -24.065062801549427, 99.30888162997441, 60.42805157143092, -32.717599151923615, 98.38507778151683, -75.71806331154016, 16.50565311708301, -84.42775251013326, 35.43339004162427, 0.6984831772998911, 37.38547203952381, 18.42216426364079, -7.536164028258598, -43.247319378541974, -61.193632845151676, -146.24691867926717, 110.29021260848288, -96.75031181914977, 113.64146936578207, -54.35326863166484, 3.609831183359921, -32.64481517294813, -32.87377079795628, 26.730539294987942, -177.2903281133772, -7.456170876157722, -37.911736983528925, -149.29316607072786, -18.406279173765615, -2.10424772533196, -36.238402602659, 94.40918116772056, 35.39915820059953, -79.85107650559674, 65.1312963489103], [105.20926159731695, 128.70639977395695, 79.32584182438268, 874.6630124660359, -79.45584718985373, 34.156030358148165, 160.3403691226234, 23.02152002399025, 63.07791066773851, -70.14346734361067, 40.902863957895185, 25.901084387583385, 1.3528642367041865, 28.74101833516303, 141.31404469183764, 69.2667840430349, 57.47316225719569, 9.567700061581585, 39.848479592149836, 40.72904927300361, 20.77281404162441, -34.34177233592072, 160.9726353477023, 4.042365092243584, 16.395569099050444, 118.77031107087076, -4.754642538858215, 24.00327596231055, -131.88858659460377, 180.37159421433915, -10.853057727685984, -120.07784368405741, 67.33482595913941, -96.27719212206236, 72.84973616295733, 34.31023258541567, 5.903084070547049, 76.01521432830924, -9.942576882364287, 17.489893787973813, 18.143136174174618, -75.09059005161421, 108.64453036808649, -18.442972133839053, -85.91061929974123, -254.55135199310413, 16.17890060784218, -16.2037903176446, -155.87327399231162, 79.16874327317583, -69.82980470151988, -24.37707015176538, 78.56987898800304, -10.236077915722323, -23.427949862860004, 13.672469746856999, 165.66743522332973, -39.38983189295378, -2.3382592146872567, 17.74752912916778, -4.647881274394401, -25.061577647132296, -107.22193856329072, 75.13917462646145, -21.67513021949903, 77.81385514117173, 137.32078863525663, -9.360280312564731, -42.28602612289385, -105.65860917769187, -132.51287125603542, 3.2050133535362653, 6.462452893619279, -46.355975805014346, -83.27363435982313, 132.3447764610247, 95.86942986282763, 152.2412404182494, -51.11298765184144, 192.01132045330974, -7.479475725867999, 14.422455444123829, -85.12047529538901, 67.29329449433666, -72.44842222676806, 18.65592190950862, 17.22449533258243, 74.47204959552839, 27.91793941848393, -1.2400447242493515, 90.16495036163172, -95.25938259766981, 89.93777331395341, -66.90751609125692, 73.4140775901111, -101.15185692493861, 47.495559647115456, 37.29366879982803, 33.18211382747735, 40.631134433053276], [-74.20965247645438, 91.45265198601084, 112.58395684819565, -79.45584718985373, 1101.4274896595873, -16.34037143025518, 87.18251986393825, -68.34344527941563, -22.506956174532363, -129.97186998467294, -4.31346118636674, 35.19272691454525, -6.662584847591762, -19.269091669284595, -108.41507489588453, -194.99960617516942, 6.388682828801284, 33.77551653967622, 59.106938842247196, -23.924461282062975, 104.95540382443652, -108.80586327605558, 87.43863669538847, -23.388177937088063, -25.4392357794666, -54.646913614636546, 82.71688215951569, -34.991956883697604, 14.027583081563947, 0.3691187608824325, -24.955446120110977, -22.834911072157887, -24.94623247428327, -63.42638437489817, -79.3847083039608, -4.990387984465445, -3.7764723180301925, 97.5481849580671, 33.516417326902506, 16.406003456876594, -82.74968597663234, 14.5919292899543, 9.796498817928802, 106.92969861772991, -14.2328807992603, -34.50062688419105, 72.27731575813662, 61.56809411898455, -75.56024112172022, 10.624085406081532, -16.79280988165987, 18.2384640850451, 24.117198774670406, -89.53420299787756, 140.33454153283674, -58.38868901544036, -95.58861923444807, -134.61999047692512, -11.10061306336467, 76.1791963553923, 19.00075498630919, -7.190939080248014, -125.64320280024296, -38.73314691313924, 31.22473338698379, -17.745813262543344, 26.425990961181622, 29.265176985764487, 9.693851406060308, -3.5421071478825668, 44.11322559954011, -94.37587343558191, -22.49773465876578, 146.8993478674142, -19.334906238419528, 36.569290638087764, 181.89333929855604, -79.0824139968839, 28.48775929136721, 60.305482293270884, 62.02246165276637, -10.829193926815702, 145.77076019424985, -22.452709866970224, -121.06841661810094, 114.21986918002203, -62.06692868274621, -67.52567527258417, -66.71280022664263, -56.281240654648116, 15.359332605993055, -61.465656689289055, -4.127320748095741, 89.99248150434575, -51.43414207506577, 4.4440285418811865, 64.60258731670316, 134.8683495210145, 99.87139276179528, 21.795083271800593], [-124.03796589380197, -26.77763805646712, 8.06475993166711, 34.156030358148165, -16.34037143025518, 1003.6479123217073, 18.434742359200218, -58.51010291817956, 153.62855000894706, -37.9900066234206, 39.23017991979658, -17.514531736460604, 29.52972383800302, 24.077132792786056, -50.55113629850131, 216.9997984879678, -24.914126924043202, 99.18237375009514, 73.18705211170709, 36.070986897662344, -111.02803239429991, 40.835893854439384, -44.8743659902067, 107.98821443361734, -100.68905854951555, -89.10337638225913, -58.67050310535237, 83.95711612499973, 51.87097670111479, -0.9220515889449512, 37.46194206269026, -24.0881806046149, 80.46244138965875, 23.054443944088952, 143.1198619994045, 54.344600849995196, 69.66088211300439, 68.73509104744203, -83.64591027272391, 23.631316835182595, 125.33797871077007, -55.12811698639469, 4.8425541435444535, 82.14536593585545, -18.176181681407297, -14.465087742027174, 10.579832993904356, 105.32169172500855, 132.20075771326734, -8.059364416957903, -107.25994215499973, -67.95759444984668, 13.491442671762528, -87.68769372720806, -49.8297381147364, -19.588029905087797, 31.423135514624803, -77.80668906418022, 86.4447783790992, -98.18312996726812, 51.18237163566995, -37.34598703586368, 72.56688584228813, 1.4285761759437563, -41.75832262202991, 40.05148490780206, -57.8675151538026, -93.25927606305821, -99.66372822565597, -8.037082580147255, -22.010013701500874, -27.27574470291455, 48.051954563060825, 95.87275933956565, -73.6536452213673, 84.80019569049627, -28.36335556391819, -80.60095185072, -52.1253512733502, 69.43219769293844, -50.097497898018474, -22.19638167385506, 90.26770137677713, -24.799698570635957, -100.21894450223468, -29.878482590434675, -97.28208140037435, 46.311128790630164, 15.933754954136733, -62.722730269246476, -9.043780876565538, 69.56886715905587, 5.964558345304054, -2.2348760561490817, 4.70021227756078, 17.696648320886347, 42.34441934065114, -13.402417480095773, 41.397386355381, 125.74271879223495], [-86.93878620947594, -12.899242858681426, 148.93101792381918, 160.3403691226234, 87.18251986393825, 18.434742359200218, 842.1575327541021, -111.23035993666139, 27.60675631920226, -74.11280435683823, -83.4651722255229, 84.30226726602149, 4.128365277847787, -12.921597189726858, -22.47121536776455, 3.6981865227995288, 37.34018015280592, 8.329270333029264, -9.582413259821053, 29.601780758744226, 76.99303433920566, -69.08393120142031, 37.03011057797973, -20.533646588627352, 66.06839879480822, 14.772481141675154, 56.52998492693165, -19.49797563964654, -165.92324083136182, 77.01812356038, 77.47359678662714, -8.315860189148475, -31.082911858016153, -40.62915997869572, -31.93786479873093, -53.06738325943407, -110.39980906068325, -11.036458569726843, -2.339830462178958, -76.22859014552428, -90.35442713504214, -12.875142355712825, 27.662817116862268, -55.55736370512428, -73.98033559638417, -83.66069849225248, -2.4239405323268937, -15.810370478879824, 12.735850776788366, 46.53180098665608, 0.47403431284141656, -45.59277735224674, 3.396453837216835, -47.24934060149075, 97.1601764295083, 6.244035864403821, 177.18566678771268, -22.730526915471156, 125.29901118016197, -16.54945270679153, -102.84969188012259, -7.265688279377248, -78.10622134357715, -3.8834898492331273, -91.49353398032518, -7.542409422534436, 107.09672156835796, 43.63866191304562, -14.313589149500206, -38.669173261368684, 8.820220175085224, -17.383223486801487, -47.12232533311228, -28.885694668885556, -43.507936388051704, 66.35559459639877, -69.72296526134618, -1.421961482378445, -73.57858532485302, -98.83430775089514, -67.15286327428268, -46.64346534126369, -16.77486088777626, 33.79721258783677, -60.82694768044625, 62.276597533742674, -34.47168393631182, 64.1813719408158, -86.08869214035755, -127.0481411544383, -41.41016239171814, 10.872584010968698, 69.83144249672847, -71.4116233875595, -123.14512213373283, 4.500187285809528, 114.63461194342408, 31.182455053504267, -42.715326978127784, 109.63016495087629], [76.11667381023405, 51.31827371092759, -95.06720999445828, 23.02152002399025, -68.34344527941563, -58.51010291817956, -111.23035993666139, 1139.6180401229, 75.2850953999476, -72.30935587636877, -10.65662414780098, -31.54510928760931, -5.155302160383205, -50.72959270923631, -92.22306801450284, 24.07683760506935, 40.75665775993403, 98.56052191615365, 55.52176252202796, -61.438001356578454, -132.68880403070045, -4.719427527713426, -105.01684377915325, -132.6021317340735, -35.39331414795935, 184.42520232956275, 170.9275487032613, 60.26823192607365, -13.66317331147498, -40.825495518135526, -11.527019611837842, -9.305887508604213, 34.81924310236635, -91.18447163725217, -33.44950540144045, -47.75964731882833, -6.393226971018054, 116.68921041948447, -59.91508633723239, 58.77509397738647, 41.196766362562705, -62.566418039478684, 71.76845455131577, 31.860662857343623, 21.218304238540885, -128.81592847839855, 33.09909646396873, -7.619521298938743, -122.09137479785498, 33.94889685719964, 68.50382159876999, 84.60852802107188, -11.39527940983667, 77.44147263015421, -32.97838447247244, 63.054116453499006, 43.12791613357403, -111.66840727497527, 36.89377811224517, -46.537381652280985, 101.70865042344812, -52.62627665208805, 162.23564830155723, -32.10429355942297, -83.06125290578514, 36.8404373762675, -42.456543476619395, 120.82030894033846, -29.4605027127334, 150.4286922626103, 80.68319998562362, 14.510590762874955, -36.26662607242249, -37.011337204502425, 31.264318517427316, -117.29972972219925, 16.02704847355031, -22.528066013515943, -35.40820727522474, 44.07999156258977, -4.169016113102787, 106.82580376687858, -135.81553145834903, 43.32754832796474, 74.4904122832691, -84.60706595926366, 39.69064808720938, -111.81349021503853, 107.88766232377273, 106.10237085203424, -63.17098221276908, 154.81108333017912, 109.07572082033849, 83.01505004010359, -11.919295308857905, -66.15922473317607, -127.54865354367094, -84.65554567036219, 14.31237185046904, 127.37288010201846], [-161.9415154685785, 89.36366345685124, -167.74368877445826, 63.07791066773851, -22.506956174532363, 153.62855000894706, 27.60675631920226, 75.2850953999476, 1064.0521576555407, -25.339918684911872, 6.902180841246974, -93.92742985713534, -49.38852982431147, 13.38179654001068, -111.95450169659726, 47.97975582109898, 48.53104146856857, -15.365938743708394, -42.94676655266362, 27.696606400714227, 63.28454000409479, 116.39768782413705, 0.408221484599748, -74.28353482108592, 158.99982330945804, -63.48984300630082, 37.43495940208849, -4.542675861856558, 59.14479812352655, -28.254616426467695, 29.86418982078085, -110.94904789081528, 145.24431964587487, 65.4002203639682, 5.074182044850706, 1.798390839678143, -47.90763092132678, -45.188124660001606, 12.265558024059281, -62.56149354913583, 18.54127176852943, 0.8344200565188191, 75.15517507231382, -19.14728472334079, -102.85199226511196, -60.847452077261046, 30.718462865641225, -30.334894902383418, 8.195790266410288, 104.9536538015936, -32.60939693360586, -2.2229061310563583, -40.945130770305944, -16.779220788201414, -118.27883124855389, -77.13979071328325, 65.50375836659016, -185.78565710575432, 23.746072213478044, 0.583486069406187, -42.152519287064926, 31.14627881147526, -77.57381865055514, 23.367246064313225, -39.26400283809956, 30.49299823101412, 34.82495344617897, -140.4819925854158, -33.52967098127938, 56.53570342109819, 51.534878360506774, 34.040916008022364, -10.152602124889677, 6.132980044623571, 57.025745330250935, 41.705487160547875, -8.770041485759396, 63.45675936601864, -10.212237941579646, 87.742616701374, 60.311242666202794, -106.42872832951299, 66.59550916487188, -90.67309573800317, 18.798834975706008, -123.59525832923781, 19.126482480727823, -25.06671797477382, 45.10092571574575, -57.010724907632316, -94.02427319963505, -0.44128509424470547, 123.78652748433716, -44.17314822694494, 7.022012784571514, 7.475153313915967, -44.548692034885526, -77.56908228087039, -54.46501709372387, 55.70523090597392], [2.4339654343028716, -99.31674157300036, -70.81831343411694, -70.14346734361067, -129.97186998467294, -37.9900066234206, -74.11280435683823, -72.30935587636877, -25.339918684911872, 1059.980103134206, -36.23161252164494, 65.16160797527736, 40.64148426405829, -55.33108965434545, -31.079077429363775, 75.22250945501142, -105.19888239376036, -155.96739232150262, -29.344013713496125, -1.5781084381573087, 127.20068925804469, -23.821555479954785, -8.360019776078701, 138.80171573356785, -89.06922913301935, 98.61360117221261, -10.758652019740323, -21.191428546855352, -105.09013079915357, 18.6234350471966, -191.1214711030787, -54.56869665797966, -23.036812368877424, -102.89457840067895, 126.12663118141361, -89.0560200819238, 29.79000406881907, -35.88191818676334, -78.30283301854345, 4.569899665244938, -153.88645907428847, 89.69107630183498, 45.465030754656595, -60.52531268636168, -36.95072624808668, 39.60053187677177, -54.130049979846476, -102.29561236585235, -93.86658703585935, 67.83102834968808, -163.3449745641296, -102.76305549033151, -70.97073317828689, -104.0617263184697, 3.4005095026882732, -39.13201405287405, 65.20259489091198, -34.41252368866128, -15.174058935637484, -29.025729233605396, -7.159790238865428, -9.642600577441755, -81.92338718796152, 54.14204187323302, -6.6434973085710425, -143.41731811876218, -23.97860296065215, 24.886875732534197, 134.56628482937748, -71.9459768691122, 131.9389953652924, 85.88502424501749, 51.712635711832185, 1.810613773849495, -2.29248706364228, 26.47364282765396, 47.59761280829906, 9.058939750823038, 53.53495828666638, 67.71975834256477, 40.4177048340084, -75.8227836231424, -177.27086847367084, 27.415417563284926, 12.97982788561461, -123.35991609222359, -95.53212466183896, -27.76745263707492, -49.685633449723206, -18.31114932970244, 100.6430795778522, 97.72813896225435, -60.41730377241946, -72.7964567217517, 71.01848866769257, 60.640300947276735, 10.098794960204605, -12.052560810744165, 17.436410806473692, -46.339764421308665], [13.889407018004365, -17.593325442135182, 69.67535656981362, 40.902863957895185, -4.31346118636674, 39.23017991979658, -83.4651722255229, -10.65662414780098, 6.902180841246974, -36.23161252164494, 849.6675377554928, -61.610451047844954, 29.28254486708931, 54.215837146696586, 38.934896569768476, -2.4196362450837148, 129.49378443814052, -25.173191503015293, -65.85100034538415, 9.680877877259949, -30.681005324278654, -41.613621752499434, -111.62281626418336, -56.036048991451835, -110.42291885673748, -87.89520187506012, 47.71140210655037, -30.788327453862827, -6.301716384141176, -50.85545522945232, 50.632444278122684, -54.62513184567644, -66.06364032164848, -72.85416689091656, -125.3916839827506, -55.01074471925662, -38.16279032619082, 49.74556905432415, -4.442678902303507, 71.62907138763619, 24.709102764025, 42.745479906046214, 103.75575031228956, -99.89496508778957, 13.750461576225028, -76.06641242694852, -32.49609721560011, -9.160576860386808, 107.11941768403753, -90.70497675289691, 32.75599449704627, 30.587420329251405, 116.83787987005559, -87.83851350989693, 89.04475189246587, 72.59047140532321, 80.90040643537064, 105.88534020238899, 4.769546764127118, -37.991375870183546, 15.366996013614267, 14.014670795330414, 48.022858590719835, 85.84324169287271, -92.88681172540741, 112.64495994516001, 23.421843665848016, -176.74027025537663, 55.15115074936276, 26.217986832689373, 78.46506915706048, 10.330761693907844, 32.42395453407722, -49.8995608999042, -137.6513234923337, -26.81398235566178, -25.2669160037296, -46.77933255126521, -77.8290213357394, 101.95925739276292, -90.019404574267, 72.73136209052556, -100.01631575381313, -129.3339922837554, -89.86956928253062, 75.39546266019896, -25.561546484462497, -55.410721050374704, 69.0484875796658, -75.64385639159858, -127.626889824485, -41.22269601969107, -9.850758128802257, 103.3882275311384, 27.798793168648114, -15.939881705950217, 0.10131923679506434, 146.1811953143949, -0.826395548203301, -22.791135757247037], [71.46319134468587, -70.45331155389016, -1.2085390372730478, 25.901084387583385, 35.19272691454525, -17.514531736460604, 84.30226726602149, -31.54510928760931, -93.92742985713534, 65.16160797527736, -61.610451047844954, 889.8249495618423, -39.910081831973784, -13.132505075094967, -25.506037593108427, 50.704446780668796, -115.78583406921845, -78.51341378652737, 77.8712784730222, -41.299579037170226, 8.585455026754435, -16.97565409137113, 81.58487958869406, 33.46211816410626, 30.147333720220015, 65.26814714784733, 47.47686120560023, -16.4790075875591, -45.94911065043086, 60.66351770224095, 22.139980372603098, 61.030907818926714, -158.10689170602046, 60.795622232272855, 10.127427620885312, 79.57827285033103, 31.843435729304133, -35.75292784913124, -82.49255713859722, 70.62354957238752, 35.22092849971013, 41.725285713839824, -49.147315584711215, 79.80788368277285, 20.903493694281707, -65.15899474943629, 25.907835182787192, 4.54602673955199, -67.56446901333952, 61.61263423634887, 150.19649372131695, 69.23700730658909, 17.37315431820192, 62.43801882574566, 25.172681821159134, 85.22246531268766, -7.281505848744432, -13.672621678892373, -15.253401334027451, -49.293501829258894, 108.84896975981387, -25.593394426789114, -36.46681715423763, 71.82536901511314, -86.74738943313419, -29.94492466406382, 45.478097920156436, -23.027098645404294, 0.13881593538978573, -24.129206968067365, -16.51038475241344, 76.92104491810663, -52.59923904389849, -124.57501407016375, 26.073165856059568, -23.4642446869932, 38.728344314029094, -29.621839168175672, -133.4270418611804, -33.42548839532787, -18.803895695179644, 68.78709004926256, -56.28175153657291, 16.409078815599273, -99.6004341527234, 45.43773977863012, -119.5328760647449, -29.794796906951998, 96.4821243912983, 1.4653756546824073, -74.74833647264927, -5.457746340647621, 29.950378397721938, -1.5432584240998772, -106.57657198158554, 104.71745355604428, 64.98790954300908, 40.83191718136254, 143.59886737317498, -32.69035550121345], [-107.19515440422099, -107.03682205369857, 171.92300106138114, 1.3528642367041865, -6.662584847591762, 29.52972383800302, 4.128365277847787, -5.155302160383205, -49.38852982431147, 40.64148426405829, 29.28254486708931, -39.910081831973784, 936.4649851384005, -8.50918938691491, 40.3789106336663, 35.62743924181583, 10.599687964601797, -15.964261125225494, -90.76292290278217, 23.052951757496693, -23.062065595347057, -95.19535386225279, -52.8087985318505, 54.02076475039859, 35.36911480248779, -66.146439577308, -42.53928287513668, 17.1765794907934, -6.571580154850217, 107.44641329814533, -102.93773001958489, -56.09103360748336, -59.60991352682688, 42.1764876569684, 54.69813712341207, -49.21622828112138, -108.226809423392, -45.70315964467775, -39.43445319863688, 20.953668841579066, -53.23711651003928, -34.203924573115046, 9.722381724793223, -101.24327830625919, 5.3402819587520405, 3.869911395421067, -101.18920082781874, -141.26605520315258, -95.87778468343349, -122.31128221475583, -71.98948328795865, -124.9409016710786, -29.542681135791643, -17.838406938857183, 78.21155398252188, 54.767936147694236, -19.496876937070674, 26.103518776196374, -83.92824910944938, 113.76609632342921, 23.321859011394054, -59.37616040647523, -78.72332744688015, -70.72154393033726, -166.36010548010077, 69.45969478185769, 6.509623132555618, 110.66882352639723, -208.0298004866685, 181.689755431653, -73.14107855133629, 57.28178996967725, 32.741432393405155, 14.176410768483004, 71.08981596671462, 40.606815700732895, 96.10928286826227, -17.501602625888964, 44.14810592366955, -11.306391088542355, 77.77644221521884, 76.24694921752577, -132.13701072668624, -121.38195522158111, -50.130781386829035, -28.772825828297844, 31.500769218886077, -0.049662250667446374, -5.264516601012479, -25.55378931008175, 112.3822334089697, 8.886564450427123, -34.73859063052778, 25.428862223824584, 149.95078460630563, 142.92913076224002, 16.381327812347998, -40.98429957351691, 40.00439021526299, 8.676063696380018], [24.81459968876017, 93.91288491608259, 43.093094156762874, 28.74101833516303, -19.269091669284595, 24.077132792786056, -12.921597189726858, -50.72959270923631, 13.38179654001068, -55.33108965434545, 54.215837146696586, -13.132505075094967, -8.50918938691491, 911.8117128062011, 21.21658032450542, 21.25783436630407, 10.06498553529583, 38.00165466811933, -110.88933722828078, 16.013610150163633, -35.962744756557754, -26.59192974056861, -114.01340225330681, -43.58020283610395, -28.031362348180124, 22.81778681243738, 46.581278485701404, -10.311251905254561, -29.08855571168441, 30.011404702195282, 24.052208832705155, -27.96043840773252, -205.85345545762036, 96.66031763376351, 202.6150608129878, -5.810556128746616, -7.693594677615327, -41.752403749493354, 132.34543512092574, 10.984426213426609, -44.70954723060176, -112.237902035913, -53.7501676649916, -59.66095417655812, 4.812478707142008, -33.53419876489212, 46.59713109450391, 80.97787182219612, -15.759226600765915, -51.01299418827353, -2.982701642431736, 18.26699593224997, -63.82749236668331, -99.39052261496109, 12.114145360506699, 48.57832146804604, -114.84984035100942, 16.639774592274087, 93.70989876209278, -9.632670285593383, -33.90932408143378, 84.99354804167724, 7.046132151252012, 43.855331592443186, 168.07873110393592, -172.61080883451643, 75.84789549320854, -23.150127582363943, 7.711431073024828, 45.76866258670985, 14.469502916812543, -99.82109014390299, -73.05477597858, 168.2670233626759, -24.293139270645245, 39.346682637211444, 11.335582969344571, 71.35988809260921, -48.39920635382194, 106.5946815541821, -54.45782845307838, 170.65706127435428, 144.09141441631664, 105.56864410086202, 44.497692133133874, -139.04444551277442, 108.41430655345194, 2.1750189064330567, -83.05197277129112, 80.14362355980096, -4.960200857932611, -46.69296874001288, -24.520163365132724, -59.2261467220386, -14.275284403672247, -3.6101834144013476, -78.034738915483, 12.355270072257065, 0.3885059156857696, 98.88270955005981], [-50.406565682373966, 28.447198810672905, 73.4944916435635, 141.31404469183764, -108.41507489588453, -50.55113629850131, -22.47121536776455, -92.22306801450284, -111.95450169659726, -31.079077429363775, 38.934896569768476, -25.506037593108427, 40.3789106336663, 21.21658032450542, 1047.8692405874735, 169.57967927137537, -84.84156714061811, -133.52395600125007, 43.622630105995185, 135.26919330238167, -36.63895086449853, 26.668005936019853, -162.64219750802843, 11.073905797056314, -83.86508626868628, 71.69034516869063, -65.00822146901022, -89.74115386825845, -101.7274535576791, 68.47957815587847, 50.731906666837986, 62.859934213696214, 114.28612847766358, 30.77817557127986, -0.046283036951214294, -18.60799674518868, 12.071849014553779, 22.253936898503845, 113.069467127031, -77.98286748102807, -1.7053631353283862, -147.9340611382314, -148.50773414647975, -18.710301986804133, 16.61508070316681, 73.49187635540116, 35.83882050267775, 16.83076254862248, -42.22185575047328, -141.23471163155367, -77.85161299495233, -32.32850754768016, -11.124741072482015, 18.757842632247627, 143.92310466408154, -36.82584039130194, 10.664459912092285, -47.66747429122566, 49.97207612260952, 100.35049191169985, -16.878886220617776, 16.085061963867577, -117.78582070535013, -193.34123256041593, 42.31710094535474, 32.68419063328082, 58.32079114982407, -154.61388099034312, 7.643505404740254, -77.8571720288485, -116.86148777661897, -155.59998085135229, -73.72214538225687, 41.34418518924352, 42.86332340963419, -6.073245083712916, -79.84178644277061, 117.1846848405957, -89.77903048790424, 24.322487579497178, 46.881201286786364, 102.97551906391271, -54.68500753153218, 18.57780397827152, 77.8632028483566, 22.174988174288707, 88.82970395368186, 57.06864819649031, 65.28008196101334, 113.57191902143207, 76.43200740945052, -58.34797239257398, -117.47603850086303, -44.56779397161488, -41.11620258390594, 99.4794113055427, 52.72530102317233, -17.67347850515481, 35.194405509484156, -0.40149720186818383], [42.66284845686766, -34.69304156072367, -23.201945981369885, 69.2667840430349, -194.99960617516942, 216.9997984879678, 3.6981865227995288, 24.07683760506935, 47.97975582109898, 75.22250945501142, -2.4196362450837148, 50.704446780668796, 35.62743924181583, 21.25783436630407, 169.57967927137537, 1178.3362874431486, 80.00803350483363, 92.87496110662156, -19.349660262071595, -13.119995147027288, -91.49519878130197, -77.04737091542103, 1.5895176960842752, 33.78190384980438, -124.74692396077288, 106.1529317247109, 9.277628022127983, 26.289330718442237, 92.9831942033261, -63.067293858025316, -53.90610739927081, -51.39182630494121, -108.10269540136866, 24.380945422311495, 148.18630507594375, -17.776555733315245, 29.650908537118873, -101.5728646045014, 66.22594752621004, -21.050839357320815, 65.29186693154408, -63.23758178964358, -88.46970931288769, 22.189074676589847, -135.16860225243815, 47.6839804627029, 24.943221039156597, 94.80053678096765, -26.309061520914383, -80.3011549299362, -139.58717535972502, 97.20439779229771, 35.411875940096806, 68.38313141077727, 2.3702435734924077, -18.576815845015094, 9.883347863805497, -74.97603829507155, 123.21081567068511, -124.90390064280938, 43.22311797863422, 25.8099877801192, 69.3860903031635, -27.047588024705465, -57.517042415249605, -128.01560624459876, 54.77729909125515, -88.37302363132706, 19.509745440121183, 111.04061823144912, 29.26594489305515, 65.71479718287108, 38.263135117666344, -72.68049536195561, -3.110056133908784, 13.695847969851409, 19.680400573842682, -92.97687885142761, 44.331560047361336, -69.29618159074157, 10.54596901291382, 101.40125609403209, -30.626609849071727, 82.58527400757939, -49.086051627167535, 59.561691666636044, 2.618672108118567, 52.43426563023566, -105.96117787030896, -53.90873536320852, 0.9783747615175855, 54.73670921778996, -27.733631271961528, 0.7054996267313542, 14.644737063904092, 86.77532567291398, -14.3310295580547, -35.029449609481205, 42.33935046834975, -98.19163084418908], [-99.53011890513582, -74.13627650861541, 63.50047628015467, 57.47316225719569, 6.388682828801284, -24.914126924043202, 37.34018015280592, 40.75665775993403, 48.53104146856857, -105.19888239376036, 129.49378443814052, -115.78583406921845, 10.599687964601797, 10.06498553529583, -84.84156714061811, 80.00803350483363, 891.4491525615714, 2.3194644424115305, 28.062167615348653, 22.839472755766693, -26.04577903518046, 70.06811809438972, -38.97321506060648, 26.886932105317307, 26.549643120247172, 17.60163459991867, 18.432885493490964, 31.729887888103423, 221.04179613663467, -3.482398855877097, -65.52034875767326, -21.01445364969682, -3.70860698830205, -32.818172845591, -15.667815836709142, 112.7211376222189, 4.378399905327154, -54.74730404643638, 153.04001102340507, 81.41778355634024, 4.731023996698501, 64.58158048838533, 4.24535840273043, -41.118735491738754, -25.672234006384823, -55.49597148586003, 29.301660981826085, 52.569666265194414, 109.88700416869186, -6.8218211190890266, -32.26012902964704, -24.561958667463927, -1.7734970345272116, -104.14781331498219, 18.3197311892469, -37.779790384185, 136.67536437615195, -9.27649361388242, -62.82775598826189, -0.3276189169140283, -9.035585363780365, 17.472093749155817, -26.981304018306513, -10.418859700877912, 96.90743817623476, 54.03403613114442, -63.79016048220283, -99.1023669508245, -9.068406234465257, 84.18051678607625, 4.000151935354475, 7.993404016772162, 105.99234797657775, 13.9618202742233, -49.36739766885602, -55.47453146431289, -6.682722853382897, -64.61206976524845, 178.02292059776624, 26.585229530487368, -79.35763128902107, 123.37804957260465, 1.6588420544132323, -74.81652907214576, 14.563564140811884, 70.60832657248682, 25.4231055347143, -123.0871675713791, -24.155341476913367, -90.69440485632902, -83.75604615572472, 93.51299535499686, -8.08261047931937, -3.0936725528582767, 52.89596667895584, -78.62572905699967, 60.3245075406957, 24.38233252867973, -18.96416710173285, -24.151529992465534], [100.32157269404439, 37.59599034815886, 45.61820539646021, 9.567700061581585, 33.77551653967622, 99.18237375009514, 8.329270333029264, 98.56052191615365, -15.365938743708394, -155.96739232150262, -25.173191503015293, -78.51341378652737, -15.964261125225494, 38.00165466811933, -133.52395600125007, 92.87496110662156, 2.3194644424115305, 820.734885921721, -114.78750520034883, -8.416263941250191, 100.79400299782202, -138.3374596188578, 113.06481178435041, -92.69205327245571, 64.27318451752076, 9.0563573021266, -21.016309746837383, 102.62108133651549, -1.1665143634897974, -33.822570961186244, -142.52933476332555, -0.8774530756179769, -68.26616513472759, 8.607034853922105, 34.473201795591315, 32.08516961863257, 26.413459326972315, -16.302840493174777, -34.97547583843509, -118.93160168980789, 59.94491915753159, -60.45565736892938, -139.9620692620004, -44.59281788750014, 59.92578479467196, -8.822644236203693, 64.48744569804215, 65.33917212045174, 122.65432987909885, -13.072781840420726, 82.5215405954485, 33.705109355589784, 0.5519307402345606, -35.01856600538927, -69.76063001048308, -89.72733948047458, 149.7032076689812, 25.450432968496603, 33.25070257504452, 82.447901485421, 40.39721432858136, -21.205147107011747, -25.688036185304295, 86.3938992955217, 6.487153406485118, 1.4890332442164644, -32.95456120626558, -16.546957200454067, -39.403248880817465, 29.21510370712564, -33.800890414519955, 11.14475448001431, 4.464836922332067, 110.13047051791541, 23.857507722630555, -83.04269193544043, 76.42625873662355, -12.082221311589421, 52.34128466952968, -74.31391778109004, 134.65622545985022, -23.70224594308641, 52.10439190931018, 22.952945768617642, 67.7909843261637, -29.673540132839147, 50.78767697503507, -43.32088476416751, -81.00685204976564, 74.12747092001398, 3.624987415693712, 50.236939555700346, 111.08347735429994, -183.86306535714195, 63.74974429048258, 70.49135760439736, 6.5576964549738905, 18.96426819449046, 142.85841924861506, 59.43568215079042], [91.44328723376971, -27.88203408221729, -17.694820203989927, 39.848479592149836, 59.106938842247196, 73.18705211170709, -9.582413259821053, 55.52176252202796, -42.94676655266362, -29.344013713496125, -65.85100034538415, 77.8712784730222, -90.76292290278217, -110.88933722828078, 43.622630105995185, -19.349660262071595, 28.062167615348653, -114.78750520034883, 982.9541299710635, -3.8063970350415843, -20.074192186294507, 179.77185022776823, 42.05913370757977, -6.737205318513605, 88.59828470835373, -87.3141434428014, -59.73764172169686, -77.179715120094, 39.731115852273916, 101.49776554684252, -26.718588220741104, 22.5505316208661, -27.65037214059043, 118.75616546210495, 40.428638023956104, 27.62467813982791, 95.5161950963011, 15.356967356533925, -10.212538522691148, 104.73785635722069, 76.96619235358794, -119.80578787672178, 39.239328174866436, 148.93404524016267, 88.31960605849986, -47.84860996623401, -148.97609571912773, 27.023532261960565, 68.28854908752028, -109.30568282108523, 23.124990216118004, 96.79644508549909, 125.96127113178291, 23.086325284538017, -97.63110769940636, 63.77392559283436, 3.723857876980184, 28.447995465644198, 72.07580786555123, 46.18390210862451, 90.56685180874214, 14.486946122522404, 51.21791687520473, -30.645251901110147, -97.62946251032467, -47.33914016990615, 29.661959441284985, -8.627100203201218, 9.54294742250713, -100.15928648291423, 24.170257476070812, 23.77590124823571, -139.5420359322147, -36.146545770577, -106.38524722201178, 21.04973514583892, 44.49548088837291, 4.8252283442314665, 93.25778610663703, -93.48170502837607, -20.127071527011875, 9.422958879863806, -60.89778890683679, -7.054304757038709, 29.703895298568977, -96.8005848344015, -5.871146504810373, 192.09263318016303, -163.86147254600377, 7.49156200524434, 1.2134549636866343, 45.34484488778657, 6.7266477747594555, 155.5983449004957, 70.08929865800786, -63.15036113354602, -73.16579417512729, -85.12890402867663, -54.99865956252456, -93.26602836856101], [29.22675764350417, -52.03582711214543, 12.784752443867273, 40.72904927300361, -23.924461282062975, 36.070986897662344, 29.601780758744226, -61.438001356578454, 27.696606400714227, -1.5781084381573087, 9.680877877259949, -41.299579037170226, 23.052951757496693, 16.013610150163633, 135.26919330238167, -13.119995147027288, 22.839472755766693, -8.416263941250191, -3.8063970350415843, 1062.1134707175565, -64.21373257938978, -12.577511787646213, 5.661185310925589, 37.5742212545396, -108.51405345226134, -0.2868005407902962, 130.03802167504958, 79.81604769446687, -28.01345471597517, 169.7108713766537, 71.60388728520375, 52.559551765346754, -20.171165748976126, 82.47584417231904, -128.00276659249505, -77.13591583019631, 53.65099981454514, 32.620780816853404, -17.478110072497888, -55.08563571183166, 97.11607482831197, -21.426362744556773, -34.05786616511198, -120.00908184406863, 96.34770654126034, 62.59781361745629, -29.492034535603302, 99.19833411566431, -0.2913863323486807, 41.219758720244364, -33.2389531778699, 78.78470857181175, 9.443904189711834, -74.96084337119855, -5.138052206216508, -83.38809010883112, 5.112506813613541, 111.72697535202168, -102.6863128397487, 61.81917562310943, -36.63397048481572, 14.46149851305494, 63.00027650116108, 5.474426733971733, 62.929441934869814, 1.2403283044761801, 29.22307719919042, 61.88651430877487, -40.03504436566195, -3.6840006115044877, 21.780055381478263, -34.74846405110469, 73.8676573478344, 126.64846907382, 141.06753074093822, 113.82638255138755, -5.2367913960946435, 3.805758518058916, -71.9508008189422, -110.91069607430109, -30.748327521260425, 11.49332487394775, -3.1208395757150167, 54.83690731639088, 19.175533722362605, 52.43846564291533, -95.39863221829174, 132.86091714193074, -119.62993893765314, -98.21470644510282, 81.5014953560441, -80.736237203611, 34.29103056339047, -25.705567788201538, -2.2459301498097592, -63.57039402349195, 160.8943428318162, -62.71651130572905, 59.24888186724391, -61.16446945393662], [-74.94059882022057, 97.86636700335461, -86.27574538425564, 20.77281404162441, 104.95540382443652, -111.02803239429991, 76.99303433920566, -132.68880403070045, 63.28454000409479, 127.20068925804469, -30.681005324278654, 8.585455026754435, -23.062065595347057, -35.962744756557754, -36.638950864498