{"N": 100, "M": 6, "A": [[[974.571417692343, 8.680009156352105, 95.00272902827253, 21.313624205990724, -48.08115643347866, 43.52310526825709, -39.35704818577539, 16.179777953488752, 119.71952290799443, -174.21306286358413, -5.669327564353129, -35.51697338786795, 21.76357622829571, -49.795352100895805, -31.837906655574386, -23.154177471478317, -134.6706566858434, 23.92042480009813, -47.55544157175339, 13.56910957578204, 20.40708832318909, -59.59245513832631, -129.4586982526452, 79.0469362045511, -63.94666102409654, -112.98180000394002, -93.20192869850608, 25.65513849306416, -8.161185262920409, -116.80941571805516, 111.580688706125, -53.436389816213804, 0.36994085984592806, -23.354243251678962, 55.51583428406812, -141.02897462871013, 4.941788820773953, 86.52748327706767, 12.342124926094371, 40.305459836683745, -50.611500070740085, 18.09394450793593, 28.856360021502798, -16.617927687664523, -89.0031091901952, -30.687193614202148, -68.74861072455083, -30.88134732820085, -17.861236758024926, -5.741191117059884, 4.374451227680774, 65.52917741392199, 74.52118029310162, 23.726924393787918, 21.32657022754358, 12.24273889465166, -87.76246551719697, -96.17614387075521, 58.04268061246, -5.889360079226259, 47.48192813179096, 93.86621053329218, 28.050378636742717, -53.32540358809163, -49.65383599780574, 126.17701262775218, 29.949911309406588, -64.27205689934621, 77.87305784335528, -0.7480791476512406, -80.50583609460679, 72.41103779818211, -43.151715994158494, 126.94597258532859, 9.824002605969651, -0.033919507469298546, -129.87714266830295, 155.13826136894727, -45.01148565302305, -2.171073860152813, 38.963198807380735, 101.93741234055395, -31.732450733475012, 35.954074436062285, 22.081954988805418, -68.51722338113906, 3.2569894800366814, -24.734378197490667, -129.28157413764535, -17.470373819724312, 58.877285526349816, -33.86405065567315, -86.83391727877137, 74.13993591248341, 35.49410584028095, -149.88834108599346, -18.923230622646084, 68.64754932819969, 39.85013479023027, 90.94957406136133], [8.680009156352105, 753.0984416966373, 2.23459804716998, -176.3991564337492, 51.55273950871108, -37.63993924799757, -92.96767387468105, 1.715021663205304, 95.90623978432545, 12.140105389938492, -90.92938313455991, -45.271331242986896, 41.84191558836954, 23.44912108384441, 66.92544097528155, 29.93716421621557, -49.94235074628949, -56.472668336738025, 90.73661212904896, 43.29642257341805, 36.199925552984844, 103.5890191803051, 12.527043390523279, -130.75550892630292, 83.74332588344764, 3.1898381867739443, -81.0365952811413, 6.319263796229184, -124.33321485286235, 63.207746149946004, 26.60961461482379, -23.401471417247034, -49.392174005953386, -19.77259046772087, -30.461208312664226, 55.809396260083396, -36.38951612934672, -19.823572993094295, 77.11547785656732, -48.597801866529935, -18.198794029308125, -11.01312805296459, 107.6211149041167, 29.155568723557312, 14.177539679720088, 31.004982257573175, -14.478468705901706, -76.3786155982936, -83.00942167709057, 29.677384474763134, -56.88718380420375, 36.757618936456666, 22.824805149071494, -40.427055061327685, 78.53261345114112, -43.674881138843894, 49.222171404062074, 58.0069924201175, 117.54112890634315, -33.2453457336192, 41.561497777062236, 31.95788613669084, 18.940742917274793, -37.07942305455035, 13.629814843767372, -10.17176169666579, -29.013171663595035, 7.688006351479064, 31.10556269464809, 47.12071884106489, -71.3134622823864, 17.44455342750188, 21.102683805713806, 122.0853397199362, 47.02853821760402, -27.847489794667066, 55.3894599781094, 10.117817046392718, -90.11964965837757, 97.30113080709314, 76.08505515311339, 87.80794370177678, -147.2274912526853, -107.13006067998002, 50.714886203872375, 48.16567492166795, -13.687198095795178, -0.5338190973180631, 74.60302751127105, -63.492143067513446, 65.47246087782345, 17.84058790399091, 53.00927623003489, 39.62129057523565, 58.78268694877652, -1.483445068644673, 38.7012696020754, 11.187652116021052, -26.5584884579028, 47.211095036382524], [95.00272902827253, 2.23459804716998, 828.3076040672388, 20.783968234391104, -71.02999783011543, -125.34340180831381, 58.137293933804216, 12.415233251887535, 20.123592312760646, 13.289358477553035, -3.910820049604997, 26.023730515639265, -29.078669360418925, 70.67621212299389, -22.322303155626013, -33.48074228199733, 72.77069509869713, -43.55230921430587, 31.303019245645896, -32.10847525519769, -45.112886096842345, -6.704401847506643, -7.961619299253074, -68.36649822270793, 27.472782462082346, -78.10622479335123, 45.6934523052027, 42.76087927528671, 25.937223269997386, -71.89696081894049, 10.05918407542556, 55.08816667894823, -59.16384283124792, 14.034836052195997, -16.02137929674171, -5.222963679907912, -116.74994228095579, -107.7422489140248, 57.360267888356915, 27.90889411946829, 15.334883314324898, 26.99912991231912, -67.48477366081713, 145.99445629833195, -39.734354740953925, -123.53317831695774, 90.46813903197882, -55.218817399508616, 25.493643351334295, -65.84717539674396, 67.99491123009796, -23.534137676164857, -79.84964113957408, 111.9398780112928, 16.484908945288, -79.58397426556505, -22.03931960867012, -65.55209615036216, 90.87417081347796, 58.41840658333698, -144.58960558965435, 66.16084748680734, -42.13968430091162, 33.69630893960613, 144.26032374711818, 24.079522953633838, 90.72532004130835, -50.25129074926892, 10.250785419872091, -19.61401184887685, 1.915780055678574, 51.0341685540679, -42.44682452757652, 33.090455837618165, 82.29546463217798, -63.12588352258942, 64.78723329891295, -3.711963234029174, -29.250833943537152, -58.17251982354423, 44.97974117304738, 32.26020699619178, 64.97341512255599, -271.7139723988244, -34.26752546324316, 17.392631599006954, -1.0729559851275146, 26.47701322465075, 47.28305193151616, -76.70738138723894, -11.10719143370506, 47.637724888548796, -59.25521408199823, 1.8439039720520987, -20.10977217373363, -15.149255650593563, -97.283898586653, -15.40494811741061, 96.29712996847114, 103.50167130139637], [21.313624205990724, -176.3991564337492, 20.783968234391104, 785.4198655217033, -101.50452023067793, 15.731623959267521, 46.4088589286665, -71.38699066316991, -81.9206192710839, 31.99930399824817, -54.69860729177086, 3.509678561597076, -186.13909622198454, 119.40453020068017, -83.58665599164952, 17.15828371948732, -47.11840450748991, 52.329583559908, 5.892601115034859, 24.685060937141156, -77.7745986452575, 0.3208856111503083, 43.27200726098267, 110.2497765796792, 28.705614483123874, 25.83446148570847, -50.82236902288279, 67.75657717307634, -49.90992985036654, 7.375510424297114, -114.94271362252975, 86.89668008064007, 6.518526931235299, -56.32037927078792, 18.72438912733163, 15.145261225943809, 34.767365215039625, 42.37373634057053, -64.51994262952597, 100.14345411100753, 12.732692350928035, 112.64499628590511, -31.801915114997513, -58.06315394517844, 9.02405123628679, 0.7456951990042404, -18.670562235235064, 3.1071730259905306, 31.771174670711954, 76.29522430067173, -39.24271186111281, 42.57728983077295, 120.02536633301155, -145.2475612779371, 30.765892302747954, 8.913422972902648, -29.918874063130335, 11.293364403966134, 2.3132856146939167, 181.41987593046875, 45.889806286175215, 28.46120687996938, 8.476915163939745, -2.0408169405919625, -59.05326697448317, -32.172059021291716, 1.4104415101380894, 80.08866531857797, 143.31288012651294, 67.09353262726898, 98.6380818895557, -18.467771075522432, 35.915009619229764, -151.8376459584574, -22.597212280753872, 107.54270236315047, -78.5222766545818, -60.954008509539236, -39.19589784136951, 46.33448653359141, 35.16329457194386, -153.54210744154597, 40.52672430533589, -25.74539274041498, 43.70357945444814, -67.9288087109741, -34.48338635206232, 20.41657403356254, -10.93818458968818, -6.806920922999754, -110.97029309048672, 59.195560785550256, -103.45264776575563, 15.149658944490183, -118.92428093494483, -5.339496232255017, -51.740272026481556, 59.59313803513596, 3.274888203390235, -47.45923396283541], [-48.08115643347866, 51.55273950871108, -71.02999783011543, -101.50452023067793, 879.0530139760742, 8.502101812021209, -63.353901944923464, 50.92592454570355, 58.112508059832024, -110.77103223280787, 34.272873166815856, -164.83239377374878, 117.42760275043483, -125.65251744621573, 24.517437835228307, 89.67715368325679, -51.73732519315757, 49.6895364872256, 104.5536143741962, 27.894063522698396, 134.13527642730466, -9.581054170213294, -3.5575507910692052, 4.464830609552461, 75.83811756742153, 31.2881946016535, -23.699651615867538, -97.40418292327088, -16.128570113819745, -34.99380214473433, -70.92952582907398, 34.95673773411324, 30.08302848134145, -89.78593381761583, 76.02661098037613, 1.671376939096933, 102.69383530534745, -75.30608229164382, -56.480026628196306, -68.04201765184152, 49.68058171868623, -35.53569229720751, 10.997765986865128, 1.7458794551313106, 117.54761905770411, -104.18182378802447, -6.431498849899676, -60.3325991661548, -1.138921582576822, 217.05153397542222, -68.87711128441522, -90.47594883617128, -6.639874201133677, -48.401818427132426, 86.62727146034426, -69.80119473029616, -23.103396964183727, -104.69081925539379, -29.733969618528057, -139.0748163685206, -75.58175011256932, 60.59989949728195, -56.692736830855175, 62.2045262015684, 90.45331344360997, 6.709909297426851, -66.0564023307878, -82.93351718237294, -54.98132155493667, -118.91452900455064, 20.780956152184586, -143.02544324626942, -51.33786728728067, 0.9946791426301393, 64.68576036056167, -118.00246967562818, 43.813956133939456, 32.39969087341824, -121.51512221754942, -28.503576308240905, 28.446864564359952, -47.69103224484752, -126.20246549626002, -54.972195159095435, -62.87012087636653, -83.91022520986766, -20.18749507787958, 4.656400056178885, -11.857470848627262, 32.13970697699874, 11.180946132460212, 102.08373281899857, 58.662095177764876, -27.07682412078953, -4.214418966603736, -29.948400397523173, 60.90342262004189, 40.812903901341926, -22.465447000670903, -16.991997585948802], [43.52310526825709, -37.63993924799757, -125.34340180831381, 15.731623959267521, 8.502101812021209, 892.4182297931555, -59.69506305706845, 151.59308783547763, -185.0154394162522, 172.3262786498469, 10.483159149761253, -78.72960487438971, -44.24726190105175, 92.45203302092366, -47.5308380240722, -9.205503773797684, -15.55041998123636, 62.404105478164134, 22.009418752922063, 31.576029099622136, -148.2330665749478, -138.9148917204282, 1.0716596801141465, -2.152024208363428, 17.98379605429173, -55.57828924996862, -86.92890359780678, -22.769830592175808, -6.70750855390889, -44.18396243994389, -6.217143140712943, -46.67451644789679, -108.20896322314967, -34.90940192707745, 145.3921595027067, -117.01157386009307, -67.28004243205324, 103.85770613567735, -77.62060346047608, -48.88405830622691, 10.520041698530656, -9.30625358409974, 8.112870777186588, -49.323131270539626, 163.63916749735574, 40.50147251617124, -81.61915980787184, -83.65381173596296, -9.94239116785799, 35.12290372626016, 24.427760234502145, 45.73697112338312, -87.14787904716452, 81.98306300544712, 89.22043948209712, -77.17984770873419, -34.8859444914244, -101.12811577182153, -80.54241000615765, 36.55214418081431, -35.381816389459615, 4.798914977907386, -0.1894528942784195, 7.149634727997767, 0.9190797945785096, 25.299143919475917, 19.845068233738505, 95.14997770184829, 31.040221774658317, 35.137318804738435, 58.50245032095513, 16.470722342687843, -70.88723072964612, -100.44059762652537, 105.14053876747572, 25.58520911829752, 3.4129707927428443, 83.18374879298383, -113.28319981675385, 95.2926643687227, 70.16650388550185, 8.477389302617317, -29.62796050334323, 109.66782059909671, -63.9212955262612, 81.54416093788903, -37.63409571969465, 2.4022379545459605, 1.5380372343543334, -147.78725268538597, 17.62265903211145, -40.30546847020238, 13.288224458753641, 28.131292412493373, -93.16557758198515, -103.8509609694716, 158.6488314029379, 15.072862489875535, -55.89637736963007, 48.10906246747686], [-39.35704818577539, -92.96767387468105, 58.137293933804216, 46.4088589286665, -63.353901944923464, -59.69506305706845, 836.986419056548, -27.243966919790164, 25.005356053640227, 100.15021069708425, 26.75546096858713, -67.26565672209281, -95.18741020316794, -9.95652968102358, -72.131327650943, -61.306599442074656, -70.14188684376818, 7.868767802621387, -4.430688223602945, -40.76443365096965, -105.17244881824095, 143.76786078615473, 16.372624787354354, -190.4206008353141, 92.61047061255378, -9.462960679484556, 20.320610910214718, -19.218306947402258, 49.332848727728226, 5.8399560683740335, 9.518938794894954, 88.19882848906175, 42.76294274045541, -33.2172532403214, 39.41457637383372, 162.8586196226745, 80.04943391048464, 27.980126464604698, 19.560386485784807, 20.435894744952215, 90.13413637924059, -152.2058844252798, -38.04067136408801, -3.2680691960574615, 32.91735341728645, 153.45419358050952, 50.199785789235385, 40.0038273003932, 22.31757563623774, -62.39249395849006, 110.9334031725601, 189.47476895449307, 30.900640293873305, 116.96135119887877, -37.502094515337625, -82.56605352194973, -107.36350047583082, -53.49176077967261, -56.47170639738887, 70.76434552171051, 36.878692879383955, 59.57850757442068, -43.32841063673112, -122.99516335614638, 57.95238273701403, 107.39182077799236, -15.106081597969373, 34.11542559257097, -75.31937171129978, -27.152922314835983, 18.96495085089632, -20.126955824412654, 16.15489922905783, -135.93631946698562, 46.73586896528498, -56.2352561174188, -29.88923485775179, 25.54336774880127, 6.931495373767631, -60.91083599020535, 90.49947010968587, -25.09617726626231, -102.61062905210785, -48.4018644824716, -63.37671335525834, -8.788948299012048, 20.550792599217022, -91.54388606886559, 162.66394444922508, 54.7430601691272, 15.120016183664687, -10.501065427023452, -148.33778808498948, -64.74590501100067, -129.4655428853988, -42.618628730740646, 35.39289987292418, -55.801806449332354, -14.59125246007117, 3.7770528526075915], [16.179777953488752, 1.715021663205304, 12.415233251887535, -71.38699066316991, 50.92592454570355, 151.59308783547763, -27.243966919790164, 746.5044676256591, -28.05035166580333, -54.78705754858409, 31.600872712690983, -39.43051884610763, 48.15554197660605, 1.8986824655955685, -17.425368039598897, 98.61041396315244, 68.5922141205834, 30.724241272466358, 73.70313446547935, 59.33064735148067, 22.085477949602133, -76.7414103122688, -79.9130627306915, 41.93209251082849, 43.049599885923705, -28.6445415148172, 80.17949341855055, 68.25359397795393, -101.27481635074905, 110.9462027265728, 22.249314435115828, 30.448736482663115, 98.57743987074087, -19.148918740253855, -69.47659467128487, -35.23623750499118, 84.101726411141, 30.96288579703083, -22.850703954446978, -25.383800530750413, 88.28272553957108, 8.029461952710763, -16.094038911713902, -15.789173935172338, -9.461152082607574, -173.7113264636965, -31.836107100463657, -64.34768368388778, 66.06032989056088, -79.150296712684, -61.194017294178906, -59.798583471661544, 45.00114837458894, 45.990390038209426, -39.134259855629864, -78.32996950411287, 31.70555997922218, -59.461823689549306, -50.074726816259215, -12.107661890322424, 35.21039051986908, 39.033762264525606, 74.43381117612448, -21.33066328201988, -22.960173479402695, -47.8315139613414, 57.336490009853385, 98.00086901943318, 126.71688798883305, -91.28294570812363, 102.5927262225229, 100.25681197369512, -29.905426448502965, 52.89469049063119, -111.03788131271631, -61.25465360246665, 91.64410579750658, -70.24895466890717, -78.32004111429596, -33.4925506001417, -38.34355183770129, 13.391842620662349, -26.150530715281324, -50.43780729474155, -88.02541065026206, 69.38642478656323, 98.89234764808475, 14.17815175733864, 52.315046078738376, 53.049607961210654, -69.81172069538317, -20.501343900753994, 144.53455978465692, 13.395203140332757, 47.346504891259066, -102.84727283533695, 67.82860322690102, 110.56915244001938, -107.64528622104085, -14.466522083979989], [119.71952290799443, 95.90623978432545, 20.123592312760646, -81.9206192710839, 58.112508059832024, -185.0154394162522, 25.005356053640227, -28.05035166580333, 976.6125952824896, -18.272037573056114, 18.239130792277106, -94.11278410384176, 50.08001926373551, 23.29550635698514, 23.47137633073723, -48.523716972270236, 79.76871030357525, 97.11083135115703, 112.12757445148702, 88.19317595833671, -8.636586996551063, 54.88183843644996, -45.54051737335082, -13.01936297921776, -3.183270585990818, -11.59053284966755, -33.59279501224135, -9.030653399083572, 46.998217241611364, -60.263026044352664, 81.8337611726645, 40.909953600551006, 29.626896694116297, -73.362818220528, -75.25081057648462, -12.798037657016874, 87.77350126989747, 52.96964999068441, -26.397004290588033, -21.258052592726315, -48.81479268696824, -41.92728098727917, 63.09287029108914, -78.94506133952093, -51.24011170025593, -84.42199434804319, 11.630135104364458, -39.01761922238235, 13.17999304791342, 30.646936932844678, 68.93367621140912, 39.880142933649985, -39.08452789949607, -110.98221811674897, 84.93993940635181, -68.68229374520386, 31.471064544081568, 38.44722340020724, -92.73549630578016, -85.44282938826125, -10.435018835272594, -82.8058087800518, 76.79210609051806, 47.98594241723194, 9.044017964705228, -115.08258495473319, 42.856818890322856, -83.88407300483881, -71.5572213658497, 167.46234969902332, -20.953998646113252, 5.085223952129348, -78.45286254776889, 40.78767046868101, 110.84391138368687, 98.75590592163523, -90.86798459127621, 9.919308308094049, 34.38449630100282, -151.46199929323606, 29.371239422368962, 12.080971942086723, -148.2209276645009, -9.95692932081547, -27.70850799324592, 18.951979701345724, 18.434368833977057, -58.36389619790417, 79.13431751266619, -77.02507549957711, -59.53274948292301, 48.893092880460934, -35.6821451861233, -7.839260075273856, 128.18013801585084, -17.193511363412384, 42.180206950331744, -28.859125511800514, -95.84990758923205, 26.891142358578172], [-174.21306286358413, 12.140105389938492, 13.289358477553035, 31.99930399824817, -110.77103223280787, 172.3262786498469, 100.15021069708425, -54.78705754858409, -18.272037573056114, 900.3763882788782, -178.54226227977998, -190.8891325570143, 38.10796877077007, -22.825826600867924, 122.48688886919224, 19.052799690724836, 90.06170387343676, 74.53889563793166, 44.40588980555884, -12.848467774133768, 28.452575867277634, 106.77598344506359, -46.6258985237937, -180.31647519678006, -89.42709200980205, -156.636595937614, 28.487525819213683, 110.26673926497485, -30.903159279848477, -16.710540222978874, 38.83881243322472, 59.24436884284115, -42.682025182659984, 44.93097110709178, -5.578303108184215, 51.96358827542816, -56.10877392904929, 6.543773135894221, -20.135215765050518, -62.8898035057647, -79.41113047174578, 34.248930385074274, -74.32812060048288, -4.055050386272384, -8.441860805881477, 67.33212093449137, 80.69033238913006, 59.85141822548772, -31.307977895684715, -8.769240482091606, 167.5170853114518, 23.076341288494305, -16.181612777495896, -44.319311614848274, 86.33051600369397, 89.15136560086202, -155.94367364367167, 80.09618755732892, -133.06770081886478, 65.20926013611523, -49.08038842873158, -51.493209639412285, -126.27094822119174, -153.7745979671725, -6.307457583014633, -56.36449812795697, -52.82288421834769, -49.842800031691944, -189.41314743713872, 16.32503560301243, -45.93655541431896, 44.831324311614146, 10.015914224210293, -28.19601587036064, 11.26305971554726, -72.28830648821295, -86.97614045141657, 71.39092642064155, -65.73240373063139, -4.747897774087304, -28.594397746354154, -65.32732690085679, 15.253061240387566, -43.31707474899126, -22.621680221500544, 70.23977074161176, -59.70754953639471, -92.30085935986648, -0.12695952742286828, -41.762310577149414, -98.37846308567153, 74.52844449566538, -52.52530634166116, -53.759893267605136, -16.148330725771746, -35.40624919777228, -24.62882842750004, -6.405988438604533, -82.41672079032045, 26.81162289993696], [-5.669327564353129, -90.92938313455991, -3.910820049604997, -54.69860729177086, 34.272873166815856, 10.483159149761253, 26.75546096858713, 31.600872712690983, 18.239130792277106, -178.54226227977998, 847.7382025551165, 58.42063513472944, -6.013908106890143, -11.806620649644204, -27.288033459829013, 7.639725318352332, -74.25723470553692, -108.09817117456538, 64.12724886445801, -13.152311876331323, 5.705322408177459, 14.324996556016178, -40.53978730350673, 64.83153594600151, -8.85046387341994, -89.23140466742431, 91.84385900923654, -8.069419938925357, 34.71715602461403, 138.1238311051761, -133.61464163216897, 30.186186448175953, 69.8653816684022, 32.82487306916817, 11.277094171415907, 41.121891949695936, -31.153811488374924, 60.01438925658826, -8.927561090039239, -69.72305199766062, -9.174549847661405, -125.61577833871979, -57.62224120789565, -176.65812579877647, -37.659969084430074, 6.47936634542347, 84.98271333639461, 19.331129493009342, -69.39908773468896, -15.761337468813132, -6.661782721290165, 53.14317891974945, 59.46709023373848, 60.68842240271619, -85.44507520723978, 71.49455353363403, 31.237003216955507, 84.69044282392957, 89.69134587911022, 27.56742285335941, -44.63091367352168, 177.95482579099942, 29.706320524304285, -31.450573159024625, -5.830357272215944, -78.07164307843927, -49.971285383924084, 90.48197176064862, -7.944538187461368, 31.384841007459272, 62.33982155997134, 67.81256625283619, -64.12678056811036, -65.82632051170674, 145.40773289057006, -24.41214298256194, 40.199091938807605, 130.40286152730985, -28.751805429924687, 92.58886628879348, -113.37030230572555, 43.16470167541703, 141.95674293927306, -41.41594866149354, -95.47217000632781, -31.640857848439907, 2.4598971533300973, 60.20060010922329, 72.15105833728727, -147.94657448362327, 34.61304821759076, 42.472268100925184, 35.604569310550644, -56.34509782480503, 47.898544128933054, -23.464201934838464, -11.326548548814362, 11.417495427931575, -36.95668309429625, -85.93638601362616], [-35.51697338786795, -45.271331242986896, 26.023730515639265, 3.509678561597076, -164.83239377374878, -78.72960487438971, -67.26565672209281, -39.43051884610763, -94.11278410384176, -190.8891325570143, 58.42063513472944, 849.1517121983111, -51.16258300505591, -12.13317884416273, -44.59525893917608, -106.68152737646294, 71.78546307457337, 7.629013706241777, -85.77670502594952, -17.382944966546006, 43.590618547629795, -3.2454055453952386, 116.53534640790784, 40.320367028134996, -100.26499774573604, 128.00121072419188, 103.36423827248619, 21.98680312321027, 108.22767184675412, -29.31851499073291, -26.43569866130219, -17.71745100534156, 137.7466103203895, 105.02144995274935, -48.95013665880355, 62.55314875644171, -55.84059128291647, -70.34284922704703, -86.32293388788018, 0.31512791206900403, 12.14488708829646, -30.76851423213974, 3.669384785150445, -29.066605762301666, 28.748339339666416, 48.05095952548473, 9.216827997242715, 22.00291197098376, 27.56276987942716, -37.90350214396325, 83.72606101805331, -48.14790385014588, -92.67972349283221, 60.827405175597505, 67.27914143650193, -7.555843211349892, 53.09001072630585, -148.0811478326988, -21.7774904482363, 19.742925100766847, 94.53386588606732, 16.7600765232068, 43.861252473027584, 44.90342770025994, -5.038512440155217, -175.97228704266033, 37.10003768321581, -8.68011196983453, -35.98731833683234, -5.075630019418324, -34.16159150495091, 8.621082645373322, -22.803569077557317, 84.85549973587489, -102.35655005591168, 18.139608049448505, 12.289809652478855, 96.36242259318557, 18.87427502656571, 40.25519671905016, 0.08711917826622992, 58.035362419878815, 6.95672245453597, 42.40265272407826, -21.768215541235136, 29.023013162484208, -4.141741364240982, 66.67139980093714, -44.728774367589025, -81.51514851889914, 83.76341917890352, 63.22802883895409, 41.80803123087906, -9.624444045055698, 31.943930993123455, -90.91039041668326, 47.073713651614185, 86.99946833539269, 38.92101298416962, 81.2130689176236], [21.76357622829571, 41.84191558836954, -29.078669360418925, -186.13909622198454, 117.42760275043483, -44.24726190105175, -95.18741020316794, 48.15554197660605, 50.08001926373551, 38.10796877077007, -6.013908106890143, -51.16258300505591, 1094.575330480564, 71.88128038709374, 29.279593275746524, -4.948995168520275, 34.37731863460917, 69.26673070868729, -59.76623941408651, 29.617843927930572, 189.68524698337208, 71.66661403481874, 68.39094984044097, 77.3281651957099, 93.74277952360116, -137.26995943805375, 44.1423527249646, -160.4399292439622, 0.45438758149486597, 75.76379869221756, -111.307735388953, 16.49101253074221, 5.1483844256596045, 87.4454046984199, 6.942281892563878, 16.451996508887188, -13.394271724745442, 45.97636416092516, 143.4026339240475, 40.02219067523815, -71.25874165377161, -95.95959998801551, -34.47172829197843, -49.47793175083047, -195.29199673616287, -26.466234803183234, 15.050236161603765, 4.529702189044686, 26.93177225964066, 3.511512294991238, -46.245014086028945, -56.43171384903905, -24.835291561263936, 143.28792250286966, 44.71943156428002, 100.90026042161894, -19.854067359994428, 99.1893501143734, -129.2202596677333, -24.763054648398924, -17.48694020922639, -71.79437368927246, -12.959407022023964, 2.0930598197305015, -14.530779983433641, 124.8544308053289, 20.582796475730213, 43.61566706368584, 59.683447179801064, 16.461088069161498, -18.430415197558588, 85.31953285292359, -75.5732488043159, 48.674183662031815, -12.330554854842562, 16.719158304242214, -120.56242186345519, 23.866036035527966, -3.4754295369906574, -52.49922931549032, -6.722540670235373, 54.893752319466664, -125.60652423563243, 50.77736159402635, 4.156092389359444, 29.171051080114847, 34.05262411198106, -167.60926512257262, -38.800476824012414, -10.07812115506189, 137.1203575338325, -47.76368871712386, 41.10373643678942, 108.74577843874798, 46.20007866527903, 36.121676229912545, 39.88249475889695, -11.742572984293762, -7.3730307962897825, 0.2811917803392943], [-49.795352100895805, 23.44912108384441, 70.67621212299389, 119.40453020068017, -125.65251744621573, 92.45203302092366, -9.95652968102358, 1.8986824655955685, 23.29550635698514, -22.825826600867924, -11.806620649644204, -12.13317884416273, 71.88128038709374, 783.8484705640179, -67.99814565623343, -1.7435228304694241, 12.150533656111161, -78.90861726070588, 29.12055597545591, -174.13674087976608, -117.68560133548084, -1.0817353302701351, 79.87966963255255, 82.80850587216779, 139.68377596820778, -12.34550230419542, -12.906996395609484, -188.2396386403517, -80.99425421878713, -49.32218461007679, 61.04447337209413, -57.39688849190801, -87.01351834482287, -33.8653920290488, -126.93957440696423, -74.05261529920648, 22.37766978979108, -91.32944574372729, 149.10321065136074, -19.35049255489119, 108.30616854967626, 9.76307211431122, -121.571662646296, 131.23884453044704, 102.48774620774287, 63.75651229847748, -113.34084476945556, 30.851622370404392, 45.268493249103706, 7.452869923026852, 56.56286546185709, 36.441415218799506, 7.891479439353042, 64.25673435977133, 64.05470066298875, 0.9002931135905455, 57.05353402740101, -98.65768956780823, 60.992496156972884, 28.252721127660745, -18.00645841006621, -47.057692981533286, 63.69734223339449, -29.719655770854835, -178.59832174220435, 2.6873930270163506, 29.66318300623598, 29.594293569954445, -14.338633848488213, 46.51847556025512, 82.5319997502535, -19.09018911804074, 42.55910108004292, -35.93693713609272, 26.192195381756655, -56.5840430232348, -13.451577358147706, 39.80662576383995, 80.14199621620651, 11.451537224731945, -44.72095704259457, -82.37156747612772, 21.960606961977117, 126.45694003071779, -40.048565180249476, -41.802192886377824, 64.75929853125183, 112.54360050532425, 18.561022963866794, 66.00270165945027, -135.2918261037122, -39.07527632779718, -69.88072462518241, -49.51154526385958, 76.8115315647183, -10.74230531468482, -12.272144340951778, -64.19821492319683, 10.98624183146364, -47.00672134428946], [-31.837906655574386, 66.92544097528155, -22.322303155626013, -83.58665599164952, 24.517437835228307, -47.5308380240722, -72.131327650943, -17.425368039598897, 23.47137633073723, 122.48688886919224, -27.288033459829013, -44.59525893917608, 29.279593275746524, -67.99814565623343, 781.8118512806866, -77.26446094514422, -102.20555250026922, -91.50338593260061, 127.08591927796209, 76.20477018187908, 91.29957384305656, 91.9359681184186, -61.8422833515075, -0.917550542500713, -138.65133231341622, -61.6287466826068, -36.7714623015492, -99.87102684466812, 39.505379042049455, -123.77191411180307, 201.71140459472767, -114.33338946351013, 99.23018740322787, -4.421020688417221, -28.263796116002275, 34.97570386763698, 77.57446794553117, -13.756789248930993, -4.8194286558416835, 48.377612400810406, -0.7033828175877699, 181.67282292190578, -57.72336751685952, -60.24181615819078, 8.080104483553685, 28.45400960758113, -25.041253141164493, -18.085717768401107, 21.17827911810845, -13.005726393790649, -47.88699897932697, 29.11147923738562, 9.239869076818566, -21.545939693477838, -70.30689585254481, 86.04330448579034, -20.880928792054995, -44.505869314058636, 12.499334276010526, 48.373765744655586, 7.549764271052667, 30.921516803319783, -38.749988884248616, 71.75605933912927, 43.81811271071661, -142.9980456581048, 104.31072842341423, 35.66772872779039, 16.18606699406265, -17.299003628140053, -41.12708437182054, -35.44425513220912, 70.89873376653537, -105.15367190849796, -129.6516097090818, 39.5755886467679, -66.85019968262448, 47.213106927540835, -134.22490794888134, 10.332452614474532, -101.67994956044402, -73.4591167649978, -92.53227182265168, 15.288242338971871, 72.09933270925565, 115.92428266100048, -9.050028306555665, 50.22478609104834, -48.85544088871808, 21.982619274194743, 2.7847316256453487, 11.098009774799829, 84.0512638124433, -71.45792544906278, 45.66842475629634, 34.418546953307086, 23.355448731053208, -48.26677823019206, 5.788223304548607, -33.581374379362636], [-23.154177471478317, 29.93716421621557, -33.48074228199733, 17.15828371948732, 89.67715368325679, -9.205503773797684, -61.306599442074656, 98.61041396315244, -48.523716972270236, 19.052799690724836, 7.639725318352332, -106.68152737646294, -4.948995168520275, -1.7435228304694241, -77.26446094514422, 845.6694780409266, 184.40876605779715, -8.293042416344369, -26.076568081678406, 0.9822876204343723, 47.18250699997863, 93.08674320356779, 163.82833940367803, -42.023520587975085, 67.96905229504827, -18.783437597333112, 23.657255490716864, -77.61311208713398, 71.10132777998282, 38.96870254303007, -52.94010052449145, -61.17914525097684, -18.740103518003526, 90.47482451972857, -94.73180227395683, -5.591989233369652, 76.78759355132728, 52.687315661196706, 58.686644799772324, 64.39321274689067, 16.532585218649473, 69.83707392893724, -163.51693111099058, 27.655158500008003, -10.43219163002952, 36.905842106129974, -45.44416738343676, -8.884106990970187, -85.16981910406034, -76.51399228637281, -21.623281830054452, -176.37284526924404, 13.50018867127024, -70.8183325370073, -6.1988411300970565, 18.749152870623007, -5.433855139822451, -77.63914416083401, -8.59613511004573, 27.883394863007666, 130.94775382745462, 76.88451735921078, 131.09207257256557, 37.83040456906806, 56.25323133348238, -118.10462723956755, -32.32433009134565, 12.534710573543753, 100.40631718933238, 33.34269070132988, 65.2813990933552, -41.46667097541308, -2.7974348719923268, 21.741060076584784, 40.32310902344932, -61.6816240497992, -57.16517135231206, -120.09933353474074, -14.729995734342388, -26.628429548906656, -32.19764966192839, 63.26560068975778, -63.928816895741484, 60.094404836446294, -21.302543797349653, -47.40381334042468, -127.13051409068436, 2.993110005042863, 93.60471314049698, -103.60489006042572, -32.469491749915164, -105.89755781583415, 72.41165572407503, 76.1078262613853, 45.73577232384238, -71.76821630509737, 119.90516437824573, 77.18374393473336, 44.777381296073784, -136.79959934548637], [-134.6706566858434, -49.94235074628949, 72.77069509869713, -47.11840450748991, -51.73732519315757, -15.55041998123636, -70.14188684376818, 68.5922141205834, 79.76871030357525, 90.06170387343676, -74.25723470553692, 71.78546307457337, 34.37731863460917, 12.150533656111161, -102.20555250026922, 184.40876605779715, 813.7191455957739, -67.97225567086156, -4.257058989225619, -100.02742526138223, 45.90790754000246, 56.57657378956078, 2.485623014032191, 112.0188421048694, -103.11422994625808, 35.20001492251299, 12.917336461481694, -11.504404241453441, -55.225543820389575, -65.12635953958544, -25.85636632383152, -16.171972827802552, 20.975169614822995, -27.2145068728548, -62.80703565747231, 5.886548166092064, -14.686089971254964, 57.99411063743674, 28.88346248332075, -21.175350549831176, -51.06293733756225, 30.893023394024034, -64.70909621127586, 37.07643175874818, 127.09157436818357, -95.76693965355413, 60.857498747260344, 42.458910654882494, 32.51018977650486, 92.97357025062252, 36.73410128124336, -99.96355973938431, -105.96148576826828, -49.897493314430534, -19.716904239327217, 39.9320742709692, -76.30729552587023, -8.984090348534474, -15.339071593957785, 41.94457736812658, -118.9241195087626, 38.06129029861232, 70.66393291646425, 90.96280305552808, -89.47545247322336, -6.8399418142551065, -78.78617195959549, -8.000835377714127, -2.4489519001451026, 130.5025318013813, 82.92567287718356, -23.898829739798057, 44.92633868950309, 73.56902585357629, -115.91712851597228, -21.232716115340285, -88.24774060804589, -41.06371221267667, -26.27897335847005, -112.57303638681144, 55.519488729139475, 42.6043980437489, -4.0783873326948505, 22.178222042632594, -7.960550297841852, -7.647500065879679, -80.56421309756585, 12.648090394484118, 71.59859823467751, -117.77864267231378, 14.315975850237969, 45.74191684619792, 62.936466247960325, -61.40728780773244, -100.55884288424532, 22.553244867174733, 30.173787002803575, 70.88612166011576, -35.5372743496954, -30.029908656597556], [23.92042480009813, -56.472668336738025, -43.55230921430587, 52.329583559908, 49.6895364872256, 62.404105478164134, 7.868767802621387, 30.724241272466358, 97.11083135115703, 74.53889563793166, -108.09817117456538, 7.629013706241777, 69.26673070868729, -78.90861726070588, -91.50338593260061, -8.293042416344369, -67.97225567086156, 767.0478003657219, -93.58672883695083, 84.57325419341439, -30.051089191018587, 34.45897000496873, 57.97668766404998, 39.42534283146681, -45.55908229307022, 53.57368065412995, 39.31991728268098, 39.4218087598264, -67.65083362364307, 55.34227950725613, -47.25585460612397, -68.48694442418748, -33.80170829654121, -25.57833242374704, -13.27180021874233, 12.91265168562032, 65.63632133365208, -14.499587201990549, -21.42479974373375, -14.674229791285128, -1.241814916924476, -52.61476997334177, 113.36003774723146, -48.90006830576142, -52.93721907549178, 39.52841252657854, -172.28518530779564, 17.368518282269328, -26.991709355942646, -15.593515811680547, -103.07701644232222, -26.86968383065914, -38.25550662404238, -58.95946052669259, -44.66181915093094, -111.18854202885966, -44.78229264137722, -69.1398522125743, -104.72791036108524, -16.813198549503603, -131.1280252550919, -48.38497043955236, -56.52974833314522, -7.9427046724110255, -55.16498441599604, 32.53904590722309, -23.291228568582955, -146.4897684588225, -87.77086544313775, 52.11688392555657, -23.42098818807352, 60.53875589873103, 43.943550727564585, -79.32913016051091, 123.67927876041098, 54.653555107621614, -36.253458740578566, 71.64567352373865, -129.46901334191548, 61.789560141880834, -72.88879475290835, 137.3494953337836, -46.15643583574161, -128.29949557259695, 50.8439130448486, 140.72715997635737, 60.104472259154825, -54.7868324252146, -109.92128397720789, 26.729894233202895, 7.911202033301186, 38.50382294353074, -24.31386005991766, -77.01325513993376, -57.59346540769814, -13.749522442029788, -149.37192654264607, 86.17248319858855, -34.40663567952542, 56.356624491585464], [-47.55544157175339, 90.73661212904896, 31.303019245645896, 5.892601115034859, 104.5536143741962, 22.009418752922063, -4.430688223602945, 73.70313446547935, 112.12757445148702, 44.40588980555884, 64.12724886445801, -85.77670502594952, -59.76623941408651, 29.12055597545591, 127.08591927796209, -26.076568081678406, -4.257058989225619, -93.58672883695083, 757.35671965682, -40.204101456454325, 87.43909938542936, -108.38789678089499, -130.32091036080666, -12.89117905861692, -33.95025585460169, -9.762362497422957, -52.13378667922053, 44.8203366676648, 118.88390595427967, 52.140176315997174, -105.05031777916535, -40.333589271509624, -98.11785865893052, -74.05479506134084, 73.77303742143398, 26.59270745965721, 28.575329427762533, -30.478774117577082, -43.914753939796334, 47.2955152765446, 92.42042313387945, 27.87382538033863, 39.12489586787686, 112.79234593809345, -152.4472688264031, 9.991493842201184, -25.386202936401606, -47.34226269509714, -17.72670820757505, -41.65366359949285, -31.125906056097, 55.21336743726031, 14.848585833028809, 17.537954063871375, 63.2387870243884, 4.793347837145655, -9.530828332724303, -78.2058638194979, -95.40901277701414, -9.72687389178858, 38.36861868026956, -57.24887163977656, -3.423917038421603, -71.22576698810298, -49.26230621527789, -79.04195085800177, 92.70040340007833, 38.210755664293494, -98.80358078549243, 78.3543951082101, 6.626101937039881, -78.95957290314826, 98.08243413981542, 25.880688658391122, -85.92894390625621, -38.3721133047182, -24.050166900574094, -48.425441508578515, -54.37678552395632, -77.69361288089888, 21.783840752664123, -124.65433816399778, 40.55411870247636, 42.492251487953865, 14.425323388524143, 71.90470219745562, -63.25878475884332, 29.90573909432612, -69.09783638394016, -90.05772739613627, -24.707300462627675, 24.52942997514834, -127.69725323476382, -12.168949274269268, -3.5988640649557033, 34.595168267130575, 82.37344099394684, 68.60207847535723, 37.45192383747594, -103.03329012796135], [13.56910957578204, 43.29642257341805, -32.10847525519769, 24.685060937141156, 27.894063522698396, 31.576029099622136, -40.76443365096965, 59.33064735148067, 88.19317595833671, -12.848467774133768, -13.152311876331323, -17.382944966546006, 29.617843927930572, -174.13674087976608, 76.20477018187908, 0.9822876204343723, -100.02742526138223, 84.57325419341439, -40.204101456454325, 648.5169892857359, 67.30613484972723, 8.605430734037284, -6.942265661299205, -22.307194141155634, 98.0300349885049, 94.33897243452476, -10.797881713620251, -64.33381935416598, 55.12979528654416, -33.55876568076842, -30.38973849205309, 49.75844614983657, -43.75206005211018, 119.52809390427038, -137.76204474506915, -48.86132886195579, 56.46159972189842, 29.479284569639653, -100.63683449794016, 0.5357527842789551, -0.25985778319692543, 50.52451706544187, 41.43460956751375, 33.56087782287437, 24.71794814667262, -32.27110677108806, -75.15662417817093, -54.775417071873854, -88.37267494545324, 68.25410965876047, 52.56062829776706, -48.87323654022413, 52.15459833822412, 71.74309912668764, -35.39006894673176, 62.73315466042347, 22.277033914407582, 5.700605568534554, -61.45559949628866, -48.49679133192938, 105.98334506715366, -21.76022846974337, 65.87099212577768, 21.451388168772763, -13.826717570515235, 90.32583835925453, 15.40390171038929, 96.4616140939883, 110.24336548633674, 27.762363092567995, -54.06575078547626, -56.15979755339735, -0.637183589722864, 149.6681695094019, 54.22970664212632, 56.31694021014805, 46.99884293686695, -43.20919985652011, -3.15235477689744, 72.12783769041083, -16.78174747709419, 125.2534295251055, -100.21381623667688, -112.54225965641238, -11.27622439453697, -50.152741078983546, -24.459374224299836, -96.61498414239921, 58.61830929684717, -125.64314074236708, -71.82472020375829, -26.08281625035479, 121.52506088174572, -42.408155661217215, -1.0071304604455407, -1.067139768595518, -37.79885345309352, 13.923189850935529, 25.937514200887406, 103.90019293034993], [20.40708832318909, 36.199925552984844, -45.112886096842345, -77.7745986452575, 134.13527642730466, -148.2330665749478, -105.17244881824095, 22.085477949602133, -8.636586996551063, 28.452575867277634, 5.705322408177459, 43.590618547629795, 189.68524698337208, -117.68560133548084, 91.2