{"N": 100, "M": 6, "A": [[[750.564207138137, -10.102905654292945, -26.492771356088472, -32.17931151345622, -14.918088818847574, 55.96068789911098, 125.84129477216256, 23.227205102670705, 5.57259483560157, -28.063364416316, -57.11227197002282, 2.4779957821238816, -108.6360567307017, 160.68035449681855, 114.1243148753322, -82.31447976544106, -117.06432487137236, -25.960526373411827, -59.69482918369451, 138.1821905482645, -29.488555342967743, -62.34340360934145, -75.02417132023253, 65.63153291268115, 4.803324822963969, -12.147551282405326, -9.805244661875703, 64.68578317053952, -9.37611658264818, -78.0117025310031, 9.791293457512758, 93.25578504213782, -105.7008502934967, -74.88826029410335, -48.32242048578255, 45.63352447556514, -19.045338362080194, -117.12037056120248, -23.277036356765258, 44.3577165605804, -54.78466213479415, 20.25329350316867, 106.90521368317377, 52.28538065267027, -35.57321061636967, 20.300488233806636, 25.94481427786956, 59.012800517473245, -16.66589180667144, 25.14080012605352, -63.1463478184372, -59.08903028469172, 34.020848366008835, -141.551276119306, -133.855712057746, 27.952248045697456, -40.671047071601144, -41.95826806689981, -23.9280983881821, 65.86785584270946, 62.10424167510484, -118.2176918288779, -163.38276453159975, -117.28420977602902, -32.76297673176099, -114.3494498676158, 23.20767095445779, 4.144737728833378, -22.122387198078954, -9.177705864669866, 77.11661523192366, -46.09428157676971, 120.9381797902229, -79.51413386380602, 143.8203643147128, 5.038053690702005, -28.3280886926512, -60.757285909947235, 49.36996942288675, 25.692309820610713, 87.11769077875775, 3.30066134637726, -27.27673175839796, 41.72591572432739, -41.702694725271456, -169.8800200444878, -120.64690129166226, 37.1438230903156, 120.92099325542067, -128.25344019253376, -24.515014741734237, 77.53037558095411, -42.72512960044849, -76.21144985470539, 30.303759206643903, 11.51973621156372, -82.01826386020029, -60.262541409003006, -55.64470146489373, -87.22548119781199], [-10.102905654292945, 732.5170697053211, 39.83726614059374, -35.18715535364963, -46.40577587765049, -105.37509453316272, -18.07876758125822, -45.4088193255081, 35.485812545658675, -10.908067078986862, 37.51931228212449, -16.14973269378562, 44.88279972042121, 24.437497779923856, -139.2023200314459, -24.420334743412766, 11.846529154878766, 32.59840749147624, -10.519744509084708, -118.21588509835892, 11.886101583183324, -66.17010249065392, -9.288147961131676, 39.08254105491955, 165.7149512225301, -22.089093361456, 65.41593971039349, 44.358799421427655, 1.8371094069114626, -55.70960879354932, 116.44596290642464, 111.2017276975261, -37.4831196395881, -28.865489488830892, -89.10523943142809, -9.960402485396061, -113.35282816919812, -48.83809741305245, 2.5514660697233587, -81.49826378606045, -0.6158701650367366, -31.74434837515199, -90.58730675576814, -44.957475097044636, -57.906386016495425, -127.55377476643653, -14.604975538771784, -151.6329180180478, -11.110699456637379, 67.68258631908525, 134.22112372336247, -38.50570756749667, 57.10618242197913, 73.15896114932772, 3.7024066303921477, -69.18999435869588, -43.50226713039675, 35.81972849702327, 60.17027045849163, -131.000197359152, -137.51297700524728, -22.015846793741975, -100.26308848603779, -97.14716198210789, -40.26398470949922, 10.920289811613793, 39.18920239999805, -1.4339344584569425, -1.774776346228824, -97.54381974208812, -29.02986709423522, 19.72805909730821, -30.81920635732235, -23.631352035509362, 81.30024984119186, 26.73762291000804, 2.372132783593305, -41.88327615417992, 27.369821996006923, 95.49293731883029, -88.18176678092475, -104.96079370708135, 197.04233258203755, 24.67596465713988, 68.3088395376734, 38.574001236069456, -42.44028822025414, 96.23646002138092, 96.31898552855922, 48.02499805674024, -49.91444570650282, -6.541158163366568, 83.03022809400045, 66.58920518027604, -55.25805681520869, -24.14039552128945, 6.050274451331354, 28.848977377589826, -21.877781536732932, 5.309014722981617], [-26.492771356088472, 39.83726614059374, 753.1515682029593, 79.67703407711792, 156.17700244135625, -10.107284530548743, -152.58879167102012, -134.1910521661491, -59.385727875719006, -17.20460367523548, 85.8754640243846, 30.610422455564176, -12.977989772057743, -39.75717739638055, -108.93112659458345, 90.14894869100573, 20.172473268120097, -188.60170022287656, 125.89121596114279, -114.07234013765034, -135.22102371379623, 8.19474654431373, -46.701512778022945, -16.23805713534325, -62.14652513182632, -75.07076998352036, 67.79561230564798, 16.807634082509082, -84.8445886676849, 76.91456352328358, -18.082412701805087, -18.350082684874526, 29.788587482985836, -168.30232175802647, -86.630848391205, 8.450906970775426, 137.96034438233778, 7.605795645627746, -4.051148299459687, -29.551114429509717, -69.07834014303492, 58.79420104298654, 69.15852375961926, -68.37616060115151, -42.19525146200988, 70.6148123212425, 57.04022168857629, 43.12351096895854, 171.46797986726872, 59.44512889227022, 83.01611876110609, -8.473066122811671, 15.453061695338944, -115.8899844337022, 30.136372545906987, -101.35257363164197, -102.13913209093259, 93.94144030617163, -102.0539154113565, 2.4237074793401567, 25.56020918642434, 22.976341651842326, -75.01560110231688, 2.5532482724972363, 73.26673462513958, -18.866255125995192, 16.533200806820954, -16.33804302320143, -6.781364609362798, -48.82560465756219, -29.291603485670812, -49.714128796406165, -115.93872470705429, -9.482048272703544, -78.06186263449243, 184.06879772641452, 47.92572915654517, -71.75000763639349, 5.036381045072477, 54.38663006569568, -54.97312076275344, -45.90388202807884, 45.47322474613037, -106.21902301055837, 86.75345308855148, 65.80433091888962, -40.96216941886536, 8.52037157270614, 54.85111188714153, -122.00636681997275, 27.04018091948695, -135.0493842467389, 64.53040639987569, 40.224954381845436, 9.953607594264126, -18.086751354313794, -63.2006219627388, -101.38003914262713, 57.60738789493171, -62.5896395585652], [-32.17931151345622, -35.18715535364963, 79.67703407711792, 711.2623433980687, -42.59041716666532, -67.65995379167921, -10.172834732330463, -173.5921365728188, -65.91314707700575, -99.98067197142274, -67.02169426752984, -18.19447006808019, -72.24039488733895, 19.621511493435886, 82.37778498013536, -6.353695990922123, 82.50338740058262, -115.56924690613441, 8.498758708446514, 37.95636507256649, -130.2385944398763, -72.92108471562506, -40.00117442028444, -28.49454767863966, -91.24887914579571, -19.95797412898912, 30.90018363962009, -58.86112799448524, 72.29702686110792, 15.438403977121661, -66.08892904856452, -93.12782132006787, -85.4156384142693, -73.76673135250701, 134.53298723667749, -112.86411250805277, -131.44516123556218, 59.369289230970296, -44.179847979347066, -54.26192304915633, -48.18573504824408, 25.348349219179337, -28.81379720237754, -135.7895536291323, 56.40145314955406, -67.493973123232, 7.8984964086754825, -10.248761071228882, 138.0176199578755, -4.958968239094165, 85.27482803128996, 29.384382980177282, -18.02776842519956, -123.27391761014361, -60.435456881485166, 88.4702590433259, 40.7513251855981, 101.3761227839755, 66.71305594557543, 27.50376444056845, -39.22337174100467, -34.668770921584716, 28.192921902155415, 32.067229155623274, 73.87930422261589, -71.35381528533348, -174.26354106267993, 41.91619875866324, -3.4839537778476735, -71.15550262052754, -165.14798792341765, -25.56286231891234, 0.5187558927213335, 38.74071484956826, -9.960000528831966, 27.951026817263184, -47.30742480382551, -13.131499348791563, 30.733373251922426, -132.52814024195786, -45.84155969679431, -3.042652949684271, -2.6299655844323686, -11.15411306383267, 89.6295861901497, -41.8644981468856, 10.55978706463185, -56.45668933824511, -75.39127098918742, -12.975766278792412, 91.35734560871603, -8.577229632215124, 40.42415874543702, 22.664426731096185, 113.80309022379058, 1.6507857384877616, -70.23872891804153, -75.27677620697249, 5.965094138961231, -27.913855047282], [-14.918088818847574, -46.40577587765049, 156.17700244135625, -42.59041716666532, 729.5901975660812, 150.15570875601952, 84.95436646184704, 60.94574622022243, 49.818763109658526, 220.1694988923312, -16.25282071680447, 83.13341331296746, 74.24019176937657, -54.9271038268329, -177.03228937782052, 86.42852008984194, -148.5119580166585, -29.978725373229327, 79.64324455632675, 51.41448141199347, -26.673632675913723, 1.837663502440921, -101.99916129392977, -17.391854114398015, 33.44757599781675, 26.18770318904887, 53.820818971564385, 53.461962908117634, -99.9449298784536, -81.78072058148965, -27.601027279875428, 145.29144013548841, 41.461622738585405, -21.049474821406143, 3.8023346528936304, 44.84300635827971, 121.20950633443768, 34.243494740840234, 36.96414480677094, 65.72857907683074, -36.18994946248143, -55.363390086277526, 1.3743142125714085, 23.688958756537506, 86.11183281098936, 100.11509528111701, -1.6328744717346124, 148.34624462032733, 65.80426563668073, 15.882211793061941, -11.35152857510038, -136.0668956975418, 22.872142763236596, -28.24233669447197, -89.00506288872155, 21.71176361132224, 6.268151785172085, 50.05674488175621, -55.133976084039084, -39.153995420809224, -63.878895956952995, 111.77831260126206, -38.803934582636415, 36.925080845262414, -84.77138805099443, 29.158793292395302, 91.37482364162831, -5.726031782240126, -77.79548592626718, 16.17895886986801, 69.35561258593025, -59.5290077676584, -23.704574875638716, -38.09408289780562, 63.91632038610071, 100.18491022532451, -50.2612598111758, -20.226713576047477, -11.131665514497824, -62.07532359787269, 17.24658588286786, 29.34313631793957, 22.536790589680866, 124.81796272278324, -11.61102950779365, -107.61050934780737, 46.3651856278482, -85.87290578718755, 3.482585726884093, 96.83998171761847, 5.850312598905845, 24.35844267881807, 5.9171553183192405, 48.41278896469634, 18.035983219355394, 4.78342644707748, 50.588445966062146, 1.1406378225818503, 24.58242181542326, 32.216968665752795], [55.96068789911098, -105.37509453316272, -10.107284530548743, -67.65995379167921, 150.15570875601952, 851.5198627673954, 137.76659544847323, -16.474772589388444, -19.150262564641544, -15.065134699684894, -64.73568357620672, 113.73227766365996, -53.86693976019561, -77.3888721973661, -23.935422955208846, -3.9659347623378767, -41.159568264067644, -20.249113942959298, 19.4486381975427, 99.05362479479057, -181.77558706674802, -72.35860668679781, 151.96372480284447, -0.7015703036027334, -11.256553410968941, 32.05466118693227, 15.484814711331028, 10.09287664119635, -117.87825657547562, -2.0658610618458093, 15.466849905967477, 11.823043739814867, 71.19072389403452, 101.80459066140601, 85.96977113554661, -65.66778756681394, -109.92309115686648, 22.444634719445396, -22.88509925833231, 78.05979775134352, 28.803760281865618, 69.3298565463899, 127.98187637099002, -108.27323333334694, -33.97193553003379, 78.1349081110826, 115.58678201018992, 171.30419730213163, 34.04900501454606, -54.83619984237145, 36.294423067739956, 37.70249639682446, 44.56230472017764, -40.445612121111765, -15.258097663639573, -62.34418616044637, -1.903436892058539, 50.38434230422168, -2.4152718523033414, -36.526505467369724, -149.30067908987516, -46.32667534303574, -34.62879467441379, 98.01796957269107, 41.43144195707782, 105.97151001816255, -73.75873221736217, 104.53863997776592, -80.47545354696898, 56.66551628894394, -29.610907172032565, 29.435694600457, 146.56531952491346, -86.0235609713988, 28.281685478433115, -71.4048057522498, 97.99100001298368, -123.2330366977217, 65.15542076470977, -52.57975433529658, 149.82748080552398, 56.320917188562504, -47.372933416845235, 58.51375796082277, 23.528328751431715, -63.47789764048313, 121.01322786174138, -62.4287638524859, 67.63256066101663, 82.00567090530824, -98.46242822022434, -3.2747431274616194, -51.77641171529058, -12.639020162191832, 11.882058021909648, -93.9973886011002, -19.22818209348673, -16.5030177749807, -92.22903059374168, -29.579820044469137], [125.84129477216256, -18.07876758125822, -152.58879167102012, -10.172834732330463, 84.95436646184704, 137.76659544847323, 757.4892241112643, -6.838672120214832, -18.59532406430888, -42.29814777337289, -102.17446535857387, 23.68728253322261, 16.83961683293323, -163.2494379215853, 92.57107940450847, 9.65884860390888, -24.47289611408172, -45.844146532416374, -91.63645292113615, -3.5900384451880263, -54.03080479234277, -146.73551556961075, 32.01201917169672, -80.16326864852252, -126.38537646543314, -136.88565173465517, -112.90141859026797, 42.351380187854105, -54.405591496094424, -104.68234390028356, 61.613063857790486, 163.40745259348273, 77.41933754455387, -25.586994827575452, -22.41612526777669, 101.37299305142864, 5.540480899589411, -4.0601913592739205, -45.81827981783122, -14.137151505706132, -69.61139555308145, -50.52557952469209, 14.124355279388139, -51.70870486806563, 17.990193582159883, -67.7150905334533, -1.5550539877803122, 52.855288169180774, 20.98560919223902, -99.65106513528703, -73.08614070909223, -95.89087322137809, -0.3289942963742805, -128.34224029911564, -69.76743567754664, 68.45079923075308, 82.87958800281149, -109.64902270030784, 32.52214008053051, -128.47813675754375, 29.218010111075724, 32.01019130363481, 123.25206920919578, -47.80365505267518, -14.637860087006572, -11.816473452580755, 108.21776692445421, 150.04910654163012, -35.66550844063555, 30.231743623113438, -84.22784370024524, 19.505571361544614, 83.04800456891448, -156.3103615776341, 45.593338399128186, -89.83901993288089, -61.83135466070165, 29.467883152864623, -6.005242648737149, -18.616867341690604, -17.107584821866634, 95.38061211590836, -91.36901492898043, -51.81226308453877, -115.87007147749468, -3.7058792370612474, 77.88999564382813, 60.55215143508086, 2.4330365205188653, 30.21794495322844, 23.681251568745388, 68.28895681064944, -13.995504349794967, -116.50351982725412, 62.1790067143059, -24.705774202774965, 17.29248131368156, 84.74083501344772, 72.95297422710539, 56.2382599601408], [23.227205102670705, -45.4088193255081, -134.1910521661491, -173.5921365728188, 60.94574622022243, -16.474772589388444, -6.838672120214832, 743.0964774878798, -20.350184266342545, 212.11628906814917, -49.27127741084963, -99.66044843144553, 99.00604049485862, 36.40017823950691, 0.6632053704577026, 84.42630473636177, -64.54234891766812, 16.616236873952943, 65.0337086321877, -44.62543047356107, 15.487323349758478, 9.686541378355319, -57.27295816023573, -14.577667071897302, -73.18936750497147, 34.937873495888724, -103.76753165406903, 72.50486557920057, 52.21402859569954, -19.241249834488745, 188.58585303130857, 20.125962474472317, -88.52615109202372, 15.614645725204833, -13.331870150922699, -1.3049407409886542, -0.3007352098143084, -13.429152077118257, 61.1787162172935, 92.851576611602, 52.740396538679875, 61.33104370418737, -38.35387174608164, 105.51583640882407, 8.969295171151144, 28.198585176980668, -89.44881472370112, -48.55412075104904, -89.47469371239201, -8.992800725958583, 52.82308624115147, -19.468963205721803, -23.849861908273876, -2.298104150998879, 73.67062964194531, -21.192170023429785, -91.13975130744124, -81.09246369425023, 75.59195905710389, -135.63904403693178, -93.42043178903333, 49.34764933009746, 4.175796655607845, 111.63061619058495, 4.609584963140938, -20.767640630433743, 107.28215963523306, -46.70843236840699, -12.526578840237079, 17.31601951808964, -4.6764053205951175, 49.089535650704626, -14.722572775002906, 47.63333283352151, -37.850616856329104, -88.99621181737173, -57.51780487189688, -29.16745226370839, -88.5784125820475, 3.4569996033220347, 42.00974384603642, 77.05452333949428, -23.504548689213944, -27.934824251849726, -147.4600175490182, -245.6875582811997, -104.12572748969886, 114.98731144105615, -13.122562963858059, -66.73071889744394, -34.8988477424694, 20.336736153326875, -168.91247719455936, -81.06240939485319, 14.61176840041483, 62.332076258823854, 17.0457674511363, -71.98965724028804, 18.901773554750523, 6.92213184151665], [5.57259483560157, 35.485812545658675, -59.385727875719006, -65.91314707700575, 49.818763109658526, -19.150262564641544, -18.59532406430888, -20.350184266342545, 650.9066567786759, -87.37359919409859, 97.1887555702553, -42.925884181857036, 6.320028524372617, 166.21738060768737, -84.90677582155527, -75.91257985227018, -129.61113133611326, 52.199790820717176, -107.34679491493038, -129.1682014080598, 30.577689002554376, 53.58269877038207, -16.20830447481234, 5.418248684729292, 27.30070158537452, 16.020563533504156, 58.09508472026871, 12.216267634075862, 67.03901244396867, -124.5261019396397, -122.59792855955644, 105.53377476589763, 75.94050348873225, 15.319644977694864, 44.92774887274586, 41.971164376443376, -57.18623507135056, -28.42930599202816, -0.07540128396273557, 17.847620608836046, -54.765516028454265, 32.17144464357712, 31.223777421668455, 94.93777083329708, -28.226934910915467, 42.68758924869355, -20.745505771321856, 4.135999861297563, 56.444986069673476, -57.25780138164629, 12.731019462876208, 46.01260783589612, 53.20256428613334, -49.460942961730346, -117.42087647776617, 7.519270784484881, 59.452596755029894, -14.481887715917667, 7.849551648932096, -3.105044514278383, -73.6742403639372, 40.14518015863436, -34.282512821439305, -88.25024778590256, -39.78969655319935, -13.882870516242482, 33.437630209553284, -179.281928893302, 66.3807848580121, 1.5701017853825228, 38.980174973954455, 111.13360676977825, 20.907803178687935, -30.24359455800106, -20.100838290233018, 65.51083056834733, -66.9559847431591, 51.65070164888915, -12.421484996726774, 59.42428099677632, -9.357805735677948, 101.36405524470712, 90.56539054717878, 33.758565647184255, -0.5807641662077746, 64.1422029065988, 33.77758579684079, -79.11021934129106, -88.7606122048186, -23.001410003528306, 83.41884851931309, -45.37240279794345, -60.47784844451041, -50.980716214619434, -105.56779230932655, -5.053869727302234, -37.4175059129129, 162.1636822676081, 51.92494439530156, 32.37264164629368], [-28.063364416316, -10.908067078986862, -17.20460367523548, -99.98067197142274, 220.1694988923312, -15.065134699684894, -42.29814777337289, 212.11628906814917, -87.37359919409859, 901.9605813703702, -43.6293821900624, -31.434912206008377, -18.95723177812189, -109.99141533664019, -48.88470715125545, 69.60387436897155, -2.874915234348628, 26.36482185956736, 179.8114849621093, 0.9063194381093912, 95.38888551762358, -52.961674815478446, -50.641593332748464, -1.5124457873072055, -20.34644495165459, 46.857596816564836, -85.65788726263061, 68.6068456721447, -169.09659362911847, 124.78435408189823, 17.20042803287129, -30.98343090422201, -58.01746021667936, -117.38626154156589, -126.59327353299318, 141.20968207969952, -12.600104161916578, -42.212544896436754, 123.85783322685668, -78.8358593993463, 54.074188353482185, 20.04945322207435, -107.66493449288525, 77.56768856175805, 17.594453206744383, 153.19036290252575, -45.189595653166954, -4.710193824302389, -85.25116356990945, -28.59687503400797, -19.13550430531613, -222.7855845934414, -98.01117110651272, 112.64595983278849, -113.66268605829347, 89.59108780199824, 27.767125191991454, -141.16919229371678, -36.62482944805034, 85.63084072065826, 10.777329220932414, -26.194868284081252, 16.980250794010402, 111.57432707247885, -29.918207928685774, -22.31212499301079, -64.68284974194331, -14.507099304599329, -24.13920187744862, -97.86527014256016, 102.27528012992661, 78.46459244427649, 64.57983804952639, -46.3313520140427, -140.50732277053805, 80.25346485945558, 10.038961452955414, 60.880693587677534, 52.32679571156398, -66.22310704375094, 5.836505495409772, -45.709279873176015, 11.132142132611095, -159.03521564196168, -55.01752610485588, -100.36109618621266, 13.448757855945507, 119.8750408338807, 68.56644087449774, -215.6283336675604, 66.90721088845643, 2.358473213263378, -38.448573393837556, 22.968287559864283, 66.8497684726632, -76.83976484392537, -77.46508316360102, -25.786486817818155, -42.245579362992636, -7.319585226969152], [-57.11227197002282, 37.51931228212449, 85.8754640243846, -67.02169426752984, -16.25282071680447, -64.73568357620672, -102.17446535857387, -49.27127741084963, 97.1887555702553, -43.6293821900624, 578.7000978177882, 122.62116236780452, 96.12305569637878, 6.259092682125316, -37.15958202148438, 25.587327782932284, -33.4206370920516, 129.72888673387058, -29.750055666353337, -61.30605637540844, -19.693232035313855, 57.48953867957607, 31.557081815672717, -34.96185645484275, 40.36971104643502, 33.04687269267999, 58.570599898249746, 61.12302608003931, -48.3702242572521, 31.217926881424525, -11.450555809650321, -98.06142840720256, -115.3963217397875, 90.03258061256689, -3.976653776597624, 10.44702853159492, -35.71169588967755, 52.26816183780166, -15.738698141602391, 34.47863151178707, -53.0741486678407, 43.98772263700455, 15.494495007222712, -0.2786815102383649, -31.258975995880895, -45.00018951982494, 83.83325895392996, 42.24408100779609, -99.67984017556837, 25.67296496549822, 19.623862508270435, -28.873796535588113, -7.032771759526691, 85.55921389557304, 49.96039783338078, 80.94994488119988, -43.95295701766887, -29.06983289836695, -54.60479881919446, 62.15926399454674, 41.6428710910796, 50.6551675968879, -124.20853913357506, -16.293690616295798, -96.77743770306398, -9.530401257776166, 84.9226158577298, -35.47483765583753, 28.041192030797315, -70.85639365476926, -100.91366731565094, -86.37570018157557, 13.556936855067542, 75.988059712693, -21.230138696898205, 30.67724490247452, 53.42337364382553, 68.2854115163534, 16.461880020265813, 51.98129753591643, -10.382902226783711, -21.36325737092665, -32.369423266560965, 4.753790547397445, -19.989453304666263, 63.11668232163776, -5.712276279155808, 41.51688253980846, -36.003898497482865, -111.80273260863045, -31.367444621406925, -102.75917831741167, 81.37383927831125, -69.25854398826515, -178.66126528646984, 2.9126866578174897, -27.12847571108587, -86.80292313322843, 16.605526625040167, 0.9259109491896091], [2.4779957821238816, -16.14973269378562, 30.610422455564176, -18.19447006808019, 83.13341331296746, 113.73227766365996, 23.68728253322261, -99.66044843144553, -42.925884181857036, -31.434912206008377, 122.62116236780452, 884.3532011036332, -18.4218382543857, -51.811442459801775, 11.666650616821272, -9.51603785591905, 31.483898921437792, -30.15208767908517, 22.107059084910905, -5.1152455950065345, -38.93205723142133, -36.65481344486596, -58.86445626728377, 16.525234819029958, 15.494400065276984, -26.160978655572336, 93.86514927634087, 33.32054364554609, 18.283961651615463, -17.86172819830518, -81.48830998735893, -128.85272007169564, 65.01293580187254, 15.659933502721417, 75.70020433057327, -20.723315179288328, -71.56393901119061, 54.55233175558711, 41.914981769279244, 14.12185247029734, 13.383568842518146, -135.75484518523058, 124.09986807783861, -134.48932440676813, -80.81981533249886, 63.43914547400305, -32.066305278231475, 4.398738371803437, -77.82181719208839, -0.9216441477758663, -13.807792263470832, 82.96977161978947, 91.01185049785548, 17.71674893347707, -2.164155646947559, -6.840619766169735, -1.5505974703320535, 20.707085725596144, 87.099879576815, 100.03322721017155, 89.11616818649463, 41.274645917929185, -76.96064902834664, 106.17344274299356, 34.035441162740504, 105.01203917703437, -128.1881772965652, -78.35638927476545, 12.947769812455023, 27.025257088250726, -94.01467406287249, 42.53404737803897, -19.46490986595857, 39.52717085192721, 14.836637416729433, -44.87976782209225, 22.49197067308606, -137.43208425583634, -5.038836521206102, -99.59113452877003, -27.01369205572946, -57.98018974863763, 51.04449501434174, 90.598080038575, -53.84815493257008, -119.12809958024896, 57.5252248977587, 86.36710503381912, 39.68247151142778, -42.81411276307486, 116.17248541362123, 27.968409263047644, 110.99447253058757, 32.41661752158581, 11.48907489231184, 48.81048941871037, 106.76913618711117, -40.83330493191341, -49.13782623062103, 17.019333975964035], [-108.6360567307017, 44.88279972042121, -12.977989772057743, -72.24039488733895, 74.24019176937657, -53.86693976019561, 16.83961683293323, 99.00604049485862, 6.320028524372617, -18.95723177812189, 96.12305569637878, -18.4218382543857, 731.3907772605795, 33.3239747442592, -18.768786556561007, 0.426000490746775, -71.7644613611927, -61.144664290276154, -79.5479903253206, -158.02765922942032, -55.585198797349854, 0.05799235286438608, -28.422152075116166, -7.140389263782101, 62.120103973472006, 86.15019205023019, 48.088474527680475, 61.14615899516676, 17.57248540872759, -23.38358252183777, 15.18622511953748, 10.896829502739799, -127.39146370403739, 41.39644477877701, -78.63463006979974, 141.22038195623537, -6.528154229571908, -38.35666738708472, -68.38248355092645, 61.41918715570112, 1.4509063409265426, 43.85510529825531, 81.69888613992698, 4.159347456351571, 34.84648752639341, -64.63272610918933, -5.021939147218747, -68.98758633050295, -83.57936978961096, 50.24879226818137, 26.93057758131444, -67.78254402790697, 78.64454825398091, 152.55905161568958, 58.73615514082473, 149.29978172833074, 151.79162832765857, 37.43720646978513, 12.76769533836266, -67.16279646756593, -80.25626019873513, 24.727071467778323, -1.731123289255071, 111.25623744630099, 96.77679778628828, 11.563324453278925, -97.69802395476023, 47.72947879015398, 59.778382843084025, 110.62493160807884, -180.15153727397748, 42.430119693044844, -5.820915672265764, 102.7277121227266, -56.35138776670968, -78.24750774390264, -32.202314584369326, 114.23217353942692, 30.87648899673737, 56.04350577344622, -159.9892060493826, -27.031313924793444, -55.9820398493779, 35.32812050773919, 43.976110670165625, -6.526746715674858, 18.194403943944035, -62.95394550211496, 45.87830059633158, -16.954493692186006, 80.28690330221504, 48.1882045041563, -88.78958344629348, 43.895409294460464, -79.27862460796148, 33.05780590576509, 6.963322974157125, -11.184999790732242, 29.04803032124153, -12.972583751830545], [160.68035449681855, 24.437497779923856, -39.75717739638055, 19.621511493435886, -54.9271038268329, -77.3888721973661, -163.2494379215853, 36.40017823950691, 166.21738060768737, -109.99141533664019, 6.259092682125316, -51.811442459801775, 33.3239747442592, 937.0193655973604, 19.297866304728803, -121.6272335269934, 0.05004779603253438, 10.862949846745488, 103.97037387178425, 40.563830725276624, -2.117575862869295, 9.43452034040202, -36.96762516030149, -20.996970278786538, -30.230427991743134, -38.80374540037556, 68.67039771323947, -55.39482726815714, 149.24087430978423, 4.147839242157395, -172.69662220774256, 60.780708139238556, -73.24688644328104, 16.704303016519336, 57.319635555850084, 131.85733337708643, -52.13989825543733, 72.0964325215742, 7.317724753094653, 93.61061604664884, -29.858644738966188, 86.95341704756608, -55.436800121956544, 16.38163866593869, -64.56558472631254, -112.84332820233631, -23.564597733135408, -70.07422141117405, 12.014371047139221, 0.39456891371655745, 25.2703948249889, 2.504321134400115, 13.69732603105107, -122.3698197203616, -50.2496831683414, -24.200067159735568, -14.780725889650421, -70.39418945192001, -0.8116727069201812, 80.53195724883221, 38.55382270558604, 9.172622211080025, -4.566856699489275, -48.44179288727685, 6.863629530953592, -202.0400025959724, -7.664936291030031, -108.20058064413452, -80.08036741546337, 144.40939706472645, 31.381531750195055, -5.574687438039599, 10.864235625186001, -25.590131004442902, 26.190859869797194, 134.78125494252274, 47.735681048693856, 45.6169213976666, 33.737289940210665, 29.966363606776508, -11.374969472411859, -10.419949285997246, 87.87543451276632, 151.3016101695884, 38.80254927698004, -72.826548887553, 71.11216357454086, -0.21106021725047774, 75.4610803926096, -61.76849183265199, 72.38094972857537, 31.540281470732403, -65.14364174857413, -63.17091063800106, -52.70041801824075, 0.3416461700633978, 12.528593958416012, 138.7788195869431, -100.56313155377845, -37.45878794496069], [114.1243148753322, -139.2023200314459, -108.93112659458345, 82.37778498013536, -177.03228937782052, -23.935422955208846, 92.57107940450847, 0.6632053704577026, -84.90677582155527, -48.88470715125545, -37.15958202148438, 11.666650616821272, -18.768786556561007, 19.297866304728803, 947.122926632137, 11.597937097573539, -26.063206014608696, -58.419855210661964, -120.07085628038915, 105.86949242604922, -28.76010073678043, 58.89339178660732, -81.0303672725248, -138.69425915371272, -14.683799390204014, -82.07303183198476, -19.46241748770331, -73.72996511746697, -45.3752796144176, -16.63166783366888, -61.06170424599635, -17.956887857655058, -157.0425413552673, -55.08232702362501, -77.82556377928766, 90.2570262560289, -39.64533334040244, 18.97437625807573, -47.03593295920984, 92.83274813406734, -37.06156158879956, 57.44083389625737, 21.55688845944242, 61.29448621733807, -226.41186366072296, 35.073509730299705, 27.844444049592536, 43.558050069121684, -15.846203567629598, -33.44289628649751, -27.596692351306704, -91.67205934974034, -25.88081598181394, -18.13384434826241, 59.80074945076599, -4.968405785407845, 68.1508688736712, -63.82300822312677, -79.68528070605589, -49.179653367116515, 47.09434437636776, -20.94579075972617, -4.876047961753689, 16.35370410357166, 44.23926897917311, -92.14063658298154, -69.0254341591633, 217.17749149086168, 24.01394578320324, 58.06866895748671, -64.03345200547759, 30.38644836593092, -67.8986568877871, 78.82235500973799, 9.8900103063808, -54.25485913751713, 57.86282595045729, -26.13138375641778, -55.725390498383206, -96.5097358228704, 17.7220360185428, 22.63042112903965, -24.538185975970663, 16.59395027086388, -134.10088660654625, -77.84947608108617, 3.6130461519268757, -71.37974708181127, -75.76232125019409, -62.06438455437168, 94.53725274396407, -7.0978746768036425, 42.83091554409144, -7.756537614229988, 4.650391068835501, -32.174096448538556, 12.491284477933933, 55.155774568223855, -67.50859817959523, -34.876146936557305], [-82.31447976544106, -24.420334743412766, 90.14894869100573, -6.353695990922123, 86.42852008984194, -3.9659347623378767, 9.65884860390888, 84.42630473636177, -75.91257985227018, 69.60387436897155, 25.587327782932284, -9.51603785591905, 0.426000490746775, -121.6272335269934, 11.597937097573539, 555.1377485259576, 81.41380897929616, 60.49565103766298, 95.76386340392175, -47.71592887733164, 28.742579850451516, -63.64974859044975, -49.50356117517325, -63.710789438234485, -91.92843605748898, -46.29929705099581, -56.38185477111465, -44.378098676493344, -80.41922774830492, 2.2759940376518704, 65.81075154893968, 16.10756897627544, 31.974539487126467, 42.32629055391152, -48.22419355814563, 52.58608403462742, 76.66943277046649, -41.31864923344164, 17.198496808212376, -2.6233107403135456, 127.13746845049263, 17.745055858476668, 144.80516749482126, 115.14305928450625, -101.96735407315285, -25.79158302706926, 6.824126612225722, 46.244155146769344, 70.87644539940948, -140.38227325423122, 9.99437618464003, -0.3857378138279712, 68.92022745988808, 45.1670108414907, 48.73675628455162, 15.586563760839145, -74.89981507747909, 4.424456039141614, 23.756513157403703, -19.616297025717447, 90.16723508973028, 43.71845728867809, 111.81480435623413, 41.64140787131942, 23.046443843871426, -93.5447672861899, 22.822505256457298, -15.798306549126464, -18.368675574867474, 27.236372176797882, -48.99362013403632, -94.43221365354252, -85.2526049073552, -108.65522958659359, -3.5379060937049167, 47.04591677832003, 80.60905802339347, 61.54477982395396, -111.5307984793717, 13.671085550694146, -124.88497024280481, 16.815411400881636, 103.27178938550497, -48.47250747266001, -8.004692472740976, 16.151680160426963, -76.72936703028985, -17.093268862780253, -19.197358191119186, -9.796980969348956, 42.34130484262375, -103.57116233455595, 48.69296900362403, -80.87409139167453, 60.46417462519661, 28.849335436462386, 77.2403563069888, 67.39488880692599, -30.80313218507688, -42.79897917875148], [-117.06432487137236, 11.846529154878766, 20.172473268120097, 82.50338740058262, -148.5119580166585, -41.159568264067644, -24.47289611408172, -64.54234891766812, -129.61113133611326, -2.874915234348628, -33.4206370920516, 31.483898921437792, -71.7644613611927, 0.05004779603253438, -26.063206014608696, 81.41380897929616, 736.7829523104588, -46.8644548365505, 71.22397397420565, 64.07510920715897, -53.487768416503194, 38.851546869905846, -30.589754057189765, 11.393411619084231, -58.761211752631816, 57.83750411646562, -142.4671574436655, -40.89110947698058, -159.29345192320224, 128.7713685338878, 1.7125897426655583, -59.81093841689912, 32.383130122617935, 31.48835575849308, 13.560610512854904, -17.155080980178866, 109.98357847059997, 82.76144936712319, 50.75743456172225, -30.72837026062104, 14.202383178237048, -74.25133001719824, 64.03008400414129, 76.03634555613569, -31.0426609448378, 19.9763856885193, -29.95960320127944, -30.35084779047011, -100.9548915921284, 48.13616529310549, 4.071739940143493, 31.01209255211979, 52.16748222101712, 57.70884158703816, -90.62870104683749, 27.05170698978933, 84.39971425414116, -149.1701824509124, 6.9538082829861265, -10.116082697534686, 118.81937379951938, -94.24022302471468, 57.73078037321849, -1.3292049316861616, 8.905809174037037, -119.57061759127963, -81.55018860200497, 64.13024070856731, 12.774544412742115, 2.395356248252106, -122.1997256956539, 2.0638710583069964, -33.71497557684113, -70.6859453618579, -96.88141984443253, -17.551102508050903, 52.70861282522957, 6.591621810700609, -132.123041257389, -29.395595715720123, 25.737145042849352, -160.10366067898832, 67.69191078325663, -54.51847604820004, -39.66687500842923, 254.30567245073934, -92.15318463662835, -9.2012769387988, -42.01755331206254, -115.09746041374869, 36.181342676811475, 33.399647629572776, 109.14309134378118, -46.99971192341624, -74.13878335953261, 30.562708390224707, 76.93440305564384, -20.24190685858704, 86.20759787605056, -62.86122050082939], [-25.960526373411827, 32.59840749147624, -188.60170022287656, -115.56924690613441, -29.978725373229327, -20.249113942959298, -45.844146532416374, 16.616236873952943, 52.199790820717176, 26.36482185956736, 129.72888673387058, -30.15208767908517, -61.144664290276154, 10.862949846745488, -58.419855210661964, 60.49565103766298, -46.8644548365505, 869.763780034955, -96.25774265722646, -152.09868094055855, 20.5422084842362, -75.64303871686866, 173.00587444498893, 36.1669917406685, -19.32028529458887, 117.75569309602945, -49.71325669870396, 183.8227929266028, -22.733230376559987, -106.38887297782715, -19.91057224288963, 62.75404504112585, -140.15113955000078, 46.0315453207897, 192.246321684738, 44.664205941479274, -7.406524410926581, -157.4836135557976, -43.1526609942864, -29.917857146931436, 96.89914800118643, -87.31829868762945, -79.96355330810118, 164.380507485788, -91.44623685231399, 30.900769440344213, 51.51685494623759, 1.0414513955344378, -50.77755422449276, -121.80115275364167, -51.60133477765819, -3.187413644910724, 24.84614292138779, -0.49781689227706544, -45.21232306313724, -60.13729639638877, 79.06926668427403, -123.26661273423679, 102.03902602156482, -16.528531416094914, -174.13363236044057, -113.61760605741836, -28.302593314234652, 42.40424423107401, -113.28135187123361, 46.02047816889723, -27.421657299980932, 9.261884900430577, 71.88611403731603, -3.123053351401366, -109.6278496746444, -6.549755892544399, -38.711198552843975, -66.40260232576158, 102.80389468953797, 70.23221770521691, 48.79546382216088, 50.03768231123598, -105.39000142168825, -0.6348772301454326, -43.87533587063229, -24.09143494872637, -19.304699926684652, 81.26439411392118, -63.085912280950964, -57.87308779531057, -111.14982973294573, -92.76679107078246, -97.966558402271, 57.17085786264314, -83.54903258984996, -113.19510610870935, 8.695766326579063, -54.48677738267402, 26.520305396596726, 33.91049151222011, -102.20175982780798, -72.51939673862213, 10.942324466845854, 76.74530981333137], [-59.69482918369451, -10.519744509084708, 125.89121596114279, 8.498758708446514, 79.64324455632675, 19.4486381975427, -91.63645292113615, 65.0337086321877, -107.34679491493038, 179.8114849621093, -29.750055666353337, 22.107059084910905, -79.5479903253206, 103.97037387178425, -120.07085628038915, 95.76386340392175, 71.22397397420565, -96.25774265722646, 828.1077966883558, -101.74575284272827, 79.28676460163973, -22.71421679910276, -30.653455727588042, 81.62227896987406, -45.609369336850435, -31.387346322645534, 53.527706064036984, -43.70011561940035, -28.2654572201711, 135.73399075279792, 56.18581078610515, -7.736476426515465, 78.42575318654752, 66.79113717181241, -5.4148671668713, -56.828133393708505, -21.62893718106908, -24.678307061687228, 223.19183746306902, -14.744162162279903, -30.093091557516715, 87.52241150294775, 24.236614921195283, -119.55573697097792, -71.23564906073203, 21.587853253140068, -46.51885785189359, -17.638454713262636, -23.124438518144103, -2.4203922053936235, -175.3041017167738, -80.98315768867973, -28.27905898697237, 59.43156233752547, 35.972345380501956, -61.76216406792323, -17.414858467695083, -58.316206843535205, -20.670791478916176, 143.27754367188933, 4.157479936985513, -53.304843323048544, 70.70766870717064, 60.30134886036579, 13.69174003189644, 18.402103652839696, 24.932918882382985, -32.56688998095, -27.616098116648878, 119.62126049537684, 30.179426932497357, 4.591516713745445, 2.5072454095258374, -74.21392680126927, 39.69439229670576, 91.8568294920784, 80.60101423175462, 67.22463652650066, 5.68631413305881, 69.09627146618872, -0.663357294648923, -4.782435818020614, 47.83191988861264, -131.6320829368211, -15.669738633622423, -28.00664681966395, 39.177549033995206, 55.0374966538887, -66.9440425001403, -20.302462778584374, -12.739683049196534, -105.0194925632818, -15.8609191900732, 137.01018772717242, 2.4340989436627622, -39.69415554463322, -49.62424684980344, -122.254484584348, -140.75049997360182, -62.876376932899056], [138.1821905482645, -118.21588509835892, -114.07234013765034, 37.95636507256649, 51.41448141199347, 99.05362479479057, -3.5900384451880263, -44.62543047356107, -129.1682014080598, 0.9063194381093912, -61.30605637540844, -5.1152455950065345, -158.02765922942032, 40.563830725276624, 105.86949242604922, -47.71592887733164, 64.07510920715897, -152.09868094055855, -101.74575284272827, 1012.1965706301605, 8.265573816093097, 212.21464316807098, -59.67504660583383, -68.07490434709486, -31.792470539516785, -58.80172080234562, 50.021180951857566, -66.55977151688137, -69.55118295889314, 26.32382327403596, -102.71880498937699, 5.460055733163823, 31.56725410219346, 43.68827932831015, 59.19179649191253, 95.97125500872502, -24.401458027794103, 79.98805215443261, -56.702955612669335, 92.27544300345716, 96.49033874710861, 3.1731369592174063, 138.4379631181534, 128.43147938031282, 98.15220388044192, -161.82546072953966, -9.955090297128903, -4.996763955828061, -29.132188631990495, 44.89949269892597, -44.59301672949538, -85.48760732811263, -111.41428045147897, 13.704729370734647, -54.46834738866768, 70.09226783333887, 32.338973031023635, 13.551608838863196, -97.2901441535178, 8.04273907252734, 12.736304713712544, -69.8096317360796, -102.57584865098872, -29.46107555799127, 104.11799251709614, -70.88502928779947, 125.77748155026703, 49.51659290272383, -63.37150431137817, -19.31674955581173, 61.15834126787485, -125.33446136879223, 81.5998238513611, -77.4354801107646, 28.6598819100807, -118.41287585155082, -0.5281489967786975, 57.21547475911079, 21.030015537380898, -137.3904681945238, 44.8290942762577, -67.43211094388546, -17.711793435854105, 50.08090036155132, -53.526209067178755, -17.127578027623322, 104.59434450142498, -33.06643525845466, 10.394412225011553, 140.95676308661925, -133.30607364166934, 111.12530787328045, -80.76556568201853, 58.573599087893, 81.146339796909, -24.334378866391578, -58.192312805128516, 26.701302066122338, 39.85509195892893, 49.20407275479227], [-29.488555342967743, 11.886101583183324, -135.22102371379623, -130.2385944398763, -26.673632675913723, -181.77558706674802, -54.03080479234277, 15.487323349758478, 30.577689002554376, 95.38888551762358, -19.693232035313855, -38.93205723142133, -55.585198797349854, 