{"N": 100, "M": 6, "A": [[[713.2708526875455, -53.44998494447968, -41.35545642137909, -83.13719438046742, -54.09630745582794, -83.35925146364472, -2.393103056942388, -5.837532289405982, -65.89243762803665, -53.81986761995937, -55.7251243618781, -4.407003212187472, -52.8082317820575, 48.54163667043739, 128.85509449104816, 69.3849514660188, 115.08970125413435, -16.223472611021794, -41.159422664363184, 23.877271467867324, -84.08834202633363, -31.504769059276146, 5.019898254407244, -129.0351097408596, 82.79835154497296, -100.01276839133574, -15.009381625753472, 30.100000047170177, 87.18390413367597, -58.835255306612424, -103.82501321910173, 16.166181868402614, 0.6796445331491763, 84.60365358288284, -135.80907780194894, -56.737920309656566, 13.722715600603333, -104.14083784915503, -45.83144366935484, 39.85782282867523, 8.613779087651737, -86.12873193473952, -25.25786582026658, -26.11127475063143, -52.762174118377665, 100.60816582343577, 35.65589425095974, -5.563610007711423, -49.294848098571514, 34.43915784715402, -77.55561266810666, 47.71401523713661, 104.4741848963505, -118.16282452345256, 33.78258004282729, -32.58788255118399, 102.54049480161665, -142.8942833414369, 7.976261024452959, 34.63388519483965, 48.39384469454083, 12.405452619902364, -49.933950871075695, -110.16014642352634, -106.57486158973212, 45.470266483582854, -63.42377133411736, 93.86272278263161, -46.07603707618188, -39.269633495138876, -32.95575780497915, 28.700902043794255, 21.234490436308484, -46.779594089995435, 14.578977651337931, -83.64399999248056, 11.183736715308928, 71.95116003748242, 47.901503102077235, -16.025131081233397, 54.66155508209797, 35.10191162819132, 51.03299302712909, 16.700067134356125, 14.342420038464358, 15.754111345050847, -159.73099418324094, -50.73771455634043, 91.00155146253472, 69.95243090811915, 45.987604620127854, 7.281180721340887, 110.80100616645286, 118.53642844872725, -113.37275187609792, -33.09278295861816, -123.08865567272807, 22.85783306290861, 48.19047378961103, -17.88031734061897], [-53.44998494447968, 568.9993602094315, -76.22941616562994, -14.78131819891446, -49.18352929904448, 81.99716495393949, -25.032824908132216, -15.24589768756519, -12.92893917352942, 118.92585563914045, 37.28258186387981, 24.348933266850736, 6.481435764404324, -43.41559686123614, 58.86425220322973, -61.452609587285856, -51.14319054093764, -47.87262488809292, 53.65007433784187, -2.1373907160913115, 126.34012524680179, -61.38027380906159, -92.8593897796186, 29.83034879463337, -29.119087096382188, -31.786553833358333, 36.64990919733345, 28.750966557122336, -6.484363104360283, 98.2869388862426, -22.916048862875424, 11.019544518055765, 13.262437298224855, 10.750671462236129, 18.66812079057462, -27.168105211895632, -21.858369897271306, 59.25794683714342, -60.78012714216238, 61.774651197172986, 21.480461673903907, 50.25712020798132, 87.70585348107002, -36.92191755529735, 19.296066488855512, -57.4610551685791, 38.770478432724374, 84.75095173568631, -66.17349270047802, -121.06947321142077, -28.776346727463004, -68.55332016421995, -29.17514003934317, -158.68932863751024, -91.95687222792421, 20.97770573990773, -49.15755122061944, 2.5558638141279335, -79.2480465422254, 4.281931911681992, 39.99827800102724, 49.72878197473374, -49.80294610153303, 119.96652835521384, -182.6710277593574, 23.90045377631997, 47.27393271399063, 15.442035903043092, -4.187338312474036, 36.110216895951716, -27.30706670675577, 2.5524547724493774, -65.16911228228072, -50.35291206941557, -0.4975224199861766, -49.20126204424018, 45.97617720434918, 43.87178766558669, -65.34310521488833, -20.431302848857744, -57.16051781465167, 50.927416151979195, -22.288746601978847, 8.998173639350313, -17.17797933509428, -17.004422091498796, 67.74640550069155, -43.33765460309107, -0.6664359191723316, -36.940720351954404, 17.598944033352318, 53.46029422870748, 6.64321728317465, -32.49689324628945, 75.65374470521186, -48.18522784358877, -85.4909487441099, -8.040837469464758, 79.65626781426599, -101.3009408305538], [-41.35545642137909, -76.22941616562994, 784.2077275028269, 90.62068142627645, -111.77689555580442, 11.491734948746265, 8.819692120802882, -59.49729004568195, 32.81396288022929, -80.40403407002465, 49.937597697357475, -1.5606087830161217, -20.502294395602263, -73.69784868332049, 39.120376292344766, -69.54550692684745, 102.17421219989289, -32.66211466525969, 93.10646530954013, -0.14485059298058484, -31.152350731719704, -4.679135697869349, -78.3768076194999, 80.02410415729621, 63.25613386963392, 14.163638812698682, 23.31379204308386, 16.479369135326447, -5.1131433299066735, 2.6668389156393606, 111.96466995710553, 82.31263915452176, -11.859163965615787, -6.614905929690225, 128.02581168285823, 71.82530401380497, -23.628214401747677, -39.865432999766455, -39.545742730687195, 24.57164696286177, 23.987781249598516, 14.712947899773757, 112.10284867808069, -30.14625144733616, -69.57558338709491, -7.237856533967966, -75.81126119791348, -97.91752820684559, -126.50526442252844, -135.3929178066272, 47.415073339969446, -57.41663460828508, 86.25292064040171, 164.85761457516793, -50.950581657209064, -18.200229182097043, -83.41296057393707, -3.959041246514802, 3.4730076218726573, 22.331050362559907, 48.7870962345956, -14.143399717674388, -3.5410806399454122, -63.820772626436145, -61.4917655094829, -33.35843839782091, 79.55618525750829, 33.10246584475058, -2.8862464437261406, -17.50802456800273, -67.8588123271996, -78.85339330346389, 88.21394805317821, 16.820315776139857, 40.66033589451832, -69.62399917077636, 41.15527648526755, -5.936575099944864, 38.94407122408224, -21.812456292780293, 14.62466033368115, -28.78400781592441, -9.037647989739545, 39.561792156639726, 38.82783318896536, -56.81095491031407, -66.05946309482681, 72.90874199170801, 151.16797114685335, -56.78876218237219, -23.30132453266377, 43.300258531164594, 138.07076795614296, 1.487574209520323, 71.09484479350904, 38.83967478426663, -74.44817954025676, -80.4433566001542, -12.477674503244321, -62.71609440507743], [-83.13719438046742, -14.78131819891446, 90.62068142627645, 705.0001078313363, -23.19028785395668, -30.687831703961855, 14.041352105842954, 57.03178601037144, -86.91417361170801, -21.062142270202784, -115.94481863676295, 47.50098371885176, 38.86676131433509, -43.296621322516096, -86.88614926280061, 40.56710863488132, -48.905183634627804, 125.17096461830162, -2.1510233978353095, -25.15505496035139, 120.06485495320136, -18.662458231708932, -152.38128143081826, -35.38747751065323, 59.700264372002714, -26.15707559706444, 14.662687580183876, 40.75726120380909, -64.43293758776139, -68.03318335857054, 27.70910977416591, -46.96862734838322, -8.862777617472647, 31.50259498969603, 21.235004444453672, 23.6506290912415, 29.175824137690377, -28.108252137925504, -19.101211684420896, 11.503184503107581, 120.78474210196289, -111.81564732481579, -46.20085079736664, -30.158823733882663, 49.79141950648074, 26.357339584404503, -53.067864322112044, 8.704286720467751, 54.69943620909999, -82.9346530689422, 8.153246085768732, -37.99235106735066, 42.41004545369548, -18.807824113182793, 17.21747146907599, 20.75115575353024, -102.68890664754997, -3.5276856129927094, -30.59028252097439, -76.72298386646654, -39.74269289890425, -86.19419244854326, -165.58141430148962, -3.364732120081773, -59.54791436364456, 6.470166440407794, 46.792662109081874, 52.612665438986255, 80.56131467470118, 76.58816782476205, -17.975374763882442, 25.811809559880185, 32.8467064773552, 56.09099511996389, 12.419304591953743, -30.299554718244558, -36.739791230520936, 74.48923560256597, -3.29212154996775, 105.39892838724607, 13.916319197916122, -52.50891660962032, -61.152454242376436, -33.3905226640004, 56.03986038952424, 9.974192959637335, 68.21050573065244, -3.67186769189064, -14.190340313917023, 35.29021474148132, 16.49827593157517, -30.749895633295264, 84.58617516884789, -49.94054780859767, -55.9460537069431, -36.76326950425933, -13.363151024756444, -37.39501467088104, -100.75161929815076, 20.952781709604462], [-54.09630745582794, -49.18352929904448, -111.77689555580442, -23.19028785395668, 878.5161909176982, -73.35758609415085, -2.5000882580548573, -16.79228577199357, -33.197366518453364, -49.71594314238537, 64.1480955965266, -19.169893021770807, -11.027613424511339, -0.7108826156632225, -13.176127553735347, 47.494996932231835, 23.550859438145736, -66.68462438717691, -63.15258910094208, -42.50483340545465, -71.4967368979639, -90.18519713969256, 59.923079690453626, -12.480083093986773, -152.473705333581, -11.157380301296323, -92.5300250229315, 32.577381571890584, -92.2614939045037, 40.8474512370157, -160.3871958204532, -99.25626325690895, -114.44776380648948, -2.8976918476312084, 117.35002090320071, 51.476219973666794, 3.849501481825956, 25.41337320715576, -7.931146874281402, -99.92623290822783, 26.378664578101006, 9.241727755300987, 8.418331922565018, 78.53800052410071, -2.543585848201289, 0.7004317399244804, -135.60120596301448, -70.63985611948237, -29.89656523846913, -51.08408646369583, -71.17286237962334, 45.739249534864676, 61.13425190427487, -89.29022955500123, 75.98058455514092, 12.412918806205369, -142.06901005186702, -43.598037604750765, 67.32978174526932, 19.830133454497776, -11.358855867937596, -78.11344944139368, 107.5980037054947, 119.86910182567307, -57.91383582687747, 1.364097772688677, 41.21340873813409, -31.297244791085532, -8.474211701016834, -89.33746449201281, 32.814822250456366, -8.309270763108351, 17.626186829180295, 2.5589904039007125, 132.66836247916967, 77.21270931305646, -19.358500028994243, -21.119248377174475, 4.904182441696807, -36.0311324272918, 38.12993206235992, 5.737801298291361, 53.205785199213224, -37.22964179354312, -32.05491596360788, 107.52244776468882, -94.42333426245807, 29.955455077895763, 15.961537821702127, -32.949813228525, 54.69281243654116, 56.96063843580986, -108.95628113246798, 87.7905950251148, -89.4633950224789, -26.283979607659017, 112.28129650948284, -76.31850992542184, -56.45443509634324, -41.85376372290301], [-83.35925146364472, 81.99716495393949, 11.491734948746265, -30.687831703961855, -73.35758609415085, 959.7658141697779, -38.43472833920587, -54.91291977937293, 53.03326599476282, 107.43373205515573, -88.65999406998634, 1.5676959631879726, -8.345870982191567, 18.041408359102952, 87.75475754256951, -1.2421365371064206, -9.621670948470262, -84.95037439798348, 126.64504485995693, -151.5424727208188, -30.918611758508305, 83.47067314988522, -5.6001582833388035, 32.67361631188586, -98.50926003497202, -37.714775668773584, 22.522208395185537, -20.994784777250917, 28.44439754629824, -59.3735184417994, 38.813624129617054, -49.16572896404589, -24.349365858143628, -23.148240447181934, 54.69898293570829, -21.441639755041912, 87.57021868553315, 121.41467942220723, 8.143945159766872, 7.839764727071217, -70.1898627075411, -65.38221474683674, 50.1823888928962, 22.36695133892277, 111.4848698634902, 58.03528421720692, -62.908856799837146, -107.7023050444378, 22.728453666220833, -3.6441605759374416, 25.63479551776934, -42.00094034122577, 48.99287035091806, -17.958822222305265, -4.431677759877873, 29.98252747907748, -72.29150737974912, -67.56448767320113, 11.474794617285982, -38.19831097163884, 11.165633454945445, -1.8875677485400768, 85.10824213779176, -30.025313549844622, 15.278585744566644, -6.735487813887243, -26.6399382800224, 80.95055318474063, -9.242035950782448, -4.445898309882944, 54.5485841566332, 90.38848607827323, 109.27254875300284, -58.74276443686172, 53.96841648914472, -2.123402504946855, -77.16911972951927, 61.753373910537306, -19.06941011374543, 64.50794763618347, -54.396351808851115, 34.901368622441744, -40.23007138760634, -52.66187221339038, -45.09017375291922, -103.12866764743544, -14.280417229678259, 108.43858252471743, 93.06222516166042, -54.43716726258191, -16.981318416352078, 136.70099062181822, 66.91026534874077, -79.81111323694282, -5.0581143940862034, 2.3736447963959013, -37.54351272356118, -8.43468793522119, 25.59042638961202, 60.958451649697686], [-2.393103056942388, -25.032824908132216, 8.819692120802882, 14.041352105842954, -2.5000882580548573, -38.43472833920587, 819.7183837962511, -46.84452653105663, -46.825171915858114, 5.048828855692842, -88.4867427564417, -48.51822757039011, 79.38521319504795, -69.60356315986523, 11.778010693947728, 94.08814020939319, -152.58373202591497, 46.81784051314057, -0.15644549691152543, -1.5344355090124482, -82.42459724430437, 104.38088541227802, 85.71890634722327, -56.61699182483707, 2.927032460753532, 48.815358118522305, 42.2726221501831, -75.52293215048341, 54.965605977407, 30.505717623783756, -79.49531393662286, 87.90306722749717, -88.31671172372741, 40.280187227137475, -19.043168670257206, -20.809152806140975, 144.4711537470974, 54.259389168786, 18.828542938431088, -124.33517574845467, -4.389140768079582, 30.723366378550296, 92.97354787482804, -46.858838765516, 31.236085348434734, -2.19895397131235, -84.13556408322597, -18.4945446760472, 23.84709763269257, -15.668243818268543, -22.179254335965698, 81.86176734863531, 77.27094645096388, 6.352864209146767, 131.09517341334865, -56.05502792730541, -16.303017351895136, 49.612877909493456, -42.34327331790226, 63.59143089750013, 150.72770474900014, 0.3571656452334988, -40.83644397115205, -84.33215584821488, -102.43441800640227, 61.323028583145934, 3.3146091600959124, -74.43781214116946, 26.369189452383626, 12.912804167695493, 0.40058593791484426, 3.3312009102439726, -45.23187761524791, -8.732902308465315, -104.47379728416489, 6.969698810851569, 142.29749916716304, -36.68068247927495, 62.41586725242599, -74.2611613418373, 11.762437961262187, 48.82655762720097, -37.088707454699104, -43.01791576492337, 9.656688363104173, -54.789943780513646, 78.6734387101349, -98.04672553363687, -45.84353199572192, 130.28345793275528, -35.53736213788163, 4.452052926798725, -34.4088587042409, 36.19004828853909, 54.91252192168468, -32.88768478409845, -10.451107891702225, 7.495889282037491, -4.858779607757724, -6.35928737669714], [-5.837532289405982, -15.24589768756519, -59.49729004568195, 57.03178601037144, -16.79228577199357, -54.91291977937293, -46.84452653105663, 953.7373697784443, 47.697836683709646, -44.08940533868684, 22.459236861267208, -95.64855378605824, -35.55013328626806, 58.739148779444164, 20.179785226012104, -76.9211606465576, -41.15965696848374, 92.48804605195188, 91.40189533934347, 122.5221239130901, 30.612616330046112, 23.929338667795637, -48.68884292673436, 173.6867156639551, 67.47929863340411, -63.19780496996473, 9.388251294782805, -4.5725672210740065, 33.01541665542021, 18.836837003706243, 3.138185903695536, 2.075142543787746, -112.66139730411341, 85.28098351246727, -52.09433587643659, 90.7641040744187, -58.94013946370872, -131.9568206127583, -2.611877158819246, 42.62535351991611, -12.497280598526359, -7.416853653557527, -30.71130710686903, 52.9507130909458, 19.24555954513751, 41.69546789470448, -97.48094156463904, 34.25468967517433, -80.95036521477871, 197.08590992410728, -218.29207308983231, -117.5563817430768, 42.72202465966234, 74.40803958717709, -131.93684072041356, 21.838492388880777, -4.92349698020132, 37.223761014606765, -109.37871316742812, -25.10994389273948, -115.99887232459763, -29.345129772396216, -49.87818268321823, 104.98106182027674, -52.515546492119306, -36.20327614335888, 25.2361265922375, 54.80919085907815, 2.4117543559127306, 23.720636523832518, -63.54329905963056, -20.184356512697626, 126.3569152835105, 78.30678554799859, -37.345869444061556, -84.06776389305891, 77.70310714953858, 47.461012917899524, -105.92782835871311, -47.53944084640745, 52.73089304559953, -170.54334753108026, -104.10930849566948, -87.97568480262802, -40.63555712398084, -76.10025275359598, -20.947076957693454, 53.07681378784766, 38.782369609666496, 15.248904213551677, 25.401412809839506, -82.9542500548862, 93.27390943921027, -66.64292217882374, -30.71255940396499, 11.699264351434202, 106.41820524538521, 69.44831755171738, -66.89011521373729, 9.608696376413326], [-65.89243762803665, -12.92893917352942, 32.81396288022929, -86.91417361170801, -33.197366518453364, 53.03326599476282, -46.825171915858114, 47.697836683709646, 689.7253996286454, 20.838619758012854, 22.54087601483651, -34.80249691258511, 9.250379817384982, -104.855325329176, -38.30381132492677, -14.048664981659211, 79.63865334059055, -120.42129031932745, 26.770664923241686, 72.80409481859142, 3.015679467160654, -26.28602048440173, 2.4056896663880436, 64.03366780916473, 50.190330135069125, 71.20702163609565, -5.582874532661671, 0.5346247180621495, -64.80242991127103, 6.756569190004311, -63.69470856657005, 89.15775713286179, -17.82655229469806, 18.733658820724937, 99.63574149391927, 13.4472275967408, 38.97606297999419, 129.43053309603926, 2.361634244291, 45.71625403045961, -27.966657894080857, 11.21652974015317, 9.697025892475414, -56.72034370983634, -162.16413536730155, 71.95322777366114, -19.52910381239141, 19.465446262868475, 36.08261261284425, 9.850357591530479, 57.00724909329417, -21.96927774693751, 89.26683041266996, -15.971640888340751, 54.28597453899564, 24.845487964094325, 164.99581550393862, -59.31666598446356, -30.931947629590265, 42.13622442412365, -13.590231442935492, 43.10127225631469, 29.172532035481584, 28.586396206435197, -55.66068223829123, -43.3760864315281, -30.403123893900162, -34.8208722964484, -124.75372163298711, -23.708891726066078, -111.45488551919243, -9.949416605319573, 4.638596860832722, 69.23727514918484, -69.55424844202656, -29.64192459887421, -31.59569178355661, 139.0081942426403, 18.18505769927403, 124.96210357634882, -116.69680988063016, 80.97262198474867, -37.72509548243414, 22.140446933280433, -98.11437114793512, -18.132301245428526, 11.766248938798705, 21.87992720728399, -134.3559072971629, -76.30509996256983, 79.29691523276382, 10.278064315404288, 9.728154351064635, 111.7989240347023, 56.41483877678667, -42.83371220247238, 9.52323270415769, -32.40412717347209, -22.694770704507803, -48.22051618362165], [-53.81986761995937, 118.92585563914045, -80.40403407002465, -21.062142270202784, -49.71594314238537, 107.43373205515573, 5.048828855692842, -44.08940533868684, 20.838619758012854, 859.5022911537608, 35.92388625512877, 9.20968084017113, -101.24537562235987, -137.35257625954242, -48.1860374594223, 26.097787531004627, -45.05366434117266, 19.41241572822868, -32.74027979447361, 1.1736473227227862, -76.2970314024651, 78.72007583591318, 3.539679892399302, 91.95293986594989, -40.176309931398634, -89.33186829009148, 104.46465231618474, -96.60229778282277, -33.86254559785691, -4.782362098456468, -47.400048195692584, -54.936226005852966, 106.45304232860299, 94.26228832282354, 35.64839193521996, -34.603522530465895, -12.093996397168278, -0.579961380655302, -58.90229943800082, 5.160734411246271, 71.37656055355106, 24.163419138880993, 45.2540347274478, -60.98518246130106, 30.08528658987426, 11.41884212302911, 103.67583540836544, 25.29853047217636, 42.53106044968477, 31.561127614186027, 15.976755896330673, 31.685784663012544, -40.71548264279153, -18.34159912366184, -96.03594724578817, 53.15037784363356, -30.260631947304343, 143.77353059308135, -43.18233753173898, -31.89090127076268, 87.7245629746341, -45.69039799579221, -38.61278714476873, -11.106059755495803, 25.507314246122874, 28.33646160081395, 83.82823607315444, -42.77741793587737, -64.9927195765085, -19.976858788386433, 59.9106328849141, 46.955183662950596, 3.5998703752820504, 62.07948019365033, 136.58199764828407, -145.97538917710662, 71.13256129028713, 81.07979607371948, -4.445013540180371, -92.31987283226378, 39.45138386587325, 61.87371744328648, -0.6325223925026108, 59.16709506518856, 11.284110861330909, -95.99053059623859, 7.996728230585024, -118.98506541333661, -35.92033043079781, -3.351226276128313, -44.24486700835402, 24.826696493998515, -6.220702445865774, -49.77407113771239, -12.543995268722398, 57.84281765918929, 170.79059772278777, 3.0001599586699514, 3.1465269873589423, 135.89744642987827], [-55.7251243618781, 37.28258186387981, 49.937597697357475, -115.94481863676295, 64.1480955965266, -88.65999406998634, -88.4867427564417, 22.459236861267208, 22.54087601483651, 35.92388625512877, 812.2742331558967, -22.42546489531268, -74.13944616111029, -78.81620935389003, 14.968898210612902, -89.9954156814151, -62.927746895982516, -93.42547472334361, -140.48557046083906, -9.577114593756384, 50.6682931138684, 5.533975380987738, 14.425443118584228, 1.2227063410141288, -34.78541357541587, -7.723653594512163, 40.15582779444112, 99.42853620969011, 28.28645352288959, 9.570030497163708, 5.938694234097963, -17.407506704137433, 24.788660946763624, 29.44308529537586, -20.39885342299485, 19.157519507494673, 3.9925140604724776, 79.60698366328654, -76.67669598183222, 8.936513181434334, -13.282417745670402, -19.671309602620113, 22.2655943544945, 38.24147727540364, -93.00708144548304, -68.35112488667669, -11.128636258680146, -7.307567666397893, -16.709100975634442, 13.70286026069797, 43.92817393107815, 25.674366466160034, 120.5232183447685, 64.02461989324881, -34.70408889653742, -42.00138639406902, -32.58940014469019, 78.59941556059786, -104.10826765672245, -12.452815175450274, 54.331369216416, 24.98742008743377, -25.17784185747503, 33.51312959656971, -89.01877201034947, 169.119001754184, -2.471991755600713, 75.57260890303932, -84.27357979378702, 66.09523738707658, 30.9280746727652, 98.79684026645221, 17.99967117145952, -71.84741933980946, -63.90480510617199, -39.6484450445716, 0.013411313355586015, -17.24306028810507, 46.0657204174105, 0.5025157897271395, -65.67298391410269, -7.45068568930963, 35.99376848094727, 57.74143457977203, -94.587033189673, -80.04848311701845, -51.42289147510904, 78.07515521144595, 37.431503524440025, -39.951441407174215, 18.906206473404474, -141.33020623632015, 101.1495323067747, -55.0381245906477, -10.204508217111062, 4.6276068203636855, 36.10406407612419, -20.73012525051807, 27.624164888927346, 136.07478982905346], [-4.407003212187472, 24.348933266850736, -1.5606087830161217, 47.50098371885176, -19.169893021770807, 1.5676959631879726, -48.51822757039011, -95.64855378605824, -34.80249691258511, 9.20968084017113, -22.42546489531268, 686.6915535125898, 17.01683506262237, -34.70034937699657, -142.17447654217744, 72.18097592483669, -63.651722786352266, -84.13260655937641, -14.76776133023666, 0.6973555751372568, 79.92655694598817, -11.838519080298486, 10.726456086950307, 82.45662130812076, 12.147088587508497, -17.613395300657146, 8.239860620476108, 47.52479787689395, -40.420829833964, 50.53515220425563, -66.04636218889223, -107.91913539657654, -48.47193435719712, -88.17737183796639, -16.490868816398173, 14.359882862403813, -26.713804384700993, 53.73164157280888, 143.65905500905222, 85.3962498693817, -38.76939435710389, 0.8509783458306043, 28.944286026152437, 156.61755702588096, -57.56859698300263, 30.761070440010645, -19.04274844153521, -59.74950036340691, -74.10771393608104, 65.79553625180836, 64.13742534802745, -58.78797856271365, -29.855003871915123, 71.52596058589558, -51.69027282721561, -6.780542448725546, -34.179382398524595, -49.01862307892153, 6.820213259215761, -48.004329653912855, -92.82295670505219, 3.2159551187791147, -56.7299779281846, -83.36886403654043, 14.100322519223923, -107.04287684326601, -76.0985051161176, 50.656033103409456, 58.27443556484545, -33.727306097748745, -110.46255075827135, -53.681984803560745, -46.12024920518193, -82.77635251472387, -25.520826518402913, 125.0243362666394, -62.802253055608865, -8.105045359587333, -1.0153241958881019, 22.85047501375326, -3.763951579201822, 14.890944394728802, 18.10810780982232, -64.05728648176088, 75.40398912837763, -59.154224297908456, -55.38188604905826, -6.949184409966598, -23.65983159373404, -62.357074557189975, 7.161312011445254, 58.265830251285415, -40.02014882802871, -35.70724854600766, -5.630458954938966, -65.43340828471264, -59.444030234499614, 55.99548130712006, -33.547574455788165, -82.7702501235564], [-52.8082317820575, 6.481435764404324, -20.502294395602263, 38.86676131433509, -11.027613424511339, -8.345870982191567, 79.38521319504795, -35.55013328626806, 9.250379817384982, -101.24537562235987, -74.13944616111029, 17.01683506262237, 886.3789585203642, 31.965891314098684, -64.68456981292914, -98.62555661172966, -3.603744323568389, -57.14331902826268, 108.65261035768806, 47.525440073894, 20.012471733654785, 132.9453639497684, -28.065393530517678, -54.228198065192785, -77.69371698804022, -101.72128028737984, -33.387204027612036, 71.7512625140332, -40.461756344976465, 108.64425546036566, 7.057912785812514, -91.84516851663446, -29.70383773067902, -82.52022585095011, -19.388409920793638, -20.387325025734455, -34.781111894827106, 7.835092206956037, 41.0699777179573, 23.89506071401122, 70.5195932441473, 22.27086265153594, -107.50181935767144, -56.980561926662986, -55.33580099882149, -10.73626799086367, 18.649286030275217, 18.424226712705984, 15.086928019997925, -44.60113926432742, -78.23608038564124, 21.015072953992522, 100.64652538805528, 31.599761299104017, 16.661925395177157, 94.69930449562412, 78.32886099899389, -28.768852987330686, 14.91013514502026, -6.052272257293514, 6.6155013169369115, 26.234597182809516, 98.77743582914114, -44.34045832956179, -14.134013673690136, 73.06147537487126, 28.21870955689906, -9.772913868792063, -14.843660635925868, -38.900646961981025, -128.56161719886222, 0.6372764458882358, -54.59781169110338, 20.32255712070205, 219.13626378222745, -59.15572082312551, -19.63031666027118, -109.2827752689071, 104.60424209769468, 88.37744620767965, -143.04683001439625, -27.720708913281317, -78.5182330329288, -139.7756702078538, 89.53228363054633, 125.92913091658383, -24.667569858925102, -85.89081892355374, -49.971223874023515, 1.0289983158371443, -91.08202493334242, 5.068778503309135, 19.497821603995387, 135.45198653007662, -73.52631638511221, -20.4717110106221, 12.93348375603193, -37.56809657370088, 30.021808223025978, 47.452472561265296], [48.54163667043739, -43.41559686123614, -73.69784868332049, -43.296621322516096, -0.7108826156632225, 18.041408359102952, -69.60356315986523, 58.739148779444164, -104.855325329176, -137.35257625954242, -78.81620935389003, -34.70034937699657, 31.965891314098684, 680.0818842980713, 31.062775130957892, 20.386687076681934, 64.37071464394894, 48.511421752233076, 131.30150389795003, 71.30839810016937, -23.292410223441053, -38.07864814337995, 55.2698977586427, -89.00740786177003, -55.07687842404471, 107.00013740407869, -82.00814620168241, 45.536325429833866, -10.207505234038885, 20.504845414118538, -78.54914203047211, 34.24991480875573, -56.07017833056326, -37.26270263006687, -65.10840142479398, -19.258848920443352, -156.01632697786582, -105.32249215676379, 83.88864712695887, 68.68280415084826, 8.92507606171613, -23.689955987874526, 0.38896426183944693, 8.2339151595324, 90.41952686147671, -7.968572474301527, -106.43659930150645, 11.802591188955665, -120.3901439469645, 67.74569591594974, 31.80314963782133, 85.55057091954784, -92.32909521174898, -34.81050931185654, 1.417531107498277, 49.37538080553048, 54.47634417687619, -19.416388957046337, 135.61252176746936, 9.590543938761412, 19.450581215684352, -61.90506869296967, -21.16874367999236, -49.051584525633665, 34.96928834134203, 31.20731712961831, -145.55887495788772, 103.42916482399484, 6.650628663012643, 8.722961812638735, 42.34473480195916, 13.521243655695974, 64.22125486159479, -58.26079020171415, 21.186261982497474, 55.32666848420121, 23.395012151584787, -46.643146294913294, 42.10116886364868, -52.42430057334571, 124.92328285694065, -95.42744662714001, -70.96071776691788, 45.46635934238718, 7.30154178171355, 64.92595380267011, 13.830052323890294, 116.5215946308844, 84.07343453870863, -19.115987307714164, -15.635622702768048, 41.53992010254114, 71.1579749543195, -22.430847680213038, -11.46524986878692, -52.957633880568096, 14.935223328346632, 9.783989847248325, -71.60772172213746, 88.5923973562666], [128.85509449104816, 58.86425220322973, 39.120376292344766, -86.88614926280061, -13.176127553735347, 87.75475754256951, 11.778010693947728, 20.179785226012104, -38.30381132492677, -48.1860374594223, 14.968898210612902, -142.17447654217744, -64.68456981292914, 31.062775130957892, 832.8303723401974, -22.881415936873417, 8.168596445666264, -83.46396127616967, -84.84584577504828, 6.7094992063307135, -97.74743817473012, -77.16567194400037, 54.26488462805464, -60.50193774869899, -6.517195466682552, 36.28558393027033, -10.54163063800347, -37.34589972642404, -34.38541474408395, 28.484958877568427, -37.864666879452, -44.071794890706194, 142.55487347805817, -50.336161592077474, 91.1936263516378, -47.75598400411424, 27.348748778447227, -38.32840549496916, -5.477082553885865, -15.358203202596624, 68.28823518175888, -103.39681712552114, -78.97191636992659, 27.837188060872464, 34.90330233164004, -102.87828928419026, -16.10680841029707, -53.2812246056818, -173.39168342875294, -23.018326188418882, -17.694914348054244, -111.56024428942034, 16.12472650483662, -97.16910336192203, -57.36310064055621, 13.436666715828535, -73.02434068245884, 110.29881071784888, 80.99080167710203, -31.340888267251852, 87.48308347348828, -22.587495192104328, -52.18679075268189, -62.31075126698978, 1.9206409016659343, -12.278438426870173, -52.796356420691744, -44.76495373425692, 1.8642864382549664, 25.67206295229536, -28.797863140315656, 60.789462502364664, 64.02544381616225, -15.709497116990379, -58.49261912502635, 20.029894820975496, 15.367022761565465, 167.29213788934496, -8.177928409134601, 81.79666191736958, -31.10896875945809, -25.040651559523777, -40.84927064578596, -6.743212363318792, -93.89715449205387, 44.55413785605805, -42.23911126954865, -7.035961958315244, 35.407248356592525, -98.31030318791493, -15.253202783263868, -78.6922758265458, -89.14231173389705, 6.587060249907194, 59.8249947195699, -44.83303944602647, -69.99988443012381, -22.043671324744125, 43.806308193895575, -41.04789380130921], [69.3849514660188, -61.452609587285856, -69.54550692684745, 40.56710863488132, 47.494996932231835, -1.2421365371064206, 94.08814020939319, -76.9211606465576, -14.048664981659211, 26.097787531004627, -89.9954156814151, 72.18097592483669, -98.62555661172966, 20.386687076681934, -22.881415936873417, 831.1342914590673, -11.715082614200254, 33.98215621786477, -62.80673015537005, 77.05616675628234, -7.629204407356617, 16.830755014089203, 104.51160757037505, 4.151651892392034, -8.815752791325723, 36.54967236507186, 147.19682817383492, -31.576195620913552, 38.69484714197418, 32.48422673228803, 50.94100094008991, -27.088841116887984, 107.86754520807513, -39.25675106740979, 108.47698892480817, 79.07272181687895, -55.98009624202155, -16.055678321571076, -105.62087818777911, -70.5150120776166, -129.6219161324906, -28.945632069347155, -0.6459496824413513, -3.0139371505154546, -97.73583776675586, -12.614103428051871, 94.6029334316366, -71.97541414751741, -113.85548133021913, 44.299692127481585, 49.054279033496016, 44.65596543281757, 137.81076340577894, 63.74523396390321, -57.68921675212881, -79.61937571501464, 42.60859104458214, 74.12780151179629, 79.43683228426424, -18.22004170692874, 93.46639753662109, -39.261964373749365, -49.96185027395203, 3.9103225000091455, -10.876994011682223, -54.31094331936061, -46.25148219861938, -97.78214194615182, 3.144858030037914, 66.49413804925744, 90.44314632904558, -40.959652107093696, -53.98301653158766, 10.738255591549073, 95.9702789326037, 21.28607959022418, -80.84114443064051, -68.9793619762768, -44.04378242860918, -161.19393440101072, 37.587388297804985, -20.404805268714455, -11.395922794110549, 8.454778244750518, 44.679605129189405, 55.14314730021602, 63.02858779334788, -45.02753818116242, 15.8194475866536, 78.77841998646025, 62.42345138466299, -23.97051719750963, 133.51163336004527, 30.75134177700278, 48.89728180489839, 15.209336876566642, -17.632489287926003, -13.029289117484499, 34.63807610004719, 5.491729716205311], [115.08970125413435, -51.14319054093764, 102.17421219989289, -48.905183634627804, 23.550859438145736, -9.621670948470262, -152.58373202591497, -41.15965696848374, 79.63865334059055, -45.05366434117266, -62.927746895982516, -63.651722786352266, -3.603744323568389, 64.37071464394894, 8.168596445666264, -11.715082614200254, 803.0301923734559, 7.6244890821318565, 39.188270726436144, 31.464637974220203, -69.42566280350157, -138.76748693815628, -110.82610241080229, 3.1915154584544316, 2.4236153270211473, 69.71587225463311, 28.113332066696067, 97.96017839946728, -75.99492501872159, 83.66613356415132, 69.39588063189788, 60.10089217916238, 71.25042531915385, 12.542166941925826, -31.096315166181054, 148.82842870572958, -14.596496315411414, -13.341882109637066, -188.1292078423093, -3.986785562089564, 113.18332991019258, -81.46400161668554, -97.04681135684372, 29.868952953737228, -123.40492311275794, 112.58522831785898, 39.23717537866773, -21.400014923172975, -76.55819525769297, 102.355671528671, 21.610569209429524, 9.557760111259274, -26.95124145145474, 41.263279045858795, 66.98665424653812, -37.13576521550463, -31.35998372237423, -147.95285084179005, 10.327699476892077, -79.37351819008077, 44.942984524215426, -13.75894122274365, -3.376499939132108, 23.607422419988595, 112.97325169124943, -75.79960980793545, -17.759079720261234, -66.83693660069767, -134.45171696381587, 33.076428360172756, 16.761510277472475, 5.199474638695093, 23.115323727118604, 4.028525907807576, -3.8374389528918598, -26.63273191112293, -64.56057971252764, -4.641773967298321, -0.37410417789485007, 169.67625350177826, -68.96579135410828, 14.385771777787674, 24.418555294161703, -99.9785931791204, -33.313815139225056, 71.69330399339671, 36.706980514022874, 32.8538359055279, 103.89362467947666, -36.53927035062431, -42.224513440852625, -111.95201026966842, 32.51628973110874, -26.877771279692663, -127.63874322103052, -17.415288892661177, -63.40847729303575, 12.183426430646884, -20.59022837305744, 25.247630255335718], [-16.223472611021794, -47.87262488809292, -32.66211466525969, 125.17096461830162, -66.68462438717691, -84.95037439798348, 46.81784051314057, 92.48804605195188, -120.42129031932745, 19.41241572822868, -93.42547472334361, -84.13260655937641, -57.14331902826268, 48.511421752233076, -83.46396127616967, 33.98215621786477, 7.6244890821318565, 730.5094636423406, 57.7829933754308, 15.842872572352794, -33.250214302813724, -33.03717805097924, 16.32744370860423, 34.48897820681557, 52.491281468897014, -50.81364241190653, -34.284688076805864, 71.05842230334373, 88.63188497421045, 50.19397403089211, 85.46008721718489, -58.95649513058948, -7.6678531485602885, 1.3730636131598635, -130.25423545899565, -147.26298753541698, 62.69059321214664, -7.234247891344152, -5.584719684316131, -161.50122450176875, -51.79524877270267, 53.462116638928954, 29.89001969232735, -33.09357519849212, -63.31817155550858, -5.839441006987798, 5.793079543855495, -67.29058829580454, 61.518864397536575, -16.789531946329504, -90.06179435443075, -69.66605175931915, 5.620413178098488, -68.25851064785309, -109.89697015459659, -70.45503035984908, -50.316344829223354, 22.004163755016762, -33.450299947074505, -58.24927632512704, 48.93519416820168, -0.9257693958308307, 39.72249286368878, 116.49499468543851, 13.684176422952284, -32.003602204421135, 57.79876544212878, -57.66526673375047, 18.139900338872383, 4.25124121650028, -68.5793736781495, -74.14716331320284, -80.55706819808013, 5.815195224971236, -30.299845399710364, -8.617283545249048, 89.29407402593436, 84.5153825837179, -44.960553598680114, -28.88050753974039, 58.386507061356426, -58.5869238200661, 10.74482081904891, -15.883203079044355, 34.86971214019569, 23.641146708586845, 25.075942052832513, 46.17644454120795, -33.12248010860812, 34.548539051692934, 5.92678403123738, -30.856135248693064, 57.04741181606292, -40.16290322770631, 14.650741504764426, 14.938485716748398, -29.225676633934796, -10.669601009471902, -39.04338976058891, -57.19947864343757], [-41.159422664363184, 53.65007433784187, 93.10646530954013, -2.1510233978353095, -63.15258910094208, 126.64504485995693, -0.15644549691152543, 91.40189533934347, 26.770664923241686, -32.74027979447361, -140.48557046083906, -14.76776133023666, 108.65261035768806, 131.30150389795003, -84.84584577504828, -62.80673015537005, 39.188270726436144, 57.7829933754308, 810.7160625037338, 111.62632709870597, -3.2583317341905387, -103.06348678531405, -90.39991975314743, -33.80042047720541, 43.140528422096736, -9.360294436664107, -15.52977906874157, -91.69336138622292, -71.20615341633197, 62.21498520428923, -45.23273323296453, -59.37198894766877, 100.39803728458784, 33.66863170517809, 44.379582847543794, -59.14096523041655, -79.63503326430956, 21.83087618836193, -23.286725088029804, 45.46305485856307, -90.33792845517095, 18.419301496293492, -33.85339445841615, 79.53468195587283, -91.3334704859941, 60.29580220036587, 13.6680445708132, 104.52312006669267, 26.246314637970865, -51.45728855498143, -162.99565516029574, -47.139013682541936, -14.348396090393928, -79.3612010328983, -18.42945615693139, -103.04185662145589, 13.009843405547969, -132.2550026016244, 27.861331768365268, 117.93629153716734, 36.531099862744206, -46.067541251906135, 26.41226987339075, 28.845724923106847, -30.820399358966334, -27.035091005264764, 47.356253140928864, 92.15424270438322, -36.636947091413006, -18.798842925701237, 41.264294977510616, 26.15776148219385, 98.41385382642478, 26.665724429872814, 33.05011917416204, -29.502184354425946, 127.14867709498527, -66.35252561456102, -35.627019289441066, 133.47519747429027, 28.891057904427523, -18.032605634915452, 59.890102895677686, -50.788366344333824, 52.233492006827056, -97.02420693779654, -44.95398942041446, 116.24428518889147, -105.08194407325387, 10.343661857912737, -37.17892085697865, 102.14073600314677, 37.20593412836948, 220.80359860981827, -49.87169504723074, -13.49464589728502, 14.062585956207542, 98.46568724201065, -8.314602054490242, -0.12853933177893873], [23.877271467867324, -2.1373907160913115, -0.14485059298058484, -25.15505496035139, -42.50483340545465, -151.5424727208188, -1.5344355090124482, 122.5221239130901, 72.80409481859142, 1.1736473227227862, -9.577114593756384, 0.6973555751372568, 47.525440073894, 71.30839810016937, 6.7094992063307135, 77.05616675628234, 31.464637974220203, 15.842872572352794, 111.62632709870597, 905.8647115282329, 106.01970829104867, 45.547904275438, -31.115451055706277, 7.8858903830531775, 14.265362534334214, -36.225597012440154, 7.044005559607192, -66.36056246762843, 23.127966706005612, 43.064259919979115, -123.7818342788765, -32.41430587941808, -1.511456595854833, 61.891645170252595, -144.91434992104905, -42.9098419199141, -13.830265633878598, -112.2759054598009, -49.72074188030871, 63.66827475502768, -122.44732566716054, -19.32980999222096, -12.905683065013537, 18.169366083188166, -99.37726843644197, 132.1175666002266, -41.52328811236272, -35.56636787813199, -64.15370476879183, -38.03702278121355, 4.796465974321491, -30.22074913107882, -26.666638953418285, 52.515789961497525, 69.68216526249945, -55.449270399949185, -41.51396845607526, -45.736692222705734, 26.12361550548122, -118.90189076449748, -33.34007912218243, -27.999862548577536, -75.62588355573338, -8.73725309319526, 84.66837829595936, 73.03252656878657, -7.642921224421701, -65.72536801208814, -69.49548815659284, -121.5325800934546, -83.76830670826448, 2.8239894474433225, -26.350411914422395, 39.30438206586485, 90.88531526910344, -43.24262324682592, -19.499355359564827, -11.500654468564754, -35.05842613557297, -102.79765079659451, 60.963351308814545, -83.17647204084831, -129.05740649028516, 82.83737994055755, -108.92550142893043, -21.67641700253725, -70.91333311059117, -59.560129994118135, 30.848889250750467, -87.02096295403472, 48.00834452356642, 24.396932491956427, -49.954952563397256, 115.03291154644039, 53.18108093191833, 151.5457505126375, -77.88068392437211, 60.88865713167569, -114.98126394937259, -77.59916255919057], [-84.08834202633363, 126.34012524680179, -31.152350731719704, 120.06485495320136, -71.4967368979639, -30.918611758508305, -82.42459724430437, 30.612616330046112, 3.015679467160654, -76.2970314024651, 50.6682931138684, 79.92