{"N": 100, "M": 6, "A": [[[827.6117315013012, -182.9482935325649, -21.461960455870138, -6.592025393569237, 131.26098146855057, -47.04941699901787, -16.29675991491091, 71.96626309516593, -48.38648505943794, -121.43282374852515, -61.3888993710371, -40.58443413906052, 133.95595750179936, 66.4311356638981, 29.028881613654725, 46.95742161361224, -23.899436631606033, 20.77976992019836, 10.416790345824179, 55.18028903147094, 75.32666389806926, 115.34184597162876, -4.93200915918749, -3.012036786025196, 60.2784756383558, 41.65863347102496, -118.16045111130698, -32.470994243407674, -72.05796799725049, 62.45637570743035, 3.9789910622573044, -42.116692112277796, -11.659394904917413, -17.34892482047894, -76.82079066128007, -119.21293030885215, -15.656543982445763, -14.701191017142712, 140.1295486216968, 25.85356386390879, -141.28143425787505, -37.394357527377466, -22.17503727057707, 77.22153389885797, -92.6340746684448, -48.657589020562284, 46.24029244234585, -24.364995666537094, 61.80762576111415, 70.2447423432703, 43.70804466356552, 41.4437435148198, -166.22761304230556, -134.7041875333664, 32.66721966948281, 57.90371673719186, -50.22854282699869, 60.71031974022191, 49.25317659991934, -186.25404217794951, -32.716609329211416, 20.508998689543404, 118.4720072204447, -42.505946015567446, -85.47436851509197, -36.92764464149125, 28.28855728090289, -69.08305930722312, -13.049240054573588, -20.67082189995859, -197.87993287228588, -16.87606937969203, -91.70573121088572, -60.43855199775378, 180.75405164605672, 43.24061667468367, -46.91675330744973, -54.66101464966033, 65.1758595767525, -89.73156320204951, 0.04136189786633899, 33.9028646933099, -27.528590639687955, 13.309954386370645, 160.7855524016483, 162.43422582273888, -199.19421118319, -92.53865396064005, 43.799514153505555, -71.69352403958926, 75.54775128174906, 14.634194930231875, -13.32452583715179, 13.246575494618444, 129.18128934038867, -43.982115406957035, 34.581811753923475, 29.605261932962648, -66.69836039592312, 0.8244334249807046], [-182.9482935325649, 760.1324065697495, 77.57722715558334, 28.854342377841427, 72.31743948762397, -29.809330637332092, 35.92047012265524, 42.84756775704405, 25.801387911231785, 38.49056211275537, -28.326866896602525, 54.388446195038036, 75.90236453901451, -73.33045210866861, 7.7199174729354025, 106.51605053184339, 80.16256100976109, -125.6878770226644, 20.568232466997532, -109.35757817572816, -169.33846265840103, -29.31977860254649, -94.72825374445593, 73.07518060595879, 1.6283066882272588, 60.78372808004526, 67.1227914629982, -5.104637976893018, -44.1074699248523, -17.25676860893785, 22.749842457618083, 4.710162886589288, -86.41669135901358, 103.43605567444666, -31.89924301014392, 90.69781228941319, 2.287004675889536, -116.16714665712254, -97.56342160542727, -22.33986307216254, -61.3482718501295, 45.207505547523716, 21.767389991066327, 1.4173332954199465, 42.78334151344089, -78.19040340652279, 104.43212710477965, -27.921052255456566, 35.011607566551916, -94.40193860732107, 123.48533090038347, -6.470489945927367, 30.036442500488363, 20.457586851874332, -150.20899027295593, 70.81403260303755, -13.558550479375262, 21.459894459921628, -26.910226461697118, 107.18631245373679, 43.42120024109071, -141.30777272623226, 64.96528202524512, -56.948869677638626, 25.458255164461303, 30.677901681239213, 72.36273957515928, 58.48622170374168, -28.879777338908085, -104.69012666145132, 66.60965837325807, 23.8053785929167, -126.92848149007187, -72.06855450199514, -22.237320462348766, 34.82743590226261, -7.976376243537288, 44.446097038480616, 13.740802404072026, 78.68632437064286, -93.5144229228912, 22.613630519444925, 43.835213066048745, 9.006746718194748, 10.996601115603642, -57.02308633834304, -25.809073487874755, -55.894240453141066, -49.511145772477796, -103.21222408108206, -96.79037995808878, 34.804282571225414, 37.60872039416746, 37.88556404846035, -3.4879573576049325, -51.90164628250848, 53.294656233391045, 3.5983895672692086, -90.15977441789711, 31.4188888682498], [-21.461960455870138, 77.57722715558334, 949.143109011289, 73.13909124208354, 26.503446158760337, 12.813847919522432, 88.2062582829303, -104.9430843450885, 3.383806201275724, -75.6210599795977, -70.34789492072636, 50.370958473556506, -104.04902908303886, 32.07836165199023, -60.60323655938134, -120.5294223282955, -2.6875016637990914, 51.195034481696986, -21.98987259556427, -16.321609341533843, 56.755924863513016, -64.61464445718978, -84.01298881472519, 79.66328046441153, -14.73941426909379, -4.54591553439326, -170.8783520755367, -77.54681701608433, 96.44408293823612, 22.8257762595742, 30.874673429155617, 128.22859776590496, 40.803275347335266, -40.808653007539355, 66.53942922513953, 149.45621255726235, 58.203443635362426, -174.07054587193392, -10.128379972405375, 71.50948062040662, 124.28981478209785, 46.80924310990504, 76.2249302256163, -91.61241025742056, 37.14342228671378, -98.52198362230811, 37.54710589455868, -21.315672816413244, -3.5834122183974966, -7.616560109629658, -35.183788864498, -24.28439310581186, -123.29939845403923, 199.73281894030117, 14.325542816161192, 104.87636248017145, 33.36274859800286, 34.078796283761626, 64.6152201760596, -28.793767402956604, 20.8677895453401, -102.6135681005034, -85.63549427447204, 37.89271285473759, -23.126413264401297, -23.280573314322922, 6.104607301479668, -136.04438062140636, -21.33854839074426, 31.09322001848347, 12.496304075407274, -19.876149863114208, -68.24019561948954, -146.55507574865675, 82.35368149951614, 48.332245158695024, 41.96706540598413, 23.968196614580737, -161.1108252381759, 137.85588630950306, 18.363701759900927, -18.259460650936724, -6.49262645907019, 6.81930200289916, 0.26992876995293436, 11.776219090606427, -12.530269050401527, 33.20641442802114, 3.485059132535835, 105.51180080642503, 51.82545815585586, -36.370792109350155, 50.86330401535155, 37.10046687734264, 16.977934206022645, -88.58975886431433, -119.9659878538242, 68.14289584195046, 17.250546818336325, 31.448845421219094], [-6.592025393569237, 28.854342377841427, 73.13909124208354, 704.4461806746933, 3.9700578529617156, -100.48644948371563, -79.06063744719418, -1.6548301602933595, -80.06646336862917, 87.09060874781058, -15.332491271486228, -14.459303565264273, 68.98932213388788, -98.37617639760504, -0.8316192017245699, -31.564629181959102, 67.24283936528242, -64.43090455825137, -44.60111039430546, -75.68217679853474, -77.08379318225035, 74.12261509464786, 91.19597327555167, 15.501410982766412, -16.188935891369386, 29.58315732521065, 96.00453409750745, 93.3961489053133, 133.79646357046653, 88.36350800583955, 26.645279559945276, 50.02672821570884, 42.00148288814639, 95.96636730243286, 46.71872498371684, -72.46803962697082, -34.09931977832421, 12.140690939578262, 65.35699308529698, 225.63108778396096, 8.47482863071885, -10.847549134447052, 16.010151826978145, -69.12420839306496, 68.36225790604219, 9.69799059618886, 68.99533008729686, -66.01670614905903, 37.743671433814185, -73.54051010920347, 14.408119820312791, 87.87678808979342, 38.91167855649165, -19.862012222524264, -18.940639690606695, -46.67149023126167, 38.77177097296605, 17.18135660985052, 85.44244045370243, 3.559325594728145, -44.55417553926844, -64.36485976551529, -81.72833919962605, -7.634443826183321, -97.10041727169929, 110.07701680336382, 38.55881538726063, 15.843675290521782, 13.942712902128555, -66.78304991192182, -110.88957717276587, 64.38941380331913, 112.83439688498459, -57.40787613901843, -125.99834863308062, -6.604077819664334, -130.04667592612856, -19.3242968127308, -46.28196188938758, 165.1543755559335, -40.211236777687795, 48.70093021594367, 27.06542806188735, -48.87596352674766, -27.279834284744098, 36.24964805835481, 20.858856984177773, 72.94300612401283, 42.90867155828741, 42.49441899022417, 93.94467701921445, -62.97444972480352, 161.08752849146128, 21.09244761204923, -17.597401382746753, -88.29372606109737, -73.52731932491739, -167.05446780037855, -97.7375260380608, 89.14254132668593], [131.26098146855057, 72.31743948762397, 26.503446158760337, 3.9700578529617156, 860.9844547178839, -19.80432589428287, 10.196197980593537, 39.677010260164344, -64.32381994160646, -136.8685584035612, -61.54635254193048, -148.70683705828287, 84.17604870823624, -52.30885981620376, 111.95254117576424, -21.340367217365678, -47.87018072002516, -28.80846259891249, -15.845963804696067, -39.54332222276703, -30.90166469744812, -44.99095167841274, 43.96106276945884, 67.71710446900764, -67.33275233842866, 70.21539376609428, -16.35775353817809, -68.80879883596084, -98.38208979600476, -37.88207161869277, -1.8288481394435696, -27.579289011902766, 97.56991010880452, 68.91094355842874, 89.24069618244746, 68.9939164532135, -44.62587215433748, 58.42061756154798, -167.47576320437932, -135.75519670500634, -95.92632595803289, 113.32436222505771, 11.906522249950926, -128.958109115349, -26.320427001123722, 76.07921892473249, 45.99057614332544, 32.05234897373487, 42.78520917064016, -68.0020230362204, -76.51654991109262, -51.55025280150069, 60.12544686420565, -132.53587094990758, 163.60779846546617, -7.140445539241372, 14.2522167558101, 74.32142228233593, 65.62213747575731, -28.435271404311454, 15.222755372338911, -178.74541548638203, -22.634241848317256, -107.27944992136916, -11.821942332613242, -130.04816170372072, 117.19576382430965, 49.943842171763386, 9.659915478628696, 46.00923647667286, 73.09267338149367, -89.49067884166689, -18.7454585449521, 30.296191585500505, -27.438914929880703, -3.4567330389165516, -38.9883415930026, -130.66486435988844, 67.90242710050431, -6.589841060163504, -41.056361881699964, -27.17445157442489, -40.53156745039737, -141.46057618225515, 14.472845061784533, 50.24976775857044, 44.5643786361386, 54.4491930033052, -99.54793806877323, 130.04626346942135, -66.2345147302922, 98.06539883151852, 91.31058858923399, -10.007099821833192, 44.7694059615262, -65.27247616989429, 10.931565382056247, -98.66114604311208, 15.292872673959964, -14.798149719130725], [-47.04941699901787, -29.809330637332092, 12.813847919522432, -100.48644948371563, -19.80432589428287, 704.3546744631108, -2.966084263755318, 99.99266376445823, -7.6030134940414715, -52.43367790098966, 22.161657249675162, -6.200612887016703, -15.498155976693582, 11.340117180468518, -37.88760495849437, 12.978933579411374, -58.461736548751645, -13.987649783006088, -32.59654789818967, 96.6226806824475, -17.743181673788527, -112.82931917564828, 71.34092924656281, -93.22167467369452, 7.7781436526112735, -53.46240786749332, -3.0685326026550523, -27.334923314825836, -61.903725735489566, -130.0432441800412, -58.007086844816605, -100.68435955727067, 61.082951974843986, 29.44402532376314, -25.453903008389993, 7.453492067841248, -102.88106226543356, 75.87336889739353, 112.4590528242151, -23.02672155341339, 143.58134989224445, 143.2142938530641, 60.97019256896136, 115.63017540558535, -43.60886941841497, -45.16940347088773, -14.566008327066752, 118.06479761741173, -6.429483133207791, 100.29121427712873, 80.4633851890567, -94.06722576560973, -37.83657319621755, -9.182320510834355, -117.8608290357239, -97.76456095656098, 50.08768950754822, -44.3358939213846, -61.47964489945228, -21.91544422367791, 12.386077251394005, -31.71124228339529, -28.124660311886238, 10.202802029360255, -15.754857727615155, -86.70971603683724, -8.968634833988242, -17.348573666608853, -47.76933058352755, 16.060866052137047, -47.87814710121579, 5.1205190611224065, -155.83422735643015, 66.13637238303653, -33.442258626358935, -40.904927352424444, 35.85163561097039, -28.655734530422546, 64.60588643644756, -7.15233556019172, 50.62849103866705, -71.32150990832095, 91.54302161803903, 62.03303654724384, 12.792942529432672, 161.1260488879747, -32.59736862452826, -14.468800584925898, -89.17923984852528, 17.1460999712541, -118.22790972460702, -145.01910779529135, -54.467735382491334, 95.84877923260964, 2.6869943386914703, 97.68992301851193, -6.786440333478881, 41.7318812239259, 52.25043205768452, 34.19430006959901], [-16.29675991491091, 35.92047012265524, 88.2062582829303, -79.06063744719418, 10.196197980593537, -2.966084263755318, 839.0601089770505, 6.332207816363018, 85.03360358172856, -6.961227588660138, 26.627459146905704, -84.8343442423666, 42.092973372603254, 32.62871380792664, 119.20864028980934, 15.455329121371244, 1.7438383703273403, 109.75210568692822, -45.39339282420196, -83.65531319272189, -5.98086617121789, 22.406525983834186, 147.2471346401939, -71.10890531693688, -54.97979263453261, -108.94139934320914, 75.40549316555916, -28.945529071898402, 130.08439309043976, -6.3067155705080875, 80.4930225936911, -6.346660121600155, -34.707007192006465, -24.61852370557858, 153.1338775180998, -98.17843517205247, 39.70324994808552, 140.8429777153019, -66.78180155643328, -26.89153431722806, -4.203572937016859, -31.803311743385883, 130.61348343046734, -0.08242775358684931, -97.76600537503876, 62.4155399973125, 28.503369663884, -36.29915295669276, -88.15220347474126, 121.85212167943475, -74.88568700111936, -148.96911107739837, -60.37607908001133, 131.1975033629323, 108.74516237448893, -129.15036104487143, -9.76650140242669, -77.18008328812928, 47.20433694462132, -62.36245462955601, 59.509430874577774, -15.922512198995292, 17.396355732702773, -77.62269820787962, 3.7499799671384646, -18.712596407229878, 130.85575424245985, -1.0270350749537736, -127.49529368516468, -57.899893429461855, -32.33463654567804, -48.40233193071936, -39.11003140893481, -41.56990373896359, 28.925737719833588, 24.695076430518284, 121.52970298863862, -11.165441529302408, -110.42265384759959, 81.63062139538222, -47.37244690508542, -2.4031834401316745, 50.668795582573345, 125.93802893185345, -3.036208184751791, 15.840921754585969, 94.0916803766671, 142.94967095299702, 74.12949220309483, -14.727354828641086, -125.43323770493105, -83.61497445102394, 72.12014586577847, -35.8258319412972, -2.135233881660801, -60.17873919624167, 15.822838846542489, -198.47024884933288, -96.53530489614334, 13.018183844435944], [71.96626309516593, 42.84756775704405, -104.9430843450885, -1.6548301602933595, 39.677010260164344, 99.99266376445823, 6.332207816363018, 834.2414313774441, -143.9669083378921, 11.75613939514382, 26.260239664216822, 53.702994493942505, -54.93565933677382, 121.41610078374842, -123.54424235302125, 30.590177502797452, -58.490625312910794, -38.81077827620583, -13.61686578056336, -24.912690164208446, -45.37655898927264, 42.603679338312965, -84.92231288607294, 10.746546899439391, 98.07558218984344, 24.649116418379773, -9.319322322113718, -107.21677511332238, -12.512283024680558, -4.169130071326174, 71.89611072220104, 3.0476142711442633, -83.95782507950615, -2.7022596724872456, -47.96690313869162, 23.910446207788972, -21.81443047606907, -113.20989693988338, -5.11577832681117, 5.797927369490503, 24.05553266233682, 7.641047042292409, 37.25811303190649, -44.39597119659608, 38.14727730117278, 11.186848680698676, 45.32689138824308, -47.245793050286075, 70.42983862268777, -51.74385046718259, -39.8770048023665, -161.18272308968739, -13.379142502046536, -195.34610969774312, -14.231966135718865, 65.70958437665996, 142.85114696786079, -16.996318460607384, 9.859218403032772, -82.71385377196019, 15.231781970310672, -117.88557752124102, -36.88052821710372, 26.277561521942516, -49.306042538875765, -46.9719818135668, -4.930448587147379, -23.874716493136237, 84.52500511256719, 55.907365585851636, -25.510485454292272, 10.592145118623579, -132.30504732045515, 78.71573270017487, -203.14351323251836, 40.135200463334996, -190.4200358030781, -97.86729922088126, 150.067350939404, 4.218039826520747, 59.4370832463226, 107.04114196041088, 48.93570388057054, -17.087073878194815, 31.8388098932712, 104.2527481386851, -133.6161434223425, 21.521243944090212, 53.548225464757785, 58.55262020630248, -20.182842071163584, -75.79026520042127, -48.006908099736606, -62.525617463652516, -70.64377798430219, -60.80153220601941, 31.747078964162068, -113.65434053634841, 8.238592852351628, -63.28505402904784], [-48.38648505943794, 25.801387911231785, 3.383806201275724, -80.06646336862917, -64.32381994160646, -7.6030134940414715, 85.03360358172856, -143.9669083378921, 797.4799842770459, 115.94826419642975, -65.34044590250402, -35.69339405884694, -117.5762664865068, 111.57766017026754, 34.87376325187303, 62.264099396695435, -83.11704957013396, 64.14350780417287, 195.70281488138912, -52.808831142811925, 89.4666559878903, 36.83630455367424, -124.81311710569459, 36.883236584572415, 127.08836491227567, 2.5525806908565416, 2.5333073008605576, -104.37168232796942, -23.697061984397127, -110.28522314569216, 129.98926355018838, -36.14370255061775, -87.63897684567762, -92.58774683817344, 8.123106670370698, 55.662227218625326, 58.42595134177012, 44.50571465995284, 16.225044351448997, 29.47225032010592, 72.63709022740449, -62.01312821965343, 50.88100907074103, 30.00455029476002, -48.68095917605082, -63.47793866269613, 39.35619432332452, -2.6729435303797247, -34.83843035201742, -90.57249183212899, 145.8867011356949, -60.58742836791483, 10.204021518821932, 35.205141179495186, 108.75780014863888, -116.27937882561821, -7.3082469819849205, -56.46899748830816, -33.733219639911454, -9.043251310254671, -99.7454124641567, -39.10780654536221, -6.87427852547362, 61.41038287433016, 40.529539890168266, 0.4096965569490295, -31.329221954995166, -84.12214122269111, -103.77768952705729, -26.23220706994662, 16.810999348824677, -64.62781020898002, 56.69320909536093, 88.25489673260356, 31.648868302894428, 2.4842248389854027, 41.718453344991445, 44.180309498202405, -55.515140072563725, 97.27006461003977, -148.25202208934587, -61.64068902738042, -64.86876969715286, -29.953695086417866, 96.96187472458817, -11.614417864620487, 54.105949120565896, 132.73589198072077, 45.66146477420455, 21.65982358489869, -157.85680283754132, 39.57914604835355, -52.50552191893192, -136.45304356480943, -25.50217253695739, 20.241980632796725, -90.65319613285027, 52.40830275937753, -5.514807599146836, 41.02379629319637], [-121.43282374852515, 38.49056211275537, -75.6210599795977, 87.09060874781058, -136.8685584035612, -52.43367790098966, -6.961227588660138, 11.75613939514382, 115.94826419642975, 819.0740239362127, 23.35200386657665, 84.63551786321204, 68.66499128062455, -30.8141016041398, -0.3081901806040462, 20.88571408807409, 127.25264842445594, 44.63162369135501, -1.4740030700798623, 22.043220352498324, 22.470939002396737, 29.713087799673325, -37.149974422534626, -4.692881422157839, -5.765711006933926, 85.76812378621017, 133.85650226054776, -45.02669703336764, 46.84927192617448, 11.275799916984381, -72.16136361954331, 22.011321853009786, 58.18249641863029, -9.757990726292707, 84.89763597212152, -29.44101515881978, 77.49422371844341, 45.18954785602646, -82.24332275156353, 63.118704132701026, -20.72742621938181, 49.84824071981285, 194.75937964770603, -10.85023708650672, -7.144810388736514, 116.73695951556783, -13.63369535150605, -11.110929428075387, -94.85645897471524, -41.40715192607921, -138.47900285937882, -55.81613732979234, 50.11403164014721, 72.64014112248847, 106.55169648707408, 107.83751248406429, -32.12394389239407, -96.82548111768776, 20.601368138669145, -22.345981291260035, -122.20389332576278, -2.9383735684886934, 192.5807106493996, -116.27277097846424, 37.649595536036855, 49.70420268911689, 11.596269443347277, 80.73554056775858, -27.38978175701613, 42.58615569971314, -12.364653642153018, 11.986910808221573, -24.13193756783185, 47.87766237674189, 26.123133773465653, 130.62595696656751, 101.01218750073068, 62.855790768798826, 36.91929757473222, 26.362006952193315, -83.25933492779326, -69.9543012236992, -118.43442666158704, -99.62576979622239, -83.55890469882132, 53.228462621849296, -100.94889555048731, 20.87104026978942, 178.93447839455146, -34.14353261227202, 26.234354866267964, 1.9722901260036148, -38.07376328368854, 63.22792102870143, -21.879830704924878, -23.61703939660066, 16.62151951761037, -48.552819763299325, -30.4335241655941, -137.58761266463966], [-61.3888993710371, -28.326866896602525, -70.34789492072636, -15.332491271486228, -61.54635254193048, 22.161657249675162, 26.627459146905704, 26.260239664216822, -65.34044590250402, 23.35200386657665, 693.7880025136127, 29.12452446793834, -10.219421319772863, 0.5492025167953157, -13.48721819734982, 113.66366300026816, -105.73577663651788, -19.82257170898777, -53.757577280376545, 57.0370867230053, 94.90775324518128, 20.70603109232407, 102.58720899811713, -36.95593276260939, 58.896137063831794, -70.10457109946758, -90.36886311796398, -38.019939357491495, 103.90158045792961, 15.70306236389698, -26.19630180256538, 57.03679538209658, -120.63050181622793, 93.92684874649727, -77.46278197128446, -57.19080314892511, -82.01711968494824, -23.29592030080061, -49.58708245243796, 21.19692399564733, 93.51986000035818, 37.12969069000259, -1.5064136996571782, 112.90060956786978, -138.07668655983682, 113.16412101380229, -3.695435341642439, 53.665390996845915, 29.285726668578373, 76.99536716864394, -66.09735821254465, -72.29033739127719, 83.81193155241722, 60.65363150252583, -45.599796823359156, 29.927021025609793, 48.02548826713475, -101.58718593180453, -45.98687725775707, 34.64569985729972, -30.73951714853369, -47.513846427573455, -91.53775431024869, 38.09195116292058, -23.48527907230943, 30.990264973327257, -132.3990548419819, 61.98722194852244, -52.19685096188186, 0.5887367771693862, 78.33420309381117, 59.017864647780584, -114.66296711236186, 48.36061517279367, -38.034855922958386, -12.783855598907998, -35.29826534919832, -113.30077123254051, 0.6282616137765938, 71.60159331246906, -24.613663775872023, -18.735424670904223, 8.402353043338417, -40.22173192611899, -63.64877540161449, -43.549424342277405, -168.31271593302878, 78.28581481041714, 9.482116599349451, -21.310517881370657, -35.500517365255725, 43.27358514180915, 68.10585951443146, 122.35975327767943, -60.43239960433211, -16.10936102748789, -137.74289343406994, 92.16605168042665, -52.72406793269084, 34.02231795730425], [-40.58443413906052, 54.388446195038036, 50.370958473556506, -14.459303565264273, -148.70683705828287, -6.200612887016703, -84.8343442423666, 53.702994493942505, -35.69339405884694, 84.63551786321204, 29.12452446793834, 844.7245552844889, -79.63146278490983, -31.05579191640918, 54.094309889820444, -2.8151921511177007, -80.71705686095306, -59.39312370904431, 61.80064770987208, -8.439345763147132, -56.72988785450219, -47.41554367311259, -46.002001079996276, 66.4921237605696, -81.2363505620692, 98.89094212923447, -35.38927851478361, 61.69416795041154, 37.66788423592811, 49.06086314335784, -121.29783467337502, 39.50602859487595, -9.638663311309523, 90.28512185897574, -113.71924411618497, 85.17925398249689, 2.7399778573724047, 44.099951046057335, -97.01153315892691, 132.10527381646827, 97.88291622319667, 45.06907324318928, -113.1353819980993, -28.093920319726223, -28.357949266545386, -54.15079515695861, -46.902421452748726, -90.41564568731164, 70.24666807186593, 10.230620607126042, -65.5569071664086, 65.72002458323063, 8.898338948458736, -70.97899877904463, 38.93482593679605, 137.26842639344926, -58.19184733249098, 81.25155214473861, 38.29435023117561, -30.104963084734937, -106.27918851235734, 47.61661764604236, 12.00358455396912, 133.3912026871848, 50.90821892669379, 101.07647154845743, 10.816628133235808, -51.76774707562611, -30.544169178472437, 29.524399169241878, 87.52325202089966, 63.041838860455265, 52.872835757818606, 4.08428767876458, 117.65976828254016, -84.53649076437925, 14.436770877237647, -37.119981912097025, -63.07019046294567, 73.16211316641187, 83.21509023295798, -124.17572451242138, 62.50197037625785, -8.48580602251103, -86.7991882515534, 97.08381232771842, 15.359517981206476, 19.84840770774773, 12.197699428137511, -170.75162007636303, -75.97259569043615, 25.69524485522707, -141.58782239728646, -8.041750340384807, -136.55974661429082, -41.84685417539541, 70.3404430610898, 100.97143628255283, 75.75357246042661, -1.7354267007820652], [133.95595750179936, 75.90236453901451, -104.04902908303886, 68.98932213388788, 84.17604870823624, -15.498155976693582, 42.092973372603254, -54.93565933677382, -117.5762664865068, 68.66499128062455, -10.219421319772863, -79.63146278490983, 810.8735567384036, 6.178261358752013, 35.496986056485405, 41.7456981725, 90.04018694781169, -66.19686892723871, -88.69436246026761, -28.411237582278456, 55.111474832613126, 41.03681412101701, 45.22163731695808, -89.86601733478298, -8.151308421337424, -119.21027082155027, 115.20342367291234, 63.36451189242016, -9.88097668591869, 26.997364477357856, 93.63610093535331, -48.77211477543068, -116.07544872318074, 14.032445689798822, 57.359776631372746, -87.21387935542384, -77.14378748033643, 12.031903038523945, 44.82746352752177, -17.613857874404754, 95.57192002576532, 66.09254971816881, 44.07476818624103, -19.608428860809045, -100.36355428259351, 61.847390750098306, 59.31708421839397, 80.6177561154484, -39.36149993481549, 58.26115498547254, 45.23992986820968, 55.576133309799786, -9.231166949581718, -7.31357835643755, 10.636795227490701, -149.99260171052794, -49.84438724070086, 32.5390100467012, 64.36534028234286, -55.70735073900289, -81.07815520425667, -4.953778094677682, 159.39422687260463, -155.44818379702755, -41.15309633952649, 43.91266623873742, 48.644953853511566, -89.37497835104256, 14.590619116674064, -93.8985119523479, 6.091331600347804, 58.19757640573353, 157.31639353665346, -31.939726484753937, 51.36531339233068, -64.05962653909367, -48.1781322678634, -1.972343417468147, -77.93489868814667, 65.97383851368888, 0.5454678268809471, -92.81017699142488, 76.00974815560832, -101.49490985804701, -75.70374163513111, 107.47184137242954, -91.41555376501114, 70.59391518274661, 9.08730208538729, -104.03651240321943, 30.760249631210165, 45.586750486114255, 27.09353269416541, -75.29851822249861, -61.80417963659416, -25.038267573589685, -7.038745056612065, -164.17893836829919, -98.5314663327703, -23.57821426770662], [66.4311356638981, -73.33045210866861, 32.07836165199023, -98.37617639760504, -52.30885981620376, 11.340117180468518, 32.62871380792664, 121.41610078374842, 111.57766017026754, -30.8141016041398, 0.5492025167953157, -31.05579191640918, 6.178261358752013, 670.0779138491743, 19.270123147289, 10.052780159209474, -77.15668317168802, 29.880842576846945, -53.81651313788177, -10.069375198363375, 37.564439667436154, -83.54864778284592, 90.67043969862519, -81.2591867132709, 82.20497648478347, -28.17550522870648, -94.54031978275702, 29.96345842508952, 42.55572922029984, 48.14097345224648, 117.83591281182869, -40.65431784987, 13.53322668644287, -160.10253873510158, -6.816547550730855, 29.8512092034967, -31.794377327222044, 34.875352920934155, -28.541224019392107, 5.038718983886314, -30.262367456506066, -76.23493568305611, 40.359060187219704, -56.22114556341453, -69.3806681786646, -99.83141778471976, 28.376717138683954, -28.54160448100588, -61.927210674415996, 15.903217686445512, -60.563689920226196, 84.53469837222126, -94.3760234334578, 3.2405689251774645, -110.30676446681805, 8.444722600488468, 122.47970103154228, 59.88521753483845, -62.11730901721914, -82.30543287600845, 56.17389081702655, 94.8619913777953, -70.88662839728597, -73.23713960635027, 22.36682281537932, -23.11158151960907, -96.11862917409915, 115.95418537026993, 1.5242203729637072, -103.36076659284075, -65.30357963819104, 21.945988583731268, -58.65625569874928, -44.24908774812051, 58.87899037724469, -31.8554074953563, -1.704478436769142, -6.871244067432114, -75.85085107310125, 80.6771633685618, -59.79230400595095, -48.02875435786848, 100.16776494511622, -48.65448086952075, 216.23835767011852, -28.221382950074354, -27.55267444825812, 72.5398117333097, 27.297472376788804, 41.66778899612553, -121.89243303949152, 98.4344719155592, 1.2167767716284195, 36.55178151359871, 37.03450576841617, -77.30405886898689, -133.24357521813238, 19.66596645642444, 56.95649262975377, -43.114901829965156], [29.028881613654725, 7.7199174729354025, -60.60323655938134, -0.8316192017245699, 111.95254117576424, -37.88760495849437, 119.20864028980934, -123.54424235302125, 34.87376325187303, -0.3081901806040462, -13.48721819734982, 54.094309889820444, 35.496986056485405, 19.270123147289, 864.1664103121365, 9.50783727610962, -67.50799387468835, 115.89787823387533, -11.582762952830807, 1.549387127713543, -72.06898631658254, -55.622714395483754, 63.56775963372438, 0.357867304172785, 34.9105901235166, -78.65607445442478, -115.04753210234182, 4.844592049844284, 113.5930863268397, 3.879776024117829, -4.252552866732732, 135.2490277225402, 24.424111557601055, -75.64411034071492, 79.19928916681187, -75.60870658890988, -24.818862765477178, 116.1023456545413, 78.10841773413576, 62.40821573566928, -37.034630235967334, 10.765129342686642, -89.14461417462077, -52.63724394692037, 85.2327070708082, 86.29612019870166, 13.564952853360422, -56.410154683023045, -52.838139804437574, 105.47711341933775, -106.53766991395986, 24.55636982022423, -96.52952912559331, -77.06151750738803, -9.463332938191764, -21.81214761664661, -110.08066859915279, -7.3841363886642, -17.387505111087467, -141.72190354941085, -21.62117807047564, -16.168318043737855, -106.19269157306829, -102.15085410768445, 99.62552235563808, -89.25550745647932, -24.060911312045953, 45.192102139455095, 53.67040103867921, 93.54717638912776, 136.13091409189792, -160.01324183876966, 109.63456330720844, -164.29549622529186, 17.97198768265079, -41.38886736837633, -98.35843088882763, 40.3163154204212, -110.90153438266145, 116.80979731802313, 10.556748491764312, -95.75155265760027, -15.683161580994772, -52.58120992692506, 3.0026107055660463, -48.78962077595944, -38.547034176022606, -3.06337309930861, 86.85070473163218, 31.220378498662964, -4.218776443367846, -21.07147326284477, 106.77945285144128, 35.35779984066629, -32.420392152662956, -52.26547246052827, -27.060799657826678, -11.430103931275488, 46.56313300639384, -46.77128646255123], [46.95742161361224, 106.51605053184339, -120.5294223282955, -31.564629181959102, -21.340367217365678, 12.978933579411374, 15.455329121371244, 30.590177502797452, 62.264099396695435, 20.88571408807409, 113.66366300026816, -2.8151921511177007, 41.7456981725, 10.052780159209474, 9.50783727610962, 915.4785965464226, 11.27594281836666, -59.97280183417555, 70.67514818963328, -182.1411458575229, 159.6704040352336, -10.289420344417378, -61.02998013496972, -52.47578778214156, -56.30470513956771, 10.043291662012448, -12.021639638304896, 95.44579842288661, -103.80802060552043, 104.4780395588662, -23.994349871913244, 142.42156711934274, -62.73133728605911, 9.087032756311899, -15.974391441502863, -22.29739726892862, 53.73963505642536, 7.85861694721878, 19.254709005291886, 33.665436661686286, 106.69750446152949, 107.8470073531671, 28.11449224159344, 94.55573415215383, -98.68222386208889, -36.978083325887745, 134.35699352309837, -58.9102130997333, 75.17231419859837, 20.672678998720755, -34.663753420039896, 10.208861847048821, 75.9180325425508, 38.541865933310234, 172.90769061785895, 32.18924628466388, -55.51273024875688, 21.329110207097447, -35.02488882614581, -12.847638581528294, 42.12051445007886, -8.342092956860272, 125.4896255876466, -36.87479150379688, 128.57600278999539, 84.66699934092237, -57.00023876068581, 69.43893860947746, -18.25435058900941, -91.10248784103227, 10.594155203475122, -142.55809021650128, 45.419277170365184, 2.0634226239116775, 5.236891744526756, 55.654580538379136, -79.27190560477237, -39.82556183981828, -71.48387959637179, -18.927649360755822, -8.572585867204607, 41.13624118569608, 1.8058556011331495, -18.320186139194593, 46.75565729288626, -193.37921741415533, 86.7231481347303, -5.659542559831022, -34.40861049356745, 84.88492752099108, -79.20878521925829, -23.729332608365254, -14.129035327890275, 16.495155439110196, -14.962273081233272, 3.152863439783069, 79.26638629276977, 218.0388140549487, 44.89896510177081, -14.89684236697118], [-23.899436631606033, 80.16256100976109, -2.6875016637990914, 67.24283936528242, -47.87018072002516, -58.461736548751645, 1.7438383703273403, -58.490625312910794, -83.11704957013396, 127.25264842445594, -105.73577663651788, -80.71705686095306, 90.04018694781169, -77.15668317168802, -67.50799387468835, 11.27594281836666, 819.6173841892439, -35.48466601286844, -22.045890977244603, -90.64771523925114, 37.81288087952151, 16.46974428077111, 10.315008088307588, -105.3281206521426, -5.58501206914067, 46.4760100960398, 6.1192583748340645, 52.139318554896526, 38.11876058636136, 67.62990467753573, 80.86551277829643, 135.5897265024987, 21.490828864475368, -58.02634944236028, 50.73419166082531, 9.470000567430848, 87.13736434067222, 104.26392392175734, -51.709547059867084, -64.96411139999873, -145.86465180347673, -49.250951294058765, 35.77660379965419, 30.368187020433435, -40.583993936898175, -9.754655462871836, 9.722357825518797, -6.578761810255799, -29.59905229307908, 33.362385424289776, -46.40858835156006, -19.750375876894548, 39.09057453509875, -1.4397415354474445, -42.62186648253483, -25.36836725793181, -13.25472096709057, -39.83707650885328, -5.361427577340926, -73.9262608446696, -50.20565641708645, -144.87906992896012, -11.254298904217839, -245.2423110868542, -56.01566831499547, 35.03888684311502, 36.568049491484324, 51.19276815605215, -48.44985514542035, -80.11910147562, 68.68852121433757, -26.571203687373057, 66.80235309429948, 8.82025323789119, 2.2977342683918014, -59.04107155478431, 5.421540620127424, -63.82951735725209, 21.380246430120582, 2.38911719542912, 31.400058797751242, 199.66744756601108, -10.723152974810562, -80.95146162449468, -5.312872175058442, -153.21709408823943, -2.9435473808729444, -124.1746062086925, 6.08048952743415, -109.15395407330455, 93.1737183729405, 5.725034822161807, -10.226583175723224, -73.9365418787885, 91.43046084663943, -87.17469805724966, 125.8812774050006, 66.00056420743192, 20.73034797108025, -59.46594069785965], [20.77976992019836, -125.6878770226644, 51.195034481696986, -64.43090455825137, -28.80846259891249, -13.987649783006088, 109.75210568692822, -38.81077827620583, 64.14350780417287, 44.63162369135501, -19.82257170898777, -59.39312370904431, -66.19686892723871, 29.880842576846945, 115.89787823387533, -59.97280183417555, -35.48466601286844, 847.9300859932845, 17.03008386855457, 7.054207503619397, -142.20830539346068, -25.994427841787033, 106.92508448057436, -5.953279210825364, -94.36070740761156, -113.90731965169357, -0.9470914609990039, -250.26087505628897, 23.40377411706258, -67.79410841988813, 134.92259641028915, -59.6890144147121, 102.44691006675673, -38.72836327209501, -55.75138966093137, -90.46332795163579, -34.63031195016206, -83.17838231892435, -30.516990666224938, -202.66509499776504, 57.479140461833325, -84.11080761546256, -120.76403308986735, -46.70643872969186, 10.916870039829227, 90.72349120309062, -212.70855531021115, -76.19240157175214, 29.44128137810374, -30.58915206654858, -82.24325465299029, 100.7605360173951, -55.76385414670006, 22.546872968109035, 38.566470631555525, 19.937185186702244, -23.65711246900875, 65.35657296540838, 34.7785779754051, 2.2591476788460483, -21.27788221100951, -28.929223167882768, 78.06843417219437, -13.8705534033867, -54.83079707252313, -101.28935119696179, -104.43118197968009, -45.44338274808065, -31.65195269061631, -9.792975741601563, -100.35590038585917, -118.78441438620008, 73.38622297240836, 41.821783613362314, 92.25954274776628, 73.91816361251122, -63.53708041381257, -3.9670898605641263, -97.03865926595014, -33.12534379875705, 163.08142279208374, -50.659429911375675, -74.7491372141114, 12.929851477866222, -62.37922090651691, 49.63374151680567, -80.73064077304723, 86.80766884753342, -13.244566378097023, -51.99694573607444, 65.75948054330689, -26.245121810430575, 80.32510132974431, -1.8334577898932407, 61.72441366101462, -12.839548831263112, -55.727557780294504, -89.8694327872433, -8.017867425746134, 127.85827220154914], [10.416790345824179, 20.568232466997532, -21.98987259556427, -44.60111039430546, -15.845963804696067, -32.59654789818967, -45.39339282420196, -13.61686578056336, 195.70281488138912, -1.4740030700798623, -53.757577280376545, 61.80064770987208, -88.69436246026761, -53.81651313788177, -11.582762952830807, 70.67514818963328, -22.045890977244603, 17.03008386855457, 773.7135657257305, -30.23285729901154, 35.61846917746727, 96.95906124748467, 61.92236812747735, 83.44426621682089, -24.034798905801114, -32.397558122740215, -17.848762171856187, -37.9821239159346, -115.54907498438446, 21.40069914148283, 92.74022378272335, 97.3852711190034, -74.89575513712171, 103.53214248688127, -28.714948705832775, -21.325828978647763, -26.113813890875214, -105.76635713134853, 97.76364574322352, -139.0291638522635, 29.181113877822053, -17.265690586689402, 35.430959747162476, -28.59846009414395, -74.2322924611338, 31.695148089918494, -6.8687289500670925, -42.27591777250841, -31.14410850202302, -127.30817837739555, 53.49250531126539, -116.04610764417312, -23.504812348023982, 17.298190106737145, 80.10257854167678, 86.55112760041764, 53.64689028670009, 19.766548434575334, 3.66374521404379, 116.14159896157415, 169.23582609006212, 50.87316147622328, 5.758766642084736, -105.11515726763531, -29.397344065330792, 105.41019663942231, 65.22162577724872, 103.1545736828367, 77.98681867014348, -72.38880061913277, -47.04972587662616, -17.386440355089942, 19.796901625512692, -19.138886232252574, -86.05895814654279, 52.51115866163969, 62.34178368885381, 59.21562037012519, 132.90373314212889, 15.08802127263323, -19.70268563327439, -124.64295089216319, -152.41965015473244, -9.472237231741929, -123.72439097064306, -37.35209979000601, 93.08731190247754, 45.00431567814503, -23.82052497862719, 79.58574983678652, -38.316812619165894, -116.60578132149247, -22.582008256866484, -31.155317397175367, -21.09912649344836, -91.674295154403, 104.25967654167287, 177.53796361324476, -55.98308380807434, -78.61880539422268], [55.18028903147094, -109.35757817572816, -16.321609341533843, -75.68217679853474, -39.54332222276703, 96.6226806824475, -83.65531319272189, -24.912690164208446, -52.808831142811925, 22.043220352498324, 57.0370867230053, -8.439345763147132, -28.411237582278456, -10.069375198363375, 1.549387127713543, -182.1411458575229, -90.64771523925114, 7.054207503619397, -30.23285729901154, 822.8310326330304, -76.36464023134373, 48.33372441978177, 21.39666135872421, 68.58604610755953, 67.83993624514822, -84.29631819303388, -8.433268011039559, -144.47419925731847, 28.120762315740905, -59.09756007646947, -60.042926208853935, -2.1774337151773424, 41.81757546384522, -91.55259609637393, -22.403913579560385, 152.25303923909684, -68.15080416736122, -20.174185067868187, 2.180804391323419, -140.98094818192843, 48.59279023428136, -62.03033449255321, 39.362479224175345, -50.63979783889435, -160.79992887166148, -51.74702870905119, 161.8718960859691, 0.300138347295944, 54.4336936598838, -10.164570585398462, -40.73607443954743, 43.22871288505975, -75.14687738360999, 124.61866084258713, -95.41453077713169, 123.3943501355663, 25.26463371492396, -104.95164432384863, -71.43688594868921, -61.74724927665203, -92.36710592332665, 62.017987774578174, -20.07427288245386, 112.68577365892928, 6.154550758455871, -117.84205726135951, -118.2803661967972, 61.527130320877156, 17.81681492301371, -49.1377415262956, -59.427193950123765, 64.1752769163258, -175.46858653639222, 46.6714349366296, -31.495792142132675, 57.009050372211426, 16.37486930495021, -19.733869430400567, -6.1288798035976635, -53.185791548747595, 37.58197189659254, -71.18940451582586, -35.86354402992255, -0.7636163283986566, 20.565481286000896, -2.6124431654422096, -50.924833360324804, 92.26250724742609, -85.22665465519815, 20.948966750198636, 67.87379583822732, 76.4041580140262, -18.3035141056231, 13.030899657643126, 35.45769747566875, 208.14241799796764, 70.93573634964139, 26.66479543951967, -196.85760072463, -111.53813126123403], [75.32666389806926, -169.33846265840103, 56.755924863513016, -77.08379318225035, -30.90166469744812, -17.743181673788527, -5.98086617121789, -45.37655898927264, 89.4666559878903, 22.470939002396737, 94.90775324518128, -56.72988785450219, 55.111474832