{"N": 100, "M": 6, "A": [[[964.9480846828272, -113.89414469174483, -65.31685993078841, -108.42793065032457, 42.469381786564135, 30.88760121715185, 50.701823003341545, -44.0316789628722, 46.63348311679449, -67.55521825161144, -102.63217542825888, -67.65215552891078, 25.61616218769166, -74.47644487816268, 154.02169155829486, 83.19724479708191, -0.16184274966256493, -58.80749513383754, 48.940035230836415, -75.19687702928563, 16.57938798245501, 74.1435230341434, 53.5977893245919, -23.35045741178262, -96.06962094103967, -34.778350129693344, 15.319080582957161, 8.01660837124259, -61.7291258126981, 16.378251180890146, 152.431619884369, 159.20848340363224, 4.904547676095569, -35.32137885277349, 60.275252063314376, 172.7497911278152, 45.77062001529859, -40.66864546570147, -24.448361893425623, -110.70269331148816, 101.05575485462059, -117.80943209568078, 10.99056487927868, -107.3382522583998, 33.650827514532196, -25.518519233112475, -15.465181249379322, -15.960618050738507, -78.65134590608231, -91.08824697757399, -53.24513525904467, 212.44012845777837, -58.47484901055493, -68.6353724188253, -13.536795274454287, 22.42424602631518, 110.10228446053529, 123.66040136324665, -47.0630349875259, -82.80394532750822, -19.874582597804885, 87.94345087634368, 8.508610353878476, -96.09975265362228, -71.42103807516975, 118.97086564694192, -6.426077541881842, 114.17607041050988, 69.45745782273806, -10.665114995151441, 7.947788309170762, -111.29310006256846, 37.69168624667486, -29.48363050448086, -73.74748229685366, -60.4310543609826, -81.47895009108332, 131.65415011953993, 54.89143831957222, -42.88034462185248, -85.66228325808375, -38.44279816264746, -47.823938686513536, 91.36921397813917, -109.96792380583764, -55.17452750487402, -104.18181802521183, -148.71135901142273, 71.52656124653885, 1.9948802530238556, 62.54759003011786, -22.849432122807766, -49.205660348417965, -37.59426646646415, 47.5233475650891, 27.282804425559384, -126.05749982970737, 42.636328240007984, -113.94589566871932, -44.08726086416119], [-113.89414469174483, 766.5486342618948, 27.381412267633234, 25.52503827578514, -83.03892407507493, -164.30478743293347, 18.127098332572746, 10.66405599194687, 0.16873023400712037, -66.70005984336441, -167.60932938325672, -26.511594927212112, 11.303111125267863, 112.21232834845074, -1.2279650864974536, 132.47558823298203, 73.8047679300967, -51.292790871571974, -5.811628438252632, -95.83063184335076, 16.744500107099295, 12.111095409195444, -75.10254063423828, -63.51191487547933, -44.87811213384366, 0.7786569653720309, -23.32330215659349, -25.04710850132938, 24.554528265455446, 33.51439786955848, -18.498647653609996, 40.107031075442926, 5.4803804482456115, 145.89443503768308, -69.73292680679857, 46.32928621179985, 44.12293960001337, 41.698421880623854, -184.89935802132106, 161.20310954902234, -128.07344976772922, -51.64923364954997, -15.531669901489321, 148.52709790339065, -49.7997885285426, 36.37523381430605, 22.837483325455985, 82.75317158117997, -112.04135009280816, 127.94593329973162, -33.88786383844491, 48.2581754122863, 72.85458421597976, 37.21080820909496, -2.852331882540241, -88.70194682911509, -23.11298499778164, -51.62288862291527, 17.115886659381317, -27.50090080616357, -23.63579376595303, -43.4221030921466, -6.547439942501191, 10.565652918507789, 30.902002244365967, 12.775763533030108, -36.57922442771443, 22.14289119390069, -47.71506341786749, -0.18911161432950777, -52.81674419129179, 106.3619324745522, -105.40211631584266, 132.55466191044718, -46.861844630776496, 95.53052069501723, -36.77251410814884, -32.82791535997214, -41.52157680550845, 77.34763882077684, -3.2418134863459622, 85.82318168190437, -84.39934787623164, 57.60270335627726, 54.7822222274831, 31.846004991964367, -9.39939680885413, -10.61813229746584, -89.955230225783, -13.592782598218536, 47.27125008072906, 79.18284354041633, 69.8607199572041, -93.07193761108503, 103.12402097659933, -45.9016612867453, -82.93092706970076, -76.3727756965586, 125.11242161279337, -13.280233079433913], [-65.31685993078841, 27.381412267633234, 737.6201091781563, 22.238031623598523, 75.9742025940146, -40.19394661119488, 92.13802795739794, 42.437980423832165, 99.7273167511796, -5.4215772963816695, 12.576546845024435, -14.19598260611814, 20.244027350355122, -54.7953257668125, -88.60814658159967, 29.229899640976182, -42.951065096017174, -57.03798953869768, -148.6202233075173, -140.0435538975345, -75.69681250845866, 138.6503471542586, 138.17704140671972, 10.806956983776363, -9.307594853818028, 89.30570153384281, -70.16494317552764, 31.016186323211457, 52.63286764065932, -96.3198663207444, -50.16155658748508, -15.348546627859887, 85.6829132825394, -52.133472626530306, -42.14502295928802, -57.62566574957552, 89.63956759314625, -14.868366394075501, 48.31990409600059, -48.48238363908459, -108.24318730714809, -92.67647042084063, 127.42481408045913, 117.59017711908238, 11.175894895509261, 35.22866733474581, -95.25056933663325, 87.16276825532951, 55.02001987603581, 124.4094688129278, -39.78208777908072, -15.28277887218187, 100.92525814587626, 35.76993479284664, -73.8939870232444, 83.54322185353224, 21.604086557513032, 5.298360971954888, -119.32262685805452, 72.67441747063673, -104.84915209563523, -66.32884971670745, 94.73749050191697, 33.28734775779548, 148.36104596985177, 55.53392925075933, -40.86448361965837, 9.556973725393274, -80.03508195423575, -120.08989268413454, -99.2796945805616, 86.34029470590868, 71.05426336458159, -115.66275880658311, 33.883563206240844, -42.66226875492578, 24.12199674598274, 36.90447984543027, -33.378631447750564, -6.581894982527989, -88.19584299917345, -101.65889933841692, 76.5781936638174, -147.7990872052948, 53.468485041227154, -19.822392212039894, -52.7119018537166, -109.17875543869867, -65.57086954772704, 34.86551621791064, 0.49031349114106065, 7.482084659670015, -38.24893238270301, 97.73834259981027, 65.04169622291481, -70.66389559539294, -44.905738667664025, 20.64706101939422, 84.90560412424098, 19.80726728526186], [-108.42793065032457, 25.52503827578514, 22.238031623598523, 1072.236134926876, 144.28990510546126, -10.59635556088705, 111.4960528822655, 6.827964583326698, -4.578885448962201, 187.54997078547325, -14.031714132909524, -7.860421467746652, -88.071772940096, 97.33134986958989, -132.16614467089687, 72.83954552821224, 111.90647302130732, -22.434986821799587, -60.291311719189856, 81.25292497202554, 8.395056314556085, 72.43304211966554, -29.652250689183518, -77.77569131333762, -90.70864272277275, 47.49314809349825, -171.28956159355414, -41.65868933822056, -6.667363536762629, -14.989153346564606, -30.332913305358066, 7.056069779096248, -99.21904567523814, 15.214579098861037, 43.563161053234175, -85.25492878723779, -150.0851671617532, 16.98596918992407, -145.56697808111602, -135.74384200115688, 202.50095219897295, 110.25069080685046, -119.3146893095376, 83.1735471357472, -0.5633186617604188, 110.10545437324788, 33.38821087810403, 79.42991128902132, -59.242652091568054, 226.67289932678833, 10.355435730930616, -159.26605044640934, -36.48294084867987, -35.00015297916626, -26.53122735742073, 11.75295843161069, 65.71980269715469, -81.93822376439735, 13.267073265496478, 4.9972612409518025, 17.15308932789136, -9.611265180898918, -169.3389179137633, 159.2094801233017, 51.16290856546314, -78.10314275406652, -25.41783392131998, 111.62486587152767, -30.4951003137498, -160.4976942169239, 75.44861411579883, -62.39196569246782, 142.4041137163473, 64.72642996747233, 177.75468645181192, 71.71356662576785, 53.980848018027906, 6.351446603615147, 94.80857625487072, -88.20592072040515, 106.22953855589567, 21.67106034010265, -48.89304228724714, -28.73802456726023, 27.96533579576638, 109.74002326044736, -38.82134912781204, 87.33939163456185, 108.33306043389804, -109.25035031194851, -59.148224394759914, -26.061684315385296, -18.802469692965754, 92.73320809711421, 33.5928761174096, 22.112646446949142, 8.659926171970838, 30.00760543613158, -78.61021192079146, 14.883771142842146], [42.469381786564135, -83.03892407507493, 75.9742025940146, 144.28990510546126, 918.4142182513452, -66.81507917517264, -131.46170946774356, 120.66317893824466, -1.0562126820688043, -20.704517586008144, -71.48947854149732, 93.9897512796876, -6.27364555643709, 87.49487769909793, 97.85824937466269, 55.054779918991066, 101.4718198290784, 25.807138938226206, -57.32019752393974, 20.434619501542706, -17.1921719859032, 32.275309010206044, 20.038529548195132, 82.81267791883941, -17.45300964628611, 50.67679684704451, -75.97849527041149, 171.69354088153003, 52.46905138903663, -160.51002412450376, -160.35455906937136, -7.964257195344118, 35.90223513981183, -72.41222188947656, -28.257417303089085, -80.72574843098721, 32.772504385093484, -79.41529383213174, -93.12289437156925, -137.05350532088738, 4.356927083404194, -27.000234324102447, 17.105601699529625, 78.87898136173447, -41.870591048551425, -131.1554768066262, -63.901810530254835, -40.97077955563165, -29.27206741997671, 13.193250527983773, -41.210492488357175, 46.84845046769907, -43.12718955576524, -65.30282741446482, 76.32451068065413, 125.20271381278509, -89.61758386441662, -26.613252145340237, -142.69744157436486, 95.15261712284544, 19.185957131501826, 69.68080710154594, -49.74809135560245, -231.22219703411133, 32.167583813987186, 97.54914292147475, 115.31025794123586, -41.40120681419737, 5.623532833983011, 26.801939108274645, 23.78784915552607, -12.699732167711362, 80.76288301833527, -37.5886448322892, -95.38599751433956, 36.135482604655415, 12.375564201857433, -108.7151184526537, 66.48434341294784, -1.2210635443132176, -67.98700407165255, 33.46822873669642, 5.58636938814478, -17.842402111770053, 63.588165798357984, -79.22774057826686, 118.65361081327335, 97.41118826631418, -32.50027079608307, 32.53711003908011, 14.872040708744949, -77.5723624555558, 98.30803815065492, -122.3048102365678, 59.98477897376446, -187.21237003385087, 108.49176596159074, -38.2470305851836, -25.0535434207318, -81.34501837272433], [30.88760121715185, -164.30478743293347, -40.19394661119488, -10.59635556088705, -66.81507917517264, 970.1437533049432, 135.59486821426003, -108.10371643919909, 115.43222747384188, -120.01425917728119, -21.05469009528836, 27.095915814054475, -58.7220236584632, 61.75415010823247, 63.57765529955663, -134.83732135077804, 75.50675851092794, 11.861426537544489, 19.345584240471485, 81.92791215213788, 93.62206176378318, -61.5436258621054, -50.41520689196293, -35.697698926033944, -82.64805422201671, -30.94759731044418, 22.410639132908468, 11.311315255304207, 103.35056806764746, -125.79045303576439, 14.033444534297812, 29.634525335194326, 6.775296772819988, -126.83565837557703, 44.201890539487984, -55.92724736384904, -282.97280780895574, -63.65243720698046, -113.55001834221815, -29.851332794757543, 133.39314662129155, -155.78760404158712, -62.697202610361565, 22.923898051669482, -3.6223068963354015, 64.63956434462487, 5.456000056734784, 28.92140715356621, 6.332291006903522, 51.48115150332427, -96.03185356591955, -64.52975928084808, 19.41318988010139, 81.8899782604623, -24.877223447890003, -74.76922577657929, 134.15681656982733, -64.17272665568136, -78.24190942218364, -6.949895815370723, -15.153197696444472, 64.51860904088458, 66.44873152043189, 127.0025269375033, 73.30474516929645, -90.89692542025658, 6.00534314291499, -42.63015840813281, 7.898494896845224, 34.733963047126906, 188.22940320271633, 53.41038796726835, -30.665401400750525, -14.210059315364735, -2.427482121675015, 20.395360633886963, 19.654720993218774, -64.87459053949173, -80.61068589979236, 30.97002091674749, -53.4723568541768, -11.008082341745142, 19.996882925954985, 31.320515670727783, -2.2511597666865493, 64.61147004512836, 61.720261784206905, 108.16617857650492, -30.622114942800167, 99.3411002684804, -64.95031943460823, -10.444074380522384, -110.03031524938501, 90.6828663602102, 12.067318153939382, 32.248929908100784, -69.33792076820681, 141.06843778650662, -48.75939657581866, -80.79967123092679], [50.701823003341545, 18.127098332572746, 92.13802795739794, 111.4960528822655, -131.46170946774356, 135.59486821426003, 836.8591429213284, -246.09559134326685, 31.6370161747908, 0.09254110020373156, -56.78746703661525, -127.19556156363687, 91.83465028558004, -35.82958886760911, 64.93519655454952, -153.51833611086653, 165.10913863109803, 28.060108640295365, -16.780699614132523, 97.57397433723177, -23.56988589402882, -87.99374973684462, -42.535993995058256, 42.14309101115804, 25.467488805441103, 133.80342757183755, -35.95693589841457, -69.62146593636514, -34.14334247568817, -55.51544176312873, 59.40640493146793, 13.381837024727854, -68.96743576686941, -136.14710238577464, -3.3684021471094487, -41.810432486001865, -24.536389245169268, 68.96868329861759, 1.395024004502353, 5.89253909356047, -72.83571816549791, 118.86831611569333, -18.97633215784667, 48.00184246134348, 0.11692967424588209, 77.51856955189821, 120.6369038292788, -109.04094619958872, 97.06692987007726, 13.937379151825164, -29.481576111547625, -147.81224309360076, 26.676089665644408, -34.89353168865201, -5.679905985394563, 41.84496656022773, 142.0385697548189, 47.38777681519885, -42.30642492003617, -28.56444415528022, -58.61034151519798, 70.56374377609434, 26.207732919873454, 68.25664719558527, 97.34012750331317, 39.75030818810716, -59.9163304920392, 107.62805248931798, -63.04854002572809, -14.072560850384635, -81.44184263972468, 16.218905556717647, 43.65638784761013, -62.156361644548014, 60.77911812552565, 2.3754767985546303, 14.9323874953962, -78.92431612764886, -63.4990224058249, 34.75671176206992, 94.28436293642021, 0.6861818809191667, 31.86778571957167, -34.660269936050376, 1.0318078523607093, 33.13612724557287, -114.21431475044079, -134.68193986289754, 108.28080881459394, -4.811546864176583, -52.56727743112406, -16.60384793528027, 16.645106117485838, -87.6666646043388, 61.27494687572749, 48.885519702599716, -110.81190597984417, 3.193692248655152, -49.5319189645337, 98.53428837396055], [-44.0316789628722, 10.66405599194687, 42.437980423832165, 6.827964583326698, 120.66317893824466, -108.10371643919909, -246.09559134326685, 830.9326601590797, 125.6440901851296, -117.39774500816496, -36.16033965262396, -80.10887081305573, -115.649005336473, 46.69897298890312, -49.45654053294424, 27.485065028237734, 30.4794577186938, -26.290611909699614, 35.733043877388326, -41.260598775713994, -18.03770607312551, 2.875887897098862, 102.80163405982897, -96.2418392707213, 47.351772425480846, -42.75537731527603, -110.3941046934844, 5.3034804386593395, 160.0966191275301, 46.177023560979144, -144.72985383703835, -27.908807553077363, 34.25527251928504, -16.847826760481013, 59.967084278333175, 21.276037055913104, -59.58935333129775, -119.62784855235819, -58.042988272137556, -18.087077282733286, -118.1960287759057, -174.8108401476069, 0.20632861958831797, -20.96742356713357, -35.04316587262311, -63.59683919016856, -54.91207204972578, 70.74232941470572, -26.29787353526649, 101.20806430629442, -0.7070533142793135, 42.922952273414346, -0.8697295706035281, 78.58805127586662, 66.46738091741588, -107.57026829376534, 55.65457719061543, 11.152756075240797, -26.907264766499175, 177.2974128505434, -69.4028650577855, -93.40227970629316, -88.85697992227979, -46.660149944750536, -49.35898739081634, -74.24090184813531, 63.44893568703852, 100.74993826861316, 111.83959883391246, 52.49572746585099, -131.78924574063424, -62.27405700893616, -31.858912449894323, -83.66816957845205, 16.3053918477443, 76.44014627504257, 161.66173939865283, 0.6932081328775991, -17.874524491903554, -91.12356526428404, -87.82115971379221, 10.656635800431621, -45.73282542750965, -42.43192698263221, 6.228963702808504, -79.67816958113366, 82.03037759615547, 7.991242131136693, 84.02023694385727, -87.79616694984998, -30.031194131162728, 60.5492840428507, -145.30136257050145, -21.86920579966574, 30.282184564150505, -14.006429123629186, -46.935711453935575, 82.26611980776079, -65.60726348981832, -155.51072968591885], [46.63348311679449, 0.16873023400712037, 99.7273167511796, -4.578885448962201, -1.0562126820688043, 115.43222747384188, 31.6370161747908, 125.6440901851296, 640.1207551453291, 23.57118446317859, 51.78132500354899, 120.71051035179593, -103.25136173706824, 54.28088016843194, -26.76007336453867, -113.54599354052634, 73.87948731336402, 3.4594544030118275, 104.65174077203388, 36.52250752092701, 28.486055206844746, 20.948571752638188, 19.278869578754218, -12.543878373974842, 105.93399297101547, -76.76405917515666, -59.8577933969285, 51.99708671690282, 137.44451850706133, -38.1532316193464, -16.85710546584424, 53.3960556806451, 26.76380821761647, -57.438334150820054, -115.79457376595722, -21.82398591999008, 0.8984006380670166, -22.13084416166851, 39.669798713571346, 107.95596982796987, -85.15822593972331, 58.84144455600711, -33.5428527581578, 48.55444002349387, -8.297885939795885, 75.11951209276965, -62.84122805003924, 86.81033526903231, -37.42570006198923, 16.22950079208543, 54.73511620539474, 51.618465372221166, 63.4807254108838, 73.51282214903084, 120.87838676962238, 76.35887964303578, 107.46419065451957, -70.74054688546742, 85.79394237484479, 23.64036422182181, -104.07838233297869, 71.739936061857, -94.00782400116574, 28.11541745737598, 35.558119695083285, -124.46417555808605, -106.45270387992039, 48.80138164441732, 61.42508889688759, -100.91381714009377, 3.293539848347384, 82.41481268756219, -75.29311986918177, -117.54374793253768, -84.60703098922286, -17.525334146177435, 4.218840827943555, 60.860893792596414, 90.4663332625439, -129.5778295975767, 44.8646110631976, -68.45071480024379, -30.05865828983697, -5.533976068536957, 120.67646017246591, -53.887454755917545, -15.86307381732305, 70.22488242686381, 41.93580875791195, -109.03237263747093, 28.1560193499933, 89.75068975500857, -114.53470843421218, -2.934888600341492, -72.44938706103216, 26.22074412932524, -51.50274907448387, -33.18665159946002, 38.72936094778345, -36.703800178669546], [-67.55521825161144, -66.70005984336441, -5.4215772963816695, 187.54997078547325, -20.704517586008144, -120.01425917728119, 0.09254110020373156, -117.39774500816496, 23.57118446317859, 923.5737478052519, 98.3642034255407, 148.62800909209375, 25.707097279364607, 162.12486642414177, -148.11456617066258, 28.121192050004126, -59.99158374860492, 114.2308112490633, -47.27306880629984, -0.8435107206517458, -50.69902843322746, -45.508359915161655, 40.1087540868184, -10.677169628658566, 95.50103681838365, 51.6687972467077, -141.69529752086558, 25.951552176405865, -23.065406302911697, 62.09029828854835, 83.58397839892108, 58.760548008344514, 45.24228035653407, 0.402779838387435, -134.76013616756288, 10.21164323473964, -28.478203289941035, -5.830944377887166, -27.330322028635898, 126.9711566380323, 141.32184762872842, -140.44908183059962, -65.37070024855352, 81.4709756815052, 25.368393079860994, 47.93585303531041, -81.43062248043435, 55.588285054710745, 22.511447213277442, 52.06782801156757, -93.45066537812042, -3.3541377246120536, 11.15232291595919, 95.45606889469191, -95.61561513993034, 23.684698992599266, -81.21546831363464, 63.53924874817164, 6.395116981297152, -25.38715903344788, 131.51825512706122, 26.697464180924875, -116.98145755165214, -46.512517405668625, -116.71479530984051, 84.77696314303455, -23.310959074965652, 152.95520147156708, -72.3966748259372, -24.466981379916646, -113.31934222162005, -46.53779769555351, -55.375549952760394, 21.072588738624255, 23.078742044585436, 192.18345310293716, -38.88932222689441, -131.84619160584708, 137.5770117966812, 15.05892500407087, -133.7562115552464, -139.1648439022339, 83.60286582709273, 13.476343861044366, 63.05339633212419, 114.59481253066359, -147.68642626882252, 70.0840024778222, 128.78267913364928, 99.20509822739443, -70.93997918812049, 41.628926134684974, 94.14091324229328, 76.1124400489503, -57.73656830889933, 131.54516354972313, 88.29601691446271, -143.520634055922, 124.80195450737868, -9.25922892745811], [-102.63217542825888, -167.60932938325672, 12.576546845024435, -14.031714132909524, -71.48947854149732, -21.05469009528836, -56.78746703661525, -36.16033965262396, 51.78132500354899, 98.3642034255407, 765.0176576681911, 97.01085559613294, -73.87940844682385, -97.56165118499732, -113.15161188970005, -1.8894190850839967, -52.10963711952919, 43.49154849668262, 48.45658962947999, 46.06469885995788, -14.828386331610227, 44.33101835285456, -30.72532545974082, -47.47280879001505, 121.44041425516637, -1.3037643996527486, 1.8103159150180275, 4.647615300316193, -3.034014769420514, 6.047583538927582, 13.424670916579052, 39.21640636237498, -214.64019093695342, 26.795820647752063, 53.21592659904298, 26.462972422495767, 51.05754663430517, 18.999731967692714, 148.0906695901273, 14.507339779889566, 109.36460123695143, 98.03887843324212, -49.87792240289895, -108.85188644803117, 79.08016910166901, -36.05288407045857, -70.3104066992863, 86.20208967432654, 50.73288477456577, -93.6724804355156, -70.45495707296425, 64.2779644508154, 157.534882950831, 148.69353489267579, -42.885994722784275, 37.09021453249576, 71.41685828884359, -92.9176273013371, 24.966193030859056, -23.032015593131753, -91.94974201926884, 14.56240352647438, 31.859140784930663, 42.561193422904516, -83.75611603481929, 153.68510192997886, -3.3205450863200947, -28.267222300524377, -41.1570882187628, 1.2751715726530308, 17.81841565296845, -34.21730974091295, 110.41869008107516, 34.75776671779393, 16.597983106247117, 167.59188788851952, 36.01322475659426, 65.9401689682888, 127.8731713932934, -70.46670212057703, -161.41663945012803, 150.88947100104082, -113.405883405494, -79.34719137870043, -3.5732013972991092, 72.65613023816934, -13.321834086154384, 24.427348399298257, -78.04302481939256, 40.63920927333798, -52.56303896599173, -48.162089982861524, 26.83471977365585, 47.1109561140818, -64.67486558796081, 48.76764593287148, -54.979287814972494, -66.14924984268144, -35.52363213220039, 14.384399424592234], [-67.65215552891078, -26.511594927212112, -14.19598260611814, -7.860421467746652, 93.9897512796876, 27.095915814054475, -127.19556156363687, -80.10887081305573, 120.71051035179593, 148.62800909209375, 97.01085559613294, 993.5026958580956, 18.19821737744035, 210.28135424258804, -228.6291256021261, -22.848164300455036, -14.644187948461743, 68.78262432792806, -113.33245013460807, 1.5486635479919006, 36.258138525639794, -6.988261326260733, -112.7520091412445, -34.644544880343375, -53.00258170222491, -82.83475490816599, 51.982011903311424, 150.58566802661235, -96.24165991456304, -126.07690008848378, -45.69971185801801, -22.44602596537965, 10.662340178834173, -65.75229036531992, -99.62651020406429, 57.000012951404685, 63.442091319473526, 69.27625842060988, -160.56425993619771, 72.11238837406842, 153.53205168642276, -39.960147901514645, -57.754981488251886, -46.12653180342026, 76.28490839147806, -108.72275477112477, -56.06160285886856, -108.55293955302906, -17.338286873770222, 0.4462362092716647, 10.903981777963098, -50.38667191027204, -185.1108120498528, -40.118092423374286, -43.44155864949214, 66.93921923445049, 6.275879380536422, -42.43838317313412, 122.86772678185338, 99.23564115794323, -87.47214212969325, 5.087789640237677, 18.729390555889406, -34.115385532103566, -79.8892298683665, -4.35409147553712, -88.70336128814324, -74.02996256170654, 17.356289339042522, -247.14992234328352, -91.99819665768901, 150.98075718002423, 66.98360816662907, -76.2109041055224, -54.877685089473125, -2.6810098421467887, 38.70294465764699, 19.42071122905516, -69.77887902689801, -108.7386176201417, -43.08072193690612, -100.42694651466107, -36.97926300257265, -65.75837958181462, 45.22543126919644, -50.975618129807195, 78.59101907608462, 60.9302875807093, 23.31854381546847, 44.900040564934486, 113.47758908461749, -82.56595858341272, 18.587015182833476, 190.21870533475084, 4.34633029245762, 37.09523981750131, 90.85770278911018, -34.25375476581273, 47.39177738164852, 71.36899685854802], [25.61616218769166, 11.303111125267863, 20.244027350355122, -88.071772940096, -6.27364555643709, -58.7220236584632, 91.83465028558004, -115.649005336473, -103.25136173706824, 25.707097279364607, -73.87940844682385, 18.19821737744035, 901.0396711581025, 80.70372889592109, 64.88402852761077, -99.70001174727214, 85.41285334300966, 53.78684922122235, -58.425575618749065, -86.71905343263929, -63.45249801825771, -265.5732958627636, 21.7231761614555, -82.60882548391253, -30.894643364457913, -38.826527103574584, -15.635212240134752, 30.75759083007748, -45.756444302038105, -105.13822278901722, -3.694063353101827, 114.60351711536025, 88.00251022386404, 68.77450057966333, 34.459503298506974, -53.92602989023364, 89.88851214021123, 203.67006382397489, -31.19468934183404, -33.916713187966394, 108.08039859634945, 77.94541651468035, 74.02895343568589, 15.332770178604651, 83.16797079966427, -107.67769781200394, 179.7116404039839, -75.69973257010325, 31.069811442143205, -96.09089619378416, 64.19799190070029, -33.10000976787365, 1.5030467810910417, -82.51264639129109, 21.80811894602751, -32.717154204401396, -81.61115011841527, 56.33981686702489, -1.2946064950432303, -12.328199131921952, -48.83521903247515, 37.42942508682062, -3.8369451375364894, 54.50134910050356, 108.05665679361755, 36.60329078953174, 55.826432665869866, 68.13329300898596, 110.96738769221874, -34.117177864762034, -0.32566709297288426, 102.2108398717854, 42.950101747109215, -6.189110459746909, 74.77342618873998, 83.62826304200401, -144.93081694636615, 64.26195895999271, -71.3654139267893, 18.401705203813453, 13.856357476536322, -185.3310314113206, -101.93469109473759, 6.010109989681908, 60.43133187264999, -0.4381841386004421, -6.145057171950072, -138.21294908482054, 8.740402587092161, 76.22636919445748, -176.64316562365173, -101.13843394175679, 48.62099056816635, -2.9808633009946464, 24.616582818984284, -111.75060405319061, -8.215233502649859, -21.706674584237927, 29.619040855252972, 7.670411291665315], [-74.47644487816268, 112.21232834845074, -54.7953257668125, 97.33134986958989, 87.49487769909793, 61.75415010823247, -35.82958886760911, 46.69897298890312, 54.28088016843194, 162.12486642414177, -97.56165118499732, 210.28135424258804, 80.70372889592109, 776.7427708413434, -0.12623524778851128, -16.488048483432063, -9.067821314003716, -32.18273961249501, -52.14904473875782, -163.97426693157487, 26.347311733001536, 65.76796539457365, -45.213631481617185, -132.34160886028425, -145.34915444232257, 12.85158686738655, -101.82626045533311, -54.11695822170111, 95.27812880831375, -54.48318808040751, 60.15132693102003, 46.77142848873806, -10.424089675692995, -83.0299529869221, -45.401670797982455, 45.3437767649552, -79.14275566706128, 111.37352219460996, -144.89304912768407, -56.63899918716143, -63.02241870441459, -140.84883286685357, -108.01092132273081, 65.61491184629406, 75.88282828831106, -23.785576014946844, -0.6384112739163654, -83.60968495411997, -6.670152794191578, 83.03794360081109, 99.70036417400046, 47.831058372242786, -41.001491699842795, 9.095700277854725, 97.3293958353096, 14.162469403788641, -46.50978405447355, -23.555575818569086, 130.72465452325173, 11.729194469217537, -19.581416961307955, 55.90166577314438, -29.01895385527421, -39.557919310602074, 32.74000287239998, 43.11736609152155, -41.16620645328429, 69.42777918331423, -42.02149588323762, -73.30517507030247, 78.84991817779813, 63.308278293413295, -17.070944107889765, -11.68722473919256, 34.010646222816284, 11.185281689479677, -6.7192430810555335, -93.94618374476133, 117.16527694173386, 14.375045879672689, -29.215611255763317, 15.293759006027264, -16.242371721020163, 29.30902555591545, 44.4463497498407, 31.75126653735681, 86.01253570104534, 216.9166571573666, -88.11268719964032, 53.72783465629452, -34.263253132347295, 30.867786383374575, 54.74771725113287, 154.76218053308173, 35.30858019317627, 32.8253576403875, -5.64864753958355, 119.1659371364266, 103.74016884421422, 35.5083364239978], [154.02169155829486, -1.2279650864974536, -88.60814658159967, -132.16614467089687, 97.85824937466269, 63.57765529955663, 64.93519655454952, -49.45654053294424, -26.76007336453867, -148.11456617066258, -113.15161188970005, -228.6291256021261, 64.88402852761077, -0.12623524778851128, 1056.3791647555545, -164.65759372437122, 93.99995523262163, -115.39449182598116, 50.58942283890152, 55.677805371629525, 1.34595701570165, -1.9230985163684151, 21.697711929490108, -44.915126174472256, -67.14418267671708, 34.70878257311121, -81.35679372180816, 35.76283062019948, 47.48683169099166, 55.98977150060607, -22.11540460852859, 21.523252062361404, -26.549123844257466, 80.12516108771011, -9.061209939440937, -41.38363736651179, -68.67095481784973, -4.872570996705828, 89.04334184993816, -163.6192974914768, -11.314040349179619, -8.455981061340387, -124.80657175684648, 150.7119872816157, 14.667680568120213, -148.30252764433544, 124.46919817710413, 30.312449004795244, -106.5651345079751, -36.45970221777337, 107.60550822188391, 44.19074976017081, -23.99855291997133, 62.72339637462466, 22.383109312030548, -60.505358939526964, 7.8222206172955016, 40.48704025683772, 49.68554454915302, 65.79900621386784, 54.9637385210206, 136.53645911796528, -2.8699258410257453, -60.20517364068342, 87.17821777822655, 49.805660170314916, 18.44787404214362, -95.14015883230873, 99.55932114898718, 95.2115301884782, 51.30146199409505, 17.57463035250811, 43.94192646471807, 32.12395083328103, -139.1986943482657, -141.3965870490678, -133.2317690031628, 82.13553658833534, 48.29241532570445, 138.69112304595822, -0.11798719918890097, 28.673434686415153, -76.79257151470729, -33.9421768609128, 14.809223922539639, -116.97072441448913, -11.850362472653611, 125.30045844853359, -5.105342411148194, 89.09453873098704, 46.5979139030389, -21.663010820047372, 227.9006219672061, -80.77492206360336, -9.616502432755507, 51.30313010060871, 24.022366162988327, -79.52675953198906, 7.1502953848797315, -69.09053114729237], [83.19724479708191, 132.47558823298203, 29.229899640976182, 72.83954552821224, 55.054779918991066, -134.83732135077804, -153.51833611086653, 27.485065028237734, -113.54599354052634, 28.121192050004126, -1.8894190850839967, -22.848164300455036, -99.70001174727214, -16.488048483432063, -164.65759372437122, 821.156202137863, -188.80044145591242, 22.276990731426654, -26.860785604667537, -54.79499386330064, 78.93428875275372, -69.34551093719334, -85.67396642100697, -28.5791629422413, -16.053825724679875, 53.50648922706365, -17.291765722990892, -61.86717822144284, -52.571882494724875, -8.619106013394932, 89.63565376725617, -94.4283661302908, -40.223492568771675, 20.466080886896787, -30.677771000269352, 105.6497774280758, -69.04969983279626, 45.79725477191964, -93.77218931199134, -68.20963994483064, -37.093061773287005, -24.76812572734231, 40.28794594026102, 3.287579123290385, -82.07657773356085, -180.5119282304274, -184.68527735313603, 51.836401181064716, -40.12489525917714, -20.467909969558775, 62.00259573479903, 156.47211485725884, 133.23051289621878, 70.92225792767735, 212.53012031279127, 109.49490879238917, 19.96788334800886, -29.195979629203418, 2.249042834252488, 22.065202939976327, -41.439170117596184, -63.04081185419157, 52.44735139060519, -114.86979653557401, -23.992444368277447, 111.87825501844321, -52.387012967280945, -37.743330745200254, -9.419622697343087, 21.18638194330372, 109.58014084833802, -15.265967682125149, -66.4513064583194, -16.937416626036068, -117.81301624084458, 38.99365748583833, 37.699497612687715, 48.736004466591815, 61.67409081022298, 80.85408763343328, 139.17311109434456, -15.03272038100413, 65.46211237222191, -35.29046346880355, 16.48749872763392, 81.85434560444442, 37.673933485415, -75.5369173180504, -40.54017434604699, 68.10240381725474, 62.20652513319497, 77.2713682983504, 49.01049975208979, 88.18373551623655, 57.52603066548212, -9.693717409153141, -72.95689904996333, 42.78574704673213, -9.656440266677974, -42.319217106224215], [-0.16184274966256493, 73.8047679300967, -42.951065096017174, 111.90647302130732, 101.4718198290784, 75.50675851092794, 165.10913863109803, 30.4794577186938, 73.87948731336402, -59.99158374860492, -52.10963711952919, -14.644187948461743, 85.41285334300966, -9.067821314003716, 93.99995523262163, -188.80044145591242, 792.3425812312516, 76.24929687620067, 27.26203833967148, 116.1719164175183, -11.279106678964034, -32.05414888180358, -51.91076838728218, -127.79293597950404, 101.38002510643908, 2.3868355207121383, 20.354043103232083, 26.858937611702256, -85.15283056015079, -61.399142765381065, -128.17394690969013, 91.96646075719593, -82.85645962160376, 48.9473516748388, 70.77803897095583, 62.69667806020683, -94.62153659401392, -60.32457413050565, -13.327950915565092, 66.0759531236112, 8.19345359135472, 164.61305973186793, 10.175535589181274, -19.202807045105434, -85.91886052931409, 49.836924934449385, 64.23936907090958, -0.6990730256427788, 27.415502039805567, 35.432967490027295, -48.919080176052354, 34.705552752561765, 26.182348733390697, 6.732350437326516, 61.09808839212143, 75.5131709466124, 65.02415354496, -108.28561679518832, -48.58363572788735, -13.80612703487289, -15.339876695389059, -74.59584761755153, 9.678788634364457, 20.320542167369968, 81.72209929195446, -16.776487530732325, 137.47359190523022, -0.8866205125871004, -35.13834983688853, -79.34365282768294, -19.161492562170597, 62.055195928133, -88.61113488461963, 201.42765409673976, 175.61639345117692, 47.48709183147042, 28.591788676506653, 164.07615595110818, -51.18966349225042, -77.58104654329216, -72.52772810983348, -47.084743947203705, -133.10359678042144, 3.1464262263131393, 29.999813986371464, 74.87685118947572, -17.342517837447662, -59.249467433132935, 5.827959064310383, -14.918339206137242, -28.83851190508571, -39.66233525792514, 61.094851305109174, -8.164323253503651, 43.67927619386322, 93.84187955924152, -91.2973031418644, -9.900440598405261, -15.922847985233807, -1.1669951609177875], [-58.80749513383754, -51.292790871571974, -57.03798953869768, -22.434986821799587, 25.807138938226206, 11.861426537544489, 28.060108640295365, -26.290611909699614, 3.4594544030118275, 114.2308112490633, 43.49154849668262, 68.78262432792806, 53.78684922122235, -32.18273961249501, -115.39449182598116, 22.276990731426654, 76.24929687620067, 770.5142066825334, 7.678845616880841, 144.99098722730133, -19.4663201992025, 13.750655761753208, 110.22546618789083, -87.00765474018002, -31.991175811353052, 9.280273271653117, -12.573173147607665, 45.2187641626457, 75.52869266733178, -80.10342504319803, 11.975176613116183, -33.27214165591069, 112.36591028629036, 116.88730265426213, -133.60262559835917, 3.562788726261896, -33.49923672904598, -65.5470252715281, 29.923057784338944, -52.52297471893896, -63.297340582050914, 79.02004267940131, 52.35974093518753, -15.217806995650394, 5.6252164664073305, -55.0098706833234, 29.89765217247136, 109.35571366193274, 45.61306803368493, -58.11268606170387, 83.03874492954633, -7.4640647462857155, -76.5617220092849, -15.706165080220643, 139.82020593118824, 22.57657737400406, -54.26551506421253, 31.46817791351494, 75.80774816481049, -152.52018608806816, -2.304933691956732, 23.177263577880257, 117.88374897400745, 34.534332366645685, 69.71662747217223, -36.0243499582128, 74.25227627305266, -62.08393365218057, 13.802955586632558, -104.30469189375445, -58.3587782892519, 12.925730639737404, 55.93677909210757, -83.71111303235074, -90.52282438879006, 18.708468217954515, 87.2229508547304, 71.09987264598061, 74.31894352183498, 33.617181673611384, 33.639002114972826, 77.14039730850908, -68.99380287804671, 58.10448010782077, 184.8580869572559, 30.97626649491391, -119.85750586060556, 56.32266673805591, 103.81196066221516, 8.381251549147393, -25.466273236038273, 27.16655455381033, 16.4457325304603, -61.85602770676722, -38.65146422177364, -46.03420572305398, -55.008303134331214, -7.304004711262358, -47.14534243790577, 34.4571775384759], [48.940035230836415, -5.811628438252632, -148.6202233075173, -60.291311719189856, -57.32019752393974, 19.345584240471485, -16.780699614132523, 35.733043877388326, 104.65174077203388, -47.27306880629984, 48.45658962947999, -113.33245013460807, -58.425575618749065, -52.14904473875782, 50.58942283890152, -26.860785604667537, 27.26203833967148, 7.678845616880841, 1013.3738198885028, 126.24646373954577, -8.512119448028516, 42.10285998564447, -28.514880184115746, -6.170791764246387, 117.34560163223563, 15.251676376059017, 91.2449390417271, 62.6526927230382, 166.3473461356987, 43.06422427517531, 10.317414318966359, -73.13685746677005, -50.29896949418052, 156.70692798934834, 168.42770835420816, 76.04075480359144, -44.190436708044025, -69.15597182195017, 86.1338994803412, 75.50316002164972, -25.946581851321884, 56.852206625408236, 92.9191978367186, 46.18281055590576, 76.13364608442596, -68.91466696629759, 67.10947110986207, -125.60020563500089, -156.9503783144426, 119.5864653361731, -63.049212861063104, 4.061616288222876, 119.3122151847621, 88.04707237913425, 30.26080283151079, 143.2542085509778, 4.963708219666158, 35.34251988053934, -1.1860467110560964, 57.42990553027996, 9.694205225957145, -185.34545400666804, -132.6429951330002, -42.6177789639727, 50.397762855762686, -12.33641840754682, -148.66448713877543, 47.78348524154043, 16.474775024815337, -82.26834869360484, -8.303162055019344, -81.35148010489408, -107.16576462277767, 46.55499513473987, -74.44902688547724, -31.723625232404544, 14.854559271808718, -47.945878181691675, 92.44322328583914, -13.28388015270138, 217.13135147701044, 68.83799306936412, -28.618952335809286, 173.50783888626276, 9.105086780128191, -8.508614117069815, 98.6359978460851, 49.81842172120874, 54.02757664864378, -95.49786297941749, -29.91556949551314, 42.309303783956814, -175.76398196663405, -22.25901776111653, -154.18378722742898, 14.100730451034241, 26.044547650564894, -191.57080278617752, 33.455613592508485, -19.38098543473892], [-75.19687702928563, -95.83063184335076, -140.0435538975345, 81.25292497202554, 20.434619501542706, 81.92791215213788, 97.57397433723177, -41.260598775713994, 36.52250752092701, -0.8435107206517458, 46.06469885995788, 1.5486635479919006, -86.71905343263929, -163.97426693157487, 55.677805371629525, -54.79499386330064, 116.1719164175183, 144.99098722730133, 126.24646373954577, 742.9078794637255, 43.6034062986591, -7.517023177134077, -36.453795522899014, -4.239775946278771, 54.93344526833568, -172.4519558785675, -111.0530108667626, 19.704336353713714, -40.729568584936565, 34.6290766720357, 3.6129370670775796, 43.48468451095313, -88.73537288939025, 19.64836773996743, 41.38290916236689, -16.01343185737841, 44.20798465107907, -114.46673999069145, 72.26290875291473, 147.3955458743427, 79.73508370440402, 80.0672743014928, 21.532131246006312, 78.7048895692414, 7.082247704821305, 5.432497551667704, 2.0256876895816736, 75.6351884348959, 25.616945961226467, 34.44937400533719, 19.246555547497774, -33.68526378400672, -88.88823713225855, 132.33353805998345, -45.12815359831593, 69.55765256748934, 74.76700329992359, -92.95453721718046, 137.74032282376737, -77.74407048151049, 43.47333072235863, 137.13581677268044, -49.15386713769368, -38.944839591416894, -70.97538239015435, -14.420481491322866, 30.869595344092655, -46.47649959661146, -46.58935047657535, -34.466973248891165, -38.953965274921465, -166.52261220012315, -22.280432877177336, -133.5588227736832, 55.47069317185846, -70.16068042877093, -42.87907078836125, -29.433048549063, -55.9351514240422, -24.46849478915513, 118.87552354531233, -148.45500072253108, 65.66967862988989, -11.20746907726254, 103.86602179291297, 72.2306728771319, -10.413331227266983, 73.86604377715229, 118.05950695239406, -89.64320656153252, 107.41412663933716, 18.85897397848212, 64.94981845028458, -41.261553090376026, -64.10564853667904, -55.57532730519264, 111.00948950001052, -107.88399171959736, -70.22059004912276, -49.14661107081674], [16.57938798245501, 16.744500107099295, -75.69681250845866, 8.395056314556085, -17.1921719859032, 93.62206176378318, -23.56988589402882, -18.03770607312551, 28.486055206844746, -50.69902843322746, -14.828386331610227, 36.258138525639794, -63.45249801825771, 26.347311733001536, 1.34595701570165, 7