{"N": 100, "M": 6, "A": [[[893.8735621570912, 3.8747547642222124, -77.76401485618958, 73.40115773399349, 7.10585173524751, -34.62140410904218, -18.89937290327158, 35.134550249200295, 29.592378059752008, 53.19420025348174, -92.02109559463018, -70.78965344514037, 133.7581175389029, 22.20715077727696, -17.21951250496687, 0.03063171973192996, 101.7005241878591, -137.58752076340315, -37.83048782416681, -14.570060929194678, -92.9454158495103, -27.47013673757751, -49.57219167361124, -67.05103833753797, 103.6898729857276, 94.48554140388536, 146.20026331402585, 18.904688591870883, -86.25010675828109, -2.871375077741205, 151.23316760999273, 110.73238781176165, 68.5343508810028, -105.5139254596409, 66.85881609334346, -5.026156224354147, 63.99043158941811, -124.01347983949572, 68.57095914298696, 50.086511855921, -48.05876809220385, -50.567056131955226, -97.868718427998, 8.389149174473015, 44.37759253547061, 76.22090708119356, -51.0940426562641, -177.36144498365854, 8.190057662594763, 163.15584292389875, -14.83379749976192, 18.552114639613706, -21.76577710799915, 33.29479923073126, 0.8806536047111634, 81.07123483035683, 18.353214957451705, -62.547370610905894, 110.6271276249336, 95.88310431531846, 35.44566789518863, 81.33157921709522, -118.17191472397663, -3.169681464956712, 92.3332770344465, -49.98572642011504, 31.630707112978637, -11.748910618438405, -4.333362309799954, 21.69424548098467, -37.7274665053111, -67.31609647408155, 47.26458328433814, 15.21868556838072, -107.2056881001451, 27.953231312851276, 22.525030484749553, 135.79422621314316, 32.09686294271212, -31.427232373363978, -3.516320742973923, 82.42761726162448, 33.357090293022836, -79.44819117341538, 32.26280723409705, 100.02838123658444, -17.893214931586595, -23.02235175124953, 86.14923952969247, -1.2634269791860653, 30.469187267428158, -62.73433879870141, 24.021399804232345, 34.10647894209956, -29.093609732776677, 58.75301595246349, -8.536849402047807, -29.296839616331063, 49.338227056242204, 14.588542129982939], [3.8747547642222124, 665.5670724060868, -57.3543609050241, -94.0525523087819, 13.616937569842388, -11.860298469571491, -75.00790848425395, 60.81990833722523, -55.511629495640335, -19.054534248558166, 73.71847921143264, 133.25746430693337, -2.45637725822465, 13.16202410806592, 18.54720767151264, -74.47972390163626, -25.40149538916741, 18.613905651741742, 60.27306335542358, 36.33707776246259, 8.026883797366777, -49.93579198438649, 5.981760561113996, 115.17013437254576, 45.3686454018175, -35.56775619902036, 12.012479734166543, -68.0329489642372, -89.11604801639338, -54.575450082453436, -68.68731491692347, 91.70168460575073, 50.14669304766483, 8.503520009035439, -92.93147546337867, -24.108147067452514, 39.326146620607204, -83.02681841784522, 49.78370156819341, 16.51626354930203, 67.96619897117957, -69.1204296328879, 137.80448751943757, -4.3801793997806096, -16.79150395969322, 38.23447950185811, 0.12012848135888655, -60.86573585702466, 6.923383053716231, -13.3968109346564, -123.20823314821163, 140.8710949794898, 35.51988269636415, 52.43051230205132, -89.0473047286684, 140.61517352844268, 1.8670274575128287, -18.54063604703546, -144.5725703125463, 93.24554582528741, -10.865614070364293, 30.32503288980988, -66.95384464969098, 23.343991195843387, 31.566531780448184, 94.24603556606887, 45.75068917787479, 87.28877577577639, -36.170472373484756, -20.674209405641882, 110.93765313556413, 27.428113093760246, 13.280076497566732, 15.029886011017018, 25.892111984321808, -78.3608827842145, -83.67527483761151, 13.318480688877537, 25.66350212742979, -3.7012472026008565, 13.97495668034121, -112.24945125477832, 12.544443480168201, 0.5577744196148146, -44.258114182663554, 47.3704568324399, -67.28968112899467, 17.41263547914978, -43.99644906047347, -9.435560467895456, -57.12164387412068, -68.31110027467932, 67.81000275441812, -66.37124383438045, 27.699618312520006, -15.002592997533064, -119.8127641479499, 11.671279605759121, 37.04166450130991, 16.81187267822632], [-77.76401485618958, -57.3543609050241, 655.7560458647874, 89.97005702959547, 29.83511330045654, 37.14538725641264, 61.94580556667448, -19.48839387064607, 69.57153638189637, -42.94516801214791, -97.98770873777939, -117.07690890318372, 98.75971239561785, -18.491998558417766, 43.34821935758809, -85.51401623089828, 5.007902600604307, -33.929109211384095, 37.16829008634749, 50.24020694565709, -41.456058130464406, -58.70007304681563, -4.309054384193634, 27.248621992177394, -72.51034897509116, -49.28877399852946, 30.328686871187074, 0.8036559670359038, 84.24804497097647, 4.7495370726764214, -42.789711503341955, 0.9415118181338672, 52.13483298732712, -32.412617019105866, -4.478581177403276, 20.24706574546877, 15.769609802556976, 49.94496634313768, -0.9781757343336113, 99.40123226654583, -58.11123669362523, 21.53296023295939, 37.82843455745062, -9.490466086972514, -57.75143685453208, -103.98954259242421, 0.6468990013930948, 39.77491371730622, 19.594594181729203, 24.546356701571057, -71.47283113517666, 67.44218539531325, -2.1421689274175915, 138.25622261278502, 6.978757372020789, 37.683367217975636, -19.944395818891053, -147.5471391691312, 54.49891428587168, -160.48566617299204, -3.477879702793868, 83.47713547055412, 110.864966659801, -76.51101002102396, 27.82169157541622, 69.05798958311576, -77.79412905663568, -67.39684882688447, 31.28115263213289, -21.72764326947501, -9.663332558715435, 48.78017230054966, -29.026203187090314, -5.93049075758107, -16.359946944021885, -36.64345189784957, 22.677114079284056, -16.919335845019784, 4.424391095517805, 26.36380349823092, 16.788624253256387, 109.4474401737355, -26.43665706080885, 12.935370636950365, 18.456133691403526, -23.824395257197942, -53.11658106635327, -4.362406178614682, -88.99403275628237, -10.315271732488824, -6.778260925577307, -23.404173400452308, -86.59064752608374, 3.5862258967384495, -167.70250079454962, 5.162046537852706, 18.675780981520656, 36.28558280553825, -53.31924107998881, -39.302408004036266], [73.40115773399349, -94.0525523087819, 89.97005702959547, 700.9491223824424, -66.04804201223828, 56.06645328072357, 89.99302529692527, -74.58302980282718, 33.721192795710174, 36.32833138778225, -66.5836162904915, 22.288878920400972, -76.99406463724105, 12.152925063391312, -46.84542719940341, -113.00757764233087, -17.29448073918298, -79.63351862220006, -1.9147580043245935, -68.5692379037924, -10.197905360210543, 79.84462111771799, 5.518098614504959, 47.42242609023877, 99.33616800351253, -39.300625402835806, 35.64183450219725, 49.5812237983525, -9.061271578129396, -52.19493760827051, -106.13458743248698, -16.656658623260043, 52.78268072662116, 43.240128702223224, -34.30830009888663, 69.57457332271389, -80.50797386162635, 12.196330708467853, 29.69194844305438, -68.24847121164768, 28.818478081828697, 106.79882113315684, -56.42538004147278, -77.81206268312218, 39.96772666228128, -7.349096678258197, -4.717196341919932, 71.81855773128144, 82.28002017320749, 29.45491453343381, 5.712453218799562, -0.5002278427356246, -40.79357136942832, 9.381227493163227, 84.68680429775395, -26.917494246017053, -63.37612364051631, -57.775980981037996, -34.940945665405685, -22.61949613338255, 53.191544129931124, -36.434610639908065, 39.39045684916002, -20.768562488275503, 8.301854703516304, -59.722407060036495, -40.9131018654038, 11.892073996531414, -8.569816561399326, 154.49187816809652, 7.826269193561861, 56.466896137964305, -3.8270588902567777, 38.38552068033448, -7.304017657990014, 48.76592854511189, -146.68919868271547, 16.695611222675264, -8.782637508354346, -107.05380844676743, 83.4959829394484, 23.62936536347225, 59.18588731320082, -31.196171809739436, 104.37059212779599, 67.66544659713719, -10.910255823845004, 4.258814974433474, -101.5551068916052, -55.741342185973316, -12.142984824720783, 53.478286323587334, -32.05499087700667, 49.4397584482105, -23.167582371755532, -5.790996067132017, -9.8284939564356, -115.23673999151178, -120.66732929084495, -30.370502033837603], [7.10585173524751, 13.616937569842388, 29.83511330045654, -66.04804201223828, 643.451396331813, -20.08444666696591, 68.50143013503612, -20.23405651250744, -64.41852453288557, -40.209669738344466, 31.41658436276399, 30.956443812061124, 72.76025582119713, 64.52209225551549, 64.49516531108318, 26.93177929763305, 2.7537729467164858, -57.956893486955465, -54.43606188977002, -89.26480726188548, -113.47168959441078, -73.09365066453034, 58.76495320868095, -100.52407857380075, -141.3297344558093, 1.761715676208312, -4.738708403730829, 11.012527925307632, -20.50388423882873, 49.28851819358369, -106.85922112096371, -63.539628878565914, 35.9265898853075, 0.6998360980798152, -29.790485587659425, -19.485044177661667, -97.97237925819516, -16.610775922589195, 13.961094943884712, 105.70800449917198, -46.33564080970871, 89.5180028385578, -16.130316986906525, -51.756556164174945, 6.965757660744926, -6.478863418315108, -73.01261954841749, 3.0498884209534953, -145.2332500563768, 62.36355000609101, -40.15927134892602, -114.61027339430441, 25.690920175429397, 43.3913846483207, -104.69706696574228, 37.84093452778906, 15.670877110548666, -67.338400076876, -75.90939998184068, -29.307172110601332, 32.13418511222836, -15.168569791976601, -117.75286627247199, 34.096991808945326, -64.85578564831758, -11.536483947980535, 35.439472340562986, 84.51787061814859, -31.258892773909302, 28.944458837448487, -21.2134504315557, 11.493932013228843, -28.11355560929505, 10.002894760957577, 15.296030453229488, -74.41441205137465, 85.35090542970853, 23.010220120815784, 81.61742428754653, 70.65951317503581, -41.70132037145264, 82.56612902197689, 92.54802484282379, -24.302514696560326, -75.71991271274074, 32.32393030020678, 90.42922815602286, 25.991472507170986, 148.75919627805473, 60.435901555701676, -71.28505549865773, 10.926959971142868, 57.56669238059891, -38.96506887946756, 148.60823390510322, -184.40009194309832, -81.10750662239023, 18.4107774108875, 105.31108947541892, 113.56122723167383], [-34.62140410904218, -11.860298469571491, 37.14538725641264, 56.06645328072357, -20.08444666696591, 775.7579068601697, -139.3182820859037, 72.81098884989314, 3.8020959949934663, -77.42926063234472, -27.16233489089179, -50.42803716273212, 53.9379311651912, -71.97375333888478, 104.79453624824286, -52.044205575453844, 10.183175154051728, 79.74709574469733, -84.55912330796339, -70.17328374305366, 103.41611533959461, -51.56036520645459, 47.89355393693789, 64.28932260365163, 52.61137633540436, 0.14126178653311744, -61.90027460969417, -27.916536827827365, -113.39195146286457, -117.39662545401957, -21.375893022030613, 19.20071194752947, 35.46827958949267, 76.86214168412869, 128.6878622904151, -7.406414705553138, 12.127127589249357, 59.43200650079879, -84.16025886299282, -13.025651908345374, -21.12863154225575, -62.0503981049476, -86.72895450093309, 32.05531942941115, 6.316363659830824, 107.76181988098142, -71.72798168394665, -71.40788876609803, -1.0802842374213724, 12.070311305693805, 43.747788929101254, 51.59404882822079, -114.98854781338753, -26.684187239815344, 1.3970300984473747, 18.283290693078627, 185.10041756163199, 3.1033473910743696, 58.88597502350474, 49.473588143972044, 70.63932798723984, 78.55335707338033, -28.251310095808588, -42.34304202403751, -90.29028275720873, 89.46195018925519, -83.64262774323416, -83.37168143158947, -16.93189899663177, -71.34505224145295, -38.051382899398156, -81.1613857448983, -12.377730712646366, 29.068053292425798, -12.325185677049124, 77.22907873247198, -95.2596038671527, 3.2968329931102462, 103.82685724947827, -3.617658218061442, 16.577276662758436, 38.87110217368864, 72.371426351546, 8.858953335934562, 30.430007019143154, 7.550210181996683, -40.142855919568625, -19.183776055316677, 122.83855759173244, 60.27623576174415, 47.48816949007776, 81.29045610034409, 57.20869715839839, 153.6742715125397, -22.072532959766225, 31.095988674140482, 36.48322148114672, 103.04962285210036, -72.44788399558513, -85.06568434051398], [-18.89937290327158, -75.00790848425395, 61.94580556667448, 89.99302529692527, 68.50143013503612, -139.3182820859037, 655.0250239828669, 61.59862905922823, 80.88110732941229, 72.14308287294361, -52.26954759793628, -45.03088742370978, 90.66461419792834, 15.139085159472945, -106.57643653896042, -7.678116038466289, -24.091939301512316, -25.167553276383867, -49.76201890261829, -10.63367353703182, -111.1507717566518, -0.3670727941074024, -19.48501282271662, 5.131868825630647, 31.557575126566324, 48.41889125557253, -23.39051058531544, -32.30215140425727, 51.873955962716096, 42.347689113116665, 57.1389942341769, -122.4049288520162, 151.0842232683278, -55.165770128090415, 80.2899174952476, 35.82667688643446, 57.93290785957882, 49.84459593900664, 13.425438484146419, 42.55714230277157, -122.70880278128453, -35.64261591387506, -35.99399364197276, -10.436687574106893, 56.709120982961544, -72.99271221293331, -125.97353779868051, -5.10821210630541, 7.734917258888952, -47.51631520124517, -64.00806949788186, -65.29625398886544, 48.6511179242231, -69.16107279759842, -13.723405503790175, -64.95274892994928, -93.36758395924842, 2.220141475474397, -27.198516462646623, -81.73082872765383, -93.5498627089277, -47.50479749500158, 60.05244821284976, -83.62556580727696, 41.87447481578936, -35.895128485988295, -13.179046417994446, 41.641753797533674, -27.199712260617236, 5.403868314864566, 97.94046927400784, 56.42579278679907, 11.980664336190438, 25.10901514050045, 56.602331080823085, 110.09277393062447, 33.27231560910854, -11.974377539920363, -6.5461996277315695, 38.58938107159836, -22.72285611837118, -20.986786566943533, -6.720372214311289, 43.215119835890235, -37.04180619202571, 51.11562547771276, 23.852782094959384, 57.23824017937355, 59.60950973602644, 8.04044564687971, -12.494045321970294, 70.2780028842791, -80.62016000122232, -10.473863444177786, 76.06942335460165, 1.6747263395514653, 16.28689126795316, -25.528166736706257, -35.37487781628805, -103.00714648194688], [35.134550249200295, 60.81990833722523, -19.48839387064607, -74.58302980282718, -20.23405651250744, 72.81098884989314, 61.59862905922823, 916.613204283658, 63.66860263570078, 57.15455095573462, 92.5498629015591, 109.24749580949496, -54.47095925710763, 93.42893503723352, 71.10038437011764, 89.30044571923601, 97.92855259864143, 59.68404392077242, -0.9155048586368976, 65.35030502363242, 16.435212424686608, -2.9855125396968925, -12.112208693564133, 5.009252808212937, -120.99971081947781, -13.725340409584602, -58.4595237727974, -61.21035732026445, -13.283783152970875, -29.72030906413876, -18.231701510985392, -24.457994769764685, 52.850498020915275, -51.58838588301667, 46.294317851551156, 58.70313521851155, 77.18310489411664, -11.211370217441528, -81.68202362566207, -50.59072232293712, 16.787734825999767, -105.98461715348458, -4.486085237056591, 99.7988557477231, 66.12880651212043, 99.206374020715, -103.55673984933922, 47.38487765997965, 51.74863219490052, 13.497239044747834, -52.985418557297756, -78.42503736785116, -22.652914726825195, -153.41767415928723, 12.066645010404313, -10.084650120121802, 50.44190153552871, 57.45793132979616, 2.0725010139771443, -27.366029667880202, 27.857995933436182, -53.423258189780434, -18.892974685354638, -2.6152869498417854, 18.48825108363626, -29.800265123302413, 66.48984319202597, -41.221728774551735, 14.897907789662234, -116.22392188811587, 7.749523855193297, 89.6343565087658, 55.86529737141851, 53.7884086727547, -40.94612694579943, -61.206276631032296, 54.09172542061198, -49.050328951360356, 42.310890921626495, 102.51101328598575, -9.333232953323801, -40.108104461385466, -43.98827253728218, 81.34851571549163, -70.23569887050229, -83.25641219672046, -110.00258115772702, -12.00300261175663, -16.39916706876696, -70.88794278800249, 35.79647427359556, -7.440714364611161, -2.3900445111646764, -35.64598844775386, -16.255326630515363, 145.3132699686943, 0.5017896714812831, 24.95194102497207, -5.676187990195789, 46.10471058448922], [29.592378059752008, -55.511629495640335, 69.57153638189637, 33.721192795710174, -64.41852453288557, 3.8020959949934663, 80.88110732941229, 63.66860263570078, 690.0146387257807, -76.63542263622008, -9.222399169724218, 20.29001787088553, -15.98230287079178, -70.08941142415324, -12.87299734211146, -60.864477118954404, 44.228646664415095, -96.50059366994935, 10.312982330082479, -132.38581390268274, -23.51876913152778, 10.344303157470009, -10.734780247106476, -53.9325690746575, 89.27004001768876, 68.98534168576779, -50.63525038352699, 12.562613681361075, 100.15360575246865, 37.930653581256834, 46.6657826065495, 34.894443311976815, -53.65305534225363, 3.971024286098912, 131.20818070980542, 80.71170225418706, 38.51323879074099, -35.614345294607965, -2.0503035978591706, 34.12358876314108, -123.75314239633744, -33.23780456403901, -2.2606028042739807, -55.46601463751636, -11.14114480078454, 81.65249686800009, -30.549128437788397, 53.99187159430989, -42.48866854749243, 37.66534478435705, 23.083205889250728, 22.662571073156048, -23.52509930456367, -18.694057234059557, 116.03349272097802, -85.31337262607629, 88.98439234300582, -73.76240891706841, 29.74786301744647, -16.54876941307589, -27.800646611173356, -30.632130162847524, 99.1984026728625, 14.259947822518061, 92.45367409863981, -57.33445337791228, 4.553992842889697, -21.442483807237874, 21.413372028361294, -3.2373921422130234, -23.628531634768276, -20.85628028215032, 11.77798880603103, -34.029049834637696, -39.037800327749295, -30.102006804879075, 59.295658372796005, 26.82166500533101, -21.387739731959332, -89.53230531690774, 65.45940051957106, -80.6212436954204, -32.757760698871174, 156.2585550174071, 91.68740104236713, -10.9245822877998, 83.81200329433275, -47.352051149517685, -28.858619621929314, -113.80130907320316, -9.50545893047969, 55.188062399539376, -23.383175664978197, 82.86587469256177, -104.80803843026649, 139.68646266214523, -7.423003227779933, -3.9214622041964122, -52.43322034531657, -49.49665688258855], [53.19420025348174, -19.054534248558166, -42.94516801214791, 36.32833138778225, -40.209669738344466, -77.42926063234472, 72.14308287294361, 57.15455095573462, -76.63542263622008, 652.1915130946628, 20.23678762426558, 48.22983998823232, 100.40770819860073, -23.538233114152604, -98.45918724999358, 54.256064071828185, 46.00023038237903, -44.912243109386594, 3.1165190996680545, 4.53536988452819, -100.72168996152621, 2.0805258020074744, 24.99184203913806, 30.306893160812017, -93.76509871923052, 97.60291545347559, -56.69453052783118, 13.135113856812998, -33.71199343532291, -53.16947199267107, 75.83151303244037, 10.932742364973414, 53.877738606441724, 38.265938395477484, 44.9129894276147, 20.478396915946792, -23.303094620060442, -158.83637646355407, 3.83686214524127, 114.75926898025081, 46.878525484825076, 61.72117514052592, 46.63702702299058, -18.29645658038457, 30.03284023524669, -30.516923918074163, -5.593283660962263, -68.57018075479368, -51.25777670110445, -53.251287514279, -36.48647247174342, -5.568390877829455, -25.176951389173023, 46.521573865980585, 22.148826086988418, 89.32671069324562, -24.21616314653313, -28.099303784111132, -46.77225362765262, 15.496952695338138, -118.22531534684722, -100.91891410689928, 9.959158517472869, 36.90283036370369, -116.42524838890776, -94.49708400599413, -21.877142712363387, -41.994090390323365, 37.44723019249239, -21.71696722415857, -1.9263970051920773, 33.68578283425694, 3.515443434652731, 52.50846905163242, -32.434186245607776, 126.77848586215514, -53.06680695200801, 60.51904779988752, -176.29446935909158, 101.69528862568282, 146.01798709334733, -76.70075103708416, 32.99855817119132, -15.833406185759326, 94.82203033228731, 10.585686591154685, 8.80791776761361, 101.36256530330677, 85.23342276157922, -74.90088960351865, 18.235672617781407, 26.11457822537712, 41.17896821918853, -4.632389735253017, -15.937147138360066, -192.55867815855225, 0.21927038221276243, 27.924459293056238, -26.06881965262018, 5.423530850992113], [-92.02109559463018, 73.71847921143264, -97.98770873777939, -66.5836162904915, 31.41658436276399, -27.16233489089179, -52.26954759793628, 92.5498629015591, -9.222399169724218, 20.23678762426558, 680.4692222497796, 85.90872146295722, -55.78022786717108, 59.45360178152272, -24.794734394415002, -56.63792265510098, 14.845606492013866, -78.43706149545068, -33.18681941229549, -106.81511872806351, -9.274497535114124, 131.20617812204125, -44.2943732711885, 35.484118149422684, -20.347002805453574, -30.365989704385147, -119.31726590948806, 96.62600257761643, 14.5129181578072, 76.26274586578876, 30.252305314207433, 17.59600057011733, 23.05764654946956, -94.9973368090631, 7.384144457601004, 91.41288395663948, 32.54800384147363, -39.32106440736233, -108.8441316758336, -28.826835124017983, 70.26908450679622, -24.706976428310554, 120.42740833613377, -19.478529902193777, 23.797145226176564, 13.491691961167843, 115.37007776300871, -29.849410248168564, 5.958670408082566, -69.88263713907881, -71.29110190242444, -55.47581681641226, 91.25632965206344, -34.49216594749052, -37.80107841417878, -88.23601328104085, 5.276246519780925, -7.48137312244298, 9.976830569027971, -65.54176689230478, -11.106303093223746, 31.187619980275386, 23.74442513257348, 22.630163038886504, 8.363360603979483, -101.58567813470171, -17.094135965988926, 31.903389750546562, 30.237679208704954, -95.6654198779071, 19.49927645416077, 50.505126245602526, -60.00566825141539, -6.240251783400316, 114.91097807704172, -24.74998126462913, 72.65168489846211, -32.89826620161024, 31.449974861165554, 51.04974912762092, 8.654666056530775, -79.28066969632562, 42.90698134670309, -2.3767082453846573, -107.68497477466677, -152.30200012943234, -97.70583752438037, -47.34212446924295, -34.81848378429598, -7.3634271791113255, -25.718847573262593, -4.997394510051149, 46.73054297585449, -11.43148805577617, -64.80799494136959, -40.68554243526642, -0.182413154533932, -70.79855068718898, 79.25834453413094, -62.76048357348363], [-70.78965344514037, 133.25746430693337, -117.07690890318372, 22.288878920400972, 30.956443812061124, -50.42803716273212, -45.03088742370978, 109.24749580949496, 20.29001787088553, 48.22983998823232, 85.90872146295722, 791.5057743219257, -112.73966924191153, 40.89384755802289, 67.01895492743118, -67.07216125576116, -5.8601703385566575, 80.43621244363193, -44.972328207056165, -117.25190948950106, -112.53919646043882, 51.20847534637298, 130.3639100055128, -80.18113335591853, -20.980288454626386, -19.32848668246977, -114.38497441851058, 69.14006237812217, -93.27257298946539, -12.979598963655809, -21.29009433890749, -37.23226941986605, 18.307938836599764, 53.163939280851814, -34.479158877261256, 9.4421599261421, -94.02921348034118, 21.36164119194941, -34.69780084326625, 89.82706439233907, 87.19187967966637, 0.3064565046842002, -49.15667098620562, 22.045251455224367, -23.457059461423526, 8.646236118890037, -27.78918516486175, 43.522621184888074, 45.53171355310024, -2.5621683495300545, -79.10384238569596, -21.365584906930934, 37.86594873136116, -93.09033242543659, -79.84824071023354, 29.484604420209635, -29.218916286537876, 81.30825837443004, 19.994619205326757, 61.378201720706706, -107.73114754782378, -122.95533075766559, -37.05772661850075, 73.58797027545614, 147.27879591969034, 31.003844150032474, -3.6992972498789105, 53.03710265994391, 27.649274140756294, 90.67543585045675, -23.236495702310407, 51.642852786255304, -86.75437124072636, 12.100567509820316, 63.05665737949971, -154.0904711090492, -69.05765979310179, -40.83541735714357, -59.777210388296396, -90.85081215197701, 30.354285979806033, -80.15913185109424, -21.11961311095021, 77.43615995917683, -15.89634467560612, 74.8460446012372, -73.01107670765599, -10.71795047354852, -38.09231503775408, 13.556016832263927, -81.39312816018492, 65.81906768270736, 2.2557361122045707, -23.218242852405606, 7.449483834035457, -72.52709151088257, 43.33730120181462, -195.44397201867437, 47.04948794332636, 1.3002746081797802], [133.7581175389029, -2.45637725822465, 98.75971239561785, -76.99406463724105, 72.76025582119713, 53.9379311651912, 90.66461419792834, -54.47095925710763, -15.98230287079178, 100.40770819860073, -55.78022786717108, -112.73966924191153, 860.9941774806044, 5.454473157930612, 91.82783288360528, 44.67738814189328, -15.372882772004521, 63.15480031308851, -119.67840542265247, 8.381651935631544, -53.93787820394278, -60.68351623215385, 61.458964523514794, 81.11199625987685, -68.49041819394321, -48.85181809306465, -213.71202511854668, -30.80396638453935, -11.171327904806269, -43.37155910664024, 64.09910941035507, 88.86821127508773, 10.575097272127836, 22.29625020994374, 150.44359883448925, -3.642049694208113, 48.181444764842475, -70.92266367070955, 103.7512553050576, 31.286749705460238, -138.08092921122227, -145.6292355549354, -76.7027229621901, 97.06319386552316, -65.24400750844178, -187.3835096362521, -62.51949437417267, 30.766228636129394, -110.09863879789565, 15.780476271711388, -63.63919538947579, 19.12580073461538, 9.134652970095914, 29.687609023078387, -24.088420854404983, 62.95634074476694, -29.507462012477358, 9.632267653347327, 69.11775624020152, -121.52327179990841, -7.983046629835859, 63.245185328422025, 106.15655084205778, -25.905518422733763, -56.649894830684914, 47.683714602786225, -69.52119421266904, -113.67547272446612, 93.46772597256799, -126.7058528077251, -4.293495063637473, -66.02462247114411, -16.561297684309714, -129.98582192948106, 19.09768476491393, -46.02155696802944, 21.748749016821925, 136.69180381483727, 125.03421553650806, 82.61654936204789, -22.48985651547232, -29.882348957783808, 68.97712932412355, 74.54852041583369, -95.06531816932106, 108.13789856205307, 125.81548135416018, 145.6665049880419, 214.27273284533254, -40.01518879914178, 7.209228345604907, -78.81414235700211, 34.074391885613394, 56.851705236227126, -138.31318177617462, -29.643586724486884, -2.374202492980135, 54.48712904922099, 34.194840853909, 112.30111525649365], [22.20715077727696, 13.16202410806592, -18.491998558417766, 12.152925063391312, 64.52209225551549, -71.97375333888478, 15.139085159472945, 93.42893503723352, -70.08941142415324, -23.538233114152604, 59.45360178152272, 40.89384755802289, 5.454473157930612, 752.6420342009031, 67.76111125456106, 93.17659325238169, 41.04233338621996, -51.00994668735067, -51.19517495730213, 13.925306899240772, 44.484197383781776, -82.63612738899916, -31.754572302144652, 18.8683299101263, -9.815075931005465, -135.47699983680369, -42.59487555957804, 29.698110444082165, -11.61104418008636, 11.788902255269056, -82.84379900718189, -1.640339090055471, 105.66731254173655, -104.47678704036687, -87.05455872343069, -14.909535556750845, -6.516493279066293, -44.24727575417524, 22.900632934304767, -81.96467339181459, -55.481341935633566, -81.12749176502174, -32.39285912279406, 23.75388316637292, 95.63580650338699, -19.72376174945498, -6.775704684605726, -3.7111458148642886, 12.11330312730115, 67.78382775151603, -40.25850626080316, -84.72205373225842, 2.8001323057215513, -34.10654570589201, -58.93907760884677, 38.376424794295964, 6.832626376508636, 68.76773253884828, 76.15960886925936, 1.5489054620429463, 6.49479685363851, -70.8930916756825, -82.96467408243184, -18.470895271673296, 28.69177522126727, -58.57352315762282, -88.41496863404045, 13.365102293123748, 79.13199734358332, 21.678199300415976, -137.27369062859685, 15.157741649708354, 46.30353338769881, -42.14841599296625, 108.19497653425393, -95.83416483587683, 29.901488642826827, -77.44708578203618, 89.81340449151693, -50.4847851157402, -141.28758398303248, -23.916614776986545, 38.18137352655752, 11.617621562070903, -66.17384553988056, -110.84086558642751, -8.152089138098093, 3.733476080797547, 19.290145438315147, 59.94389283692222, -91.60238626931864, 89.61871051118074, 23.963568517863262, -117.39650656262425, 0.9609137655083035, 88.20222045237554, 8.580919449784568, 85.05600410396879, 115.25876290128546, 38.029769145481026], [-17.21951250496687, 18.54720767151264, 43.34821935758809, -46.84542719940341, 64.49516531108318, 104.79453624824286, -106.57643653896042, 71.10038437011764, -12.87299734211146, -98.45918724999358, -24.794734394415002, 67.01895492743118, 91.82783288360528, 67.76111125456106, 742.0006089540467, -35.19170454994902, -20.137165850176267, 8.277299400728209, -49.911459792615794, 46.93436087721564, 121.14749203390164, -52.058635920777334, -49.34686595276466, 20.938506236278343, 23.11382085117396, -41.805057795217365, -159.08150620965895, -96.36082972458681, -55.20260670360666, 7.397863041736813, -19.52651724716217, -19.233999264253963, -11.25331906482753, 15.659529113254983, -21.214204011361034, -40.72804976908593, -5.634451896928514, -10.813966863531203, -91.37224364350904, 20.559053071806026, -29.621377876780553, 31.34015565288508, -151.30236911486358, 79.0666241945062, 86.40585009158569, -26.341706571093237, -68.36019229781611, 91.76358825862611, 48.61224995490625, 83.73108482632371, 124.39341578581579, 93.61663513943068, 9.979197403840105, 83.17609861498826, 19.57281094163644, 55.678802686568034, 34.020318208559196, 3.099412688373827, -181.29378872103632, 72.66710998896974, -60.31771637618788, -83.94162992261982, -35.78958954587562, 34.39936643603498, -27.92090646221123, 39.31118360169939, -93.74978515089447, 6.542750268030638, 101.82936885733787, 8.183145237888581, 81.13502096357763, 68.9589798200578, 6.946111503077201, 0.5036973844265511, 52.2160518177983, 14.432162781577222, 43.18358726703552, 65.32791800288719, -62.95239167084989, -14.83626129059871, 67.3252471333717, 110.36548052408715, 95.11564709978238, 50.438962263368225, -76.56781259074735, -0.5844404568603118, -5.513497213029133, -55.19385195555737, 52.6061139650044, -35.91678915641408, -2.6648074508666966, -81.3972777683164, 97.712476123232, 28.777305263471145, -72.54540847102088, 82.44299119517142, 7.425384136621607, -59.61672035995724, 189.66235794308707, -0.4648017061538689], [0.03063171973192996, -74.47972390163626, -85.51401623089828, -113.00757764233087, 26.93177929763305, -52.044205575453844, -7.678116038466289, 89.30044571923601, -60.864477118954404, 54.256064071828185, -56.63792265510098, -67.07216125576116, 44.67738814189328, 93.17659325238169, -35.19170454994902, 748.9499074805176, 83.50807904168015, -60.87691339179297, 10.26013064349376, -49.68114209810294, 18.02228341147045, 43.64716322667396, -42.31633849503214, -30.33681642759914, -6.547995042870584, 54.12903976967675, -88.22541594770236, -152.95207890699592, -71.4499110138127, 3.845506837344407, 41.09130909484081, 56.79066597163769, 35.20835295479862, -137.68860849803488, -5.757627391596845, -119.36136207675395, -28.338720079781282, -97.64955756196, 6.502551040322042, -29.03395402016004, -12.24615478123537, -71.56764872696836, -39.94856951938524, 101.57697518321096, -19.184726156707836, -59.23091503193356, 78.29753053200677, 3.1808255007282185, -55.02530734427358, 82.00604389131011, -57.08275851994237, -57.37587954324259, 8.801035334720257, -47.44051390430367, -100.36768407086151, -13.40928219006429, 18.852580079824747, -33.10469149563194, 107.12261754620343, 53.75494353724448, -95.86856900305273, 20.737200566153955, 143.12758928772737, -63.14548049072702, -33.19627730302973, -76.2286068491485, 143.18496342441986, -82.71721623930209, 5.269586704062921, 50.168431785289954, -5.957543977519371, 22.820933438002097, -108.35134508863396, 5.046618933674496, -90.48233367176631, 61.9379156761337, 37.72493895290214, -76.75810099479718, 75.47399026551456, 12.800919087189891, -100.52818577687123, -31.014623965928354, -25.986590397218016, 23.527305277386066, -106.27739460208983, 84.70091342513157, 45.67306699589188, -54.36820548332263, 15.155330844060966, 0.13642589043225553, 108.7032365543886, -1.4978423835257486, 48.08376565712025, -54.03135886715318, -41.49161214653536, 173.03972441375439, 70.76147345589793, 75.46247649565869, 5.587665876366651, 70.65756892675144], [101.7005241878591, -25.40149538916741, 5.007902600604307, -17.29448073918298, 2.7537729467164858, 10.183175154051728, -24.091939301512316, 97.92855259864143, 44.228646664415095, 46.00023038237903, 14.845606492013866, -5.8601703385566575, -15.372882772004521, 41.04233338621996, -20.137165850176267, 83.50807904168015, 615.520163947065, -79.82174467538144, -1.432310266834496, -100.3868478155334, 83.8048028007289, 108.30753631902564, -20.78656719390654, 112.0086477532257, -29.058008019189423, 41.104294958059036, 20.295986978803946, 14.736578546506363, -11.991789905416175, -8.647567308059479, 101.63046485356479, 37.18995325923922, 8.824742401661414, -73.2909091287612, 21.74078369254107, 32.99509072812689, 85.57135719208156, -35.699694365314684, -68.56179260165173, 45.515926885573926, -20.67607814033195, -15.907848693513476, -69.84439220342969, -73.75472790270445, -79.83199896664733, -22.057290745095624, 4.361044967875012, 5.775287531925235, 7.595158542605683, 65.74125587195962, -91.48306768122951, -122.3944842984951, -22.195276905518757, 14.756532818042915, -56.18970742449499, -122.31245696567359, 50.70400520544332, -44.610411217103355, 12.107517501410165, -60.94122182003376, 74.78339922232722, 54.48876994234517, 13.33885471899873, 26.496436035388555, 66.07794166045845, -58.041950451686745, 3.893382393560438, -91.97460140994066, -46.21295226742552, 48.1535676490411, 40.23042455202024, 27.77292460049525, -1.1715151492918996, 72.77578769573097, -82.22013001032231, 57.21810419022969, 54.40763563463025, 24.902596435727805, -50.552849730611456, 29.755894006180366, 3.105191915222758, 67.73615805519692, -49.28074568685745, -91.42176106240213, 8.716432689782337, 30.532141152885828, -72.77526688630051, -67.40633757678503, 13.617362725513523, 12.229643494382717, 6.95818205306582, -3.7256180744848626, -0.741228777548158, 63.87111237342296, -47.173736522582374, -18.488902625546668, 69.93347530674122, -70.44441248972903, -64.21680800395882, -145.91847072256948], [-137.58752076340315, 18.613905651741742, -33.929109211384095, -79.63351862220006, -57.956893486955465, 79.74709574469733, -25.167553276383867, 59.68404392077242, -96.50059366994935, -44.912243109386594, -78.43706149545068, 80.43621244363193, 63.15480031308851, -51.00994668735067, 8.277299400728209, -60.87691339179297, -79.82174467538144, 624.6097201719284, 89.1755005957277, -7.849225261482344, 84.74199385295017, -6.537561220752009, 13.68657888923911, 51.70059184383371, -12.888432957417997, -25.471311093057686, -80.87452189202857, -11.265946361118871, 23.2506552493489, -10.604348398982733, -16.702944110930343, -25.606944221871316, -44.2254255987593, 57.31290535816755, -65.00699080694986, -30.544036854187063, -53.63519738151285, 52.44947000782626, 33.83203224946476, -87.70830581816249, -5.748118440862269, 4.404490523084984, 18.28342889562135, 64.51124000587176, 17.8754324011908, -123.31008689993106, -12.776297769336905, 138.07004222303846, 59.55433786031403, -81.58045495909667, 131.30750037198507, -28.88599907178154, 2.789376285757231, -46.04783159617324, -50.57110228322154, 27.04401819255488, 60.98987014836074, 112.66443199825356, 12.011106691516924, 31.506152661256507, 33.43785652756288, 61.81788164550258, -23.231529957856676, -39.92125693581802, -20.99642973901924, 159.81605628006642, 78.75534612087681, -41.88709145166457, -79.58923929165547, -2.4611190741712194, 133.33365363459987, -39.389680247569196, -34.10387326258081, -6.965824194091359, 21.454836187624544, -26.53912306765451, -15.557833265260166, 20.31194202417057, -8.292783193686704, 4.864609554533682, -16.69640706460718, -23.8353560695965, -28.943240905885663, 16.72097200258677, 84.83984280970608, 103.41462147080821, 26.783437045761403, 19.553218545483503, 8.525463489348473, 7.807692440685177, 23.702558502999487, 28.443917912218602, -105.19411844395839, 91.85966723473301, 53.98127827579743, -21.195209795546408, -4.369861489029805, 2.480413322499054, 7.29772426257597, 29.754207149358994], [-37.83048782416681, 60.27306335542358, 37.16829008634749, -1.9147580043245935, -54.43606188977002, -84.55912330796339, -49.76201890261829, -0.9155048586368976, 10.312982330082479, 3.1165190996680545, -33.18681941229549, -44.972328207056165, -119.67840542265247, -51.19517495730213, -49.911459792615794, 10.26013064349376, -1.432310266834496, 89.1755005957277, 688.2441537929199, 174.6949676936026, -4.630916725401987, -51.236581550025804, 56.3603793999658, 15.390579991291437, 72.1068590539857, 41.81130639212082, 32.85909445830557, 4.266908325957472, 49.095835816248524, 3.723519866302432, -42.7808466666865, 71.21282278722575, -7.542249888910165, 65.85467954001312, -43.50686962582135, 47.76841160377651, -12.87992807587404, 32.63828597354746, 10.647221064833392, -29.269954658104265, 45.22672406307131, 14.592874534746032, -3.106708969047555, -39.298672684514386, -32.39404806614827, 75.75912005093184, -8.525443378174591, 6.311751887553615, 44.69101289354072, -59.58480173863343, 49.26499404054543, 20.65213630222078, 31.904094431879418, 3.980068715514125, -45.52027173729994, 61.74636869303316, 15.152548407869268, -36.50876642998811, -29.276291161001133, -103.76114821337369, -55.37517506952263, 85.33632842160974, -26.470353584518666, -29.596919698221544, 61.713558606741564, 12.655473189786052, 79.82335212301417, 30.572733986893155, -119.30211468341416, 76.05846675958617, 58.861400149589265, 25.23993634168235, -4.066159417990624, 25.466179098718182, -7.143127743182191, -26.98488771049299, -79.2559959343464, 55.41833538958119, 96.44867204030639, 96.60712154845656, 106.1130280921855, -41.67662791436471, -21.196001532932893, 42.93149293292466, 122.59944864617941, -71.76724959867299, -60.43447227258665, 44.01061394068372, -51.36219013969835, -52.26420879139725, 4.371742071905422, -54.966231643139025, -10.046444603801651, -49.4905222396372, 51.89362362742978, -20.100622804671644, -102.28358035393968, -109.2568804195316, -40.65104657095958, 25.05732523398106], [-14.570060929194678, 36.33707776246259, 50.24020694565709, -68.5692379037924, -89.26480726188548, -70.17328374305366, -10.63367353703182, 65.35030502363242, -132.38581390268274, 4.53536988452819, -106.81511872806351, -117.25190948950106, 8.381651935631544, 13.925306899240772, 46.93436087721564, -49.68114209810294, -100.3868478155334, -7.849225261482344, 174.6949676936026, 877.4027457763533, 134.16712750513508, -75.11818081396261, -107.106829311922, 34.31741343540616, 20.00809613244621, -64.6162442715688, -4.504825265283622, 0.23258646111896214, 15.834223974067958, -158.66058502710936, -76.38130686948217, 3.042388088404057, -7.7573381264060774, 118.94002933688687, -34.49511583019028, -98.56135483459808, 110.78075024197872, -43.95649299816746, -40.542300788225184, -99.77776839218126, 47.82437292151946, 6.120727823219782, 56.92815294025821, 63.87322830396938, 105.24037142228498, -8.572308292027497, -92.65468883239379, -34.639961637973904, 118.3034492787291, -9.06680959684101, -69.97097994284478, -3.7051883567480646, 1.9739930189970487, 192.64840151480493, 5.0257666515433, 17.665661795447875, -127.516410566629, 69.91876952836611, -40.475740242866934, -39.78089918609493, -93.33822489043672, -71.50849358753177, 25.607390065890495, -63.16821522909548, 84.39874762712937, 39.935724576983915, -104.89295753480259, -0.15149452551464623, 4.082768603814129, -73.42540889272206, -113.34032306988999, -55.654871741337885, 89.7848419828565, 122.07445967853137, 29.614793674664043, -29.615573291543868, -40.76722808412751, 92.91402021705919, -159.3689403668104, 136.9012612743357, -54.38540708558613, -7.445468737244412, 87.45063809579827, 28.654265002744204, -15.045738255965265, -32.672165194671265, -27.11301268108048, 76.24896090804671, -36.32392452453798, 17.48566211855683, -35.21052089086204, -50.54634958153721, 66.31616937504761, -94.34683519771171, -70.8445710744433, -43.34057858051435, -6.4050962375170775, 108.64412458481765, 74.10765187658755, -4.665806040146244], [-92.9454158495103, 8.026883797366777, -41.456058130464406, -10.197905360210543, -113.47168959441078, 103.41611533959461, -111.1507717566518, 16.435212424686608, -23.51876913152778, -100.72168996152621, -9.274497535114124, -112.53919646043882, -53.93787820394278, 44.484197383781776, 121.14749203390164, 18.02228341147045, 83.8048