{"N": 100, "M": 6, "A": [[[954.5993259287278, -110.18405163152049, -120.56935515109788, 63.67893025254536, -49.15018320442679, -21.383386056383507, -22.511434629501323, 61.357821368290686, 116.74587582295221, -27.98083904307293, -72.44082402471517, -32.37864472982165, -61.970073857335194, 24.05734021662412, -25.094322838483063, -92.65395863004437, -77.93272724986805, 80.35355233070453, -77.50563166690382, 22.119254662122664, 22.160579776453073, -78.0009039867253, 124.6648266893446, -0.7393180668279262, 84.20803236356382, 147.45255433137652, 100.12755951311223, 54.69879128793581, -49.80745126942094, 5.755825521649161, 31.019377952702285, 88.49032066682237, -117.83283549674611, 38.46175108639894, -5.888358655721287, 21.05094299045331, 40.20517316001611, -142.21310399384672, 18.98481919466388, 18.173594364086917, -29.232985481548663, -108.19812925616453, -100.1545759948807, -5.976948155562067, -90.43701727260269, -119.2584729598781, -61.301615058507345, -29.34139412104551, 27.744626630314578, -149.022865472212, 6.832344250256411, 24.639353867178105, -48.8906774411171, -10.991302416470756, -92.0096777786618, -222.33156955121535, 7.561073446212764, 47.66163401928454, -6.272406065216725, 31.85963523115072, -18.890566296245307, -74.02905521593283, 124.01717663927828, 15.546108907780448, -50.608262757476545, 42.92013507006082, -86.46499572891462, -170.26006787372646, -91.07947670715473, 38.903475620174056, 39.22208282621572, 100.61103923406135, 35.19084272437037, 122.36736649900752, 107.51949832859987, -23.951896574278937, 94.84883326228551, 131.87562215417742, 157.06404255990867, 61.33128315258216, 15.367495320092416, -139.3176316359906, 6.40138731246672, -25.938194031741983, -17.272172987189876, -12.495276075630537, -19.058900455682835, -48.91705289516773, 112.08375034677188, -31.754905822285366, -78.29013610659588, 0.7467213195051952, -62.98122897733615, -17.207474572859205, -133.4946337054368, -15.04617618693571, 20.363783913961164, 138.0977250059964, 204.31268129436143, 81.67338710875741], [-110.18405163152049, 776.4625691264555, -77.83896647416086, 88.67872762520834, -11.048546977420258, 16.115832202962938, 69.74446257638326, 59.51987156678529, -8.880336685855186, 19.951668691697996, -38.753970631164236, -59.93075107169776, -36.21270323781113, -65.25632776756136, -49.27527230294957, 36.07642390705356, 91.66463187143472, 46.8625567099007, 118.44195906352682, -4.315512538054728, -140.63268987255222, 144.43330116486484, -182.29620818599187, -70.0142704287023, 76.91507986075428, -99.95745220800956, -28.783963497877252, 50.76467156708202, 27.46204680776229, 15.585597670527408, 15.995137477782432, -42.99144443257656, -33.38214848354881, -10.529449019583518, 26.269538909263616, 107.2541003046141, 1.44023180500778, 128.75762336720402, -46.29426543239958, 108.70332017035861, 90.05030765954129, 112.69556362805666, -10.532711522278701, -22.857517923113292, -102.19052508688985, 118.32128705447452, -91.03192408902916, 65.87786891515293, 12.887737786481908, -14.963249432213809, 49.721086233833084, -26.52790808515249, 96.5269557105432, -96.71956768372776, -51.65095902683913, 151.0636885814357, -63.73766857477702, -16.079212047716485, 68.9133255662057, 46.754566289357996, -26.05192099581704, 6.900584126521453, -20.250315487951994, 197.37857783878923, 61.84285262201666, 196.64191562925166, 45.95386873930439, -75.10922174016754, 117.55914307034585, -48.71838531894205, -4.652879513893018, 10.6763832102872, 126.64527239179975, 89.62369095165275, -42.21733164604411, 66.25701542918635, -20.44972416947519, -54.09792469560428, -81.07665206566337, -88.97134046555158, -11.67897262676413, 4.106850623820823, -86.5548084456082, -30.351181567164204, 8.065273701709666, -138.2914375650443, 78.66347739368098, 1.9141866836293069, 101.55892551779296, 26.614114987149797, 51.593901832784475, -11.472198463873063, -27.244636283648333, 63.31560254349498, 105.21888587994738, -109.53122584493069, 56.19899969873812, 197.71374110648037, -44.59772055055938, -21.897357002410775], [-120.56935515109788, -77.83896647416086, 621.0934501252815, -69.50569700547042, -71.89362466378964, 4.848098948680012, 58.70855705147705, -22.973942728558583, -64.64985134052631, -18.779885791242627, 35.55279369043597, 172.52448241005754, 52.79338932165424, -27.643160843600416, -46.42508415601185, 22.659421575281133, 32.437832542667046, 36.946923060899316, -65.92215368615722, -22.1118962798881, 30.61948753386882, -53.240949494062356, 9.086866372031308, 151.7240613385459, -44.00092324325772, 54.51478918218774, 3.3204048983364203, -32.88219282554665, -152.24360399965755, 121.64225817173289, 64.65122360522558, -55.427645088813776, -110.36149577673707, 60.697139135190575, 30.058632368752967, -23.066391892532604, -148.27957291287547, -59.74481820429113, -58.33267700238736, -7.223279769651972, -27.566034260584736, -60.27887939983822, 32.815857520462394, 2.512939141650954, -28.640843436288357, 96.42189563520213, 60.757508945405725, -61.67278732006752, -21.12298505108693, 39.44724336618125, 6.22911149138079, 2.596566454003939, -72.40642369839634, -45.28099508890742, -38.779436739859726, 30.52472534318355, 91.36417698975387, 27.764098598246402, -18.781760069590163, 43.99082064492644, -54.11852047661186, 24.484374158331285, -121.61078939432257, -29.57918599422623, 84.21433370899365, 29.83407725981704, -53.4304770036106, -27.256060790582698, -15.678811237349604, -0.5805260792231717, -23.79718769923874, -76.44380153209309, -62.62242513223456, 48.57819143208057, -46.313724676725144, -115.30258038547088, -54.69612844501412, -154.82552173848035, 35.843599640429055, -90.02641436015956, -19.519237299784002, 145.75163324934942, -0.2666053776906239, -109.41976065198745, -21.448454624602387, 114.01580873177257, 29.48777723843979, 135.38734237475018, -20.596636023245466, -26.703786757950265, 81.59836698131288, 53.605524867347796, -90.70334865516845, -181.33857100615674, 36.98265161111809, 11.629275457564699, -16.52471526704269, -24.349088779592194, -11.536628671301981, 42.51460387123596], [63.67893025254536, 88.67872762520834, -69.50569700547042, 1006.3930639279873, 189.8210684155138, -19.61302046585315, -57.40888930535716, 95.40699237974562, 8.0932686151948, -123.67771209040811, -9.285173610224838, 24.260407969851016, -173.58320806024116, -21.152555029612802, 3.4757573796549406, -13.096975132783319, -59.435075887527304, 131.91528084959532, -32.4122408533809, -104.10620528176538, -105.42904153649259, 3.8208547256069, 19.626450570855148, -20.221830510696787, 60.317692500021145, 45.12164750871348, -152.57554134355783, 137.79396532036478, 1.2680799330921297, 46.758491251175364, 32.179701680551254, 71.60345133692648, 8.95429964527906, -141.1584765001679, -9.085781528493849, -65.64747608311558, 75.7893092666315, -158.71811788219998, -120.96597323550645, -29.31289636110528, 73.63175400987798, 182.26411182664697, 96.38322553457589, -66.15683850205741, -123.23260436197427, 45.43459444106038, -61.45774543648807, -5.495719832672394, 167.27062361391663, -25.181720921244963, 93.55479332381591, 41.97554605642526, -13.621704172848274, 31.662038104966275, 20.61726169214027, -125.94067790146985, 37.47515398092646, 18.29455301393716, 15.664733012794509, 47.59782427180985, 9.685643748455439, 52.574598465363714, 89.44873235697705, 98.56703399933039, 71.16001372111378, 64.59955804358987, -18.02876223800216, -183.36484310609987, -121.70268011579407, 137.48719722724115, -68.6555503710499, -13.733200459962685, 102.45543360349157, -123.0563784320097, -268.4560955256918, 109.27843427992534, -53.958796672766724, -23.77714109496482, -17.851026286779202, -90.6923724466147, -49.90220583011212, 80.05002326975458, 12.393496090332436, -132.08584841144506, -51.1176115859761, -103.47417396295475, -28.23758094726931, -146.0078996268545, -40.984576337054705, 21.589754678460604, -115.4435634632498, -25.773802884551742, -64.04961721107084, -36.633054537403694, 53.70797983871761, 58.2664577041178, -146.0371765328729, 18.29810647990886, 15.52466399324612, -31.597642139416173], [-49.15018320442679, -11.048546977420258, -71.89362466378964, 189.8210684155138, 754.8836297091358, -65.17351517791505, -7.59167772931741, 62.30949280702622, -113.067846597329, 197.35640545029852, 103.63478325218456, -138.19695076535567, -34.15883876130738, -24.291359204753626, -49.628125290877996, -18.36366840102402, -35.19755433186567, 58.50008361961134, -65.17471341405442, 0.6103779187124447, -50.85156644252732, -10.736001607541096, 14.207178006998866, -69.89689625084162, -27.439089098185566, -58.80187765172183, -3.8696292183584204, -28.042818715320347, 82.85619382005561, -75.66136002495392, -29.851365210558274, 56.26598243256144, 29.491800457155488, 2.1495754667337477, -7.895656125798583, 0.10171944470971583, -36.80868842893635, -125.37924797608746, 26.59151706539305, -6.572412014889371, -109.9209971472376, 39.67904518806264, 15.057855304144253, 58.81618367325781, 57.56582252675601, 80.38601813113056, -62.12394488205576, 48.3622494460853, 19.453695008380972, 168.15667914136074, 64.84001833342293, -64.43712762155158, -110.3127529622288, -4.528397137762372, -177.6768768557006, -99.01758182603345, -22.741275391871994, 13.715938617219622, -59.83505162840768, 69.4502178511488, 84.02090605065801, -61.87330872487906, 8.594423439287423, 118.87116274902384, 42.55948048060805, 28.904792854302098, -56.78328143014786, 56.30989803031322, -26.274448446984223, 55.84681790858501, 72.00329009034152, 98.07514200464632, -13.694495570931517, -131.16280755281767, -74.41760404394958, 127.99988615456675, 14.177844869973132, -4.279738572509871, -110.05615411435257, 77.8948031708563, -88.70724231415602, -9.303722334275502, -59.23831189511343, -40.50497764728547, 27.33219829362605, -36.01792416331124, 7.764792895569856, -47.70705216257454, 20.407645271211003, -24.07399323876941, -124.80633227551967, -16.0706066295035, -2.689773167406751, -83.53760939673269, -5.083690426920782, -4.100384187925366, 80.60116632057886, -117.18361818471291, -65.54697555965528, -106.47449374425258], [-21.383386056383507, 16.115832202962938, 4.848098948680012, -19.61302046585315, -65.17351517791505, 705.0032899155946, 44.036174894204585, 1.7841123115068491, 23.096966726444872, 57.138063543285035, 43.97202380054385, 21.72272279000305, 20.228733130573058, -102.56009524121849, 37.315621538832374, -59.188457942441225, 3.6243438368607914, -12.520884084702287, 62.396999971780204, -92.21214348801993, 32.67099088598308, 53.26482150251872, 48.65787800207324, -84.82283712680868, 62.64677426616053, -4.9526057767532, -115.22565769906272, -101.02510291445466, -119.24571378288636, 67.78183266372285, 26.754459872450518, -61.46246005326451, 123.64061204373664, 64.81272506465285, 27.42923255261792, 34.081518608077694, -5.8938842663829805, -15.86266104743476, -48.76075509738115, 80.21000977773434, 32.66211751678945, -117.1285206124141, -22.634332015579577, 20.37551373448666, -87.67163315656252, 75.33349636150955, -87.13633248829218, 44.19982296302482, 49.87119194346363, 22.773447677874405, -10.625539707509468, 33.153481963410634, 77.37476102804817, 22.982324382376536, -95.08640402809657, -139.4646840128915, 29.173090931679088, -44.38055373673321, -42.67158759102642, 7.221227479076232, -53.036149662525254, -73.98237071966064, 141.84009761503904, -99.59122593700667, 125.99252833505032, 21.947092891385964, -21.407728632247892, 34.76772521654956, 33.05976820568089, 63.84031994671588, -50.13177914288546, 83.82277918313666, -13.511475542861504, 37.58000984644001, 45.71930034389579, -8.970406531439583, 112.83579142461721, 76.74001776348987, 26.353602731489726, 21.35961475581096, 135.16527781988066, 46.061633131931124, 76.22016137195294, 57.79006387584, -60.73171653294332, 19.843468572218875, -62.340854298078106, 0.10268840807268946, 92.08350245422749, 15.483072084929223, -45.768620653451386, -33.113035159255155, 139.76592694675358, -4.78703065878021, -125.24049127254152, 34.060227874768366, -0.016480334545518713, 142.5255333856898, -66.11090292378002, 14.82298910525893], [-22.511434629501323, 69.74446257638326, 58.70855705147705, -57.40888930535716, -7.59167772931741, 44.036174894204585, 759.7941369927238, 89.71679138081711, -106.67450459953949, 54.35231294007481, 34.30980632400431, -28.10486777025618, 30.78009790680977, -81.30714208864805, -166.4576509534936, 97.43509071701475, 25.783250023975366, -100.01217105382025, 83.00802960928334, 44.762731977447224, 130.84679140936504, 109.0891006524642, 6.758138962669914, -3.198192259070038, -6.272064634510136, -118.25840128035648, -9.959549051181407, 73.66188623555564, -3.251790193409378, 23.219821815122934, -32.848891631159724, -181.97409300713196, 65.64401146389524, 1.3533597940760076, -41.3722882445203, 45.205863333120355, -29.314646028886482, -14.944693143154021, 0.19528978927448343, 71.14957241822181, 59.40572829951885, -88.79668644697115, 5.792954386781475, -18.120423079176135, -129.91287024689595, 46.55113897859243, 45.33848408538494, 95.43881836307592, 10.540838888283215, 69.32225265218227, 122.08009526596244, -5.051826001573943, 37.66355050160621, -34.7710795154013, -6.11176031506242, 69.71871930902817, -87.1831621933888, 58.503868717654, 33.13752626385833, 44.57380388234045, -3.124410318076848, 30.83430841612927, -27.95056194424015, -122.8219721013401, 11.635625349354017, -63.01628607294087, -5.496071166703378, -36.16143980297538, 1.651179799946648, -31.468151481378815, 29.8312086005127, -62.753381431001436, 55.79432037625169, -85.33610556748101, 104.33067698237568, 24.89729079101117, -45.53054694148998, 48.30356246826852, 40.40379256664308, -39.41281049740181, 97.53336517069327, -12.189501299781151, 128.6834491335206, -49.72501913370115, -2.8137383787529937, 209.31826690334094, 20.314493863205513, -122.99551106020074, 40.430087435753286, -151.74973193133437, 28.730339637774563, 17.887006035629675, 80.41856006542311, 21.713713978493338, -38.53443851922032, 66.58478299549331, -1.8749688753283587, 84.15703269582716, 90.77114868675251, 47.73064620105302], [61.357821368290686, 59.51987156678529, -22.973942728558583, 95.40699237974562, 62.30949280702622, 1.7841123115068491, 89.71679138081711, 726.8685842784892, -72.46337695904091, -66.03226280890757, 1.7692175823876448, 9.820102005542331, -53.85143028125229, -50.523633657380465, 31.050509594122303, 8.134130902992439, -76.8259165610235, 15.718712488612379, 69.64035231280059, 181.7633085495642, 65.65974161899344, 140.97067408817938, 151.0711203612829, 54.93148367229292, -2.7606937335022685, 81.74782295262801, 79.09321441380007, -22.471955517186423, 9.14693170703437, 81.31023353997729, 44.425805565470846, -23.050203315194256, 26.79643713897862, -90.22459500761265, -15.667167995905285, -32.8170893477959, -65.36102895535373, -107.09035080993215, -36.69864173612079, -0.5851556605663357, 96.87355978192528, -58.71898720901474, -55.06968035052459, 12.365673201182947, 1.2174655786264235, -19.68745787137171, 103.52821368645196, -23.922636699956794, 22.587308290230315, -26.895031291658416, 78.18975124131192, -3.4422057767820213, 93.48910839993678, -84.19658689884722, -60.2036944172832, 61.446619347652515, -109.04964493229434, 66.0059253188294, 1.5784863085505516, 49.03799988115398, 127.4424672683295, -44.41028755177532, -112.87540123685694, 28.65390254953343, -119.25200472686626, -30.959814691171115, -98.26358902049537, 41.21918156404964, 22.73175258258336, 161.90114272169728, 40.152281616394525, -146.6524617520371, 90.7602273426844, 161.49201034161987, -46.16816700943531, -1.9967608043960525, -28.2774268012607, -47.91098485498383, 1.0188255250329992, 50.372460009662355, 185.67173790654945, -39.74634343833635, 52.27949236503733, -65.17709274208025, 129.78202081760665, -94.15141668375321, -11.194390614737928, -53.55263991056821, -13.46766775976764, -35.284620483907624, -61.641441154306726, 64.71195589794146, 23.41355707896845, -98.12325199236032, 12.110643573693524, -148.21477859392817, -16.11968865837744, 140.47902293896485, 129.771345368375, 23.775341737944345], [116.74587582295221, -8.880336685855186, -64.64985134052631, 8.0932686151948, -113.067846597329, 23.096966726444872, -106.67450459953949, -72.46337695904091, 1083.624896820509, 19.623753459287148, 60.61702976034796, 27.814888503503806, -95.78179310936714, 192.81504380447947, 88.27901861095596, 17.389365021928235, 170.6886156324428, 115.98598036505788, 37.80363514975576, -113.22058155378085, -16.953012746434514, -129.56674469371063, -0.5034370674011722, 12.266826129319782, -17.548197945939947, -41.116495448688426, 59.72323148521451, 113.86738326324826, 18.553429966704268, -24.39771151428904, 84.71723457777563, -76.4628302276855, -155.38038707062012, -64.97911579641779, -19.6891454406768, -9.017611911802863, -50.93660975169108, 12.611120494863869, 143.92456254650799, 109.09484399901955, -16.502817305060862, -141.9807583934708, 104.16432905968506, 40.609566100273014, -96.73281449369837, -31.19487488804733, -277.8848535018913, 47.33188843293339, 71.3773732017528, -17.529049143208596, 18.760115130767154, 53.261807403351405, 121.05826539285314, -160.47027788601966, 6.401052432930502, -51.21726884162804, 91.82156638561362, 165.44852889687783, 152.5670866033986, -87.24563320421224, 23.795764469295545, -144.60701009694682, 74.87511252266168, -124.00703827181515, -147.30708413776978, -46.60395054705701, 66.17410400079235, 72.72872663104168, 102.77664981765061, 33.495064278677276, 73.63914170630501, 120.61688978177453, 55.63765416065035, 16.564519982416027, -4.619426952295844, 109.41118966528524, -17.952695439586627, 38.67927301307199, -136.722924673343, -56.12326170933905, -131.9045239196999, -21.380106342370087, 122.8034823493208, -41.97376382890629, 11.131750981755482, 38.9807651649386, 48.76010114579252, -3.728135470830955, 120.66965178048021, 173.50418414478162, 36.48043708038497, 181.8642433899014, -47.994744816389414, 3.1180767248965773, -44.74553709193118, -76.73259553182339, 12.626272770111084, 51.07897268380594, 51.741813461355726, 10.200922698985453], [-27.98083904307293, 19.951668691697996, -18.779885791242627, -123.67771209040811, 197.35640545029852, 57.138063543285035, 54.35231294007481, -66.03226280890757, 19.623753459287148, 749.3983316885592, -28.820793150570232, -20.801409422055013, -27.665881469134586, -25.214259161143485, -38.70884589209306, 120.68980719848976, 31.749908599153173, -37.653537625201345, -98.5586142086014, -17.59310809055699, -85.23587126722921, 46.17465796165389, -24.705836382836676, -78.88615896007526, -20.2972153470975, -51.63780150673528, 81.24292901339035, -114.26019348254347, -46.784877274279424, -82.37477675543585, -75.94089842894316, 89.48652125795243, 68.724855649126, 76.89291054097949, 0.20928779038204381, 98.10726686768277, -40.207442613189244, 87.43311454562988, -57.09266952757046, 12.745180992705917, -2.388421819904866, -42.97005119809597, -1.811318544544715, -40.795690220325916, 82.64211443481702, 79.36578792861327, -49.53559196588558, -2.9021298130647133, 18.55359944320428, 104.7916314642607, -0.9369510986851145, 146.2518266318215, -13.800264334933232, -103.6490986378167, -100.26537396608131, 31.94355982919514, -33.18894324581841, 31.53683781920853, 112.12242490724944, -52.33662691937715, 94.22365519119667, 48.27309599153825, -31.908018237596117, -8.265251321146883, 89.41890227810919, -46.74742189473717, 34.91105821033588, -40.97970660966053, -87.45829130083318, -40.40009715513127, 85.83406095954012, 149.45797235367732, -19.037917481729327, -45.06364457178811, 145.48218545352833, 31.053974179211124, -104.00600983243501, 87.94706337143367, -65.48291596635356, 67.03539114483583, -30.958858864727453, 11.678083200519952, -78.16926280631368, 79.37540719415675, 26.848639034143435, -4.142647027019638, -8.427475140078505, -48.32626830555412, 18.607217606386044, 42.44524274912809, -14.736322082816704, 100.00961891216795, 119.85392905927976, -46.989402014334885, -71.26092756474696, -42.44145162364869, 32.880563120333484, -21.94263897347871, 48.834543226736585, -71.24343554174996], [-72.44082402471517, -38.753970631164236, 35.55279369043597, -9.285173610224838, 103.63478325218456, 43.97202380054385, 34.30980632400431, 1.7692175823876448, 60.61702976034796, -28.820793150570232, 507.1266967455334, -8.559963593670863, 10.210030420925351, 25.247103618121074, -11.539344613499225, 130.02558116171951, 23.27564737137401, -65.4407499592424, 83.03081594846148, -4.612826755118932, 42.06125366200082, 10.822603679216398, 13.946856053364234, 48.81674441309543, 44.09007167915246, -0.5679550668479563, -19.82061141485465, 46.71707281802414, -30.821083239894158, -50.020459244428466, 17.371488192313755, 4.319409617018606, -80.33166549731983, -32.91677778433928, 103.20490377055287, 23.50982879688061, -125.85018329897905, -12.527283241474729, 50.85043644374613, -5.859610405967821, -8.624772155976483, -61.77352860400981, -22.869365047094075, 43.00524593725541, 35.12373633256186, -52.06148420118267, 8.3528344641536, 1.6873828139735694, -16.926568614415824, 24.926553977473727, 35.94919611922784, -97.91603737331242, 23.952359550120825, 71.21873478667744, 59.17708915402875, -10.599552310737996, -71.54900297147911, 0.2575617217865357, 2.251307165588337, -1.7015932246006007, 1.9421668893288841, -18.527570758716127, -83.97850664620181, 5.658655261294446, 1.7850950468627782, -28.968046079411106, 40.770344858102135, 24.825171176201806, -51.693517789325355, -32.54296025456833, 136.93151761547904, 28.476248985465634, 28.67249086923773, -78.10888276675726, 19.375318325500853, 51.471893315780264, -21.33002243104535, -12.207303548402937, -76.49409771953897, 46.795819569732195, 27.534430903265747, 13.335622900543935, 63.051898645556975, -64.07190836475391, -24.62717497984828, -32.23960484188548, -35.52941535782822, 68.25786373955289, 19.046631659571986, 126.8721043315727, -80.56103192132551, 38.011033384132446, -110.15714310318539, -45.70648832519116, 9.31420420466314, -36.610759823534245, -8.489805343546386, -20.14943034551232, -24.469691609811136, -83.4912612179735], [-32.37864472982165, -59.93075107169776, 172.52448241005754, 24.260407969851016, -138.19695076535567, 21.72272279000305, -28.10486777025618, 9.820102005542331, 27.814888503503806, -20.801409422055013, -8.559963593670863, 746.5080435763027, 23.499702843798246, -135.0038955002475, -3.2673374389735135, 0.8216941723938516, -39.03488229479131, -124.33535928867006, -173.44854320544215, 69.42524565858902, 54.557960001833145, -197.08639751808272, -170.05328104528382, 87.5109818340948, 80.1250457977856, 79.1947386412782, -56.94984988673444, 65.43835319986549, -126.67671733226976, 204.65398683877746, 4.898785494401726, -189.24391904658668, -17.241507491898414, -28.294618292821557, -55.82719982583772, -31.587472748767585, -109.0248564146058, 62.94166193347772, 8.181416888784646, 114.78012596872122, 5.412369361970597, 26.895581565160498, 66.11795228007117, 7.90175318284063, -78.7969819664947, 10.688888887099331, -89.25694843013315, -111.513060987742, 66.48388782954888, 42.417717736658, 96.12892801718182, -35.7976348630841, -0.9025887716084025, -56.738832597881625, 238.4906007804424, 33.05866084387966, 26.9504052599245, -101.73662607470825, -72.36397172914688, 24.182504295965526, 61.80444508223107, -110.65231369747329, -166.17090665011543, -86.02142104063151, 23.78866355963074, 50.086182027584236, -46.21963295628881, 130.31333345093375, -93.38145017326939, -17.55853531721186, 8.4926497749911, 25.93795861434846, -12.68106261797689, 77.9443348925125, -119.94835235781501, -25.914513702598846, 56.23317471921522, -3.862951746639206, 27.114865226378623, 58.99821917165986, -17.76050902718526, 16.405589651267963, 50.99485542896191, -90.90679926137197, -21.986471810600097, 14.97249224238665, 39.880676641862664, 61.622674525432224, 66.02834712170029, 97.07295615494911, -27.52097234554971, -42.86726625041914, -5.289626421348199, 58.53486516030889, -57.39845478062638, -48.29510590166183, 4.3298162393215405, 80.55216799512336, 32.081466964305086, 3.361903058664689], [-61.970073857335194, -36.21270323781113, 52.79338932165424, -173.58320806024116, -34.15883876130738, 20.228733130573058, 30.78009790680977, -53.85143028125229, -95.78179310936714, -27.665881469134586, 10.210030420925351, 23.499702843798246, 638.6020375936804, 123.32383592228886, -133.13449808903243, -81.88311541939822, -59.484115130565435, -69.49540183111392, -73.57591556474446, 12.480866702866928, 77.41989862980179, 23.03046675426992, 48.041923519935374, -7.856515203224539, 69.07514181135802, -55.23856779924883, -36.92465597151731, 94.61006908870016, -41.68493008789514, 12.671152951823789, 72.96998362532773, -44.49156394816905, 30.315495539973384, -137.99870218487854, -73.65223170033981, -81.03765372822153, -14.371213107812407, 61.90661005173088, -58.21670309971996, -38.643275378713156, -21.985871093076252, 15.337796472399761, 50.426697592137714, 42.79006498626853, -16.890833964886173, 1.7703325688532376, 32.749989063712256, -43.85221833799098, -185.56781395795002, -101.01706959727647, 11.74330837174184, 47.89854161800672, -63.96264080227472, 56.51203118913472, -20.10634387326667, 10.148521832148019, -67.31488266497594, 97.9823249117007, -38.81907207514815, 1.744557830154981, 93.0904551981194, 38.301765382852636, -44.51099402164231, -146.34988944865236, 72.3353234495572, 66.98985613327339, -21.538716087553713, -105.05269779391041, -53.80417113068231, -42.600257779052555, -66.57573335380762, -64.76195076120482, 28.785173768686317, -35.50939118474316, 11.369332711630953, -102.16811051219644, -25.36554039196683, -26.687879600164795, -62.37058783246464, -26.145068605435952, -85.91251418292565, 148.90245215713603, -22.882030038354568, -3.127824418447159, 16.571157408077568, 117.37634458515019, -2.7463946857244887, 101.31106781313505, -74.63355175962728, -9.883849722359015, 21.580488232496783, -80.47718569570618, -59.70207873434315, 27.99240550529261, -36.571714193154484, 39.979675719772096, 52.298295733907786, -35.60351953092432, -13.646649273464647, -108.2648333181381], [24.05734021662412, -65.25632776756136, -27.643160843600416, -21.152555029612802, -24.291359204753626, -102.56009524121849, -81.30714208864805, -50.523633657380465, 192.81504380447947, -25.214259161143485, 25.247103618121074, -135.0038955002475, 123.32383592228886, 689.4212494607542, -18.435091722341994, -47.78120680686629, 102.30882447689886, -37.190636874270886, -130.81250683366736, 79.76249074882503, 20.38446793627092, -142.95642523029824, 27.435120747635892, -10.349256456268973, -144.8377772216893, -72.17799454524292, 31.55568527019535, 19.984233112435547, 68.29137715741103, -56.07601330758976, -44.208906931748814, 106.5679096572363, 65.18220156021123, -29.13889784339894, -14.156389624148044, -83.0028741564005, 73.67510831403564, 39.770728352654906, 37.751540748763766, 54.15033592468986, -120.82704717422267, 174.40294525235225, -5.1902008541669895, 100.62291881974876, -52.860878431423984, 11.307447717246411, -4.227309746917656, -55.348947867918625, -51.08304244867208, -65.93609755831253, 93.2832627257743, 17.286731507333457, -27.076377289563304, 28.232341959264648, -4.789943874185563, -90.08451201910458, -77.56487042587091, 117.7959975378064, 39.01746468296259, -105.00499052279413, -25.556657347282492, 51.78354927802265, 137.42931884911042, -12.875658595202752, 53.93212565461021, -42.664327772289596, -2.0476429841907695, -27.29031583143498, 41.57771344390317, -14.212009497947525, 73.74089688325674, 55.06251784665915, 89.70667206141101, 19.94581081146137, 57.61354781915727, 91.11845887373079, -50.00302182106624, 52.897919167273066, -87.18571868228052, -121.18975192374236, -91.38668457286226, 124.46321329359667, -2.0086771688762735, 7.568663386880465, 25.580576515509655, 29.02940453241851, -34.16545917681341, -54.0090949125052, -76.84114570983832, 72.68529260901111, -37.639175055690714, 62.123370077858716, -39.58613063832218, -89.1722839593299, 9.174383807883595, -62.80938939548886, -25.617951890996192, 3.130946718515915, -130.62420976714728, -28.157538808955675], [-25.094322838483063, -49.27527230294957, -46.42508415601185, 3.4757573796549406, -49.628125290877996, 37.315621538832374, -166.4576509534936, 31.050509594122303, 88.27901861095596, -38.70884589209306, -11.539344613499225, -3.2673374389735135, -133.13449808903243, -18.435091722341994, 693.9425196237261, 6.1120975662125065, 91.62897366490019, 66.36100039178514, 33.871919912468165, -145.3891228352094, 38.70162425728726, -44.189387790158534, 197.01432433332022, 40.73592706927293, -212.81775017265787, 47.74091088599812, -12.571772756232049, -21.39490419369997, -2.6659300809155613, -17.647897176706955, -62.27853379150037, -78.62529263657294, 10.975293119332658, 41.675772123904295, -53.98895897012201, 23.927865313870413, 22.03781624263777, -125.22579353562944, -83.04432368318913, 4.642749998326049, 17.705060826924203, -49.2817901795303, -127.02131089007912, -129.87275668891695, 196.74457024948342, 55.49606582284468, -14.425308024437015, -44.77810477036494, -75.1414873218163, 97.02460317726023, -50.5208489043759, 10.413731067355851, -17.127589588836763, 71.7170908477664, 57.65340412925224, -30.886027713278512, 46.88138560987549, 50.718412761564814, 34.29159064293682, -26.57366130312754, -82.85131904832912, 73.64435653404297, -6.585543468085853, 167.19686159085, -67.88041667070277, 90.35551967313353, 3.5580676346542464, 102.70985919353423, 219.80639044226712, -12.335358283967487, -12.757351593732132, 14.03399859695001, -144.71603288855363, -3.895739719915696, -104.06148099292221, -39.25470641844469, -33.81174540309282, -84.16585892116173, 30.47111624661992, -65.86321679043095, 18.629049566243015, 65.19791062143739, 71.68104695279756, 25.725702832359946, 95.70105866739463, 63.85176776899295, 59.01419059279923, -12.987122724776512, 96.70560750891507, 15.552951744383812, -2.783955033477314, -9.908286211427829, -63.55420537822972, 48.7095830101747, 56.59171647421628, -86.1778182459183, 19.641241550715513, 25.966134368771158, 7.712797339135315, 86.24496375509585], [-92.65395863004437, 36.07642390705356, 22.659421575281133, -13.096975132783319, -18.36366840102402, -59.188457942441225, 97.43509071701475, 8.134130902992439, 17.389365021928235, 120.68980719848976, 130.02558116171951, 0.8216941723938516, -81.88311541939822, -47.78120680686629, 6.1120975662125065, 805.0520529963917, -20.03046731451881, 36.72800308470205, -167.36103642937053, -2.488919784893238, -9.236250755035481, 103.26909107448358, -29.812643919755523, -67.38397045439777, 62.71220680076766, 19.728634425075, -158.2250687140374, -83.28220376876511, -117.16164893903422, -35.42448615409284, 63.543505290807225, 44.46649209588547, -22.752022881223095, 42.508263575961195, 61.41115167825839, 77.39840095325921, -158.20341112519918, -3.7667056102479695, 40.57764848979696, 8.644023499108332, 150.678044950362, -83.16535360670929, -32.73413498996397, 117.68175389434568, -37.23267698458963, 105.24785389402322, -46.21790513659953, -43.05170568936369, 55.041238745279344, -8.880253232963035, 53.369931919339955, 0.5229300501267331, -53.283608417821405, 82.9302219341373, 99.96339106096231, 49.04315564579565, -26.742066577825742, -114.1951536098296, -10.578088527819329, 33.645971991325645, -111.82380469224306, 17.287793872718655, -14.123063803495485, -28.21199331196617, -106.38130713616317, 20.505077174369788, -78.82392434546986, -22.846764838572994, -38.099486812952414, 11.200150838945785, 64.88398446050037, -2.30856427513368, -75.1882718024781, -42.061639747597255, -4.393039299157996, -14.023679932515337, -2.1131154146784215, -2.7490998425806357, -15.472330657839088, 20.669924089248674, 18.700125380865813, -148.26260407774302, -2.3698576228056223, -147.83130660470812, -66.8048117797323, 19.158147158868196, 166.66453007949994, 22.23343212788, -25.64685483900778, -109.86243571129742, 24.549428530811326, 41.73504881458884, -26.230773147345992, 38.13351665904133, -38.260844660029875, -117.99318339187873, -68.94378333784768, 76.97843546824157, -93.88661893296707, -33.92801890891051], [-77.93272724986805, 91.66463187143472, 32.437832542667046, -59.435075887527304, -35.19755433186567, 3.6243438368607914, 25.783250023975366, -76.8259165610235, 170.6886156324428, 31.749908599153173, 23.27564737137401, -39.03488229479131, -59.484115130565435, 102.30882447689886, 91.62897366490019, -20.03046731451881, 823.1001505040538, -54.172515293709615, -54.849475663135905, 4.403960488228845, 92.59511038028822, -21.51294618418193, -42.885990732954696, -69.59684162927647, -58.240561964222515, 37.494548549377384, -27.151848217326773, -11.270380206111225, 63.025112482504326, 5.749620394352796, -28.157510122091256, 55.301688529673456, -64.94746132090822, 64.452056727031, 103.63640838866789, 114.93697205221893, 116.10372884390017, -14.76038806889403, -3.8523592015567787, 17.862880388511122, -75.14765105021013, 55.63452399742943, -66.6860666128012, -22.1155364925547, -86.99247380024403, 77.01169298558625, -122.93962172277291, -26.67649472926908, 56.090035768283336, -24.26192397227854, 17.803353758528583, -7.722344592798454, 218.60816073409575, 6.644206631924617, -128.29774657512777, -10.802228274779136, -16.527818812547057, 190.48696766380985, 10.084069269084578, 38.300385982278385, 4.142568788759824, 3.4956200749809407, -63.35711320387943, -26.355127779070965, 18.021571241716867, -41.75726993656582, 57.38822492744507, 20.15963046640435, 79.7114419015883, -106.0292906403319, -27.853001460312043, 51.62899344138649, 59.422998056617494, 35.988622721075195, -125.91639556012439, 16.857293497488065, 21.143411408294586, 117.97120516089255, 3.6187385592526407, -5.080768512102671, 35.636648195325385, -1.5502575437789998, -24.81256797634573, 60.672902566927036, -22.075167451425383, 40.56523322403949, 3.3024092337439312, 118.55762346734373, -12.90442274645371, -11.091725332268629, 12.025442218347772, 95.58128699624895, 54.762589111689955, -0.4148540227965769, -47.35487149546182, 31.594964408678187, -49.76575863378949, -67.07766386551253, -6.636463183234336, -11.945289106686433], [80.35355233070453, 46.8625567099007, 36.946923060899316, 131.91528084959532, 58.50008361961134, -12.520884084702287, -100.01217105382025, 15.718712488612379, 115.98598036505788, -37.653537625201345, -65.4407499592424, -124.33535928867006, -69.49540183111392, -37.190636874270886, 66.36100039178514, 36.72800308470205, -54.172515293709615, 744.1764293355847, -96.674820117594, 19.11393816432748, -73.3253636134997, 100.93216588473854, 42.44036796824647, 49.8280281525801, 41.31740887430089, -0.9084451006386088, -7.882280923806211, -32.747694899595466, -199.2468279864827, 1.614031716453755, 74.34307449447454, -43.78475513467396, 23.09371892781781, 49.66138676480831, -22.46602059282785, 32.66039634804192, 45.18796768676021, -56.763849117955004, 92.89829618958002, -32.80430038993167, -33.33975171677007, -15.809247704967234, 56.86023943667852, -70.01885766283758, -51.98199876889961, 85.79412422344419, 91.19435403881262, 16.875997038926855, 111.9568959731903, -67.50190439326579, -12.303029623560763, -4.365483997575439, -48.7695792352886, -115.66100886981658, -104.04247526839922, -100.37897654345804, 82.18584267806732, 55.524141414179205, -127.38835176976768, -21.380849698569538, -31.84047759301605, 85.78803881746755, 7.142077626678262, 151.65281596259155, -6.698204718584033, -4.785472833106988, 30.682470290248382, -78.73672826769213, 131.67032304217545, 114.24436136393818, -29.89559257353149, 93.20791086841095, -144.9807763584111, 80.68086129672935, -197.30306293535614, -47.24549217333461, 53.260444905768665, -21.951740324732977, 120.44643795889496, 57.43479741794797, 9.714549387300627, 24.74922137729747, -56.311247541132644, 13.479759352345312, -44.127378592639374, -91.42384848637964, 214.14387985155082, -2.67439499123667, 26.645583161225662, -4.8564614020489305, 102.6920933982918, -53.23145008075752, -128.9041870603313, -61.36328958505745, 40.5641748591508, -9.482576106872653, -62.66304916385952, 17.293131696712503, 76.53988109822333, 55.012711165233256], [-77.50563166690382, 118.44195906352682, -65.92215368615722, -32.4122408533809, -65.17471341405442, 62.396999971780204, 83.00802960928334, 69.64035231280059, 37.80363514975576, -98.5586142086014, 83.03081594846148, -173.44854320544215, -73.57591556474446, -130.81250683366736, 33.871919912468165, -167.36103642937053, -54.849475663135905, -96.674820117594, 703.2344137796604, -93.64904882860179, 49.88561417853276, 144.52747610546643, 83.10054227728008, 65.90672336541562, -44.57948326554121, -1.5356606068776801, 53.360217400878504, -94.13309291010859, 88.65251888870816, -129.93223503914587, 36.27838344266804, -3.2667030093873812, -77.74821276751148, 14.512077406232825, 117.99395057431076, 65.9541720265298, 60.544768638640875, 15.013963675314223, -54.26691263296884, -45.07811614828299, -12.307010929763727, -3.436619241166037, -37.360072996201396, -76.58167037525143, 40.595265648025084, -22.430861918637543, 10.612738088795199, 76.74696602464209, -23.996587042210844, 123.71375820606764, 6.187462116687967, 17.136781373261567, 206.59767040013008, -29.95685489568731, -14.191316102835254, 59.67460227298811, 37.12916869189947, 53.68034092932979, 101.38597612473643, 19.786369513187342, 32.96019807854086, 37.680098665807144, 77.96285824791401, 30.230261511154275, 29.518451248226146, 69.66108796794062, 0.1816029574261346, 136.11683402758032, 62.760968750869, -60.80784901098457, 99.28030080414624, -104.06375216414418, 21.176128453742987, -149.7311144574241, 14.002486027444526, 87.90453804049191, -22.82928873605779, -109.01325915949049, 46.84918186081605, -50.13156179263706, 82.93528192082141, -48.767132724278035, 71.37561878066796, -41.87584725905516, 143.027617066218, -23.2164185674369, 70.31314206966394, 4.940435551332745, 124.27929057763085, 79.91149399554412, -25.157933324644407, 97.85084103713662, 94.17721560354155, 35.736176393349666, 56.44469458271618, 8.4193366281919, 127.5935081879059, 57.63033170688986, 41.95978197389625, 75.73294137666178], [22.119254662122664, -4.315512538054728, -22.1118962798881, -104.10620528176538, 0.6103779187124447, -92.21214348801993, 44.762731977447224, 181.7633085495642, -113.22058155378085, -17.59310809055699, -4.612826755118932, 69.42524565858902, 12.480866702866928, 79.76249074882503, -145.3891228352094, -2.488919784893238, 4.403960488228845, 19.11393816432748, -93.64904882860179, 734.8152785259167, 76.61731687201629, -27.320777350625608, -51.2270306382163, 94.9450668228544, 61.40144221084804, -109.50112568686887, 77.35385737933035, -57.38528866690594, -33.420952173752376, 27.34122493165086, 11.470332071144394, 2.382087523166929, 12.36841845444065, 37.25384963833513, -138.13820790052495, 103.67160664363308, 13.412771015263594, 8.886970902041007, -36.08501675001986, 14.316121262447773, 46.738403086622554, 2.234103181520486, 17.616534951509188, 163.66789871431357, 15.772868192550025, 55.61126336800928, 75.77616849156814, -56.60063253508655, -53.76939075803703, -30.830192982713175, 106.46019249343613, -58.51455978283748, 121.3513107548388, 14.42572911600781, 93.22677049613466, -78.24282146819345, -55.777884409726965, 61.60441741584778, -180.51331890848212, 63.265544195804424, 117.15692043822332, -102.79016423500254, -120.15197643423542, 104.89835784642551, 5.533203569503003, -122.67451224555043, -62.447189643767885, 61.29915298248219, -73.62796019865914, 147.3098428846211, 64.78006221254596, -1.9305465684053413, -4.114270976173325, 33.95647439827943, 18.679761939195668, -53.80161556707498, -34.30267694832129, 43.25774292688463, 3.661115895312524, 60.359522259533755, -13.42265497766967, -92.26197126673422, 68.91807571166564, 53.64989445341456, -34.43891047257618, 19.00855073722051, 38.15137638319689, 78.26171316107518, -55.060598256229646, 21.42094668559556, -148.23699393219107, -47.44657113865781, 153.04099166921918, -81.1901252530871, 70.12417450282902, -109.86838813999506, 11.116655870452517, -109.19061360657376, 7.845221954874045, 74.35076672367083], [22.160579776453073, -140.63268987255222, 30.61948753386882, -105.42904153649259, -50.85156644252732, 32.67099088598308, 130.84679140936504, 65.65974161899344, -16.953012746434514, -85.23587126722921, 42.0