{"N": 100, "M": 6, "A": [[[728.6611576799111, 80.14711102839104, -156.13319194050635, 21.28639185157044, 63.69546172396949, -2.43056037507459, -10.258814941991728, 47.439191637236235, 129.0108006509004, -65.03973068608684, -27.559804929085825, 67.07425270567565, -42.05110607094739, -12.00069335421723, 38.72053384862961, -82.92218280006921, 30.7770464283557, 92.53832761467847, 4.7324805219031845, 21.394476887500566, 183.42979380907167, 21.348060550012598, 35.968618220627434, -2.9050853830432937, -80.20781745129125, 26.84946501971957, 8.522662688916286, 35.04404340935577, 83.37848439399178, -133.99987029394364, 40.96098316287713, 42.97218645925597, 96.79189175691705, 82.16129424332121, 24.851048841655388, 23.44882774158847, -8.93113803336694, -45.180560495209285, 61.61552988328188, 88.85213558743862, 77.78508232507954, 89.94344486765219, -55.40044904508361, -41.14942381634564, 26.566782077092114, 131.83729808639796, -70.0396590501404, -103.89616980783332, -23.29922182797302, -42.575132761180136, 55.98185277137012, 89.51045964805381, 60.03764514015729, -3.0534157615357023, -6.666909289941986, -54.1924011302485, 6.065968835628504, 47.812016576067364, 39.201523241351964, 48.03083284249724, -24.961489056716438, 66.08727655713226, -109.96185517904385, 47.672780140500194, -27.01896978779454, -39.54312818417319, 75.2576829950903, 82.28653723988045, 99.16596602522476, 17.017093116589812, 149.6748047106891, -19.350308909628755, 23.468884401603304, -7.434519448761961, 43.10894675377866, 100.7113589235156, 98.75124086243174, 44.58643453332585, 28.764657997708742, 104.75736990625458, 18.382652812633307, 57.65090238974332, -123.55676639374876, -103.0486423605772, 61.35927315338348, 2.491090369687671, -24.57904242852856, 76.5266924538678, -26.534691071818003, 97.51074518555835, 17.294598004964538, 88.6941377509961, 151.50863005690482, -31.442190171338506, 73.4542294091067, -49.37348904835556, -50.70957981527317, 5.510430371432306, 47.71294344623356, -77.52296240590326], [80.14711102839104, 793.1713517295783, -49.67787479908047, 11.794475577972216, 113.87009638989807, 56.98425344563205, -5.385467687498011, 62.455864588402456, -103.9480403312542, -17.15403487854925, -105.21896023875702, 29.96791383355646, -16.991843951648605, -111.49963460129484, -62.4079122140309, -38.045774728242954, -18.0011898646032, 114.46530203776115, 77.85810355410742, 7.636228752638055, -6.0084989974111265, 53.0139369379716, -151.8211057458159, -11.196821848798551, 5.91224761176616, 93.13047630072865, 83.6746891164919, 47.28690691936847, 0.48534101955207554, 16.42993799857954, 43.23445831347745, 36.784761208304175, 93.06374233089495, -58.97684906878426, 140.37246187526495, 41.05551943748848, 22.28844227203938, 27.744514738239502, -6.869740010071383, -40.75016679755068, 92.65250141018885, 75.25009611698401, -9.229010622491352, -129.13311110663523, 121.87114224562785, 27.307409146891516, -36.18873491972324, 52.34331837075734, 98.85504005809838, -12.880587708164793, -27.239880718581844, 41.86049846272511, -63.10089116100518, -23.98090807096535, 21.54013135437351, -66.40781061803135, 76.87262095941364, 16.678814612095223, 82.90849841990055, 19.35545413536234, -89.28245834522947, 94.71210549754016, -99.5153276125622, 3.330368000076953, 15.563135028760225, -96.37658836822277, 2.1012734849859407, -85.19718052900521, 2.6136557392632733, -58.8447451062085, 54.704869529652235, -63.94848978890897, -29.174061251299026, -35.53870957961244, -91.85925481554452, 95.44922891115692, 40.69191579745436, 26.54410788058635, -174.08411833612064, 86.19903679421654, 11.681712537566836, -1.9371241400215924, -15.43084489134798, -86.15320226786892, -9.886801984822016, 3.843794505181949, -8.344092216988455, 87.23226640724441, -10.930326871904578, -4.092977491417395, -71.11966071954774, 1.778218511422062, -113.58547020391266, -252.78050050570874, 38.937875570670336, -14.583235436737487, 157.81197018119747, -100.30714878557441, 109.36464853934173, -88.09274388113906], [-156.13319194050635, -49.67787479908047, 777.8049144918931, -11.788040914080444, 40.176055095173226, 17.767930303014, -7.4431668256232015, -26.415493362752137, -69.27668912259522, 61.52621425145539, 93.70402944847112, -153.71460655800985, 81.82207397413376, 20.874641146172596, 6.76441128169392, 54.42314098239558, 18.733476159704363, -68.46450750461645, -15.766259662603504, 13.162415581605543, 6.7057843035071185, 3.3157853098332373, -102.04448006289878, 64.4952212007671, -65.33318565522136, 60.52460466378744, -11.398122778845174, 12.63602938739639, -96.45084033007277, -51.87524153981635, -47.503592942127625, 74.76606134843341, 62.013918369108765, -14.815313548930048, -37.537275587131866, -72.32830929647886, -16.825650476690523, 119.45953642682794, -8.585428902008102, -71.53909041952838, 4.289872829884133, -7.864282518459193, 29.99828993508147, -0.15787052882537886, -32.273527365509516, -1.09885799723061, -52.55967665767156, 40.40838819217262, 47.64821031599675, 38.443088201012166, -35.034945195271746, -20.382215792100013, 72.35449326991004, 82.396808346573, 133.1609166829065, -47.488084732855235, 75.76192513865443, 55.47121701300253, -107.63525141160991, 64.56030293180402, 13.371312586792524, -70.50512300350951, 2.1163587930322008, -48.53609959298109, 50.7215702153834, 82.54061974654412, 7.355858794380226, -41.75066082425965, -70.40712929525684, 53.38666965840523, -13.408897379474833, 12.572884986512419, -32.12972888030933, 98.42068257105221, -96.79560514471325, -2.786489041200845, -81.91063887375299, -9.224472026381573, -99.49550734560711, 60.304672098543236, -70.69096860534596, 10.879591078111051, 93.86383920515546, -33.48980259664373, -137.77606714869322, 59.485805610543586, 23.7330974847987, -104.35293428649508, -45.43519095662544, -64.03207153906887, 111.61791460591104, 90.30537931793049, 43.590554498894484, -2.827597584839566, 83.44857859562839, 55.19139462330405, 71.28436422585663, 28.148597850539915, 14.997319544739865, 80.4980181986599], [21.28639185157044, 11.794475577972216, -11.788040914080444, 889.1371117137297, -30.30183682018111, 46.74252872837988, -16.111229635043287, -5.477043477613919, 10.331269072913095, -150.5465141226201, -19.256485303079707, 83.49405182419926, -0.719510997138461, 107.6726421894767, 102.0719728848987, 67.45698337557829, 17.971840942690527, 46.903050940043535, -51.11119317111685, -20.832462922876303, 47.15694135593469, -92.68052641204886, -26.123379981121026, -26.329068106594907, -77.9308143581169, 30.942559567320462, 12.370531800021068, 36.56652372411442, 23.681711057534674, -68.64908667873846, -1.2334453027829042, 10.706099320498618, 6.799716895591268, -156.54093042917486, -64.40425105825013, -58.726514069122544, 110.0969598383789, 192.42492542482915, -102.15056279892882, -78.38984042026196, 128.10264788415648, -23.27019796679648, 61.61747974942596, -137.70286501331864, -1.57718529942699, 27.415575572222135, 43.67516547504565, 16.228761429338437, -20.484306766860534, -84.04999802197744, -41.96644922239198, 69.01329751936251, -108.97682320958754, -62.994122607131786, 151.11265304693737, -28.66391561706178, -45.57718942799031, -35.948193270641994, -30.724714976319753, -23.197266364383026, 134.713222010826, -113.97548341879136, -46.1754257511607, 66.36370700274544, -140.9226282979864, -139.98567413163877, -7.645188667322382, -39.45649470101684, -101.34990567008019, 122.96635113356454, -33.99169924963675, 101.23281322736106, 35.0950276682919, 37.1376539875464, 22.211965515331112, -97.59753297427969, 6.178877305223593, -4.8792226276687884, 31.73525563466728, -70.04114745249667, 48.05978289162289, 48.51380782115355, 206.7501728318945, 85.4371296606786, 130.99531387348463, 2.721229461016091, 24.637557729017697, -9.200793282911688, -32.18590770237694, -0.8881998394801688, 68.6387584035436, 12.379888302529887, 52.775614909595994, 4.389489173953855, 33.73101554175411, -4.957508248908961, 82.54944711629064, -86.09747456650021, 43.08310768673197, -52.69422796511624], [63.69546172396949, 113.87009638989807, 40.176055095173226, -30.30183682018111, 876.1594215635001, -49.296013426212596, -6.867004048153375, -139.36135912156223, 44.58728116647612, 3.7321541667623412, -109.37908760192954, 40.240757098243364, 39.283588601133296, -11.399514716718617, -4.934906028191581, -30.167313716204973, 28.97352965829001, 41.165537088821466, -83.10020602757298, -54.11652001565691, 7.193085035798499, 80.77560120813061, -21.6617105298247, -0.8198705510252391, -127.59627329186975, 194.99273147782154, -39.975810628097776, 102.074013530658, 76.2151790751158, -51.55797355933134, 15.343905855472421, -103.117256376163, 12.913792333511322, 81.11107412076194, -22.46306722551394, 163.3510607807616, 0.05435504656801488, 19.628012639840705, -137.16317960492123, -177.70103563271442, -139.02063548304315, 45.28655114653415, 2.7208533608594143, -16.579783954746095, -72.22063019658445, 69.15117523811257, -59.38245235546055, -96.46780621817508, -87.09809280707213, -14.965601167862676, 73.82349654445824, 37.24086139562918, 166.0194102296403, -96.42275490530496, 149.58241728897576, -16.12117590981699, 80.58651048173893, 61.41425465893785, 15.138919857093397, 3.3367762987121967, 21.357443861672913, 13.541168109843737, 61.914365439578255, 1.752965202861449, -24.299944061297193, -35.37652686299004, -67.11113741611614, -50.38526660621804, -58.57984654339793, -118.03987069560438, -20.857522897942605, 58.90913381204067, -41.743652659527775, 109.95817590135032, -46.61717769113444, -65.23834303249834, 78.59159022644926, 48.729624890590316, 123.74853422520813, 14.56573293044047, -10.259789123769655, 57.51695437118843, -20.801601049716584, 146.8977886529796, -13.781083505991203, 50.99292156004411, -53.320261686964315, 41.38552413849063, -58.19750238040504, 34.67406284884374, -32.70286674772932, 68.71342287670274, 89.75920598903802, 72.88535418045758, -20.15614558975864, 28.85863089647775, 178.8697712973678, -34.76493990591793, 2.9624823025187923, -131.06161719986966], [-2.43056037507459, 56.98425344563205, 17.767930303014, 46.74252872837988, -49.296013426212596, 1001.4302553813972, 74.84494424353562, 9.95407659781309, 28.485004980555296, 63.903711297541854, -7.359838868792165, 53.788979666324515, -27.878749786571145, -111.65433023702563, -20.629695839547157, 72.18709723707094, -45.88952474073492, 32.3840623976125, 73.40612848246604, 7.057487566009427, 38.60598126163672, 76.22843335359406, 17.45833263808133, -58.41802297322194, 106.89699624093855, -169.05423358161067, -40.334312228648535, 13.613733910143887, -32.668454366724, -23.48688626669027, -9.820645117101016, -11.424015595160869, -11.802546869286791, -52.3634524230563, 18.56896682519182, 36.33645344333565, 39.91555878835901, -33.519045619094335, -35.84822962030579, -20.932879431927464, -57.13600782327487, -43.61923181158646, 51.110285112584926, -68.6548240522284, -111.90466978612993, 11.966429303968686, -99.68302269730383, -31.53951871455615, 87.6765275190011, -112.38964628479714, -42.588354871805876, 14.182393820655083, -167.15462926744885, 25.156650706495014, -16.43499420916819, 71.31790227242172, 233.75893382205973, -81.32952352939232, -23.76790879630997, -19.066486551858215, -46.78595200866873, 75.94926050951027, -39.234160651745576, 43.875069010915375, -20.951267546701487, 22.209625510012152, 64.02633749508387, 8.506935979116305, 89.35915078108974, 21.763540267490292, 29.804078406290575, 74.09117720049191, 127.76707334576159, -17.941130997734398, 20.560313566656536, -45.670998992209185, -108.4535307844202, 116.81459027257421, -19.63587901353071, 137.94962279315806, -38.01290576842089, -110.04213290232425, -55.244718638815684, 95.54302403943431, -19.646238875305418, -21.77750753749128, 93.65247644327494, -11.461901180245208, 181.01017799517936, 47.9902600443579, 131.22371580873357, 58.442427934220476, -104.1692231985947, -1.7342062081193743, 81.93522410554604, -53.865351024981116, 98.7382633740954, 0.6478742154983166, -44.441692479154874, 49.73510820694078], [-10.258814941991728, -5.385467687498011, -7.4431668256232015, -16.111229635043287, -6.867004048153375, 74.84494424353562, 620.8214673341879, 47.00527222459041, 66.04114585616085, -46.58138366997306, 15.363945351037398, -28.969191536034213, 6.004033508337457, -84.02457050740108, 25.992203274274175, 22.369031164707277, -47.79203943746309, -70.4846962811932, -113.24570431395163, 77.66587176051513, 48.41465543423627, 63.51916122745774, 33.18654540889206, -40.96694201481129, 89.55242885854749, 58.56072724030481, -72.87331856309505, 78.92750008808294, 13.734111003624976, -35.36149661087791, 4.8690399513728835, -99.42330418041057, 11.268180859892393, -13.598666128436673, 132.55693137708693, 3.2439222269270647, 61.151917665007886, -62.2574925815466, -47.857490230477076, -23.596361012021045, 53.884129415692186, -67.4317415320807, 44.46097340118167, -8.681216489978024, -22.090519193319825, 98.55676001756359, 1.9810676485378687, 15.708993887837213, 73.85694216558124, 39.28849003038597, -16.389678543374853, -10.651707627584917, -41.68992003254818, 72.43273998380329, 8.817738926955286, 108.08989131096868, -19.2539881836213, 46.290794967183736, 3.1931487965863417, -42.38763630318617, 17.782523483152165, 63.41255294528181, -78.76202140904279, 116.38955181366916, -87.0951422609091, 24.41668054395048, 49.12574503792688, 33.08788865994464, -111.79991708900927, -12.911884790950875, 42.77531257004806, -1.2265167475837262, -62.0870925845098, 172.86955510024134, 96.97002231762437, 16.411908148591532, -17.326041657730364, -120.58850391642484, -56.17774271282457, -42.858313142506915, 44.936068929222145, 72.41479056043136, -100.35264109327967, -71.78515622598272, 63.36794570661006, -58.36229551085981, 145.72638809277294, -96.27145101612146, -68.36359077106248, 83.87451866903102, -33.30769405451166, -42.25394130995506, -81.17685730038087, 75.54017836056624, 50.91396999587159, 61.72836470935313, 71.34969923851152, 79.58679601368618, -10.002856361562833, -35.0813265254524], [47.439191637236235, 62.455864588402456, -26.415493362752137, -5.477043477613919, -139.36135912156223, 9.95407659781309, 47.00527222459041, 532.2485593187622, -48.01267108484869, -5.757703713700147, -5.929318443577878, 28.13023669972256, -11.121753103211754, 5.753356519662346, -16.60072411581574, -8.92450065318311, 52.60763979236936, 14.89634715123534, 10.71575230287545, -9.162726102457341, -58.1322603423297, 17.140052441982498, -21.992613704855227, 10.191042781894664, 40.192576813577496, 48.68527792911696, 63.84995951447803, -94.11710501082867, -29.76847088149081, 66.79131310397368, 31.90459324398028, -79.91004187331967, 81.30091441839988, -41.785642294197174, -64.93147196903114, 36.0210413121967, -88.6265258352614, 47.001209506571435, -40.87559781692103, 149.1370191387873, 37.177209774327444, -39.79991609208732, -107.52447978806316, -1.0448293346721746, 91.19590841511891, 66.14725276287538, 69.15296339835093, 54.29140584661898, 11.276266639507893, 19.034848881564162, -15.746138338273168, -118.7364214226985, -60.87544819515656, 103.99236996142331, 10.447374140149565, 31.302029838831483, -68.651672229387, 63.192024030241356, 52.80974491560595, 36.45523774238817, 0.13054329468140197, -40.46301238158727, -47.23592058605111, 51.05245223409009, -9.46060375621719, -64.94081858340766, 0.3386026294498919, -76.38778266753116, 1.6510210565074097, 42.572007097262215, 41.48408012615058, 10.86293259103586, 20.120346209892485, -36.65430582150769, 89.87502030786466, 18.340019630088882, -19.328429165532015, -104.50224881923918, 58.57274226275609, 4.940789676068554, -61.63340389579662, 52.4170225074156, 78.44697859557488, -46.0270048113715, -56.81258438399355, -58.243710538306914, 106.51427304671049, -14.035855768420074, 45.468729803527765, 131.67934799116782, -26.936684843666715, 26.862327924579688, -1.4083892393800193, 15.457294217826144, 22.293358631610538, -64.02822975276685, 57.37195568650689, 97.7233127773527, 16.68630268442571, 12.782745080578993], [129.0108006509004, -103.9480403312542, -69.27668912259522, 10.331269072913095, 44.58728116647612, 28.485004980555296, 66.04114585616085, -48.01267108484869, 757.2517775107079, -93.22755571343554, 59.781055061958966, 66.26527564402612, 14.114165731167693, -20.57401521301654, -19.77591626263663, -101.56307983686648, 31.428172210783035, -53.58596626666964, -55.16702815086885, -27.575482966372768, -2.0558381610007443, 6.552256232338453, -41.53441850514316, -0.19020105252548494, -32.241782100003334, 73.69053757937932, 8.570153149360568, -60.47163630758061, 124.35460688119544, -201.55626660354284, -6.494611695481871, 1.7770892868234702, 127.13230851121656, 72.72814062514121, -16.564763456540817, -35.723916579106636, 12.334256594097583, 142.2533229656612, 94.66330965889914, 81.86717842591712, -96.24435654797725, -5.278386222693404, 50.6897876110228, 33.478239006390275, -6.953516668514091, -61.004386902400604, -44.497140118683916, -41.96070763385699, 11.592897672982504, 44.154742961780784, 24.0954427938896, 40.84294373080189, -12.203233644021141, 20.674488089697768, -6.536714303422919, -18.9334376270419, -112.64197462334012, -50.355462273823576, 3.753273795085306, -49.09483879650522, 82.63186058668713, 75.8907368378305, 103.59199989924171, -25.82324717409981, 44.7462937069432, 19.277367743264374, 9.168064393704316, 95.43471092850572, 53.57559579729524, -40.03202702134067, 45.79736532898148, -78.22619659899269, -16.13178077727318, 43.19980107918995, -35.55805608939436, -22.419529739856046, 154.95180173260079, -131.40509467517737, -10.566764449714576, -9.84071712986972, -10.352511640319129, -29.70084615738274, -67.78039099483588, 42.59575351880726, 44.63079098800122, 83.58925322769772, -51.39281521975739, -76.4583265417699, -38.614338733720544, 49.7068674355942, 24.77738784461589, -95.1034485899058, 107.12940008494208, 53.47090330150324, -82.02737497708311, -10.849269924157541, -24.253223761493697, -45.55952340181609, -2.035592211454449, -49.27347415320743], [-65.03973068608684, -17.15403487854925, 61.52621425145539, -150.5465141226201, 3.7321541667623412, 63.903711297541854, -46.58138366997306, -5.757703713700147, -93.22755571343554, 946.319569691736, -16.068409892456412, -18.64832805911669, 46.18635323183924, 10.817461101129107, -162.74989016590789, -27.628926752840396, 116.73507126938873, 39.96015243789645, -62.487198242783954, 79.25117605282134, 94.74534451275876, 73.72413141597262, -45.962855276372935, -155.6517324491753, 1.673171686528142, -109.99675400002045, -62.75375359515631, 35.67388645388051, 157.57975201501475, 114.58259200268542, -14.809757704000106, -46.47787143382809, 0.3014269909203455, 96.11505975557404, -10.232415399734581, 8.595365462335376, -37.30734982851819, -4.8724353178833475, 3.6310405114783966, 8.967004025836111, -115.72040795948107, -9.845232950244627, 85.50047864722892, 171.33193595346012, -14.950065448574447, -125.04689749396742, -95.27816935246027, 90.9948575248893, -39.93444255203693, -112.59254445507916, -98.06944422663264, -43.410390513152215, -92.86001285177973, 88.9760005571363, 24.098822091218064, 71.45175616668318, 177.83359113064313, -32.22002066560307, -30.503291011714484, 8.017796977196639, -27.872473461134792, 14.761296556678106, 147.26542352988002, -62.74223386717101, 36.40557288041474, 92.21106905266434, 51.76399308112201, 18.76389755209888, 24.743290248629155, -13.394487730337351, -13.754051612212363, -49.401613347281575, -105.48065844475144, 177.71591654365494, 0.2915018158850509, 87.894212558741, 68.52189454834472, 150.2110314568927, -116.43466563763674, 1.0465434953707204, 43.727035636321915, 17.90471175832745, -144.03461537596246, 128.86402780017505, -74.84454999017491, 2.794396967611251, 1.5300396366901867, 55.387037556996326, -65.6023481474332, 39.329726693979175, 97.18217929317123, -90.17707554224036, -22.43642207584017, -172.5305172220402, 228.98052705367274, -28.79976396747608, 91.47958342769199, 35.25836732970494, -103.51289250728264, 137.87499171329648], [-27.559804929085825, -105.21896023875702, 93.70402944847112, -19.256485303079707, -109.37908760192954, -7.359838868792165, 15.363945351037398, -5.929318443577878, 59.781055061958966, -16.068409892456412, 568.4414404532325, -68.7484333574648, 98.56014287086258, 15.94160514995107, 58.140463279170454, 26.955507999425482, -104.36884686019047, 40.647545098496046, -6.274432679871418, 61.98687919837626, 12.546752497180801, 52.57620357378158, 55.01424830522355, 75.88713854646538, 63.94254814893106, 5.344137151165422, -17.23137745020376, 10.768776480978007, 72.96872216942984, -17.269509032441345, -79.08940467887507, 7.3138896732212695, 122.40627425925985, -27.097327726568942, -147.04892024873385, -36.21258846307805, -170.01711338980584, 31.133045777384563, 88.74586485365622, 114.83403422600405, -35.49180032304003, -44.160337614915086, 46.31112502745236, 17.237729636171938, -51.78024969569311, -85.4945039727373, 19.811210980516034, 13.705459462646349, 53.51452169061003, -3.558046693095402, -98.03566424208846, -171.60575552118033, -77.83931336255053, 64.42131821352046, -18.63580675744976, -95.62557169191626, -50.09888428005537, 22.563896304680803, 65.11322192299949, -23.045874055479377, -75.96959026822037, -11.673733535504418, 123.03158789564314, 20.979097227191826, 9.071586732350776, 13.898564646958302, 32.01936020321976, -68.34610202831385, -4.05488017757946, 7.044673613007223, -45.09075603628944, -68.66998718894745, 60.13369051526253, 68.17640104957927, 27.913924282178133, 33.795158875017215, -67.49622686251034, -22.176009976702666, -20.028861116459368, -7.496833175032674, -70.84614020491955, -71.68972357342953, 49.23913416002071, -29.4176468136108, -1.3849714033741016, -20.830271831773835, -84.63138642821005, 50.51465634671861, 54.25292727528189, -13.871068103179065, 12.66194279802921, -68.86121494296953, 120.05020204176314, 61.46773098788429, -72.84819797662354, 62.28972897689903, -14.291029511410935, -12.756821247650352, -12.130699124091395, 29.994756431635977], [67.07425270567565, 29.96791383355646, -153.71460655800985, 83.49405182419926, 40.240757098243364, 53.788979666324515, -28.969191536034213, 28.13023669972256, 66.26527564402612, -18.64832805911669, -68.7484333574648, 762.6892691522276, -169.84211601824873, -58.568240003573734, -26.850755951614076, -40.31904479493812, -75.6996186098142, 52.37618471837226, -58.77611583356675, -80.88265680632577, -64.59599903600201, -41.63452434550009, -107.9407699387693, 1.9452350796402977, -49.87263623707702, -76.56698143501768, -68.52741103866516, 38.568027689249526, 62.51841333709853, -37.4155153847904, 121.79170749424546, -32.56859501313926, 32.29032288062507, 85.69175911272683, -58.85593876609805, -62.764618349946325, 90.95940900033287, 13.967066173562442, 14.624292792064884, -54.55436451461292, -15.46553040176482, -47.25227182082145, -55.18251493534747, -54.10607054990753, -48.49417919784643, -33.52557266036674, 48.695948384462405, -5.71462669791998, -25.23520484523133, -106.28022630149582, -0.8820864357414581, 49.35190290813152, -95.90423639226171, -70.64427262326656, 66.21690435068832, -54.649400507393615, -47.069537874390086, -7.181908096058698, 123.51060485533597, -72.79434780492271, -76.93970052090921, -64.89503559653083, -88.66478315568861, 60.343118929130114, -7.1596376982498615, -40.32103547381819, 26.695455660108564, 92.18666139270319, 9.915065985666532, 29.64814633294866, -26.11163573967196, 1.1137178454954757, -55.17991367701896, -74.05981496804287, 65.7005623780103, -23.385243713427677, -105.54018511540436, 14.753305002390903, 53.12659418296957, -51.94792736746347, -24.770232728706052, -119.34343626627194, 90.19057059276152, 1.9070026548889882, 47.789402700784656, 69.64308772009043, 19.111595656222143, 126.53552668342525, -50.687287487805264, 20.408324467088953, 2.263300622695615, -24.080400106736995, 135.56068081117735, -61.05720041123209, -8.996457012376146, 32.8185202225712, -71.8395349990726, 92.75534759530188, -79.53587936570132, 65.74444698934641], [-42.05110607094739, -16.991843951648605, 81.82207397413376, -0.719510997138461, 39.283588601133296, -27.878749786571145, 6.004033508337457, -11.121753103211754, 14.114165731167693, 46.18635323183924, 98.56014287086258, -169.84211601824873, 777.7640158813368, 109.04857073186331, -40.83734808692456, 55.538181439683214, -141.67760287521082, 97.9557417792583, -10.782105861953374, 126.8960850677725, 33.133623746870704, 73.03622773428293, 35.35905740844074, 91.36806963592825, -74.88049797855548, 66.41347514835086, -55.18166625419994, -124.62795626057454, -0.7465054179005108, -97.90574413960447, -95.63901802567207, -129.2667832109165, -9.768444098769098, -112.31415661529951, -147.3732385120863, -64.80783555531409, 44.598819698232376, -21.482423570788946, -105.96859192703536, -137.94151278409478, 127.47313240052978, 140.02276156873845, 25.304828097223844, -45.29453595596138, 95.32521370555503, -162.99494415325498, -66.4413570873922, 28.385264560312233, -13.504096549218486, -41.39131430637004, 50.913936557521616, 100.10905029795134, 12.29942631248409, 45.37123607913201, 22.840581192909113, -118.30597874129876, 2.2377305066249003, -47.08570654796663, 9.125874353512692, -95.44843818588159, -47.376477200145644, 151.83822542679377, -11.640038982481917, -94.18596692099182, 19.678116378634712, -46.09065111924212, 30.362797576988434, -36.56184312366875, -104.19769130905362, -142.00128395693733, -17.557346330072736, 45.49463996336229, 60.4199581509255, -16.47289595263173, -42.78577127265217, -86.76923675438663, -60.886161135162816, -48.01313159919279, -20.969670700099158, 113.1973303278957, -52.597396795158865, 88.39241778066595, -12.807651727387444, -65.12670574643224, -71.51122953021134, 61.26072251407687, -61.317656746353656, -93.02010423003651, -49.58285888697614, 68.2232760871246, 15.100529165162316, 21.626419282072664, 5.240443954730095, -31.335219604020427, -26.950716052381946, -109.80220389069838, 28.295693988416534, -94.38104416763352, -87.40904618998661, -17.706740456776163], [-12.00069335421723, -111.49963460129484, 20.874641146172596, 107.6726421894767, -11.399514716718617, -111.65433023702563, -84.02457050740108, 5.753356519662346, -20.57401521301654, 10.817461101129107, 15.94160514995107, -58.568240003573734, 109.04857073186331, 654.0747631887033, -70.1980881608685, 146.1488207540379, 76.124216811371, 77.33798336764549, 58.80700121983131, 41.05660478073268, 9.594941251539598, -47.11159903359332, 101.17530068384367, 54.550593095893745, -8.821629334727932, 64.4811547123822, 27.062990014175238, 31.6543945300216, -44.473694920084846, -159.84102007761064, 53.287937451814976, -91.79633081788683, -11.118881807050037, 75.52698113937709, 91.7309881624219, -115.77128613248009, -38.66631385508017, 82.30380723474855, -98.84417770438918, -121.75721955650897, 84.69341106818565, -27.65863163616802, -56.69669443334314, 1.5130191132136819, 58.50184487174325, -32.24519532236772, -6.388174597342169, 115.88318071963508, -20.7747084465863, 48.92116557137307, 44.28732817353986, 39.70750027026196, -4.30314845512244, 69.14983029429044, -49.16857010552837, -14.066185925696745, 69.42338820634191, 84.50075017296327, -47.31966627693555, -84.04971645354192, -0.938552254358577, 77.52699916083947, 59.15977776505433, -44.240515798186365, 13.192932436740826, 3.4284557463336163, -125.42985783117446, 57.92304416171179, 61.46209395310443, -82.57075863777531, -0.7065892136118528, -55.91290850156497, -39.98433678443344, 50.99032402873403, 33.189114339422524, 3.3215814875621787, 143.65819766532115, -40.663289101633495, 79.6712260402822, 99.79951967338265, 21.44433203638435, -24.465731223394855, 45.46480633181068, 25.17503000069585, 29.810438490093357, 2.2926561651767443, -86.4297924750423, -101.37743325899719, 4.716934402408079, 60.958829571554766, 125.54514971792347, -55.79757440983886, 42.505627457182875, -12.07072932352085, -51.62837646185581, 19.625525265422446, -54.37731967341127, 36.019119431386706, 58.32814721156753, 66.05069718764425], [38.72053384862961, -62.4079122140309, 6.76441128169392, 102.0719728848987, -4.934906028191581, -20.629695839547157, 25.992203274274175, -16.60072411581574, -19.77591626263663, -162.74989016590789, 58.140463279170454, -26.850755951614076, -40.83734808692456, -70.1980881608685, 694.9116198971436, 36.73029772916001, -110.4128024156653, -33.17071993389156, 49.51224748976243, 49.00302959435163, 0.7870175665038449, 124.47328496260985, 15.998981383644784, -30.02190413476373, -16.033181749569525, 32.444822759962136, 22.926832721841265, 29.373805623535908, -101.54621247749593, 63.67958293936025, -112.29481428244704, 83.46167034656446, 55.86196142697825, -25.96207880623152, -42.06053167200426, 8.116441403081835, -25.17073055391296, -4.235107157226439, 6.99280971488324, 109.21380122504706, 4.762954179279486, -123.93713391964536, -66.29770172428154, -99.81106594307907, -49.45671297298839, 117.97977555520221, -9.825890193000417, -38.42502813451797, 36.17464051962755, -111.53423911710327, 24.949385346867043, 18.065156113889927, -20.59266477445801, -140.11051296855481, 35.576905252032134, -14.912445275809963, -50.125456211840394, 12.54461808346244, 11.194240571092207, 64.57397034836235, -26.587586964814847, 96.45077611054435, -10.986238467331829, 45.46305983716086, -42.8279480317333, -74.9675107091944, -7.899877467510918, -149.61473419031066, -15.755638952488187, 68.11147893231959, -53.305920909994654, 133.67526007674175, -17.77968898216367, -123.23247664651004, 6.997533259841154, 82.92865161685631, -190.63876408372997, 33.25562264539096, 63.680353856521855, -117.08282216299224, 128.7591496895737, -10.248276184462869, -41.99462865574738, -26.55084348510307, -14.613888677352728, -107.74301101284622, -10.570641623092017, 145.42767375920872, 52.866991784148766, -109.30967453282042, -140.38222428395653, -9.636049237771903, 54.356857796421494, 107.82637015504314, -20.4028646107974, 89.76420920931335, -1.4593079403521767, -91.249555336437, 35.45267745298121, -78.7351663511147], [-82.92218280006921, -38.045774728242954, 54.42314098239558, 67.45698337557829, -30.167313716204973, 72.18709723707094, 22.369031164707277, -8.92450065318311, -101.56307983686648, -27.628926752840396, 26.955507999425482, -40.31904479493812, 55.538181439683214, 146.1488207540379, 36.73029772916001, 983.0579923174141, -47.508403347392274, 87.12654147595154, 22.98997578520028, -38.06170598251098, -23.48156233262047, 32.34393174901955, 35.20338379643328, 112.66831604606944, 62.1252087162946, -91.04977813719849, 49.08966005533325, -40.03605000182316, 58.96927186967693, -136.01842705259648, -135.14922045680996, 70.32120037271707, -105.6617588449358, 7.253600430671038, 32.036379502684234, 31.289413216431335, 49.279303531780954, -5.765881937790478, -10.028922877823428, -196.85008515831595, 137.06941829230183, -74.32928420199731, -113.06062089105066, -49.999085464240004, -28.439826548139354, 62.87144755073683, 22.972823495507974, 144.86291449750848, -22.05644627762545, 117.87394677469652, -71.64328892432036, -0.3299761208139716, -24.447979483295388, 33.525642743961036, -91.5057185303227, 89.91689654986978, 27.648508114480205, 83.37147440476727, 54.86900085613778, 5.4218564470565225, -18.006507143513442, -207.36492878340403, -69.94345289489107, 54.27322266408181, 30.67750968896419, 172.8389072628684, -101.170362303086, -61.28707715853769, -2.6320239620127057, 25.987024988076477, 8.18304019427181, 13.264746693673995, -139.50746496069226, 42.05927961742174, 40.05793001322491, 96.08115615955408, -77.88407683951071, -101.82819210673541, -3.8208062118490944, 17.907229281665952, -48.12212457020925, -87.53951099870632, -137.88342692705842, -4.457003330566682, 36.17495062206805, 211.04188942687043, -62.583652110151796, 34.194780723171355, 1.516325478701894, -146.82929003956647, 21.82016674380283, 39.80975394116495, -149.226225888803, 138.32982320792664, 72.35718974012406, 102.71581130313862, 22.941692039981742, -19.69426791157981, -91.6551702988372, 41.3849391764058], [30.7770464283557, -18.0011898646032, 18.733476159704363, 17.971840942690527, 28.97352965829001, -45.88952474073492, -47.79203943746309, 52.60763979236936, 31.428172210783035, 116.73507126938873, -104.36884686019047, -75.6996186098142, -141.67760287521082, 76.124216811371, -110.4128024156653, -47.508403347392274, 775.1403544087689, 91.16350587018233, -62.24800003748718, 6.374563175201176, 84.19254474303105, 25.945654811915023, -80.03797585540507, -13.431867793785713, 30.040558973743938, 15.946535393475154, 48.90737830266567, -20.332525511065263, 50.90959201460714, 120.9696112161667, 57.46600404574978, -58.0695206629077, 19.330558387472472, 56.27753509664504, 89.26706773378903, -4.716554555381725, 38.43541786513756, -40.09062702367646, 114.01635471203133, 42.48755440962041, 3.988136498359101, -80.97527191481237, 49.22760371407925, 154.841209131399, 126.54461123089328, 24.359650463337694, 32.48882646478625, -101.06202035277974, 133.3548115951027, 2.3305870985052604, -68.62953909344323, -53.92723351003268, 129.65379687482246, 192.69783256340696, 20.51253200337892, 3.2056817281448025, -11.7139712940849, 39.8523295871355, -0.8353994327236247, -16.90082513754745, -75.74184451885785, -44.15750237211475, 26.149942844959522, -43.10136103137898, 4.768712403973685, 25.47654982374126, -203.0060924134074, 25.713295146349093, -68.85439402270416, 92.2624684954485, 37.86102999297724, 116.90534348090725, -192.37300250187164, 56.8178081995749, -6.223974324284781, 28.455658496051406, 61.23063538627368, 34.85508702505652, -56.38946271223465, 85.68300708344661, -47.03776101682915, 101.48516236886744, 14.791256119714742, 17.23973325239288, 13.987093007935066, -27.6436182235067, -6.640310506434522, -86.0581232021097, 31.905273579798635, -96.88472552220036, 69.64819896859359, 18.124178120647148, 53.39147448380583, 11.644935654673528, -100.41655746871992, -134.03557097987263, 74.5287355523106, -12.505290293722945, 21.871301399927756, 55.818209220285375], [92.53832761467847, 114.46530203776115, -68.46450750461645, 46.903050940043535, 41.165537088821466, 32.3840623976125, -70.4846962811932, 14.89634715123534, -53.58596626666964, 39.96015243789645, 40.647545098496046, 52.37618471837226, 97.9557417792583, 77.33798336764549, -33.17071993389156, 87.12654147595154, 91.16350587018233, 848.0970116561942, -35.22602703738175, -41.22185731529479, 67.82390107260866, 48.51618093612963, -51.23165298078417, 112.26020854243838, -86.77238200384791, 10.970759592806422, 68.33874210716165, -17.49536822828936, 96.59544340100989, 22.908745510099404, -50.572739698806025, -117.68657536441764, -77.80512395240602, 38.52162578341865, -61.85451828849155, 40.6329611331122, -22.90419083091839, -1.4781403900841223, -22.656366895765014, -35.10890480254225, 2.478708752351253, -7.0624534032779, 53.32800485094187, 18.184088327628054, 163.13208186855456, 97.3176095675082, 14.9779668287427, -29.351429667463982, 8.490746833412807, -86.31471143548589, 40.73878352078331, -46.569314964403034, 67.5805722459348, 47.222907515291, 109.56017918100852, 57.769248668048284, 90.37441890935354, 91.41207770197687, 75.64791997330902, -113.08381353368054, -219.97689724848803, -17.99567233663302, -13.018986339438683, 54.62563600938506, 11.958901659290051, -17.515628309715567, -88.87720702320327, -48.19386442561313, 10.289723243593892, -12.85787068792077, -23.032319287914902, 147.30367856064373, -55.375143121669446, -35.52553639961962, 25.641086700349216, 54.26131028136077, 6.899866805330604, 147.894627329956, -33.20624700701075, 53.82139296423018, -13.25454731584002, -24.259591312087462, -32.522747359465676, 11.701058045641512, -27.962294456848877, -116.33644300282181, 38.56351101781714, 10.881630076689325, 119.10726920450128, -2.9937746847580606, 0.63607365875414, 61.56412953356536, -13.560219908386571, -44.723279073081486, -22.07829329093261, 26.737114241732247, 51.56541650576022, -0.10761312158558585, 120.52395092518033, 49.973556504856646], [4.7324805219031845, 77.85810355410742, -15.766259662603504, -51.11119317111685, -83.10020602757298, 73.40612848246604, -113.24570431395163, 10.71575230287545, -55.16702815086885, -62.487198242783954, -6.274432679871418, -58.77611583356675, -10.782105861953374, 58.80700121983131, 49.51224748976243, 22.98997578520028, -62.24800003748718, -35.22602703738175, 679.9197192314507, 78.39736721129948, -136.4196546023336, 71.25595360301517, -49.31577333799025, -42.184084236681464, -74.17015565655507, 16.083228762550334, 51.290809831477, 137.99675800786198, -182.30091456631436, -53.93647254458499, -10.566207304220255, 18.38106048550197, -71.6941563683748, 106.37266692989562, 35.53969729054329, -155.6397815627042, -92.0879989067013, 94.46083786322964, -70.51428171100896, 26.742197975600583, -0.6997643014565252, -79.44407324686172, -4.013007842111747, 93.28163909896143, -82.38325913166891, 112.38213183180127, 49.64385612108297, -50.263489275861346, -2.4130772226206076, -8.071586216843375, 11.110773790651077, -32.04015632592872, 24.472865914318984, 27.30846763534147, -74.95815167774403, -164.3700042100364, 73.92380872633248, -1.2694266117935487, -2.913227045968596, -8.178936341395302, 64.55015363584178, 6.2745703244368904, 54.09874670711795, -48.15279673633815, 72.84239895253069, 80.89368066652011, -4.725013685951372, -82.91223686869648, 100.49421608234091, 17.50588804360311, 34.5727869016722, -50.67713254794772, 66.85259338461621, -55.4204018697154, -10.774213938455118, 66.2894243727377, 17.315706157422742, -39.798825179000055, 83.01513842269817, -31.97833359392018, -26.997086617655203, -71.05719147087322, 83.64147447795571, -7.064032188222321, -18.07337123093836, -68.3031369514296, -19.519356103223593, 11.960650932275177, 44.59973293210265, 36.554550499058756, 13.390395119706064, -66.26068513204389, -51.31033096736148, -115.75383386369504, -41.96223695708684, -1.8972468764478598, 28.03612427212392, 52.417446126911564, -45.12411299817628, 132.16033150319018], [21.394476887500566, 7.636228752638055, 13.162415581605543, -20.832462922876303, -54.11652001565691, 7.057487566009427, 77.66587176051513, -9.162726102457341, -27.575482966372768, 79.25117605282134, 61.98687919837626, -80.88265680632577, 126.8960850677725, 41.05660478073268, 49.00302959435163, -38.06170598251098, 6.374563175201176, -41.22185731529479, 78.39736721129948, 692.1221960566013, 22.96431213238379, 31.18555611601483, 74.07298277725083, -15.982945182487388, 60.864101524881235, -101.44142326946016, -130.41807812605822, 167.46646701898172, 37.68632677371084, -57.05399266114608, -17.336101623905048, -6.664351833376288, 58.580941829393225, 43.50186299456247, -37.58514887472177, 68.01103055322835, -20.283294098306893, -25.56453575411475, 136.0547677791518, -58.46889487199473, 139.56902605344754, -18.63671197592932, 0.32623911363804203, -23.896920436684987, -29.706898705066468, 10.233532309860324, -97.30209626294851, 23.02309896331646, -14.923446037701918, -55.802823243670765, 22.798677762144983, -28.752198739860933, -72.59259227619397, -21.969997494290656, -30.593391417189483, -21.460600404333174, -73.82488818404914, -67.64335348017406, 9.249703760465302, -36.8906677268934, 30.313239445405948, 57.37499248250426, 32.621097699367134, -57.398133777248646, 56.508088341168026, 76.5898233152917, -105.23878736903531, 96.08802269541461, -68.45720186538993, 19.176297057685687, 76.01406267179546, 42.54779102303499, -30.47409618508996, -81.76201238457058, 6.948961829919274, 151.04135272684374, -37.828660864054775, 7.2697658787312545, -80.03111376616872, 3.9627719189605677, -108.99739495458, 62.0128518161444, -5.954442432138669, -211.5992739671733, 37.18869468814352, -41.89284870989833, 112.45735518640862, 53.965878949880796, 0.7735547310011175, 17.63559449213342, 55.8024225328491, -74.02039997941529, 65.64103123407031, 66.6737370434651, 15.882642002337601, -7.358648906541714, -15.544585824047214, -68.36722997387722, -76.12435218865693, 73.81016645618277], [183.42979380907167, -6.0084989974111265, 6.7057843035071185, 47.15694135593469, 7.193085035798499, 38.60598126163672, 48.41465543423627, -58.1322603423297, -2.0558381610007443, 94.74534451275876, 12.546752497180801, -64.59599903600201, 33.133623746870704, 9.594941251539598, 0.7870175665038449, -23.48156233262047, 84.