{"N": 100, "M": 6, "A": [[[654.2927440963962, -56.24022746441142, 78.98205266550681, 30.596880947308524, -63.77614349733091, 70.44722405611785, -32.80752767216821, 34.28985069026239, -13.486399650026295, 44.80723309375196, -52.049002253662785, 32.56850134424142, 31.034974448746308, -88.73691793691177, 51.8496470074825, -63.5476375959024, 76.91545936747114, -101.85395511794096, -45.45036377505728, -87.76781930311063, -68.9518354724317, 79.45648737182339, -9.617361608920962, -21.549885334076908, -85.06214066575096, -82.9884730500964, 102.40116467065454, -53.260031882543494, 101.08879445063846, 21.189739802146494, 19.582769371051967, 12.304284531345148, 29.424994048538736, 42.67300541725231, 70.58647556835002, -68.5730413888448, -4.728770817378784, -4.8722791815593265, 124.78847331721813, 127.3839402690511, -40.58096628739178, 28.9444786020483, -17.946223737643997, -35.72524857782175, -0.019791544609368935, -23.491580488355655, -21.927345445478288, 34.69780940306953, 19.057402039820243, 23.174230542094566, 88.82361297128847, 4.623939261009128, -76.18746387100308, 30.917801843056555, 5.515071997267583, 4.938146297252715, 9.590531543952878, -12.874680141028326, 40.622181496930416, -23.980401445450696, 25.41222448239455, -14.395666680639444, -51.359755553764025, 101.08258313879942, 40.41779972485945, -64.68136115250647, 82.29568644972747, -69.2992485356618, 8.54836698959248, -46.323016776040795, 3.423680596545072, -38.84540852074901, -0.06110439925828336, 10.258596228176023, -17.02456646644373, 77.80166126499857, -90.01563343372462, 56.09326269240646, -15.300525271845311, -31.016856332954777, -29.825129967841246, -111.83165910894711, -4.6653422103648, 67.0010834383918, 25.89618797594972, 68.49150843586281, -31.760902773385858, -94.62780460816526, -103.24872646016168, -24.71203948959836, -21.661715067537653, 43.261511979128784, -96.86248571441708, 124.1064102791574, -33.34445105386534, 130.31702763017705, 46.46085768350671, -22.71585667912631, 98.30776053125014, 42.78670339077919], [-56.24022746441142, 801.1609257500032, 15.362677802900064, 55.990369837967265, -9.979779446057316, -46.973239171156074, -44.92301083255427, -3.0918347813285485, 11.117520996971864, -73.49204584722031, -37.005490348361256, -82.21648125042746, -1.7624618767480829, -65.87707991782061, -57.38228300100087, 38.433383059930634, 18.84439507565993, 23.80948933602121, -70.4225379173334, -19.41125658982964, 12.310268013894182, -26.83431302690916, 32.50489993862225, -33.58853822094266, -26.33432727750116, 35.08486269154782, 11.101922537446603, 69.35814728449137, -79.13275156343596, 66.34662486838246, -52.59734534262816, -64.84409371853727, -47.11190338442279, 147.85270838683144, -120.35769698931028, 14.46472175516427, 30.030148767668578, 15.995080376175261, 8.384214872289105, -43.59526431348171, -31.15121157986088, 23.330100813734845, -59.7540156108535, -27.02868412903805, 9.46103223782874, -16.38057002333408, -9.983343048792127, -226.99569899437094, 14.868882603798511, -90.77585059780725, 54.66913493316339, -95.06643936675881, -93.77833990713928, -73.14047566404983, -13.801678639633128, 24.70553711626651, -30.44171273947557, -117.51852156142073, 95.63973746503255, -204.90555549019842, -60.309151300605144, -111.89352610261842, -1.6899862969372668, 55.356920095398806, -31.95861799135873, -95.06811896463053, -63.80573415714594, -38.02371206593329, 3.5412826985378363, -46.65253046138702, 52.728646246761635, 27.801045912016, -18.206409441421055, 19.135282253990525, 24.976663382814113, -7.656810312764374, 3.1604988112332415, 20.270371844666688, 32.212454326914205, 56.40840598772289, -21.41763260091381, 89.29322372823611, -52.6846549545625, -21.23589285217005, -32.25546687274623, 17.48693501926759, 8.678139040028288, -17.849918279537864, 38.74187530327652, 31.45828730779468, -7.691778371541914, -52.799693990061115, -129.19077425650363, -68.18711245522522, 146.00389542135824, -36.03332670256218, -191.72525779467193, -43.79211852069297, -103.7286205134609, 55.971428053249035], [78.98205266550681, 15.362677802900064, 774.5688955774636, 6.207603264933553, 84.19224062175729, 42.527997724295155, -2.059305139978395, -94.92618043585958, 84.84082830206727, -43.44415296047695, -55.75307857185989, 77.43067648721475, -109.50762353928698, 19.82830938228019, 21.161978749712848, 56.80938995710653, 39.37365552675848, 93.69391237247311, 9.374172154470934, 99.70342680292087, -48.820519961106314, 70.84835641327446, 64.83454485543237, 83.74886273946463, -49.96113161343439, 53.22263954412621, -30.67911730516473, -38.759070515040705, -14.902518394927679, -14.040414203280758, -87.13242837279387, -42.248199111937076, 41.107065639274786, 93.999988862443, 31.643666509257454, -1.3713766989378386, 33.455940341781215, -84.25803104506645, -59.32857221803242, 13.663417232862102, -64.1565873494235, -40.407939476742335, -2.9992507289526467, 20.552258083066206, -106.93635615565468, -11.596217478897936, -35.65636143080493, -4.865619203750218, 80.59890327911167, -4.121257818817016, 21.26452489316984, -42.168358195159435, 97.24088099547136, 56.69764127216743, -97.92449254066159, 85.96295526735604, 4.359218503526643, 91.05273145939769, -86.82009080512185, 27.106450146113502, -46.01996463071244, 12.906531750002069, -135.2924142413186, 19.534539122686244, -35.29555263591063, 26.082198905062192, -7.178209415683631, -7.158359489910399, 17.398597608620264, -21.212483729103273, 16.981385594555267, 46.82091939990996, 33.931883349928256, -51.06234861025348, -1.9731224050139005, 12.689947542407022, -15.10465775342829, 26.530519897802854, -83.14266447291415, -10.687337301856825, 12.128024032782871, -52.96562542962733, 5.339895485591328, -70.83058566845988, 96.2759494442865, 103.22911337152415, 58.212406938521305, 20.94629809068734, 51.965692650863375, -21.055642965293934, -31.376879269267864, 65.57841683317042, 53.13994503017236, -34.31363280208608, -40.673324596377185, -2.538952943729875, 79.96443493442683, -120.33162453395752, 51.49805438259058, -32.264365986424785], [30.596880947308524, 55.990369837967265, 6.207603264933553, 617.9952718976367, -34.10471121159596, 13.058440467701306, 43.54785054436303, -22.204708194616618, -67.74104116978728, -33.17890985147087, -60.18399536855764, -1.1593346406101277, 70.78686557471318, -12.156791205091366, -43.40842956879928, -17.665754069641693, -15.40477092991336, 96.77764735557622, 35.79856048870021, -89.66371697545044, -105.6481259935232, -213.68978338462045, 85.39620121120059, 65.70852225705015, -2.6638461709142756, 4.903811121949884, -15.457588843317518, 28.334708485537895, 38.46694457999613, 82.8047513046758, 20.26964380731208, -61.703119397583286, 50.04214575963334, 86.75817430218918, -22.995789152122093, -28.985389613567403, -68.14372156286073, 62.34520506264776, 98.50418188463702, -14.505756688384784, -35.862830323008836, -106.1118784838453, -58.96381763345628, 61.07815823838648, -49.791507419148154, -82.17810635896744, -87.96047468998087, 14.786152729223474, 145.07678838696157, 53.38004435919703, 31.82311843438111, -76.46935277362122, -8.760670193519578, -37.75814066297824, -34.94264647808152, -25.891619757621612, -112.63550103648487, 96.89227511211706, -95.03782958186476, -15.056420259407217, -106.3775602254107, -133.72362649362057, -99.42258169101108, 26.45565960398021, 107.4793714674631, -79.08580854174245, -100.0548298104665, 10.874771705094677, 24.480149404032797, 135.1582056321337, 136.6219202268371, 82.62486668994876, -126.74088264118731, 21.796444125908575, 33.65332695889448, -48.94376280367556, -75.10472337109277, -42.176918392589414, -64.77546593251286, 88.65595018826582, 66.47432916506, -70.1264908170123, -17.993473111576762, 67.14996755369518, 81.82595842582596, 138.43448965397425, -104.51628143454715, 97.0701314967287, 80.14572143217714, 82.30563413854301, 41.627792912557304, 39.59882451681035, -47.29180763975094, 26.56044142279691, 26.935803015899285, -74.25518761264563, 6.79582585428717, -113.2612731201181, -68.80148704369287, 33.05188347927511], [-63.77614349733091, -9.979779446057316, 84.19224062175729, -34.10471121159596, 869.6416039073666, -40.566299398997344, 6.004258317774658, -81.04485084301376, 76.7980080570499, -40.614376622015314, -56.232853818152094, -11.785757869774795, -11.633088387206435, 57.25983005568446, 54.28683258348668, -81.35126478021573, -103.41386890030208, 14.176100763211162, -17.0963939192011, 31.662344433808915, -96.40561795298294, 117.36319078560688, -46.508313676265864, 66.56904703965031, 91.55329503956385, 41.466109749611455, -35.35071373542038, 138.95084037939841, -56.90963193945029, -14.394344051661905, -154.77392779186556, 60.56938949474205, -29.184023290364443, 22.045526543928293, 40.70617784103384, 158.52715011320066, -5.620784506750634, -113.49326228109747, 16.240555463949192, -116.57706249156689, -66.06312543449152, 100.16815512312098, -0.4997545602445911, 3.2552223373030125, -9.681467570525742, -97.66911696078785, 98.39063974115591, 9.786353167145087, -28.758528883051536, -73.75268048381912, 0.14074700865285147, -83.955331640075, 19.751859752787443, -9.22390260377462, 83.95196491570144, 57.91865354337314, 57.249446672031404, -137.45112177702188, 8.702692730232407, 34.330624570023474, -11.009814717253082, -146.14510304681215, 15.483328571728418, 10.985465889314067, -6.1059372387864235, 74.17355376854442, 39.641292907783765, -87.20630634905937, 63.42018362884534, -11.556857855419581, 2.5837164827515706, -25.640761979908465, -31.664274848757586, 32.28265742391522, -15.919139119589708, 54.770402777789826, 52.68960839926292, -0.18098494591549488, 4.618078082048784, 65.99712026245942, 56.10293176449807, -20.93071876666802, 52.27324836228995, -54.316987760668205, -32.7952951416542, 14.514922017042176, -51.17007446092935, 116.18375801333265, -55.29408618066787, 177.89262787907805, -30.863743708874903, 21.89440451683129, -81.42194637703805, -195.3907799116557, -104.79510063965307, 6.98109551301032, 7.241974626276479, -27.61542368815674, 88.11589546784683, -35.71655604248092], [70.44722405611785, -46.973239171156074, 42.527997724295155, 13.058440467701306, -40.566299398997344, 776.9576149541917, 3.979084470103207, -45.249640158610184, 35.86167207071089, -38.498912623062104, 35.34331194938852, -75.89142503325239, -46.03741566930688, -27.535711858126145, -19.64329692335572, -24.826132594825733, 101.77434728451134, -116.2290660846615, 11.087598132715264, 58.29745637515863, -126.36409040403002, -56.30122273701869, 84.7484868776222, 94.741306601721, -29.697126228276943, 133.92936197093653, -29.7876953606254, 21.865280059266347, -84.65073835136062, 78.13023111435561, -56.100913752257895, 55.91025299925407, 84.11770789688345, 63.56873089412933, -56.039383662854796, 7.110647432042558, -43.68389134472349, -33.94229024186783, 47.515840357783375, 11.487883175411083, -70.80023520473463, -40.871763942691835, 21.722936706037164, -82.59703528833465, -68.73413529997433, 41.1096208299464, -37.78521598774009, -45.97562713339045, -62.592112692361475, -74.61974114400181, -8.568544853935698, -85.4667858615181, 119.05682554763085, 34.610240121577405, 145.64338754581078, -29.668285042265204, -70.72088475197718, -62.9406033202713, 102.2555066762005, 73.42076956395323, -35.97987826939721, 125.5973952357198, 24.70199380361073, 2.694922856876051, 50.0225808323816, 49.53761822683952, -153.89840686873288, 94.57736797765826, -25.758031586951113, -12.11662227634749, 1.0826371552485472, 17.911191453403866, 28.03211041840512, -87.11494575550019, 76.38226830022852, 56.78914768229957, 9.687927819040187, -43.87748144551934, -68.45625174819808, 91.76652125000967, -114.63256893061165, 101.5588796716269, 24.61609052554415, 59.312677080587754, -24.63068834702718, 16.17731094460466, 35.94103378588981, 89.37941009908309, 47.14052820706487, -95.99103432922375, -34.97952311308381, -34.22412372433097, 28.185572375512752, -83.84319277168792, 76.81117077320485, 8.134330282511273, -138.0055971475356, 33.296447633686455, -50.83465558016046, -14.652811487579038], [-32.80752767216821, -44.92301083255427, -2.059305139978395, 43.54785054436303, 6.004258317774658, 3.979084470103207, 812.712909316459, -11.842967641138504, 57.61818282095964, -46.60327329016264, -80.21900803316669, -73.70633218536314, 84.33410391325516, -49.90665913863475, -39.62201870619464, 126.65142499062382, -2.8497314754707417, 12.877174838780437, 48.5700974289267, -2.636456486397907, 65.5445169968278, -16.963132698001605, 73.01385241584347, 23.13265421554659, -34.03454763211816, -1.4646461806544737, -50.50019466181715, -80.11226786072895, -73.16848298380555, 60.54857199755179, -35.94323600976011, 8.04531791603257, -70.49430660344265, -86.47512121616639, 41.96505636610269, -53.08375049065283, 38.746771557231774, -74.59498676564087, 34.04819353130667, -21.798708231369336, 105.97502105827334, -60.71732237269831, -13.81821274461881, 106.38237754251553, -4.690207362074286, -32.115992405929056, -73.67527947389183, -63.11486106024207, -19.271182988484696, -42.6245286758555, -9.049878925344618, 107.97505626912506, -30.434379068031422, 12.66006489255134, 13.501330763906758, -77.20791175213421, -106.28916112597504, -11.252366951586495, 16.018144939249364, 23.09155869022597, -25.508453276113272, 99.6136364519195, -100.71567267667749, -41.18604981675136, 44.674558073690825, -17.519343173034787, 50.55196651443072, -16.210558026817697, -94.8031590053874, 121.67825383990974, 34.7871889391898, 0.143097629600399, 24.012899213407213, 82.70705273329739, 4.737522250585408, -60.40640003883668, -3.5151154853127906, 57.11960884322694, 65.18216552068994, -10.264148384045214, -37.69150798678721, -40.25814429378907, 7.3436463052314656, 41.991640575259886, -98.06604885107203, -6.766389269516936, -94.22807227045325, 13.807276063826903, 217.39028942380625, 60.99407693190268, 45.49351053654486, -15.261999117296844, 57.331758057762364, 55.22657328614608, -74.99353395838835, -31.160090678442973, -98.81724285973628, -68.77820176653252, 83.62595679235228, 125.58557221006448], [34.28985069026239, -3.0918347813285485, -94.92618043585958, -22.204708194616618, -81.04485084301376, -45.249640158610184, -11.842967641138504, 840.0138871003082, 39.09689520768067, 173.15299394256422, 0.6430128932075004, 89.38778491580788, -7.67945677576442, 44.99295521793843, 50.589315168817315, -80.34035433944698, 154.47190167646346, -16.95097036228214, 91.75808547731431, 42.28854545870575, 15.778257049574455, -138.6182693918494, -6.26456295854445, -98.61348719646872, 2.496126311048696, -90.13231505795986, -117.91065088995634, -100.03156594561472, -160.72825174191325, -42.00932397434018, -89.22541226240638, -53.70262704591854, 63.991055476481456, -57.48148236322588, -50.830304679697285, 33.139139172005066, -20.75934284375553, -92.84779435231866, -4.816168127866217, -106.28426234890767, 80.16096979973628, 54.788045118334615, -55.65813066550521, 84.40529925600966, -31.215715755028285, 20.684206332238226, 7.782875522322843, 121.1997981489652, 35.47784752935258, -38.41181735729317, -84.78450910227342, 139.76764468027528, -69.48649538547218, 66.30495226175363, -141.59190255622536, -13.56780212188829, -3.2159714582320857, 60.36079144594383, -13.738131614896343, -57.603388723840375, 84.73225681882012, -83.68013548361299, 6.441512188094115, -90.50638916639623, -75.12603024601526, -43.871663165471325, -14.11506199630887, 133.3190564392737, 88.90809062214785, -15.70908288911796, 42.7411474214687, 48.280241015808755, 26.808093764537922, 111.876268083799, 0.700210657580146, -40.521678407937046, -64.98522378317661, 79.69220102509382, -150.20581156481978, -95.58841734720593, 94.73337057960556, -46.98195148897036, -128.53102185567437, 21.618856358068783, 41.50062840027046, -22.36125895931118, 44.13916641469917, -70.87919271293299, -4.647251774351627, 46.402529313287246, -70.85474786775538, -55.362286971776655, -57.82944198655546, 21.511385758377045, 51.250223304103095, -51.75917170715672, -99.7964714142997, 75.75374817318661, 28.5152484109889, -1.1363144387126765], [-13.486399650026295, 11.117520996971864, 84.84082830206727, -67.74104116978728, 76.7980080570499, 35.86167207071089, 57.61818282095964, 39.09689520768067, 875.8881577679467, 5.857745633067185, -104.74219920434969, 76.24571018733909, 59.701579157555784, -24.717461375573787, 43.14449862107688, -3.688693412165362, -48.52406141498764, 75.44366931305707, 21.54579534275688, 221.17201478975826, 92.20752758566788, 48.839681857995295, 55.6742309936422, 84.54016875362038, -124.35726258373612, -6.539932137605538, -66.4485881454956, -119.21737987868374, -19.020064118109733, 101.05937516185085, -23.974985389451234, 53.912072444932036, 16.639386845577032, -71.73265118063075, 16.009373966658064, 9.370139260937156, 133.20850355853534, 16.58833360273429, 18.566565166011365, 29.5408478144751, -41.73537216666523, 26.49965624816622, -41.00671170088561, 52.21850035827178, -16.464914062106594, 142.7831059359897, 16.254308603046212, -8.422622742730985, -31.17512504550673, -40.14656379049556, 40.88175976962554, -2.768669269746927, -88.24087014231043, -118.42236689559242, 125.19667155283028, 48.402655909343096, -69.28509315782561, -67.98353438749021, 74.01412635195626, 21.05194707664164, 86.26055708281469, -0.5068373298668329, -27.340952058901333, 67.23515794080078, 15.568833310271053, -70.10531056884882, 56.70286706354617, -31.087303507408297, 52.44373874351624, 58.603344771650015, 46.93611048455685, -2.534465344009854, -47.3575235138477, -120.21845303250433, 88.37114462825024, 50.411333117662586, -7.786461267247568, -116.70676710790308, -17.818867825553564, -50.95255470547034, 30.602196901767545, -44.58016261572157, -174.9068959451349, -66.13604885463728, -63.78737155803634, 70.3223749776855, -21.444299381426298, -96.11532626820272, 9.478160378294092, 46.55533277156609, 24.896497227851434, -45.991807886596725, 85.43408402024733, -72.26985629589588, -118.69420456454046, 70.58805821731973, 33.627289396776305, 108.1368433571099, -7.637945462261105, -45.9570259332548], [44.80723309375196, -73.49204584722031, -43.44415296047695, -33.17890985147087, -40.614376622015314, -38.498912623062104, -46.60327329016264, 173.15299394256422, 5.857745633067185, 935.2098586544968, -33.09140778789993, 86.3459064093756, 50.567820295133615, -23.755100634438985, -6.685943666419395, -60.56328445804239, 46.726814385853544, -126.72325307739325, 23.51638608868492, -76.3603211539522, -64.98387760907374, 8.544507730501273, -15.30372684231756, -53.59897148003517, 27.927866858272306, 28.765840862769068, 30.77977606020593, -108.43856810143686, -5.053366029408536, 49.6423766074038, -9.64091674115084, -35.97748236200826, -59.007836110974466, 40.86176692573889, -67.78337968963078, 3.143510771509739, -130.44903650328305, -10.67542537261713, 74.37237622092098, 104.1302435077696, 139.37560063517256, 77.53623440934969, 108.22648325201045, -102.08488362385634, 67.25662685589106, -30.920640097051972, 97.78678616686557, 124.57291168548193, -52.956367779472856, -24.300213120970607, 95.81648043210929, 42.129839038183405, -69.91472370956896, 69.37936447173287, 40.64385709586354, 4.88123115057997, 83.86590064246889, 94.3396558905728, 59.16756864235979, -48.49608958245656, 114.59268001291042, 9.130026288425599, 7.747339986787016, -63.550032768543915, -63.16089143293749, 82.27002662129254, -28.53205004914177, -80.3957826610199, -32.272427279906545, -9.195129893464657, 25.325889891258278, 10.951438068437051, -7.780776843300056, 201.3844480877172, -18.2027017076328, -116.1962169692545, 20.46729155226984, 35.71082623961263, 29.964780817173448, 27.145030159113528, -37.919610284874324, 28.807050101354694, -153.63325729768263, -2.168561231418149, 153.26458574808197, -20.801413599126143, 30.875044071291406, -18.047189780521915, -83.6890263577447, -48.147832186862935, 31.354630373992375, 73.7932179038738, -26.51919953459204, -26.919035613942995, -72.55725357649514, -50.11561974870402, -19.956038005058502, 46.039184318570925, -36.520870251695875, 16.656186831156685], [-52.049002253662785, -37.005490348361256, -55.75307857185989, -60.18399536855764, -56.232853818152094, 35.34331194938852, -80.21900803316669, 0.6430128932075004, -104.74219920434969, -33.09140778789993, 998.246757859236, 79.516163597693, -10.348949015431026, -51.125101207526505, 118.01325620817035, 7.152013855658703, 118.16104528467217, -112.99971497437087, -31.078456077541414, -34.36681242708312, 33.933813576361715, 139.69262074099277, 15.705419436057914, 91.26708647169617, 148.65428944126282, 32.16725493137726, 1.0598941637194252, -15.326287286296445, -28.139395021981315, 37.07119665480236, 59.07420524061952, -16.22598578835942, -79.09983720106301, -35.4044278658549, -69.3447877223415, 45.282943613228475, -78.7816828474832, -82.182899462807, -71.57443188068305, 57.21218595156466, 12.472096014533014, -25.98431423306592, 64.44606551746229, 63.68464494085054, 158.97685913047886, -6.761097623037568, -68.3329836231083, -111.10192055398923, 31.417121971829612, 62.485559514283395, -2.739555953880293, 123.62894332559817, -17.038475309396766, 43.9857649115805, -71.9851895932152, -96.21281572737009, -10.949482396479146, -17.362154059925142, 8.667671630301076, -23.432170472589576, -103.19582872782847, -19.853041089481177, 47.09569805790135, -100.49332246394339, -9.886483487286869, 7.867800836955765, 150.47144383748136, 114.85461347277494, 114.05904338245291, -79.83224487897236, -84.27981139011905, -9.800462152287627, -5.9062775679287345, -53.83525027055582, 96.44886524155105, -33.62470058952255, 1.2017712767857076, 47.29178963696758, -73.35305694608412, -17.78927452237981, 95.21313762451163, -41.76570606110344, 38.2947754140888, -154.86585072931325, -128.437774182176, -105.72786853376897, 79.49085575421897, 131.13571497904962, 4.749822384191614, 155.7965732497934, 17.22158718865825, 14.690876246336058, -100.77939174511545, 16.772219761921036, 148.83794186351147, -25.89715655121567, 5.20972447203067, 25.12971892252922, 11.36008609800745, 116.88832766560812], [32.56850134424142, -82.21648125042746, 77.43067648721475, -1.1593346406101277, -11.785757869774795, -75.89142503325239, -73.70633218536314, 89.38778491580788, 76.24571018733909, 86.3459064093756, 79.516163597693, 863.9863802792402, 85.74192620029427, -122.85666851345908, 114.80053074479115, -6.390696400875754, 169.87177719208628, -156.12224721155542, 31.8457739210705, 146.9451813991146, 2.0141687407017588, 9.260148812990481, 36.084081826758705, -27.064028296841688, -74.85741156547385, 31.049006794515215, 14.420649521341513, -30.64900702568865, -46.942121985672905, -59.95122254036775, 48.981689156072875, 25.597589573302805, 45.516300475325345, -50.22452779412764, -109.320403113932, 23.420649480699566, 21.439965402516364, 60.26524932361137, -18.413120351862563, 33.02763301781837, -84.53941405897689, -94.75331243056418, -128.49249318172375, -75.76335162460208, 27.881422878914417, -53.65299095976775, -21.77373505510771, 166.67925031480053, 57.87713535128655, -114.76379261823267, 20.696367002319562, -110.47034439089263, -18.138670689614592, 18.967886479106063, 29.09416808286363, -41.675982576338576, 83.99116167327537, 133.40725416457735, 54.18306781214237, -12.260972273145248, 122.07778966523603, 34.955931130911935, -17.811457216463864, -14.907921261967017, 8.932455898718377, 12.484497254575107, -37.940587122407074, -17.093807368340855, -50.83620098516409, -46.3628841684932, 32.68206319834119, -36.64134293496341, -7.387558559218308, 28.085589488350298, -153.51937264714329, -38.31652370567963, -35.31556017187702, -84.77672441201753, -165.49507944658507, 112.45813639899113, 23.816101566396874, -69.14634928762082, -77.38960562562794, -3.2948669501429513, -41.33057907874928, -8.69308389852652, -76.61369775754461, -67.75968514425415, -18.238095842598025, 162.72710825270892, -132.98104955181668, -125.48501902909364, -26.366498057702128, 18.480549837808994, -22.324351600377792, 31.317202067316078, 106.01904651609647, -30.93229424455759, -46.850538742666245, -19.927278349243647], [31.034974448746308, -1.7624618767480829, -109.50762353928698, 70.78686557471318, -11.633088387206435, -46.03741566930688, 84.33410391325516, -7.67945677576442, 59.701579157555784, 50.567820295133615, -10.348949015431026, 85.74192620029427, 777.3306034773155, -141.49974915216023, 15.26097985209284, 75.62191479964591, -47.986780079422495, -64.1506774463008, -40.24871910202753, -112.92797841410052, 89.25721729572642, 134.13199217676006, 84.39727857719865, -86.9046317411744, 50.43933466915235, -0.2514128306371027, -6.712541884585578, -129.2556262049832, 89.88952937234552, -21.11522915214581, -24.096557427341672, 11.451869025848623, -33.01940373069424, -87.36857096675094, 24.548345013693424, 18.10600666231202, 125.2784186694586, -22.83193192600415, 21.22132110545185, 31.537646079650898, -79.87326563699317, 5.920867494536935, 43.934659211611894, -68.4216317824983, -44.806150337354815, -51.56848677313944, -14.794056953934462, -33.34282692329709, 37.70610065378098, -3.68144077650179, 6.98237318536778, -21.318659515985182, 40.987239199954885, 65.60126983861507, -105.19406025494304, 117.21531848180427, -8.916909506631267, -105.0052921664816, 66.90514013721675, 6.913116145281154, -8.788825043997914, 54.53512074899088, -10.93693366950628, 20.011730260657473, -28.37115175690603, 29.95029179717207, -86.64944083990449, -37.986683092986645, -41.844090294342884, -3.0798799985561485, -100.14389298310077, 16.50997899171386, -153.51248893568808, 0.8979324620296051, 57.27334359026427, -52.007722825950886, -38.09968683218399, -30.103327497891733, -66.46481563695816, -30.722203054495495, 59.76710013392883, -72.67686400914386, -135.1135766572192, 67.82324413577764, -53.752537234646866, 41.30431557151826, -43.40155126777634, -116.3054101873971, 93.84772212041351, 73.44300502633307, 18.107659665829022, 35.13326623553346, 11.032091992787526, 72.68226501494549, -21.62107843603257, 38.68609008721784, 17.20720098758556, -94.6679969625942, -74.61442504508908, 99.49244669966332], [-88.73691793691177, -65.87707991782061, 19.82830938228019, -12.156791205091366, 57.25983005568446, -27.535711858126145, -49.90665913863475, 44.99295521793843, -24.717461375573787, -23.755100634438985, -51.125101207526505, -122.85666851345908, -141.49974915216023, 1006.4565209673701, -2.3596834433442457, -30.589399546538107, -28.80120427781291, -5.959083305996719, 24.154518994590862, 46.76256806227421, -47.043464380847105, -43.42145989943096, -130.1044681636688, 11.25724906465891, 22.179046089464208, -22.696790506924213, -83.03364653314053, -3.0019467012497074, 44.687366394025354, -125.78095002953509, -99.29224265723414, 33.42389355685734, 174.40133981709837, -36.87886762152387, -24.070009759272473, -84.88094898677093, 91.92576755253354, 24.930877552273497, -50.137991239855154, -61.89270588951299, 42.81766052901768, 3.562459339216077, -74.13043397439837, -29.860258775831564, 11.060947872862743, 44.76214683301392, 91.02855993349954, -66.33023282925897, 50.49604065304495, 59.98403496530283, 12.204306163402558, 55.40457241255144, 88.949211424828, -30.065163954630364, 63.509295501941494, -30.968160696583187, 40.218234626633404, 3.5067330076009116, 138.72734737295409, -126.9638801870104, 19.713880714688486, -61.72122969076799, 126.41334538918062, -87.39727265372223, 106.76631070610519, 124.34187413649153, 117.1028514777476, 87.46337191112107, 185.60703776316808, -55.09465497346913, 67.17412563316216, 96.89912908380307, -26.82949261325278, 101.01405974793828, 43.09905727395577, -5.533473763167958, -79.32137307385669, 130.77757193434442, 43.786297400616434, 76.40264867794153, 15.364864856861434, -46.97405492307562, -28.361600166100693, -57.25439524832647, -27.764399811409948, 5.306388036680682, -24.59729770398664, 75.50777607915326, 82.80962981896012, 63.3591852040271, 71.88913042625148, 37.517986898853216, 48.90069862920533, -47.64071498743867, 118.56829542099818, 91.50371755144465, -36.99230135837257, 66.50870629026768, -31.07123168420541, 22.012285177874155], [51.8496470074825, -57.38228300100087, 21.161978749712848, -43.40842956879928, 54.28683258348668, -19.64329692335572, -39.62201870619464, 50.589315168817315, 43.14449862107688, -6.685943666419395, 118.01325620817035, 114.80053074479115, 15.26097985209284, -2.3596834433442457, 793.1734244275947, 7.553953530843192, -0.9848924553633382, 31.859851555270247, -23.9996830418184, 51.73397847538318, 11.515242584261953, 35.76094158553732, 6.5284723176926285, 163.07296197936412, -82.99869620959186, 16.32248945860219, -3.3313781832379323, -3.182682180775418, 18.598577659216637, 79.05297250095944, 5.83986031591302, -52.879627315330815, -126.38505547406191, -46.911128009056156, -22.45348196519051, 82.52673843083899, 12.951524845631694, -37.30568097995288, -101.32214372549564, 42.52754717645609, -57.42327745146077, -87.8800397638124, 34.89157042755004, -181.96517207622819, 54.55091982292446, -3.052963816808253, 25.442149972063753, -17.386435483805933, 70.14747859070123, -63.364413372532404, 45.1932318601384, -39.16539513975227, -105.25715900122819, 15.181094764695311, -54.80853111172996, -21.72402558329119, -16.151265520350375, -12.75437205961062, -88.69458826335021, -33.115590229890266, -83.80568321470247, -59.10802512619258, -34.730916005915596, 18.559897818075108, 113.96090836968686, -3.595615897554632, 0.9447687826402726, -82.0678382408365, 60.14304615629837, -65.75542737253599, 10.699939351191118, 118.45892805813138, -13.91138268444114, -146.20563440840738, 17.987306457778512, 15.49058916167986, 27.059186583219052, 3.3384738492331962, -100.67661851801921, -51.83838420353516, -32.97587688380391, -73.9745185169333, -141.10169371791028, -30.818374574260357, 51.1458518867781, -17.687702663786773, 65.72183508605863, 97.75725430890535, 89.17898344857221, 46.37981560933844, -11.841108612528116, 57.8189584956027, 80.92168747382996, 5.322354891730799, -54.36143750428858, 129.350696150096, -4.048614422700023, -39.74303365648374, 67.7260561347143, -9.13738887241442], [-63.5476375959024, 38.433383059930634, 56.80938995710653, -17.665754069641693, -81.35126478021573, -24.826132594825733, 126.65142499062382, -80.34035433944698, -3.688693412165362, -60.56328445804239, 7.152013855658703, -6.390696400875754, 75.62191479964591, -30.589399546538107, 7.553953530843192, 850.2508863145388, 49.14158536793634, 82.00506542510693, 43.991074793163136, 12.121468835229983, -26.867002532752647, -34.40547975345001, 96.59227669962091, -90.12512047881687, -43.00962683314873, 96.04192072083332, 28.26307519416588, -50.0372628611909, 64.85438637048819, -76.37902008194264, -197.29551277657075, 87.5230045416147, -104.7489229597812, -6.151785617658207, -103.35091166409651, -16.598942438798467, -1.9286541177288943, 18.22521316531739, -63.90952002389249, -137.70575487294533, -200.48597496101144, 161.9455571237943, 60.24963124967022, 26.158598166961887, -54.52726131468356, -51.39886836882883, -175.6903416605938, -191.37970618877975, 52.59053069324309, 45.78141972360143, 25.09219841747443, 37.26532771913792, 60.450997152699586, 31.311083478156657, -14.467661967310153, -25.29989968188083, -105.36103332319364, 93.13814149260416, 73.16762642372318, -70.47582907611232, 23.567695063897517, -6.957727693435745, 68.47825957941734, -15.876180169305538, -117.56438845274374, 44.77609210475119, 37.19155024247752, 84.97791585513721, -57.217039207358425, -45.66947354210968, 3.524347664339437, -98.5785199350582, 45.99138938365571, 84.86559767860302, 10.810698798107, -65.58323503857865, -66.1461604722396, -27.98896717784572, 59.94373053137103, -139.12520440061795, -106.95100989840455, -21.92530234492623, -2.6287748787707175, -3.144912995688017, -23.860686725784387, 116.65228547878264, -94.28824234439402, 58.83779659196443, -1.6824628276405154, 55.8568497731782, 47.622484230848464, -2.126211193982275, 151.22543980381792, -2.473047300383457, 17.534199575410852, 10.101851231338113, -5.185169041844975, -21.944581799643117, 193.79280664591428, 36.31059601024204], [76.91545936747114, 18.84439507565993, 39.37365552675848, -15.40477092991336, -103.41386890030208, 101.77434728451134, -2.8497314754707417, 154.47190167646346, -48.52406141498764, 46.726814385853544, 118.16104528467217, 169.87177719208628, -47.986780079422495, -28.80120427781291, -0.9848924553633382, 49.14158536793634, 802.0292333384582, -80.7164587382554, 202.44259644641323, 13.497174683847271, -107.73795616640123, 66.13251173200935, 40.0886714990111, -50.086790353875905, -16.30775945299105, 11.213761638951272, -37.39668826216601, 27.00552135250528, -60.27735485907866, 96.94094572791634, -29.673482406895793, 96.56002457647978, -16.11926306414725, 114.06998791281755, -94.13120912404841, 13.289083236941039, 7.849633247568119, -64.82318988889863, -77.75322127055821, -34.107403108979796, 78.53577569284234, 25.825269088734316, -5.0499158302305185, 57.87712822270038, 137.86943981049941, 42.90573042184931, -100.0131254330385, 9.084071939582381, 23.13545966387584, -64.45551172783041, -84.49996513884142, -8.058409301988727, -42.882548805543045, 101.87836451605388, -118.55969883550276, 34.612448695004275, 151.268390239798, 76.02837217588113, 13.966338842684726, 73.5717449242842, 24.73654613447998, -15.45875699471803, 77.83169804803268, 60.31418470028272, 11.528281159020596, -95.1460721902571, -119.30424407920223, -74.91327112142801, 42.13583801942512, 25.756772674902308, 24.309108809885018, -14.75516183218301, 24.398987362839353, -14.562731906964023, -60.96982423608496, 4.817635062524273, 8.291340980920488, 53.60489489007483, -46.99616582230434, 19.526049492116012, -39.00973045291772, 52.80492182953344, 76.3874092086861, -111.90872562990664, -73.90745054842174, 57.35153113111991, -87.61599543431718, -37.53847434340068, 0.40324770804679416, 125.97628619549837, -42.77006815837344, -41.31539588847378, 48.39054956159162, 11.25975641077649, 78.52434058761015, 62.081333019559416, -11.084259815845508, 50.4696838059911, 54.362191955745466, 1.5413971149847774], [-101.85395511794096, 23.80948933602121, 93.69391237247311, 96.77764735557622, 14.176100763211162, -116.2290660846615, 12.877174838780437, -16.95097036228214, 75.44366931305707, -126.72325307739325, -112.99971497437087, -156.12224721155542, -64.1506774463008, -5.959083305996719, 31.859851555270247, 82.00506542510693, -80.7164587382554, 740.9463687772952, 47.09469817120846, -9.530765633398378, 2.8035849573682827, -30.775703849699337, 53.81399238965037, 37.62243271568406, 51.89494131105872, 21.859204794300418, 91.63104453430428, -39.01913093983889, 88.83328063711879, -14.263062358996466, -42.21083442250533, -25.224300190616088, 20.36449412779552, 74.24556351267915, 19.252933788598273, 76.42088954072256, -64.16955383313763, 101.26711744099521, -143.13978112591101, -96.40754793996364, -78.40793700236738, -104.74894095988397, 42.15200391258973, 60.83937278322101, 44.595311858546445, 7.321657699987324, 1.4630403275151254, 18.004316548290234, -38.68935794418598, 23.743530463848938, -37.666628405301985, -52.94758126551078, 14.401163800388234, 42.5320263804824, 15.317524323916897, -23.019129231847177, 10.09028814604124, 45.05622805302591, -119.53362504153475, -4.196003642907995, 22.568172194875356, -105.61147348824636, -3.164577233816855, -25.92827003265168, 42.28509087653747, 59.736420141576595, -49.30858421654645, 5.068922071430799, 44.547232486329186, -6.954282477386973, 28.296988113598296, 119.5951048492863, 15.689110454996426, -83.57331252128351, 39.17549435955621, 64.721691204417, 21.039833625542702, -28.878750165345423, 149.48840310770169, -75.77171230744962, -100.60179860078276, 42.72909810430726, 27.605793129990673, -58.44378297131998, -42.668782836256725, 69.80500306846645, -34.954951642358836, 144.47367137421543, 58.21502243850354, 30.01816248387827, 94.632642125101, 98.49600333532035, 35.3860774604157, 31.372104696018283, 55.9206301471728, 21.56264847091534, -0.5445250955074418, 43.96069442857952, 98.73007154675663, 145.93202778146093], [-45.45036377505728, -70.4225379173334, 9.374172154470934, 35.79856048870021, -17.0963939192011, 11.087598132715264, 48.5700974289267, 91.75808547731431, 21.54579534275688, 23.51638608868492, -31.078456077541414, 31.8457739210705, -40.24871910202753, 24.154518994590862, -23.9996830418184, 43.991074793163136, 202.44259644641323, 47.09469817120846, 820.41026628405, -119.7193412563738, -38.60965292014271, 15.40195509891481, 86.68919227953101, -78.78079423825406, -49.54736834949714, -10.018181735813235, -77.90340877223525, -67.48558925482541, -72.47357307408966, -113.77860719771756, -33.35807568790536, 53.71679282608199, -25.01978190025282, -30.19395167754576, 88.11986423429309, -28.08622148095279, 43.39084533924411, 31.03825830524644, -107.93962764413618, -33.02718613047439, 126.79542403582606, -47.07697540909394, 59.670849698547315, 73.02650801865549, 166.37783103988065, 55.185171850400636, -195.12307550808117, -29.843034170270734, 57.441749730680925, -18.32564695276237, -73.67683090119965, -80.75863620923064, 130.86438284521745, 0.8169375212993187, 5.692399848000754, 123.57666461328907, 73.27338334728609, 68.60710907670422, -114.63186326100414, -28.21760184273622, 111.45728704267984, -78.29478737520196, -30.6237528978078, -82.34188504897905, 69.88135748034342, 34.73614203244143, 36.77009340651892, 109.03905982204407, -135.23907463786344, -21.505024622062688, 162.54272437135342, 4.626513570192347, -35.91381541479469, 45.947066987756585, -1.3424571442702282, 22.81095020345866, 33.65482843647134, -50.54505503497984, -47.348748794057805, 28.314452481556984, -25.018889942548512, 27.87900384430433, 51.78671913703232, -44.704596280354075, -112.93844824579638, 39.83999099138695, -132.97824368084036, -52.184586880506295, -28.008226106376554, -3.8061815574601243, 31.20074355351657, 23.349464191286994, 142.30932582112573, -1.1051025213293868, 77.12052260945464, -9.262514391687018, -78.85984555893545, -35.447327789489044, -0.7653302925019276, -65.2640283618177], [-87.76781930311063, -19.41125658982964, 99.70342680292087, -89.66371697545044, 31.662344433808915, 58.29745637515863, -2.636456486397907, 42.28854545870575, 221.17201478975826, -76.3603211539522, -34.36681242708312, 146.9451813991146, -112.92797841410052, 46.76256806227421, 51.73397847538318, 12.121468835229983, 13.497174683847271, -9.530765633398378, -119.7193412563738, 825.6297480048307, 57.539628245938175, -40.940496268961574, 130.3940342127982, 182.09416728870008, -117.41610401474605, -12.070812688409088, -74.05794695895263, 23.27497330722876, -56.45829710134794, 87.20276754506845, -9.504321770644175, -37.58621444410265, 44.18800884049327, 12.24946891097351, 104.88491387035619, 71.43804990715765, 35.57716796339115, -84.34420954333564, 52.05560810659288, -38.016202725114674, -60.35799461782578, -30.37329546996498, -44.59016068838002, 1.4042131785153058, -31.303047460863425, -16.29869702914536, -78.74236231804412, 125.15113868850914, -65.86835795414213, -6.081117208453984, 46.98592741527569, 49.07001987070622, 111.53882924399004, -68.57911595141256, 7.002962296324988, -17.701917548347286, 58.106557554564546, 36.630396971851006, 62.05383659934367, 80.4034708742983, -118.22038057726458, 37.61412392759858, 14.333510175208827, 15.677243371948842, -1.943344077801255, 2.016187394167753, -35.79184725360141, -76.99016017558982, 53.68941913264806, -19.309495202447604, 102.71361062120319, -90.09694963317425, 79.6429750215797, 14.939918511164814, -120.6548721174555, -22.11754620510523, -20.317855500355886, -1.0584257857391264, 13.16499412687327, 140.53394544079032, -35.863889547443904, -165.74710923083762, -35.49050023951689, 92.4365917216188, -27.707642072539706, 42.47402021405626, -52.53728894233639, -0.3773676130116626, -125.67071308235609, -16.741946709228145, -161.66358258942438, -25.430475954433323, -39.65493742860418, -68.80553212834177, 21.65903433483874, 34.98623327618353, 60.132566594519886, -27.640878172201145, 65.45965865492214, -1.4734211283516794], [-68.9518354724317, 12.310268013894182, -48.820519961106314, -105.6481259935232, -96.40561795298294, -126.36409040403002, 65.5445169968278, 15.778257049574455, 92.20752758566788, -64.98387760907374, 33.933813576361715, 2.0141687407017588, 89.25721729572642, -47.04346438084710