{"N": 100, "M": 6, "A": [[[984.1354864521644, 112.3667415428206, 137.2447429534525, -0.6708160293538898, -9.307247224881786, 82.07752161019276, 47.70944882798622, 55.54153566400162, -10.708324480294326, 3.0280999830463315, 69.32702869047998, 85.69438077108519, 47.04710125371289, 6.350059614151407, -60.60822828910079, 47.631131789873415, -71.28434654839307, -6.182438156597529, -79.17631742747272, 92.89735108698822, 17.786289017460216, -164.82867449485616, -54.439674658795155, -12.207929026700674, 51.10475943761544, -12.699020938936204, -9.178833754930482, -72.9067203712899, 9.850308247184158, 57.08096688925615, 29.7455031109172, -186.5320100505162, 17.261005904252187, 56.623287794831526, -74.95580509337262, -61.699244513571124, 41.30881912551325, -32.527269691699075, -53.042219931749216, 238.53190791588978, -24.1522691646075, 67.03201986409178, 40.679754850287544, -89.79523991639144, 7.28633104410064, -172.07386069891325, 139.33315206118834, -23.166424100781168, -78.5010920862423, 81.25611056909355, 11.95086115832248, 8.303544871160849, -67.08050148107485, -142.18548883917012, 45.21229961385748, -55.44565685661266, 54.815966453210685, 65.73626136608313, 65.01349289319678, -29.777684879621873, 18.880054939284868, -89.3317275962769, 30.61091142346563, -71.22022925414905, 70.75967512379361, -65.12916455839188, -80.32071873911705, 38.77987757085956, -95.84557020573413, -103.96312155241236, -29.807816860427252, -55.55423289288161, 83.60065510382344, 59.919971012015374, -153.90025209948422, 56.68392654991123, -91.34920019736192, -47.26215625846214, -94.68499024216706, 27.697012965309526, -77.79293072024365, 93.6825473875161, -24.1119047941659, -3.225303673216901, 252.16104793503496, -122.15047906047533, 17.63482700211917, 117.32508611466065, -209.36676914142052, 103.61725733779956, 71.73839846048999, -39.79246425337215, 26.550427345383667, 76.32467462758493, 56.936357180037874, 14.477008560512756, -48.10428475759194, -190.72255867104732, -1.7471502654583781, -109.9026736443787], [112.3667415428206, 818.394824125343, -1.0286077946000056, -118.68064972891001, 9.027960317092235, 32.21435493217963, 124.43714375218997, 80.88112018197842, -70.97453591510012, 37.19885374107294, -147.92517728131168, -42.34477715184268, -22.92762905352853, 145.84238385657633, 108.9715622848971, -12.745811777643956, -91.62457949138167, 44.09921550567527, 99.42711782412655, 25.203926870319453, -103.1991986456132, 24.721304893175972, -47.09070860143492, -83.86050900290903, -42.28845372445254, -52.819058574329844, 76.25366702506426, -82.33365491382419, 63.63402048687682, 54.1376799653307, -16.93563634732015, -110.61619004921545, 195.07704074047763, -21.305321816549426, 57.06673805509763, -2.2807218712254707, -89.91047847127962, -46.64705828183027, 60.04998359585307, 98.86344429328275, 51.60644579858238, 124.56047561589139, -2.604005914120816, 89.10520632915801, 126.26615129683165, -90.72845249741908, -21.663283567693064, -98.5409879588291, 65.42163105056802, 75.31035007838943, -9.957210935504252, 41.82702872632718, 52.66288373440338, -120.64236998130549, -74.19247944217176, -95.89518755671557, -41.25202743025625, 16.31041178311348, 45.009794899560795, 2.3644852665904117, 129.91498700465056, 60.60838163978751, -15.380794556464709, -50.958602727640155, -15.43816292403512, 102.57840687388367, -33.60742453298432, 51.77237963827166, -72.4461863995712, -104.8840981347702, -105.52610246206586, -46.37911526701266, -82.95816245009469, -56.35243929405483, -94.06420699148757, -7.603237960868573, -15.489411732525811, -19.655999962314464, 13.30177113641318, -6.7514215400279785, 14.142959081338347, 73.21818369249272, -39.20323149036912, -4.06386119948072, 80.51837486353368, -32.102769979762584, -131.97162681397708, -5.144137810982274, 41.6454675852876, -74.36472597684937, 73.91161579306919, 28.744972296654037, 81.26343568624111, 11.338029444070049, 100.54206206208777, 108.48225470310244, -16.791985346752874, 65.88498475238065, -67.55686731189229, 61.19685813284081], [137.2447429534525, -1.0286077946000056, 898.504975752088, -124.58173854581509, 42.335900186355566, 50.76402604868413, -7.802568322369551, 56.14393492907278, 37.626840580487, -69.82722574180788, -123.26334101871613, -40.54669876145152, -63.2006783895272, 27.195617649500893, 49.7005415293201, -28.070076660584295, 15.1224243222012, 58.072132193780874, 67.57758579326659, -2.8206262136594766, 73.65500949693998, -33.95578469421325, 45.63600936736256, 16.114313128255784, 102.35673032656246, -102.99604499756964, -48.41604696664542, 134.4007854654783, -124.74518959548134, -31.609448824917234, 66.14319948222955, 44.783605310080375, 120.30127005764126, 171.205266762738, -40.059771043357614, -9.991167599381427, 52.07240308885351, 26.454383953009447, -6.526148176936624, -27.238884355063945, 70.05844568952992, -18.15215301126903, -108.5936560221785, -142.69280717015894, 85.44540317179589, -50.940885335169725, 29.52360210751875, -9.87176117453512, 4.889489394245308, -20.66586751353192, 145.74145944290905, -173.948607938291, 51.40730669324626, 48.27003160983483, -98.1318417262569, -92.78347596047529, -135.08332839378932, -39.136129883519, 77.03833211080958, -168.73683556695866, 92.12361207969468, -62.67943828587465, -119.63197461680846, 118.71407755740572, -24.4365778954635, 117.4633050741468, -93.90168445595054, -35.55484516292267, -46.20366583111858, -30.008899657197485, 17.836777893286758, 33.56852943681654, 45.30472452700078, 20.84233879603684, -98.73194273293493, 8.60972115145004, 10.913062356018445, -27.92604450012597, 63.74133045267333, -125.94039443636113, -178.22026372632772, 28.184658993464524, 88.57646487934534, -26.99021050530497, 11.346013921702626, 72.44389021584742, -3.240814478546268, 85.28767588256392, 85.25753976327407, 77.84643282419022, 34.41092678804958, 85.52426927964031, -22.743079848248897, 19.202704429933377, -95.25843703543414, -37.05061917257797, -66.37240136551996, -116.26542653484172, 116.07103578277645, 12.695134560457426], [-0.6708160293538898, -118.68064972891001, -124.58173854581509, 1012.004163705829, 1.211908481309924, 137.7623605413321, 4.635542655251641, 42.00049786148855, 87.23265525901371, -77.31235105946271, -0.8289473463353169, -208.69503224008773, -82.14703261507249, -119.1615846485056, -112.86309863616682, -30.750856238408304, -98.1350145349436, 27.66238386723354, -37.34774570538417, 0.1008771262085845, 63.38370902553776, -65.16840414108344, 33.51038431779392, 115.7941538516356, 76.13731972402336, -115.93988584331794, -157.90837287453147, 229.42685612433684, -23.161466220488187, -77.98334231796751, -79.02158595620521, 105.86149158172792, 24.893241291550847, -4.238673599242734, -37.320064066338084, -101.63819579745498, -26.805775193883438, 158.45703361234936, 90.25046910962206, -75.67412046580104, -57.5482569064121, -59.13766221094026, -37.02460161166795, 178.4397701341178, -13.000970474772357, -7.45195305266602, -122.26261547617094, -106.91385027759686, -44.384102833410466, 70.55389790091488, 43.81733871785063, 133.16623555457605, -127.16968802966046, -59.34676224439616, -38.973773098246554, -40.455316628394016, 129.6555082620573, 3.064718070544491, 68.80670600616837, 50.34267201019011, 22.977462567387114, -47.406541985749676, 0.4000995928558287, -31.339476296479912, -153.63488951123009, -121.7399802244125, 34.58691218456149, -0.5962784777696885, -54.56797310506849, 40.92024529216329, 7.434754531683869, -66.79088218642671, 24.185636561135414, 16.69954411363681, -48.42866384167157, 11.545748611490612, 86.80884241641327, -76.69624374865062, 61.26100656655624, -19.88941312375007, 13.32258522877615, 61.1377979433626, -48.29932456732166, 66.9932526233812, 14.037552359594994, 58.16395148121181, 189.79230897663524, 141.4825583326785, 26.378961564694034, 142.61322632835527, 44.28351752924068, -11.837802380307558, 49.60516535406124, 16.031882831135547, 27.951442641488295, 12.976270310531051, -13.853050115119082, -62.60184195571714, -47.833565401644194, -21.143699119775455], [-9.307247224881786, 9.027960317092235, 42.335900186355566, 1.211908481309924, 830.466834761571, 77.80175499690652, 31.64608998439049, -43.92567911315608, 87.26904456605361, -19.49673372458108, -31.748849656713638, -63.85225375661426, -1.1560891466447296, 126.42418663513827, -32.124357119590506, -24.5196664398575, 29.3457548234438, -17.61257395131948, -95.03250952191158, 22.870461042400468, 52.56344234718085, 63.6695763614804, 75.97940441216056, 45.8743331379696, 62.30812811976176, -53.41990720246671, 3.6314581857406862, 42.66934765499449, -18.19280907704503, -82.3492918989817, -99.65704792843444, 15.191056835804607, -13.112763603672322, -19.057915975588433, 13.548676056850388, 12.15633794821125, 71.65904608446432, 27.985653232814556, -3.1964941489712473, 104.95039477014039, 42.48231825528887, -48.120570892129244, 3.9808981469717146, -4.458285143937694, -155.7828732386256, -97.90147509555328, 47.04045385955025, -15.348514391044782, 35.61032127160633, -111.70260355400602, -96.49863058164996, 40.037611929764424, 23.113037065916117, 80.28762910638767, -8.157781976556874, -6.137324128293346, 39.18150641285936, 163.7652909977787, 42.885672626985375, -56.9969328966482, -95.14632293586033, 66.82559199355522, -25.12277284047505, 0.508959248201182, -64.65787704771638, -32.02102367760972, -121.89157502390617, 17.36340959983564, -77.10701576362324, 43.0463911245942, 13.229000285690315, 36.50335384418281, 30.55803421969857, -30.365923168010568, 28.631197288232737, 3.7353580853259998, -92.9434153009599, 178.63637096460914, 120.44301396068452, -56.120733436950275, -102.91931704887332, -68.5737666537738, -120.08148159023922, 181.63127432478856, -1.1424608666603526, -98.91878077560655, 133.4323235335483, -120.90369487034128, 141.78170240758152, 20.004365240561196, -40.89766894659752, 7.799581526837108, -31.750463130192156, -137.0791814904042, -35.436709482772706, 30.91027690208355, -51.48384613922052, 3.277730028152254, -38.936432575583815, -97.86820104238141], [82.07752161019276, 32.21435493217963, 50.76402604868413, 137.7623605413321, 77.80175499690652, 956.9337453218892, 14.97115199892726, 16.950903894957133, -0.6804639762672025, -111.9589040475505, -39.72938858528304, -59.84448792630034, 25.78489788799693, -63.300858836534104, 69.90587930370366, -26.9724111380176, 52.71556623191009, -165.0239296075714, -40.8864785672268, 4.383615090353502, 27.95902408145941, 56.23136448257133, -53.88424239680915, -89.94646173333186, 40.319625542686005, -188.5265785902195, -120.53593353777367, 127.29374080761382, -173.26452964075546, -78.4344843642231, 0.856969358226853, 36.10708611731796, 54.67342430310337, -33.43240159151828, -70.29140997404096, 30.073075467050316, 12.114281364967258, -121.45617380851428, -32.097913655770085, 195.41337884615527, 10.020178243103638, -59.09828153552831, 57.03221663787769, 80.24848443663412, -30.746581898840446, 51.8253442304301, 43.15448283343884, -48.19661948974782, 3.895483040602763, -9.568790613113785, 136.99991706868505, -45.804364063240314, -37.7382482513963, 61.64779681343086, 87.66645648198137, -106.4605432545574, 57.7339009080788, -117.17935798460051, -28.466357868593946, -69.90239032399501, 249.62483066486806, 101.74550644114272, 36.3807507695547, 90.62348513496279, 155.7967709275821, 86.27559831916302, -40.87726925599777, -78.69247724454956, -91.17611521518528, -31.90060394377346, 19.472205024658034, 18.37737749045906, -3.738816251272333, 41.17677837181823, -54.791167108547654, 35.00923833970749, -107.91078196905879, 1.9954349160261535, -15.03073191754378, -74.24058774578779, -1.114036890471692, -32.732442568371646, 24.327133024219897, 33.480678541306396, 100.66184233766174, -72.9681034212737, 4.547463964384646, -14.450995369452766, -14.902800060425433, 225.40501077390283, -21.49577982427541, -9.33129696989675, 320.3368892937282, -41.760996312160884, -16.88766746599897, 49.16328613011742, 35.26696179281627, -23.151403860011154, 168.50793448210868, 12.164799348315974], [47.70944882798622, 124.43714375218997, -7.802568322369551, 4.635542655251641, 31.64608998439049, 14.97115199892726, 845.0317845325704, 57.11360032800003, -254.69732969844935, 19.731782515203594, -4.2900235477110265, -157.92125487973325, -35.063294729775066, 43.44515673299748, 5.1288238534438735, -28.343801048097582, -19.046020378183847, -28.64329277700321, -60.0390948801402, 21.004402253761896, -42.00790888222309, 71.55584114864295, -92.90454818883275, -60.27793210828897, 48.09368436666736, -28.63838425342075, -26.82264577169391, 45.9653622301995, 154.40073498534105, 63.70102829036089, 11.650306891615836, 61.47582492275275, 132.51771689105112, 105.7858032319874, 76.04948076796516, 19.127217998043598, 9.348051685475157, -5.911467059373862, 58.73373296908433, -27.14391663549038, -140.1643548598293, 132.83618937342956, -91.73543795115366, 113.57953003370757, 77.9185539970366, 13.445155539800162, -78.22273360453697, 34.49089261087419, 110.84336250548814, 4.760141633569766, -33.28264263136045, -152.91444981783084, 19.433542118180466, -19.299903388190895, 80.1291708420993, 153.1483468857337, -31.94538104947533, 0.9280255168377545, -102.51560138796162, -104.9279529320307, -46.18830882701727, -112.33266631405219, 14.036243343399615, 19.42676829622097, -43.726480629021715, -96.40829484215931, 49.629425193380335, -6.316161277144028, 87.20699740446247, -16.35213965627516, 22.789919197003655, 104.44483371756176, 30.04701758581656, -11.588768207402161, -45.840459217976964, -88.11978832389694, -18.911979109499494, 34.14137546125729, 113.90681152323202, 35.95312855859377, -29.487665450239927, -70.49058696439107, 74.99842474070456, 19.229609990958597, 17.692685525536803, 74.68932494529912, 23.855840550716206, 131.33633856991028, 1.2128633171563992, -105.05079084895547, 48.3467860727863, 9.445199684820107, -72.45450526594178, -114.29120806189002, -81.39890741703708, 24.108536863195585, -29.535813802064904, -0.2071042850588235, 24.990557715391873, 14.167864315346785], [55.54153566400162, 80.88112018197842, 56.14393492907278, 42.00049786148855, -43.92567911315608, 16.950903894957133, 57.11360032800003, 835.6810073844437, -156.7724565597259, 16.20886707125357, 71.64820416545484, 32.103955073883135, -25.710412654700498, -15.290269527667066, 95.59001505854778, -67.24142663726244, -83.55928294881703, 157.7106369584561, -111.20111412339304, -50.197307312383295, -41.61647767093534, -24.6890793802666, 129.49071957486916, -7.511659626506519, -55.571883574728766, 24.49303147230873, 22.682309652538784, 95.83372091257706, -114.42039387346173, -141.67972867111104, -133.19449375126808, -6.395671851089161, 62.87557057907368, -85.8511082780897, -11.194887609610701, -5.030787668197344, -222.7637884395677, 127.39753119426156, 76.32241226019087, -123.70950814310211, -68.99021653787399, -33.9478282614373, -51.09791145624258, 41.16915992942262, 85.7202696346841, -32.37774947598656, -23.159388073928767, 73.55587119939482, -128.53545765730246, -114.98835530023997, 58.931601120216804, -74.18780732858208, 44.939310096357595, -13.798049474644534, 18.326888845410842, 90.9118522260022, 0.8752927847554299, 26.8473579020461, 40.95496726986228, 89.17689835419337, 78.24752568980844, 0.3102143072740476, 76.96497054249053, 126.08378645619283, -43.95410868414777, 18.277368234488243, 10.864594954555034, -139.68417800807055, 71.50187547505158, 64.96889483195325, -44.09553733897049, -5.098027574454549, 1.228316898774269, 13.7358760484361, -86.1515212619221, 115.3799756877679, -148.5310347543116, -120.06171264192419, 151.24133871843253, 128.39937334330412, -70.45565535008531, -45.93459141050633, 124.27837615448821, 32.85871572064073, 47.13722620979734, 23.497876862449786, 81.78242793526378, -5.634894747626609, -4.297069348403912, -38.476967345808305, -5.650359959846462, 8.408841224203302, -155.59480630066247, -55.210775431453214, 142.45122774455993, -144.55681484104278, -3.642610007925243, -114.30599617531372, -3.2801159103459945, 41.7646382766898], [-10.708324480294326, -70.97453591510012, 37.626840580487, 87.23265525901371, 87.26904456605361, -0.6804639762672025, -254.69732969844935, -156.7724565597259, 848.9369629147672, 82.33705710123014, -150.3477949407801, 61.8895517164296, -173.90856726566665, -9.067138927067814, 22.24827548532017, 78.76789410466891, 119.13563507935591, 13.892167128352545, 19.09868971188051, -14.300947800487922, 31.03214202294546, -58.84162648893339, -89.66818334312205, 69.69824870691377, -134.23302159606857, 25.227956526493557, -15.098173143738515, 110.55957365666153, 101.01434822004592, -99.81792780713138, -49.93931598739825, -38.02872120586324, -88.70342631798188, -119.0622283756537, -23.555061531727233, 77.11796866252463, -101.56561632212654, -86.80795112973213, -37.455163042864385, -14.128127980669476, -1.0822105917773381, 52.41442169155868, 78.57033693824584, 17.936311873566318, 46.76654343178728, -44.83944661756163, 6.043936391431182, 143.91686904477214, 83.98914993341387, 17.67876524445771, -20.666567894647546, 24.34251412454577, -21.613946405090605, -86.78595377377108, -78.74548628598546, 10.468749933693628, -17.313156909081638, 36.75911005691226, 140.37153322999836, -7.735293788513666, 3.6065915186230537, 37.312227384922956, -22.576272840105933, 25.818851012786332, -45.83058344346627, 39.582659943014455, -10.33953254560634, 84.26736900359654, -62.40095351055166, -37.65906424614476, 31.84015659481529, 105.47654689771637, 32.08563860980473, -1.5543003905567934, 37.95817577526538, 32.488932212883554, -67.32943199218222, 31.462902577170926, -50.407163305042076, -45.308181619653666, 112.12348815410121, -73.24920015024409, -176.94409960805285, 75.5466183586084, -141.05429091884014, 10.678956370447342, 19.553412433555394, 116.25098797368125, 75.65121010971168, -16.156798761041454, -154.37949731841744, 64.05383384527443, 13.070964901897066, 78.393052336752, -7.416450782209913, 55.96275857894172, -26.25994923591159, -35.32078223739571, 57.337655458782095, -21.89342331138039], [3.0280999830463315, 37.19885374107294, -69.82722574180788, -77.31235105946271, -19.49673372458108, -111.9589040475505, 19.731782515203594, 16.20886707125357, 82.33705710123014, 936.1126424957644, -115.18907894887049, -6.700956878581124, 55.14874196046882, 66.81079938419053, 152.98640034985294, 62.39195502901486, 19.827255883074013, 144.54593071852315, -66.4450529568129, 81.58479166063637, 79.4335751904544, 142.44525537109715, -16.026074391892475, -100.87261208456292, 108.38396975179603, 187.84019697510985, -50.96671514867461, -89.80139340020753, 2.923243908507755, 38.070372097166675, -100.70178238128734, -90.41251379623476, 50.01247187382153, -104.15248724073652, -70.01166330729411, -44.01865167901381, 8.707979855501462, -13.123259952232607, 80.5345685612952, -165.66939870952123, 19.327137563195354, 45.32496470617606, -48.099471031410346, 3.5544987398474155, -6.222471809715203, -19.874982806432822, -156.87927517640819, -28.395293674968563, -26.973348556509748, 71.77360482278475, -121.10938097975672, 49.870990963977015, -59.338258256822975, 16.700159360924452, -68.45759412197611, -15.859610649144523, -38.26480322542078, -71.27325564609343, 13.04483949600194, 92.49776864060712, 20.67147365025106, -6.149951371795669, -36.329467912333484, -52.80731818142563, -3.540093770996379, 82.34105550922523, -26.56993884747556, 26.8970052479854, 35.875669464825755, -52.37947169469904, -64.54689290794829, 54.00242309793317, -32.551470231595054, 16.822329602886278, 12.805620260493473, -83.08507567236312, -103.2291211958538, -8.467872490953727, 76.1447292796168, 85.29621227494637, -73.95922970848899, 55.911703930927764, 5.629127969336618, 77.43351211393495, 34.24313703204628, -88.46583881610921, 34.01374899940504, -119.24542819602036, 84.46879066604681, -25.19575903237509, -98.64894435333481, -119.58738896437508, -43.87153416284994, -66.00291161786161, 173.89118866474462, 67.02965741402248, 119.4193517436339, 6.121407375135414, -80.11185083420149, -12.310488405765263], [69.32702869047998, -147.92517728131168, -123.26334101871613, -0.8289473463353169, -31.748849656713638, -39.72938858528304, -4.2900235477110265, 71.64820416545484, -150.3477949407801, -115.18907894887049, 913.1276179800772, 101.18531292380241, 17.374032257317452, 33.65629041589499, -128.44390112667625, 56.41646475558589, -168.03290644300094, 59.6790091116609, -14.902680060812491, -8.761783946951274, -81.83503434674219, -32.86891740859102, 152.9856057322745, -47.71136128677734, 17.768216277535526, -56.93701092296076, -55.852957944369166, -151.40216228802683, -31.10671059474949, 32.11798594017974, 31.67995344028299, -57.47388801907111, -37.05885612721945, 15.912479095979048, -88.38611698622123, -57.98443170645524, 25.037274252080458, 11.005363251052339, 31.45096406210349, 16.23789850540832, -19.120619921064293, 24.619047052584072, -34.68461104270299, 36.09476777989061, 26.008176899212977, 82.62122176884873, 191.3842701118105, 45.59832787509748, -19.871657430621507, 67.47951941579147, -32.899000666170465, -15.588303216274994, 85.67364273531638, 152.41223533597102, 42.40596945529375, 122.49490361272068, 36.181843041637656, -3.984516687419081, -52.602158535161095, -29.74753869833784, -207.3342248410009, 154.6579355109817, -82.72682872652958, -0.47285475332544746, 21.327492449532514, 81.70179307712182, -52.29310070079593, 22.544694030214675, 118.63361068713363, -79.65892478058254, 32.675068016510195, -16.41603591323656, 38.587581028055894, 38.060222773867906, -13.543207505257977, 56.042085718430315, -85.60130998655829, -58.418412347163205, -26.179624271779055, -89.82099969324405, 37.70926475977712, 48.19994299765097, 74.6387103141041, 119.32277087985112, 13.52947452374576, 11.424220714751856, -2.320667808975753, 131.19502281215446, -137.85048597682328, 118.78536367054608, -43.695418809739884, 70.63582996490847, 33.779927237666925, 69.61779940072601, -58.723041585370524, -13.950808712700843, 29.469352546637484, 9.401137225774356, -112.46934680699496, 110.59146882071933], [85.69438077108519, -42.34477715184268, -40.54669876145152, -208.69503224008773, -63.85225375661426, -59.84448792630034, -157.92125487973325, 32.103955073883135, 61.8895517164296, -6.700956878581124, 101.18531292380241, 813.0954343414784, 61.259137849260604, -17.816141637591535, -113.12502980398656, 95.69421783788773, 27.954978799127886, 59.87537732658355, 138.82291457368197, 71.80826889031734, -56.38474692164588, -109.38469536098108, 26.9893505260712, -40.15511433691697, -117.75341355481741, 66.55995866685825, 45.92622443759136, 39.93391972527785, -139.43163425275407, -18.453460615251547, 12.674273173126538, 37.761456774546225, -82.26346752430207, 56.854837686639634, -74.74733815234431, 65.35967255979239, 27.699481519901124, -23.556333586151624, 90.65128045910105, 156.5004730678627, -70.89133987206985, 30.15317889975583, -85.73794209648688, -81.93552469461527, 9.535280922980675, 34.1157242459581, 72.15584371429523, 131.0975744663823, 62.545682059938734, 56.00972247789407, 80.5186423896015, -102.69278730522035, -60.49349756600278, 92.44582638026043, 102.71830878304966, -56.36168219355605, -143.77525867641347, 8.179509479429916, 7.056405602427472, 48.82616720357825, -214.85269209812225, -71.1730697287285, -23.07611768164425, 23.80602755950291, 147.4360089052392, 14.69444849856404, 30.243811292343754, 90.71818295585929, 14.930349495704544, 10.13885175755391, 9.305820677536477, 49.08341042201829, -93.48401757748644, -122.76953763654379, 68.46076650855622, -66.91021400662895, -14.327235442669691, -144.0542233314145, 57.377290051568586, -23.914441658178905, -97.06980144222875, -76.94167039350907, -135.26112418966616, 41.18365674645468, -68.78304415799765, -7.471435611353918, 110.93373520989095, -120.5828958312582, -46.57241361270289, -45.91982719513951, -87.7637675836997, 19.160043038810528, -67.80906888783625, 10.555460288031309, 84.67864483668247, 60.176213526096205, -27.62715601673451, 41.7918362459789, -44.022088396562616, 54.13513172648516], [47.04710125371289, -22.92762905352853, -63.2006783895272, -82.14703261507249, -1.1560891466447296, 25.78489788799693, -35.063294729775066, -25.710412654700498, -173.90856726566665, 55.14874196046882, 17.374032257317452, 61.259137849260604, 769.110489311813, -8.348382913629521, 199.3239333102652, -14.281683974811369, -28.320081889402875, -19.438362593699154, 92.82846003909759, -44.1307554745555, 104.25099630635793, 9.101313769592206, -22.614091045714652, 6.506004139949031, 75.81801388651795, -53.562742653110234, 181.67637404223387, 21.25241736478925, -86.63060952154419, 65.81090062729359, 101.02908959451354, 37.37235311335945, -7.7373036036356915, -17.764771043774477, -97.6989364988995, 116.92780420733672, -62.17574226990151, -65.87330643329443, -36.851920521370275, 18.562043844185737, -74.08653882868825, -49.18579377292658, -118.76176294687997, -15.634059667995151, -22.644938748375143, 52.50966252686246, -54.293466433365396, -164.44685069097164, -36.00572058578707, -43.82981283062918, 11.019096677347713, 80.38597418702717, -72.05694656889176, 85.43899767027233, 34.20649303572108, -123.90488878002589, -37.51383026305808, 85.50125066405454, -73.23382551248743, 117.79833535365523, 108.47449480211039, -20.147910054491035, -61.87920465969214, -4.1136253123686295, 40.13599290040298, -42.90006530870375, 9.702648266397743, -14.781144866985096, 141.42698089489983, -78.69903003456018, 128.61339169672615, -136.0628508831691, -42.60925105107114, 11.557827716810996, 60.46639963148595, -36.773456227064244, 63.26827478658489, -7.630118582579179, -78.04047292609887, -102.10037352856388, -46.450617019408114, 63.572124359712916, -9.147268319822102, -32.023877013904595, -65.08399901160655, -241.32633309749644, 5.186520339669705, -84.67659461408297, -9.670680930056207, 58.36867829714797, 35.030222461918676, -24.465741993374145, 44.01051681231223, -107.42061890086758, 56.800294826989564, -81.4282772727369, 88.57294731525863, -61.843209205850734, -105.8568645111562, 12.080711202754348], [6.350059614151407, 145.84238385657633, 27.195617649500893, -119.1615846485056, 126.42418663513827, -63.300858836534104, 43.44515673299748, -15.290269527667066, -9.067138927067814, 66.81079938419053, 33.65629041589499, -17.816141637591535, -8.348382913629521, 714.5126840043192, 18.905438225110572, -21.129369869314846, -15.173173012251954, 32.12418137096534, 60.33764081484799, 29.758862659999462, -53.76019945371823, 53.21874043498435, -68.99187819350963, -45.39143923656946, 127.90282633984617, -22.598968552653886, -55.320000345727415, -95.36688861215664, 23.716077009186467, -13.794910083846755, -15.308362020608795, 42.764926522276134, 14.358465551935586, 37.721859324893764, 46.27219617644117, -32.00634231025935, -110.16725271392492, -22.878232191266683, 46.25872471392772, 53.68269129958355, 39.83645898337539, 136.04840597896307, -73.76213107123539, 27.14184931409998, 21.178044264024805, 60.08196501108619, -36.88266841411941, -114.12604823250092, -137.01744571375372, -23.22151458125384, 36.66058005943584, -11.990360424534716, 134.13218444282774, 98.0049267244634, 69.3586762609527, -171.28583912512826, -58.683001213995716, 107.74591615834218, -17.101536745286072, 103.41981088784594, -121.58291043665146, 27.750645430760784, -13.454675393074712, 98.85505678500186, -45.29932125859314, 27.65811979031205, 20.720136170518515, 33.941201070751006, 32.84362721285262, 3.912320338736101, 87.24510621800582, -135.87753893304978, -82.13299520321651, 115.11031100328522, 35.66902499103457, -41.76414341576154, -102.27823935280826, 67.83334819236917, -11.730877599294114, 35.96669786565918, 157.9143081923087, 106.35495033306664, -17.77188568784679, 103.19801776433492, 46.41788501441177, 52.52441008323054, 30.361207332280465, -80.79212610875949, 111.80018547010238, -184.15182067434398, -72.18625354171081, -102.69703522515601, 62.96817654175875, -15.119949740777443, -57.040556727709266, 15.002869640143505, 5.20023465380354, 97.49323889998162, -46.758248974408886, -132.82199691278487], [-60.60822828910079, 108.9715622848971, 49.7005415293201, -112.86309863616682, -32.124357119590506, 69.90587930370366, 5.1288238534438735, 95.59001505854778, 22.24827548532017, 152.98640034985294, -128.44390112667625, -113.12502980398656, 199.3239333102652, 18.905438225110572, 924.424239278854, -95.10102502390575, -75.98068630632282, -69.50696394641646, 75.14740010791776, -55.69982738991826, -40.06491742408572, 99.62624378716508, 139.68048237665425, 42.07192303102839, 6.823483708270852, 26.882737216470577, 3.356957434697435, -140.9084105899882, -26.714485445140646, -88.85574303002238, -140.51380813228081, 107.82940056473991, -51.57674872728761, -67.3830966296363, -15.721984316354758, -39.10939367472465, -9.944097234019164, 72.71286465934327, 64.54556292649103, 9.95807043755867, -25.28865717481821, 12.933912475555765, -35.04107669043604, -16.513494988006023, 72.22642715190189, -24.679913174324174, 21.270501836684453, -109.16562461570669, 32.36705044761116, -8.613805810349074, 37.55845396395214, -68.55321420489673, -17.78225016589976, -132.6534988708226, 92.91029919289929, -2.843877221603918, -55.50447480474773, 44.18825385266889, -58.484463051365594, 5.7439277377775015, 145.63936939847045, -52.244660189244264, -76.24187504871101, 41.39175872655372, 49.89841762233262, 105.62038749543446, -85.51813435090865, -78.63751979230244, -28.04544712242761, -32.584453985476735, -58.27104466688342, 12.13026990755984, 35.44064277147964, -72.70487067410949, -7.236334087726156, 35.31904221015735, 37.14238682362873, 118.64394874766239, 60.223611415885955, 2.5746059714559286, 61.97704390120945, -108.5668476271839, -12.062160245398742, 1.78772290828251, 81.83226768131773, 61.32199010866017, 15.691615711465492, 76.65742274623354, 94.57493467229213, -115.42234969375743, 136.88736393588232, 124.88889825358922, -18.72973341970555, -42.09969020788149, -9.085186678079895, -23.066474003659074, 76.75532340721116, -75.48150586439617, -16.783882834857256, 30.74132259836449], [47.631131789873415, -12.745811777643956, -28.070076660584295, -30.750856238408304, -24.5196664398575, -26.9724111380176, -28.343801048097582, -67.24142663726244, 78.76789410466891, 62.39195502901486, 56.41646475558589, 95.69421783788773, -14.281683974811369, -21.129369869314846, -95.10102502390575, 938.4183674101982, -9.039710331481812, -146.57005051427922, -135.8811172715269, -184.4963520038191, 43.258862529131065, 92.70462669763555, 243.65318485934972, 29.39194651611354, 50.94738901815253, -19.32472124243324, 60.82422589124282, -63.86582619904444, 89.16714633878571, -24.319019658861837, -9.57172233646759, 41.76413044732357, 51.89231631861585, -48.52848050934732, 222.9186222740293, 25.46382896428008, 27.691923349995086, -38.23889506742688, 59.266898669724675, 36.50927547427209, 37.677578763158365, 71.85916848217136, -125.48542718026683, -30.698384516083397, 14.06059399749223, -49.72473105806238, 71.82706853143421, -51.02674300504973, 30.202207342655402, 101.09078328837812, 109.15808446693401, 21.98179039895394, 138.16223224108685, -58.90504707843268, -22.142436587941372, -36.281712240416375, 117.1992644302033, -9.866299250735779, 66.09614732323489, -26.176610690017757, -49.69629635467145, -0.9939321306166542, -31.74903885585487, -145.35084086187007, 222.25272965703445, -68.92055622090076, 117.0934455364814, 139.53117945642586, 124.87390566570913, -116.43485649896202, -17.47185590204654, -7.487115810350877, -72.94165121241656, -27.286196926836272, 2.139783482325552, 12.667041562657161, 94.14923394665925, -59.509000843149956, 86.050674988986, 88.94276638789735, 70.48892528966329, -18.43214746882296, 42.89819835120203, 53.616389583012996, -19.772072199174627, -73.84795686697802, -2.2683193349704496, -44.57839109005159, 9.721172074195415, -69.14342820634312, -79.50088318110144, 15.683633162852502, 158.18169363441683, 27.791425574172816, -11.97050872329412, -185.08021917932246, -74.70203484689289, -104.19039205572335, 72.69495382394064, 26.48162832100786], [-71.28434654839307, -91.62457949138167, 15.1224243222012, -98.1350145349436, 29.3457548234438, 52.71556623191009, -19.046020378183847, -83.55928294881703, 119.13563507935591, 19.827255883074013, -168.03290644300094, 27.954978799127886, -28.320081889402875, -15.173173012251954, -75.98068630632282, -9.039710331481812, 874.0499369946103, -13.780913112582141, 69.0137734317127, -115.77755329081685, 72.86289474060295, -95.50644894089454, -77.4047135438189, -116.88563860774758, 49.659261052387436, 50.89239654886137, -110.20977769936817, 101.20406008596706, -79.76983802211022, -152.89653373418594, 114.19472956240519, 136.03578707580928, -30.31011196921843, -176.74155720277798, 3.712324518705377, 75.81751036119569, -64.81629534120039, -65.71228420705557, -37.320780680445566, 153.5445837185314, 23.76874210117481, -54.348076198524446, -11.17517699009288, 63.02395828957258, -89.26896888955687, 10.149302778254036, -138.52018288367137, -34.14319279983429, 86.71668724135, -17.05237089003293, -18.15451963525498, 39.88996841128059, -17.64592012237277, 23.066047996477607, 68.5158679827121, 125.72653323317893, -108.84201250783977, -29.6037110117596, 101.09531787862966, 86.79117410067968, 58.959703589797876, -108.58491995099656, -87.11374128547976, -35.07192068347461, 20.788601072035352, -43.17686763076088, -26.887214912070842, -42.207320973966674, -25.68986845004111, -12.29325468484241, -17.86457050896919, -34.69866649655863, -11.032741169581056, -40.214231451098904, 0.3994618661391799, -29.92074518284903, 22.901709971570376, 63.55260705622325, -20.060981219589642, -54.48628086119517, 7.880716565214986, 19.340647486682556, 26.963000432896767, -105.71895471827405, 1.1912247010095187, -38.18384647672475, 20.37888643847785, -74.46298089553488, -29.039295590100078, 71.87202618727267, -108.14621827407112, 78.49070061069617, -105.50888759274308, -59.42504095707721, -76.36263044625161, -0.8475283481233478, -17.98657338498799, -82.73976937466294, 52.73842501097129, -68.2674355825911], [-6.182438156597529, 44.09921550567527, 58.072132193780874, 27.66238386723354, -17.61257395131948, -165.0239296075714, -28.64329277700321, 157.7106369584561, 13.892167128352545, 144.54593071852315, 59.6790091116609, 59.87537732658355, -19.438362593699154, 32.12418137096534, -69.50696394641646, -146.57005051427922, -13.780913112582141, 801.1430899468374, 113.82712934214003, 52.17278461137233, -0.06022377072313459, -31.770035604194582, -34.348447325328124, 99.12506859153278, 7.087933646561244, 28.511590132721043, 23.229224112183186, -3.2803306240097436, -97.05761656575136, -137.3946033409454, 8.7804770810723, -26.44670737087477, -71.96760329994382, 37.964785737234465, -20.33549897225683, 160.4225709198085, 31.929154029250544, -5.503434817176635, 49.22762363427334, 65.67081088057427, -24.755431235996667, -116.9772380365619, -85.79777146447522, -45.84563504616182, -23.58993902614521, -86.19670569756279, -47.925159165177895, 57.59475235225309, -13.13152791032378, 44.69645430024131, 11.906248434307805, 61.619864149125725, -64.6952390603689, 83.53275390833156, -11.920332329217286, 184.25780511208032, 29.014587253499588, 11.699938670345214, -27.438705550490887, -55.49728332321415, -12.054141917145957, -38.17956408090006, 140.12574503530854, -27.62677673188568, -206.18082318939832, 101.80412414594026, 30.15062182394221, -3.8671374409549317, 35.27847582860696, -23.792195799404418, -66.64079815507628, 9.263929125890485, 62.75138570144583, -120.35928059397, -11.720727967651982, 11.095763006202624, 91.49515586659538, -70.48832592714312, 14.307516441816604, 84.44948575094486, 8.784777527133583, -62.688352558614525, 40.548593913031084, 10.350107580613233, 21.235462812264338, 35.58651062572181, 51.00400688943907, -28.68810185814454, -56.444362133349756, -15.653519166592506, -40.42101200544602, -77.95192347620568, 115.38794901820229, -84.97397539690397, 112.80682318402059, 96.74288145342798, 40.36288800066465, 44.365980750880915, -93.62482547065672, 53.75819622528117], [-79.17631742747272, 99.42711782412655, 67.57758579326659, -37.34774570538417, -95.03250952191158, -40.8864785672268, -60.0390948801402, -111.20111412339304, 19.09868971188051, -66.4450529568129, -14.902680060812491, 138.82291457368197, 92.82846003909759, 60.33764081484799, 75.14740010791776, -135.8811172715269, 69.0137734317127, 113.82712934214003, 975.5611164440924, -6.627344840125093, -115.20214522596359, 143.91086664940164, 17.50894472021202, -179.32589001438143, -127.8608854852573, -37.549025477488584, 59.7481729767488, -66.32817049859577, 16.991816535811466, -21.33442001449887, 71.64640404004798, 149.8043358682203, -93.30727810434199, 20.468235108504675, 28.440575110584554, 112.07554742117668, -30.84538633936706, 129.57732125957727, -49.65142321626717, 23.26319282004512, -5.128576816735546, 31.583031962023036, 68.235108458684, 107.04134692864717, -12.806223224083785, -9.985063211547095, -7.81473105544812, -15.179714400908148, -84.57093211993802, -57.42190834825708, 39.550052095619115, -5.588899308707615, 35.790978229762736, 52.43939865891989, -65.276087574317, -118.8435889401094, -34.90708929288501, 163.01684913860632, 24.872513343158097, -58.064557004066145, 41.48432946873504, -80.95118126633497, -32.164716911600095, 16.219858986037124, -123.65941790207616, 182.41394176917558, -215.3130012649123, 68.29417210625867, -80.1644364994954, -50.45307721577492, 169.89081255755178, -2.041035981173331, -12.176264576749146, 24.46478590157797, 17.86251000430488, -50.59723436486876, 98.62087385256231, -36.62748321426715, 108.6574682339741, 65.02438414189974, -33.384359325135115, 82.21731969319703, -97.16180535590387, -97.88948528865807, -150.0179607961499, -24.277254129762557, 111.7487482374873, -96.74252288858834, -9.256633010268489, 111.99161710668568, -128.81615097359924, 98.6886198563206, 22.22326660316005, -1.114245321447122, -100.79422514088158, 2.4317899609517575, -53.56510868922762, 166.69822800131655, -28.492701916572802, -8.769299878079455], [92.89735108698822, 25.203926870319453, -2.8206262136594766, 0.1008771262085845, 22.870461042400468, 4.383615090353502, 21.004402253761896, -50.197307312383295, -14.300947800487922, 81.58479166063637, -8.761783946951274, 71.80826889031734, -44.1307554745555, 29.758862659999462, -55.69982738991826, -184.4963520038191, -115.77755329081685, 52.17278461137233, -6.627344840125093, 819.8780079097406, 110.53781601184298, 138.42657524921793, 74.72580873071024, -95.08966136017781, -66.66644586666848, -9.592426216489988, -50.5479514875463, 1.653244234732615, 3.745201119954653, -4.859379601396518, -121.11789834115834, 4.293214551161943, 64.55228478461774, -134.12813956120425, -129.06718696212667, 50.98328812577385, -13.01649547672218, 10.390536107865465, 44.40656696876952, 83.01330513271114, 134.76670788083663, -98.54701536194149, -47.86976347324157, 105.34433904642083, -49.312247913134264, -61.80409425084445, -8.170918499261662, -100.64365795245347, 122.13495603789514, -47.492520675652585, 77.30301002789231, -61.6221078707368, 36.767087656036885, -14.904753485050083, 52.729791948519875, -159.054954250384, 102.86766326914552, -3.3743219051953135, 17.675574557536365, -164.43393462422256, -8.335745097197275, 74.85945879123348, 40.82641827536736, -18.740696998699278, -165.46062815556678, -19.73499566127082, 104.95020269949582, 3.4374469744244998, -42.204241617126215, 21.94476968482272, 3.027612985276113, 71.74579404694668, 99.75070003248328, -13.558939571232779, 84.71846461217534, -120.27880947496209, -79.0506692157744, -37.92966580360463, -77.21301358242174, -10.608046621623826, -109.7901023924432, -54.02988438575184, -121.68026221606738, -4.325687280700336, 24.828353508735702, 102.37996619274328, 83.02415760946472, 25.21527209848737, -104.45807466619425, 34.86170317103063, 86.84174598428275, 40.62909585976279, -65.11910119283453, 21.000097153847868, 122.417305105119, 183.43696603996528, 170.97461676383102, -74.83547535855234, -112.64299671459533, -15.48814846882782], [17.786289017460216, -103.1991986456132, 73.65500949693998, 63.38370902553776, 52.56344234718085, 27.95902408145941, -42.00790888222309, -41.61647767093534, 31.03214202294546, 79.4335751904544, -81.83503434674219, -56.38474692164588, 104.25099630635793, 