{"N": 100, "M": 6, "A": [[[816.1830860572202, 53.72557943209884, -131.01597573869898, -96.46540467861576, 82.41417919270287, 28.757422464254176, -145.35887667056522, 19.93396123492315, 0.5033209530383421, 2.5463403289303495, 28.074097187097678, -28.42937302270831, 37.8539660300408, 106.00960114486158, 79.65749807254035, 4.966209930526707, 89.67876793658063, 29.111311568531523, 47.388934623557624, -45.75416260408352, -28.990960208548927, 49.98562865068593, 129.9282494156195, -52.752195463600756, 96.85062181306606, -45.76967639478616, -34.40809334214826, 16.666920998850397, -31.606827200118005, 64.62623635327499, -20.830624704263812, 83.31674551243266, 12.121078549711509, -47.354395368410366, -82.24171240273478, -149.70012943484477, 39.5682082430945, -5.784305789006848, 44.08394696580451, -65.89336804023247, 1.4330264693497201, 12.06029543514002, 143.57141272467908, 7.252245769565369, -18.68383545831976, 82.84015880644846, -46.795020793186744, 161.75533935790716, -49.3483767318636, -126.18557102575869, 58.67994637653949, 172.88230886115716, 75.78544026109371, -46.69375654516196, -4.913560707563888, -169.68979476141257, -84.89347519328165, -42.0882750873678, -25.925335256961393, -28.135048411142456, -156.52519189921645, 115.13118596031268, -63.2909126357578, 20.691590075592504, -77.30587559843482, -16.944748942533643, 19.204743353653672, -110.8723637140396, -97.57996261871018, -11.141104778506309, 75.54664952736857, -70.49021624901248, 0.8768711843471642, 32.46072712739815, -4.887597992947394, 54.270369850590555, 29.789193668438966, 49.4816900577364, -87.87462435000772, 159.12907785107902, -20.28967140355836, -44.49490123224416, -89.26903267223592, -102.187345853513, -67.18994272627543, 3.546584499989792, 18.035872532269455, -57.272705790730456, 62.67889599857126, 39.60520603793515, 22.377934094938553, -6.2751658179649885, -40.078891284491604, -33.42314592241063, 232.99369296059692, -10.045313631091012, 14.945498422075907, -10.61566858373431, -52.8324877497693, 29.44590120561278], [53.72557943209884, 975.1283179774861, 31.97614152541944, -36.7292814080563, 8.205624781570581, -106.0782675970932, -40.654045786249085, -19.877270134879506, -72.24940794380538, 0.36776022280579757, -25.901552944406962, -12.186492228162178, 62.22759541103673, 45.08920325493225, 32.52915907426154, -106.63214335957159, 41.1654043602693, -115.91222273208616, 84.74995918254712, -17.069883090059196, -19.82695038422325, -54.181820291897594, 49.18051445112877, 59.5593437022929, -40.53216046127439, -121.90742763983677, 52.30664388121842, 132.7569968326937, 15.507281980176282, 51.62085056933653, -123.77623173934367, -48.98397947185047, -123.7939865110845, -133.0761745579856, 92.1747582042511, 118.3068456838924, -35.342211962357204, -38.194805191928474, 36.28604771230839, -45.11862563324264, 39.27186488999944, -5.626814526602613, 77.89350066716618, -59.86861459465393, -92.80576428554264, -120.37924598535935, -55.71394743474086, 21.719527116127445, 19.14752355003073, 28.25228089028298, 72.00364276429653, 3.004841727389718, -6.133192936410834, -57.57727832775679, -110.05997707906796, 180.13146421688256, 33.238870457919504, 48.81737830090541, -200.8738296378684, -40.36918650317939, 4.659560193108986, -28.564346901578165, 110.52375611007376, -3.3723829280969455, 34.61831511514884, 19.136623659491995, -35.017693758346276, -30.543151113439816, -32.57618785273179, -22.105662871119723, -97.15192039841271, 42.60728315855322, 27.21969167667049, 63.42836358926854, -6.402078708244282, -57.152085613420056, 101.01977320816803, 93.94684721879284, 15.83516199174368, 53.62147313807277, 183.488898810411, -6.838996711452684, 47.21804746125123, -19.04382839557565, -61.56445376989992, 44.54986791963792, -110.61975477796626, -62.94009125036386, -22.082710027531967, -129.79268576655423, -35.26085163544138, -72.96305848522138, -12.709218127761165, -108.77797486806419, 107.8114168970468, 100.53586655871914, -56.754878321927045, 102.80502909194172, -198.36050143012446, -18.43380805850359], [-131.01597573869898, 31.97614152541944, 691.3962726782314, 85.80222073813434, -124.9612071981127, -49.60242250309887, 14.765458687457311, 17.68366615659029, 70.25354149093398, -6.456916588362267, -39.32122148495854, 1.6420138835076243, 91.72198752685398, 12.350364981730522, -100.98785509024215, -57.696290671994, 140.00671807396756, 76.33205093125436, 124.54798421488371, 11.52506430953302, -1.7511491702967963, 42.306314501089595, 43.02603653269697, -52.730606983725, 56.13765570708928, -44.554683728243766, 118.41975460743832, 65.22262728327165, -120.71476778756546, -52.876542400061005, 36.07431651601412, -87.54320001775746, -7.198080455716135, -179.03675168909365, 17.78414307037198, -154.81372800929915, 18.449047410452064, -48.73264893541325, -111.74079706443484, -46.76806428961475, -112.32527273438738, 57.88194307622466, -37.84312722730194, -43.78721347586808, -5.609009727752084, 100.08325076658888, 33.93432180657146, -31.91342875356999, -56.213075771344336, -4.855660078955777, 85.58681553330685, 88.95081925060187, 41.51596833112017, 253.60605250290743, 38.9027461516578, -152.7190192108991, 50.249910115307884, 26.4933080917721, -65.49743193396517, -37.67032902463981, -51.665447098700234, 15.039574725035301, -4.424460808504088, 22.943158278617506, 50.66925619111242, -2.4241217175704053, -17.10087486433024, 44.40596451707581, 45.781105124475566, -48.606862195750594, -9.876947326494367, 63.86186261255078, -165.30074998598255, 5.7878536648367325, -10.435295316906949, -51.848585942189445, 53.63358277167777, -106.8924934241885, 162.33242835077078, -34.49476854322025, -87.72660470940926, 54.90918152296419, -9.175805561743767, 91.6355975725326, 43.28058436195212, 11.364698513591776, -60.80457078320134, 113.5949538511046, -84.35096380563479, 10.924598089964613, 18.210488358065533, -27.919210433357268, -21.032292666008, 91.80579894434852, -4.130148113728122, -25.001626963865313, -4.672111380794768, -26.21883087766648, -28.888103847359993, -20.08607582793419], [-96.46540467861576, -36.7292814080563, 85.80222073813434, 660.4878973819799, -24.197054853554057, -73.80947021753542, -0.7872455828530966, -24.81162355145321, -59.594660889187594, -53.7464899410774, -1.865592224562991, -133.53224675010168, -61.41782432488093, 62.574088242601675, 21.809000871479366, -105.87894061035246, -52.94869880449799, -46.72586433160231, -48.3618296039072, 78.5609431645472, -28.247274542337337, -103.14176117919143, -19.18973075629656, 10.878979339985136, -166.08263014534108, 10.44694151482115, 74.60958085062438, -24.323530081993912, 22.983233400033136, -7.323321664088076, 5.553027116681242, 73.64620991087047, -107.24376537533325, 9.500598478601113, 98.44640803766367, -23.133861606120302, 43.95778597713068, -2.666560734502311, 9.957317193151544, -21.17078911729114, -69.78535429761058, 55.52684050149859, 11.350073550274653, 38.389454872426356, 62.04628761093492, -32.78763801913979, 115.30931900330336, -156.48263257863786, -22.979763763872977, -4.381430099056791, 6.556198469798067, 47.48275912047862, -31.593154299007008, 81.52106930613655, 18.680966677476356, 11.121831441713528, 20.854362967593477, -97.14009061131115, 63.843670461045235, 100.84061073504122, 31.563678266157478, -130.4698508570758, -59.716629285561304, 111.86701040489716, 26.914772887228075, -102.44222021501999, -33.00646819904478, 50.22804102615595, 51.16398601827708, 114.61991772063934, 172.61116566431824, 35.424438053721836, 30.069159868569763, -8.934099060244726, -73.1624218238922, -23.042631252518348, -76.42332279060817, -156.6668535478213, 119.30578330407413, 88.76304312084262, -29.35613338288227, -30.56466301917934, -101.06186540049826, -11.986216897218528, 67.37473294343488, 37.16849406620423, -75.15744648563542, 16.32364886052108, -16.54363464524417, 59.58309607954362, 70.5609764203541, -12.97965655245428, -1.1331492088278416, -43.208436668825954, 63.89106919210969, -13.420465385590278, 32.79279599151316, -69.11081016284342, 7.537667927606786, -53.45819641266844], [82.41417919270287, 8.205624781570581, -124.9612071981127, -24.197054853554057, 839.2335644845178, 34.008557449573175, -15.637048365218549, 22.27805675598624, -77.96806516930569, 62.882251654374656, -131.92297632472085, 47.83071129929209, -34.79479009996067, -58.16333423699557, 28.71724959936064, -41.37012852275858, 6.375846897062816, -53.35193353162531, 160.75543716478518, -15.396747175725066, -214.39178555790733, -28.193858205890912, 80.69229886299262, 91.05162566092598, 91.46377452135377, -97.8868729415334, 11.951756117870389, -19.137370683768882, 49.541604733263725, 26.035432999497374, -37.85044373383181, 36.53149716093754, -3.905093409514005, 7.336897062846619, 109.08405480491069, -43.139389890435, -8.225668218768691, -81.82633932437412, 83.10783770552575, -47.01038458212322, -29.243103561698177, 16.992043151020397, 60.0462146329728, 2.3977069782408567, 21.570647548398117, -21.863117137809912, -203.68600952445257, -69.37173738282438, -38.911821579853786, 126.8418702056596, -57.02380580476104, -57.744305302108, 23.075985293087378, -39.047103896868805, -16.585172840608543, 17.8096993636788, -38.6174594652594, -10.962807402763588, -39.9101011159288, -8.055150367403014, 61.00117934102158, 4.109855432096654, -11.656498077551227, -62.95775784119333, -13.572754143101674, -44.94739297286479, 94.5288487484269, 3.217596576118753, -67.02957394554151, -70.39889479456787, -64.28895327747779, 29.772373628087255, -61.67276779969844, -46.59778956915662, -194.3031592273471, -63.06432671579039, 29.713466393205714, -20.10374567122173, -212.38806278561006, -55.55054418762036, 84.57776420919126, -67.96786331358712, -75.70820509107273, 22.5215246517578, -153.34560063257655, 31.971583452801266, 154.95403517282935, -108.86305507062022, 243.39767490334475, 43.764349012095, -49.20108571735801, 29.403116138644247, 85.4179069962253, 41.63394278172803, -15.66051710776105, -21.841772086261106, 14.376784384159325, -54.55164987831276, 44.69402050096827, -1.9183646957019842], [28.757422464254176, -106.0782675970932, -49.60242250309887, -73.80947021753542, 34.008557449573175, 809.1951012387768, -82.77877464572218, -12.489865698724815, 90.21611193970652, -160.20541863413376, 57.86356841022533, 33.227806103331595, -58.70732029620504, -68.1040031595588, -2.8154670032001032, -25.88234539673722, 95.13440236641793, -59.233295380168244, -87.82748609318884, -75.06181863939536, 83.52575064549818, 86.46672433972734, -22.846966025711158, -57.858192199637436, 47.3439231288066, -99.0880184833144, -57.87983487352136, 19.781908663300054, -69.84174772086418, -77.84452314927286, 71.51859931656031, -5.833231346741799, 72.33876072166595, -9.231880444538433, 120.49314984315619, -11.486029499639681, 5.909071421359184, -106.70528099192727, 85.24172119932578, 73.35617677486955, 16.869695368535588, 12.486199622322797, 57.85247176282846, 185.0173123941734, 108.99477564083531, 3.8253973783177093, 60.168213107593786, -52.19769904059535, 13.221588530418524, 32.73990306347048, -141.15925222273484, 6.609261517539449, -108.03481369553995, 80.84339178170816, 45.69714137920793, 36.301430048774975, -22.281181206968586, -47.590339507080735, -57.43187199089738, 70.88360137264894, 52.83211536164415, -33.74992522527599, -24.313344630489876, -122.37915765669806, 127.42168123656643, -22.983164352133556, -6.469833486305522, -86.75559662760114, -54.105144103964065, 24.763834155179232, 94.25986954802914, 26.721774514895838, -79.02717959816404, -41.33407956239124, 30.74147091709788, -26.38337934942935, -111.70607339303811, -76.79875244037149, 56.434374306372106, -113.15602125071572, 136.8574264300803, -11.53570059918704, -129.34380168740194, 16.808823200474286, -10.83433534740373, -0.8497563264626167, -90.7124021184902, -60.901832374668714, -31.241177500063763, 81.40902348476834, -13.223899798507432, 121.79283302872855, -36.43072155615967, 62.209084659449786, 16.956806423202877, 39.41345195284453, -47.62098498600914, 142.82817203395064, 67.07023461853855, -93.77753248067174], [-145.35887667056522, -40.654045786249085, 14.765458687457311, -0.7872455828530966, -15.637048365218549, -82.77877464572218, 766.2742325859067, -81.63957078467453, -45.041463492962045, -89.71333553025356, 17.832752748988952, -46.48722242589111, 120.96123363739339, 87.85522492043437, 5.153290394997671, -6.275054403002452, 121.59385418470266, 76.22750645930614, 156.75906512600818, -45.21278891040764, 66.51117014403289, -122.23651574930209, -117.6246568038514, 36.44134090855127, -25.794058919703495, 80.07209469226328, 11.673697309305222, -15.173155759118089, -16.44072033673356, -2.0926708985639997, 0.06543938042250888, 10.727647498616681, -80.3814986691739, 29.918784422789756, 102.02243379363946, -17.555201782256503, -22.65526032662406, 32.608813676315926, 83.74785272059212, 24.48857574630366, 6.029113658892149, -44.17522016663777, -76.1349215984786, 39.71660981741094, 12.75001436809812, -30.31705292246752, -82.37094548941222, 75.55571807962616, -58.264590030180614, 53.04467465325786, -6.686696677812458, -23.46406938621903, -93.61526510350616, 86.75113840868949, -11.355280877006948, -4.596938007783971, 3.06498676424999, -17.45083661477781, 54.66913283970613, -58.87752232669552, 65.72154521204162, -9.902281036825192, -178.34604464622598, 68.60138287965417, -6.098503475830273, 14.53619638938856, 61.17885395817114, -90.33663287591472, -124.57953353939185, -64.76727166240367, -46.54961524245263, 46.245452868389634, 68.3595233727686, -45.88402188128296, 84.44841074324995, -31.689200939830727, 38.73215997971758, 12.659522435564751, -44.16206300795183, -184.4704981543475, -27.883795836871965, 7.674000789354119, -67.32339830293768, -138.71339599653749, 22.922658119520253, 41.14318158606116, 23.97373364285451, 182.4497008041808, 140.0963190884876, 11.246305509084365, -104.35474525481618, -60.250454930753826, -60.7794580213296, -43.69077853042499, -151.46745363506088, 71.45817781444185, -132.05249164492213, 17.991075914788237, 8.74934867240066, 86.4559462437139], [19.93396123492315, -19.877270134879506, 17.68366615659029, -24.81162355145321, 22.27805675598624, -12.489865698724815, -81.63957078467453, 918.2711336832931, -72.58230267218377, 90.01239752333208, 50.121622998815944, -5.404751976762526, -49.78811127702099, -3.1631318528862313, 38.83344008061365, 27.523339635732363, -185.34142550017052, 101.56843005260626, -25.84481245250941, -28.40954422415358, -59.39495305848108, -35.55088625761709, -45.88454990731735, 179.92985972195325, 72.50883862523283, -144.09550656481883, -160.34395520411852, -64.00471094697745, -26.60362070441339, -74.22353214577736, -86.47484613737535, -63.29646483538699, 98.86067199400824, 31.341500174573365, 30.257759990641738, -54.8198011537021, -21.796353088597744, -39.99209025265338, -107.37254898117186, 167.7200389961948, -73.55538741105542, -1.1304295878777175, -16.876192375738356, -117.41383867866111, 18.281073792055555, -99.5844228089127, -34.34288405529421, -25.73005779368039, 42.59552496456746, 134.4349530836713, -29.90511742127988, -87.54620635931317, 17.181119338897428, 113.30974205549782, 38.865248321001545, -139.44527661273, 85.68261164639762, -119.7774989088229, -28.460755165164176, -20.891737001843182, -73.88268012470972, -10.148783061790327, 97.26380475219649, -70.10922062470878, 119.41110404611754, -1.6947394172572332, -39.362828301848715, -52.682685285286546, 63.95221187001726, 59.9717950764287, -22.540775388233566, 31.75938851891998, 110.2387965155813, -22.23101025555232, -113.90284740281295, 67.58195261374438, -42.352801047132914, 53.94122610943679, -27.610750985400948, -29.900671034449722, 1.3016018428113942, 40.95618395666491, -71.16675945088565, 3.598843950447239, -19.774850090800037, -8.16247536224407, 17.56516581509327, -4.6918399722447015, -110.89039080349063, 1.7787580877155194, -79.55411310825947, 92.91805181073447, -96.43270618227761, -21.76349937252506, 110.6373841213741, 262.64290099048816, 67.56644505505018, -112.46330694641732, 24.892325156497698, 133.02957342035546], [0.5033209530383421, -72.24940794380538, 70.25354149093398, -59.594660889187594, -77.96806516930569, 90.21611193970652, -45.041463492962045, -72.58230267218377, 955.8111443244246, 20.138645451954186, -21.932843330266373, 82.43600567501328, -51.03323761645028, 2.7127858865517176, 7.2453215192824985, 3.5487684215952497, -83.22147450399594, -47.812757514415644, -67.72359832043695, 58.37498420492169, 222.42829041305964, 87.7157534399613, 96.04558411858508, 64.70721846689672, -16.495941146499288, 40.73572609927599, -55.681217521171455, 107.19151881329444, 88.74454693639342, 17.76320599321836, 55.85708659049743, -74.32944025356939, 5.884394899692943, -28.411399449786035, 18.678790754143918, 4.0071698126730855, -4.609434405104295, -10.346704633815072, 212.26281902787156, 59.248141246825234, -53.36301247333315, -79.78333583016085, 2.5454839130057185, -39.384051819024855, 142.0771716087548, 129.05996319270275, 71.89814430058465, 68.39239807288308, -23.090725541640108, -69.19181937058448, 185.59647731106298, 118.47315128480454, 55.25433188510486, -61.042182706990246, -88.58586726167745, -110.0396800537073, -86.43427425795164, 76.29836957159968, 90.53521019839494, 157.23095233335465, -55.43623634410772, 54.94385979909541, -103.10021732369177, 2.371190025115351, 27.906764577721997, 42.77642166950217, -97.27181241068396, 4.89631408980376, 39.08468136203547, 79.3657218111627, -39.99289488730535, 86.9060260617998, -13.325598183370198, -16.27109986919463, 4.6873051450567935, -30.735364550233665, 56.002948854890796, 13.567738612959525, 119.18271516810006, 2.0545114931156125, 11.264194413652705, -136.37798013176328, -71.10891045085782, 93.51982951244447, -61.49553499238451, 67.81779292928078, 50.216940837774025, 3.1823882191738373, 45.882664799847156, -52.1989771857853, 118.98480878431181, 33.238881934748235, 17.210033870018222, 47.70485758880066, -194.24339804410886, -32.841366010023236, -20.163276626692586, -1.337989277577898, 82.46782574031437, -59.29777316502084], [2.5463403289303495, 0.36776022280579757, -6.456916588362267, -53.7464899410774, 62.882251654374656, -160.20541863413376, -89.71333553025356, 90.01239752333208, 20.138645451954186, 853.1815177779778, 75.25428970397311, -122.2862890965455, -53.84932263543536, -116.6290070828379, -26.678063296823293, 57.69121531744903, -86.16061303176502, 2.092762208199771, -51.686349224678146, 37.37886737727379, -21.97322034390666, 50.835735247695425, -5.432874694472145, -57.72664769219591, 51.517725419825226, 53.97008021607047, 13.60444424292972, 57.89273306155368, 52.42055768310344, 181.55943749036035, 53.36260710430644, 72.52766805805682, -96.87697184510424, 23.572847126917242, 46.84307994654495, -59.43235986352806, 50.34871408278118, -34.28363467378163, -89.45959693005167, 125.90321782729367, 85.69116524295771, -70.48386182230196, -127.55856979586778, -70.97000502216348, -65.74253092208929, 70.06119373358628, -89.06324686862312, -24.69525504465937, 35.55702099038656, 65.35710439720135, -83.60864639997084, 4.9536482639210435, 8.906252918740114, 32.42744095208996, 41.6046733490006, -87.55064774849285, -20.819341812013207, -9.293756742182579, 22.902942873635617, 61.49803180960748, 22.09843645801488, 21.11109448916601, 37.24719971602643, 157.98905312170533, -14.95611195575376, 23.619207865141615, -29.99956561951752, -103.47408610477902, 50.523354801068386, 6.678316969088727, -103.24777314741303, 48.73988533037076, 100.79427697094744, 40.69847066343435, 26.874526026137723, -142.3431079264318, -14.806812497457743, 73.75846462750638, 25.487450955733458, 101.73845012078856, -32.390041404826306, 22.502624996732248, -8.102176607391243, -1.3535524413699784, -51.6987702234373, 55.093887420167846, 19.930934375614964, -88.44336012265285, -36.885639553007366, -68.82199073776543, -64.95504363542837, 120.52918845348293, 28.27546357141451, 58.53763860033109, 60.609531712030204, 11.62039693177719, 45.39029749986077, -53.22153835292907, -7.065885150769609, 98.55832203877203], [28.074097187097678, -25.901552944406962, -39.32122148495854, -1.865592224562991, -131.92297632472085, 57.86356841022533, 17.832752748988952, 50.121622998815944, -21.932843330266373, 75.25428970397311, 1004.7802940074721, 41.460200996911816, 19.68624431441687, -11.064857114995785, 16.195548255482326, -123.16700730368336, -103.3800700307252, 18.466608127906532, 47.024065665113504, 12.823974647555723, -105.57344318601264, -33.85591214053725, -43.279649665481315, -141.23340814910696, -29.183196321354785, -15.391991133975472, -35.17629340306722, 7.991089499614521, -73.33243245617693, -49.900642475245085, -17.164748526422454, -22.245700667039713, -21.76996055962514, 80.08438439846576, 6.3543023676373425, 2.369439825559888, 164.49905819731535, 57.048288904918685, -19.6945708446569, 110.0301981049013, -57.150677475532376, -18.85040945015114, -40.71013467050135, 108.00073042771733, 150.47292003341695, 65.5472752181051, -6.896022862027104, 102.75790885229924, -59.92251201165023, 10.026938958869888, -14.917062084448514, 127.99396916797208, -14.092329535315862, -61.36874398772476, -65.70409489549137, -125.98777120155295, 8.68761034736764, -75.00128156317527, 56.188125718405374, -18.841002215424716, 53.98088932472028, 27.888514028809578, -19.070326015290707, -73.71971177147533, -18.9667063951717, 153.38757182353177, 63.85980608547449, 58.44182247394834, 126.52481367049181, -3.8869391051295636, -25.9900047922637, 34.564581504018825, -11.511386206643905, 75.33200519996286, -30.068769710395014, -36.8883182027897, 0.6884360835744653, 69.44283709637214, -60.33371410772872, -133.45129636000448, -142.3722757559492, 29.709470325878595, 59.8518777631513, 19.76625157602527, 41.640704114681334, -56.70354712711419, -71.34051234321726, -175.20679709863413, -34.5051852081266, -135.1234738097596, 25.340057777200027, 6.3529364275321205, -79.38539915496018, 22.23478365162113, 23.013161297380453, -26.717096703288778, -53.50443122951527, 67.1241088737674, -8.1011226890826, 4.870222407182514], [-28.42937302270831, -12.186492228162178, 1.6420138835076243, -133.53224675010168, 47.83071129929209, 33.227806103331595, -46.48722242589111, -5.404751976762526, 82.43600567501328, -122.2862890965455, 41.460200996911816, 891.7944579073985, -38.292959267775686, 19.42065321100292, 65.21748403284128, -22.907279690110034, -62.050087045788075, -30.373486436328367, -54.38239633887362, -113.10355799738358, -149.7177717411787, 0.5628720938729848, -11.55750013640083, -10.701538095441911, 26.091461817565154, -22.493130726028845, -59.131817812272224, -0.5197667861290466, 106.10941959331086, -33.693375492048176, -189.3624994507726, -21.476610719182784, -89.98851553055243, 13.528728161771467, -106.73592196158963, 100.74210220699591, 74.2532364303903, 12.412537194285871, -31.49621029221202, -37.09849334757266, -53.72331893473294, -32.71369701790338, -82.93745130661866, -0.5744122190061204, 114.99257965056529, 12.876075358580412, -48.58489144986404, -100.61891583784501, -87.33877849894397, 15.088336462064944, 144.63744811491432, 74.59643537128574, 34.776989905811725, 57.15735414512732, 36.10812759035375, 79.1761696686824, -23.990782148917177, 133.47948414602223, 2.3699845061834535, -82.18296701424363, -107.61372299563698, 38.21130666361018, 37.42886065403334, 6.571470112402002, -13.617931530190836, 24.523405365132888, 112.4565055256386, 8.353671128921963, -18.68535894942288, 0.348651974406824, 73.51446765359094, -16.64596425379455, -339.3715066372681, 91.60615190352866, -67.21696484930104, -21.980992829266874, 166.43312755524445, 31.00418488927657, -36.56927227323445, -183.5709754507885, -20.399005202452372, 3.4798640655626496, -20.90902807676551, 51.94365493239745, 60.048443130136775, -94.28556202436633, -26.316754343768565, 33.37824349293282, 31.179203596900507, -42.5144022608475, -11.566953415064582, 3.9713057800309546, -10.388373747997159, -28.224944727211327, 47.08213099827875, -60.678833245346425, -24.791819450838577, 12.011683280876294, 61.12585184665209, -38.18865506399294], [37.8539660300408, 62.22759541103673, 91.72198752685398, -61.41782432488093, -34.79479009996067, -58.70732029620504, 120.96123363739339, -49.78811127702099, -51.03323761645028, -53.84932263543536, 19.68624431441687, -38.292959267775686, 801.779922954443, 88.15082756467447, -0.28309584084485423, -103.28330239960373, 60.02644946548665, -44.670780731506305, -8.009975496034883, -40.689134183758874, -47.84061931016792, 54.98021856031651, 94.00111125570866, -84.79348329925935, 106.44580076505277, 23.834450647378027, 124.5422107830063, -126.4070967268772, 39.159206463509285, -48.97195204269432, 52.05431780500002, -8.702083830753594, 62.92743436408277, -157.31986558568067, -46.05088670481001, -78.12266981824311, -87.65524566679754, 71.64663730988617, 197.75082769976197, -131.50519069480617, -111.59735635449479, 16.87295603894816, -64.95707044656726, 29.163902629355007, -5.010451507660128, -34.51763158362196, -35.45653659003325, 134.99496330246714, -105.28025913471814, -12.846223002732911, -79.02545486125437, -77.67969237602269, -3.9076287886203134, 22.196308010819372, -15.838533503033116, -136.39352129225924, -6.208413807474231, 112.48927233217414, -67.98073911117703, -74.21894653912884, 31.017182242176393, -3.5406149243639535, 33.41530429235723, 21.710749960797923, 45.3334405842876, -22.134032316558045, 2.0645478848928196, 77.53238775407358, -32.195960065247846, -8.378520021553252, -123.44931386510665, -69.38673478794612, 76.29519797406004, 4.040351153893585, -45.95457961066381, -58.75584378748663, 171.08235964712765, 149.74563628097297, -45.225665845704526, 14.071477733423018, 1.5102963025114666, 56.137917704920056, 12.738039912005638, 3.6209716690920444, -0.8860978951289985, -125.1457190185615, 0.4158227218681413, -8.201593305668341, 7.128327564929033, 24.835617418038883, -88.46874894909689, -26.270469336737353, -75.71112294013916, -13.625154738787906, -87.3812499349406, 142.5827438964296, -81.748868424681, 99.40499164922231, 27.006107325417876, 73.62969855591626], [106.00960114486158, 45.08920325493225, 12.350364981730522, 62.574088242601675, -58.16333423699557, -68.1040031595588, 87.85522492043437, -3.1631318528862313, 2.7127858865517176, -116.6290070828379, -11.064857114995785, 19.42065321100292, 88.15082756467447, 743.018518550956, -15.678234481311245, -49.766027059996155, -85.16012483238909, 57.35304267137709, 70.14524967059717, -174.47916308968726, 7.728945278580175, -95.75905144637048, -18.281247685301246, 34.90612569522187, -41.17154546771937, -6.034933571978487, 108.68116116410268, 70.35383886915861, 134.8332745689475, -121.74522747588617, -169.92641157304132, 33.592274504697514, 15.7527384975366, -4.589086716691814, -22.508118675373094, -114.69154683059881, 120.07169980127257, -62.69248660726439, -57.05040885275715, -46.66752920595561, 65.03765963555297, -32.03425103490873, 43.79817730976369, -2.8573348894845854, 102.98441782700745, 25.59803545247376, -125.43738396322868, 30.45733011606004, 87.64035184569204, 107.83928843236335, -71.03231644398001, 63.268182122792375, -85.09553084977162, 95.33820272216445, 75.56373491800906, -54.101383808201255, -34.57709431399009, -13.726088321250469, -21.503780140859337, 117.36917213577476, 11.603404338195876, 50.21078625490956, 25.592570312690782, 140.4613554718336, -87.99667601100339, 13.687454380179323, 149.79802073481738, 12.024142239596793, 48.31342117258351, -59.29721740476643, 18.658665697788688, -2.5995547676108695, -37.20283744091831, -188.27535069499794, 11.853951111705534, 76.67459544102921, 73.84131882338144, 124.05761834496975, 1.9213883842156492, -11.095816558691586, 39.42119458075763, -26.087358230319364, 38.486657918598624, -14.797424440039233, -3.3104806491885554, -14.11993680453847, 30.23304751252724, 11.44961468336451, -67.90097335926279, 31.92351184729184, 84.07173592204411, -91.97916697963755, -63.3224627650734, -39.4314002732873, 32.869677849878016, 0.027971791984429877, -55.42896202500521, -10.993574998760444, -103.0888477129495, 27.16103031939119], [79.65749807254035, 32.52915907426154, -100.98785509024215, 21.809000871479366, 28.71724959936064, -2.8154670032001032, 5.153290394997671, 38.83344008061365, 7.2453215192824985, -26.678063296823293, 16.195548255482326, 65.21748403284128, -0.28309584084485423, -15.678234481311245, 856.6937955187998, 65.03413700072973, 56.72553630152039, -46.68675401794076, 90.7831426076061, -12.555097555249521, 83.507062593771, 62.42427913419871, 64.6208961892882, 13.216849896391503, -49.10745731031875, 18.75700092006744, 42.474132512235556, -53.02200203595126, -73.28567592981679, -147.2021463097345, 84.64128663825394, 8.91886739488515, 82.6009932035337, 65.27076590035838, -31.281242283144724, 53.234522486786474, 43.99075721028254, 50.87853065457022, -1.3729853821614446, 27.578455836175497, 19.997264527181965, 103.04756134447877, -5.5753426452210935, -19.430856136923595, -94.52202156600295, -116.50269244511382, -34.16165529426168, 185.96748199544737, 18.48303604775622, 80.16902413078418, -16.560363029297736, -78.66920963586371, 0.08260081113300806, -69.8211330948372, 91.06279132401959, 34.07859016281809, -146.3320109966049, 33.74404250495963, 157.64666823943026, 16.66390599597498, -65.04140402767462, -74.65059313951312, -107.33434875341652, 127.6970424572511, 9.66154940807528, 8.587469805821303, 31.371124630910593, 34.30145610261988, -58.38856589662587, -19.807037274998564, 3.8480680245335863, 144.0627824868315, 10.863464651681436, -106.30574358622803, -118.30168831197172, 53.44664116175461, -50.597690279277, 15.59836840953823, 35.23076567227528, 23.799691745897356, -59.837396970733, -25.739229201288413, -150.59947800303215, -49.70743772115007, -122.97876064801956, -52.940326086057574, -112.71788123044881, -49.128100576153855, -10.583951069929752, 136.94840693147304, 34.05204170895414, -89.73771263679157, -33.08417009275496, 41.1219716851205, 65.04812819738272, -72.49102378834225, -122.786886558569, 20.466353849386362, -86.5939402267412, 7.25334234531082], [4.966209930526707, -106.63214335957159, -57.696290671994, -105.87894061035246, -41.37012852275858, -25.88234539673722, -6.275054403002452, 27.523339635732363, 3.5487684215952497, 57.69121531744903, -123.16700730368336, -22.907279690110034, -103.28330239960373, -49.766027059996155, 65.03413700072973, 892.8646493594922, -91.17222758504498, 33.777296533361664, -20.63115896101004, 96.86969085987498, 88.92988970128536, -7.774397728523903, 102.85371667796515, 56.06811882983996, 117.0125000269679, 82.971134092024, -44.66050491289257, 17.548188725959697, -43.76178666404149, -70.13326925689263, -36.34986949558378, -14.763847287991725, -64.47226334037315, 98.37135327763897, 50.24515189432287, -47.264154237710855, -68.45292972598386, 1.5115883059945863, -22.632812473821996, 54.05943506326994, -152.1163831389529, -3.962094512251153, -98.69418553094869, -145.70482979804962, -71.05995416822103, -92.54373797710304, 2.3022103892812593, 13.232245867001891, -4.759941217119258, -77.80219345906738, 3.4498693002807648, -20.980558737442983, -114.8949659172452, -121.7463205138664, 155.52970103467396, 36.9347346647372, 7.311051614973261, -58.411939035645325, 15.43894439456151, -111.99951820439989, -59.94067825994248, -75.57398404089395, -122.93968629339652, 71.39719385906037, -129.76822186197467, 86.62032581035047, 14.98379194372995, 100.20903062259934, 33.748833730915756, 81.91404087435521, 36.87471995446934, 70.70326922673779, -18.082132777890887, -14.523479049998032, 61.744153692116775, 88.05915960979831, 42.88599899239439, -41.531957608731645, -5.541521209624825, 163.60795741384615, 130.39999436555937, 20.897579554389644, -77.62296703792882, -37.06821684560127, -83.8972586008659, -101.17536858048503, -26.272279371331393, 5.570836732731884, -125.83451919450164, 68.79060480569548, 25.72309234474828, 170.93914807076945, 71.30264728709454, -14.021333790794392, -67.19148398889523, 23.550664738488575, 87.51550600234668, 45.820556987729006, 5.179374885650701, -100.15143698452727], [89.67876793658063, 41.1654043602693, 140.00671807396756, -52.94869880449799, 6.375846897062816, 95.13440236641793, 121.59385418470266, -185.34142550017052, -83.22147450399594, -86.16061303176502, -103.3800700307252, -62.050087045788075, 60.02644946548665, -85.16012483238909, 56.72553630152039, -91.17222758504498, 949.3432801231745, -136.16541824964844, 22.045462373046423, -27.369606777430388, 174.8416378643252, 42.93730881567823, -69.64637201714783, -56.4728223225843, 87.52356953655787, -29.469745275468497, 54.72194819670465, 0.9848199037031022, -105.39965361578555, 30.038930695397738, 62.89696520291413, -11.36346949193902, 52.690448242281235, -191.87057616153064, 75.17097172807665, 26.19587860058856, -48.27960436094494, -51.53910320271678, 49.6066401149713, -37.9517458450212, 49.157386100345505, 9.469896447133301, 92.82425867051708, -3.828240974238312, -167.43199971658365, -203.67310312862628, 69.01547775828273, -15.595101720644402, -80.82673014138201, 157.9687371557154, -21.071390583628986, 11.45012762301738, 47.42559935231403, -22.83042481974539, -31.77524384678202, -25.92014168398796, -28.997493621897526, 55.567043476929356, 110.72252613436179, 6.581665036834565, -43.615655350754324, -10.305921674463683, 53.73726074396238, 57.18601785073293, -108.94299827665557, 74.32329820204647, -26.448701428981384, -89.19514651543597, -25.546075819239793, -25.490019847260175, 42.40566708823196, 72.57131721750574, -36.9066673097984, 14.829085993304767, -29.479492632497685, -91.0436636123025, 49.61444896128107, -89.50111655150252, -123.36537375101663, -34.40054631828375, 11.687227265452432, -44.84136359020534, -13.6138382295757, -122.0579473873218, 71.39105004954496, -101.95955584861159, 131.11465634406127, 161.11842899961252, -23.584138802471145, 13.855668460889065, -91.5110436159663, -18.24112212020523, 80.39550702408845, 98.95426487485415, -19.638369775522495, -22.344471435810625, -20.04256206818501, -91.93044525000656, -47.86825131904224, 11.524422771305677], [29.111311568531523, -115.91222273208616, 76.33205093125436, -46.72586433160231, -53.35193353162531, -59.233295380168244, 76.22750645930614, 101.56843005260626, -47.812757514415644, 2.092762208199771, 18.466608127906532, -30.373486436328367, -44.670780731506305, 57.35304267137709, -46.68675401794076, 33.777296533361664, -136.16541824964844, 932.6566627277036, 141.1395836915353, 60.55388156005844, 32.84240914556979, -103.0787288897733, 25.65961385609217, 18.342883540603932, 44.183527844377934, 61.66177486349576, 10.50337609880643, -48.80563094299334, -39.34684529196963, -157.39672243783133, -132.2452202811618, -20.748398323853632, -10.250029067439822, 14.256818367620182, -94.62204072643004, -97.2291727598083, 26.293435366039944, 83.80957697600026, 99.12834101277986, 14.9766601992261, 11.784429415421647, -44.57521473564439, 113.50711793909586, 2.7240091416771204, -31.051667012747235, 82.24691573010158, 101.40704798264653, 67.06479789031455, -9.028297175430883, 19.382318318321126, -64.68513558177627, -0.790904492386779, 44.737333447707734, 15.733049547051094, 27.61803680620338, -80.00691300643815, 34.80823497656878, 52.54706753299375, 14.535399739807561, 38.74131711196865, 50.288089139854826, 34.45839525398576, 66.86567805556274, -79.10582424543088, 25.09980230208189, -32.606990012397816, 51.16773767910659, -17.442621462700647, -66.47909784417234, -40.00816642483337, 39.5559556760158, -85.24873020006495, -176.60280423567826, 139.41855631676717, 98.89525029930547, -46.50571232256812, -22.280781592327095, 39.862051962466126, -84.23427839945079, 81.39114065702066, -90.46711890402342, -7.2695723961493215, -24.805884574176527, 94.23397782545334, 29.398909787993738, 25.049342197292333, -7.466468048049731, 128.18596234636098, 49.31594794799145, 45.8452719301299, 45.541189380853126, 60.42802109098505, 26.810686567220618, 3.0058239463050698, 60.79595907381152, 0.4207126198464901, -23.8650048593648, -120.30691121231902, 49.931041242527314, 58.68651881163874], [47.388934623557624, 84.74995918254712, 124.54798421488371, -48.3618296039072, 160.75543716478518, -87.82748609318884, 156.75906512600818, -25.84481245250941, -67.72359832043695, -51.686349224678146, 47.024065665113504, -54.38239633887362, -8.009975496034883, 70.14524967059717, 90.7831426076061, -20.63115896101004, 22.045462373046423, 141.1395836915353, 759.9554322535611, -92.11174290280819, -40.967709914515936, -52.87778639690657, -96.45653068951097, -0.4508726126913384, 87.34149293938516, 4.2983459038468235, 168.97691889168013, 89.76250082469087, -71.74132625526, -114.14861751564446, 20.242016890776128, 110.85662530486452, 138.4728056728025, -9.14550226119937, -4.372671017271195, -88.15637735527865, -110.37661200026997, -58.45458860922653, -1.9495560013533748, 114.8457862496773, 45.17984912128072, 14.193433343989108, 126.54340492693551, -49.32610220019984, -158.85176538176012, 97.23277157727895, -82.95265261446849, 91.90214260868605, 64.91667290908437, -67.11305520162274, 135.6816042000527, 57.85858563253268, 94.34035753010566, 38.05963380939236, -8.164977338286358, -76.33034267352306, 47.51396352435593, 9.059660871014188, -35.777605813956185, -31.186229917072342, 5.822453000205284, 65.6434774919729, -88.40878502760312, 38.60258088302048, -78.50193785363943, -67.56423623007205, -26.12072342137431, 20.816955922528432, 29.536516187099778, -157.33294967208843, -17.764401533369504, 171.69266978793326, -43.39242971956706, 89.54946699148832, -39.767370773515246, -132.16179556628094, -79.65299549308, 10.281428355121639, -64.93278321852677, -19.301820079948207, -54.924009018471565, 140.20522202293532, -46.133864234780624, 52.93626799316367, -56.10416201087152, -21.899815304752753, 79.53005761915806, 74.69440477753461, 98.95896838016345, 19.77093810154452, 0.589860228778881, -7.395348709207196, 25.405661248168673, -43.518382571640096, 51.54382922495041, -116.71276583680225, -60.100166844002956, -27.313439598536352, -1.8660315600793, -58.086483690477046], [-45.75416260408352, -17.069883090059196, 11.52506430953302, 78.5609431645472, -15.396747175725066, -75.06181863939536, -45.21278891040764, -28.40954422415358, 58.37498420492169, 37.37886737727379, 12.823974647555723, -113.10355799738358, -40.689134183758874, -174.47916308968726, -12.555097555249521, 96.86969085987498, -27.369606777430388, 60.55388156005844, -92.11174290280819, 916.6306063626068, 41.45554296109218, -123.94851258486484, 129.33082608779728, -162.92575964856044, 50.464853070630774, 45.28915170173896, -135.37237576514616, -70.51938960730988, 142.50770165182055, -14.172439903120841, 153.2246446911638, -132.41161305356854, 60.10839701990673, 43.25172496064014, 40.48202728326539, -66.72496341876688, -94.85303185991606, 137.35538529570692, 127.69689228249018, 29.104321989576434, -57.72694954062062, 49.5557786688129, -5.8559534037009975, 116.96219748347887, 37.17872141765975, -31.58179783400246, -104.82316369232625, -124.6553346614969, 4.483440488976185, 31.266595340405743, 22.78134668192081, 21.34674878866376, -1.5429523889661159, 70.9888643539187, -60.695920516957905, -81.3242091549641, -122.32951165150044, 54.83786950713916, 47.25236945820679, -115.16715595736443, -46.445586503047146, 71.19564477932387, 156.6335557799675, 39.012264573408075, -79.17971767111952, -17.456370523750447, -45.8268324497134, -3.050581386226743, -27.429225445404608, 5.347239535141619, 111.50523560421772, -97.15246768605985, 28.357321172085662, -54.71726012189734, -32.027988881851115, -60.702127692281366, -26.476563755930012, -14.50410621626749, 3.6721370928411834, 27.323095072507236, -48.90804474770887, 59.166052528809516, 28.95572288627968, 69.08477449437515, -18.12544596174205, 72.16861072946584, -24.673710760214306, 8.00396786663383, -14.35373410649369, -42.810215239160534, -4.422841650959951, -27.48190653750045, 55.192511264789054, 82.60894599002928, -169.79710671844632, -35.356870893911974, 68.7776734830655, -92.53674133604116, -68.45316136790012, 80.03528142881983], [-28.990960208548927, -19.82695038422325, -1.7511491702967963, -28.247274542337337, -214.39178555790733, 83.52575064549818, 66.51117014403289, -59.39495305848108, 222.42829041305964, -21.97322034390666, -105.57