{"N": 100, "M": 6, "A": [[[713.60610116082, -1.0709533303922991, 86.41983708800444, -33.29113852320632, -4.803598194980773, 56.892520340700294, 90.39343762440186, 26.410462394730615, -33.73916565439763, -61.04667750475441, 87.70122800406031, 132.92477740133222, -96.03165091121737, 8.657826434285258, -44.2377968017137, 114.21478370612799, 49.290824826516726, 90.67196869052263, -34.911632441287736, 84.83245846225037, 67.32701068592843, -41.2603063101925, -126.02406249417191, 54.37919259812585, -30.954043123191543, 66.41906616722585, -169.8816313694073, -45.30219893857038, -25.3065398952544, 12.55790563311044, 56.218926746948014, 134.59525275240821, -49.49245123998491, 25.713196208116106, -35.492321360312765, -164.24440878896576, -12.536051577057448, -80.61623506777154, -48.53156092598722, 95.95187486212305, 49.138506304971685, 5.112816505917511, -107.40677830100522, 2.1087940184404013, -28.358792671315893, -17.390956321901637, 48.556996191799186, -126.87900743916686, -37.31181997631851, -26.89766795436037, 138.73610788609022, -69.74509004658285, 79.59812422661864, -70.21388970448675, 130.20202197563916, 79.3961356544247, -46.326124987021494, -116.16697557897727, -87.37141394512562, 25.204386950568136, -22.49366398226281, -36.521530473781745, -0.42489988078722774, -7.8909939907604745, -117.4670964944029, 92.48011744643365, 64.08030554775925, -24.45417233966835, -21.872956661371887, -68.85768302902007, -75.46244459818452, -34.787633701224244, 64.93114778956561, -102.80434647280131, -54.92090761658415, -77.95830336163107, 152.52959432500245, -45.733619894350284, -7.769861998289939, 101.7426574651167, -105.82355077638137, -174.30621148578024, -17.789030337525766, -97.7439051541617, 28.347561851157113, -102.5925680488484, -65.00325037559811, 32.636719832246804, 39.85388322837518, -54.398108507508155, -10.307609729403962, -26.293708556929012, -6.83733947407983, -5.8973941087588075, -93.22215827938172, 19.231373027120732, 33.24037417356386, -91.316614614601, -77.84354370504234, 81.35529065118212], [-1.0709533303922991, 986.3661174702094, -163.873338525332, -71.50059971000805, -31.288281644759724, -47.94136700116304, 32.714382139311745, 34.91770829000232, -102.14117224713391, -5.644427246945709, 111.63534625540791, -42.26659484455604, -72.89431197606783, -37.60253220786288, -82.77530754267919, -127.66956238725844, -34.724662135594244, -89.95946276647682, -233.88704405893026, 15.193386824085648, -27.186520127186473, -54.3122997315595, 15.59033333789021, 65.53293696296033, 12.82900456352299, 100.28209760276607, -34.21584956734069, -110.48779012369319, 17.681114314181727, 93.99402071616383, 97.27007637071993, -38.22420630465614, -24.36015849630696, -76.9840031147405, 13.556535613513558, 228.69272744223065, -24.956939231731297, 91.26041180645588, 17.82469151422135, 130.38670901496337, 50.360856411372296, -31.919680126116535, -25.26847101831389, -4.368071928674243, 126.47547650190404, 89.6581518006173, 101.28313600965085, 81.08073235753683, 15.257457582684797, -32.861417943913715, -54.398867343414665, 49.900938686560245, -84.92637244800746, 70.76550120610408, -30.108681113126607, -175.5924982692721, 46.55877203291466, -122.54681675515693, -15.01818152487053, -65.71839913488878, -106.68353551990292, -82.5984721506926, -104.91647583382819, -79.68204423819071, 233.3784763719691, 74.87086828629425, -41.13700628280652, -0.4595689331079439, 25.482491525973376, 149.109288933006, -19.862781461509087, -41.66244824250012, 20.480409362090004, 23.886350097287938, 22.401961397978653, -90.2468981960387, -12.799684077059215, -131.69037339485968, -13.193337812163714, 108.15834632133794, 0.9620958838150533, -98.25154514771918, 47.062613200135964, 89.34607022962314, -45.511466117041586, -43.81752676983867, 119.27041020557141, 23.47177101022849, -2.773802089691524, 0.8944726240049486, -24.3176809966946, 6.844089420428483, 0.6013452037514362, 77.32597926479332, -121.37218632833918, -29.80877546931291, -10.262882936533313, 0.6956981260667339, 95.78442724297982, -89.84600838825571], [86.41983708800444, -163.873338525332, 1126.5573148921826, 17.286760587298676, -119.50726184835362, -114.42297396335968, 85.02766570929583, -6.9067071374481035, 122.71934723887979, -68.431124330626, -26.960450940959987, -45.71342454355515, -24.762456318851765, 94.13145167053187, 81.48612923520618, 22.635462819765674, 11.368778301544053, -16.646677131971803, 45.181663701818074, -63.088551682849854, 60.12577894878045, -132.63925062081108, -170.22305852254817, -19.983403696632283, -17.155578842971508, -110.18620327976124, 69.40121525379136, -68.34336897891743, -53.22894948450743, -122.78720256695084, 252.24242257633156, 111.09800265463494, 155.75040468570973, -35.19695121692871, 96.93847705005028, -28.222775888736034, 53.416680755454756, -108.36867873493965, 108.08988791891073, 51.82967978407982, 91.43579553365491, -96.90756433353756, 3.730145749981396, -71.86437694349603, -14.184860786879073, 24.07572643338639, 74.88213726757449, -145.68346523768705, -6.617462060527728, 67.25824183587642, 109.72504767276955, -41.44222538996943, -48.64222129024278, 85.41518242156542, -17.901692062326, -61.406609764069884, -150.4286983368278, 29.527299372375378, 18.334438591506714, -29.00567584990326, -7.278831056196673, 41.65508307133804, -169.07490134268838, 2.598553978200829, -124.146256380964, -146.21467378425538, 56.35316808088308, -111.50629573162978, -55.98827609930594, -32.374184211400404, -76.3447456291246, -20.948093439191783, 31.566750142095408, 91.92713855780354, -235.46125495910385, -31.99563198823495, -5.357400226321693, -19.91241704064868, 5.971206693564041, -22.411885401385526, 47.416759750828945, -7.50217644880951, -32.15329517999559, -79.12561025566336, -80.46431731424981, -81.48114795664321, -49.45625730724075, -114.81579481432767, -52.279081567274964, -25.38366346408306, -119.58124116689716, -21.118212642615145, -4.859972509215963, -32.525342026283845, 39.6737163417621, 59.02230799047113, -8.985749760500278, 5.3055485904190665, -28.54908549646616, -31.150087925942636], [-33.29113852320632, -71.50059971000805, 17.286760587298676, 874.8486923141708, -67.09728714231164, -141.76923685895176, 0.7200380944952974, -39.13190473968697, -2.42980012697925, -32.4988696149391, -113.16550193716631, 6.810198992032279, 99.45131965648763, -36.11435411301871, 144.22480838328448, 47.487569671406696, -53.483598581438216, 112.27954209174564, 1.7156054184298852, 95.47342161850598, -53.45508375477811, -91.02569853487219, -46.15081124085376, -64.63800880709513, 123.12139888373079, -132.02659702455702, -101.50777406595206, 0.06549109162230893, -31.497609999445675, -204.79213371715895, 19.819332959192355, -101.16840562972862, 24.063043591139873, -173.9750890106738, 171.2677781406491, 38.0512541664706, -79.45886926515921, 51.68315744149263, 33.60436064309934, 21.52744384223357, 71.79747812525757, 29.503810487366717, 84.22768107246951, 37.989075519853195, 88.49745468256617, -58.657832349864094, 92.58122851857578, 0.7555624725770231, -32.61589007209929, 130.5509262689929, -38.066278873225535, 105.6585836330504, -79.80472503804843, 113.05708990991532, 137.03006494178229, 68.75820428050332, -102.14715365246609, 94.0266890637873, -4.997513147937879, -31.47513938019347, 41.883429514535614, 79.49012309318675, -78.74661332368744, -15.168163368321883, 95.22966462564031, -76.67214288016841, -22.35271648805378, 101.64162596566747, -12.762018097172596, -61.31703864131786, -87.38774604615679, -28.340574345613536, 30.759719513950003, -133.06393386422835, 91.30641547291245, 135.12774446091913, 37.76371285735674, -12.434539329758957, 49.639820571836, 21.383507965292146, 43.50652406035864, 82.65746230319758, 44.354694489578634, 69.4082635513537, 106.41181628217717, 84.94720500139272, 21.394191495899026, 29.665481802635522, -84.39960350816214, -103.69129276858577, 14.495332366446734, -290.23066937241714, 12.841173993760593, -207.3020936777436, -90.08480477059393, 36.3652742498603, -21.291747949692315, -40.87427394440437, -69.62694493340591, -171.98184080873253], [-4.803598194980773, -31.288281644759724, -119.50726184835362, -67.09728714231164, 788.8070823608723, 105.5902912391259, -117.49663814249583, -6.814190225187671, 75.47194490136972, 29.658483099539488, 118.41023446278837, -39.39317181338864, -0.5860781751335429, 79.54123429973974, -69.85428433066521, 3.9721156107082516, -0.05128530692373629, -10.303719234609833, -7.933594531397411, -0.7063416807696101, 18.788528222364036, 66.06872452523316, 34.42382148824615, 36.43363983355799, -3.000287120841973, 51.296124766645406, -0.5781396624492239, 112.49141686986293, 53.668787934063964, 19.190005317602008, -80.4141610122257, -115.8318376430499, -5.103888573105805, -39.74316562934988, 248.50526508369518, 10.447087606309578, -55.75434214336196, -23.5952348620334, -85.40227634063412, -94.53743320252335, -65.39216201679369, -0.7907703140698767, 86.66283808670207, 50.829416439663305, -27.265218155142126, -69.6494616898308, -22.072450249241584, -19.504078308963663, -42.27658076800473, 1.1593252825245242, 110.26412242594263, 77.16704400281036, 6.330848697146822, 126.51564378215335, 112.36036449474932, -31.543480433205005, 50.21266119458715, 145.98097580896913, 7.559338138140997, 131.2723162399204, -70.51801241704322, -56.67803797505775, 37.09269455059177, -0.7103101993101013, -91.36799713853627, 4.123417101415856, 33.928614771548254, -63.672390307862734, 99.14646724374485, 2.136967061945553, -38.160858533806106, -64.23880440607978, 19.2503437792644, -61.29414383051529, 46.946330536694276, 115.17855546310768, 31.448811010655945, -125.16610771244453, 40.2419805422884, 35.64631135257206, -7.77625855136667, -105.07480769890101, 64.90526498376396, -26.44408975382167, 94.08648523312237, -123.97232883049323, -13.145432875935535, 86.1664601305377, 27.80318314604779, -63.0679825436318, -55.22573912463015, -71.8896558062366, -64.88779948421256, 93.26683722587926, 40.967594256299094, -1.1446725058882998, 134.07704092112687, 126.24738102411366, 7.535910645960928, 14.001032944156716], [56.892520340700294, -47.94136700116304, -114.42297396335968, -141.76923685895176, 105.5902912391259, 849.9924408807046, -50.79384554417745, -108.14070391264411, -21.037257608860358, -142.9756182883246, 119.72167435110849, -40.819530884335144, -57.7891952228215, 12.584847095130527, -156.8628975475867, -73.01288823602081, 153.97359976304094, -92.75889030028996, 81.58562369788957, 51.71101917440146, -2.7294824412158403, -70.65175897715278, -51.74650839918644, 14.049016952145605, 149.3165521352398, 9.406987910010216, 83.82276610405152, -77.39638887323758, -106.73382006998209, 41.31117199383832, -77.41412071510558, -7.432345564822518, 37.05193953869291, 4.249144757647222, 54.253255419181315, -14.83661594877874, 11.736580798924257, -47.26350320169027, 130.10484843128776, 11.46461276023326, -108.8783965650286, 69.26957648469543, -179.69938764169044, 27.26963123965712, -8.426228185023406, 17.1964492320357, -30.283938270956384, 1.897606882784545, 128.46407068062678, 166.82712370186542, -5.197738697183022, -7.340723509193395, -13.560364009056684, 42.71584644434453, 100.54595657912995, -9.62108638278581, -1.2882566064772742, -102.21064964762554, -19.26976569251211, 99.39121597595211, 66.03894268811499, 95.59198534544495, 115.6644434011894, -117.56355498181867, 25.378549637810277, 94.40481491472772, 54.260959400732645, -16.14223927472532, -42.846010486039894, -33.72238072888508, 104.95130251560235, -41.80226722911782, 95.82936948909683, -134.73350966071206, -108.20853925199269, 59.16489410699864, -26.938698229815554, 135.32084940130602, 100.46318768826256, 55.34087488944332, 64.6493389464232, -75.91686573299857, 100.25770391102958, -42.925661566966305, 119.76923520446391, 63.8643662235465, 23.53416953907671, -78.18357214688764, 126.23357249907407, 147.94935872903667, -51.25436189848201, 92.81291956064092, 43.90708962236529, -48.58630372852742, 153.05064560138226, -40.36072857064258, -58.82211725919985, -5.150353192070901, -13.010966954861358, 16.681022500011384], [90.39343762440186, 32.714382139311745, 85.02766570929583, 0.7200380944952974, -117.49663814249583, -50.79384554417745, 749.781281106808, -9.308608002469484, -98.7459354628161, -40.820414770725314, 105.7645264082239, -17.524783452512494, -39.53221869155768, -39.11414761569732, -42.84948910134514, -84.01475783917714, -117.40322417700665, 88.98618158697795, 69.1655821265777, 32.16132928788648, 65.17487006313316, -21.69521128156098, -33.58666838919785, -34.80878773553989, 33.871092821877106, 55.27492621478655, 11.011635137239509, -30.246856198113974, 31.16101708216607, 87.10243386061056, -10.776317697859083, -15.012340798391705, -87.83292158110042, 20.166165961096883, 179.22331862825644, 9.865537380980067, 1.3065795159668467, 30.645908756125106, 147.2844008058116, -237.36727729510542, 87.66763254177197, -20.613142974392606, 135.26956436353498, 62.62210703531373, 17.9333101085164, 8.878285002855453, -27.282133233483812, -32.236391935479695, -133.92844640649406, 194.8187919756943, 43.47048119212456, -37.42522265191534, 26.58334145669226, -5.168798773583168, 19.091782368598057, -43.19944606182638, -113.20071241693475, 35.0130876663078, -48.00640502616978, -12.064590432665257, -58.647991886249905, -61.366940832308224, 31.538667193034108, -13.22611233565475, 116.42829803110827, 112.29018511793522, 42.729802347742826, 22.484956663416742, -115.50011284042093, -41.534407196061615, -5.838589783590411, 24.711102491135392, -133.43284486520355, -95.85033782419553, -72.52238617663264, -83.56977694295031, -59.44742819040153, -47.77972751844464, -21.665841681716767, -13.478616490012808, -54.55815519424788, 135.4137980454155, -16.758459273903053, -13.792629391510717, 10.348840921479294, -106.5474809729609, 121.69913093013406, -43.6365828630234, -101.02618951362871, 39.22465279623599, 14.2197535705519, 98.0732340868485, -122.90557595127044, 66.41625611586542, -91.67433410712431, -55.09274600470436, -43.45421602440835, -129.1450405821465, -17.364060460287995, -41.89534518439311], [26.410462394730615, 34.91770829000232, -6.9067071374481035, -39.13190473968697, -6.814190225187671, -108.14070391264411, -9.308608002469484, 940.5534735322587, 52.890579736721044, 1.6575886525659111, -120.72624873496562, -112.75932124262485, 22.88324513974196, 42.485629520856826, 19.74075817820694, 5.771166348801479, 84.01633567549713, 99.30794395314774, -51.366946997367684, 83.11504478011045, -65.46248467818259, 7.5636908534152845, -45.13892721163248, -43.81309852088545, 143.98512512649825, -16.566345862120123, -156.0370433292822, 43.98168740099982, 97.35492125848745, -60.28340125908199, -45.14937139512402, 1.1368851159769038, -128.9726888658369, 123.82473700226659, 88.79211385470185, 217.71610598637025, -45.232410504880434, 148.56310751637122, -43.36984996010092, 48.232614253702195, 55.168455342871134, 153.7810266499958, 121.98898234335518, -33.428702246029964, -63.294653146069095, 31.194740920630082, 15.983552888981713, 44.63855355264567, 147.18734545839283, -68.32878834441738, 5.6280049428731544, -52.424720651371075, 108.82326395212722, -38.224573691755104, 54.143668499608815, 26.350975408148937, -114.50714558991446, -4.0128392920959515, -129.40239344018983, 92.39525875707513, 100.89052728323931, 4.80747902163495, -46.24268463080506, -70.60672229914688, 41.83779503343852, -17.30683591110703, 94.74479739764423, -36.424817284218356, -66.48156419388953, -60.21330128109055, -59.51559724646487, -118.12106289178901, -13.540655568014708, 91.61141523996672, -67.32837274989227, -135.7956976228131, 66.26302028535838, -53.326804751238654, 12.524012407811634, 56.214984339747474, 198.7549998834174, -65.2024008597062, -89.95922285447398, 13.478209477618451, -103.10564824568443, -2.4147022740339517, 40.73963147496012, -17.461636646345323, -40.483417863309384, 69.83108745568632, 51.75229112728932, 19.66196306972765, -76.04808734287815, -25.83939630053309, 65.5271315732713, -18.74898217256324, 92.15825530811937, 60.26519832276403, 19.106453069924505, 48.840327877407724], [-33.73916565439763, -102.14117224713391, 122.71934723887979, -2.42980012697925, 75.47194490136972, -21.037257608860358, -98.7459354628161, 52.890579736721044, 1104.7849894387919, 0.1298772699629451, -189.31108782972865, -45.202341062133385, 27.12452817992187, 205.85777229639885, 43.75817829612252, 17.33160355687425, 47.316552058667895, 71.07591841048996, 32.91389424684137, -121.10798024793647, -77.71359858956522, -38.44073931147463, -32.16109628795963, 45.75325391757651, 45.94468750995898, 132.96016982430802, 226.66075964258835, -104.32275121427168, 72.12736078263512, -87.45247735461072, -51.945487299505814, -15.335250888733965, 62.107346083604725, -83.46344607784297, 5.2856490609863975, 50.80956849534484, 92.937206799621, -48.26496299617598, -44.50246581863802, -80.09836936938217, -86.52834945959891, 9.582850222630695, -48.132929616201004, -41.920865201360016, -32.34922573729487, -28.359675366195603, -54.464091407811, -160.21855278131366, 20.058402311081274, 90.09050825615564, 50.232515685677335, 7.373096808684996, -5.322718548358853, 89.67466356201139, -150.459448318106, -51.39457414524506, -76.7099511235014, 17.17579754615411, -10.503201033098703, -8.959418011085303, -45.614557171872185, 88.51897774585782, 92.83319934420065, -119.50150313567629, -58.06044153399526, 97.17461497702162, -90.177004590649, -92.5944779984231, 194.07296488758035, -134.68259298147842, -48.909369897356704, -6.238069122060721, -166.79103124520609, -29.93127325485782, -71.01066161164958, 163.66312088107946, 209.62593971143502, 121.05280462269411, 42.77262112093848, 138.95068630379626, 40.46757934152439, -83.67329002406954, -119.74288270637749, -152.63076476020967, -13.317622168543537, 79.5214258957888, -69.98088651325816, -13.865465759269629, -171.97064186981936, 35.3339943469565, -41.130932649530244, 143.51699970569615, 32.26295046367546, -41.771429673370115, -50.73626771403578, -49.99700786003813, -10.161603251955237, -21.20167739387602, 4.867893491671731, -46.33220715514389], [-61.04667750475441, -5.644427246945709, -68.431124330626, -32.4988696149391, 29.658483099539488, -142.9756182883246, -40.820414770725314, 1.6575886525659111, 0.1298772699629451, 920.520208962003, 34.01155455883209, 7.45987489324035, 75.41435904504021, -120.22004974940641, -54.33505657363842, -95.49644936947162, 77.48024626802373, 25.88702810391246, 54.615462315481004, 20.870073789432087, 54.505728810978965, -15.831875027348998, 47.280588744057134, 33.634998017110256, 12.370106177401716, 28.03634810987773, -32.31094462131095, 131.46617059498027, 31.70072760086824, -53.220020242946205, 50.90620759509144, -164.71091172243902, 9.930243133765577, -34.83384894320525, -120.50272438426086, 204.63489302279825, -4.804587965650854, 33.02824153666981, -60.5504158916889, -27.476076480197325, 6.2832077349978, -104.88612047860698, 118.71189540505264, -36.775716240090034, -53.15663277236486, 92.87220676438227, -73.3947670982076, -22.59688672362786, -48.52007763331495, 56.309308482425905, -173.89005719056323, 65.29435138334073, 116.31217895124051, -116.15375986513874, 20.15888769089529, 40.54816387895069, 5.109742517891298, 44.03405888766065, -4.897024729352902, -50.81277662051681, -11.181480348661236, 82.32223290231481, 8.085252883494135, 78.59441393055299, -57.175555116191354, -97.72239170667127, -178.1373177608145, -25.26481839884413, 16.221928636524552, -103.89483441684725, 69.08423683512024, 102.26202076434056, -119.34936753822244, 84.07125862607538, 20.15021979005089, -43.87773082371589, 35.576650018991124, 61.08289605864468, -52.10242579283698, -160.71898701516164, -153.54516530613134, -85.10274147876893, -65.89086436583455, -85.96960240255731, 3.7369321176421364, 37.518786125700935, -77.28990834212638, -42.20549288518441, 180.51832871716212, -30.25284745154948, 166.07421957717634, -201.02153918684948, 17.15868053542195, 44.15846371128573, -1.7600568645502879, 84.13366167195673, 153.6788911565926, 53.084977638796595, -17.109241658341066, -15.979668609915668], [87.70122800406031, 111.63534625540791, -26.960450940959987, -113.16550193716631, 118.41023446278837, 119.72167435110849, 105.7645264082239, -120.72624873496562, -189.31108782972865, 34.01155455883209, 982.731864312216, 24.129907207128337, -127.13116324601296, -27.67108927691781, -59.043619049022176, 46.380325480071896, -103.59141572888741, -137.70695803883956, 215.31453430321625, 84.16682198347317, -67.22067951840722, -125.79148755585115, 3.063489084939558, 31.382086736524187, 115.82015486031095, 18.39083018350637, -52.13079366074605, -97.76089231191877, 90.82427393998955, -96.109717824669, -22.944028234534755, -54.681294468151165, 89.6017525060444, 14.646209513885823, 43.18986743295082, -8.971485234311602, 40.682505688997146, -72.61173958226381, -47.44284175671081, -16.24232980178301, -139.01272586268774, 198.4503061873898, -46.955497308268484, 73.6474276607885, 69.81850823875973, 27.089738896513975, 100.68142134361213, 56.12543650018142, -86.79823944721917, -88.63030586226243, 117.5779301895765, 27.504137246716763, -34.46890384895957, 44.26303394257032, 25.276949907078915, -40.144676278993416, -30.514287030557647, 75.12881953223851, -25.43253658243027, 24.57377508971482, 21.99799900437236, -44.845369282249585, 55.15774419593396, 2.3088527554214537, 18.32519732847813, 82.81504183805417, 10.801747354967137, 28.226919731870424, -82.21083087809832, 72.0407671862564, 37.149560176894376, 43.029977816679676, -45.44080091549353, 41.98736839491202, -74.75652731280827, -46.3421998374817, -162.19971325525577, -12.497940800103896, -144.02934115832792, 131.16949736310082, -24.83550108931962, -64.18951532828648, 96.05710248983989, -138.4196565989332, 83.63837001809416, -71.86584284718892, 34.84830094348526, 23.503265888084446, 28.448231455235028, -169.30806902538055, -16.030535629752446, -160.57171433201015, -8.803070880189896, -103.5867440654914, 179.8347173076441, -27.82332586206745, 61.59774561060392, -149.85323917799823, 100.24925626011081, 128.59260141678894], [132.92477740133222, -42.26659484455604, -45.71342454355515, 6.810198992032279, -39.39317181338864, -40.819530884335144, -17.524783452512494, -112.75932124262485, -45.202341062133385, 7.45987489324035, 24.129907207128337, 860.911189369187, -61.45331692566202, -78.38014417066529, 85.64828761537298, 39.372218349276, 42.72852595019382, -133.80469627439047, 44.29026665712077, -166.74145895936164, 16.58298304068754, 45.464792940809204, 94.47808158363195, -49.4264521698182, 61.2230810424256, 72.14515553443525, -45.78929881856514, 37.554994073565396, -15.203937735784837, -15.238941892169082, 17.064848768706852, 40.21359771419777, -104.93495230723919, 2.8903246364204196, -53.55520074647872, -177.29738028047709, -0.39540026713275206, 57.574630324786895, 26.932661375111607, -11.139781240869429, 33.9382110303976, -78.4765894121078, 31.44832613466831, 39.83628882395927, -26.116407722202684, -27.138051435661932, 187.08316759109994, -0.8240146515092601, -65.22082468424453, 55.61790206902277, 143.2405870767904, -116.1051897243319, 68.35343720984984, 18.97762742653449, -36.13489611536452, 76.704030415944, -62.73738930489492, -46.310065262435934, 16.71181299852691, 29.640465155823726, -106.20262897453668, -142.6752363981778, 104.82058685564368, 11.976172518163139, 135.91773918449198, 63.58088588581887, 97.8496181554553, 37.80266385734178, -17.53448550963305, -48.00205015256344, 27.746400705040532, -42.58611179562941, 93.66328641592618, -3.842134354880561, -21.984247825582756, -123.48480044238119, -29.0795052792192, 155.73414092151984, -111.10610748894665, 35.55909351298027, -12.371802665709824, 7.733859263791417, -7.783467985049117, -106.10137915135152, 7.976430471481093, -12.979661170410363, -19.213510987225195, -11.428991144633132, 29.9999398928462, 37.66651682700902, -18.13781672660943, -35.83897557241703, 66.83753582215658, 38.54840840360712, -138.86321482506983, 153.323950023767, 0.2547370585216658, -80.54589096026186, -14.813220701829335, 41.18693263939914], [-96.03165091121737, -72.89431197606783, -24.762456318851765, 99.45131965648763, -0.5860781751335429, -57.7891952228215, -39.53221869155768, 22.88324513974196, 27.12452817992187, 75.41435904504021, -127.13116324601296, -61.45331692566202, 701.3455208568204, -34.15572205501258, 5.859308580936061, 116.65932070677974, -77.54847214485552, 157.63589997753525, 24.942902677075736, -48.26866339626481, -14.849269622401794, 8.192854865483655, -26.823033632346124, -93.68744069991703, 41.93774817894073, 69.44442228908545, 12.969803468179423, 193.3447966528607, -35.01930959422142, 15.861795677178252, 156.59168791308494, -89.69511507075586, -109.2492263017557, 22.540934570756615, -43.51940378855097, 194.98635793725956, -78.05324129579425, 147.10734815423643, 36.26203900113521, 41.53836936044434, -54.7060224357995, -126.35176639361332, 50.182854360460524, 27.08243201693014, -167.6625230899708, 93.5470026748714, 47.96625620302552, -92.33840149387657, -77.78584932692709, -23.09792594634064, 20.793991710559382, 29.303155363415875, -78.37343644722188, 16.690799121800143, -11.791075365358294, -89.9136479634261, -19.922993806146778, -18.940714133553914, -65.14857002230991, 35.72775596757888, -56.28921653082258, 69.87543059871798, 84.90888488898639, 54.27533437770456, 12.362279904368338, -55.45817487579459, 5.7636776854641685, 71.23499181309379, -7.586881876489961, 21.40629171132489, -2.184282340510756, 87.17395704645791, 135.41927578077642, -131.65206132722636, -21.480662908365144, 104.8819166705374, -114.93663134266815, 64.6423269571202, 40.99402108253322, 33.92185240498224, 71.9204648827127, 76.36194108351818, 47.47143581699559, -73.66431158514135, 15.809930846707987, 5.548113841738412, -55.41004838103892, -41.164123555391974, -71.38751825337889, 40.61654908553728, 26.375319490651435, 71.46571639854983, 45.99798609684204, 25.445038668552673, 9.051161451187284, -55.93597834760294, 40.577005750422614, 41.47379560348141, -78.93428512330723, 45.035753901492775], [8.657826434285258, -37.60253220786288, 94.13145167053187, -36.11435411301871, 79.54123429973974, 12.584847095130527, -39.11414761569732, 42.485629520856826, 205.85777229639885, -120.22004974940641, -27.67108927691781, -78.38014417066529, -34.15572205501258, 634.6796895769816, -27.28822382022346, -128.00470350617735, -119.09259168053771, 54.521178527902656, -62.1896081611112, 53.184888718511075, 2.5286363923889605, 123.08551789723688, -0.8939305104018362, 15.467569125329717, -39.3841124952386, -8.49499064527472, -46.92347871034285, -100.91446121792988, -9.086607351852576, 199.46717478927556, -34.00266978176594, -21.967172372591136, 96.00656808064721, 85.40584174395894, 41.437096984098595, 16.1842117810497, -38.42955964152276, -80.5393686407135, 94.8458965532213, 42.84813551929762, -31.12894180876505, -50.02517209943717, -20.20657453955247, -67.33743836593683, -19.60257421247357, -112.87039919450658, 70.14970837101295, -27.037485168513204, -99.14611804123595, 8.01086791921188, -50.46787276535169, -44.87267577876071, -30.69624823805393, -48.61022803566406, 31.389831269069308, 82.28166958454658, 35.75722467171416, 12.676771315602771, 49.49847531485878, 83.70261580672972, -41.532268959090416, -164.65143848017695, -48.44239478670996, 57.563169637602805, -10.925855707990168, -59.18648424560969, -58.939832503226214, 50.60952383245379, 106.06012762173256, -32.95096139189343, -39.22835557236392, -60.72089136140905, 39.04058125320322, -40.318958518690174, -39.10354032068268, 70.06772817773391, 48.9378415090303, -20.33569223452588, -61.88504049376393, 149.48709875086436, -41.23529267502893, -152.10762979125863, -22.518661814405828, -1.230033169408568, 83.06505129487468, 18.336122870328552, -88.72844900520312, 29.427394989202707, 9.864362024445853, 73.81941751413976, 78.2502662602756, -7.278353261968007, 35.20407711372811, -18.111381013931208, 51.37540549219693, 47.43636124245316, -11.784687082534475, -21.172947702686223, -49.9488715331385, -90.70995488696283], [-44.2377968017137, -82.77530754267919, 81.48612923520618, 144.22480838328448, -69.85428433066521, -156.8628975475867, -42.84948910134514, 19.74075817820694, 43.75817829612252, -54.33505657363842, -59.043619049022176, 85.64828761537298, 5.859308580936061, -27.28822382022346, 791.6551056734212, 44.585457406161225, 53.61366533444232, -35.70078344460513, 0.2636123021723035, -11.00248573071347, -32.408839314152466, -121.95911370378452, -71.5596929504282, 89.25483123703307, -40.46099033903357, -74.74465571418119, 22.5372071170215, 28.987982605914052, -43.19208009390554, 32.107077168754095, 149.12589073636968, 24.91875788485075, -61.262070924416406, -24.093604694888068, -112.07936639193463, -157.04733482066024, -60.92317199471279, 45.20985069407287, 18.672677939174328, 18.80509365678519, 127.66423143393644, 198.84727464643237, -37.962124462721015, 69.68813964944758, 3.4780011678343024, -4.7354749040938025, 96.33526505916053, -81.8503602224041, -32.87402610902349, 29.093954302771355, -10.18010156505719, -21.183037973368805, -54.58477367253701, 40.40905891515266, 52.37684029458132, -6.693116428302851, -25.01100117277588, -4.523757544875415, 120.94370540746591, -101.28738456843826, -27.986319409469964, 32.74244416107471, -48.27492423393092, -80.3198553989514, -157.6040948205851, -37.26304890864843, 61.59307785145958, 66.8393765041672, -6.058184018361784, -193.84633047198395, 65.0925980418641, -13.23252230251152, -88.37980554705426, 105.31772258727824, 9.08778805491545, -22.752753582809415, -64.87667322836379, 62.26979574915835, -102.63541620137538, -10.375343370750285, -127.91897003065469, 14.760185762361102, 66.79278330837971, 124.57161790858754, -8.69468752070003, 2.27900274236241, 28.109449344063243, -40.114231257585324, 9.352056079313737, 138.9782193757405, 5.38510045404602, -125.50699746319145, 67.98248894241522, 20.492489274907037, -64.2411883308872, 64.69868174890317, 52.152461748016776, 1.4706804709349526, 43.523852044235895, 82.15713026467844], [114.21478370612799, -127.66956238725844, 22.635462819765674, 47.487569671406696, 3.9721156107082516, -73.01288823602081, -84.01475783917714, 5.771166348801479, 17.33160355687425, -95.49644936947162, 46.380325480071896, 39.372218349276, 116.65932070677974, -128.00470350617735, 44.585457406161225, 775.0446225930478, 69.56747259373842, 86.5979784246676, 79.80702446239192, 2.934786248331284, 30.82339301178689, 34.50823506640648, -14.240758626414877, 13.29030853051283, 127.66350953538897, -10.485245658607559, -13.509943445758472, 148.4381748123246, 50.796141974058656, -123.51672631956872, 19.08241745857465, 43.046377946075, 18.170193706964536, 44.986309866122006, 59.93509062071733, -65.85889571326074, -150.92617936527412, -145.317352428809, -23.763551347575138, 58.47793930264108, -64.34891165997595, 91.27488041125413, 27.746007098416076, -73.44838316592144, -62.91186060353257, -25.115209168018012, 24.195568355182235, -82.65744733211805, 2.6444678329204403, 74.09527617465565, 183.76120711611344, 34.930137915759886, 32.549538034329366, -12.094834876764468, -53.358396567873264, -63.742128184720855, 46.48045844444852, -84.80834007024383, -13.443055554447099, -43.18771159268663, 11.697669599564524, 149.86555197245306, 48.6821118789791, 94.48234173316902, -48.921169809440876, 45.98456768785244, 75.514487799566, -73.0671647160642, 32.85532595344523, 43.51757369643471, 84.64747497400586, -95.08563953247592, 63.76421248270065, -122.49433546564485, -4.784532119434014, -165.64575590705707, 171.5400113901117, -28.621334449851105, 114.5893507226783, -13.40202103337471, -106.49763144619993, -0.6869109442290644, -16.76110212047918, 121.20110059326095, -38.84547020104601, 4.35566248790038, 15.846127405215128, 83.75142827728952, -55.38038874214746, -77.35840621804708, -4.280681424900467, 60.76170372213279, 104.84906683645183, -6.5554255316860806, -77.41817804206845, -22.60800575042401, 143.21984171308472, 45.26529134745777, 6.655479212404513, 60.29047427873342], [49.290824826516726, -34.724662135594244, 11.368778301544053, -53.483598581438216, -0.05128530692373629, 153.97359976304094, -117.40322417700665, 84.01633567549713, 47.316552058667895, 77.48024626802373, -103.59141572888741, 42.72852595019382, -77.54847214485552, -119.09259168053771, 53.61366533444232, 69.56747259373842, 749.8890050540922, -157.31138249946184, 38.36880800050729, -13.844478122719336, -1.4909245624060155, -100.32900387537389, -106.79938310587254, -6.09767929631682, -117.59138952944214, 110.42064678158135, -65.73369536707456, 40.16351727100681, -32.5309422523167, -31.1057854443807, -114.6530508251375, 94.80688363388312, 34.49406183807789, 51.64845003725978, 61.88820804583932, 26.78986499825392, -26.361094138649396, -108.36420785147412, -55.62838050144039, 116.23743841012062, -1.6065714115633796, 12.466363549730563, -5.579711575137733, -65.00091884127372, 26.211553754499644, -51.117998295751654, 41.834093452384, -40.81365771905014, 76.45680332318679, -0.8080814623349809, -45.3510959251493, 51.17912098808994, 82.98460470745265, -36.353991439500476, -177.5656735712949, -74.71297818105734, 55.65102744396265, -48.478120657492184, 84.48141928265395, 183.3934059602631, 46.09431608219804, 108.8839710271739, 88.750415420945, -73.50053157721723, -123.47792398213116, -71.0461387159564, 50.15941549773272, -189.41360728510057, -8.960261355912904, 88.54642169084174, 42.03802498660814, -19.859539382342568, -8.52994567925234, 21.25360577447158, -16.807606305175966, -105.13988997073126, 131.54404185851482, 51.511989604592955, -1.650057621904079, 0.002239930200294763, -64.29432881912172, -38.56110172469138, 39.48682465067845, 3.8458416174765704, 17.33404697482887, 1.0788777682553878, 137.45103931969663, -49.16991066431043, -9.748935928098446, -56.028319408768134, -75.6459190307663, 49.03498406099488, 81.80847560565519, -103.19616638255577, 68.82266494317975, -44.68761794587544, 90.18981158420729, 16.504384713661114, -9.61211267747983, -32.872327343595096], [90.67196869052263, -89.95946276647682, -16.646677131971803, 112.27954209174564, -10.303719234609833, -92.75889030028996, 88.98618158697795, 99.30794395314774, 71.07591841048996, 25.88702810391246, -137.70695803883956, -133.80469627439047, 157.63589997753525, 54.521178527902656, -35.70078344460513, 86.5979784246676, -157.31138249946184, 853.1353809236979, -67.43402541740346, -38.362896396968594, -83.72202743231958, 99.28526155122339, 59.59330705664474, 43.79460091723409, 166.300326486834, -50.06304696028222, 38.08810127057175, 121.08457837619504, -132.79352365759402, 11.896745651654111, -85.634456797858, -54.03732059095171, -27.173963144067812, -11.238359839136086, -16.783445317215072, -59.07599843199268, -53.03441417714662, 81.1148922702479, 49.004888427046076, 17.666050758590952, 24.447192469151243, -151.55873326807654, 65.16638595973333, -55.303119902383216, 31.794490315007295, 30.197512621634626, -16.502074305798363, -91.88033456085695, 101.08103252912392, -8.415723868698139, -13.739184448708341, 64.44700011850304, 30.58461315069416, -45.44081686712383, 183.9195386890671, -42.56381742731934, -5.230574544054677, 62.096286900037775, 152.52818220233152, -93.64579047780653, 126.09334614013649, 22.81520095161481, 1.8336447281540003, 31.51973277239148, -7.3621457117059474, 33.80219270377423, 53.55273931878262, -7.30789289530921, -157.6190461266945, -9.527056111199933, -16.798997187895687, -61.97100749857549, 23.586438758031274, -64.87514559303055, -183.34611452020093, 58.15431283881366, 110.12368207499239, -27.70687363626357, 198.3441497482759, 32.044766159012354, -42.32685702791706, 164.0692781458827, -81.79362743427795, -101.70998001399487, 142.37224298568776, -67.80438755715441, 1.5538943695588687, 1.463261613157604, -129.1744796972786, -120.503289532432, 109.13200865358318, -124.5710907736383, 50.30897097994543, -10.678922204158551, -52.485364365465756, -18.483450939767483, 20.64265415414713, 61.168112744867386, 50.01380193216543, -36.37038582328855], [-34.911632441287736, -233.88704405893026, 45.181663701818074, 1.7156054184298852, -7.933594531397411, 81.58562369788957, 69.1655821265777, -51.366946997367684, 32.91389424684137, 54.615462315481004, 215.31453430321625, 44.29026665712077, 24.942902677075736, -62.1896081611112, 0.2636123021723035, 79.80702446239192, 38.36880800050729, -67.43402541740346, 1088.492153143819, -26.19322402394321, -87.93030667521735, 77.73336216057112, -53.4698413383749, 1.2131173473615449, 198.94148267180367, -41.95199061481481, 50.568646167161475, -76.40468757529808, 11.120661267190687, -11.394496091217718, -109.33738886978637, -198.20104809846265, 9.737515087933074, 62.90303727078022, -50.29073472259091, -62.1646551546362, -17.249205881024363, 152.1785195846457, 95.60357727687905, -34.93919668358174, -1.7596451234321338, 66.41724173200883, -68.69378833413303, -10.531245519142661, 17.51081812947361, -144.93025521098863, -59.89544931662505, 32.92498669302661, 57.754536028936236, -98.15083768305419, -49.28227429466702, -12.42051276859767, -78.40355986400897, 92.56337799674253, -91.82913924526291, -40.63736291592245, -27.530362925220736, -40.6702155995419, -133.24756187789305, 33.25329797960652, 223.4092391928801, 137.51234868958258, -82.95812980289138, -48.81324656232163, -24.6694139628328, -21.089403793835018, 10.800141326422231, 177.53462076419493, 7.552526805817989, 97.64314239882441, -0.6441399039755132, -211.98581971275146, -152.3024078648559, 38.354659420254805, -52.24638539084416, -18.27879502048846, -76.65631951522333, 29.25740187509469, 94.32997790472824, 197.09094634612083, 122.34165349582906, 21.862127360424388, 2.7906719336922596, -25.992177118458702, -19.349112393886724, -75.60011414811, -8.689861062123635, 126.2022814854741, 182.14520326840585, -92.875082965274, -22.800195481797537, 27.675138174808183, -41.5973373678504, 35.794511364865976, -165.11135925466178, -85.83843965381611, 58.60129042194188, -136.98284500056855, -68.1227017119436, 16.463069816994743], [84.83245846225037, 15.193386824085648, -63.088551682849854, 95.47342161850598, -0.7063416807696101, 51.71101917440146, 32.16132928788648, 83.11504478011045, -121.10798024793647, 20.870073789432087, 84.16682198347317, -166.74145895936164, -48.26866339626481, 53.184888718511075, -11.00248573071347, 2.934786248331284, -13.844478122719336, -38.362896396968594, -26.19322402394321, 832.4731607831493, 117.90671199901965, 65.20018779430028, -118.51428788482716, -147.16126269885103, 41.05563783944572, -37.13482777132118, 24.901404713454575, 0.7888352682510008, 35.14128096413089, 123.54072078084754, -58.230477907357496, 25.253607036525096, -32.34529056145966, -33.32215946258147, 81.45395907282965, 81.12246862280482, 76.69746980458594, 139.57896505869562, 1.1148742129224776, 37.396792370143444, 4.2130075458680825, 113.99336848638056, 29.52830184024833, -75.15768653970039, 16.585435664279483, -17.937724977518524, -130.6668165121932, 10.855064118781668, -38.66560980097999, 12.564887567978776, 61.302244032580845, 71.70413116608223, 76.46326832379482, -137.0685830566392, 55.21019046685736, -96.93284582931494, 103.16134264288574, -131.09734270811018, 5.71352946050846, 66.84874485067431, 126.3008754032591, -16.95666375128202, -97.38347405559813, -16.741393024292663, 27.075396666667952, -76.50282717340538, -110.01685617099102, 79.79262268321229, 70.31755421751186, -225.54815979850818, -132.70563479426224, 106.91459866027341, -22.869219210292954, -85.06193166693944, 48.20420903823447, -155.14713491001962, 9.694669881018212, 12.150526545429926, -31.812678038276946, 135.75895932727758, -117.99549152765685, -69.56848548536176, 30.532844948127128, 69.91447379736604, 45.34683921823981, 64.80943330089221, -1.38199995208469, 150.82831950970566, 125.9087543970901, 0.08729975004556094, 15.457672792903608, -122.85242245030155, -141.10277166010817, 38.111606148262375, 48.803959020416734, -7.9768563062440005, 37.28121650964731, -42.39109248826442, -1.8963027122241947, 90.9975897592469], [67.32701068592843, -27.186520127186473, 60.12577894878045, -53.45508375477811, 18.788528222364036, -2.7294824412158403, 65.17487006313316, -65.46248467818259, -77.71359858956522, 54.505728810978965, -67.220679518