{"N": 100, "M": 6, "A": [[[840.1933566264504, -16.232649626570556, 31.637651106094932, -108.29174866961618, -59.256487503621806, 72.69037090641753, -21.483185697057607, 102.79858416077403, -2.774507104591904, -1.7596998350234883, 10.509297075396454, -3.5647347958231452, 68.16968621305612, 69.9569047088161, -2.234293715705614, 115.08094753822535, -56.45160086000516, 6.438214820104552, 10.218786544832891, 42.05701490953718, 137.11695434105792, -4.4653828229838926, -106.0622342387241, 18.565030235522144, 101.24227671162731, 4.695490629418766, 18.879718181942316, 62.84001047943445, 87.22904143370722, -40.59199791903106, -23.256149332255323, -14.969654776063834, -71.6219076175248, 52.55669839194093, -68.16045465301305, 42.50632219229112, -29.66202952228855, 4.385957822126793, 41.163182429748204, -113.08609673499281, 57.46019794571592, -28.452204538031758, -25.682074195687388, 30.41683099647741, 4.848094781515602, -87.43105389791732, 131.96923287983844, -84.42174527724231, -36.59447929761867, 10.617818673768648, -127.95424798218349, 6.512308856097871, -58.53470804812545, -46.152763300577696, -95.27627134826632, -159.92243162622776, 48.24222635989873, 135.10424080372158, 118.0222538352549, -108.94701985709732, -9.126460259123819, -23.25888636603202, -98.40099516586713, -158.29167448792154, 92.90932117772334, 13.894075564161222, 47.84691973166166, 2.5538838747064987, 35.5592607300738, 124.47089598131357, 20.413253783102537, 248.1350041494488, -58.84859569358304, 26.86493875350131, -57.002813887462025, 51.222371158315674, 73.0980144657436, 124.33517284606974, -33.36333331505454, 132.85301018893725, 3.3278601671419317, -10.488404943217464, 110.83806287929688, -98.42955349270902, -57.785044949366494, 17.872377168479897, -40.014727357849836, 13.585851455838966, 59.48477613796988, 55.516693467808224, -23.185705929603458, 8.602778246497158, 6.643931698858046, -45.951740897447685, -24.561174571718002, -9.24895424029711, -55.473233552470184, 17.778461735654414, -8.755662425649492, 60.01961860279384], [-16.232649626570556, 743.2740860638288, 92.52350726366502, 52.73510826380802, -21.591348432064624, -18.835397143589432, 100.33694914177116, 62.38485250982974, -0.26829045133491264, -58.5110694737265, 13.636504631317731, 68.22191837358872, -56.30903341585491, -150.80060516737944, 4.400832072649278, -12.306848992673267, 68.88289780724857, -14.847261305011692, -66.21687415258141, 74.07028647317037, 50.616018501542676, -30.968346329345028, -43.915864937171264, 44.88527041557413, -63.36656495355917, 102.45919305009093, -42.479527042958985, 16.342321809901275, 25.913158501511308, 134.85768013293955, -82.57946894369692, 42.316847399870454, -24.836353425421148, -34.10167786217242, -35.060397846141825, -51.39157002513957, 137.48876295076573, -113.75223239982525, -27.79981663233125, -13.615711669098463, 103.10859854188195, 3.7799872717166387, -43.2015033230886, 155.15069198665955, 52.20277780108899, 143.9789453692091, 62.71619496231306, 4.018562089751592, 130.84946491025647, 78.55820133676758, -51.920002842467646, -82.29176066989834, -41.07908887440856, 58.879283445533744, -4.682045392895247, -83.21519002260709, -91.06564128806393, -53.22671616412844, -146.09692978799998, -148.40865827279274, 88.87955212211976, 109.44910994051772, -48.90235272827045, 75.35258136112627, 114.08026193553509, -105.50819602520039, -65.22410136722495, -14.74016684919721, 49.30764763996681, -116.95746170994039, -52.56496635238344, 26.1274290145706, 72.73042137886385, -2.5782147668489777, 20.255250953202985, -111.20654675419087, 49.92677058802168, -47.72960327762394, -89.00924743216252, 62.18892488579544, 66.0891653183722, 162.03733401314847, 157.30777220914655, 21.469669281605743, -30.541974966949088, -6.35259098215163, -40.78447310954674, -0.8659359962544435, -27.728953422523563, -146.2678571702005, 52.21767520117842, 56.77339883750436, -9.24474412780054, -46.84116431965281, 47.0249807063842, -21.980834684266025, 45.40814303059541, 39.80770178841577, -67.77817806897028, 104.79232903326347], [31.637651106094932, 92.52350726366502, 771.8576848610834, -48.73466212256413, 21.18280535427913, 105.3197169030616, -8.287189161249445, 88.19237440870161, -61.315708119191, 47.32520766597009, 51.248948427066054, -11.644499332568557, -8.420592599188492, -27.41101285170751, 106.7532003580534, -10.432668695044942, -83.7431543374328, 12.76358493445197, 21.27237063328809, 84.69712304285008, 62.140081658836436, 83.49517150546194, -68.56202968575718, -3.975843696082303, -41.33706143996397, 133.62712564553152, -40.71402929042486, 40.4534444062358, -21.765104407015933, -81.03683668437482, -75.00065283245914, 81.60599690135204, -47.37947419004906, 59.571842193347784, -6.562794490906388, -54.856465927401715, -39.45818435266299, -16.237158220635916, -73.64938884001093, 69.36870175059805, 84.9578401184991, -53.845971100755484, -150.48829590522934, -19.980675053832222, -46.96060171373034, 68.39835068417278, -181.77359938781345, 90.25413077556483, -60.37150769812865, -25.139101637284146, 45.585384776723494, 14.33326029324203, 0.7177179507214938, 11.83249935590445, -43.65139378996005, -65.59031958295404, -29.893621289370184, -25.00372368796104, -22.27033039074395, -26.419615899550937, -13.426816324680031, 20.333961922414243, 25.48309198220389, -42.84613019129777, -74.71801465852865, -119.90051712364735, 68.15198743235307, 47.232605079174355, -34.39842417929888, -23.38617698161213, 1.5122470483682877, -21.165696277525345, 67.44084349874052, -81.56620121790887, 4.908648715670439, -55.15457420757389, -36.52063079311104, -100.00065594138707, 56.13784949697575, 105.55035047980111, -75.42009864236509, 134.67467592858023, -18.80907373124357, 49.84100281006187, -10.076695812487186, 99.45920125592947, -72.24864129235982, 138.5277019134716, 107.73256317513076, -41.38200307504866, 96.30422926082625, 53.163911260434226, 117.02963472707661, 0.13684600706571703, -172.18636904454877, -201.98879576271463, 34.9706374138116, -60.349275689220725, 27.76003030768387, -91.7772295673906], [-108.29174866961618, 52.73510826380802, -48.73466212256413, 811.7498071416295, -68.36577139037013, -38.71860942972512, 87.97360577918266, -2.5067286792332313, -19.19696727779897, -50.97430500853913, -77.78023060617076, -24.710025353991906, -11.47461030331112, -107.71140630558044, -127.37726510786098, -42.17148437562004, -44.54236761316993, -6.727028109770501, -0.6684325361659076, -11.01822920260089, 21.55168764074423, 96.55680025647003, -9.398266626154356, 7.133733068313335, -138.43750762052656, -7.462760807634335, 129.09905811320735, -97.28967543218627, -33.510398372139534, -54.909259107987765, -46.2308491764526, 49.940709460782045, -77.58163893941347, 153.51274565022885, -21.393142408871434, 24.929092004828732, 69.90852133029736, 24.4225700317827, 63.1508424206971, 4.281865822403277, 28.399389430762422, 21.417070588059847, -113.67609899818163, 20.416415839752275, 85.69458366513648, 7.536852983633604, 32.573659679151326, -55.18817873177615, -36.24626200340647, 5.168376070705462, 94.77260613722251, -8.437654486190956, -19.90926391500231, -19.615344205096722, 85.88491228529718, 35.9056968436265, 10.303209272407122, -51.365793415076595, -15.015326362179097, -27.622165089731805, 25.315398788559786, 31.236618314408176, 83.78834891897621, -80.15975316060647, -90.94231847022516, 56.65528738569655, 71.35610347281892, 12.124436000843392, 28.249307535956444, 4.872328187108218, 6.435722647250048, -29.83381522225022, -17.135945603773443, -32.07702234231908, 44.3339304955853, -100.15734335431534, -21.30191615082644, -60.10148771464999, -34.49578965717655, -24.156554092000714, -13.01164706734422, -47.17641433040852, 2.661904904186665, 8.40955804699312, 25.179582021753653, -51.955648203821845, 45.91336950843413, 20.982616956381744, -48.37818042404798, -10.979728561648631, 88.95453647608885, -137.9888534881025, 52.42273885481351, 68.0184049130897, -146.79577437858927, 45.53854469387389, -17.446095571039624, -40.26216644325823, -122.16477439603146, -62.29727266907727], [-59.256487503621806, -21.591348432064624, 21.18280535427913, -68.36577139037013, 780.6221294714397, 26.448894574827115, -84.17105576868802, 70.7468351279178, 67.2709226334573, 171.8260974771105, -19.553658465395756, -36.2693936044031, -114.72752174421785, -97.79478690402307, -157.47360346370124, 34.67889100626659, -5.323799087717745, 48.08003730648488, 4.6632931711807295, -130.21210988524848, -67.24380854952447, -98.75058095875626, 109.68203705120044, 101.77166627709464, 4.318701009495025, -57.84350898327255, -53.29682473214157, 12.548598532289967, 82.06848995374216, -83.78189943967358, 146.07357306572723, 60.37506908212722, -20.708329473466392, 33.96321351691525, 110.16553590147944, -20.914518662794105, 31.206157867667162, -19.199311346248063, -118.53932334878763, 19.85217652671424, -37.165651157400724, -45.796941807317616, 58.071971899349656, -6.056086890469655, 29.94418552288609, -23.071847848999557, -34.25576604765706, 50.04161878173084, -52.6390821440431, -1.7975953297240044, -45.87074361650083, -113.29955838718077, -2.595121062703661, 112.3290368061502, 94.9355763917279, 33.07284025452355, 61.06991161125666, -57.290919188184525, 99.5192616718323, 134.19960775755573, -106.51858999278888, 14.43361905881892, 12.791718669401776, 109.44843273646123, -0.7407085445352267, 9.116758709121013, -76.68821682714795, 16.55463707926749, -60.30236050972356, -119.75357510896572, 10.246311566717983, -27.54389046462853, -44.86528701770655, 62.10097086220838, -107.05118621443758, 16.43099069424586, -80.49885874632837, 38.1104180595128, 8.201439664903871, 80.77164127037503, -13.642584585836316, -8.173140478583802, -47.434879298800396, 112.40713406555464, 179.84521384495625, 116.89287696200992, -32.82909611402832, 29.62419733710089, 78.16167993856381, 7.726438986727239, -112.67672933541687, 71.155012511223, 20.278320190432385, -17.134562109596438, 119.97782629669042, -16.506550465142137, 39.55052264326158, -63.48325529327165, -30.789417677092903, 16.351738274227895], [72.69037090641753, -18.835397143589432, 105.3197169030616, -38.71860942972512, 26.448894574827115, 832.1425973766153, 14.415735463391075, -1.714252483929901, 58.90213272065011, -62.716051856733344, -109.75945302869003, -56.25930060884853, 107.31883164344006, -27.885009512750745, 62.16009562912785, -115.58507487035592, -71.13123694913952, 46.835464009038766, 10.795778350208991, 6.843193848364071, -16.143760861111442, 4.914853335480317, 11.901306932175947, 54.886546335359775, -26.559879603834133, -3.5376912823216102, -49.2775044603895, 133.22795216622205, 17.716190751549135, -76.30997834526227, 31.04901082997605, 49.45307636983343, -14.72005366423502, -111.6079080457273, 57.204163392746494, 11.03496146246164, 83.28398312408052, -11.526746861090734, -128.58719030677406, 6.666567135986856, 19.575339994766786, -67.3756203131017, -29.71536443849723, -68.88095172515688, -103.55867109253305, 147.57667497647992, 50.06888860474934, 7.605297341794255, -114.17527607915652, -6.687526352603014, 41.23994317068954, 89.3729949894644, 54.84734316419805, 29.079764921323065, -4.2741454356320885, -9.07991434279304, -152.6023560134485, 12.848240042136233, 5.732106362661272, -2.9766251984138576, -94.26831585366298, 157.36137612999994, -42.5276324038131, -111.04379101424315, 10.548293640872025, 52.596865866669845, 42.598760010273544, 64.61986429620067, -36.0555031377969, 71.88288787516056, 55.54639861373285, 30.83193135355437, -99.40821987286539, 66.62024889697764, 89.07974179621573, 46.036004624344656, -103.57755236395744, -26.095752632519122, -11.654359548112522, -39.221238274815086, -30.55005262603651, 13.95746834936635, 37.33000441054229, 3.5118344119112423, -7.227760533483618, -73.41172993288676, -107.59723929982569, 131.01663610431737, -89.74012460528317, -25.803663903558494, 122.63505976904047, -12.452230457369733, 8.255031255815437, 20.193510771216644, 121.78444976873179, 1.8443360511381108, -30.879703773747707, -45.060153948385036, 34.93827244758954, -29.2204031786589], [-21.483185697057607, 100.33694914177116, -8.287189161249445, 87.97360577918266, -84.17105576868802, 14.415735463391075, 690.8200751394534, 45.450174256944386, -59.581408608211426, -75.46998151453451, 35.858398503443816, 79.18053164600302, 5.056391337440856, 68.78517153492926, -21.50944175424373, 5.063224439209273, -32.57890543388107, 0.5715039351059216, 81.39738127835035, 102.58322335086807, -168.34517124797995, 104.73399739783194, 5.595925114730084, 11.117059508625724, -6.327786259169685, 94.67228732136437, 94.15272401508474, -69.6291255285916, 129.05174053873563, 51.257470368502304, -113.18340034939712, -3.066528387496286, 55.566143758266236, -40.0238426488454, 62.744999223204786, -90.899445601999, 25.764901775622484, -75.91657298762547, 71.98773297110479, -49.79100609272559, -33.61219243388564, -25.534577713098127, 59.88080831293986, -4.4932318651417456, -80.50121844404698, 132.24340979773265, 129.62888897197465, -19.92766949385736, 32.610154666392376, -20.446126417244745, -74.4886133867108, -82.58318472079462, -53.26389757614066, -16.368070285359092, 113.39874032473193, 43.21772282538283, 77.44095731567106, -115.17164693519796, -98.88689227744959, -59.465953815646294, 88.90254576410246, -6.54617627089231, -132.15031417147046, -58.98257557542767, 53.00298777437755, -18.87365162304827, -24.284571218093475, 92.36844982883616, 46.15853027954953, -40.81212888916737, -61.74311523991091, 0.4481811861015831, -21.97952219987857, -54.63040411153082, 57.11935164899993, -53.33665399835606, -64.70243650117739, 16.84217875287505, 44.94385324686165, 38.89278037007797, 100.22543468253707, -56.01582250570218, 115.8577843019103, -34.09314011578043, 38.825479314038986, -32.11752927178584, 41.58586551250178, 45.482904181049804, -83.66110579568593, 105.09096702804558, 117.81341621225123, 34.17511474869242, -8.218258197849226, -31.671389357306083, -29.109445756195502, 125.47943221789168, 41.45680771828132, -21.165576889584788, -3.691004187795083, -42.718174561459385], [102.79858416077403, 62.38485250982974, 88.19237440870161, -2.5067286792332313, 70.7468351279178, -1.714252483929901, 45.450174256944386, 816.7947218742701, -36.05775209681175, -14.228295892986637, 76.19028012482214, -7.335355927505224, -39.56934511779353, 60.7792663355344, -90.27732336749895, -30.442700065485074, 132.64430377728064, -31.778418255234676, -41.17082326482486, -9.769690293193928, -96.50259274976553, 119.38226620502041, -42.33925909518541, 100.0641955008436, 4.2759742778610175, -60.69283491991379, -15.889410629191202, -37.08025192212315, 107.69386281550254, -56.41690042464267, 62.829044736008164, -60.54280641985136, -60.36515502578324, -127.40453978654106, -39.20408020753376, -44.49006689312481, 63.241384958289935, 82.3402678478067, 3.953820035490402, 102.60613657538673, -80.11105595548767, -14.975752259047088, -89.0623939482751, -15.403583482028806, -115.62328232711616, 38.67319048971538, 163.49888780782769, 59.725917716183915, 41.77842315701312, 160.5444498055972, -68.87243047781637, 42.0471522885473, -52.5225789180747, 49.39529897969871, -9.366665438091417, -32.770892992374876, -0.08393934247616053, -152.29198659742337, -92.29032008915529, -143.76823421860786, 46.5720519645048, -34.088696467559224, -95.54041797210506, -90.01408216499011, -38.18324890862921, 40.547866985256185, -25.599024684598604, -17.507234450992538, 11.153330871172956, 32.3403207776166, 69.43046263062998, -7.381482523529702, 18.384647393455644, 41.668243860476274, 48.757787466741156, -61.42931990664493, 91.73590893953872, -20.715897543616794, 11.367498204804537, 19.69223236334367, -87.40633699969942, -3.4219710981375564, -53.75939762930828, 73.58038371850024, 55.32356755671846, 112.64671301997451, -165.45451875856858, 95.26649161722044, -17.085964394903247, 42.18169127347027, -90.166228255755, 45.937862997377614, 99.15998371789068, -139.8280554754033, -59.73669068379002, -1.794669951621476, -69.24076445076743, -31.24067460479497, 94.0658717501585, 44.110094232102625], [-2.774507104591904, -0.26829045133491264, -61.315708119191, -19.19696727779897, 67.2709226334573, 58.90213272065011, -59.581408608211426, -36.05775209681175, 672.7565832422082, 34.911756817088765, 64.87028462482952, -18.77192273266087, 49.65192855999143, -12.413748521387072, 144.39211334098079, -12.18899556477679, 39.795633855314456, 42.80138591431734, 17.185225187990966, -38.88727196768968, 42.213831331373626, -80.72490404812044, 66.36831771338831, 118.8278581174933, 34.91592953318649, -44.62801055067391, -95.42209475501295, 58.34303389462745, -15.278586713937335, 20.447557698779338, -57.86508352102231, 95.81272427205437, 39.03355494968514, -32.37854984350346, 139.42957826823192, -88.95949645118718, -87.20941787150672, -40.695594198427486, 30.83900140517616, -59.77493520375133, 115.5358463407565, -41.14889002017837, 23.824524209433996, 16.087363176087834, 135.00763280261762, -34.69391950387567, -37.404918427711195, -8.544117493650193, -96.68722046984631, -113.87390409832624, 9.631966780501683, -40.23795424712664, -31.146914309917726, 70.59395375502095, -17.267327066932257, -121.56503982975998, 30.867595329633154, -13.417337485134004, -3.545318886399551, 104.82277347996933, 12.696775690148506, -54.16575088834872, 6.658280860392871, -47.41556623584584, 37.52076559363617, 82.47338238058289, 41.47323264087999, -32.77123700564929, 107.51979982472926, -29.403763469352995, 29.813833252901272, 56.00738877278698, -37.8894553606116, -5.094233931855256, 41.27559797416717, 41.89139285195058, 25.907996253706887, -38.21041523171369, -166.12559084733013, -18.875390462301656, 5.940552630472004, -35.68616744200892, 38.202375072497006, -53.040799151375325, 43.6063560806508, -19.17986284653781, -5.547738026969898, 68.26793714144807, -45.12868327298268, -71.49462528044403, -2.48445462504462, 80.07700171646984, 82.09723438840597, -79.91607532528037, 114.79411542398087, 84.81004287248598, 152.66985848054725, 93.37982066530813, -6.969861576677025, 108.42759599596334], [-1.7596998350234883, -58.5110694737265, 47.32520766597009, -50.97430500853913, 171.8260974771105, -62.716051856733344, -75.46998151453451, -14.228295892986637, 34.911756817088765, 785.526835697353, 59.55592203398582, -29.00116526076493, 12.96423954076015, -24.925488888292005, 64.15587225006534, 36.7221653396523, 43.204089643801844, 8.348732942395559, 40.34712562896948, -27.231362647525746, -66.35317577988441, 37.427959034597016, 26.181804796826473, 28.85500610683352, -131.83528760909888, 159.57908652460176, 189.02090355686886, -96.03981034866185, -12.241430337669764, -163.4673032695863, -41.312792484163644, 1.4912425019686941, -167.01261369019636, 75.81404515946409, 25.78255466699729, 70.24289688321817, 21.653491554267486, 105.19246939149794, -56.903603762179706, 58.82608234530653, -75.5798593080043, 156.27390145054235, 62.5273889081765, -82.22552336960842, 33.8396908725928, 166.24293968531464, 42.28168220341201, -11.376285712628537, 60.83462769578761, -95.84746958232724, -49.40566981770566, -59.242109494356455, 29.357416918580217, -19.780237374768447, 33.705065856623435, 63.15689744368509, -48.9994210631687, 39.879110561755645, 99.53449581161966, 149.22361852565925, -61.9593043704823, -21.07354132983267, 26.137092288613044, -16.5621368189737, 49.44939551132516, -79.48563395792549, -71.99019706384303, 62.8503452038035, -51.328849493366214, 37.92853455018848, -0.5993207308801513, -36.09957443307737, -20.917866838986804, 81.33085030457809, -27.70780622596754, -111.0480528733755, -52.45963026724687, -4.779935301942759, 126.09457360436221, -6.786631338164247, -85.37296248094285, 41.42912911481184, 70.42082083802889, 8.730260171768446, 66.2840054883545, 168.0104095372761, 67.25228473859814, -66.57842784885489, -78.55183046773324, -18.20830981854219, 84.32823801079194, 210.43909429467158, -122.97073278791638, 20.948569746956995, 126.69344243803435, -38.026362656442906, -71.15007006071025, 7.11393480943704, -31.95482345308906, -54.1426190176807], [10.509297075396454, 13.636504631317731, 51.248948427066054, -77.78023060617076, -19.553658465395756, -109.75945302869003, 35.858398503443816, 76.19028012482214, 64.87028462482952, 59.55592203398582, 769.331475876715, 79.37544945337008, -25.021498664945987, -10.303516372809078, 72.37076336397054, -20.217144134296785, 150.17960804114614, 94.624645463613, 122.74269480697558, 118.09990270375042, 115.68710843395327, -87.73418641993712, -108.11871653322648, -0.6818380866341721, 22.866609005804392, -2.742216547276464, 91.96999350115831, 6.467448081319004, -90.36854801245488, -109.17950989594118, 48.74723489948157, -34.67056324020283, -50.94962023824808, 29.699206271974784, 144.03900395831278, -93.1316657852634, -142.35258122902997, -105.71747853564628, 12.894320432573387, 92.02545728875603, 127.33188687808186, -59.59643349166485, 39.82840945312948, 138.55225108720535, -62.84600313843481, -28.821348945171557, 37.76970142002087, 25.75109778605369, 81.91292000152907, -9.961925083825056, 46.403004772311746, -10.91258140606784, -42.311091663354134, 16.89747799663284, -73.59092452411794, 30.009357550129028, 64.74333753422509, -137.095607251415, -24.953580190117332, 21.43779750989849, -86.99884328519457, -44.62186170363203, 21.28908518260942, -206.2133563478188, -20.26844949655095, -20.26338596378856, -45.235085439806234, 151.72692465735076, 43.887861591561766, -93.44952618978283, -15.909472675721734, -60.59100146015111, 6.253972507624032, 57.51268986370882, -47.445136151515314, 85.53418846422785, 10.271245144901757, 27.80824116813858, 27.16940228984265, -19.044366553624343, -20.7192768375821, 65.55569865111022, 167.7866612996265, -39.51752195971804, 112.81817084148142, 64.79935621342352, 90.48487107244748, 38.10672815480529, 112.81871480873362, 51.448425221149925, 42.879896494540766, 62.937457682817765, 0.26160129056491055, 33.241711459694955, -61.76111402978116, 20.10173957486767, 129.75737680365722, -24.259531955521282, 41.99347195223227, 38.303227100612645], [-3.5647347958231452, 68.22191837358872, -11.644499332568557, -24.710025353991906, -36.2693936044031, -56.25930060884853, 79.18053164600302, -7.335355927505224, -18.77192273266087, -29.00116526076493, 79.37544945337008, 894.455167033627, 108.3162136290908, 27.53937424870918, -31.859119233310746, 27.072843179446274, 31.10754506593304, -165.18588096529004, 86.52954057980804, 25.77670900625985, -64.85685177882243, 21.638300692050606, 134.90721550274046, 50.78712930315283, 52.37254040648031, 20.885597461950432, -108.47498041141927, 70.94903638278137, 28.243665841646216, -18.907829938495915, 75.81298196995586, -58.31804867077042, 33.34772481176762, 80.98080945795357, 20.46446538505132, -46.746483474699076, 20.730962439372085, 4.540421637529394, 81.23544988804245, 28.106123065860082, 94.26693710055245, 30.021109854821578, -5.142137915967674, 60.44212699491483, 0.22003300236643972, 192.40915415852666, 8.416945373560136, 76.47948849420534, 103.91965541410498, -35.3655155276016, -29.638771117033638, -103.72871720487613, 30.31524902807082, -79.16036171823484, -29.077911874932504, -73.55853226002421, -108.66900416592286, 38.608696215254646, 139.00592480888363, -8.656995340232294, 87.90933446666955, -27.137280555840796, 69.25525402500357, -68.11305534077988, 8.738653975138256, 101.54526653173734, -16.945224240680684, -27.39406059298552, -45.51371930755444, -73.57966748324439, -5.383857552600731, 23.711874977459008, -77.43092642702844, 26.665244782572213, -128.70362956261332, 128.1530057838511, -129.4908960321599, -105.06591723195518, 38.94386138349743, -36.98887939680479, 88.67054557560336, -101.15405930082512, 69.5314547698231, -29.36709928273083, 14.82118705491002, -117.45832653796006, -5.398564197154537, 15.192043725329496, -9.937292233622907, -98.26293486037548, -42.58440533649462, -177.88660191402062, 91.18478249964171, -185.79078507712154, 42.907835162242876, 37.949021318104016, 25.590243377257515, -126.62261028345765, -28.268751809991723, -111.24204077260497], [68.16968621305612, -56.30903341585491, -8.420592599188492, -11.47461030331112, -114.72752174421785, 107.31883164344006, 5.056391337440856, -39.56934511779353, 49.65192855999143, 12.96423954076015, -25.021498664945987, 108.3162136290908, 818.0341458257557, -28.204911927510057, 124.1398811260955, 63.62767161739426, 85.18887057610979, -132.9554467752347, -81.02852161280778, -69.29493096736053, -71.31292697724989, -17.273726875251505, -19.189799727267786, -7.888468813962222, 64.53270831733073, 61.71291732912194, 94.82051691275122, 14.832815300718428, -38.13358773058117, -71.41801376325097, -85.38698753225655, -74.83458021528408, -43.42355217307192, -12.304648980902702, 75.47566141178189, 38.72619964466854, -131.23824192227275, -39.40910415158182, 111.84220922435463, -7.614519186858569, 85.79786422481598, 70.37368716832151, -77.44333801038661, 57.62567950624148, -38.48911431878865, 17.430927146536995, 88.49458102424671, 57.375499704114674, 31.105180980456428, -57.34276680291598, 48.439528901123744, -24.223925405275267, 25.39979197676798, 102.21535214933462, -92.58139496599921, -128.96221679364618, 54.63470797697263, -8.652217516470685, -8.65164065876412, -72.90655393735398, -56.425852166715394, -73.6777830971608, -56.652254024866295, -55.08292778733802, 30.13004941359232, 29.41108620419743, -12.536680625948124, 56.854115194455495, 38.47475336423381, 146.93330277324878, -22.786004070366882, 123.25454191927541, -24.084918329251277, 57.558566942288486, 50.98162103735911, -112.09362834552428, -43.353558089509306, 43.39193167519522, -12.864217468561398, -107.80667426999099, -84.33102643527387, 59.558245611016325, 29.51923528468615, -62.82679538624342, -115.58233979376037, -189.30365739834392, -55.99355677365997, -49.18485038953083, -42.60784431093315, 50.23448406272291, -3.3482225577381297, -52.07370372090586, 133.33763776946728, -21.65123786221416, 49.32719461193526, 89.71683465786563, -106.55860283735865, 102.11713749695141, 113.46380957935494, 1.9265450437525444], [69.9569047088161, -150.80060516737944, -27.41101285170751, -107.71140630558044, -97.79478690402307, -27.885009512750745, 68.78517153492926, 60.7792663355344, -12.413748521387072, -24.925488888292005, -10.303516372809078, 27.53937424870918, -28.204911927510057, 876.4269706736047, 83.41842269162316, -94.73737922214491, -110.04572413546579, -18.379008824053855, 51.442077445682536, -31.73709164041756, -52.27465018607863, 42.43736805501905, 17.38714641018184, -147.33416994888935, 131.10146171815828, 121.076159344809, 22.637100329384687, -30.62190565276763, -68.04114398740434, -22.028178897596398, -188.90581840048324, 56.87098655682719, -28.037710860690247, -2.7496653832048175, -59.11237147193096, 99.12505946180111, -13.148161139672878, 60.835924664409845, 18.137765073499107, -42.43761893475366, -7.045016378941041, -26.421919694374903, 73.33184104911538, -255.96326492865163, 27.49066027975898, -13.460155589967965, 3.5507274827057507, -69.87354171473197, -29.757808049241795, 28.552852658940846, -33.07556121781957, 155.1716596152538, -102.05168605328595, 17.909459119526762, -16.454673869882583, 30.635480318054213, -24.180051088288714, 151.43682550120386, 11.36065295232588, 106.35291560784057, -45.1738979484392, -178.7198362286427, 8.080562763699893, 30.406157699223634, 91.39677813055393, -6.057859312836, 140.8614930494616, 5.262907696259359, 44.923664940667344, 27.2959864662488, -19.981669214268987, 95.37399628912647, 62.31032761524531, 41.368031594017424, 190.48837245302212, 67.94654688229664, 103.07919065082731, -41.592901960555274, 56.86707085660825, -113.92460990078912, -88.31076949865987, 61.25019213682571, 2.098659002720233, -81.44022932252783, -84.76157056479558, 33.80303687308042, 95.54636629989965, -130.0090986656832, -17.846045221521166, 66.09955784986343, -18.428768822973222, 52.75046222887396, 57.06301023306119, -61.0675804545852, -67.50796895854886, -47.29488725622351, -163.1932489004489, -42.03551490986491, -4.956704243086461, -15.200972488420893], [-2.234293715705614, 4.400832072649278, 106.7532003580534, -127.37726510786098, -157.47360346370124, 62.16009562912785, -21.50944175424373, -90.27732336749895, 144.39211334098079, 64.15587225006534, 72.37076336397054, -31.859119233310746, 124.1398811260955, 83.41842269162316, 789.1957609229532, -33.570606080404026, 18.899346575438976, 9.435581184891909, 21.52699631118625, -49.83109347867159, 113.1182563778045, -135.01580009981976, 32.470625175746655, -23.44052978244707, -34.785321053866184, 78.49899479911076, 58.04292441407153, -1.122271198199867, -29.705932152470112, 40.6611634270287, -91.76845246121495, -33.41230754469511, -66.68081536707442, -91.43656961436162, 41.30670057213292, 68.45363473636365, -118.02748063617145, -66.7217340141757, -26.634224405496862, -49.93818358974755, 58.98747680562376, -50.73784994754734, 74.81944553518234, -0.997601436885796, -91.77634296250949, 116.03249806344053, -60.54027764349379, -66.0151562737384, -175.09467156397858, -82.63537034782183, -70.81946787404574, 79.44535765778569, 52.03733737206862, 2.4805809480254086, -121.43789798602414, 71.43649462036883, -82.49017469559968, -4.638856554423137, 58.325650788823154, 40.196689226522565, 48.51072895450074, -55.319051498567994, -1.8312413253700532, -94.00549346658599, 110.57058130382525, 27.20904305205925, -7.507451703717939, -4.306788749868099, 68.8930753492162, 112.87585376335538, -48.3517492559425, 35.69800181433385, -44.44660737619822, 34.24827117031402, 74.99170357734846, 24.653372496165005, -11.49256525904708, 38.57321536041763, -15.958466062803183, 85.28716460518865, -49.59597110823888, 46.44515310418897, 72.94042808793452, -117.30249415945475, -32.0926127529832, 51.8158148166349, -51.97029867736107, -74.26317724707104, -40.85941751099505, -102.13415511420217, 133.473055495663, 38.3704332481959, 46.45562503772348, 9.525866870532074, -80.17943292651498, -10.381924251196729, 14.867999173379104, 169.47333545902447, 3.908598312581461, 59.226691656555566], [115.08094753822535, -12.306848992673267, -10.432668695044942, -42.17148437562004, 34.67889100626659, -115.58507487035592, 5.063224439209273, -30.442700065485074, -12.18899556477679, 36.7221653396523, -20.217144134296785, 27.072843179446274, 63.62767161739426, -94.73737922214491, -33.570606080404026, 614.9592601680113, -144.10328753198357, -30.14705998456082, 23.319182946110512, 28.956850919487742, -28.13007574447857, -29.323926029267955, -4.683504987301689, -39.27557275638578, -63.55031128857041, -68.45488421125415, -63.01073346413689, 81.90678619615416, 77.47618581444453, -18.61379233806079, -38.126364984303535, -82.07559855726652, 55.915730704752306, 73.52520715288122, 25.007553044120026, 59.231439623479545, 28.829524109774216, 51.54337870658534, 88.70715325103156, -19.422088477881456, -38.7026023504951, -100.88361599609733, 15.754718335233633, 17.848514400199846, 42.61656031088251, -45.31575920054656, -87.87970481299244, 19.0590192642719, 69.4986304043106, 21.75504340507727, -22.788218779164254, -98.94333213641431, 6.442533327952676, 41.41795083073592, 99.54606099582756, -114.03003275033323, -89.37708341389987, 124.96000378114911, -3.4916998209740138, -20.653026820657786, 6.37360247684199, -17.420191509308925, 22.044660110952037, 110.32285953511042, 121.77825891619251, -19.359429241261655, -13.344763715792457, 79.51014875361606, 10.837069855702698, -9.784430869117658, -74.70290393998584, 9.315181970942595, 8.559321132809304, -7.26654554908175, -34.97082985388162, -109.84716938296137, -57.86641089041256, -71.03607937096186, -42.251992974205514, -17.315502112012734, 103.24878112910396, 127.62696043428389, -30.534981582586834, 10.569404326528042, -13.361491893674916, -53.30018675823745, 34.54379829642953, -26.78864657046192, 9.517472405314415, 54.43775954425216, -11.527118310533163, 74.61506780492007, 7.288882635445252, -158.3257896776291, -26.183367092208595, -21.854659396655183, 95.30403391734957, 119.56350969738523, 22.626682636296128, 20.23157758531521], [-56.45160086000516, 68.88289780724857, -83.7431543374328, -44.54236761316993, -5.323799087717745, -71.13123694913952, -32.57890543388107, 132.64430377728064, 39.795633855314456, 43.204089643801844, 150.17960804114614, 31.10754506593304, 85.18887057610979, -110.04572413546579, 18.899346575438976, -144.10328753198357, 697.3162453182495, 116.57797323256939, -29.09039183327856, -9.522573254550597, 105.55850973186722, 124.40396073228894, 37.444863716082786, 60.65487265061725, 120.03967694030881, 58.20048664586623, 36.41777932799432, 19.410704963477492, -128.69591697718474, -45.25756696215946, 33.93832993758712, 38.45632887591231, -43.96166249403089, -61.12331562863046, 8.705096006891248, -6.116863877689421, -12.027675532030784, -1.7195264072403575, -45.297222198798444, 21.432959640344425, 25.790227842298414, -80.01467072789815, -57.89897737294251, 132.47926762894, 7.904311502892755, 2.7495983778724433, 34.02295016843176, 82.90017867951134, 42.487367465233824, -18.43374648789804, -71.55576231999389, -10.978277698133724, 75.45941787861304, -22.277327635521445, -31.150496693712896, -14.834494529074187, 146.35697385467498, -95.61609929499961, 5.967588954142166, -25.265238638417912, -41.741119578948016, 3.2001568797883317, -65.29399921168954, -89.67035454839962, 5.035138603348222, -31.535114747414426, -103.18403459426861, 136.45142871215762, -56.037461372160635, 69.25084284094883, 44.98179969530855, -96.48887096727624, -76.64108943640632, 62.68227480655008, 49.43296965850887, -117.38462619417035, 63.95978630619515, 136.51911386758277, 3.4532019883294254, -88.53254238011314, -107.2992803126905, -57.86491122032403, -30.78738956763191, 24.97044861900237, 35.2663699828074, 69.64912398462184, -5.666911500841848, -49.77367235520057, -33.23174013535832, -49.26908515896354, 24.853506130999055, -12.560138169238925, -52.339503417439886, 130.17522685151377, 65.21820434986356, -29.29381544056757, -94.39393845233052, 14.90236735092946, 29.88499634990257, -8.860294070188854], [6.438214820104552, -14.847261305011692, 12.76358493445197, -6.727028109770501, 48.08003730648488, 46.835464009038766, 0.5715039351059216, -31.778418255234676, 42.80138591431734, 8.348732942395559, 94.624645463613, -165.18588096529004, -132.9554467752347, -18.379008824053855, 9.435581184891909, -30.14705998456082, 116.57797323256939, 919.9835331160282, -107.96129101026287, 29.74147855191028, 15.901263336011253, 9.959035816333051, 29.991553493332535, 60.76533516951159, 182.49230616694388, -31.648806540716453, -39.03147374004935, -98.36602928848912, -177.87470560240186, 25.885617764803225, 22.445900575832738, 75.16576351921728, -82.77398619116826, 78.16565664872186, -67.50747429351082, -119.28754575588033, 0.29388764095172015, 27.51730373031398, -131.76388062824515, -92.67086258700796, -1.0680567094711308, -141.15698853345887, -30.590840180106873, 4.471633427145476, -64.77869181825527, -180.0585485632557, -34.224770750282545, 38.21451407687398, 39.039236025525945, 79.01206142431437, -32.82036926357536, 180.63069685558003, 41.0066891938484, 43.407498306876406, 84.86676821583451, 53.15097145179676, -8.531740899630499, 10.229024963339343, 120.83228940911806, 159.31595655236757, -97.32418280161909, -43.85483189114769, 72.503719994676, -7.559707052954261, -49.665110560893574, 119.48178166995524, -31.933739711940987, 97.5108695055881, -27.91519919377357, 16.032796066915367, -5.910794474872894, -19.213017263142223, 49.0908327036837, -57.72154911640164, 191.3207617333977, 58.95130364586399, 57.49249609478703, 0.42316030517201414, 6.6623921601303815, 15.381854007045577, 22.851294540656127, -71.68005314990948, -38.31269391662083, 107.23002476324136, -21.77600874373162, 47.00203608055719, 52.29376561012393, -60.12679339549703, 53.408557890887785, 5.968332984947341, 98.16221857770658, 130.72320841787257, -30.492559055255985, 111.02080620406298, -115.05434664720241, 86.82503630715972, -17.125202184843623, 19.991211617675685, -57.40003997303941, -70.91668213878835], [10.218786544832891, -66.21687415258141, 21.27237063328809, -0.6684325361659076, 4.6632931711807295, 10.795778350208991, 81.39738127835035, -41.17082326482486, 17.185225187990966, 40.34712562896948, 122.74269480697558, 86.52954057980804, -81.02852161280778, 51.442077445682536, 21.52699631118625, 23.319182946110512, -29.09039183327856, -107.96129101026287, 745.4247856969906, -77.4258602929213, 143.47641570320445, -85.2680657685425, -55.655606651572626, -83.49281413706682, -32.47555273619565, -62.4291617667506, 28.804292667226715, -13.6328676876868, 89.82271748699065, -8.600469683159417, 76.62227928810688, 61.86541816542754, 112.9175222112882, 62.141566797003456, 116.62477002141325, 12.889743939108147, -2.2733681733534485, 22.314413439894363, 30.271107609657054, -51.37517746911596, -15.294156864888308, -134.7869730387833, -68.7077049688597, -129.97035776480578, -119.71884622476165, -23.62650135791156, -32.761722383647374, -67.6966328449817, -92.75780903962568, -10.187389573795897, -5.8681966427279715, -158.98232084445212, -146.36913355060372, -15.409979736217592, -80.31136514732819, 37.83295614399166, -36.56648658814482, -8.460912425236055, 97.57820372101912, -0.16337124328259822, -17.404324510652774, 2.664137208052377, 22.959263228111304, -3.3326942239791646, -11.348368168974838, -133.58465913683804, -18.331490337158158, -58.93622311739403, 31.67928273343809, -0.1611756789671327, -63.295772558350585, -159.74656620577667, -1.9571516503755964, 42.72792366901437, -21.016139769325775, -15.162994657966012, -33.32510641594547, 12.062010431978205, -1.9706796407890963, 43.06690975323808, 47.3131071788819, 16.942443374627956, 110.21474685017255, -52.6373226480578, -10.314068662833696, -124.26275496424898, 13.304544682221664, 6.6254477353446335, -69.19745360987308, 178.20167115342093, 58.781049272131746, 46.36309641987654, -23.325719101877716, 14.271947662901653, -4.453162310776842, -50.83609939816036, -114.76794783812795, 37.27100618701296, 20.25556963635505, -102.623498740983], [42.05701490953718, 74.07028647317037, 84.69712304285008, -11.01822920260089, -130.21210988524848, 6.843193848364071, 102.58322335086807, -9.769690293193928, -38.88727196768968, -27.231362647525746, 118.09990270375042, 25.77670900625985, -69.29493096736053, -31.73709164041756, -49.83109347867159, 28.956850919487742, -9.522573254550597, 29.74147855191028, -77.4258602929213, 686.6183724461864, 22.424876048663464, 128.46035932783022, -6.928586049889999, -45.06284658291468, 61.636106476834364, -7.72008142758356, -26.33316900414562, 30.788088289000612, -12.094594469623756, -15.578086612920032, -0.4970816056621468, -150.05459653343962, 24.99358366694408, -41.01715227767297, -81.56833119300346, 54.29775714092456, -74.67352062192566, 176.7549547545942, -87.2190114596184, 13.485153890924337, 21.108232989761557, 68.92500468230813, 13.631149836016249, 79.80144971635534, -26.85190832110403, 39.42367523596749, -20.898459890903478, 27.923176756639222, 43.3510981040934, -20.861023425875082, -81.81874579293388, 3.051394208359948, -1.5928149385284764, 1.3372188476315305, 3.4547843815171477, -19.761877574004664, 1.4361162978604134, -25.880370306962515, -1.1740296384013245, -78.89281378589158, 81.51275193966792, 91.73202146411536, 69.67612906505869, -91.09105668294592, -83.14461334286484, -63.52326339941628, -34.92804988278076, -35.87910814013269, 40.01145014002317, -33.25954863740375, 70.83964741990499, 17.54070534860355, -60.88191733687173, 1.528805542922783, 82.12239182322196, -35.35469436455055, -94.22133287136782, 26.530073134294657, -1.0146484877698096, 5.2946837312476625, 21.961747588296394, -73.37839893034133, 4.385158329215456, -26.631985321306402, -70.49182937742134, -54.71502854609647, -17.478606333519835, 114.56654865060533, 112.31520023674489, -1.0581852342138862, 2.6255929787112944, 57.151120197122026, 69.69781762614421, -22.87505068386702, -49.38561624357961, 78.600272452235, 135.97307492783952, -4.9724851864661215, -63.95529989121263, -54.705767373572264], [137.11695434105792, 50.616018501542676, 62.140081658836436, 21.55168764074423, -67.24380854952447, -16.143760861111442, -168.34517124797995, -96.50259274976553, 42.213831331373626, -66.35317577988441, 115.68710843