{"N": 100, "M": 6, "A": [[[715.2659418053001, 142.4136424196047, 103.69930136245696, -70.83670848920235, -57.501821953044875, 64.440575495664, -86.78866039961184, -17.032289413265794, 52.703854383287506, 21.440906951039867, -118.46124015406185, 29.5578285041653, 68.03602224910354, 58.41958369979312, -60.75696015757598, -73.60876013065108, -127.79622632887431, 12.890669090297022, 36.147136261533, -32.933062305266326, -46.32403255589331, -173.88972985793743, -15.692072241051475, -39.51448203759447, -115.00121478059374, -31.429394812147475, -13.058502107150893, 4.7895205085083905, -149.9924318142596, 64.18372354817917, 26.486442315906782, -13.13551357779006, -42.18365794972034, 129.14300201697242, -27.641491076668103, 19.470812213923853, -71.61753764666047, 39.345070849046, -41.265926538268246, 49.85759312503829, 62.395172169295094, -192.49740710840277, 11.553661402337696, 17.635434305666273, 66.14104686673767, -4.650933085417196, -16.23509897016142, 15.029658696898029, 144.3401240155005, -52.325341699257415, -20.397186835799474, -49.824165466256844, 22.71908115626119, 44.60184328818317, -82.67718077516331, 46.68294052124714, 78.95732955451388, -123.00429742132319, 20.006892317085672, -40.718925858085036, 65.49876454509709, 33.45213792783749, -130.23547968431862, -6.266275058391448, 60.61596503891002, 56.744268554479, -65.68744583675777, 84.71201306068166, 3.044395710723305, 37.27750717022249, 33.512689417772556, 108.15190716619425, 73.96928147951006, 109.86736798951827, -58.24781583294253, 17.191948065102338, -9.417936589021036, 110.09329519983146, -1.0734048519142723, 99.90975826720612, -112.68452449138489, -54.7598536160422, -55.17018628206535, -63.755583249116235, 64.29510565109975, -53.50509108089929, -197.13280842815286, -28.53325020347626, 45.24574299885766, 5.193124620192039, -87.28960539619587, 120.74750127126327, -29.97039331402178, 69.07447666258643, -24.44805538859008, -64.00595002593293, 70.38068996838018, 45.40853905267481, -78.13066950998264, -144.32524865529456], [142.4136424196047, 710.7505317597302, 38.468421046858516, -87.90279727449646, 48.41531352495753, -113.077832250434, 101.59191157036065, -2.799998893079962, -1.724986425937651, -51.96085525209397, 30.327098082515043, 33.414704646913734, -26.901562114302916, -26.97224579515823, 100.3105225900828, -42.457596846525114, -27.162451712054835, -45.40896686039341, -2.7245654632513947, 33.49687213013453, -42.793496121411515, -7.686354082791652, 35.067241648616815, 98.40015049655662, 36.03985582014226, -74.26661947867495, 45.51616593578, 4.194589845819249, 122.26345586353057, -0.22193104182994441, 6.513898209798421, -39.57171099836819, -26.027370310440865, 126.99868929644515, -84.90362554732914, 62.62395640013915, -2.7819319946460954, 113.6433558357205, -36.00516737187738, -34.22771988323801, 72.60171325843545, -63.23702876518956, -83.53596361254193, 92.17862607243815, 116.12830806530337, -7.72677153233036, 131.79840097373332, -75.41606112208791, 37.3093151490669, 4.587660275559404, 46.32355027603016, 30.349482761432597, 58.6706237407753, -7.98325719312047, -21.175324333574732, 23.427943464187805, 13.907451267575194, 2.967622356187795, 166.75176857332465, 0.8113995243825802, 2.2777836672984666, -132.88221103749353, -15.102402534730388, 49.59811640945692, 18.14511582016482, -109.45441930177488, 58.77528814088873, 1.4297583243729473, 63.79568838598538, 42.96750283930552, 157.93055804194876, 134.001929220016, -19.85196152953839, -18.303140390172114, -43.98330262339819, -50.166601621882045, -28.69502084571556, 208.88690238155533, 122.12266335869677, -4.498471193349818, -10.73232841756355, -76.7862790959249, 75.86361067797071, 95.72936661613589, 61.97188322293807, 72.3209759061958, 46.701031611820845, 29.698645550738117, -109.38953102512939, -183.10780857047834, -16.504716031432213, 24.981933773084425, 89.69215353555826, -18.420461298566156, -26.57239819795231, -70.14401823890068, -96.0055842018887, -50.45487197399727, 53.465158141965915, -83.15254356676196], [103.69930136245696, 38.468421046858516, 826.2097089686603, 36.1022664478605, 105.83399500091772, -81.81803448047195, -140.26741728279012, 107.06524470892487, 19.24563260165673, -71.5241685289381, -58.08062719706667, -62.28518900292994, 20.202391829258882, -31.90751046898628, -71.77698633329562, 29.67459746337742, -33.543506979531976, -58.152794096652755, -65.47733213153647, -8.744991856852073, -222.32898041810708, -125.40280518175526, -21.87256609909856, -113.9196836234782, -13.09385707224715, 44.050899121751996, -48.34041822207969, 79.90774137101747, 42.439105975533316, 1.2170780773682397, -87.67465436860455, 30.969146332511148, -27.529616362119214, -2.8598630356609758, -12.710073338336967, 102.16958795795762, 100.80283839720491, 14.927768018963189, 86.54651892282219, 10.348100411026596, -122.16620743720013, -1.4827176594962415, -74.48027358394579, 81.23216306133818, -36.96116763378434, 65.86238815676487, -42.02158918951428, 60.90968495141922, -77.98428061895066, 48.47473345316147, -35.67922546098247, -56.397235314346105, 38.45262520911268, 74.27417764035205, -53.228666034774534, 6.110812499905112, 124.7952514031294, -22.342341460169504, -161.33347065405485, -27.488852947586523, -5.484580144935201, -160.52630203807195, -39.479483048070556, -87.00660425187812, 18.0175794591697, -47.267635900140704, -12.10883008199689, 92.20970296998867, -97.76049874685158, -158.211724531506, -11.998490063109502, 86.40897445050373, -19.894265292818652, -28.91837273463223, 104.10506417658904, -123.96619734651388, 37.75943505768047, 70.79689633809282, 55.75073375048536, 9.88644888555866, -15.925538927484634, 44.82589596137061, -38.98289482971731, -25.769419908958163, 16.486432929630404, 125.7574731682597, 84.11524837795523, 22.550503931756356, 4.585918990812007, -68.49823225092649, 24.803092799550626, -5.036824523638745, -56.0227614905175, -19.92064050664267, -22.51111100483529, -100.5766557907092, 46.562838666824355, 39.86408766549263, -72.92247565947258, 70.59976097509157], [-70.83670848920235, -87.90279727449646, 36.1022664478605, 837.2985927373513, 29.53544551699653, -32.11591063621896, 44.61414383589485, 101.21303365760637, -44.03955200444147, 108.40636815443034, 6.056622408999606, 26.02486649712566, 33.090939914144926, -40.38796804713314, -49.218723038587164, 1.168205576593173, 111.43685922451346, 66.32280976918663, 43.159872615553496, -136.82818734998764, -57.76078844815109, 3.2096525281014747, -80.12907850746436, 33.213841882699455, 26.27338279368269, -17.69483871248845, -38.78603572255665, 7.491945135632948, 116.7851971674747, -60.11127976877208, 62.63209272552152, -76.79082533111634, 56.616036615741194, -140.76257427904923, 112.67761385266945, 27.39185912906412, 109.8441743166941, 10.105164490335927, 115.97767381502418, 116.78999072884834, 150.7552594376897, 44.003928749691674, 161.92049211850886, -128.7163117418467, 38.641909143352876, -51.65059204906164, -77.27859438876597, -25.13163419232253, 132.1290905791654, 76.89450332955732, -129.0838827869155, -30.414364224112862, -127.16793215938391, -31.207716872189096, -46.9030224339148, 13.124401239207103, 63.121102881687825, -34.76450982747399, 46.20657720252684, 5.675633128226479, -60.51664447533102, 28.247588474806538, 6.957939174706027, -65.55617794410023, -83.91649439899493, 41.19979417476387, -110.41257043321681, -58.974290758005985, 89.32351277114645, -29.428605003104554, 16.235851159533272, -19.415648721103118, -140.38143649045884, -269.30838938150174, -7.545953124726019, 119.73559094935713, -4.9804793158702, 46.74381911462405, 30.26523635382456, 93.91155439356936, -102.09761219771589, 98.81891384847978, 81.18930067097524, -37.8571576533966, -65.86277037341985, 80.41579666496574, 27.45147274718561, 19.744568697573545, 47.22928192057523, -16.259996070903398, 6.7527567056033195, -50.98208429815442, 49.61752378491953, 156.06605753867453, -57.34132620984273, 82.17551927582029, 37.98133411846806, -1.352764417831641, -41.43327830266319, -15.933449793558742], [-57.501821953044875, 48.41531352495753, 105.83399500091772, 29.53544551699653, 1015.00549993601, -101.88910588550583, -103.64846927582767, -6.9523403423782355, -12.492123915601917, -75.72597747896721, -111.43976488962005, 24.81681819593516, -85.30284655160185, -60.5340270392307, 39.96125737642762, 147.27391696153376, 81.73222454462997, -18.54442384341201, -35.91293820081752, -14.522869875018761, -121.52459892835206, -90.3560571882776, -68.31869534526459, -29.709465044072147, 96.59665056932577, 19.467137635702457, 181.2981863475042, 36.172154174489286, 108.75426210285663, -74.39962477527953, -83.73081248446, 43.12429294191478, -79.55710522930089, 91.44585615108811, 63.28381164707607, 115.46236054706948, -14.631688389357034, -57.88298759725011, 21.66101108272028, 169.07430589034652, 111.7719073329597, 33.46171921465425, -21.229541067222435, 14.119397744084411, -1.8279911902672512, -163.23238308844176, -56.733042075000796, -40.21494173641633, 77.14958910740671, -39.22340222686868, 117.25182537256474, -113.54726345899499, -50.24017937810345, 23.165204246445832, -30.03844026794904, -103.71774569087326, -57.27771737019731, 52.26234531897985, 82.52558523359806, 102.46872282668402, 31.200618005379273, -85.47576725130055, -39.49748104102606, 41.0058130549367, -117.76700088904227, -21.032778194849758, 129.99255797784264, 8.573084791320682, -101.93978802409227, 111.3511513791524, 42.99750695882021, -18.495030642893518, 29.74397151916355, 40.14775929543094, -14.66825275637654, -27.914965930908085, 80.90433393164936, -36.06945673822039, -7.556814970705023, 116.68784878655472, 14.268556545705462, 28.373326819588065, -44.57930454451604, 18.025506124026016, 79.33324523106904, -1.6850042076853575, 28.698490721314855, -179.02975617199445, 45.523582794031476, 34.32204261148416, 111.67348696448663, -26.380974191267473, 23.81532079142249, -10.0137196925365, -13.280603419239807, -115.24193607276418, 27.698817794457415, 15.433737562219036, 17.019383020769663, 56.417402177901366], [64.440575495664, -113.077832250434, -81.81803448047195, -32.11591063621896, -101.88910588550583, 700.5644093270673, -105.25317871204871, 116.01355130393897, -177.72318313398944, 29.813728843489486, -12.338978313296144, -5.1141000211735035, 124.88416646917022, -148.19525171426957, -102.34004969944267, -13.946438129707412, 41.87182727885604, 37.52239162323851, 31.386562044254482, 51.113225624310395, 3.386242943128316, 11.659258620585705, 20.525020333357638, -135.9713356197851, -134.8592227545473, -6.916945740716329, 1.730844706447464, -58.28382532220176, -106.644734922876, 58.75540523214236, 63.419911958407425, -36.24242156671641, 60.38967825370902, -110.9309590649783, -102.88878664145864, 145.90569415446413, -83.97305153968837, 99.65438405113558, -22.730937558783015, -19.228204533163645, 3.935287955958694, -115.51494619260062, -65.69384906815137, -45.790992523561265, -99.71870793392574, -91.6203887859539, -102.0497195088967, 79.01809194724544, -99.21403179528963, -68.95590436559004, -4.838797033143927, -4.903268856381423, -65.60704020179786, -99.5399438228195, -1.3157149997060396, -96.90628364414141, -32.359623568846146, 98.3623703563752, -37.1840266662795, -84.99760040871456, -104.97355508064899, 20.50159189786324, -21.594894343874966, -35.910224411709194, 63.588488987440705, 27.725737167477288, -4.604364908848582, -103.34124284097187, 55.710404748605576, -29.641503700450855, -65.81026008689085, 123.47429069957518, 36.39411950205759, 22.883913027581706, -17.276439116536512, 3.6530275338510805, -80.27735110108092, 24.200170442624547, 49.14190794563024, -9.068130081791988, 21.77189174313974, 7.629319957338146, -11.48550409882627, -150.52779063121332, -24.016776568104103, 71.93785936109245, -68.33931384362891, -16.598374027709394, -83.43968545422312, 235.93331051205908, -67.08370687140629, -171.39377311482372, -20.183534413716547, 91.90417994573811, -56.383538272634006, 111.43351081982698, -12.480833727998737, 115.68643190629776, -51.9946972655716, 50.63610737166063], [-86.78866039961184, 101.59191157036065, -140.26741728279012, 44.61414383589485, -103.64846927582767, -105.25317871204871, 946.5380804259568, 169.77838219408645, 81.89942297038772, 64.59821244785283, 40.96274586067027, 12.105941035979763, -134.66545418706684, 132.05683497900358, -105.87958285181753, 66.83578465484048, 8.643905810706263, -89.92854707077166, -89.27947707611565, 43.219791315994485, -86.17684506860708, 17.6089677124574, -33.51012212937328, 59.1725047411298, -58.04542432459975, 35.284501410927454, -46.61696989280426, 90.35692144168964, -67.46404476090177, 130.74127166943288, -26.785612925676844, -203.8643743634695, 104.52111102455734, -67.43132837580819, 23.041717697580147, -90.02602962131486, 67.23775888052639, -54.85880085607587, -32.51636987339958, 79.64651516595737, 62.91870943361926, 47.752110179407815, -52.066171796750716, 32.64304002227351, 76.04181738445517, -102.03000473804687, -48.85647432658851, 37.48908902788083, 126.90849744006266, -26.042127510580595, 83.13620398324717, 57.36677287929676, 120.60062858969526, -54.3758905875406, -22.283147588484717, 166.68810478819157, -9.349696441062596, 114.7140493285013, 38.67849388176962, -35.90313746754432, 18.766485823205695, -109.76378132578627, 19.08317190029754, -57.74029260943687, -52.29526287901292, 22.365264251176768, -38.44202275515946, -125.66270012700267, -3.397818869230078, -99.88101859535092, -65.73998232810443, -63.497585090401316, -45.089353601215365, -223.0686992480187, 96.59901593847354, 26.552982395303268, -69.4849133746213, 0.007178491454051703, -14.78313788537236, 32.6236853669423, 33.33706057659861, -175.67241049166475, 170.73495900001046, 44.749357548341706, -16.92264802380624, 38.64340177073157, -115.83646739677756, -80.78838770806564, 9.452403201111396, -96.36068541556685, -80.80933889192167, 31.643110860315115, 24.88339895147937, -104.14622064098866, 28.719342812505154, -23.61366368871609, -132.101698317268, -27.753707998318458, 4.241284777658227, -24.13476735425985], [-17.032289413265794, -2.799998893079962, 107.06524470892487, 101.21303365760637, -6.9523403423782355, 116.01355130393897, 169.77838219408645, 1098.0669131098416, -24.782040529353566, -40.35685659752053, -75.70101539190405, -8.506858768446968, -112.57125099756506, -32.67161267705248, -14.519602397427086, -69.19731958014025, 178.10823092489866, 134.010392662116, 30.630974363405972, 44.548832927077, -51.76179218621116, -73.54552883131107, 13.014041924344895, 73.74241608463662, -80.28874608581313, -16.435537204607105, -147.0618145970564, -48.76487487512713, -19.375551085078364, -27.743091974365896, -3.340629600749691, 28.2350789594903, 60.0305419018219, -146.5359223262962, -83.98483636935694, 44.283561137762604, 59.12456527069986, 130.5155234393142, 194.08221102382527, -54.76312434083934, 125.27633213342969, 25.42400624091088, -159.78954699672937, -98.80823215536644, 15.414788809583996, -103.70950256812264, -134.0021094382437, -141.24240225838338, 114.92878407485108, -30.116268135652923, 161.78675896152797, -79.98939272842688, -129.66374975385366, -80.32046491427525, -34.86266301283876, -96.74561474533714, 48.08503767986284, 9.45230485803791, -43.85684161698086, -46.63488918045567, -44.69899342816883, -138.83936504271472, -68.26637632558152, 69.07106401671035, -170.99354547713025, -12.47504968403574, -49.64023168001622, 6.625884697276228, -39.9504516852529, -193.1378383299781, 76.66167315997025, -11.315210287016518, 45.58867827347089, -20.916971082709754, -32.279011776996036, -31.448618873337235, -3.4839685683347943, -48.259797107919695, 215.18445936389443, 126.74356811641613, -31.364754050543453, -72.96461116124904, 112.13882106225405, -115.63712350106373, -8.170521720768704, 75.42205918150312, 18.058440690936123, 43.67070018510987, 150.40759642845822, -28.851494467058885, -27.687954650264622, 123.85685207619088, -3.3036333152817354, 105.5263413222647, -95.41514895681388, 44.18530427746756, -92.62575120700177, -131.13242207834978, 82.95464050658974, -144.76253740518933], [52.703854383287506, -1.724986425937651, 19.24563260165673, -44.03955200444147, -12.492123915601917, -177.72318313398944, 81.89942297038772, -24.782040529353566, 874.692572253541, 76.4851347377726, 75.61173409348883, -49.13077071352354, -26.64548449513067, 55.830004282246904, -104.70614939403808, 62.16217522112873, 17.77975852732141, -214.77524308710733, 153.93648354055756, -8.928438012062292, 15.4996701179865, 13.54327623258158, -46.26443771273518, 61.03986152924768, 36.54290196679741, 32.00261928824984, 57.12859083432768, 126.69782489353418, 229.4636966637621, -71.56242668811137, -12.831982113754492, 53.86289278868212, 14.118293975658599, 38.43822751194105, -75.65934645335962, 98.44565407545677, -10.432667045332446, -21.764000419208823, -19.89523330188236, 3.067619508985876, -20.26475143906469, -124.10056957361415, 33.2310568364734, -5.251526781394048, 49.09703256272145, -63.35647543263782, -68.20408149153366, 38.587979136719866, 67.02309512270813, 68.50707926414539, 93.03380618142737, 10.366476791684269, -54.67089969564054, 44.979761830284296, -32.311088283879286, 113.7444039204367, 62.73042169212096, 54.1502517019217, -19.982931713550105, 85.8866720774518, 194.23339690956655, 66.56943923361155, -68.96928858393474, -63.20276059340814, 61.546954733221156, -80.82496841712539, 63.52979564496748, -11.211988787087124, -86.10255012622015, -75.73944517250833, -132.37301686458954, -68.14407403045907, -110.44624181062399, 0.4721369515831749, -7.500787680614456, -134.807473868387, 94.10653083175367, -10.244232357796792, 28.31982313206773, -57.15506955418426, -1.9054111230730904, -81.84675493109356, -52.75498067449348, 6.656091537340391, -79.30087223666742, -206.4320918293157, -59.45629367840449, 98.12649855690198, 14.970840590598625, -135.596493129509, -11.728775710701823, -54.59231437255689, -9.410475412375947, -2.332329997485336, -63.287163007101725, 1.7792794781756638, -24.255344512521592, -56.989780295028346, 64.56118920342752, -42.13899200380607], [21.440906951039867, -51.96085525209397, -71.5241685289381, 108.40636815443034, -75.72597747896721, 29.813728843489486, 64.59821244785283, -40.35685659752053, 76.4851347377726, 703.0362417449551, 113.00869634958075, -2.489312571555061, -77.71073885850608, -29.353633647678063, -187.32243350178817, 34.409639834157666, -47.211356641598705, 101.63364282512111, 98.42787514356357, 128.90652414718068, 0.4284038597580567, 24.778359652518862, 3.1109497900315826, -1.6229208109763462, -47.05587581705299, 30.70872653116105, 57.31798548646509, -98.03494204479314, 89.76301119378704, -6.261911377402968, 96.75862925311189, -44.30688955813418, 33.21436984719733, -102.14399268304165, 3.7916428882947035, 45.988588399434995, 62.546341523783205, 61.73446770789614, -50.475239750851166, 78.89940389861991, -76.56624629341404, 17.240569745937695, 14.249576206583793, -98.59494075677298, 62.92188077866953, 161.83731433602776, -39.341131938269875, 113.39652247157076, 36.78649313320937, 29.74640927706767, -109.02331712802196, 131.55561527092263, -12.222398844360244, -38.28601235684371, 29.395614944655943, -39.80456720864799, 13.157506231229878, -1.8939779818088514, 119.91632872837945, -134.86014343851704, -4.609965616014419, -10.214111718084117, 30.39583528899844, 21.633220220245768, -5.01245369490887, 190.40793037709074, 41.06730806889333, 84.67589650346743, -5.30938524747025, 44.66768076570996, -68.00611069788776, 49.03407410107103, -116.22182697649014, -43.29856434690113, -43.24572009184605, 203.66911940086922, 46.0626485434387, 79.82686962915412, 144.77072243770883, 67.91486111317417, 98.13509126631531, -117.7010227700972, -21.065784235776675, 76.92212274815, 46.53727283169365, 3.2358514141451256, -60.090751052309884, 20.13398228756007, -12.718644610256641, 79.78287537882282, 77.7958357340282, -136.1697040916217, -2.7293645929716805, 11.645863507093468, -46.60912357803563, 31.498148415706915, 49.732662065726316, 28.181848112914864, -51.17405294980188, -35.74638040185167], [-118.46124015406185, 30.327098082515043, -58.08062719706667, 6.056622408999606, -111.43976488962005, -12.338978313296144, 40.96274586067027, -75.70101539190405, 75.61173409348883, 113.00869634958075, 1070.1141898044928, -73.85111313558006, -45.74280557097677, 44.77059698374679, -98.42961892430064, 40.20803924995937, -133.13411536468143, 141.1401079449297, 1.192864177665244, -121.94324117206014, 111.36687956224249, 45.604238507857055, -8.568175002897991, -90.62897831304899, 80.27896362957017, -6.172737834067272, -1.1790853878379202, -35.468979932522835, -37.24224973650236, 3.24846636381634, 29.39974469217134, 122.70021652183081, -3.8774213337238868, -170.4487465189232, -53.8856640353307, 69.85669157491127, -52.61404152281752, 72.99953380617204, -61.23725306766937, -96.570863522641, 19.017492841146346, 16.634393757414262, -131.88063113775948, -21.849634934065474, 2.680274553025505, 20.163927094327207, -82.25621145453607, 18.769724840267184, 16.982000186694922, 8.100371899993144, -47.781405296185135, 126.61929352859104, 55.21724426721416, 31.956624934339857, -83.23811242043547, -88.39865359976822, -64.64587914303384, 51.957126362187026, 131.72114445760033, 72.1346935715425, -3.6744765299073703, -45.068127590220804, -84.19413381640564, -44.3686005403816, 76.4995766331699, -147.87789810828718, 44.24965686190368, -76.28007180353724, 175.48325634045108, 2.39212615445775, -115.65729715045113, 161.53787374555552, -51.07544087184195, -42.01872684148367, 18.734087307676734, -52.01346105413788, 75.34651594765555, -210.31982101388604, 38.87373020028627, -18.71030972916561, 1.7707415128348447, -65.10757728888376, 44.93241869014806, 9.80596960079933, -29.202638478380532, -21.05954000148577, 27.552747265717564, -30.701531413002737, 118.49319890392235, 74.04397364409314, 128.91306102865835, -94.56110768215275, 97.3137077214319, -119.00671130297499, 107.69065108611333, 45.996200462582685, -20.439706096907823, -10.268077680377258, -51.07528430354324, 104.00534411540073], [29.5578285041653, 33.414704646913734, -62.28518900292994, 26.02486649712566, 24.81681819593516, -5.1141000211735035, 12.105941035979763, -8.506858768446968, -49.13077071352354, -2.489312571555061, -73.85111313558006, 796.9166918864308, -77.41875485490465, -103.78353562533644, 83.6088828524412, -57.84616018692972, 26.931006565649234, 138.60502757721503, 54.69212954806946, 12.090670696842196, 115.4569227666458, 23.83100080987947, -157.13563043498144, -70.67474256786858, -62.62477120095364, -81.906962784102, -32.69769392150886, -6.554978389547418, -23.716417925476488, -134.4535690230397, 1.6097793871923451, -70.62363157790568, -14.481584506167632, 77.51828626604899, 9.18217376835087, -248.55237387923708, -29.32664776556653, 22.460583519471715, 10.529371683495448, 28.91442676259232, 99.42886030877361, 26.779581367790236, 6.04460324301258, 36.278232509619635, -24.27001556914281, 6.95937293677532, 113.6449206910701, 20.981315747711612, -48.016838361209395, -157.31573808337222, 39.75164880054076, -110.54951055063476, -16.402512069195087, -10.332364882038195, 90.9744970929623, 110.41166324843708, 25.281443979650362, 72.380274254738, 19.352179127590908, -50.026407836594146, -33.299052088630916, -166.4334042623227, 23.0787223115725, 109.25814716902595, -59.96909947573574, -76.8989671796119, -7.421875408737232, 68.84895677320328, 83.48076874888173, -49.90869091507733, -28.380677841957407, -36.14237789899271, -117.40230842913964, -14.992150329343763, 35.02237800477181, -1.70955290113956, 182.31804770679062, -42.668134735183735, 85.9823906917231, -42.67343532420066, 76.80670999001505, -51.88464642442042, -79.00188128618476, -73.7257774363937, -15.433404217980492, -106.18421120704437, 23.460505668340502, -78.99555856877069, 33.87191957917111, 34.83905189950622, -98.11229866162036, -35.225421434613374, 25.554070762941365, -77.84618634668615, -41.92935244836439, -79.59776827508573, 119.93438978123825, 26.21700517544741, 55.24458240529279, -15.634821338732545], [68.03602224910354, -26.901562114302916, 20.202391829258882, 33.090939914144926, -85.30284655160185, 124.88416646917022, -134.66545418706684, -112.57125099756506, -26.64548449513067, -77.71073885850608, -45.74280557097677, -77.41875485490465, 938.5630845189714, 1.7100988676333349, -77.27985069730369, 23.520697702035335, -138.4036460141486, -172.2975913368601, -39.8216319667562, -114.55225218611692, 23.307685360610922, -74.89141081505804, 91.1465261951728, 116.90677539549723, 98.79272721117434, 104.34341469295647, -118.7549606685282, 25.119203806680677, -41.389249456317245, -46.87352938097117, -68.53561435328749, 119.01223856662317, 54.83382363521978, -147.63885811367808, -9.52081656734525, 40.846924640360555, 79.40988202069941, 182.1971581275537, 60.150069827569084, -18.567598792047736, 138.9945967413994, 132.1095520106835, 163.05065750509607, 74.76109267623312, 4.715427507655621, -100.52255822845453, -8.780297514431128, -25.848354203467395, -33.9920076068542, 31.152795756100872, -94.97376153380097, -63.07327673680575, -34.522624904607284, 121.35132046999264, -58.25821251638616, -38.645825538130765, 145.40856210331722, 104.05808820278666, -24.779926643097394, -79.21832746884057, -146.0156604577757, -10.42619010923905, -31.155204084622444, -26.89874482285809, 128.1972204265436, 17.189354008965573, 35.639972666164326, -57.39762548455877, 85.09992348639317, -96.51695337315434, -13.240194380026706, -132.8287857297855, 124.8698024840535, -61.85583776266179, -72.12635165034192, -57.58623261728458, 39.8759329369333, 117.23387826873878, -77.90309314411748, -24.758843001568966, -7.184638590012902, -13.145193234320539, 17.181269214494026, 84.2437481283292, 33.10782107576139, 21.097284586767344, 102.71162766324971, 48.16853658299729, 34.25486366754545, 97.56060481903953, -159.23242790881307, -51.5071954398481, -75.14296476818282, -71.5553429545547, -22.559875544594277, 47.002776139607825, -93.70413174837587, -8.204484568839543, 14.940795325330782, 47.47826538232482], [58.41958369979312, -26.97224579515823, -31.90751046898628, -40.38796804713314, -60.5340270392307, -148.19525171426957, 132.05683497900358, -32.67161267705248, 55.830004282246904, -29.353633647678063, 44.77059698374679, -103.78353562533644, 1.7100988676333349, 871.4516471837504, 18.469753801859845, -68.75119402976978, -20.706161210019786, -16.36103550883036, -118.68032681121993, -102.28409684166652, 15.437051242253824, -1.3611807893580559, -73.81095182037129, 29.789727073183656, -100.11713526422669, 135.88972549356546, -8.640428667617037, -191.8685525536399, -125.83313575438552, 101.1342893559952, 28.717833976074594, -36.186899333465064, -10.234362028561328, -3.826532515916533, 80.26208668033922, -102.69980425788296, -43.94095486268376, 19.88839849732184, -26.91460813628102, -40.54050629989193, 138.8209219936279, 26.97890231774741, -67.20467846752952, 131.83786417517027, -110.7524039147503, -3.2325976676505817, -68.60932928951013, -34.481292075124, 10.682214262473776, -19.003439519308124, 31.109083467796708, 43.19691409183923, 135.010060629836, 155.74052078443424, 111.60067805010503, 28.24166712750464, 61.83770743022188, -47.49887444900789, -43.431791670909085, -72.20188795873459, 96.07125489215538, 56.00565587525083, -38.520804852913336, -68.99625757397268, -69.84017058346522, 31.52336514412975, -92.74395061336705, 73.56662893439115, -99.45278882386684, 59.67061095274573, 43.67468394063346, 16.206112967049155, -58.64752183504743, -107.6750556268704, -22.23431937319746, -63.66966856628305, 15.356972755131302, -17.937481801226852, 59.63917542454028, -6.255650606722313, -117.84277317864263, -99.9916133357719, 43.87120573878866, 227.9982190068923, 13.845500929544675, -37.676322331534344, 32.42535895924497, 69.17061085966554, 23.910471167647447, 26.429022632251414, 0.3581130064938716, 116.4499493497708, -136.37765237707185, 51.893789308492316, 27.80991694766195, -65.98062898021085, 24.916401570237806, 36.04509885430647, 38.63660220369025, 22.456694697823945], [-60.75696015757598, 100.3105225900828, -71.77698633329562, -49.218723038587164, 39.96125737642762, -102.34004969944267, -105.87958285181753, -14.519602397427086, -104.70614939403808, -187.32243350178817, -98.42961892430064, 83.6088828524412, -77.27985069730369, 18.469753801859845, 1048.117442149567, -128.2979109729334, 83.16660010983274, -46.17137240700087, 39.75637939691541, 17.899951814775413, -182.4642349348391, -33.031123233007875, -77.62672672360671, 184.35965604211705, 63.069922946211435, 26.077591168964446, 137.84437917861615, 8.324169051608054, -40.030749416576974, -29.073339824138547, 72.24632587960868, -78.31078111486725, -103.23860227731467, -119.85724985236627, 31.48359786606876, -219.36712282926965, -56.992952593758154, 146.09649752906842, -52.98563052945193, -123.91354012207567, -41.17296966161073, -96.957058339091, 89.44281646481008, 53.826112741784634, 22.560597384669702, -6.91157947109263, 12.84314689697791, -57.08911292462577, -46.20679083444047, -82.2232530964733, 48.64515012325902, 17.993753634815175, -87.99780951067595, 56.34510995788866, 1.738640800539953, -53.13447051922133, 64.43553992491287, 20.774071481085805, -6.918233465289716, 57.8672994496747, -41.51615776992145, -48.354431325813856, 83.57473186537094, 112.62914723838901, -6.089554896028294, -26.693840933056748, 6.007096649039091, 35.08024496601371, -72.69121700379762, -93.59104506396781, -3.3970392043322697, 12.591649604187753, -66.31009813036736, 97.7753014462679, 46.99500858968133, 13.958083247150388, -16.309422500851298, -5.95259727259475, 1.8705792195969633, 22.4421425531434, 4.848359126204493, 218.16875140489245, 94.02447834421429, 3.144608858248601, 24.340150515037315, -39.257516704498805, 86.68764267572844, -166.421239383836, -19.26718993212663, -65.4623611563448, 204.95254784494952, -15.880100906641662, 46.90335852379249, -119.60336577688089, -10.792494735819943, -42.16564072799176, -138.56323954462195, -120.2160841511257, 54.59145781465012, -59.71283517562708], [-73.60876013065108, -42.457596846525114, 29.67459746337742, 1.168205576593173, 147.27391696153376, -13.946438129707412, 66.83578465484048, -69.19731958014025, 62.16217522112873, 34.409639834157666, 40.20803924995937, -57.84616018692972, 23.520697702035335, -68.75119402976978, -128.2979109729334, 952.7897543413279, 41.05708017251697, 86.83249682424353, 59.245160413525156, -28.777215557664213, 185.8581945507945, -6.131985465627497, 15.80927354894134, 81.01038328206954, 129.4286462879948, -41.57596404170923, 52.84428802063547, 17.83181128545479, -41.964240462785774, -134.44045465705082, -68.79218683002084, -46.60248473636175, -43.20321916528388, 137.68019880315683, -72.82309772669171, 57.90357626828248, 46.19088781482606, 121.34795808717263, 100.57549430695225, 102.30994597008153, 26.23712480543608, 56.06162215642372, -63.65449820540953, 266.25139476373954, -44.154517047195895, -39.66093309778296, 62.44885859997712, 23.517809807042287, 8.056535638494056, 21.761499104634595, 11.239414052165714, -71.90721101868034, -52.7946592963038, -94.23852085310247, -61.45327579852433, -96.58416585868517, -38.62120317997004, 53.19485885978889, 43.69728952453189, -30.41910172989006, -6.020277135843446, 56.667948945508115, 10.62096726295495, -30.487063588125533, -50.827774332659885, -59.50605178159631, 2.950571570604115, -52.53723196328549, -46.201161104687834, 115.78693961707532, 64.59956587640103, -56.4388319922675, -113.65116741016888, -153.3372081176781, -29.166240264941564, -43.46493369176095, 48.573444288628295, 16.947017528969123, -36.461447964457065, -33.19053033536708, -50.65409172109304, -5.838666833725442, 25.010041016419102, -181.68203498715923, -75.5846026164228, -95.01218324003923, -22.3526661427583, 21.620093470788593, -96.33353619993397, 56.23085453225686, -60.344297688689146, -112.92642706778206, 68.87055430556096, -90.99219556809379, 100.97953931101115, -214.55616783922153, -145.8450433679147, 118.99227868238295, -51.60388070976737, 9.581712058205756], [-127.79622632887431, -27.162451712054835, -33.543506979531976, 111.43685922451346, 81.73222454462997, 41.87182727885604, 8.643905810706263, 178.10823092489866, 17.77975852732141, -47.211356641598705, -133.13411536468143, 26.931006565649234, -138.4036460141486, -20.706161210019786, 83.16660010983274, 41.05708017251697, 963.2654550767851, 54.46374352382751, 55.96931473052053, 33.63978670228375, 64.54402014468587, -165.49766628159819, -14.610847451219218, -36.598333832175875, 41.42699072274562, 34.27204874956931, -95.58926618179359, 3.484456952533614, -9.600116437744969, 81.48683563599701, 44.75421950123882, 19.01411275728062, 50.95092538898032, 1.2598324965080296, 78.26675819632875, -22.112063052192166, 69.12323065988723, 20.015831302938988, -0.9227395197491857, 50.55590029269638, -132.34872817483853, -44.64688816073119, -30.803804676083026, -8.10345209415192, 72.0473610459108, -78.849766231605, 3.9089428600980622, -106.60947078005134, -51.97948369803317, -55.13004177511384, -74.72264893584756, -19.557835651178923, 42.74050283763481, -40.536660944410386, 87.16164875888661, -128.17152609401012, 59.43652432270944, 113.13041066967618, -1.2718691931632877, -44.97378530946979, 129.90043241994138, 61.17313185362699, 55.29879466459678, 167.5837927023257, -118.13864026797138, 0.016676926194870597, 19.779134840992075, -3.068217400359916, 188.6262075448041, -77.09542389284007, 55.490645608226146, -86.64994658097348, 2.308872742711521, -4.479949272436901, 89.782096930654, -145.68714566502214, -20.036165964439, 59.845643517802024, 156.18427508868444, -135.7155443840728, -133.2954591462963, 132.0678749073853, -12.30230271056848, -132.3727649405488, 31.968244182044646, -10.339803148340803, -8.728516836902946, -2.787773191250604, -35.449747073562435, -87.3016433772863, 32.73639733792902, -110.1299235900413, -81.4156058145407, -96.9382154224293, -18.741975988352635, 79.95481918052117, -24.960708719125517, 57.304413397292194, -64.06204212617224, -55.56238871914388], [12.890669090297022, -45.40896686039341, -58.152794096652755, 66.32280976918663, -18.54442384341201, 37.52239162323851, -89.92854707077166, 134.010392662116, -214.77524308710733, 101.63364282512111, 141.1401079449297, 138.60502757721503, -172.2975913368601, -16.36103550883036, -46.17137240700087, 86.83249682424353, 54.46374352382751, 878.0423329976812, -7.0532398784460515, -39.945241016371725, 140.19518606271888, 32.06879386389324, -30.45752367662751, 50.33739454927159, -22.21130798726309, -97.76390933165425, -86.26124421750242, -85.06539531602951, -53.94659111990606, 22.810813006581736, 62.35352968244613, -11.600570424764935, -95.42527116532038, 90.9410487880938, -0.8766920264162328, -55.76226923361342, 33.21732489887696, -183.19642091540763, 21.559481002605466, -64.22317999713624, -86.53772690722275, -82.48541943147886, -23.481807324978355, -76.10229067465374, -98.68261700438849, 84.609955213273, -53.34388297090105, 49.73171401514535, -75.54477545449065, -12.844031089610322, 91.64889709962888, -38.08199475947944, 58.070398430468174, 36.17467192798188, 44.92970086447285, -208.1066679302709, 10.301174322714873, 67.3804389505789, 233.8306175503496, -123.31616179690695, -79.59189735902636, -16.68909015792624, 37.960571211897694, 47.37777798920761, 13.538352606765203, -66.81662456421584, -6.125226378774406, 89.27959209375823, -68.88238243284083, 159.95765796803465, 93.93841110226542, 173.11824570453146, -50.89995117421282, -49.68048064007987, 41.226831141881114, 75.2728415796888, 151.59443633745374, -76.37240128249087, -42.149914358650065, 144.34638118594734, 20.9317303694764, -108.06412630308482, -135.46435975391503, -43.40055745978166, 129.61941994345517, 90.32601262728515, 79.57196253453169, -5.280805727660368, 84.04552731822072, 19.92770846149063, 30.14386075186254, -26.781586359327886, 98.05797311230958, -6.699890084213762, 59.62601160820338, -8.265875383393258, -37.32400413180633, 29.419102785333244, 68.2406141828583, -90.3861362533894], [36.147136261533, -2.7245654632513947, -65.47733213153647, 43.159872615553496, -35.91293820081752, 31.386562044254482, -89.27947707611565, 30.630974363405972, 153.93648354055756, 98.42787514356357, 1.192864177665244, 54.69212954806946, -39.8216319667562, -118.68032681121993, 39.75637939691541, 59.245160413525156, 55.96931473052053, -7.0532398784460515, 880.6186010542959, 57.12257180479193, 84.12078168322394, -29.88241362470717, 44.56407904103779, 178.79895741442982, 6.980397962301943, 9.374430246529629, -130.5352423532084, 100.89715426220609, 80.35367478565983, 31.28752461040455, 109.01757984875299, 66.07120162295185, -136.45518207844466, 34.763594707173766, 36.6776162768549, 55.55087752856847, -79.52785587569285, 49.13830560398043, -79.21864129363493, 31.229988140500865, 65.2569546711883, 42.0374852786063, -0.2820083777678511, 62.491275657657006, 173.90822804809395, -33.46878065698597, 66.56965402376362, 47.76201062897502, -132.64993634250584, 76.57884632439091, 73.34349342948205, -44.35159049176761, -10.75456776127521, -2.7635218185892447, -84.8648664437982, -31.466901164053905, -44.056454169475906, 14.762483202449395, -64.05195499027725, -42.03122324352016, 3.544445197022944, -27.56291580925548, -22.862121500240498, 64.03064781281925, 104.35129336315583, 59.279887071315414, 107.53866744473005, -33.557132260022776, -111.24031781147055, -97.9959310386287, -36.414032129651225, 160.04143787059448, 80.47509662481738, 80.99879191582788, -6.290799137206388, 101.17439588720651, -42.13552298259828, -129.54324375228524, 186.45496038497706, 28.002099559756957, -86.19114079295319, 6.241744976751543, 80.14514621744162, 60.8653909827488, -82.30130900224802, -30.67527116198583, -121.64450644726124, -32.06862682685982, 30.480533581310915, -145.97255359882834, 14.265798958631315, -80.57249974753158, 25.335900433255905, -53.98511686268334, -81.07043733603138, -1.0350066577432542, 130.2794794676614, 60.422286496671255, -52.091906424528425, -94.71240565745518], [-32.933062305266326, 33.49687213013453, -8.744991856852073, -136.82818734998764, -14.522869875018761, 51.113225624310395, 43.219791315994485, 44.548832927077, -8.928438012062292, 128.90652414718068, -121.94324117206014, 12.090670696842196, -114.55225218611692, -102.28409684166652, 17.899951814775413, -28.777215557664213, 33.63978670228375, -39.945241016371725, 57.12257180479193, 1010.8651415052733, -91.35404298661365, -76.22043594528914, 40.648522764452096, 22.72001832190745, -9.455873217746694, 92.55618163190913, 72.17328938825963, -77.58354889271658, -40.157347136028186, 81.21002612592189, 51.35758140944845, 26.9393922123096, -8.562987987521524, 14.593677853457997, -62.0407492133472, 27.57970920059506, 121.80102512352283, 60.92955384863208, 16.035928036525533, -51.08713990794588, -41.307865311887625, 61.38077851519318, -122.10855908027735, -58.85853102107422, 128.06878271005147, 82.3788805643383, 2.518948774261477, 125.8490320554234, 52.028860991049626, 0.7479800754645474, -38.15740216137905, 99.55026141267771, 177.8461531337833, -86.02607596384705, 13.583642286782567, 63.4516341335723, -86.47540063559977, 41.37011443460225, 103.22856079886466, -33.31411658497079, -2.3697412568365026, -50.21470957300201, -109.9703968936672, 60.437650971389054, 87.28693848201051, 154.40189846798913, 3.2879142552358003, -118.58499614627861, -107.55259025503602, 14.94423037332115, 28.625257989611224, -91.72954258314111, -28.829412292712046, 20.464532072883852, -14.010962317680926, -79.65407045122927, 56.73424665801075, 9.608191472023806, 31.558734720783786, 131.99148061155472, -8.953762225238926, 30.449581370318334, -70.61263322088996, -84.02880708202454, -43.002300395713114, 47.31518944056273, 59.813354196592655, -69.34677511408528, -38.306013546352865, -130.56922457471532, 103.550756843888, -112.30155038679821, 124.47917225024024, 28.563612034896188, -87.07374413783292, 29.923192574382377, 55.55044687338877, -7.150144683016235, -148.64591736748147, 33.23628069117384], [-46.32403255589331, -42.793496121411515, -222.32898041810708, -57.76078844815109, -121.52459892835206, 3.386242943128316, -86.17684506860708, -51.76179218621116, 15.4996701179865, 0.4284038597580567, 111.36687956224249, 115.4569227666458, 23.30