{"N": 100, "M": 7, "A": [[[889.1929007002522, 150.37895770868008, 4.567393734987615, 35.12328582495389, 38.05177389625583, -24.012586273612552, -168.690704563114, 0.37100416507846107, 22.685592211403886, -30.34458565625616, 51.379230390457906, -143.36428241751656, 72.78571978788553, 35.395691779136996, 73.48172436665834, 20.101070597899096, -72.60214915179237, 174.73750789682956, 79.37214802542341, 28.746406403169924, -7.216838762767045, -41.682100400771446, -38.538645026282154, -120.61503533895474, -19.577731808497923, 103.7600920899622, 47.16687881973428, 40.07019729416569, -28.437817792238523, -108.18728283808029, 51.05016088850129, 37.65367316141699, -130.5198528644594, -38.076810340254, 11.445128330305177, 6.203645758827442, 28.317131395000207, 105.77795050082986, -20.115332008682394, -54.108345921198705, -79.8661442555605, 48.48750618642728, -68.5487481039714, 66.34317388493905, 3.790700717616624, 10.990868261554278, -75.98864924027038, 8.08535518412282, -84.27310668580256, 79.54563879394726, 6.547664344623979, -81.92399908265183, 95.00813199204701, 27.462047106903423, 24.508598156689523, 23.157734916109728, 5.513799567668134, 88.25239722401291, -36.55421036111425, 53.133314099797616, -26.782887849739307, 9.64613815591819, 51.609681585640054, -106.12938244750964, -4.756574670203975, -94.22084254296368, -85.83060059066499, -130.80725208713687, -43.0443239447585, -80.5379582082787, -56.55529709129052, -23.751852172883332, 37.91943895333796, -38.326029575506624, 28.90534699635225, -169.8900112416593, 192.23891380734858, -45.30497279844445, -22.731032233982617, -41.730461042940725, -68.70573031774792, 23.744671242980687, -61.89567255636535, -26.7453057285699, 30.1561122413398, -1.1310536792652697, -85.89576798956051, 153.29972980568786, -50.04081499848751, -36.04114812746215, 65.57162062755545, -15.232606310843268, -95.31588337044984, -77.77958914829777, -96.12248137573562, -45.207006225272984, 89.02973324459165, 80.04778047157215, 33.68300183118445, -60.57336571460242], [150.37895770868008, 789.5401929482806, -70.1780530640032, -59.92368176003225, 57.362782766804074, -46.07299414347863, 11.349294974762666, -73.58890287793946, 23.015564545227296, 47.330303060218895, -28.729380705093693, 38.445893146567116, 58.315522141717814, 99.16546377794012, 118.65101089687136, -41.865350941058594, 18.651973050776174, 192.54335023187434, 9.697885501236154, -113.70148390355172, -11.917955902756578, 25.174083981617823, 28.520048560256026, 0.9814920581414106, 5.233794980251912, -74.63438961725541, 36.79557562361731, -73.3748096784554, -49.598739751054865, 47.27926806513114, -97.96101143234459, -66.38569519103608, 0.9588198077907467, -88.42456846937088, -38.13876195572225, 87.64273746211622, 119.0605122794433, 33.78002790278103, 136.68372195647208, -22.371931091706287, -24.520906140388952, 55.295449365777884, 14.339396180522858, 35.55781096586667, -109.77972478712604, 77.16424641532124, 23.21507646587409, 20.53192580771394, 46.66143677124009, 89.96874520063508, -9.392163937747062, -34.03510678291084, 26.01100543217591, -23.671237046848358, 27.21311264773481, 31.475650684549866, -45.5684714757203, 135.84703176710556, 33.940941249054866, -66.98266028229729, -11.49103422540825, 165.41998232515215, 21.04674115296765, -95.73808900913662, 12.361852018164427, -32.21255488986408, -101.93513324049894, 15.173086459006452, -142.61009319482238, -109.78858708924695, 11.019335941261424, 41.2408584631131, -107.32104085571363, -18.621930093197523, 48.10197586854441, -50.19435973303395, 21.920179597899114, -4.507579294477563, 15.089002319598174, -61.47931588711134, -19.50071518095878, 121.99535897912807, -4.935561274674808, -39.552131054808406, 26.73433149828643, 94.27113203200463, 32.019075208203056, -48.8347636128438, 73.88608609328472, 9.740595371205352, -3.54880419408196, 54.6300111745146, -88.53701075396691, 34.68028366153615, 7.6939226036587645, 147.39714735908103, 18.756209951368785, 31.113111031537297, 33.48142500799183, -51.069837870059345], [4.567393734987615, -70.1780530640032, 889.1590482322326, -151.8995785545227, 16.68146988129976, 99.0680386626052, -23.255540722149814, -17.562081045583984, -9.558834115019454, -35.85442458035275, -23.633582862322946, 11.291515426225262, -19.95846068548992, -5.855122718669205, -11.460668014445945, 55.12328743521417, 23.257545505841865, -87.64330973077722, 37.83508947277547, -43.72686391515739, 54.66814325572792, 27.11153087441639, -29.128711893754534, -40.45035650865263, -67.55301411913779, -29.59595689097868, 35.087968873942245, -64.34872297515237, -5.227352313214659, -40.04323354668398, 15.063367699566262, 87.55195560543412, 0.6373303018609991, 100.45622917248737, -56.52654678781092, -34.84679617445851, -86.33999265705937, 125.7557112488601, 62.26993795135707, -39.87674018777293, 4.854997285715701, 49.272627510957115, 35.1990716570846, 124.27751199265823, -65.74520299871527, -41.46370423583887, 66.24577120424038, -11.926237997863485, 7.293198255437127, 9.377954713771734, -44.80913562908244, -91.49433644245192, 0.07250402557231798, 75.29121455506339, -33.144524188306214, 57.03204747645403, 51.77966247213673, -68.61423900567327, -13.862728915624583, 93.71078971746903, 52.63741142963278, -132.07733943848777, 29.101433683954028, 51.57694794994936, -104.84982135657094, -52.04271096117478, 41.46728559012827, 89.10043665343998, 34.315772431405016, -35.83170621083427, -47.69998994980432, -26.678192557105763, 33.985631652987415, -43.53693085213574, 26.61686954117846, 83.14777014698107, 45.04567110616768, -22.318945509365925, -113.63389079253729, -80.382327355566, 3.245385210210692, 38.68705701046061, 33.46253003141839, -63.84443380320467, 142.72300963790062, 29.92175842726981, 74.5713554727351, -21.668132439343246, -89.26063546087745, -176.05025656528952, 21.451883140855657, -0.37030689391844895, -148.080263233566, -2.2148482071990587, -81.1273689270437, 38.83675991693824, 5.630586812495203, 2.378806825835134, 42.41401006652803, -9.450301053971708], [35.12328582495389, -59.92368176003225, -151.8995785545227, 947.287906279175, -119.35670735147401, 29.790056487123216, 43.643041351206115, -2.3662309967192408, 178.7925298556916, 109.03199931428051, 8.22263517925275, 63.51674569476138, 17.534954613436984, -14.131960434570148, 15.667373623510123, -17.542159075446747, 99.53398773621079, -144.03699374210498, 56.329776966139406, 66.60307222251897, -95.10461738605741, -69.96016376267895, -235.67757128264014, 0.034553558081076914, -6.059529343697104, 53.214786688298, -52.42008162908188, 19.95282896047859, 23.41448093817497, 83.99850800152308, -60.63543126103949, -42.27915091493861, -112.2738501641125, -117.58201326572768, -35.82644042734764, -6.585899553933794, -30.767239674541656, -22.598505838285405, -154.05869463051033, 98.40102968973557, -10.61044227965104, 2.483860263094452, 16.46379708571532, -50.93184657767679, -1.4389286661205134, -28.198104105447644, -44.75459374828537, -102.44986565911222, -123.43894794057645, -50.11249255761987, -128.54866661896241, 12.20029308026592, 64.96572638967025, -77.50389029894687, 22.91599964079149, -162.28759917980125, 53.382954977603745, 9.791837622728483, -65.4822237281946, -6.226709110515932, 81.00061352361023, -120.150148732118, 52.77939934301326, -83.15046242500522, 112.5300848223245, 53.444046140493086, 70.610387298357, -60.87483100152194, -1.3026578080788165, -135.62185418801982, -45.362943436545656, 69.8322049866135, -115.06215096060888, 68.4839760688527, -40.016374820593114, -131.9857921556499, -143.63235792204352, 14.910633970752196, 77.7244294643873, 8.266337526489309, -136.07140924975093, 15.893157405511555, -75.34046301913853, -92.60660710893421, 120.38389399432562, -109.30762629666147, -128.93439704161477, 59.4503138050664, 1.8707512974225864, 88.89701900703665, -10.363733238118964, 24.09850454947925, 99.8644273811685, 33.878836348016286, -9.835122264045141, -13.951148376258773, 130.7132426012025, -71.97210031909148, -82.17840352782363, -33.461231852997216], [38.05177389625583, 57.362782766804074, 16.68146988129976, -119.35670735147401, 829.336843826646, 152.56236653258352, 44.11036728145909, -17.218680757874154, 97.72417207358095, 109.95761854393392, -25.65114623916349, -31.591605326379455, -115.47291358531307, 89.45069116235227, -40.60006098785268, -55.481309399059356, 25.483432109093865, 30.858291256896855, -90.55436648889155, -42.566971497373125, -74.7352157055756, -63.76078255050509, -76.20057506438951, 68.87670523477067, 3.04423530600883, 0.902390509938507, 30.94272367952643, 69.8551435709718, 45.13224543286062, 100.78497005567755, -149.88410904529323, 47.6815708614382, -100.24534448886318, -150.0643697339951, -102.9171145754346, 22.779120758499086, -3.782401383008801, 199.67496364075956, 37.18063319991155, 53.766295689226574, 58.03748452972108, 18.395539990407702, -22.773310929619445, -68.72922468397941, 57.66309131908588, -112.39942617935043, 103.53944239955635, 41.672752706045415, -37.02987264000703, 23.686523491779745, 59.125527689512296, -52.50944909541845, -33.76111891778904, -47.36244719895576, -123.22120269200876, 18.67775363664088, -55.63756677507539, 81.8852486865801, 144.88544743378804, 2.536595837750649, 33.04321312003628, 72.30000575476232, -114.62246969648226, -3.7021609624188243, -92.21380908245175, -63.84914650886679, 37.33296472900485, 14.322618387827424, -63.22834740482422, 86.86843628442914, 14.0397649563787, -21.508485414666286, 23.985041887996008, -41.25925191296062, -80.60530139340618, -110.72176021951051, 49.9012860080385, -78.59026523641901, -33.59605175469811, -27.816811953512964, 8.911747948614474, -24.68164365631263, 58.80340653675808, 27.708564432041243, 68.57088872410382, -53.49322638777945, 120.09484338574445, 29.705133855970242, -72.01326575052427, 107.32907471271197, 12.479472127986245, -134.93604031174476, -70.7504297426313, 99.39942488455563, 84.9645078530943, -15.558624532908954, -57.46770317712436, 155.50016231110249, 8.234067795343599, 21.42472933875557], [-24.012586273612552, -46.07299414347863, 99.0680386626052, 29.790056487123216, 152.56236653258352, 907.865864010164, -0.13453521482240455, -123.78992209138687, 90.3914444589091, -35.16002936040648, -113.02892707286766, -18.872286985402955, 8.75351933547429, -85.71672663247172, -0.6622997781705668, 124.0978825255578, -42.11926897525328, -50.01841101088011, -65.52136924431521, -9.01125738780551, 19.06223973390678, -81.97733116600631, 9.522997060862648, 138.6084991486147, 69.25071487057326, -10.143806559502146, 36.76884558001773, 171.4645611035959, 99.11559516932428, 5.183601057094907, -60.35909023813122, -71.70617702334312, 93.18405691769536, 3.073177685300493, -18.258233833735645, 84.16991462452792, -53.345954963153616, 60.459028668021745, -58.21617391468452, -37.22383273535837, 82.72008221475208, 64.98459334321753, 14.684722219631272, -137.12668719887046, -96.93373975817556, -34.226437451194016, -68.51794980652713, -27.11982134787396, 67.8313960398675, 19.72534389340292, -20.294007521755177, 13.73671317256036, -114.24529871708916, 37.57088449104521, -69.62237339783174, 106.41031165503448, 10.654474323515636, 40.2985555952431, 80.8339768481589, -5.58214833773079, -0.09079151607637359, -1.2808365281828091, -9.036046603684298, 52.72961146493821, -95.11960459592763, 8.556355505224714, -0.4046951708837556, 13.671991345369458, 91.82071790919447, 3.1490113652078042, 81.04262008811101, -76.14761081593586, 34.81654868958138, 40.77828351706031, -113.06423475604953, -93.24445529684672, 175.54469712449298, 16.770605787199987, -142.55888851504162, 19.914151062322215, -63.70216278819619, 54.13076659126535, -27.807378475633907, -78.90051155816049, 12.206536391789, 83.15334782389736, 54.403089444545714, 17.444800000479766, -6.491545122299625, 99.09694899315109, -156.24269107150016, -104.05078628320489, -18.398137242083575, 26.66294366194905, 104.56887073137594, 42.62511914958938, 15.998349633293351, 26.886708096719605, -48.82354121484393, 10.441417982600173], [-168.690704563114, 11.349294974762666, -23.255540722149814, 43.643041351206115, 44.11036728145909, -0.13453521482240455, 882.2631006173917, -59.57959160921053, -20.380368212615334, 78.50874454979456, -40.08023883323316, 12.841787331032135, -93.9722992557709, -4.197817366445488, -11.602435264138931, -22.931226987724575, 132.02909640510316, -109.57396097660333, -11.817291251480045, -123.81887939637305, 102.97567098624697, 130.43416647894645, 37.73345664365733, 35.45235426838718, 66.36948785051246, 19.102702656129193, -45.60385344648949, -81.09902923772458, 10.911449274266888, 72.11091890137737, -53.772403877212405, 13.697762847533257, -72.47187971966615, 39.994707926354764, -66.33097600856279, -92.13740525425015, 94.14018201900993, -1.1861655065864094, 50.49776795380771, -77.40648538120458, -23.200665344630778, 99.70947920963603, -57.62065131535281, 0.30174960082464014, 112.9152681837544, -68.12626554184439, 54.30834489253028, -96.97166425442843, -94.80577126625798, -6.43139758783099, 100.00753682215996, 60.22794297229229, 40.23946817533562, 51.22235318953253, 27.98411108529895, -26.524659462071757, -15.435112909032412, 193.49009963164457, 34.713624529447046, -159.52089775714936, -117.18714640369356, -77.35779890624546, 137.14721561151967, -148.17227702167364, 79.33305786465826, 95.08676712293642, -0.3466672782938701, 10.089572569865814, -27.335254929167213, 95.08402694410984, -1.1817958869473484, -43.25698321442685, -11.729051995462447, -39.01040327015463, -55.21444259744712, -71.46378729079402, -17.706131563076813, -61.397129076709, 116.06391029941938, -106.94957017022115, 21.22394372632228, -9.860666363041318, 50.44252693593148, 32.15708273659102, -108.88526859993576, 13.516488333397684, 17.047678630248182, -35.02390737305852, -45.55601943977923, 13.519524320440132, 84.49865135821811, -136.5692285915163, 72.49851781466941, -6.321594449823929, 13.137343659561363, 55.37155157847794, -9.576537733751273, 16.16311842919409, 161.60388450995376, -19.37400560221663], [0.37100416507846107, -73.58890287793946, -17.562081045583984, -2.3662309967192408, -17.218680757874154, -123.78992209138687, -59.57959160921053, 902.0710533669655, 31.71242238780331, 76.2045991112544, 80.57240728826262, -58.94511315839895, -95.01088033420973, -37.72495372811598, -9.007866846839141, -126.3265035225714, -11.346064125289034, -48.605768981404566, -95.84058250117093, 138.9862960415055, 36.59778344725168, 13.317653213532463, -91.1476848921326, 45.97108641825938, 76.78404295437116, 102.16490251488935, 3.2362298667092775, -68.33753394492656, 159.73755594045878, -57.18340686893898, 133.28654841770896, 75.54312425582681, 55.911195377702484, 100.16711856520928, 22.708293501371667, -25.50865797964364, -80.84543102612719, 8.805147673929872, -0.5453607580108305, 136.48287970171933, 86.70398341215528, 29.91691321859236, -31.334285922786417, 66.95227082468074, 54.009417070940245, 49.078689515169785, 44.66869580068582, -21.104019364250178, 52.11617172270949, -100.20285357048311, 72.66093152252519, -3.2907306365114097, -17.275693378591825, 66.99496321375264, 59.64502240132585, -8.994578563642792, -50.98012445714339, -17.09620145743624, -40.336562265787094, 71.7927669090996, 6.166593891329811, -25.659606704420593, 11.032956039235398, 8.560234834351585, -12.428498429118395, -36.59841107853928, 9.666193883707678, -125.87067548722948, 4.1078289268427675, 127.20122797980486, 49.78214342228782, 95.23360493119883, 74.35006271880545, 30.562547607378704, 37.034360835858834, -53.5438614708398, -120.97814979128484, 85.46102592567273, -54.2942426281998, -78.82826444451418, 75.69792577665555, -127.8221713080042, 32.156741124066, 7.958127232679455, 43.11722341855128, -69.9150462086729, 57.77363797574494, -50.795312739305096, 22.3142396166412, 106.069347544049, 54.49923944407014, -7.324231128850771, -30.826374162559883, -27.892352833091994, -8.352224063156346, 52.80964073710746, 50.100054140020234, -24.65515083144224, 98.0428723697972, 41.968953176710194], [22.685592211403886, 23.015564545227296, -9.558834115019454, 178.7925298556916, 97.72417207358095, 90.3914444589091, -20.380368212615334, 31.71242238780331, 848.5695605419132, -18.78192113869534, 42.03757289653814, 69.07157877191975, 26.609895293139477, 83.76692332300638, 36.343691506813045, -99.46970456494961, 53.59811970656209, -5.913130808529913, 166.3589321886415, 10.900523370556172, -91.99635808891315, -128.533546484852, -74.08673667409215, 62.924856395966316, -54.18333397522036, -129.86111180463695, -3.343280156947501, -93.83920165801739, 101.34692822262326, -84.44794481280094, 51.31172791042681, -37.5806585655782, 16.483781202434148, -74.81434056532785, 48.37114741875394, 90.39379513863018, -24.297124309107634, 90.71810974858732, 14.651390972953696, -95.54730025471805, 20.788625321273067, 114.81830665538125, -139.32213199889958, -68.89613029720734, 10.563177921429281, 85.85802352478582, -20.045993400487312, 38.55174114329307, -54.81614883998255, -141.1216758848452, 6.459253720071893, 80.72514317633222, -106.93937602138384, 21.196203956114335, 17.29830317157262, 0.25516170303117164, 27.842439713612922, 81.36595314236536, -108.34861320128675, -34.047772008595906, 95.25429011414651, -9.798312061466902, 20.171217163363302, -185.62472217995193, -45.26528959665851, 8.42699322216781, 33.75575980765298, -83.13636545201338, 47.26578451470439, -26.865866126657682, 109.84701295443443, -9.823506186323968, -95.53227780117449, 29.125644756074237, -68.88347017718938, -52.04357383303618, -40.13922568595671, -78.895908387725, 48.71085134798719, -10.20636267994471, -117.41734738044197, -33.41589957773633, 105.85658388023685, 54.76051787226034, 62.52671448257186, 83.33966924436395, 56.64892956971179, -25.09820941591165, -33.698338348830355, 120.47149748201412, 37.35846662001707, 47.96449188535881, 37.921175263337496, 57.3940787423812, 87.4191727829354, 13.417968420053823, -31.394331274463433, -55.464063027634054, -2.0518823313079624, 0.9510925850840691], [-30.34458565625616, 47.330303060218895, -35.85442458035275, 109.03199931428051, 109.95761854393392, -35.16002936040648, 78.50874454979456, 76.2045991112544, -18.78192113869534, 938.7033770689085, 47.19021147152503, 112.67717625338105, -66.25969590062954, 85.83778690478741, -29.15487450549549, -2.4785930752872902, 33.42409039205116, -82.98531378875305, 1.6720983410852632, 31.217101504930643, 71.72939448244436, 176.05126595215245, -71.12623869049638, 18.956883052144875, -71.89172025261534, 59.33045231005964, 9.853010869396748, -31.996040701330575, -20.5157982300739, 68.94271328254817, 4.767796866971569, -53.28685457776956, -105.43042220985215, -104.2585252168648, 14.038228077484902, 123.54517615098975, -66.63170454884609, 174.62710588886705, 92.34408625217333, -34.64492181631987, 73.28424135647315, 55.640835215750265, 56.16335277035859, -82.30813087645998, -3.4866420308458084, -42.22534320694977, -29.276400078193117, 3.8308057298696263, -33.894363232746315, 84.09264033982481, 67.63596248888534, -181.18143419760295, 47.576383718052355, -6.917956709620685, 201.61589426746698, 33.749358433678196, -22.329053156793414, 53.35475150521514, -101.12398963213325, -74.25699719149534, 42.579853949192184, 9.763661929298502, -70.11317259244754, -113.48566774905319, 87.93341722071183, -57.975719105134516, -33.51815529630109, 137.8653448879621, -75.43068849426236, 36.77312037189824, 103.52918604264691, 84.74743378437005, 7.558745672251128, 54.64094073988186, 52.446276070995374, -11.968548609917441, -64.48865663821978, -35.1096314234568, -116.84350281199148, -50.44938651853635, 44.930905732355306, -203.99727315707682, -16.23308156163407, -38.73971483627627, -2.4011006032770044, -78.92473540170172, -149.98157736317933, 47.90472081654899, 28.129994963846578, 80.38368129339256, 74.44979884599542, -8.433767851695197, 35.38046576127141, 39.153060732945754, -72.01708068184335, -34.76486664413725, 43.734690543931535, -111.52807495192401, 16.39409787940171, 1.724257448151841], [51.379230390457906, -28.729380705093693, -23.633582862322946, 8.22263517925275, -25.65114623916349, -113.02892707286766, -40.08023883323316, 80.57240728826262, 42.03757289653814, 47.19021147152503, 939.3851635277935, -53.02660370943055, 108.06204553069551, 32.870983394337806, -77.65893576555123, 112.9725154673588, 17.5174987755281, -45.282678172217686, 6.33375342078367, 55.86667320692312, 65.0016888355938, -165.8949133326967, -75.77456527099862, -74.03297867982698, 143.6190154000074, -61.04098182855565, -58.094720008411386, -8.63606897175048, 81.99778445088579, 65.65575332850744, 158.19476786752438, -45.438787425276885, 31.311651631463608, 25.196484789273065, -69.69726639184829, -44.64793459740514, 14.582579364978546, 121.51452425463282, -162.32814620332513, -139.64632029780535, -64.14600245895011, -118.16705780256571, -142.71673766414384, 25.842405454272466, 21.05033072142454, 17.407624335465133, 6.760010999192244, -57.96334457237767, 22.154289599060167, 141.20522917726876, 30.85128642094024, 15.143191586221464, 120.5855608841402, -13.290435556471362, 65.27259823162807, 9.860302307511843, -30.058297117889705, -18.52912202476439, 21.098044946685267, 54.64805247773142, -80.31604361303587, 25.31290639318502, 9.861766494007325, -10.4350964782015, 32.79984139057229, -154.41843108004716, 128.3754159745545, 53.45055960780291, -13.730922529575034, -65.34659018165294, -34.791508560600896, 2.06325646896247, -184.86749900635823, -39.54008523784913, 73.52866523060752, -69.1812500975006, -15.85341565654031, -95.23332623564515, -91.21383423253914, 13.41894656360372, 114.6196814457084, -126.14020158383448, 94.92245657032846, -110.38532722796059, 41.676066007833754, -132.1999582494706, 68.61589575173072, 51.3603159286956, -5.100919569278954, 47.0625580019637, 175.55924017429896, -27.40509576479697, 14.417535302854484, -101.51534221962928, 130.9376152824178, -81.27332588153844, 91.5765062331134, 33.184472979699606, 4.160315599230767, -84.03723168346045], [-143.36428241751656, 38.445893146567116, 11.291515426225262, 63.51674569476138, -31.591605326379455, -18.872286985402955, 12.841787331032135, -58.94511315839895, 69.07157877191975, 112.67717625338105, -53.02660370943055, 876.1928630130511, 72.65347357982557, 66.05185708774877, 24.30542938448196, 9.216362387620661, 14.949578645730782, -9.891456521505887, 9.816042740284646, -0.8227744301541833, 14.973753195872874, 46.77183932658993, -126.25381244581347, -31.215618506710538, -17.01612444766156, 21.449893606432827, -24.319215299228922, -55.00228783264782, -76.96115505876863, -39.363568899917645, 37.66201138930909, -137.3887746690024, 28.226123559508316, 4.861063359602622, -62.44062202551044, 76.72682146566709, 25.029961489923174, -4.01739052168065, 67.0532336817476, 176.95018254377538, -6.557135635702377, 78.44071138954418, 41.59359359299763, -4.0767103339705955, -108.11188558313471, 63.30621440300216, 141.10357164222032, -1.6566557546580056, -26.457106362594743, 51.62617828831057, -68.26044194137968, 4.864302272301078, 3.8419062588270747, -39.62827257300759, 115.3013874081919, -126.20217412775096, 92.43208306179572, -59.325706623076165, 49.45132991129956, -48.29475561226131, -117.72275583999057, -82.35477127149869, -27.28227637455337, -17.07303441448134, -76.66625940895217, 58.01629058600238, -97.3077037269937, 48.57348841464417, -21.424049374180253, 22.44150020561758, -102.0575472142558, -52.648659214706335, -46.95983347389419, 70.27012678734344, -70.02449871056658, -47.89338725358455, -43.672698648134684, 48.10082604354299, 11.793909420844061, -15.283549593158027, 137.51931632101994, -1.969505661505161, 67.38852013819572, 38.870208779539695, -45.28036288912014, 84.37191864727167, 141.70974818951686, -24.930379961592415, -8.852592301133216, -108.2944761777817, 88.95116056693686, -49.27050177459935, -26.862881087684148, -42.08584294319747, -18.281157434612453, 50.67708071520146, 16.64944179885527, 10.364431434078279, 67.30827554365376, -90.10496600770371], [72.78571978788553, 58.315522141717814, -19.95846068548992, 17.534954613436984, -115.47291358531307, 8.75351933547429, -93.9722992557709, -95.01088033420973, 26.609895293139477, -66.25969590062954, 108.06204553069551, 72.65347357982557, 1015.6296664274869, 218.33081552785322, 36.8658429093792, 21.477196907547235, 86.9417166437654, -126.71084161519833, -13.384533549581967, 4.268432611211528, 26.321728725189086, -58.02463212009799, 26.399616529361744, 29.4324853746562, 85.51831402013259, -116.76875821348764, -13.151373157307967, -93.51968202767746, 78.23050339304027, -40.162519817538815, -4.812471766378126, 22.215548132283736, 196.56513515009522, 38.920381048869196, 17.907882291272784, 7.401873523720012, -14.650014187599451, -3.989942517783001, -51.94682728583908, -38.2749874957417, -37.24939483923355, 15.583891522129184, -34.407781866583626, -68.42958591487712, -55.46488259823401, -93.3519779972195, 60.66087195366384, 30.070223532585693, -182.850056976881, 105.60336058883473, 21.738283590129015, -64.08301889028546, -73.60065549002633, -49.93354586016669, 41.94596513732602, 76.27818450245903, 3.026791114903656, -96.74478633408711, -0.8399624850259207, 83.60714460083392, 62.70607345694612, 65.87953199173688, -19.650259725220828, -32.38240224963816, -2.435786309263099, -85.82372641275714, 103.68404140334336, 6.424660479274751, -22.45588623854636, -67.24565546035066, -41.570768944231986, -90.40174588123135, -122.34137636685148, 0.2934938606305243, -73.81152025387944, 76.11384941997929, 24.435007252556034, 91.65292170164649, 67.0894564523449, 117.3787631138438, -49.85419494255952, 63.69051932206449, 27.01263938692095, -119.02509083038186, -69.96164031490908, 37.29268222170143, -77.35770828433618, 9.223128561846348, 88.53814926653345, 5.410921385728756, -23.557651110496536, -131.57902676436007, -36.2915432287224, -20.63596762417419, -77.62080658082034, -92.31080934703724, -111.61341577839089, -64.37790381279551, 113.16268890988532, 47.712330656874784], [35.395691779136996, 99.16546377794012, -5.855122718669205, -14.131960434570148, 89.45069116235227, -85.71672663247172, -4.197817366445488, -37.72495372811598, 83.76692332300638, 85.83778690478741, 32.870983394337806, 66.05185708774877, 218.33081552785322, 1051.6607220178346, 57.860551742815446, 31.51318517379484, -13.610010969735592, 82.4455748474158, -135.93621970428703, -94.02055714240682, -62.785967550190946, -55.8553835118623, -41.217588338340846, -32.41005342239412, -104.68320196315976, -40.49987229464617, -156.10818114862175, 6.562098398517302, -45.22782824176467, 66.4153292015926, 54.82851966084434, -45.98244404566842, -28.990299264282037, 4.079479445660928, 98.60837162082127, -32.17106589253255, -49.617483885710925, -28.81799229767578, -89.59984540813294, -104.35165615733337, 43.70710984837209, 1.3842708849906677, -21.67749590684841, -72.88774922380293, 80.03126078565546, -59.96427774565969, 146.38900904575237, -31.000927667979184, -8.914196421812715, -67.89992884779822, -51.82877809703713, -106.90412329658773, -42.175488248062706, 44.24857074536153, 120.79626650896039, 90.7871562475009, 62.17934509272398, 44.493073899729595, 62.80298324470212, -142.6007672122423, -13.019715810638118, -118.11240592211823, -75.93065308915247, -21.656160503496277, 147.18459569899454, -44.16582797527434, -85.116642893216, 72.8611106737396, 106.20171822373212, 26.240673029659476, 62.66229120649708, -73.19317403254036, -129.57592188268032, -49.883181618098334, 4.134918359029785, 28.832107756529176, 58.60092315345863, 112.79398705307028, -52.64635706257359, 45.780700905881794, 12.886410955812666, 19.494429426820336, 3.7726554472927085, 91.48276720705363, 23.12192197709068, -33.456104969670484, 35.13948452084232, -8.963164049661382, 82.14966764796301, 1.410808788950651, -22.917787209205446, -48.923906121537044, 100.99655243202413, -42.378069951462095, -118.21479737408498, 153.17982478926206, -119.37578407207133, 5.5933015815236375, 50.10459220536716, 57.40941416062822], [73.48172436665834, 118.65101089687136, -11.460668014445945, 15.667373623510123, -40.60006098785268, -0.6622997781705668, -11.602435264138931, -9.007866846839141, 36.343691506813045, -29.15487450549549, -77.65893576555123, 24.30542938448196, 36.8658429093792, 57.860551742815446, 974.2745381378882, 28.570465775541738, 70.8051040647898, 177.90526578593744, -15.408753472629737, -180.0454604647944, 19.926016817501978, -116.65138750556547, -15.616855800757738, 59.00131588221378, 0.1678318379919099, -110.03587377444009, 25.002339414452944, 28.71099406010954, 25.472888671069352, -2.849370962244117, -51.279614185735845, -19.45352412668837, -54.78453567470046, 38.19449282224557, 95.47120508410579, 119.38943626836051, -98.21279436320523, 95.29842829483707, 65.17498864801317, -1.440667987653945, 48.01569729157414, 5.6110667684915425, -41.09468010919776, 101.51278224133371, 71.79028166950069, 49.713798166185974, -30.96998753814289, 94.28156516664386, -140.37975423124502, -22.055598319281916, -41.8450274334639, 61.475835560265274, 28.49309619764319, 11.37228271184823, -51.17583241119596, 73.00335708236302, -69.85171830854074, 41.16855230208509, -32.158639476905044, -74.88596984590761, -87.2460532586098, 3.49378387805422, 1.3333291210267968, 153.76035363644147, 20.65943231550509, -49.34272086888511, -39.15692089481137, 44.83612068047851, 37.26478862046372, 101.04485197426592, -80.4578707384733, -64.67521248452474, -38.96378604780182, 48.143693350486096, 116.52243970876356, 89.55968069026663, -59.01423167480662, -73.87596527499721, -41.75405179439442, -77.51560844122832, -39.286214745531865, 107.36776208367768, 82.95409321001418, -93.02613188576643, -20.621663615456445, -50.40706790333004, 19.64239511106991, -18.72453575960702, -58.58173950255372, 54.45587742699277, 28.672223957051536, -8.466765325744747, 89.61844418985551, -70.6030314190999, -89.92082974080823, -15.194179948261528, 117.83426171303017, -148.3603975697898, -21.38074480745481, -63.370297065626815], [20.101070597899096, -41.865350941058594, 55.12328743521417, -17.542159075446747, -55.481309399059356, 124.0978825255578, -22.931226987724575, -126.3265035225714, -99.46970456494961, -2.4785930752872902, 112.9725154673588, 9.216362387620661, 21.477196907547235, 31.51318517379484, 28.570465775541738, 759.0440217574054, 2.192412987265244, 58.348344620103695, 53.85663555907349, -20.268079760536935, 41.24337291892353, 34.88709265746079, -57.156916627161614, 141.21746435412697, 18.694783139591713, 48.996879189608705, 85.00137725720796, 58.75587904820197, -73.41459434898486, 31.201377134277276, -88.27666819256568, -101.42085768909314, 44.04735048231432, 93.77214745891868, 91.82799015495956, 38.88765912149759, 47.97307342978147, -26.430437802106223, -34.640230631032146, -158.97499460727187, -31.229067830569317, -27.44902605165484, -17.07352801469155, -14.527361885277184, 34.2719582033295, -23.787613299620237, 20.94412216160591, -103.61504058755578, -105.88119862346574, -45.86912197929705, -7.3125033160074855, -95.77395121252914, -39.01564666368352, -37.890199853562656, -60.38312052822764, -21.818229994220655, -6.584668137998752, -126.95769147218039, 16.872540292754252, 7.61500008099983, -50.09057860383526, -73.19918052438577, 34.29260845115447, 102.40835488474302, 0.059544493019687714, 72.37363748511743, 55.59997714158997, 6.347759049902432, 140.74213991625876, -113.76754125065806, -33.55458139621931, -42.67486890348055, 73.4018810764967, -5.958823936066962, -102.24627543996546, 3.8473459587985492, 57.96753722716384, -175.6299868953216, -19.89175430032006, -13.757222213738933, 92.03037813257383, 52.578413580955264, -141.4071042316431, 110.89520257588792, 24.36560022845425, -85.22211732676745, -42.7385269368841, -54.17593372035397, -26.519974502421807, 85.02018224586274, -33.041241902523694, -35.31558072938756, 45.92374440852498, 16.030437274155865, 97.08825905351055, 80.38046356777957, 7.804592407443434, -53.67303066409647, 19.489173540475814, 17.131616639429197], [-72.60214915179237, 18.651973050776174, 23.257545505841865, 99.53398773621079, 25.483432109093865, -42.11926897525328, 132.02909640510316, -11.346064125289034, 53.59811970656209, 33.42409039205116, 17.5174987755281, 14.949578645730782, 86.9417166437654, -13.610010969735592, 70.8051040647898, 2.192412987265244, 880.4396692746238, 37.74067139803812, 109.96838479168781, -140.81336444321244, -115.1553898626255, 43.02835085878351, 50.690083409911715, 58.94618439368017, -12.34994652879344, 0.39696876799204317, 102.78672431650057, -76.772481530155, 85.71220745550808, -41.929612868683094, 19.961206106304935, 23.412873184137602, -17.570639657264618, 45.37330796762462, 87.42616809334497, -45.48482936615755, 11.906447894567771, 84.80522491930516, -25.362531565228803, 49.83960248973129, -26.452375722346364, -70.9666260551166, -98.5374057684248, -99.68040283750034, 32.176918287684316, -115.06099935886262, -10.933530341941632, -14.629208001479096, 13.78119112447443, -137.69607395949728, -57.30943486009894, 55.19729040689821, -59.84856694711799, -137.2874413237981, -71.89451484826436, -105.08281154410213, -93.1622718796326, -24.218560505344893, -0.146042533015604, -25.877126029054576, -116.55967165477877, -104.17464742865465, 80.22230486506173, -85.75510332530473, -105.26628078975911, -30.188955146549013, 116.37196597676943, -33.45959920502272, 49.21726925382013, -30.957467270340533, 27.722261564677254, -91.1392615220938, -84.88567580940756, 7.049770344845099, -33.991180768061774, 9.562761608161518, -114.35213371547799, 24.283545797546445, 87.957942906978, -72.47621070121383, 42.3218705936999, 59.64545475063574, 67.86216977754849, -111.82967485505876, -41.783297453585895, -21.62847997494198, -70.90299853728823, 45.07581257678579, -39.14142957456433, -13.80245429717718, 37.51524210683158, 35.29862837059919, 32.411318310912776, -33.33028921960737, -55.10695465549819, -82.56789678245504, 48.69927749369309, 47.722115727350236, 101.55856059170345, 58.44473556075756], [174.73750789682956, 192.54335023187434, -87.64330973077722, -144.03699374210498, 30.858291256896855, -50.01841101088011, -109.57396097660333, -48.605768981404566, -5.913130808529913, -82.98531378875305, -45.282678172217686, -9.891456521505887, -126.71084161519833, 82.4455748474158, 177.90526578593744, 58.348344620103695, 37.74067139803812, 824.0202817641622, -27.730492841480274, 93.89173113899679, 13.356162262664727, -1.38634682927128, 40.88983988896306, 62.40075753235221, -54.46168250554688, -57.35103971990925, 20.39342907635084, -136.244447616027, 19.71568318278904, -71.93867976943996, 51.95484634491566, -59.357537957391365, -127.68397282913364, -12.27142238837721, -34.27317903470961, 107.34707245686803, 86.06365230142927, -29.367407934744385, 25.469137094503346, 8.794712292578435, 29.85981290219942, -82.33407575318114, -57.994480963057256, 79.6795215215281, -112.36632517424792, -33.404090947543985, -73.44863153059916, 53.54470531901283, 25.923879841971853, -66.29406401546335, -0.23626534455081166, -63.319988773216366, -36.40588066332505, 86.49950657538737, -189.815501491334, -0.24267597676722677, -27.509460836421923, -37.43102173588609, 22.633816879994843, -101.82270787354634, -136.71835321025966, 133.18489834976234, -0.4565775853789713, -0.446301853252401, -21.542682198719202, 37.529328503474176, -176.76379406930553, 26.533547634327626, 73.94755548695602, 146.51466286954218, -41.24539411548223, 0.01276432725981766, -6.688949758678126, -76.6205369739653, 66.49366794451092, 69.19410006503827, -16.752088924922678, 9.498191440091663, -54.637741625413646, -50.3452915358388, 65.46349977434964, 68.91984850213271, -23.99250335436601, -33.06320540108231, -156.47381270832688, -37.69198534900631, -5.271712234881528, 78.89054948373372, -36.96794302248137, -17.374960467182632, 76.9717839862593, -10.869152374277744, -27.13247366649679, -45.18253794438734, -93.37250979319235, 100.71651333313027, 9.568574071887673, 25.027307823881998, 96.94634376630768, 133.4807077500114], [79.37214802542341, 9.697885501236154, 37.83508947277547, 56.329776966139406, -90.55436648889155, -65.52136924431521, -11.817291251480045, -95.84058250117093, 166.3589321886415, 1.6720983410852632, 6.33375342078367, 9.816042740284646, -13.384533549581967, -135.93621970428703, -15.408753472629737, 53.85663555907349, 109.96838479168781, -27.730492841480274, 812.3742897111032, -54.102722296046586, 27.916618018642616, 128.13752029533637, -6.5927184270878705, -40.725162528343695, -54.66531974501378, 140.81478685476253, 2.1439421682380297, -137.18893021692332, 22.33715593033839, 22.260848968654503, 39.419726945131885, 33.728432675926356, 32.13413078745632, 67.50576400924095, 103.12975525984164, -65.9354543445067, -108.26611001967669, 10.477274891644353, -46.92479010058864, 34.50191567567771, -133.60984373025968, -20.21352760691973, -100.48188963862557, -56.26758325030054, 12.947588153925098, -45.869150287730854, -111.27212422264931, -72.5654851070155, 50.63217305900376, 4.805702235203856, 58.702405040533314, 116.12375984965799, 17.664274272134264, 86.36704804934972, -46.97642999048882, -79.7535983198499, 51.82409236758665, -10.6122594647317, -65.74965613846575, 60.52688021637912, -83.87969862038935, -6.20577583240441, -1.0353759624143153, -30.019174769966636, -0.4855783475324964, -100.88198936510626, -17.302795554253674, -67.11974092078708, 1.6366196079479995, -106.91224041775094, 19.081558601746107, -44.93476107600036, 88.97523849552361, 59.93629869125734, -104.30426504428235, -39.995570314960574, -33.163348278249856, -48.29733950846801, 49.19159363537288, -4.643207458333474, -87.67801162322266, -35.189680469643854, 16.526903028531738, 49.36853216997738, -43.07388409383176, -43.82401647197797, -100.98401432404191, -43.00170866783882, 67.48094121351726, 54.582068484803145, 35.6738441301951, 16.533936657616614, -57.09601810863663, -33.34675847394374, 77.68840868217603, 73.66918026270156, -26.037590181323555, 102.02082167270524, -95.55882366618012, -1.6462237165136242], [28.746406403169924, -113.70148390355172, -43.72686391515739, 66.60307222251897, -42.566971497373125, -9.01125738780551, -123.81887939637305, 138.9862960415055, 10.900523370556172, 31.217101504930643, 55.86667320692312, -0.8227744301541833, 4.268432611211528, -94.02055714240682, -180.0454604647944, -20.268079760536935, -140.81336444321244, 93.89173113899679, -54.102722296046586, 923.6325963919736, 41.82137544615607, -54.03546056132644, -45.8967114569683, -55.910097507523794, -82.30835783812626, -38.97592145203363, -4.841928713236768, -10.929638563705678, 3.9670890984506486, -155.54775498482726, -27.188869733194988, -32.09356855752575, 5.007606865143634, -19.47941338792708, -184.36362180786728, 54.03931407144075, -36.356838370549085, -15.015761042136763, 71.73403943002842, 69.67310528041874, 94.26766979060766, -16.258517828600862, 76.37458331212534, 5.845285466471979, -52.54897783907248, -65.56852648801589, -35.33667440664461, 51.24674750400316, -7.647660819950425, 19.065301899461282, -98.19996433774826, -26.41905838921842, -46.07855642907265, -98.60319562802964, 30.064768545265444, -40.99354924171852, -65.45080455593998, -57.20494875228895, -28.056089422571, -7.741352445827618, -14.158194546953805, 116.84004367382985, -82.72522005011625, 31.34970356101751, 18.353792953660395, 5.970103027286186, -37.793633096528715, 44.50096611989406, -72.99329385476504, -73.38838678330616, 47.12618527040054, 10.084180991307448, 88.0832678863802, 1.7135351981756208, -23.63442967778509, 100.16391572575041, 3.3755192770711653, 11.398597152396041, 54.59355922740215, 18.946437729926, 68.99001860963175, 103.62163379807458, 85.65662243510221, -5.693721878743356, -29.32113148507084, -99.17223319931351, 10.766499797883032, 17.271167101951377, -13.532226566525095, 10.735943115016552, -59.53216089050798, 62.70359088603657, -89.04722177091838, 146.04267966307367, -166.94429787348616, 101.78156658181005, 167.16905651529723, -27.634535914411014, 2.0354320832447983, 166.44376328109837], [-7.216838762767045, -11.917955902756578, 54.66814325572792, -95.10461738605741, -74.7352157055756, 19.06223973390678, 102.97567098624697, 36.59778344725168, -91.99635808891315, 71.72939448244436, 65.0016888355938, 14.973753195872874, 26.321728725189086, -62.785967550190946, 