{"N": 100, "M": 7, "A": [[[635.6655280142372, 46.44840129410195, -88.80092212685864, 34.026151954066954, -27.56743023591355, 59.47150317245967, -9.612199382046345, -52.587803293322324, -27.896256476590086, -10.372806701347528, 77.91778781427465, -99.61922729826324, -41.32293480242068, 9.49088597998029, -8.346015455958035, -24.91331863377059, -18.34975179425778, -26.4989762799944, 50.21009814214116, -27.79136859283227, 164.3965993482862, 36.04809797990285, 25.31088850050782, 34.84575478133922, -35.46416762248692, 13.263295223531784, -6.71200538041258, 10.861578796776714, -87.3479088128131, 100.67713152605727, 125.80076686257385, 93.71838055367888, -78.41444928561047, 32.847879851346676, -65.47712758376318, -28.389015409590463, -81.17131088150629, 74.53284549140768, 11.57057840711455, -11.698572902098805, 85.24804605684648, -5.42014033493879, 35.15524977050409, -93.77603809481701, -95.40361635180189, -61.85712819716741, -46.477025070355275, 31.374741278582054, 10.116968891610572, -27.1203591574327, 22.228381508624118, -4.361499533803838, 64.35571481642538, 4.601837906005615, 5.053943254629497, 8.381815255354152, -25.38021745163069, 95.95262645284934, -53.839803940277356, -40.360503492380495, 98.40940839595699, -21.539491148085194, -71.06675456273973, 14.162717655437142, 7.419373744678516, -64.66967286868007, 74.6094430497392, -61.33247123465509, -34.968944961276634, 57.17231770896952, -57.002650471818015, -11.939166079119508, 48.5370872483141, 13.698260583675836, 89.20403739513931, 35.023611689353515, 26.245895277664246, 23.223362957963648, -34.957461557372326, -4.263236445487274, -61.0340870462675, 22.159928828543368, -106.04219917895577, -21.99213293596668, 23.230864826197376, -71.11070832563622, 26.850959430588166, -30.328288400904427, 124.76300705138871, 87.26215581363664, -42.32151303942005, -19.48541182032097, 118.31098783078998, 12.4007030504359, -129.05707876299792, 53.70204893145377, -88.49290761159776, 27.70785007959851, -141.42024680635907, 26.75210859902342], [46.44840129410195, 754.1229957314214, -9.186074113411088, 68.10601783387668, 74.59105710199515, -95.34934352978385, -6.541711100702285, 62.80360018695255, -12.425787530682994, -68.64748881030872, 89.1855690445591, -51.068129321109836, 55.32926124307159, 64.17613663956374, -57.87499210910724, -59.72179555928079, -16.40627197047656, 18.594783246572668, -5.847120184917459, -70.7211510125507, 96.98509665017532, -60.62820149856358, -14.64407186818903, 17.247337784151785, 52.78069536367791, 51.16523079939528, 110.93308510875134, 90.61958594976834, 66.80722672699858, 123.46835393046632, 104.36229227313622, 23.870695587521322, 12.497458442557782, -10.699812472619547, -84.92038332554627, -83.80991223698103, 126.22711220619344, -101.32755586177859, -40.1467654301043, -44.34468940446848, 59.50935245886997, -67.1071718496122, -107.80974709632463, 19.32584056913705, 48.24288348586958, -16.769590945509858, -91.46053474331937, -78.47901737206863, -12.326779032860747, -20.41720790165378, -59.36379509223362, -15.1213652405275, -113.57044067704047, 107.04157425965276, -36.29200436402889, 28.135512829320398, -152.56212992110054, -54.806436936812496, -4.72815808653938, 49.75875441241738, -60.25414325478631, -14.93892207988857, 32.5325075392406, -131.04710006401777, -63.096030271712394, -41.77256304594974, 40.20867090236482, -27.06419480238768, 36.233376664271134, -33.5068968650339, 98.50935579857335, -35.16895198524461, -25.477809526663567, 32.0737928599732, 67.15943501186801, -114.41302257592811, -88.57395141582106, -8.956994423413185, 96.59592445448646, -44.04456869675432, -36.27412425777851, 60.497026644506526, 71.4530720206753, -71.17174280332088, 73.02429293608228, 35.068663340113744, -16.42396124942085, -30.213129232209212, 78.26810655206322, -32.4158139865525, 81.93856912648609, -16.628075318777437, -13.144390650113657, 41.47737045088546, -78.49048160929554, 108.61243793049285, -56.11340454940682, -58.9519303941201, -61.73865679397926, 59.53585136769401], [-88.80092212685864, -9.186074113411088, 759.4138439669479, -108.06140645250748, 96.5409420632338, 112.91416434607032, -20.926389875515603, 136.754323066236, 67.9298172832113, 130.6282621244734, 26.974442271993468, -19.603191458350413, -117.89477704100281, -15.683233362431125, 66.22604449459628, -0.12456025702161828, -11.083216069864777, -6.574437273511466, -90.66559912519521, -55.07481395911756, 28.67098573000735, -67.32563127909616, -125.42147937189957, 81.77258836316048, 10.379635295348344, -90.20600481505919, -21.58231307065014, 27.93340581381064, 28.5826478543694, 99.472304606387, -199.4144688229348, -38.871741310382205, -14.208055536938698, -52.61386298219801, -4.571068210627518, -73.7870688617151, 65.16889834095744, -63.743047009784696, -112.69690203706689, -87.20080964862626, -66.54422599429255, -41.81881403231253, 65.75052784943634, 120.89025662389425, 76.92722119501718, 146.26951969252553, 24.097651440314205, 64.44544100798444, -88.68417682113875, 139.15687190343286, -11.53322810063133, -58.63580562540715, 9.662617709619868, -5.081193807786386, -25.263894188415456, -149.30629623880782, -91.05021465790877, -0.3648568653439027, -82.78218552906351, -110.17509477534428, -112.27965039478596, -184.13085697012116, 72.29590160467832, -59.63643394359766, -29.517670943610536, -30.386698594528777, -61.43604212789973, 47.7964413136874, 173.319386654147, -14.453690042423514, -5.971890530726619, 60.65903481382111, 81.20308821841279, -89.55747442202397, 80.86577046511327, 39.43720183039372, -72.38399422323654, -100.13703046778903, -41.20194144801116, -83.57722747812322, -74.0242709838488, 41.25560574690117, 32.1996600890235, 5.925276803245121, -19.906745691055182, -17.13990123147568, 52.508431836629946, 78.01000253181573, -71.22387935786449, -1.3014122526633758, 13.576399406660467, -83.89766476093463, 39.21066644869017, 80.24763038183796, 41.356165042034576, -39.9731866122704, 20.99246916156766, -11.498288595944462, -17.994647417864876, 109.60311632191744], [34.026151954066954, 68.10601783387668, -108.06140645250748, 851.7162005348946, -17.416439768038263, -107.37797413301767, -84.04689794053475, -33.12061605760326, 126.98563639523098, -95.69731084350792, 7.357080854477168, -77.1514505951698, 15.774295144919735, -78.0948610581481, -73.94821276167744, 36.61589695811973, -27.9393120494652, 0.35714491852796276, -39.59772849335541, -113.86507304350765, 83.7518253231917, 24.71547601260358, -39.294574531172415, 189.64693236824553, 13.64100629282345, 151.72459667609826, -131.507992192504, -110.8241945813045, -74.39908539611571, -14.997518247034472, 83.8139568102444, -45.89708035197135, -30.762350185361576, 77.03555690454917, -6.8918284983208675, -94.57783173651977, 10.881529916736309, 2.3451376829420187, 50.79346756254409, 72.19025100537432, -115.33504325835735, 94.77462472396354, 11.422161483035598, -17.932570908345234, 75.60539317310368, 76.31149720881963, -84.1083852227435, -13.120588536953099, -77.52953629736982, -53.72852927335348, 99.7226103617571, -45.81287054649663, -31.531658694185765, -64.40133201696175, -82.83384149992361, -9.844719491607352, -86.7506881329312, -0.902769779655402, 38.33836003786525, -0.7401040558948604, -16.58352057517435, 74.3887138051321, 49.7652965992472, 12.239792676416156, 116.56942576758219, -34.232080274719685, -140.5243657120598, 32.180561381747545, 131.21549313983016, 20.823734651567207, 75.72575298785885, -42.1031450661853, -26.359017865782242, 61.254819162363816, -53.12202681152981, 89.95160144102164, 20.26281963607172, -27.07205322395529, -124.92327567020077, 190.5372963333348, 3.491378067947153, -29.846716608062014, 79.8144563020084, 57.29882772027138, 46.154507822976896, 30.136530654605252, -69.88706658984137, 38.630288817922896, 23.972313985797125, 61.665343014676104, 42.804227602462554, 121.60112960434778, -33.38871272359682, -137.62333340650378, 32.63514620237665, -66.4518922323723, 121.89608817098569, 30.639935239440327, -28.319454036616687, 10.38023443980872], [-27.56743023591355, 74.59105710199515, 96.5409420632338, -17.416439768038263, 645.4729591499391, -15.188884922196534, -57.325770249050215, -47.04151451822358, 55.29580888297074, -84.8079966072233, -124.37159360828551, 14.65007366488281, -124.64296141145554, -78.86082780301226, -61.09110582465166, -42.04925423919832, -18.509838570834724, 163.15234371589906, 66.6420792632544, -71.81453044542243, -20.742175830282395, 46.610204202257066, -68.01817002586967, 89.26992903307247, 1.9340081762740184, -75.37185269726324, 14.826210271366712, -106.06362066064548, 46.20445764339308, 68.17115815172693, 23.36935606209809, -21.34554792193941, 26.210655102483397, -28.883658177935846, 31.780869355678277, -82.97521246045326, 16.076380737863037, 88.07516949913415, -33.87758710886613, -64.64640132486457, 117.92048758379912, 28.324196101336423, -11.893161981392305, -93.92135091876142, 82.82802514789398, -43.839111202022885, 33.4015373883941, -109.882731220514, 64.83271302066761, -51.15265619621985, 66.54390391822797, -21.925314975678294, -32.39550404398662, 56.16532270694107, 13.10671462177209, -52.76842059252974, -24.152225598917063, -38.78585876615165, 70.26084367923812, 71.08630593160395, -45.98130310647007, -36.007243385797, 27.34662159465362, -3.3010479097213334, 21.785652144149523, -74.41454572795143, 1.6145828529240405, 38.929356396997505, 59.10365185669666, -50.71569718392873, -73.68319169855242, -39.143142353328884, -37.75929776463401, -25.109022615148398, -32.5044874093513, -6.960606821185362, -157.10107141233678, 43.61383506171625, 34.95523049796404, 49.05491003880334, -38.27239805801667, 88.6160337738032, 64.28431619563813, 84.18212251351117, -96.77766263120577, 75.71488969838941, -35.19700785123955, 6.45509532641347, -18.603513719779304, -18.05033258503292, -15.870042908837037, -66.38358598241206, 50.425966419670566, -67.44917375171303, -0.10675859940401924, 80.96850928062898, 85.50297146544811, 39.57936218513668, -13.64617878200152, 30.595884806776105], [59.47150317245967, -95.34934352978385, 112.91416434607032, -107.37797413301767, -15.188884922196534, 754.7084146106874, 86.26400989156379, 103.65058551604905, 39.43023725898056, 6.49640171001439, 97.48061076314147, -128.5630549213327, -56.06211620566738, -71.76624966190315, -20.759136635500827, 36.859603198251165, 11.756634587077462, 85.35454476010223, -53.07048426650537, 9.341590445046974, 76.90040071956967, 50.83694801413598, 88.90079248630883, 39.806897595647065, -62.74307259485912, -31.392482236889904, 64.26733251059652, -66.45521530822138, -55.38721422288325, 33.590825523245016, -69.88482033884208, 73.38259510158177, -20.224893497659448, -25.05187517762291, -119.23549844071628, 41.36895016816239, -46.82351361603404, -32.94871819089825, 77.4644679959055, -5.720269127181423, 29.971272907581564, -94.36150530496883, -75.90285316755421, -45.98285382996548, -70.15937056927257, -87.1598532593567, -55.51591692431767, 102.64939564402731, 76.54311270178627, 111.96309911461722, -27.295558981198756, -106.07860689774029, -18.843185547611963, -106.1948701936371, -69.75622498982575, -33.9491365779939, -45.601332865874404, 33.516669890467256, 116.51557768271248, -22.284718096459187, 39.0245517647713, -132.87087634298692, -7.0126417193768935, -88.72865710133577, -50.70112211098273, -11.224516588372094, -92.83970814362146, -35.57005809337925, 21.036051198201644, 33.011521856896955, -128.1083713405629, 86.2989292166864, 106.38013171703493, -4.161298565630204, 48.17097875006923, -66.40711664978599, 39.57143335076123, 59.284736800521635, -37.504185445541346, 42.673754439854406, -27.45713113352184, 44.43541586383441, 45.155922826741566, 141.49170328975433, 51.925124272477355, 8.677759482094567, 38.6752197661757, 79.3999154905444, -80.21534565999993, -47.01777183510151, -102.14091561347335, -19.24600265475378, 34.9202238490186, 33.35817665011894, 80.66944565852772, -63.918494600138146, 14.208933075921346, 45.096734509786046, 66.52804731359763, 54.17761399741756], [-9.612199382046345, -6.541711100702285, -20.926389875515603, -84.04689794053475, -57.325770249050215, 86.26400989156379, 807.866151295142, 69.04525059663067, -16.79810885381659, 85.67435864642192, 85.04513408286704, -19.86713887575725, -41.70388590584529, -80.60809965567314, 86.80338437394175, 133.49799507317846, -27.88721661899913, 6.512886626639657, 49.551830975022504, 24.0128158911957, 63.08135410004005, -78.11277758310736, 5.918658127050456, 27.65071982030523, -85.80948770148876, -22.424398776760324, -63.071045664370814, 16.703648686478722, -69.7738832790446, -21.29519497190581, -81.57309031141905, -48.24733661505518, -7.135823955465464, -47.801989698010765, -8.143969030861884, -7.50802917023686, -48.34782111711044, -38.737259823957565, 5.015454180110612, 44.31057592775894, -9.257152217702494, 52.09664444921962, -44.115146213796955, 112.87285780691276, -22.582084015514656, -59.68238887697013, -107.07494746347155, -60.14313172471416, 7.0826137553853625, -36.88474691397652, -102.45543803159234, 54.86605999719597, 44.724871820768385, 41.923844453784056, 51.346560198957974, 1.030113751944036, -53.51019775834055, -65.73781807953327, -120.68790017424514, -40.128700517860246, -74.84545825794281, -28.0610259828433, -22.59580425523082, 47.909879811813425, -36.143842223009, 109.10011558687435, -96.30817535407877, -49.00661095890783, -30.129495197590085, -188.54898848336776, 65.52709299596907, 24.54005165314438, -4.352928805218468, 82.99010435373847, 51.71936711599606, 63.41503758616961, 144.38469422930183, 48.04609487996133, -7.799547415676015, 33.60850370130117, 48.77996102459797, -125.6568473375687, -141.74437610696754, 11.750233913101857, 54.71738674901819, -15.334526710094416, -29.340335593790716, 63.073230461020316, -7.038036634950902, 13.685323334411098, 55.44742570693444, -56.45687676341168, 9.88796447083501, 115.02834852768997, -53.962527480896306, 6.323588256960789, 11.570055306376462, -27.602001070463675, -170.74110352204173, 106.61721907659766], [-52.587803293322324, 62.80360018695255, 136.754323066236, -33.12061605760326, -47.04151451822358, 103.65058551604905, 69.04525059663067, 587.9313661720831, 46.97153408298092, -81.22477511959784, 116.59037976782774, 58.32960650150992, 13.475814605583622, 18.743925298174375, -8.171187851769822, -48.79324005332204, 74.44381821769633, -53.45248458086885, -164.27484582320284, -30.68193405325483, 62.02556701241746, 20.832590565439734, -40.453534497059465, 43.296414556201846, 10.633420255700775, 42.720881681225514, -55.166510927255516, 16.394294729782054, -3.6916824959888768, -5.469036312153241, -94.32193133397682, -54.96015186192336, 37.753870491168755, -8.000540924104502, 46.71562878983694, -12.451542378475041, 19.441412712610152, 19.577300537512834, -5.185269793863159, -24.188475462916294, 29.27390886088229, 62.02430724152522, 29.889027124068505, 16.185656327998352, 39.333679999681394, 55.98289925318242, -4.31189790423255, 29.150874587815007, -4.714126691528665, -41.26838374469275, -37.68286620690352, 5.098155767727031, -40.337907343181634, 21.397653067665015, -21.150144624439562, -2.9267344352304097, -39.940687478059864, 73.12934522970944, -11.092448609026183, -74.63103468434716, -102.99432810548946, -80.42649837863169, 58.240204514854405, 63.488678485339996, -10.302850251257187, 5.928863163534414, 39.33548981194412, 131.36331253088994, -66.79509046053498, -146.0003512800762, -84.91117051241025, -34.00761310233184, 76.79471357457423, 7.423528342146367, 52.3770149593129, -33.7270316537296, -51.17039961716307, -120.82273896777508, 56.51552426464041, -26.63274058056098, -1.2714019468085511, 11.212500391365179, -91.24416784880152, -11.181682217412945, 23.73174127367718, -56.28062569028964, -14.17436601302569, 57.71778767768222, -38.24824703258826, -80.88948881170985, -30.133018269712984, 50.5898363868162, 9.69506785908236, 56.624313400859805, -67.12428539639987, 49.39843473514026, 2.014981081429633, 41.874348246072955, -66.30872006355048, -86.15143294444394], [-27.896256476590086, -12.425787530682994, 67.9298172832113, 126.98563639523098, 55.29580888297074, 39.43023725898056, -16.79810885381659, 46.97153408298092, 892.394881341938, 67.44939979883324, 109.80067762237877, -32.660460866007924, -21.292657578197826, 50.28586761808259, 46.94982394804287, -54.704872636895054, 42.27376260221963, 19.795907022976746, -197.14272191105465, -164.2905300286229, -75.19350787560212, -29.08390847852882, -23.585719943502163, 12.495041864780637, 60.324870959931594, 21.53962001819632, -41.87426421296603, 18.74217607738315, -36.757016957229425, 44.24472133884777, -18.20816316020596, 117.73329291129475, -26.740839803341355, 15.19580603739775, -133.41787063251394, -20.59933170667481, -65.16242845899971, -65.68569571652691, 61.414291969512064, 116.75127305189453, 49.090066371971496, -28.91574072777609, -122.31816340960971, 111.2382194203134, -32.20715771103419, -9.64868320409373, 73.68729469665486, -43.65833689622255, 35.289399991704315, -124.8373704859911, -36.46041952254369, -63.58488844485072, -71.98117480149033, -63.2142940722756, -54.60737751175445, -22.009087302835976, -92.90514641313577, -151.00535159506353, -8.599528861485023, -29.5758124999702, -20.31558332518549, 40.52754080751379, -98.73233073147793, -3.502948348438351, 176.84529024700967, -2.1543574879706293, -37.416212939465076, 22.60082685192611, 99.03823499499647, 59.72777826572617, -94.8317869412975, -12.440108843198809, -48.872112709864176, -26.32250744175891, -23.92554390834831, 37.89008006510166, -89.35189271650056, 35.42077603484533, 18.703056861525933, 35.31515627274362, -14.705101924252856, 7.587305622609438, 35.650785008962266, -11.468531418957548, 105.56405794512712, 31.13635938313782, -59.16305198984211, -68.79023493059763, -117.88517997849355, 8.101928759367057, 15.063585805337778, 77.84321159854433, -6.768813447439911, 39.16496187959608, 49.636707787962266, 40.59448940819672, 70.33291186187365, 52.759551800637524, 179.38785465606574, -79.37982473167199], [-10.372806701347528, -68.64748881030872, 130.6282621244734, -95.69731084350792, -84.8079966072233, 6.49640171001439, 85.67435864642192, -81.22477511959784, 67.44939979883324, 845.2464906384229, 44.887211245855525, 55.69476982143588, -136.30003240881726, -16.919707215873736, -17.534929222714304, 6.92710256513956, 18.610297720578778, -16.503552018284374, 4.032915800406413, -14.792785273775042, 25.905489892251783, -22.63071366234871, 20.885801014635856, -1.7357170824617258, 24.842605956420368, 42.2332823465298, -35.88163529268609, -0.13947236399316912, 11.501254126342598, 80.90892316680961, -36.05344239533627, -66.21536891065318, 33.44825667648236, 6.561135625780883, -66.44313156601008, 33.19413287308857, -70.28486370642698, -0.1900454154242037, 9.000998041267357, -11.079122941684144, 16.804749780723547, -113.19456310612462, 27.419404684648544, 59.18028800269358, 82.20845233957077, 45.36198248552016, 63.284872529447426, -28.73549760475285, -21.39836737060326, 17.576236100358248, 99.5712572288723, -142.7182647982394, 9.772940955578518, -7.233820292840393, 64.81409433849743, -60.85465024306083, -24.876785512514626, -50.80216085276005, -127.04657709416003, 64.88239194887986, -82.26623660538053, -20.77875211050641, -50.43604911965549, 21.683664204936715, 70.02343724443472, -23.749407244074643, -55.19695145792191, -67.82913886306466, 91.04529943398865, 35.41199450522672, 52.14179277732002, 45.46276792132822, 73.54475157236969, -92.52791681556826, 23.613290901864872, 146.52577908152483, -45.67022476639316, 96.00924341042248, -175.45684712704372, -105.31228656065835, -53.34842078379897, -32.341862518384566, 168.22396716114625, -62.13436548783191, -149.2339083310735, 35.62945516479681, 162.3863634061563, 21.293198310741424, 87.03309462010608, -41.112950725703826, 122.85893325130486, -60.589192327108904, -32.83769847189445, -34.584599832223496, 126.42180450620563, 14.70577610048916, -80.39335464576124, -122.42228790554906, -75.16317500108673, 69.49513333815518], [77.91778781427465, 89.1855690445591, 26.974442271993468, 7.357080854477168, -124.37159360828551, 97.48061076314147, 85.04513408286704, 116.59037976782774, 109.80067762237877, 44.887211245855525, 695.7561589566486, 44.04971008846842, 44.96034229476896, -101.82188775152518, -24.92663085327395, -58.72947099709344, 184.39020607540908, 55.10771393904916, -45.5425309048419, -63.9415931227303, -14.58968997748487, -45.9103453082075, -49.640089096059, -69.228018165069, 35.56838622158993, 72.66571545546769, -28.911910004969307, 55.19788439632193, -10.050583265133245, 58.33068180281219, 1.4292427579795481, 63.678219082525395, 63.797204372166256, -45.96461911023877, -35.05657306572334, -57.666590810855055, -32.03166638094938, 18.37758152649565, 17.136685407950473, 59.615705053295095, -48.53044217908808, 120.64769248740315, -18.396059334552575, 104.21159577693443, 13.970026694257152, 34.01938314098088, -60.52135623261737, -72.18224503934383, -88.8598690650045, 9.250982903474535, 94.68686749953105, -8.485413420348511, 38.84111304561323, 44.333863967668016, 0.8572704365154571, -12.09594668107602, -25.142274735821406, 71.1758247480813, -66.31462097717242, 29.005808381634075, -64.01261060965426, 111.47925714829731, -15.867200925342127, 11.346442463901932, -78.8763589390327, 62.446022619180425, -59.83441274276817, 2.081881942778978, 56.09223547154433, 62.02071431912163, -65.3493772633339, 19.126349783481963, 122.77905458540094, 11.262249277977201, -9.806746986606067, -4.094653493456399, 58.530677333598724, -79.7691318440929, 46.59146966482824, 22.922358378136085, 12.688104481514863, 76.79833232932968, 61.38665403076085, 6.652016192089856, 15.829466087267722, -125.83352934150885, 60.401040299249786, -8.36779184475832, -25.840135580140345, 7.320729586955291, 97.3943215944815, 19.422081735924216, -156.12482269150598, 165.9992561976663, -24.980262655797326, 68.57699620184951, 83.83407337569228, -55.43626519371745, -71.52756332965585, -23.671625165095517], [-99.61922729826324, -51.068129321109836, -19.603191458350413, -77.1514505951698, 14.65007366488281, -128.5630549213327, -19.86713887575725, 58.32960650150992, -32.660460866007924, 55.69476982143588, 44.04971008846842, 720.1926094702959, 25.470178621859354, 16.290947477823117, 52.04438645316504, -73.61143726356333, 15.114679049683268, -46.72482388812419, -8.20446088450102, -23.250787835228365, -52.197051121269325, 70.909848391686, -4.250139747357988, -41.566802325395486, 188.63919235506395, 23.53522118703505, -6.717331413739545, 48.023141921039745, -50.11482424050029, -39.19701150864683, -34.87345338607481, -146.3414617577052, -33.772960218518804, 0.8790605224483119, 55.736077913537045, 123.07969379573825, 5.8385994405310635, 49.38039878349006, -11.875932262834691, 26.661645973095784, -76.54932532386461, 56.74488997397148, -113.93071044221917, -88.3978614473725, 3.0583724025864494, -1.0874752187894297, -22.862406128147125, -8.580455577580404, -68.92175695415617, 87.13936718140926, -66.47953627696536, 115.66109469058091, -70.41035776826332, 152.68341027373904, 66.41320676761899, 5.54656769727884, 42.18828942770296, 19.56412445202536, -41.07554045980052, 7.4095034798050365, -23.357686166756128, -11.714442686789893, -1.624125541599096, 3.949183398813837, 114.53045157459738, 86.09761607098862, 189.8279367314591, -12.51954088404374, -28.958128732077782, 68.1177848285482, -125.70987084423204, 40.40240076708657, -31.478363359841197, -88.85227301911262, -31.114679386717867, 38.02840105126282, -15.592177717070056, -42.371358214573476, 74.41707639070047, 68.34454690038754, -98.46188309649655, 27.229851600787686, 6.176176792336958, 50.0291178766285, -25.23196634983894, -103.48728355246192, 99.66747663963477, 48.40141103270942, 101.28678498887562, -75.34323017118587, 54.979494794810805, 80.96490006280104, 101.47226416734934, -25.10788158269043, 132.01553913513317, -64.35689516896355, 13.891192920376644, -55.52436642909048, -45.34147453613206, -16.097916616491116], [-41.32293480242068, 55.32926124307159, -117.89477704100281, 15.774295144919735, -124.64296141145554, -56.06211620566738, -41.70388590584529, 13.475814605583622, -21.292657578197826, -136.30003240881726, 44.96034229476896, 25.470178621859354, 785.437560165629, 58.90407994168649, 15.92918920668041, -68.63067068073138, -14.916522304190986, -57.43361346808698, -80.95935597055549, 33.84097610802089, 5.247348946165626, -10.656712020039652, 46.12240276628909, 97.81913572479982, 106.16213170122766, 83.42954629253006, 29.32519137518895, 61.151282315961915, -110.59355501710066, -55.19996987369979, 112.75640617575898, -62.93453479162802, -3.519955154848768, 85.24952400728516, -1.794234252808354, -17.702649410836962, 2.589789898472543, -45.13174007928241, 93.0583569231366, -54.135538818474565, -88.48322307710934, 36.66035405751225, 49.24595788299352, 101.79522232592811, 13.309415349191774, 51.738359154837184, -68.49500449693777, -32.89835379672071, -6.935961399195059, -37.38192259149452, -96.11702116737162, -31.360135814227547, -16.981600796368397, -111.78249974621325, 62.256878197265735, 84.64736845650748, 135.36993745201968, 23.67474190754187, -69.74236420228608, 92.68456795789403, -58.894321441875064, 48.858423252370656, 91.9213005874023, -62.59420620785379, -35.72276885288788, -168.12061133688087, 43.64048690336421, 97.93991534826984, 11.73520386166611, -10.791234052861608, -31.938524222790264, -57.95500235784475, -48.15336025503092, -58.17965062421006, -156.9329847846763, 55.12309521279821, -54.5421234770822, 26.026622874547897, 76.35940884607568, -40.011011227012204, -16.972676914168037, -95.56099241118908, -36.12798404653129, -4.223564361855138, -72.14172698862562, -65.18649311994783, -66.17609765225929, 58.92728082337471, 23.201831469806162, 0.7304558155120114, 49.24542614674783, 88.45208885365959, -164.70387607981922, 65.45717812963326, -29.232368095454053, 114.52000414321382, -102.63905523709825, -0.4734532068521534, -82.43096308694705, 12.232273435599621], [9.49088597998029, 64.17613663956374, -15.683233362431125, -78.0948610581481, -78.86082780301226, -71.76624966190315, -80.60809965567314, 18.743925298174375, 50.28586761808259, -16.919707215873736, -101.82188775152518, 16.290947477823117, 58.90407994168649, 764.1041765156641, 84.37631325565722, 103.44185639484989, 19.541038372059457, -23.01306173017256, -138.99921717867178, 101.44390821485541, -32.9811761207223, -20.59217971423475, 100.40797140812461, -142.5055327912606, -7.867983534483779, -23.224831956831174, 58.17013679255059, 98.53580562994367, -31.505061882676497, -196.02236646456225, -42.299641207797485, 25.767568706291843, -181.09991764580386, 189.23302859750396, -123.72411169041654, -113.99721488778495, -12.575956023097273, -1.4714153302351722, 67.4924993794701, 3.329096220173392, -31.67237070980358, -29.03554488152571, 88.00206092313343, 90.24815927051512, -30.623846881763843, -39.85427379090213, 44.244759003019546, 3.0552871459574695, -126.7494291871297, -80.03255445032889, -51.24085723927993, 56.03436319326683, 8.357958827036427, 88.58635514280759, 48.472866930194634, 17.071913378349702, 4.068465042038298, 93.23797401635282, 39.01317973152319, -90.67888023819957, 71.52460226849733, -58.870575412586255, -99.23654638045453, 9.86223905221337, -45.02265506221609, 73.59952541558219, 39.49934640846301, 55.43606473011246, -86.94254201645018, 55.528488929587155, -94.58571476010195, -10.555526764350093, -109.53416419513277, 10.48817978414979, -59.70688506281983, -9.476437676293296, -68.45760809307319, -57.82861721544313, 110.34123111068101, -141.45621157886976, -93.73028110701685, -34.41491365621918, 49.1288102983462, -38.62748876724027, 121.06660868000695, -43.54067658314329, 20.88724036815251, 31.073628718321594, 115.91369323520429, -108.82324015700445, 166.8715402657571, -23.991199648600947, -12.248323269477671, 35.07492009478348, -35.87486286200916, 73.38944554213364, -82.14271164107066, 2.836317807330775, 49.09019703595948, -27.4045093295624], [-8.346015455958035, -57.87499210910724, 66.22604449459628, -73.94821276167744, -61.09110582465166, -20.759136635500827, 86.80338437394175, -8.171187851769822, 46.94982394804287, -17.534929222714304, -24.92663085327395, 52.04438645316504, 15.92918920668041, 84.37631325565722, 618.7631582844826, 25.040310006532593, 60.98989998406755, -109.17738414443794, -28.44894598439041, 35.5645204764044, -36.65733870774915, -29.254286391584998, 38.05486176878703, -45.01825054984562, -96.18148972414662, 2.480453635590534, -77.83013671830753, -26.153832421287916, -26.728245664260093, 30.786334736906337, -20.481269858413345, -8.214665628147012, -35.030705427379104, 54.589824929614544, 5.0761554545611824, 14.327985750633152, 30.53446224220121, -61.96907871100051, 13.982337102159555, -76.07856146648436, -30.666091004464555, 151.90000369305287, 69.27308878644251, 109.8833112971906, -53.63192736622835, -62.99016486268962, 5.816128041629783, 111.99206266483164, 28.919842821266208, -1.5726331883653972, -71.77884174918907, 30.423776670793963, 10.000451964244453, -13.88324026375157, 45.61689493310935, -14.539249847441715, -86.13595260740557, -114.42200626273494, 126.8616460324994, 78.38632028476256, -51.50154517099782, -7.323542109425327, -27.309482663691, 57.856369694409395, 8.199134291062224, -53.25382330488119, 10.340501100245088, 79.56865507254763, -27.271944803806544, 12.031214935133773, 71.31567055867033, 25.508011901779124, -13.072256051048198, -40.58364883416264, -23.66560543389865, -31.187742373762557, 213.83596803125914, 20.070501984064137, 81.973353089867, 54.40757793187859, -10.183626027671814, 5.992421758399669, 96.29151061811571, -46.102897882346944, 16.80862007957794, 72.69968915892504, -102.10269348242458, 108.44779274654108, -16.525923730442596, -17.95713732365898, -44.548946613412426, 26.763928667640755, -0.05875809804093925, -62.21917571366369, -135.0037555131255, 16.011229696072572, 4.573201997420631, 77.55853677595341, -124.45347632570046, 9.446094849436957], [-24.91331863377059, -59.72179555928079, -0.12456025702161828, 36.61589695811973, -42.04925423919832, 36.859603198251165, 133.49799507317846, -48.79324005332204, -54.704872636895054, 6.92710256513956, -58.72947099709344, -73.61143726356333, -68.63067068073138, 103.44185639484989, 25.040310006532593, 582.9276507626713, -38.750767278202574, -33.02138846038332, -2.0002206665373277, 186.14322054762684, 41.82075794105174, -166.58115571245108, 67.58299598451471, -29.108121104012252, -21.70711451708669, -115.08807762686621, -69.96028338290165, -96.67648506004534, -10.03405984689896, -102.65840075656945, -69.40078752112689, 44.70050335540179, -77.02270174047707, 25.729476199529955, 21.721340204136403, -89.65209949831336, -52.9983082231054, 2.669461620400952, 72.2116138964263, 103.21283984123733, -56.37521285729986, -66.10439222250609, 109.57730202226828, 104.22336266071022, 15.559976008249697, -99.09651379217195, 32.1438682511377, 31.677623031329727, 32.47716343796433, 136.5562230827191, -19.211658335642028, 73.97154803313083, 84.12359335327618, 94.32003609838608, 18.436470982632656, -79.96607538531283, -48.02371001593941, -87.09024583489136, -24.536664622426475, -37.76997741176265, -53.12734187035443, -34.226708138785845, -53.69809923880166, -55.37827047896039, 60.52019958932044, 88.01677013917097, 52.89329128914082, 25.35201431988743, 8.27591893060922, 37.81807703210395, 81.6799788080793, 63.708407505338464, -17.806367929426113, -37.1577232496868, -40.324708993810674, -7.540036601307015, -1.7720679033248263, -68.19873409005199, -45.567647585188844, 41.950073812405115, 24.51234070955287, -28.06672041613686, -177.8154206654796, 27.01277951250289, 54.290679344526495, 52.84912375137012, -14.27843761162069, 36.160981840313156, 36.203059781684544, -62.29149541558009, -23.371955770519158, -27.189926383215177, -21.696909876034344, -45.363685795772945, -29.931156757706017, -48.48726403406049, 37.69402887430887, -139.0044818024981, -44.4873904125377, 52.105299555884244], [-18.34975179425778, -16.40627197047656, -11.083216069864777, -27.9393120494652, -18.509838570834724, 11.756634587077462, -27.88721661899913, 74.44381821769633, 42.27376260221963, 18.610297720578778, 184.39020607540908, 15.114679049683268, -14.916522304190986, 19.541038372059457, 60.98989998406755, -38.750767278202574, 809.37366091371, -176.74298727286356, -88.23958177069775, -81.22367442818918, -24.529842865079644, -98.42605201895192, 72.84604819754799, 29.845388425032183, -71.51805536258139, 104.43702678106753, 14.649739075785533, -68.59119632393363, 94.51377391098332, 9.821366062515104, -44.60571261146758, -47.09124635864836, 54.628246216715475, -58.679611344531864, 79.07930989054171, 54.296975144795304, -43.61396056674188, -57.97979240362231, 29.713278757296873, 63.40545034352135, 37.931537477377226, 36.93282813457644, -87.64741303921237, -18.0592171902836, 5.682046035246052, 6.328906564006822, 42.868338537987796, 72.46815706315799, 80.48946207750852, 116.34837216552144, 74.81367830208156, 44.63297879597711, -60.84086420737813, 4.24575486959943, 149.49706790338428, 74.99666973709795, -98.17624152597692, 126.54040744736184, -31.723790605103318, 79.63247833262496, -47.92521273291215, -2.2040077024115003, -132.64801931390497, -29.63701725164637, 37.77764611622404, 238.1225790195608, -150.72086314892104, -40.67788049023678, -22.293040303071983, -81.21795240472962, 46.63277895209978, 25.922606988547045, 77.34516427206921, -36.17620831352673, -57.66200393238956, -27.44567836370449, 29.12923312641966, 5.866658204803275, 73.30190891331445, -52.60459876092893, -43.14749825271514, 50.415529876686925, 40.321315091759956, 52.970714925627725, 23.415529159185816, -14.97630618115324, -0.48383293814886197, 108.67393852322367, -42.05821468588759, 118.19483669625832, 120.75355359263956, -44.18949963681462, -35.63088272779514, 25.92247486046953, -103.42289640457702, 48.94191802150936, 87.387621969925, 17.216846829085018, 4.1028674004992425, -15.385398010247739], [-26.4989762799944, 18.594783246572668, -6.574437273511466, 0.35714491852796276, 163.15234371589906, 85.35454476010223, 6.512886626639657, -53.45248458086885, 19.795907022976746, -16.503552018284374, 55.10771393904916, -46.72482388812419, -57.43361346808698, -23.01306173017256, -109.17738414443794, -33.02138846038332, -176.74298727286356, 725.2678138215365, 9.352368350386147, 22.259018418873147, -103.77638399178859, 88.49344417049971, -23.489191898558516, 17.43405986007544, -31.159826864658648, -66.45813024987345, 32.28314082530626, 2.1449964301113016, -17.088962343969662, -59.858083081624784, 36.85240780784673, 33.33433977384311, -107.07532170934697, 56.26658274333298, -109.58741797704114, 82.37384887025728, 120.86035798725513, 68.03009421744676, 4.749011707835668, 27.455945225203145, -3.472461649821512, 32.08546082868502, -28.18731561146902, -105.39893486389873, 69.73750948899811, 37.49270202564938, -0.03227338182625569, -4.052186800604192, 30.608426121972123, -54.51800062036149, 144.9152245894299, -25.175375451332716, 12.330279138762812, 31.125848055499688, -29.568699556254746, 2.843332776611297, 33.12261391372638, -118.76917067923799, 77.97384496967399, 16.354765720232827, -26.945826164307892, 106.35194966354516, 84.76115389703351, 66.0288191632891, -60.83381951130937, -75.85469023584471, 168.0745287697265, -12.859047962417417, 38.17873661007978, 58.109048274098576, -36.049199223322866, -12.316059746363155, -39.666483729677395, -2.786527335544025, -1.8708361620520422, -8.968248468874041, -19.173021221018644, 12.605390877209135, 118.72201906331142, 88.07510553718048, 22.51611944137516, 70.71469540212186, -74.3575629843119, 80.14839922597707, 177.1463624364762, -16.70085788609135, -9.053736789150573, -46.8300948122089, -15.48202656258737, -24.095160672190758, -8.42392613650587, -47.20408008822294, -41.354776859081035, 44.736349154263884, 31.225425134363626, -13.834414387682502, 10.957170209347963, 27.014839857256394, 9.305833259695822, -7.3314464384572675], [50.21009814214116, -5.847120184917459, -90.66559912519521, -39.59772849335541, 66.6420792632544, -53.07048426650537, 49.551830975022504, -164.27484582320284, -197.14272191105465, 4.032915800406413, -45.5425309048419, -8.20446088450102, -80.95935597055549, -138.99921717867178, -28.44894598439041, -2.0002206665373277, -88.23958177069775, 9.352368350386147, 761.9910474823215, 6.484844556206162, 78.24863718872983, -77.06936654899904, -119.71242640347997, -80.37766661585125, 18.93023475025893, -104.14824694360296, 134.2271128098983, 23.28872297263688, 31.09547206556581, 87.57256418556746, 108.66084006078974, -75.40617042254476, 27.09592060712878, 9.265702479665585, -43.6489428864008, -100.43761812662818, 135.14336787289605, 103.36321300849144, -97.36106725879804, -10.031136172575955, 10.181477130212071, -46.80560175917893, 82.8607806265035, 42.80882523586928, -167.45917844749061, -32.73649527895481, -62.98628101199746, 49.7444198381804, 12.212941440974708, 18.729562393901546, 102.90345732629697, 86.46046393442613, 193.60750619382077, -74.63791936804891, -37.875475471070644, -197.53301116396312, 87.74956293063167, -52.93597054191094, -26.997413923467317, 43.47117348876218, 212.12428390453317, 69.6251935355821, 10.479803092155423, -0.9297524471781634, 81.83388167451999, 4.510249616946839, 26.970458688167582, -168.5788366860839, -15.392137806158548, -43.78112068669465, 150.92962988094536, 47.59114124576473, -10.245866217235054, -116.30466389387826, -0.5355872199665119, 39.75441827207302, -20.23658505336517, 111.88064332277192, 28.473583635404566, -18.851321681102643, 15.224624522363943, -104.44062069094733, 25.088622009179915, 86.38541787761204, 42.436866660303835, -28.680125344748866, -24.866894806646194, -38.30644988280205, 93.26158653888938, 111.27884319032252, -107.2663946189371, 45.42806547519197, 23.44491300493059, -137.21149392226758, 131.99079487344167, 5.491648488155481, -20.392735425310143, 27.576113724118102, -152.5689715020207, 64.6518879001666], [-27.79136859283227, -70.7211510125507, -55.07481395911756, -113.86507304350765, -71.81453044542243, 9.341590445046974, 24.0128158911957, -30.68193405325483, -164.2905300286229, -14.792785273775042, -63.9415931227303, -23.250787835228365, 33.84097610802089, 101.44390821485541, 35.5645204764044, 186.14322054762684, -81.22367442818918, 22.259018418873147, 6.484844556206162, 883.4689297819547, 49.46393174401218, -39.89924262504738, 25.422461055262055, -60.41647720961805, 53.74254314585294, 22.289807768813972, -71.88937058301335, 160.64359499378963, -54.851910706512065, -90.53760008521868, 62.33332667770682, 166.89890867533904, 0.14542795612425713, 125.15648932929827, 98.25088467692986, 32.76332450965096, 80.5899170526727, 29.567944863674015, -11.425478545673, -5.701962823095375, 10.633665101310845, 22.69875157063523, -24.503453875598108, 60.77989841929245, -33.338577371105984, -37.352726163714756, 58.746448793371506, 44.76303988003374, 40.36392662229265, 21.377730673527356, -145.21782915064668, -71.70719436049592, 89.9429411860135, 39.06898492431453, 55.462527735646894, -55.07736708116978, -36.6216137897957, 60.75020685531298, 83.00739727485853, -54.30241522890906, -65.75063224995644, 106.20450233294584, 4.153807819057743, -22.790595008034902, -105.92591634512543, 91.53630003143138, -12.706054661728732, 88.80287843510337, -104.8248525699501, 9.818378034980004, 40.9337809335241, 118.70786123506579, -37.29509867597394, 104.61046941244399, 101.45868005683494, -70.58863239179342, -81.0292702588339, -24.95212315606892, -34.56170720096313, -99.64085536085273, -62.92424086594819, -57.21054451350555, -174.8374814456805, 15.02319582706832, -10.166462404906111, 62.452498088823155, 23.78387929489884, -44.82989350515624, -22.92628049360516, 18.841763164541977, -0.7663838423471493, 55.66041922522624, -141.79385803937174, -40.63498742185905, 28.725526231314042, -58.025872541700814, -44.33364440153769, -113.19475354128569, -146.77340851174134, 60.503024861873804], [164.3965993482862, 96.98509665017532, 28.67098573000735, 83.7518253231917, -20.742175830282395, 76.90040071956967, 63.08135410004005, 62.02556701241746, -75.19350787560212, 25.905489892251783, -14.58968997748487, -52.197051121269325, 5.247348946165626, -32.9811761207223, -36.657338707