{"N": 100, "M": 7, "A": [[[741.2947371346775, 17.034726810905035, 36.5791691565014, -123.8908962757402, -19.84352901565464, 98.5989828767567, 47.95121203946421, 50.329940993093054, -50.0503847030174, -51.07278737565024, 134.95769756322693, -29.803278854468207, -17.392118830095566, 32.89766511462565, 6.975690611154696, -60.82700390333202, 20.958708444580857, -16.99110403760464, 91.51232111575085, -32.90839466656951, 11.171858173821992, -48.901292378557365, -48.25463937432551, 31.0606619096099, 31.293764130830755, -47.059434606453166, -57.2430198829579, 91.63738473669025, 25.08679980531939, 46.1374598015917, 139.28596606296102, -96.93909740452959, -68.60697478919641, -95.08804410555001, -41.96282650212413, -15.555740278110173, -122.25625270057658, -74.68940084461535, -21.38499980481993, 14.848671374065647, -50.33653536235598, -86.4085918862765, 72.76433566390467, -46.94049435916509, 68.26174547177912, 47.91777601422243, -8.596600792836357, -14.08870841940011, 41.16130093191962, 52.88749709864331, 119.40680167839417, -5.822628482718561, 57.412336602972786, -85.42454331708201, -93.16201258577692, -35.29319774462421, -25.69121433304255, -12.533346214695907, 41.621103855125384, -26.96767899397023, 24.384867149398815, 50.13632497201199, 63.67557619267324, -13.181808446056728, -78.37840937299788, 46.015150173655734, -65.52657321908997, -58.065185614605674, 143.33084775120463, 75.5859488895378, 77.45534947388968, -122.05092380943269, -125.93253726539002, -44.40248917926213, 41.272424719990305, -2.3438785266349056, -54.99847996010379, 11.029190058576656, -46.092333525193084, -5.482679469079349, -17.15464159509396, 79.59930441377567, 98.43807129790926, 5.676488095283412, 70.20214499865004, -34.18461424736283, -34.746059574152355, -40.90956022491419, -0.6407299112971769, 64.18831840448112, -34.3659140105719, -12.34407897507704, 43.44938200836259, -57.11978079626743, -3.3081725695059903, -101.15442689168157, 75.00988162091119, -138.9600606035742, -72.97044098539475, 132.10673357080717], [17.034726810905035, 590.9760108720682, 26.13261335037492, 95.47253830579218, 70.17847917390844, 97.84414477704331, 17.83353202399745, -42.96053683345347, 99.87066762854204, 30.05018250379558, -78.27159111716908, -30.25911756817371, -19.075507896100603, -6.409321870957715, -17.043175775067734, -64.83403005331876, -71.64180748694804, 0.31922747815424046, -16.313503579606092, -110.82368613515628, 113.57349755573736, -9.410177612853277, 9.626038803366717, 3.8963434696225936, 19.456280266103438, 73.45562584024995, -0.5966778557160255, 63.72178984516944, 79.69933430552894, 73.91769338357162, 138.09766034710776, 103.77108360324733, 8.10180969161137, 67.49908383337856, -62.13822961127629, -11.1696927814905, 19.98969030137538, -55.67879487225475, 3.983822658185088, -97.85104213657218, -14.686274244942517, -21.783727138364146, 61.25270162844331, 43.53497312961293, 45.550969047805665, -123.5109146057251, 0.22711942908690183, -82.75139060013365, -25.020852023777913, -81.92804717010043, -53.998542382389196, 79.00066898341436, -12.560129741989112, -8.367577002203026, -95.48735508725812, 22.87507734177522, -58.63214429454156, 75.00723103015208, 9.370592773205152, 100.76991956241794, -24.171415833357912, 10.032238547980175, -47.109706143361876, 0.4321493685425506, 67.31389955260548, 80.79443459840937, 61.934173888327514, -63.903297931531476, 46.660136963001946, -15.902993720747494, 71.48662767335122, 6.746336460995544, -100.04893877066553, 9.237721886115313, 34.0917168773587, 8.202084624419722, 25.30483575504746, -48.26049743693715, 29.85458614561558, -51.54516354362965, 31.26577697292004, -37.75184786320013, 65.43531123700018, -35.58852414721537, 69.2172408224791, 3.1723608793761233, -127.35322289693303, 29.470693415398994, 18.393212025453376, -0.9034065558548401, -20.37766945274585, -39.840867581069425, -84.06853439735318, 30.85368906635071, 58.038274844897124, 34.612563645435436, 93.36902937321315, 49.52200425928987, 18.659842490463877, 32.57841435690941], [36.5791691565014, 26.13261335037492, 744.4165175713415, -9.550647357764731, 66.77835850840044, 23.962119756995246, 58.52334595208045, 101.72403587044289, 3.191563087052757, 20.484276477479053, -26.507136704034806, -35.4229450968945, -21.099482734547028, 11.426168990439367, -61.72931135140139, -50.517678340044526, -139.35810225420414, -78.15650828240108, -21.742790869615742, -43.27651926306067, -39.21617399498549, 75.81180022550765, -58.39339523131318, 12.762317767747401, 161.8320211079707, -9.209572148609865, -42.02690968576415, 75.61134485981238, -16.870907122030616, -120.46580015945881, 52.552702264899395, -30.099132781399273, 87.00419639541626, 39.11818348568464, 97.6037398675584, -80.4403978018428, -131.51700075326815, -86.48162907428973, -6.534345008099512, 98.44058447528023, 19.14022991620817, -81.33243291921112, -13.271167384594037, 64.9705080444554, 137.99283129758857, -117.50962265137784, -129.05446028580087, -48.3086492562914, 105.76644816993793, 69.09898889543112, 45.85665000627747, 44.25998957688565, -70.31215129724961, -74.04865655151869, -50.21578005150383, -132.59395806733224, 41.712229466265434, 6.002568128701054, 49.692866796465886, 59.77533167408748, 23.668723937233935, -2.2149763531287157, 83.45319441117498, -51.88930822693005, -162.793373724291, 34.44044616835607, 19.110553846339045, 23.368969889681658, 48.62426234214625, -18.710684151258107, -105.90590941600402, 15.42064997916426, 8.153746788037429, 9.0549574148948, 35.95134370098665, 17.01361448975896, 62.150626008651074, -28.477652835558935, 46.47220149466173, -36.91078205980348, -125.55957373239323, -107.65359281343868, -98.35676061232411, -95.60415038238033, 55.41884978692899, -88.13728545144484, 77.62541996299042, 35.366261451744876, -89.70310363036646, 49.995196896231796, -16.469583321482467, 13.08208709413536, 99.03471159058617, -41.14594668870312, 12.919144536338091, -32.17386423467743, 89.1007391349533, 30.802839496099452, -50.11286966339319, 95.78314185151159], [-123.8908962757402, 95.47253830579218, -9.550647357764731, 750.6150977727141, 62.25412675780269, 88.64112504716213, -8.070497815154766, -51.46858921330875, 71.10929536997679, 61.4244110748854, -25.77411786396817, -66.60114710995312, -83.86825078748478, -16.166459269241894, 160.84761831324684, 159.7656572819061, -55.59977316489974, 53.140178055120494, -77.21447367475034, 30.070745038713053, 39.33296769958939, -41.876339958987586, -111.88002541121317, -24.683253547816868, 88.19964917663303, 49.62279349848989, -24.254801499778345, 60.238813370533535, 92.11586160338427, 32.19652009762841, 124.72663219100899, 56.14528716620914, -8.814780498244051, -124.49585698584723, -79.94281438915255, -94.65707483610005, 48.25031092179349, -69.12238827153496, -125.00604391250099, 61.39664096771166, -105.58571513079752, -32.973452438948016, -7.886795355317421, -40.67825121539782, 0.9099209490119746, 44.44646450707088, -5.97518812024194, -2.0466029422268335, 22.12000033901125, -28.10807352898368, -116.55323078772723, -105.71013052693101, -22.866578324001775, -79.4019444128071, 14.312727991117315, 13.20871044855051, -43.595827985933994, 43.481986745973536, -55.84145369180101, -62.81804020718954, -46.44678435404135, 50.61366477022778, -109.88670632451925, 1.581736431198068, 90.6206994467824, 80.18538026909752, 42.67863983376292, -56.76636460818263, -157.45408065483724, -87.93117593232873, -32.14675872699124, -84.04760125132637, 28.13595542311312, -175.03509022854354, -38.64142715100074, 61.513670912180345, -29.877825112795676, -33.905317323364216, -91.99678879711676, -51.534407806071734, -15.02073459473111, -126.31391450703899, -77.30544189740249, -26.87617902281975, 43.67722169719258, 12.412413020940228, 29.901550820053266, 64.04519102357263, -11.095700496474313, -57.02642421871219, -50.370893494543935, -87.05995224811358, -22.339580788443484, 37.74073429641962, -84.38377987548382, -67.05580585377677, -44.17827893038526, 37.71991996878996, 9.07652054722968, -46.30500765118862], [-19.84352901565464, 70.17847917390844, 66.77835850840044, 62.25412675780269, 672.4841713339914, 40.5405271824217, 39.741222160242174, -22.34388141531909, 35.40436189336059, 26.319265065733443, -23.37984790350458, -108.98873118122646, -7.613746775523149, -34.135821329703596, 96.64343629069448, 27.052036864836207, -36.146182408310075, 3.19668795484307, -100.0640178429364, -100.18546593479181, 77.72476570419495, -48.06712269905444, 27.947065143272145, -10.97012964821531, -28.818495958745004, 43.77516903100381, -56.1244441531654, 65.64491079569136, 27.674037079525277, -51.179626563172846, -109.82748294797659, -167.91680332587845, -9.183031763636903, 121.83603146163297, -82.82828436015814, -113.38714391790444, 57.105561572649776, 22.348633221679705, -52.88474165083374, 81.2929487839527, 123.02600600082053, -1.3180570767473854, 33.20047084085227, -5.093065282205449, -6.334324267039927, 63.59510710497835, -9.0031953658545, 88.09895273342727, -34.10982093944733, 46.02365017732632, -28.793295708458476, -46.73599106751202, -119.58498556678705, 44.944075753243766, 17.92127864577125, 17.63670096784193, -10.446039791377453, -13.0395165917578, 106.1294883171543, -16.358238324825503, 20.414745438905758, -63.49770092703239, -4.574504048861802, 31.29946147080134, 7.901466160613571, 23.728507362761547, -24.767817034478554, -2.426034069090484, -48.4554992821625, -19.572088285117673, 29.925578396899837, -9.921018476839508, -93.17472180023609, -132.78126939285866, 13.528521498819952, -36.898073744257424, -20.14609047849223, 2.8981747656875254, -117.5386797219742, 14.110106977488886, -141.91298550375686, -18.43804058029641, 22.882036335477977, 18.45100904358821, 47.16637789527775, 54.35063174925168, -4.61328663492239, 58.92986926090562, 0.01776191955095574, 27.355712186387933, -128.08440516254888, -117.16891158954046, -50.5714039033278, -60.40286561286638, 40.4183945066282, -10.823803503324713, 20.344270947819748, -54.231970166716906, 11.400330551392127, 54.552097219098066], [98.5989828767567, 97.84414477704331, 23.962119756995246, 88.64112504716213, 40.5405271824217, 721.6557655247298, -24.71497231537341, -60.35850677794193, -44.540179830671235, -10.074150406196948, -24.549864057825435, 106.61403516410863, -40.53170644780886, -37.38211115417454, -22.486332117838767, -73.59950029445503, -34.61957108425901, 92.01065742028364, -78.66005237014893, 40.7090805788152, -17.28875093403786, 15.278329705302555, -27.538881999298933, -4.6203614359655, 140.83813239037678, -171.19970418756253, 25.575090256643666, 150.51575331330898, -57.58350437208333, 64.89424273981729, 97.88990588337134, 39.13918395101079, 80.58087053335979, -88.3675202766515, -16.386498124426083, -51.94210692211126, -40.955448459531745, -22.10981178822585, -37.38366453772627, -53.32329084482799, -17.348904999990115, 76.01062265957322, 130.4510785990449, 5.624626861181163, -1.2961114962062936, -30.240830672847423, -32.957128503275754, -109.36163443916568, 40.920580365454754, -79.55918897305646, -24.42226702498229, 86.63576835568588, 148.64325147918686, -175.84882081253963, 85.73293412845412, 29.057691773675604, -68.90239211657692, 6.494655536971033, -25.985635527424026, 121.73986278104212, -102.38017367007579, -1.8748306761202236, -25.0777240152742, -155.22447254458572, 8.360401063537937, 100.54053797308818, 13.93749784598162, 6.097259790963289, 71.68626297511548, -115.61500788728027, 58.19709671485953, 23.66837641628887, 27.34930501311639, 70.08027282604135, 99.20386388938748, 74.03464627816878, -37.376139729389735, 25.17219737993621, -44.78062512109709, 2.75557436012062, -1.2614721642273403, 62.19794719091535, 15.277687449594568, 15.834230797002245, -69.66451887171732, -57.23428931020214, 78.60653331485572, 9.30722181764227, 58.541660839932376, -38.72335985699915, -17.539678268299358, -86.56332164252689, 68.86757794884707, 5.795636127191458, 88.43727213416743, 4.958894180332976, 118.50940154561006, 1.7843081818044795, -114.1155820956471, -16.847435188633515], [47.95121203946421, 17.83353202399745, 58.52334595208045, -8.070497815154766, 39.741222160242174, -24.71497231537341, 640.9038746170869, -72.21363155195314, 21.62099389475258, -58.926239985297116, -19.135174642195828, -28.99951852027246, 18.854205400836435, 76.3325107334313, -25.34565082040983, 12.608011689148139, -21.08374012746446, -67.71373758447072, -93.5617048212744, 1.8883361489774302, -30.223623930496366, -104.82119987687959, 42.92649674924166, -2.23448771103774, 70.53539442604729, 20.89054491056649, -49.67778541164515, 77.6560933998787, -0.2671613972745363, -64.80740540161972, -64.71974231604628, 14.713733113407715, 10.974773528524123, -9.111885023926455, 57.013604483176906, -44.97696914556476, 10.720011700847465, -106.31031881572981, -34.1560700330277, 102.62886634976556, 45.65612499940923, 22.569579427947094, 25.805210765876154, 52.190084129246166, 95.70497079726691, 32.92971390739535, -14.466172565080676, -10.38508380706986, -80.47797360260124, 96.0473773216405, -22.30943563062624, 67.014312193897, -10.307333677796986, -84.97030262147598, 24.241959435196637, -45.410530022443275, 111.20635193853356, 107.8427051875058, 56.56588300140276, 49.26228957631476, 11.729731828083326, -62.880567416980334, -158.78167533950065, -97.73384646526071, -66.66581581231614, -43.979704911591625, 39.085478994761914, -55.96906718716291, 74.12287416545071, 23.076106507953444, -44.41515250184223, -76.43048438103726, 52.01797110291862, 8.464648417823849, -55.22280355085718, 48.750501168954095, 31.811920598891056, -37.3845774758615, -20.808324432596443, -35.88804284338379, -108.09543938007891, -1.6817484344513747, 49.22425062657174, -143.78770565698233, 54.873814117533406, 8.876947107166645, -18.69029284655551, -71.73683348511389, -64.84878955729621, 96.1482123438482, -60.09460658580914, 62.29398910341832, 9.996751639321275, 25.40069145045138, -58.78407941540484, -20.601961512169414, 53.14951470757518, -14.23531832377764, 32.14289299491936, 3.8557110301024857], [50.329940993093054, -42.96053683345347, 101.72403587044289, -51.46858921330875, -22.34388141531909, -60.35850677794193, -72.21363155195314, 693.0099954593202, -20.454078765094035, -57.92415847771229, -23.80664000921875, 132.55688525683496, -170.59505423913353, 124.04221279554592, -40.926032689432425, -74.32760757610059, 55.6349115806401, 18.02831992578512, 10.865306304528294, 203.8100422075164, -31.623862004665366, -78.3436798576257, 2.1976279614719862, 6.3707147782573585, 59.018106534635834, -62.46909322770389, -86.38830833504903, 42.467631487048926, -9.226426158509685, -39.37123149347999, 48.81106150838544, -40.95064757952288, 37.60733624677512, 30.365987625678997, 16.274320255868425, -73.42467156630681, -33.71621332443767, -81.47152661783092, -101.81430758282941, -94.78599899514776, 10.658759246912934, -40.58879868296403, 30.618366292770204, 33.32639639847369, -36.57529767118065, -118.08955735843821, -3.007631556728392, 66.31094276733856, 61.87597079629038, 48.231788875852665, 47.63493160262256, 23.628711238723156, 6.667348856459575, 18.72332561181183, -45.17083702124689, 97.1128795925444, -14.159656462833471, -35.41240028756866, 85.99454511891587, -32.808129748909366, -80.71201290596314, -7.241772521130099, 140.32578098937853, -72.36063170413368, 55.46477063088305, -151.1050569098614, -27.716688868751287, 48.52624471164677, -8.87245546597223, -52.54428927991645, -31.292495420739833, -78.62331665976943, 37.17056774998268, -108.31296476093901, 38.205045983324425, 3.4090567586807308, 8.613941673241781, 86.36621978920476, -11.869126965421689, 100.93204552940207, -84.54584547959269, 55.24575796750183, -79.70257432305384, 72.47403070798069, -40.93309084002974, -16.572841455300516, 44.19659988591955, -15.415189569690105, -19.436444620451194, -19.941014348449606, 20.35986703415018, -19.48869739207546, -20.787056861174925, -21.902089223661033, 80.58121602365924, -26.330682557637825, -20.08407756574452, -60.45052288382773, -5.872303251294421, 24.788878736446325], [-50.0503847030174, 99.87066762854204, 3.191563087052757, 71.10929536997679, 35.40436189336059, -44.540179830671235, 21.62099389475258, -20.454078765094035, 730.9986924090387, -2.7475208876207904, -72.15025730077043, -15.280338980343291, -2.5255621502809826, -7.9066512254709105, -30.029508729409404, 38.72230601842299, -19.0501703511714, 2.3059786935106543, -4.553127504562911, 8.907517538693599, -10.856372076693626, 29.69623711358785, -57.24671354109013, 64.2411742293423, 161.44843902426305, 6.014256979811178, 83.11406731097024, 17.81026944491305, 56.05711146596803, 66.41588008502787, 45.84850136902969, 31.837710647886997, -25.006299217621837, 68.40216578703225, 52.56498529739476, 49.92793800802385, 46.47962613708952, 17.762479290723693, 60.27586379865621, 87.65478498719803, 12.754643367849251, -13.032768945350247, 19.75656093528977, -71.87482489970924, -34.15295984433161, -66.65371521717076, -77.73423480933394, -0.6718920602020851, 27.73325577466288, 12.480752195029556, 22.86252954751231, -122.84189931177245, -68.39910501553133, 49.18269401949339, -58.53346877967667, 119.2012076921435, -24.915845469102774, -150.3621835083627, -79.08149401766576, -71.1118138286986, 27.49384913801082, 18.1705800190794, 12.803947900329732, 53.52599722158684, 169.42729093479005, 67.74865909867653, 52.09880753477967, 92.33455767457377, 52.576131812488434, 74.00302445526756, 54.30503680587261, -119.90912307277183, 127.54519037113303, 179.83106128075121, -37.583849125872966, -20.413652922436892, 111.8861449168784, -12.50019443611794, 105.29343123015809, -113.55147672949246, -46.63586835023704, 28.005378462984744, 41.59942168443413, -4.712296460492975, -94.3374567847744, 47.862772742857196, -52.30097827073628, 35.788224355484154, -63.569305537112484, -19.611594927343866, -68.14189052642999, 37.98122653878956, -112.85207284200456, -74.79867254104367, -15.546282461933542, 22.45140527212732, 72.41137851933412, 33.44054569959237, 28.15761317377252, 5.321420378160097], [-51.07278737565024, 30.05018250379558, 20.484276477479053, 61.4244110748854, 26.319265065733443, -10.074150406196948, -58.926239985297116, -57.92415847771229, -2.7475208876207904, 717.701007608722, -21.665831253326324, 149.97597296386897, -99.1507037294359, -83.52978758452105, 119.43968455828445, 32.891277792385466, 28.842958296234357, 125.48588063943883, -28.937404701643086, -8.135669101660541, -70.04467746664187, 33.85487981537507, -8.641246579333764, 20.32463626891119, -35.81219085021355, 101.19274317673494, 15.714103452823387, -6.051173410896504, 41.57389797052485, -1.9475797652578493, 13.826326887706307, 37.84537810321716, 7.2052346118509725, 71.5826081057804, -6.165880879846172, 29.89117771237852, -60.12598482099436, 57.28159984866325, -127.39001049017168, 178.8129454857832, -32.4359529866926, -16.15247118665356, -4.012352825810011, -26.3377486858528, 57.07825465265556, -50.33168644621525, 32.420513393033694, 18.73094780551273, 4.049121151283007, 40.227939718651704, 6.445226226107204, -54.78783777370329, 9.640801427277072, 21.81104445571808, -77.01743042565019, 33.36226401659144, 18.90869431225798, 83.07983628668156, -2.759337683014019, -24.9099130986025, 17.482154196294506, -30.47449869886013, 95.77351782278716, -22.162509546981404, 2.6753208556446055, 66.83080353074479, 25.160655879463437, 43.37667577064028, -67.19195680052854, 24.72872333044763, 18.100877356749066, -125.18216790298058, -15.344974682719817, 16.26394421626793, 0.25455840455645695, 33.40286551779114, -60.35035011541097, -12.10377942446008, -21.430828916948883, -42.642226099883075, 26.591088870874355, 53.89605269986306, 101.31832447540113, -92.32713728965392, 193.22497607741707, 30.63423550190898, -37.57679946737186, 53.28802949514546, -10.094528119965771, 24.65794042285793, 106.02089932906529, -27.258248181693073, -15.607538548952613, 20.343353502323332, -37.06335385799568, 46.930277710274794, -144.1492152287888, 89.34398056327976, -60.11598173805002, 49.92138305287927], [134.95769756322693, -78.27159111716908, -26.507136704034806, -25.77411786396817, -23.37984790350458, -24.549864057825435, -19.135174642195828, -23.80664000921875, -72.15025730077043, -21.665831253326324, 771.4113284103909, -54.30830043903041, 28.578573079898796, 101.16579072658163, -94.21383912890467, 53.23019399274428, 75.13215773080287, -3.440559367512369, 38.39566972316686, -133.6442856898464, 61.45732651159021, 23.8661055661248, -97.98384370568083, -48.876824671563625, 49.898903855651945, -34.00557216999212, -60.13334226412159, -83.68135095545718, 50.75759306164749, 49.072490359603016, -209.16929010708526, -202.7115141321368, -115.50136844023926, -12.803207276117888, 88.89783127544152, 78.62053745971953, -66.8417029788924, 53.089031358714514, -20.645776769282964, -71.35473511528198, -95.83377821994442, -105.80103388599032, 44.870110137254265, -92.20665219789544, 61.808256245166014, 4.354608156478328, -58.89219879482866, -32.979956635035514, 8.74583023738875, 53.374728869559085, 15.261601405979134, -102.48324516919793, -124.69232376208608, -103.72344420933155, 10.322135918327477, 34.84202001418552, -35.25706443411152, 20.050497115976864, 41.77209427807308, 13.057494335477205, -50.63720292617294, -6.524097941837039, 74.04588937189347, -74.3357818063013, 15.544824507220497, 20.566990869417605, 41.247373787007845, 12.634930083426408, -67.89960849957959, 40.118501570987625, 68.1004160369335, 89.89645434076165, -149.2754090490807, -14.144874749816385, -65.78526967474235, -95.72023234923526, 17.966651905296903, -34.86958345803336, 92.6323850359546, 28.22089904507953, 27.293682708237316, 91.22931584617702, 11.774127323757867, 96.1105003075463, 67.93712599590756, 165.8445001063767, -37.55279285113718, -1.2500206617862848, -121.08299522279393, 9.311950238240595, -7.466615078618152, -35.7166944783547, 31.879751699003535, 30.96556404835279, -113.90021212661263, -58.82375454628704, 111.10685714275435, -138.38467796695832, 135.00814204521234, 3.651957431784272], [-29.803278854468207, -30.25911756817371, -35.4229450968945, -66.60114710995312, -108.98873118122646, 106.61403516410863, -28.99951852027246, 132.55688525683496, -15.280338980343291, 149.97597296386897, -54.30830043903041, 850.3668287096176, -10.194025261748052, -61.36561106731182, -78.9991540524475, -2.76839824789176, 23.63138795387288, -73.85707392677219, 27.367307745719682, 15.010091016529419, 67.49746884007304, -5.663669737083407, -49.66384301418342, 7.131509405854675, -52.204602277298285, -15.810589554476737, -64.68818098974471, -10.76627588272172, 0.5775122183177179, 1.3683926415513978, 63.27058316845507, -10.388710341011409, 47.65652546619314, 21.342388260868383, 39.73217460021188, 33.49117159995325, -56.722692740949924, -39.698870637757985, -159.21103079317493, -40.130446216463, -0.6629217747482296, 90.84819196248026, -48.798539074187694, 25.478589979862075, -15.750630738135177, 121.20386079411765, 59.66671821622417, 33.26510180513159, -171.57574735763623, 94.58495090635466, 129.23486801491222, -67.18417089716654, 147.65589994084462, -52.048471310970015, 11.658110918715346, 104.24091284738226, -110.43122255546008, 92.30081565871235, -47.045502176889634, -5.420525082367632, -50.8261132416885, 18.941846858264935, -24.53158455157898, -171.50586075537035, 35.593240862478496, -10.938512796652256, 78.48914914647816, 1.92322338202043, 17.301513960758474, 43.74472199940697, 121.00333379273935, 32.99912400945836, -34.32472592739148, 83.54976791863648, 2.0986072894813654, -42.750911315622915, -30.954331760249612, -87.84230025816885, -79.30093050381065, 9.64803676768686, 26.668142793846354, 186.43150371771844, -71.79051085275731, 52.829739037175955, 83.1181678490887, -17.849023774277867, 1.0959378996657236, 47.317500427161384, 8.079776422695668, -44.64261074435903, 139.226267532599, 115.52734326737054, -60.22903245160165, -8.595045958257172, 46.76706844328669, -76.16615759779783, -98.35619564350947, 162.49496318165572, -67.80645024274727, 10.140205583257224], [-17.392118830095566, -19.075507896100603, -21.099482734547028, -83.86825078748478, -7.613746775523149, -40.53170644780886, 18.854205400836435, -170.59505423913353, -2.5255621502809826, -99.1507037294359, 28.578573079898796, -10.194025261748052, 805.4826486061592, -38.06763015919508, -81.64303678729732, -9.971496445239971, 30.109855449342856, -37.24532849739736, 97.23414151454257, -158.37862317919996, 1.7533211089504008, 145.5713818619305, 58.57450967326067, 15.648724637503367, 35.917531759932935, 104.52423761738757, 23.654282439458203, -17.668484236739495, -65.58270424864149, -66.82256021719316, -56.74853580197845, 9.707280586239223, -85.02913142331107, 97.39031303660198, 106.44297292808065, -140.810812947124, -16.686209119800232, -112.29856199729359, 101.17027003930664, -112.63640377528023, 46.05005992064899, 6.1056962231309395, 31.15005867430729, -68.3390105352843, -56.335100422935156, 24.186341460157266, 7.677013809459756, -101.41875752979823, -84.88432976557068, -105.39203353130836, -28.970799860373873, -22.227158846862167, -61.47841125029497, -89.81793040860676, 36.04447094748383, -11.1315709712727, 8.043928149045344, 22.770545901852806, -56.383844801899144, -181.22716941425634, 31.197629377208305, 2.51888727582133, -100.94955722445323, 71.48967496643742, -46.78554549898331, 3.6485874590868246, -28.54260806984861, -63.7107806630069, -13.882545549776914, 39.42637477246149, 15.250006110448597, 94.12953976307958, 0.4238803940465343, 37.80364101731508, 18.985745071874728, -81.00792580008104, -79.58509099729933, 77.9149100372621, -24.517691116114225, -55.047737204554124, -64.88496351837011, -42.83329190950721, 13.426858876083292, 57.71378678254023, 19.53117540250879, 35.79536060904065, 11.820254583736556, 42.433587904194155, 78.91251878922985, 80.28305472425788, 12.805666128629332, 22.563511843046484, 18.135738181726914, 5.773343782140994, -1.2737100721788668, -81.8663442773623, 49.06972462837182, -64.37823691557044, 151.4537015915471, -17.5558184393175], [32.89766511462565, -6.409321870957715, 11.426168990439367, -16.166459269241894, -34.135821329703596, -37.38211115417454, 76.3325107334313, 124.04221279554592, -7.9066512254709105, -83.52978758452105, 101.16579072658163, -61.36561106731182, -38.06763015919508, 585.7110829291801, 1.6532112197456426, -102.93115405481156, -98.1542833325379, 39.176021287161895, -91.63668082558776, 139.93244955737094, -56.279212171421925, 43.886508741878224, 116.22543729253682, 20.334776862785322, 14.549613113233683, -55.302322174191936, -30.195671188731524, -6.007410605493853, 72.05536990810445, 11.907809534582604, -116.13192250415686, -40.61865559125517, -33.43908922615389, -17.959367758160266, -11.956497768645912, -78.54272885678337, -7.8275320862178726, 12.621752609023137, -37.62331314290551, -157.39784833603883, -1.787040068503961, 40.62802619165836, -32.60161465001124, -106.4988877945261, -1.4038847326351602, -68.96750615245651, -75.59430758253863, -3.614046358774236, 73.5871606973946, 31.573611420744054, -75.24148813643227, 20.699649732626334, -58.01306370460341, 25.327388645079214, -70.4962079635746, -136.62120032159075, 23.43556704571123, 139.28964916018793, 11.442692941261319, 16.938545429283106, -11.588542418369789, 60.32682717017356, -36.70948340973053, 21.77397221486741, 87.39621710845392, -116.62692109319929, -166.21231484560934, -19.14475290117512, 34.67409435865468, -82.20267078134403, 119.52584119522277, -37.18599622240769, -8.41075004132945, -14.741326493423278, -57.82460441782135, -146.10032147244377, 8.370215386895966, -3.4165050719166383, 35.81915311051702, 1.8181070688756495, 27.85540699438209, 19.446768388197025, -76.9505720769881, -49.8326299483707, -108.17112502455211, 44.15487340799235, 53.900361121278564, 18.18587536667981, 35.07072476364482, -16.62294526078878, -50.397902104834856, 57.61215042176787, -0.639582568688687, 2.124601734369514, 108.82933279340779, -83.73453842461028, 37.66849616437716, 0.46310855001595425, 5.829152237367669, -62.842014036446976], [6.975690611154696, -17.043175775067734, -61.72931135140139, 160.84761831324684, 96.64343629069448, -22.486332117838767, -25.34565082040983, -40.926032689432425, -30.029508729409404, 119.43968455828445, -94.21383912890467, -78.9991540524475, -81.64303678729732, 1.6532112197456426, 851.3513275735784, 18.6256131090411, 92.02844315106745, 74.07150579227253, 22.184462317536436, -48.671744914365476, 70.97100506619611, 20.803737433311515, 40.51693042311853, 88.10187083894728, -142.21122013765577, 66.75943189054122, -91.7104446223598, -109.1359887203565, 167.98412102315908, -78.77390818965672, 131.54851436999343, -3.7199746234413746, -4.364928924615914, 14.856182662306942, -10.295251990617816, 18.179862548450718, -64.64758437427457, -37.60733165680239, -46.146247876244125, 35.91233182189253, -127.44078560032548, -92.55069513884726, -142.84806071533825, 50.404661120107804, -8.316912592604929, -37.46296525914701, 73.09609349671699, 67.38226038860009, 23.89140343360232, 16.844507472036867, -32.39345204009589, -16.40565041249398, -77.36968434627993, -18.980260998359487, -128.3863035997853, 52.190143385708154, -126.7380366594306, -119.74826425020922, 128.47294285874025, -72.53286775618855, 94.71338550131756, -7.7170409924238506, -67.35345040825183, -17.09795167816275, 134.12266392198552, 43.080764448010626, 32.2682779363733, -44.100456816961625, 10.854562043721872, -12.653212204365971, 75.25620452003572, -108.32055937556508, 20.25239220239156, -247.00420242185913, 132.04089066054485, -15.650299256718206, -53.255385443353845, -129.22551528769702, -22.238539844778245, 40.38700768842486, -25.6677949239313, -21.147985908520983, -21.42107092083746, 12.420951666475673, 53.6307657029202, -34.604354306151144, 62.68132703340174, 154.92605183174697, -41.84690402917789, 131.1266477109784, -56.08115664948441, -153.59193506564404, -95.22060963010779, 32.6723900002101, -69.84654030799332, 134.51730036907497, -91.0106608393181, -46.29172269400812, 29.554937791614364, -93.61981810309292], [-60.82700390333202, -64.83403005331876, -50.517678340044526, 159.7656572819061, 27.052036864836207, -73.59950029445503, 12.608011689148139, -74.32760757610059, 38.72230601842299, 32.891277792385466, 53.23019399274428, -2.76839824789176, -9.971496445239971, -102.93115405481156, 18.6256131090411, 615.1230189675226, 44.92091508388399, 3.870754816648715, 31.094821042268876, 9.727921623148433, -34.50754329194031, 34.17085187211733, -2.8156844337030034, -112.68678958547044, -1.0049687651044406, -71.78224223367046, 4.006775609518846, -17.284938133897725, 79.10111225197493, -16.014937175057796, -29.529292292179235, 67.39129533362188, -51.08150060405128, -94.02626717106425, 14.657101666272851, -13.676440856405009, 21.36208683790027, -6.794593967846976, 32.803078467365474, 26.606076128432733, -44.46994830142159, -70.50017061785361, -14.16977863589671, 32.2928457518554, 19.934454776975723, 92.47248922694781, 56.48245753837747, 83.35802096446756, 37.958862493540025, 69.1125869222324, -125.41416555157468, -152.77618333949025, -33.91558631071071, 22.277225748337216, -50.83888236069303, -51.98442082396363, 52.675042857050435, -24.863346956276203, -29.399109312662958, -88.12116077251231, 46.65789123249266, -73.95657157388389, -10.982484770453238, 13.947939869144518, 123.63442853326218, -43.00931854264043, -37.777255800526454, -83.40419982460388, -165.966238684127, 23.36258146158075, -102.91050691693007, -32.32098432229151, -4.681823002577219, -6.751253339165523, -20.373267481436734, -9.018480327188211, 43.540875557587164, -1.8534164085153695, 56.24717084724677, 12.596112737822974, -94.80666203344671, 100.54746635849355, -127.2692138017811, 139.29134551283292, 58.97483008508301, 12.154625742562429, -7.622209494604545, -159.66770378890806, 24.125347532531958, 110.38874995145163, 16.752346164521626, -53.41232396805715, -54.30039149101814, 26.676883526084463, -53.50190923361584, 47.91665842854249, -80.00452137263237, 84.04888406602329, -25.006785645858944, 77.47132608025208], [20.958708444580857, -71.64180748694804, -139.35810225420414, -55.59977316489974, -36.146182408310075, -34.61957108425901, -21.08374012746446, 55.6349115806401, -19.0501703511714, 28.842958296234357, 75.13215773080287, 23.63138795387288, 30.109855449342856, -98.1542833325379, 92.02844315106745, 44.92091508388399, 846.9302826413821, 35.4211159655962, 22.289989334250084, -49.110244693458135, -73.38843606786708, 47.145134724700924, -129.5831717477054, 75.64177079457562, -65.8337335084307, -111.83278054156081, 6.169428794423189, -40.81085497300568, -29.773841245054342, -127.87529766195522, 42.32434788713621, -81.2102166687488, -37.015629544778825, 6.830937108324578, 30.907278769284243, 77.87379258276, -7.350630232043707, -53.47314513681409, -12.294375623682628, -67.56152222833938, 72.40072966045183, 113.37775964969487, 40.084691471447044, 68.76901702439737, -70.52388396463724, -47.49038356774063, 213.4871669076243, -18.898619358740195, -42.406238931300514, -95.98705594357193, 26.013185702162236, 40.53573136777455, -111.86210306433662, 79.6952893135525, -108.5648920451545, 6.204707228629915, -21.964486678632145, -98.88809143409472, 210.50353299708073, 46.68058444303221, -75.21851639855784, 80.23275228315514, -21.887758712443585, -0.19259378401499014, -59.291138357014866, 20.486746064415662, 51.29531968319219, 167.53754130621294, 35.3993320801541, 43.553696738709164, -24.444491511768373, -90.14188563670696, 93.65407113570535, -63.97615117616352, 16.77051188471732, 80.6893356787759, -8.026382688594673, 29.47093882399331, 130.47134599554568, 20.906416385356202, 10.152176705080544, 84.07464720411792, 62.90053780087325, -35.45473058262009, 63.51456953446558, 89.59512161481621, 9.628174028001384, 7.011270094219808, -24.08065064292453, -51.86112880462457, -77.28559149169917, 32.24706850398194, -46.713355930461425, -71.6721508730873, 12.486626263264375, 84.58777933947715, 14.711852089952883, 17.44410155264802, 48.60722974227896, 7.248770948677519], [-16.99110403760464, 0.31922747815424046, -78.15650828240108, 53.140178055120494, 3.19668795484307, 92.01065742028364, -67.71373758447072, 18.02831992578512, 2.3059786935106543, 125.48588063943883, -3.440559367512369, -73.85707392677219, -37.24532849739736, 39.176021287161895, 74.07150579227253, 3.870754816648715, 35.4211159655962, 744.1426517048859, 83.16721268230307, -14.608236540992111, -75.73498347781155, 21.052876151742883, 21.162642539420567, 10.605999517581528, 18.702623082317384, 21.603717070859414, 45.854581252272844, -33.89505251962716, 73.3735570517997, -36.65721433725328, -87.26629072498089, -9.199918286302985, 4.153721845695169, -65.27330999350559, 5.881549262331157, -43.44759869763893, -23.70803594355029, 65.41173804815527, -4.4570570742893825, 3.2607552819609826, -31.496483367202785, -69.54579487729588, 20.95107711916971, -125.12767836331717, -126.19975485449127, 136.93183197327642, -70.28722089309669, 47.90906947123929, 27.223511631230814, -19.905758028281305, -26.283612449769826, 1.4348188196222669, -44.777185188716324, -25.54434781434366, -58.75477184027003, 87.90081234611705, 3.7750227525063855, 19.595783933513562, 38.5514967394626, 43.35415788252717, -1.4527252112540712, -78.19578423538066, 157.17744523373085, 68.16022615579988, 49.82683884630988, -92.88761062518913, 13.282717025716895, -65.94446189507627, 55.06768169032598, -196.23570102925856, 47.524265640928476, 67.17439996900362, 23.54157633642883, -111.88350533170455, -45.161367839751726, -6.819436920491827, 88.61679145830962, 73.31017382448066, -73.33086627005501, -29.267301160605317, 17.00497718707489, 10.490673545040204, -13.651625716208388, -3.5367993617287166, 11.252578682964936, -11.968013948384897, 0.06428163312457906, -33.96047939315264, 79.90823325672902, -233.56257245116836, 124.75249761335122, -64.60282776831934, -18.028056587959476, 96.11962898102284, -1.3523263949641633, 29.903657425981418, 30.132853716622744, -25.611712000169113, 32.1587666493902, -48.674732066827204], [91.51232111575085, -16.313503579606092, -21.742790869615742, -77.21447367475034, -100.0640178429364, -78.66005237014893, -93.5617048212744, 10.865306304528294, -4.553127504562911, -28.937404701643086, 38.39566972316686, 27.367307745719682, 97.23414151454257, -91.63668082558776, 22.184462317536436, 31.094821042268876, 22.289989334250084, 83.16721268230307, 687.6242427091803, -5.43878521918702, -15.219994513465672, 38.3596572148556, -67.22555740549207, -56.18244483705603, 63.203980947131505, 17.850830575415813, 47.29885026460877, 1.8527987584961085, -13.284171329987084, -65.09674135159379, 2.466590454547601, -0.8364510827966865, 135.36552052520307, -15.856107069402336, 86.41515923297928, -119.0764529512801, 20.9639198661357, -100.10464390617754, -0.284776163864826, -60.5184095679292, -45.23584317381702, 18.34424303840399, 44.269196764773156, -3.0894636492368805, -62.836067226028156, 34.35810868100798, 67.47765844174243, -9.318344578676205, -74.92218519403498, 39.22501572518553, 42.10684812514196, -38.514039773579746, -114.068303033796, 20.44433814001506, 23.020762657081217, 62.36510573119164, 23.170688443813546, -86.2761661596705, -65.06047052140809, -82.47525267322996, 110.96494271199604, -83.18368859469595, 105.27569157960707, 39.28617251672683, 24.159587619698332, -40.08388885250887, 8.298203956761428, 77.71033501288356, 94.19331465722978, 37.34816079667547, 44.31366190691479, -22.103253192854698, 8.344269011163943, -22.667868002457872, 28.196265736577352, 24.394098068271184, 99.00995086260475, 120.51518119112252, 31.70097177497862, -87.61459157723557, -71.08300502764605, 111.6729042921907, 8.699180664041176, 28.897033048620177, 63.39472879410628, 77.01644244998799, 145.6599213332013, -49.60255321586946, -35.1422903091467, -96.05214738667179, 60.14822597516376, 3.7530487985673138, 50.83451638360346, 55.13541944837819, -135.62024413994527, -31.98489166047794, 71.9923421599701, 7.156362120923052, 114.63262482373385, -21.57372990463221], [-32.90839466656951, -110.82368613515628, -43.27651926306067, 30.070745038713053, -100.18546593479181, 40.7090805788152, 1.8883361489774302, 203.8100422075164, 8.907517538693599, -8.135669101660541, -133.6442856898464, 15.010091016529419, -158.37862317919996, 139.93244955737094, -48.671744914365476, 9.727921623148433, -49.110244693458135, -14.608236540992111, -5.43878521918702, 937.284578058235, -150.02179979019203, -22.58605955149475, -48.13177890791727, 51.41504702345743, 55.13406499259796, 71.30460998424321, 87.24538818249317, 47.96666282997451, -12.310772123522563, 14.48238724727684, 15.268505103915947, 65.6718455859689, 83.30604515658746, -73.55730200155956, 7.036141979884793, -0.29777966331784966, 79.37858312633638, -46.444884272023195, 99.30970768541586, -122.67529372740516, -194.58383330764926, 163.46399459729227, -69.99930307647327, 74.045729513696, 12.106463704091874, 81.150791336234, -4.542436350240138, 147.57064440783643, 15.353668325666819, -37.436419299398004, 31.721854751838375, -58.73920961248583, 40.34784547900749, 129.06232120563172, 38.75785527753441, -54.86900936416302, 63.238084794409936, -56.86926837047071, -15.820112334665662, -39.97479642946755, -63.19736063116171, 110.69309283653571, 50.6735508532165, -36.88052776846765, 85.56170812216202, -80.4706205948787, -8.168367018944817, -50.16598429366338, -16.605039614341727, -68.29207471810916, 10.094953254239465, -110.66621835334017, 152.70717715826106, 35.66538890685691, -65.27855049350094, 75.73655399250453, 71.97865263463824, 106.84150507743712, -186.70063078513166, 66.82804332861497, -21.22032634384329, 106.49155980290689, -149.08467230950927, -38.56600342617527, -21.463653042250712, 107.77449845884063, 61.85993470241106, -13.419200943237573, -49.52551767855155, 33.46570561332252, 71.24434125083513, 18.235085655287158, -92.32309396155904, 18.683404999047962, 23.077189362466218, -88.96286182387546, -59.08177859147408, -66.77932084017012, 39.28048819310329, -91.05341074049653], [11.171858173821992, 113.57349755573736, -39.21617399498549, 39.33296769958939, 77.72476570419495, -17.28875093403786, -30.223623930496366, -31.623862004665366, -10.856372076693626, -70.04467746664187, 61.45732651159021, 67.49746884007304, 1.7533211089504008, -56.279212171421