{"N": 100, "M": 7, "A": [[[954.0395689571927, -159.60126950287605, 39.45498442243533, -53.121121774560784, -39.576064103452154, -62.88734583896487, -73.84218142355628, -3.942727602126607, 51.73906525709158, 116.79462887506664, 147.2286103090969, -80.97225099121671, -69.31760021770668, 45.56623329298846, -88.0927090803482, 100.2811203509965, -35.924735280915144, 5.844986564154936, -41.68700609785673, 93.52691602440417, 23.29106327959534, -97.60013124753692, 155.56205326239538, 103.54981853435233, -67.25566508101055, 73.31495333074753, -31.50743635961111, 19.167421912083622, -42.8256771045814, 31.682825305919696, -9.191793503696474, -40.371943762530236, -127.21990693981908, 55.00588627427145, 144.437624247728, -15.18946453376745, -38.989909154690956, -114.21766995323692, -79.89681097237666, 45.281544781196736, 20.127426874554125, -89.54868761412358, 14.825191218171149, 54.293750240875276, -47.68823276849891, 133.64387714358563, -18.157095115573593, -146.1734893879962, -31.95075357114436, 134.51523538477366, 36.74895803231665, 166.27606274665575, 37.98824237829384, 16.988815328959248, 88.49415171680222, -44.44440678137897, -76.60460044686465, -39.21224782673585, -148.17509870165418, 100.38976324049327, -44.871378095873695, 39.65927685910009, 14.721999371679733, 118.43348809170763, -30.366769957695773, -100.21267430804707, 5.389398912573767, 45.55361564790444, -84.82960734455831, -49.24229860865147, 6.476854905235181, -63.421354297567255, 173.04725428610436, -150.01388651065855, -0.2631647107452452, 58.76981831122731, 4.052551367332588, 101.29747121782007, 77.7168631738297, -121.34163678138404, -32.60815841057125, 22.101048593035255, 45.905629226114236, -22.957201232061166, -28.203995248193685, 18.222796523852935, 51.39856154512334, 85.86697609711068, -110.42971636971036, 68.50556088163691, -12.32331270211065, 50.35707846024808, -104.409691588922, 49.636732803998015, -23.941939482142764, -123.62557124662318, 29.560271096461282, 55.03832042956219, 133.70148639565647, -98.17731549203428], [-159.60126950287605, 773.5073268192834, -111.06444247022493, 40.2307623939453, -127.0910361892451, 66.4391878753398, -122.84538115148277, 34.33303190919158, -136.841659407113, -1.2473818959551979, -29.231034645145815, -31.648783835241858, -88.06654790457866, 22.629621289435377, 142.79108759170435, 50.75760484431466, 87.30181632637182, 24.76703568797669, 75.45963841330048, -159.99421176553386, -137.09063030792313, 17.968449796029084, 48.13654756938533, -4.518651615477678, 7.481088767320931, -145.42794751815478, -90.88960825395577, -32.09188257123004, -72.95339616387336, 56.0403275732039, -33.35438013845589, 119.17534414656213, 36.73568762908096, 56.69399573592497, 64.24143071435329, 60.78545544045236, -2.420823696745232, 85.73481513907007, 109.56983953097244, -35.6279127169087, -28.66028347332899, 29.311680279744607, 17.537789413755736, 113.58944234176954, -4.033056783802877, 7.675912228252183, 96.59104595863472, 76.34502318159699, 32.151200312571326, -42.78506617547806, -7.995192986730068, 96.5289813888816, 31.226722946340285, -53.446955650583675, 41.30166512418603, 83.75975040142467, -103.27206061629029, -89.67771628815598, -76.68645884899085, 2.44931303297973, -108.2880411745299, 3.8732645984109566, 2.0224130686198567, -60.64921417282742, 39.8395441431773, 21.381430425231407, 27.47752212152221, -189.2011284435523, 7.1371560117823565, 9.856618627684421, 54.99698995309647, -82.1181610290193, -36.31199972723078, 21.239430784427075, -47.92800849344716, 171.1710481800209, -19.935570275913978, -57.65211516985499, 162.9004572915893, 2.6869545849125487, -13.388530645469324, -37.80513741675658, -108.44358552493544, -74.15131871628823, -39.98487869759608, -30.799315256467025, 12.983648648611874, -15.124076899970692, -258.2301605239832, -78.24104321689715, -59.5062711176804, -15.050107169380139, 67.69379013199979, -99.5988343613838, 4.116449042275647, 39.081560316003035, 149.80782078770832, -126.59670995241963, -80.17440497591807, 99.88626258185414], [39.45498442243533, -111.06444247022493, 694.7286126157207, -16.835459349191478, 36.65134694561266, -6.544420456570078, -81.92296805550278, 19.605533552450705, -8.01409628712915, 93.1062370407905, -73.57361620470738, 25.57115674872275, -15.331761823079917, 38.42628118169097, -13.09766088595242, -41.0222315571494, -24.036438615032946, 14.18243334853518, -50.832944349768546, -15.971853329589383, -16.304371351009426, 56.276019513243234, -67.66338010054587, -107.76963080607852, 37.41268447322748, 83.36296356135732, -121.37460918764577, -62.20124816884413, 113.2226256195069, -52.34280692660499, -182.09617119542034, 21.565108383009893, -40.98539367089155, -10.415764428466709, 94.99484413985599, 152.05038046830478, 64.77428128772279, -106.50617153182544, -42.460439824718826, 59.897247612205234, 21.793512000417707, 46.21781429438454, -36.28021981548045, 25.166051825104063, -126.5749586876099, -13.585081199329757, -10.216210689646575, -43.0113542462385, -95.68756634903215, 11.76542110805029, -109.20569167210064, -21.76998208935, 22.391224331417867, -89.12105291213683, -121.308047933471, 24.2272146398767, 131.52325146158634, 32.17887971274487, -40.84641790794882, -16.879709453814666, 34.96703661255376, -2.1890084148205493, -40.0229958970757, 29.011156604024844, 45.02694148966111, -47.218802974873455, -4.49217635496302, 29.179626089939898, -53.21282446683573, 30.460326574028077, 66.68440327331496, 11.41469216777715, -61.12697629211685, 98.57617324526525, 25.1185823026355, -113.65570166488713, -157.50941495657935, -27.588892485621127, 79.44972337548927, 84.83373610064297, -30.46013389918858, -70.84894025145104, -8.491499229721304, -59.79298418675554, -74.61149503717527, 37.95871332638973, -131.5233961744462, -42.822870154156234, 53.3609151513402, -59.01039518903735, 12.118986059502406, 7.353899167147481, 39.65886481961096, 155.96210854902796, -49.11748875739757, -56.13949168004649, -48.371507905005394, -53.850178355206644, 158.64803419002465, -75.54739959088869], [-53.121121774560784, 40.2307623939453, -16.835459349191478, 753.3677265797312, -59.03314609591784, 9.318662157185507, 108.42417031403944, -41.84115820219099, -8.83908588286606, -42.57262339332457, -57.22835761878604, 15.094589521096946, -2.6964225956185457, -78.63928261353122, 16.948656488477287, 142.15742607814252, -76.9830318249022, 48.91751138472742, -110.60363384350457, 21.58582517802226, 10.083066249967493, -63.77834512320465, -17.35343366787612, 91.94330648596537, 30.082911660574904, 124.86219196542194, -175.26397687501122, 29.035859935451526, 130.39815798238092, -49.26043052876509, -26.569578661740557, -67.70227473835885, -5.735172125813273, 0.33655948442874306, -63.91094438258409, -115.85287747522013, 27.347505944763725, -86.29811988593134, -1.8826155736680719, 41.81750263478357, -81.18041614759457, -2.053901597427693, 121.69538137337061, 74.66245361658731, -43.154980989894796, -18.621465553007432, 43.891328054629994, 1.5270767041774753, 89.80340625498793, -25.774489911800412, 1.4197113344877503, 119.67552769050579, 26.62269233186945, -1.2421028339893112, -100.5047173267716, 10.663584596640783, 13.090328659094206, 46.0896367457664, 35.07369086293336, -137.85968099053022, -40.737436716117536, 1.077818472257908, 114.33719003069493, -22.86294398648887, 185.81432903122422, -8.495166007547152, -39.028038006503635, -26.301853299946696, 33.18059198069585, 67.77137732483212, 173.80692536523867, 28.65566865957405, 111.89580004968765, -27.59856165403435, 31.88677324851211, -72.54508192332312, 82.6045474471325, -136.23223915584592, -125.56579177212231, -138.75320649803476, 13.297121348949739, 18.391268710987433, 61.14847934274292, 32.10260515503748, 23.817116890820593, -25.239794178614403, 19.85808219073142, -95.01390059793343, -17.856213217784198, 93.94932080035194, -19.245935492431922, 40.98122759246738, 83.65236850131942, -2.9795569016206658, 67.51368051259244, 82.92040042235703, -54.728783217521595, -164.8427105962823, -109.73729843367956, 17.658736486855428], [-39.576064103452154, -127.0910361892451, 36.65134694561266, -59.03314609591784, 913.0178466632182, -161.91264527764972, 35.06574791520676, 22.218308113913572, -76.69107892390925, -39.73932950958432, 67.13487854777787, -56.59006714382631, -177.57122355372678, -87.61271814059164, -36.147476707773514, -175.3032105334465, 2.979594190314257, 105.74144916272802, -68.39394255749335, 63.91261280972203, -0.8917171262595731, -58.50923147695711, -31.214735238564742, 81.9723999273511, 102.9745917383134, 6.203597159904431, -7.30887962891478, -87.58147798302927, 46.032605672888394, -14.022492880777241, -58.98609770613254, -42.63522675856697, -50.74400683693579, 129.34409921432947, 4.39199718580018, 63.44178057900449, -68.2004743505134, -45.37517197522813, 115.8135198699819, 49.58648836407642, -43.44927671486989, -39.18288830965368, -30.302527836537735, 16.936780724367768, 120.69528823631669, -93.69894995193253, 29.77473994807321, -155.00406796921092, 2.4193235183497035, 14.265455000832294, 74.29113843342529, -110.15311209751896, -7.3816145759912635, -115.2777424113682, 107.41355293821282, -35.9715758802363, 16.975148367039044, 18.27247284811196, 28.440665939565857, 51.3969106567495, -49.78367060917391, -19.592162614784183, 7.722929842444162, 28.74613410314085, 32.171831045549304, -98.27782310338846, -91.90176061835798, 67.20628317428591, 75.49546425018453, 137.99413487215588, 45.37520706956905, -33.552500611511526, 138.1015267563952, 27.467331242014538, 2.5466275865266477, -85.14268495941765, 17.44370363794123, -7.197005747438951, -89.95927150857105, -9.320312073874312, 61.57793608124542, 39.523209125693434, -67.95858827251567, 129.57973074021012, -65.74691305216926, 93.0821361319155, -6.703910633361313, 9.785674174029836, 55.28640850481705, -38.0313583385015, -74.31496745607821, -185.8066379465801, 132.62112425125858, -45.623626430091164, -39.90158054386584, -94.56452887386205, 7.536397835373451, 78.86499725667318, 85.87695736335235, 208.66984388957675], [-62.88734583896487, 66.4391878753398, -6.544420456570078, 9.318662157185507, -161.91264527764972, 711.4598343141338, -78.2874577057761, -44.55628382774357, 102.21561829223909, -91.18758447327916, -115.91715639183933, 28.47403339701872, 51.60446617723102, -5.434214563670545, -40.56041136976084, 14.99189869891397, -37.11315978685336, -94.85644302282408, -4.351094939260762, 102.91811405149409, -127.81505231502025, 24.833715534408, -85.2481864462403, 66.75133837134683, 36.32163028851276, 87.45959696971684, 78.47634114627128, -67.1529208789131, -96.95607921967853, -93.18483728574473, 63.51444827378393, 112.01059318204865, 10.846915739530909, 54.83957196160005, 155.68223882451178, -104.3287574278446, 71.6921015301851, -55.213997024044914, -24.01533222538274, 140.34878335589153, 41.82812409349733, 46.14648498568371, 99.90673899483383, 65.38214654627625, 84.11295525464966, 76.73732442717214, -18.04618345567431, 19.739404669912876, -18.023192737419752, -13.7526508375678, 8.735055313835037, -63.033830311126394, 138.3324461042968, 2.6383510681865294, -29.049442009285247, -67.57578065376538, -87.78839486583584, -89.0883448203574, 55.11292747930729, -57.2221929877521, 99.22778721986131, 8.60412616691454, -82.17104886661842, -86.769006546599, -85.63563108857936, 195.66118681500825, -83.45526227823059, 123.18611244069054, -8.02969001005665, 54.221263729603855, 2.171709519454717, 26.245671988161128, 18.295223642758724, -11.030354769096414, 43.31322497438981, 1.923022189509796, -92.6501337232137, 85.51137544572522, 69.22026958339605, 90.13138667264121, 12.53633692955712, 86.11482316411706, -7.466480841725595, -8.196063954040072, -40.557956974206014, -77.99827512880441, 132.80255438030784, -109.6114174932379, -56.28537271720627, -44.722604279777, 30.548856838526433, -41.32528978161508, -97.51710548122828, 17.268677814491475, -33.836481768080326, -54.94950018990788, 180.95467452832696, -60.88859860619109, -32.693256442527705, 8.655991037799804], [-73.84218142355628, -122.84538115148277, -81.92296805550278, 108.42417031403944, 35.06574791520676, -78.2874577057761, 778.3748642616314, -40.90206531207651, -39.48448065072602, 9.49166301148461, 13.877129176270087, -40.90287580616331, -5.217589675155501, -31.63391801268767, 31.700076022291118, 38.145929367017665, -6.7108656729814316, -4.127940536195139, -27.379808461782435, -62.42740379332335, 4.338556144694096, -106.66469078712404, -1.1826844154486438, 95.39380455952542, 92.36130717231157, -28.8733679770519, 123.84260780735757, 157.3353987476542, 78.57717545164527, -37.03096691451255, 71.44717294483146, -42.84275342960162, 6.282630524439214, 21.818973798258448, -41.37108035503114, -250.34281853437832, -165.82602046411736, -242.3099967969749, 4.3406426560788205, 46.19561653434972, -11.786053478959861, 65.15123957644954, 42.161338261539434, 48.37273101498369, -19.211100492596334, 12.351362871691714, 80.28427184384559, -128.75467166030703, -73.75110542833224, 31.240355473174002, -125.92753623616505, -60.08754067500996, -195.56472885171644, -56.47180673439849, -25.282325749232285, -155.07084020487855, 113.1464805764008, 110.66332618477396, -22.840365340944032, 30.780365310888214, -55.729665310339236, 22.138100157186717, 118.854998839626, 46.42292200730741, -24.489340086133243, -78.56307649763289, 36.025549864330074, -145.56971474888772, -0.9398700272061304, -154.64613785009146, 5.621891293019382, -177.34752484418547, -30.407418280252486, 28.376008374207228, 89.16675184282491, -55.60160072600775, 56.368956279157096, -71.88326154770684, 119.89120119246734, 110.97076507078157, -60.834727800955356, -22.80928874679558, -29.085043901909504, 99.96590235106288, 24.112166631289618, -72.90441964914334, -86.47458472998417, -17.740544405600005, -5.535473628868834, -12.385624699407346, 39.751073784296615, -9.089883059102789, 75.30049271335214, -45.844902601827286, 68.13817739733308, 17.514412306435375, -163.61316425368182, -28.397193934888612, -40.391919762803845, 50.32713345538338], [-3.942727602126607, 34.33303190919158, 19.605533552450705, -41.84115820219099, 22.218308113913572, -44.55628382774357, -40.90206531207651, 789.0407052405272, -49.18403526097307, -68.79402671658738, 11.039059276700884, -48.94979667303598, 31.458798209406776, 128.29904981234145, -35.35690857197944, -145.94018512879157, -24.339965785134957, -98.61612858293556, 151.06359406424184, -74.05220910261117, 55.826552529431396, -67.9632964002449, -49.159105308159695, 80.43382978187354, -44.41423657239547, 50.84847230099014, 30.738726596323914, 28.67371111900248, 2.104286728955893, 64.38262991233066, -57.18643515846285, 8.118855047977336, -13.385482009362706, 13.729198381149212, 64.56672739088988, 75.19565758573773, 138.5170418367658, 106.10087324816234, 96.56182972021976, -144.03819828697058, -102.47170537178074, 42.918634287129485, 24.506318807049272, -21.742466973096718, 56.66913731978148, -47.47713775993303, 52.13203049908422, -61.56973510299841, -27.658148885286206, -72.8363828409431, -53.780118480950485, -39.02505186307635, 28.01945779671539, 91.22022133478268, -87.47912429363825, 69.10954294161962, 6.933884620747171, 27.36006276671391, 2.480463537100757, 38.63434875276517, 47.722706443805365, 90.90117877357964, -62.773149111842095, 105.43555589689943, 27.498025093051595, 1.7450087977217728, -106.87949322447916, -53.45851435979009, -12.398486372871433, -68.25666495261936, 50.93552756056245, 22.422567129469737, 32.55977255962195, 120.53795474815153, 113.28046726781035, -56.38290778309702, 76.79968716123119, 166.1977303881892, 31.648820841780953, 45.454172398500766, 27.263292719328287, 40.2670390238282, 63.930255056869484, 23.964924030304953, -129.1943106804159, -6.676963770600622, -68.01525960174676, 63.41512549185186, -73.41363195687019, -50.08772793056374, 64.60674178552986, 126.50095131993345, 65.93491998910818, -146.6548697498188, 7.187299477725692, -14.90129040037327, 24.67523969905285, -27.80608939182565, -108.22597610179217, 94.53421702562414], [51.73906525709158, -136.841659407113, -8.01409628712915, -8.83908588286606, -76.69107892390925, 102.21561829223909, -39.48448065072602, -49.18403526097307, 858.9558187745414, 268.3365167355234, -33.821026427793605, -19.30473860275011, 35.79100857736706, -41.28540090715483, -193.19333607414865, -29.04695720592822, 51.84474922616425, -117.64927198882687, 132.60916000305411, 48.294352453919046, 119.3573060529229, 34.09096625790044, -154.95353626876783, 42.43889769013157, 66.95533671218244, 9.62394504483891, 27.283100206012442, 19.804138204023644, -69.70307139228592, 24.91024807027738, 39.733656732928786, -47.3036761530812, 45.19823220161435, 0.9910802171108806, -83.04708922679127, 25.941195956257594, 62.215910164223146, 107.55124834188801, -37.313358828605345, 110.20260396966047, -20.71618855565071, -100.76421052530547, 235.48442071963686, -170.52496471112812, -25.21039237406574, 24.465665828970813, 7.279606824664881, 22.9617111904794, 88.23865153873219, -51.079286043948734, -20.25339447067323, 73.92834330096323, 13.613234438247567, 29.99520560642888, 78.80348416298783, -119.00767691131033, -106.21614692953864, 47.832741641240304, 80.1391210460774, -44.06104208003915, -2.4348828568959537, -132.32591567582327, 3.8001219460368088, -80.69732687051429, -42.99780636137166, 100.03290644082482, 171.81984226525253, -23.9309375077868, -89.83842786903769, -172.5763060519757, -94.32431885854916, -81.77255620528375, -18.929680038721383, -18.123138038763013, 42.1461849559858, -146.29352229166292, -5.487766321404405, -12.32015961635661, -78.47983432525832, -28.49507151220156, -37.473894368188866, 20.35407003318622, 79.17658250463181, 123.25320582221694, 52.38674814267719, -9.127197291114857, -27.929468011758043, -28.4890549188723, 44.04378019480287, -18.606458096448645, 57.95392972437513, 29.252781331681394, -134.2502194037829, 44.69559813900045, -116.64718175643765, -28.658290927704865, 25.452655387331273, -112.60983212304423, 40.45937059476466, -57.71144309129781], [116.79462887506664, -1.2473818959551979, 93.1062370407905, -42.57262339332457, -39.73932950958432, -91.18758447327916, 9.49166301148461, -68.79402671658738, 268.3365167355234, 978.1783534568244, 57.53503198602821, -36.036152928581494, -50.384019460380536, 24.132003057536988, -83.2589990227132, 37.58152771981711, 15.191224405699925, 55.015888528079635, -105.77590712565765, 86.29132870667205, 31.257925757689502, -29.31089270678479, 67.57485998557192, 5.522249208739221, 18.94530448819522, -36.24993796558071, -135.2323283132569, 34.129210822889725, 56.66578177789516, -96.29551212914936, -76.00223931413552, 3.454864336624516, 89.16258753822976, -232.47542535184536, -21.683771135836665, 0.890913588215497, -144.9792375699188, -2.4842878313128627, -45.94039153003077, -62.834188631792614, -165.15383124202182, 23.41634422713051, -65.40137242036438, -25.209460628481224, -88.85155880144886, 83.70955694903104, -1.4005835319230195, 23.56347382313285, 52.70719398925479, -80.46091951300984, -7.929779688271012, -14.605469723508456, -153.9177153185695, 33.077930473463326, 114.57503137902177, 28.86411643433007, -4.207703875738715, -107.71706447024218, 81.94965476867372, 48.561262112812756, -14.26143586157373, -169.87288994794096, 42.98197101837235, -276.7361247733906, 17.959350749255883, 14.510845935450677, 188.79092250421667, -85.70055570954015, -143.44732052773116, -73.30952235161018, -161.94484758271335, 45.88337519561655, -9.444915190758577, 32.86669073500341, -202.1755275077377, -46.460808536279096, -110.82454768508902, -14.712635741436502, 120.47722455236337, 23.306426456283468, 41.01678779201207, -22.60601951897192, 49.362228268051915, -5.856744345680823, 70.27509524151932, -76.10678621481084, -180.99433655203072, -106.13708427342958, -102.86109132078792, 79.8654708142499, 91.68756703297616, -107.41976468018457, -123.13900868612286, 86.05563793957447, 6.0978977084161485, -47.558419400128734, -3.720403191535711, -66.41380139412743, -25.577509810890373, -10.033119790380404], [147.2286103090969, -29.231034645145815, -73.57361620470738, -57.22835761878604, 67.13487854777787, -115.91715639183933, 13.877129176270087, 11.039059276700884, -33.821026427793605, 57.53503198602821, 965.4806535522098, -84.50326897136704, -0.7239103659183515, -19.282717206271293, 105.80250588318579, 112.90769185296132, 166.04576618603053, 40.13054428548198, -81.70246639108117, 132.0731836017807, 176.29101656619628, 1.43758073695782, 3.1811196458332742, 70.77134424413154, -16.368134512887423, -15.14494797355429, 6.564560474835543, -25.078025457662825, -67.22248130834276, 2.205473215227944, -12.391224726104717, 9.587826482526317, -36.35904488983352, -38.49457156222394, 81.40012298973747, -52.256594493476086, 51.902486843197856, 28.36835664091068, 105.40490681933018, 111.92927188518094, 84.16037508196058, -121.77337359361361, 20.912774032584323, -28.175692224675853, -8.348829946206076, -33.79364342109865, 7.45210328925525, 49.79634779650633, -62.567831530903476, 1.843150403690012, 85.94017276265458, 50.3824034975314, 72.5566724392321, -28.069844104243035, -55.027797973075465, -10.369771575861833, 3.4227307405918266, -31.28323093334622, -1.8904414293732135, -14.513944779259313, 35.3136993230351, -38.96578203650407, -283.83002103992345, 27.497008347919774, 21.39363648540154, -187.35779052414887, 52.87808870851959, 83.82075191352453, 12.15031335614578, 39.06080321846925, 95.91337795917948, -111.51747754061293, -175.27489603234574, -16.73121469273423, -81.82273404672479, -113.86263094931543, -167.66808758460218, 64.68495785589529, 88.8789364310329, -53.55201648947809, -56.53404983168201, -32.33775457539698, 3.0088646358650775, -57.67139739506892, 5.197344209078002, 136.68958632579154, 4.78241165519015, -9.252075576440602, -161.59566807624583, 41.387834533986656, 54.07606555622073, 20.904591245221056, 125.78425271390518, -10.794762713318748, 32.66353032265435, 31.058197145017, -123.69401985947687, -77.61450840584772, 11.14257659123068, 3.5175611039186045], [-80.97225099121671, -31.648783835241858, 25.57115674872275, 15.094589521096946, -56.59006714382631, 28.47403339701872, -40.90287580616331, -48.94979667303598, -19.30473860275011, -36.036152928581494, -84.50326897136704, 750.39652112723, 49.81403565104316, -70.84120890762284, -44.762542413134874, -21.748097523028097, -37.22933319567119, -55.558874290234364, -116.4256715713539, 88.90283039884426, -111.18896981867023, -81.15575075881796, -5.49370858283273, -18.935268269275472, -134.40677445807154, 6.07399185229537, 35.267534233484106, -117.4541296175067, -92.53634285265717, 106.36112800133266, -255.13991010080963, 9.60472377793521, -11.830664463037145, -12.692809758973882, 10.01694008171136, 69.06605916858513, 139.4418725646726, 51.738334335504156, 42.62980013542154, -77.67025838800623, 64.35628604775745, -123.25480229784509, 18.478691939402832, -27.97661166552271, 157.23062387936386, -87.48916893867037, -128.4592566593026, -45.67814253051076, 51.82910123519435, -18.673259473665993, 8.354214793710403, 81.08907008078165, 94.60291692595818, -83.24095935244843, -4.872094380625337, 85.38113082942621, -10.29902830121622, 114.21231669094254, 49.5564435818391, -53.70351613241235, -65.64799223937338, 81.33629074450648, -100.39068572675853, -77.4293172299671, 40.17896188024178, -0.3600609490671927, -11.816650690571507, 51.179560152722075, -112.8744469651367, -104.22596987282424, -127.03907200639449, 1.806873068129915, -28.72128543909302, -61.44669073787217, 65.10065344904152, 26.445533297718622, -7.908985938130984, -130.25037017676263, -45.62012921451089, -12.950673730556232, 36.81280564383245, 111.06580518184397, -50.66708799041831, -97.48664883425121, 31.011521141527492, 68.08079634908782, -49.41698302941202, -58.57860045726382, 93.26688165275559, 28.582645904968214, -4.066960419353325, -58.31055860407026, -86.6476852721007, -4.845708726192645, 37.36703473054932, 6.971424298502227, -70.15550953247735, 3.889699835545773, -46.84209577731347, -104.10935161021062], [-69.31760021770668, -88.06654790457866, -15.331761823079917, -2.6964225956185457, -177.57122355372678, 51.60446617723102, -5.217589675155501, 31.458798209406776, 35.79100857736706, -50.384019460380536, -0.7239103659183515, 49.81403565104316, 1169.106937806219, -16.06495527331071, -83.29947479132473, -52.13650364816541, 49.03086086666736, -104.90756986253112, 48.29888204885436, -3.9943882248897773, 95.46770218075683, -88.47791735959945, -123.44643221665314, 57.10562271688495, -99.69269095667441, 165.8231556505266, -5.974811599001611, -74.57279310885741, -101.52037337957601, 4.824733675259466, 130.8211006464233, -8.824325582669333, 17.150929012629273, -8.949552514005413, 121.2768710067301, 121.46381944386579, 181.29589078785872, -134.16183028092578, -83.08837508434868, 48.89811074313505, -37.85583857341186, -34.29279546723306, -133.40981214781047, -18.24882161312283, -170.48527774625293, 20.11888217913041, 23.951881610321717, 99.34071815814785, -94.8728429293394, -80.11862756032774, -126.31498637142164, 58.07457586699566, -25.634546316299133, -41.436734635128204, -28.652058472164935, 98.9707074056559, 94.91437843840696, 51.96599261656388, 28.409554067316215, 102.02624099286017, 39.581704767902444, -111.97293562536699, 22.635529580853266, -59.675666681557345, 86.12008783062615, -0.3564629706481746, 146.23129887486016, 55.78385333905675, 110.77813298085941, -23.9486226696387, 32.46153506010484, -93.47488986532785, -28.64369209901129, 65.7912525814721, -26.22333211958346, -61.7819284842437, 47.344116743941726, 61.17110281488984, -100.00414931049967, -85.15552985624075, 79.28577021437003, 116.73243017432365, -109.86922000160465, -14.112815865706633, -13.152915608850055, -104.87922327069988, 111.35055200533455, 5.853823866758527, 5.7186037354123, 7.102679411607484, 101.24383863098933, 0.10492587850283228, -18.17044033871168, -75.30650772350572, 74.40185889375863, 87.7862120127, 38.312208354970934, -65.16608144270663, -7.1314636484859895, -15.995426829505604], [45.56623329298846, 22.629621289435377, 38.42628118169097, -78.63928261353122, -87.61271814059164, -5.434214563670545, -31.63391801268767, 128.29904981234145, -41.28540090715483, 24.132003057536988, -19.282717206271293, -70.84120890762284, -16.06495527331071, 896.5708432163867, 46.8597538786449, -85.10091082844883, -147.2251382775788, -7.742289100530261, 145.37999899027182, -12.34208960901527, 53.362553591752096, -72.62585880197385, -72.0397691375616, -44.42164582066878, 100.29182988718037, 123.57503120747712, 35.0915590754654, 61.80844203157064, 199.22463530370445, 22.813976423688256, 79.65288122821103, -57.542769236130155, 90.31960379531611, -84.33609835855647, 62.00598319117445, 54.05423602988108, -33.460426394532256, -60.07631888613471, 19.043168902016493, -66.2776841568653, -58.304688759929526, -42.48736356297479, -24.443381274143036, -15.639523855745097, 19.999245839875446, 30.44468870228557, 30.371180746349904, 9.485677600168094, 9.846587130499119, -28.314512754607264, -116.34072703018403, 19.797568447457902, -79.18532333560037, 83.74841857263137, -34.56264453631933, 25.789532114473847, -58.875495029736726, 66.90663849437422, 0.6993139573473002, 5.307347716562691, -61.231823955765755, -3.663554134092796, 65.07296521766645, 48.707354515614696, -22.27533255159491, 8.560871802391283, -42.40169501521215, -38.73527033892064, -6.396078847565067, 115.94921879251596, -87.27792551600223, -136.0466246198661, -72.02399088769785, -169.52191819677728, -94.44515797691558, 45.79936190393966, -39.44125816474887, -59.957269328982385, -76.74410858616491, 254.18309966273586, -102.72405178168782, 96.99083091562224, 31.13184771916963, -114.79283569155882, 7.168091059629574, -39.13428509926839, 151.81558948358904, 54.85206117632063, -130.74883573519853, -75.89943170180024, 8.218965190218336, -39.704971727905324, 82.90553124188361, -25.56218764348287, -39.78345343697576, -104.80665217240609, 81.09830836840759, 29.884727377555354, 55.18313714724947, -88.72578149007305], [-88.0927090803482, 142.79108759170435, -13.09766088595242, 16.948656488477287, -36.147476707773514, -40.56041136976084, 31.700076022291118, -35.35690857197944, -193.19333607414865, -83.2589990227132, 105.80250588318579, -44.762542413134874, -83.29947479132473, 46.8597538786449, 714.207080669946, -1.1998579106056446, -90.88171401433968, 146.68218393664986, -125.42069623512369, 42.72614400553403, -12.021070744856244, 72.13520487569892, 32.122771090063985, -47.73681517841714, 67.02646317953658, 93.16021607117256, -3.9504790223526554, -30.325108798721562, 106.48131569871434, 56.942268234599126, 27.984150475185015, -73.38796792921765, -6.483484458782413, -34.22045551742773, -26.673956074160284, -53.29003611030525, 37.40203088587931, -15.572484071256515, 77.17341748293482, -91.0111930673408, 9.604502356546233, -80.39708310289072, -92.93642394376279, 89.29252854136041, -87.26670027784517, 121.14266870320091, 45.19957563258537, 9.811599330297891, -14.626296350935812, -54.11636271141047, 56.76617228327306, -16.294202976201685, -117.44370879957236, -46.78827766750769, 17.332341385517456, -5.750341433512721, -73.39991456751545, 35.91369983044182, -215.30483888215582, -86.87791457487383, -16.834955570102064, -62.449699579416254, 41.2777949156767, -0.5227378593430195, 4.034353931163873, -135.72112019047037, 3.996246958651466, -52.47804619688977, -10.742703435543381, -23.168372744293638, 20.407846411560904, 97.75653210513622, -15.111165801113883, -35.10589621086558, -123.57293387727853, -140.84480081652703, -36.2812773484624, 40.634444652324675, -73.78737589999336, 19.120856077471924, 15.524431028122718, -97.6786277028058, 90.71597538044685, -147.45709570607806, -56.22230850098685, 31.856883688434653, -40.038376813106105, -66.23358607810536, -119.45416074787946, -81.12826779743342, 29.812658085100352, 170.3919059504078, 243.7053235875923, -1.0708791412707668, 48.02693854061762, -16.845907824943648, -105.36648145512625, 41.058965585399555, -35.175151573782465, -30.036901104515845], [100.2811203509965, 50.75760484431466, -41.0222315571494, 142.15742607814252, -175.3032105334465, 14.99189869891397, 38.145929367017665, -145.94018512879157, -29.04695720592822, 37.58152771981711, 112.90769185296132, -21.748097523028097, -52.13650364816541, -85.10091082844883, -1.1998579106056446, 897.8850209704456, 84.89894300506762, -70.10433754445442, -104.25854573893656, 96.91224133598173, -0.22140627786237188, -5.482674482570683, 135.52812345118696, -53.05499511770987, 4.327298400653277, -56.79791601064575, 49.17507612016128, -14.565674696379748, 24.92547015650871, 75.60876002889174, 75.50864377228237, 113.81993634467928, -115.65920664588384, 42.23552534670225, -53.423945927368784, 53.90876850391254, -92.6602518001728, -95.59569850164489, -152.08907974084065, -61.41072641057961, 81.33873182310035, 32.96458351355847, -28.160443085480743, 117.40518592788871, 13.317388426246735, -143.86136624850596, -58.46752613973386, 167.83294976482594, 202.74471374252118, 132.30213342450045, -51.414954359109224, -103.48007012076755, 130.55002067856879, -14.522373737411247, -96.34692978597604, 158.9542685246322, -16.81285851550181, -45.88718696760245, 81.24476347527767, -29.475112504195373, 34.83214859436505, 11.508458001993958, 0.7845792375395004, 91.74583951794506, 6.532218396945905, -68.87425950247525, 3.521907627397622, -195.80591754101852, -66.26266023099359, 32.476392026868645, 125.18787074698143, -136.79352600155383, 56.01001562425903, 74.67524107141418, -100.09064841557529, -17.199891888792926, -12.825219284948082, -106.70918648931956, -74.6842479445282, -66.47217822175375, -21.919323018579245, -130.18517618287441, -46.86298459689557, 58.479428853447104, 24.191451797168284, -8.540478482238957, 29.88433243383549, -91.07979866875083, 59.169193387104606, 96.85383646255205, -14.580714803386208, 59.557440234264476, 32.48178231818667, -101.11768529524743, -4.608279364049734, -201.90894326744296, -59.852626988799955, 62.89293776326858, -92.20678577532802, -55.07523018798573], [-35.924735280915144, 87.30181632637182, -24.036438615032946, -76.9830318249022, 2.979594190314257, -37.11315978685336, -6.7108656729814316, -24.339965785134957, 51.84474922616425, 15.191224405699925, 166.04576618603053, -37.22933319567119, 49.03086086666736, -147.2251382775788, -90.88171401433968, 84.89894300506762, 846.0637803041292, -54.12447218120895, 165.61965050598886, 46.12545323100555, -11.272293534870036, -62.09852285209156, 19.64580480976206, 15.080312065986565, 10.323037457088152, -135.480858263337, 78.12778113368212, -169.96485330500943, 128.04214541150188, 11.174644194636484, 19.651694206320414, 80.04463264313156, -47.10359474314784, 116.06472825761631, -90.78772975074408, -70.91839920847846, 57.90469104538437, 14.39845723413576, 25.92639390995073, 86.16676201493536, 38.98576548943563, 178.80033952075354, -45.14365851615961, -13.31005800109588, -99.61815876609663, -29.710068561567738, 130.04991401177776, 31.613554704758478, -5.348164913655382, -54.19411026170486, -124.25494045209311, -28.193722709105607, 31.722513734451542, 56.00100166920426, 115.75970127584924, -98.279099613231, -37.602319368724054, -55.515853909151396, 15.113837177233487, -77.16626654628074, 13.436637524071827, 69.3870422019709, -128.43954400883374, -22.35569559503618, 14.18996809950864, -78.99599317202988, 32.76548713498437, 140.42672754059313, -174.82225977995927, 77.02148500792885, -138.5849654582728, -51.6374309583277, 106.93851250576472, 81.55394544470558, -58.354004610039105, 18.665007372860206, -140.5157843791169, -103.55972109357732, -25.397263959357193, -43.50069477610531, 10.282151832446857, -34.54735550661763, -138.00709158198046, 37.71269090285512, 57.22645148537238, 26.046204206191973, -99.83024366468894, 175.58560848554006, -123.05072681164756, 38.38702346884528, -20.52552758430262, 30.599053143237672, -69.680878734752, -55.21732378050373, -147.57323614109077, -0.015672694272282763, 37.7025431587772, -64.7854085843539, 132.78294827114644, 80.88085115800874], [5.844986564154936, 24.76703568797669, 14.18243334853518, 48.91751138472742, 105.74144916272802, -94.85644302282408, -4.127940536195139, -98.61612858293556, -117.64927198882687, 55.015888528079635, 40.13054428548198, -55.558874290234364, -104.90756986253112, -7.742289100530261, 146.68218393664986, -70.10433754445442, -54.12447218120895, 928.0650208134113, -160.8456213926475, -37.209631515623066, -24.359013909230736, -5.314755654047779, -113.09084403819794, -7.69321741805932, 53.278608246417086, -26.860880494466933, -6.774097979001951, 39.07057384963633, 102.7869722670657, -91.63771340841949, -45.68176236379644, 127.45473870845005, 29.67213251940287, -119.69287625872262, 29.928599426471038, 146.33805930043383, 83.19650943425158, -33.61509580759275, -95.91877836714195, -43.53598623786206, 17.065156564540757, -7.296491785255297, -54.208447927476655, -16.213351318433872, -24.565395665185633, 57.07238083039752, 64.46440086984046, -154.76978012100008, -42.72167844681289, -125.83823644555393, -80.98983213134359, -8.641531126345617, 80.46127626795011, 75.16531556742883, 53.69776058206233, -32.28586619790029, -64.7555136274232, 85.36115532591522, -79.50539384022399, -123.29037176592311, -201.06408782955805, 24.316768512975422, 20.51722955831498, 79.46675406199739, 139.67171591095155, 12.479566968761212, -26.158751428051463, -22.365897639091408, 101.77668724812403, 8.123104416995075, -91.73895811871812, 1.0913169616947973, 10.977093514109843, 1.844312322857555, -102.36301332395237, 52.79846655519437, -132.3585274824538, -99.4853401441873, -41.94810011110082, -21.786526451627815, 78.09888876949965, -30.357467453701265, 109.93982086738202, 12.006606976042324, 56.78547915030774, -165.03096423656496, 78.2467762479967, -110.95495172766176, -85.25829748308993, 102.85174745146065, -26.749977175887526, 62.18994505398627, 69.0941720830125, 213.93111426912722, 57.26386412668431, -63.86352787264831, 71.55800170341327, -14.05811705633491, 51.43495156301598, 86.12819059574166], [-41.68700609785673, 75.45963841330048, -50.832944349768546, -110.60363384350457, -68.39394255749335, -4.351094939260762, -27.379808461782435, 151.06359406424184, 132.60916000305411, -105.77590712565765, -81.70246639108117, -116.4256715713539, 48.29888204885436, 145.37999899027182, -125.42069623512369, -104.25854573893656, 165.61965050598886, -160.8456213926475, 926.6282969616539, -182.08781619982574, 87.18342305288448, 139.8670497917986, -163.18964035749255, 33.261026292641205, 83.13145039044997, 77.84948034478677, -29.60513566668786, 23.0316443795054, 36.412496319182054, 55.736455549617, -91.02835946594617, -125.19855368888162, -44.83623975561956, 41.448692223401856, -44.99139626956229, 55.74350508437634, -113.99584537912993, 63.15350349978109, 140.0992213702877, -1.8991268383276771, 80.54917145547674, 137.02215000417087, 190.20165929841468, 48.39555129494667, 57.68094516156091, -74.97901427957248, 166.06148972771035, -28.893028239539905, -45.72749354230138, -78.11408951129978, -98.93327447952132, -46.36648388493912, 34.55814646433178, -100.56285692483732, 117.14630669626136, -97.17053423273585, -148.9912541657096, 31.57549302794904, 111.23281180755589, 57.26565686485115, 13.363831461692634, -70.7860724908467, 25.787443662992963, 116.8075145725922, -86.2903761427509, 131.2874373424803, -79.39708708487773, 47.294294084316675, 56.57328921797042, 1.0056109198548613, 17.141724594697646, -118.41549017659024, 40.97997061686876, -5.318058490800489, -9.836439916956515, 28.151594796942693, 46.09268522175501, -104.84885276685036, 18.27894258551931, -16.198714222540985, -57.91837756339633, -59.57691859729511, -91.26691951211278, 58.21893599952422, -115.68285103240909, -86.04228068221823, 52.111093905476324, 173.79428370101496, -82.39337537023165, -62.79093407360267, 103.73700530702664, 93.49033687516867, 87.24722328241948, 37.16864346403791, -106.03003133834092, 90.14248804448309, -70.66446499873246, -85.07695995493721, -27.224355576364985, -49.33463754277052], [93.52691602440417, -159.99421176553386, -15.971853329589383, 21.58582517802226, 63.91261280972203, 102.91811405149409, -62.42740379332335, -74.05220910261117, 48.294352453919046, 86.29132870667205, 132.0731836017807, 88.90283039884426, -3.9943882248897773, -12.34208960901527, 42.72614400553403, 96.91224133598173, 46.12545323100555, -37.209631515623066, -182.08781619982574, 854.2768208819211, -21.589650353084163, 4.506832086369822, 20.270788568622756, 72.05362014811661, -106.91679635520832, 71.7895635361437, 3.101156249262615, -114.21124670516309, 26.418015224164165, 80.97207867909358, 25.276685278166084, -73.5088522839176, -86.87554631050675, -20.009490769708727, -55.21912398613625, -40.71968333612541, 116.10326744409106, 52.31489853111084, -67.4685985735373, -4.30124551282071, 114.79992037575286, -62.20883791075733, -129.10396326603666, -16.85389155252127, 41.0168083979977, 107.05178616542813, 63.77516494275799, -81.37747157254229, -1.3441560051601908, -4.678581860266908, 85.7353898761541, -38.731678601494956, 21.958101147284825, -32.448830762493984, 91.54520540534784, 154.84971851701906, 30.351467485021775, -24.894678356400508, 110.32412517623644, -11.188764255794593, 97.31605164390415, -119.58023341383829, -106.84157668317641, -64.9519103327957, 4.105861954297604, -37.950529452396545, -62.57540870633171, -52.08671392711373, -43.40406816590989, -26.37121242129148, -8.54791615950018, 32.73951266041329, -73.22046701626563, 86.05788506076203, -62.24966473410891, 57.080799075097445, -169.88912880385251, 166.7640641913883, -49.21087567118226, 65.83415888517749, -12.825493073050243, 8.447827055319577, 71.28781636329592, -15.35298789951406, 17.69671878767888, -80.0040038221792, 23.599203689283712, -23.00676766917661, 10.723081555874332, 39.69869018575435, 27.076889169796623, -57.252239994843606, -164.36422037526606, 17.21310989145125, -19.514918195601997, -32.15033792564811, -61.84302275168541, 3.2257906981711626, 79.16019590238037, 5.606424556359006], [23.29106327959534, -137.09063030792313, -16.304371351009426, 10.083066249967493, -0.8917171262595731, -127.81505231502025, 4.338556144694096, 55.826552529431396, 119.3573060529229, 31.257925757689502, 176.2910165661962