{"N": 100, "M": 9, "A": [[[965.8313320240769, 114.94358710492867, -122.43289068408951, 24.053074239046104, -91.0339903104161, 13.466280491640086, -17.430097341903174, -193.89929028154887, -28.442153637404704, 15.358170949554404, 46.38487238317936, 144.14552358410725, 100.98852229174837, -5.696277463962343, 74.49641777746645, 1.9118616997337612, -99.84176278948533, 42.17664909174247, 5.693094102600744, 38.4672219999558, -70.38558233618272, 52.51469376640612, 123.85971833480069, 91.32336551302747, 111.40436844523713, -121.50847638641096, 67.86477393817815, -152.69856680007092, -127.47215708989093, 79.35541275043593, -14.418051404331937, -108.37011503248284, -76.86661095756439, 31.521090221857694, -77.48323813470503, 28.69624248127962, 48.42769036431904, -94.39428984167303, -96.06266435981196, -106.52882171660129, -103.99283950809385, -95.4713566262502, -68.43742157565237, 84.06574065172694, 20.220928924558574, 19.510475023643185, -192.29192708602088, -56.4076735387718, -103.41229514579013, 133.73541186598146, 78.28111345019919, -9.816045181274704, -32.06999780832795, -8.293535571120232, -38.7959261833598, -2.182949336880599, -177.6169623952261, -48.0740492850417, -22.272739115728783, 39.976471443573054, -3.5894044022796985, -65.60270340676809, -91.193079534374, -9.462984673763257, 13.122904380662021, -34.44916137642183, -31.47235288923896, 51.67919436525325, -27.839120774531224, 46.27026446378964, 28.516593654904717, -3.0966881241814757, 38.33366093481364, -138.65467897341784, -4.27918971379291, -15.606629771399701, 57.78303254020988, -10.841772094246327, 18.193510317676015, 156.76628814009183, -14.327982477672906, -7.590731478829757, -43.48860483624493, 26.516174086607187, 7.1670783674226515, -57.64856339619401, -114.95493330807258, 46.35533809987404, 167.98487744440186, -50.65601065128181, -158.0084025766398, -103.04576626306441, 2.0806542119639033, 46.26555924189347, -3.2558613618176366, 14.14760596924031, -53.19783604761101, -69.87798795746083, -55.402004747398685, 56.56082509122138], [114.94358710492867, 823.3737405733584, -38.59360359288359, 58.34477768442617, -66.05141467952298, 96.60790534620551, 152.5355568710269, -29.43147210503376, 93.05686393965688, 135.5870089361458, 39.80409440208652, -14.510707258246091, 43.206067851643375, -93.60650409493309, 111.16385122739186, 91.69461797575374, 61.466104592450996, 48.288514400985214, 114.79930287962868, 174.30376886397087, -3.2366185992595065, -32.325292605902355, 48.88970159729402, -78.23156786844821, 5.16924480755117, -124.1250585103512, 128.34123131925884, 15.37239753221077, 55.11337162781391, -58.33156520552565, -45.434361541791226, -15.490990792218287, -19.357315650028873, -21.772389050920903, 115.47273426519423, 27.02817218987381, -7.120232998073333, -38.46650039821369, -17.796156169672656, -125.89446595614648, 3.2474795120867124, -96.6059053806763, -84.4795223826286, 19.203468043562122, 13.925219800071332, -62.036367170852984, 51.82919579360405, -3.9494278560910088, 66.87715561271918, -62.34046591465156, 20.41802346523757, -85.5195833460757, -3.805799197402102, 36.86673192914945, 141.7043588421404, 38.53233431519586, 5.674904792247939, 67.38484452042844, -32.030387009168884, 51.61661951709152, 71.3526436672448, 41.284885817608576, 71.20319561946013, 21.870995819818294, 13.567667998130384, -52.22499116366847, 133.4942049538093, -79.19339775267642, 78.81382198770575, -18.886809013799766, -17.846826005899093, 119.10362828635262, -20.517696956174255, 4.744179136434408, -0.3948393105874566, 23.76468406862608, -49.703795242010315, 112.62447905013906, 89.59938339964164, 72.97573904358632, 10.447555674377513, -2.065362328182711, -72.3026203373131, -151.12860327661014, 73.02573737959335, -27.15275874127093, -34.6993091634022, 29.77851000965877, 36.669375274161766, -7.307713935504675, 60.628332798356844, 24.266432400448082, -57.48313843544517, -5.851196325696358, -66.36421634503189, 22.131343392194456, 14.279373187184598, -10.094085394222306, 79.92551589194834, 39.88952694974205], [-122.43289068408951, -38.59360359288359, 947.1758341239353, 9.706878165793707, -14.948411881322482, 28.098518393006806, -18.147524037406427, 22.26739617848543, 89.78767381076263, -3.599110952522313, 40.14057010413171, -52.10182522024479, 59.96146397318522, 85.65622189594751, -65.38267873679195, -41.21334832351558, -56.21505536621817, -8.875510962325917, 92.04905904938524, -25.01237802950796, 15.276089139073909, -3.71662278225183, 90.26945673695617, 66.47246613244258, 44.79756664024637, 40.47182879556698, -213.37712291854015, 59.40893864561069, -32.79761023779892, 38.462062274595446, 7.526272220457242, -3.348857017871668, 61.24916832575978, -3.3061957892908276, -21.131425621408674, 65.32248335939917, -16.42803337796709, -29.60754276454917, 77.44305924367559, -26.41527163547652, 5.067316817455555, -6.176542294835532, -125.51284869228772, -3.8826346713543973, -32.44482977657506, 145.56983876076146, -45.90729451006364, -80.82466322552688, 19.349693427371896, 32.65325420567244, -7.731994401506649, 10.431444263700293, -174.59400821001765, 61.518727327850684, -3.8404888968465114, 13.70835206464101, 109.2703647607166, -5.241295248947566, -92.140469067986, -20.415043548653657, -34.09217315378557, 92.31311274278255, -18.291101932775906, -16.68463840724942, 163.63763161580601, -33.00411267162201, 110.12760747688417, 46.577609693177564, -3.042730788261241, 35.00128496854298, -19.22586468375194, 36.112591637944846, 51.62146069181697, -150.301251197992, 48.339664755088734, -34.771545346358764, -71.37385244120442, 125.44579508664737, 67.73662693862933, -180.90411210215495, 62.15660058592292, 8.003572597243359, 99.7149671504493, 8.05498953446543, 3.1166998476991505, -32.808179403189875, 23.760593259166807, 91.1345018733996, -37.23245224184921, -180.50747445350382, 45.37888729923231, -91.20396908933783, 9.171352209242691, -50.365554574351215, -32.12954413629078, -216.22626615301527, -114.201768768831, -110.75715609771, 41.856375059875646, 39.7302615140601], [24.053074239046104, 58.34477768442617, 9.706878165793707, 948.8121385988445, -135.68661979866243, 31.811002094985557, -73.83093889962915, 159.07420655749618, -23.69981716227941, -73.07733394319256, 4.045870667093337, -64.80320675764717, 175.25695679163948, -32.805044969730815, 60.74062313043589, -69.72063231516717, 43.814442429767816, -71.14162810819356, -85.73502115567801, 52.70273888063926, -12.211473456843382, -46.26248466254096, -91.43501120087858, -10.124568907481118, 44.950671925316215, 70.87764868487035, 34.687190727411625, 2.4420102186261166, 139.76138338322855, -37.718614358110884, 61.05318465284321, -68.68628100053242, 77.29142536514222, 49.36919741279616, -36.99500537479347, 16.462273048393957, -52.35703805461858, -34.594900621210336, -80.55393928400936, 101.8494387210882, -0.2899906893686201, 29.592720397291597, -25.111473150585486, -72.63342168730865, 2.12111344328758, -99.69837500485403, -102.29503195815215, -8.892607744054681, 13.185049720527752, -16.472020235286934, -41.41178282312753, 84.93373738309955, 22.963143410689533, -205.99932019101465, -19.311947969683775, -2.1337362400148865, 69.92341327673074, -49.12061754662256, -76.73781907029044, -26.779042667347458, 16.380924711836503, 57.14876734795455, 87.0704072929611, -30.670680372955527, -17.096258478485883, -22.84146727022457, 34.09649324948845, 49.92794092682248, -170.56245480402296, -7.251615456174999, -11.717782430971173, 63.68985331479162, 9.888406105957722, 49.35891076317306, 84.94617120936438, 97.92732648340588, 100.93773687323048, 146.69185313212094, 7.958545497166843, 125.91702927681287, 114.23155518823799, -40.011170500518894, 49.060411461433155, -5.670888335678077, 46.9030389820478, -95.50924153029861, -15.804581256890103, 124.2831474475586, -38.028936557275685, 45.38887473448104, 1.2756731159499284, -59.19913531847423, -94.85078768936745, -104.97407394196142, -25.98396998559645, 14.028009407032778, -120.44811807609914, -10.311725511147595, -49.99504414062909, 30.60478721382253], [-91.0339903104161, -66.05141467952298, -14.948411881322482, -135.68661979866243, 730.9933268009995, -69.978820718927, 1.1198934539583643, 35.2145574890223, -201.20440389738857, -79.75643041990523, -54.59276805430055, 36.49498182038617, 10.389746152559203, 19.39748805333462, -111.61512797182212, 30.332266624166852, 2.8418730879314285, 124.60312180406557, -97.36025746490341, -1.7325672579913292, 30.869005913216853, 29.176248502362164, 5.995189619230527, 20.31934369970422, 43.070651196154614, 76.64286442433006, 83.36661057965028, 27.06954255789208, -104.58719216860538, -104.49485654389092, 13.488666106934094, 23.5038707964453, -110.37048072222137, -1.6999970263485729, 100.68430439551042, 32.44003426941181, 6.474938125640483, 183.71628073868465, -111.90299573674697, -50.16346487510701, 60.01822967979347, 13.377959774793311, 0.9372788824118593, -35.68700538590327, 47.49041235989989, 110.88367890958187, 45.14682659935357, -87.71557867802515, -59.39522779433143, -7.879833891458793, 49.165123892697, 71.45689347681258, 119.93683574992878, 29.107151044386047, -23.753764153729318, 24.012018424780557, 31.1874278315813, -99.27465695684722, 7.270185998042026, 42.92473042638178, -15.107417205027064, 81.89211590293323, 43.22708281978153, 90.55298972193059, 26.304927417116872, -0.37653900391446593, 40.465220100321496, 102.8965611299265, 39.7711408720027, 30.187775270269068, -19.0429487887311, -11.49418659550705, -39.733182061467446, -1.5657504264773028, 37.52944489589936, 41.42913820976167, 40.98156124577879, -105.38201474679931, 128.95100381807362, 125.56520475445473, -116.93287741866412, -74.46511714256746, 111.78105967318704, 24.646363715203254, -61.846233727052415, -83.45966862238963, -87.23910417370374, -87.1934161903757, -24.374948385830745, -165.4972634394074, 57.9384989390228, -34.313238058915346, -168.05821016435993, 74.67823140502288, 1.681779459127603, -125.19323939842418, 2.0603541031383292, 65.17872036964658, -45.92166672393604, -44.93440813595154], [13.466280491640086, 96.60790534620551, 28.098518393006806, 31.811002094985557, -69.978820718927, 794.7871681588604, -84.43778846931882, 47.61831308521907, -33.941147484444635, -26.902155771272334, -84.3540094047034, -26.189943764292206, 133.59359646913563, -70.02026842481885, 50.807340856437534, 4.591238049316737, -44.22790270038244, -18.8741954039493, -27.45533861326847, -27.138597973587395, -113.88347341544208, 20.542135784472777, 0.9072612125014126, -2.653719547755383, -36.9835842398741, -128.9023618609723, 55.107858971245335, 118.14916564571725, 27.69123878804329, -39.59269135230721, -86.32680393659862, 162.7245120750463, 27.185259944821166, 107.72260890805316, 28.6970333750253, -62.86455700517294, -37.85750682676929, -54.817029122443316, 43.45355146231223, 62.15529639356144, -116.19526881378741, 18.230281059099166, 39.31217304038791, 183.86168335047753, -50.53075655724004, 7.832215904612843, -130.00318357999078, -105.02149254043223, -6.155524019654236, -151.48831866263794, 139.2207823030058, 52.15290398485015, 9.895370690481597, 13.975212745739114, 86.05385421433517, -41.95193077262123, -94.91025621428986, 26.62140932574465, 58.62147206021827, -115.24498569340805, -45.10737869041307, -46.50219149584996, 92.60316355450017, 48.67549828532453, -35.71463925948358, -79.90865808631511, 1.7279340312717033, -104.77511760802572, 7.92906759769582, -84.5209532114554, -9.860717443807184, 8.834735218477254, 13.107187827949902, -175.1384302881124, -151.10409656145316, -74.23507587326897, -2.0813678854519377, -51.97947520607997, 96.3748333357821, -81.43082188301847, 11.794274961800086, 70.85133723111821, 45.56318895921705, -96.49794997147953, -71.37104955076636, 1.8313013516595207, 31.669395911015084, 28.407116111106046, 161.3309586972134, -50.72098906217779, 27.660032780388388, 31.90055386703065, 8.602154937656552, 31.215093054025555, -33.188552729994285, -65.29502849152509, -104.74360996079514, 44.18666326863894, 23.224727409658833, -19.238378906190235], [-17.430097341903174, 152.5355568710269, -18.147524037406427, -73.83093889962915, 1.1198934539583643, -84.43778846931882, 729.7764084836349, 120.76936138328341, -31.810727331980853, 161.03767998811782, -38.68676979833284, 24.70820465482073, -106.46883332480758, -40.02275503053349, 20.96827441047084, 70.39131247546517, 24.852733103350847, 95.76043415263916, 95.1855208030141, -88.66741318366381, 118.1414107374206, -42.01768711925686, -51.94098367273492, 10.305230293800172, 96.81056658223417, -22.573808241624384, -32.342950579284555, -132.50228488844718, 143.7826702765258, -6.156998821716859, 94.96557643148056, 77.96153963575034, 121.58042115491946, 69.3734393107452, 187.19293132141547, 3.1894039545747894, 10.965905857012778, -36.475167119913415, -1.2058787001714235, -79.86469468370913, 5.2124021422605535, 47.15668193815394, 69.42120122009091, 61.96043289444392, -159.41204221791355, 77.00133760616679, -46.97983639886385, 5.653722551927108, -71.11288597395206, -18.062833439402947, -14.454811399884923, 31.179186938611902, -34.405691805120696, 42.60308722188112, -20.569632882023075, 77.15675883598232, 0.14981588563905, 67.45166947768088, 20.10394838276725, 101.09575891281628, 142.22632139115197, 29.291958249425893, -25.92198121474323, 56.65403216236868, 65.49823284928746, -41.37292349452463, 54.61998635142204, 10.687156414210746, 33.63065271992653, 139.0615750017745, -61.87092930239232, 10.17163243121483, -29.01275790938849, -13.500113369539061, -68.04472930318981, 36.27830210274352, -31.0554239319372, 38.35421843045705, 138.36060622828037, -20.9183674892314, 103.6804480058538, 16.41763616159998, 51.53925836975645, -37.45655603760364, 99.27506501335584, 0.23790697833696933, 82.03005152085713, 91.49598642694608, -118.58149877528369, -73.02728194290127, -29.690765786515243, 6.420113222339354, 133.95941389487004, -101.31566769278889, 68.7901983475621, 74.25161441553097, 22.682415435211595, -32.34167740095156, -62.85644030130472, 87.48461290441718], [-193.89929028154887, -29.43147210503376, 22.26739617848543, 159.07420655749618, 35.2145574890223, 47.61831308521907, 120.76936138328341, 918.8301853088968, -123.82680150975692, 44.16120312554918, 13.73542476841319, -34.88127894900529, -74.76565057801321, 63.87480672036712, -92.36886804827269, -34.113756026446104, 81.59299712117947, -50.79751599839988, 62.40380897042815, -44.32364753950372, 64.96602663148484, 77.1789378077563, -31.193900509852387, -110.53279481382974, -63.85377488249239, -62.32018135136191, -80.52364049977471, -4.019337511290316, 99.3144949914058, -69.60607123921854, 34.03643342277251, -20.305143367052423, 58.70453538724039, -30.32889188518216, 34.019540028230935, 65.12796932276007, -33.910542252991924, 118.55779836384338, 89.02010348138282, 31.38407635686716, -8.497895498977325, 104.48995151813675, -10.629713265192956, 64.91848052269316, 19.694863225683314, 27.803588228383624, 12.725572877376152, -202.26658264460102, 99.89376795074793, -16.883573271987302, -93.19080507582213, 35.519087779876465, 78.07052656229543, -47.80489668828706, -96.75644415179946, 82.56298175777286, 67.25899745654765, 75.62415466390998, 83.10633027711759, 26.175022507591283, -48.989236928047795, 105.90849029810114, -32.17487030258578, 74.2848205575222, 67.01229614761304, -11.732039359367358, -80.59243201751087, -45.11692223945128, -87.91283653727292, -38.48073931869896, -5.714952821146407, 92.72300762726465, 18.989844551918893, 27.968812050473645, -13.058616869376237, -76.70288788587791, -86.84132629649194, -123.75124234787238, 49.93017873736228, 40.64387217815373, -166.10095569220385, 39.63022515950301, 60.97768446273895, -10.630252971840632, -41.23301295759575, 25.28732763968882, -63.06361046547181, 11.987711756212377, -89.68525212355873, -137.67412434529342, -44.71636882301075, 29.32951862261788, -98.99033088760476, -137.39219220597414, -31.444468712063458, 105.18032512814877, -53.65032891512264, -38.44455735706623, -84.92174460237112, 113.02956896686945], [-28.442153637404704, 93.05686393965688, 89.78767381076263, -23.69981716227941, -201.20440389738857, -33.941147484444635, -31.810727331980853, -123.82680150975692, 1106.0791166830334, 54.11269080808489, 17.211438386596125, 56.98584185128014, 78.72924281029317, -95.79739152895411, 63.391205560036006, -113.48905663175107, -23.484773031562764, 53.13363914582135, -93.91747267694048, 166.4366903967613, -1.9703650813433242, 7.280475073395277, -32.876562088849475, 2.4351145946100767, -79.04748357325298, 26.05332153387074, -9.698932424480859, 63.713715370495414, 94.21173312449578, 88.598639858314, 34.254479501282574, -17.12541461921232, 123.61671604112685, 16.652798337939565, -132.257866768316, 103.94660187535376, 105.73115213938586, -83.55154505868978, 69.58158345123618, 3.7975812000618867, 115.32330390776448, 14.966638978842088, 1.0325796142572194, -12.576697069342583, 42.50660959391557, -8.443459713681781, -30.92261473001412, 115.04642426018088, 107.83756264529173, -22.157135312515333, -115.67354959506288, -162.8021046490123, -106.11872355439917, -97.56109710775533, 6.29743534110885, -147.6194408068719, 130.3112943569641, 6.253358021150023, -75.31400585069278, -1.8699214872672196, 91.40832194674714, -161.04181913284097, -0.4112150426691025, 21.9149598960142, 163.58387381047484, -30.964318153487934, 84.25283349154283, -159.78583938962836, 12.827770370633374, -72.28395571766693, 70.9765190558501, -54.70865833997359, -57.64326932517689, 99.95403362616462, 54.55749885930794, 8.462670548135245, -16.99678420823613, 6.153253451086919, 39.60178550443312, 7.504791946005257, 47.66279278886498, 132.95392795563336, 25.025796446649522, -32.31556763681154, -133.99556749510108, 86.55990603382719, -119.20109951613625, 8.690141409126559, -40.525582859717424, -76.25577610779331, 75.88555681862684, -75.39800744771539, -10.17811993273706, 51.2262546695113, 61.899895354202975, -47.527200035175085, -21.418737399684538, 36.418440117152166, -20.7827951920768, 109.0489548925877], [15.358170949554404, 135.5870089361458, -3.599110952522313, -73.07733394319256, -79.75643041990523, -26.902155771272334, 161.03767998811782, 44.16120312554918, 54.11269080808489, 879.1900841923705, 23.036175031063806, 140.478437200417, 81.235558101214, -18.681476315204645, 56.402358818579, 14.081545609332531, -38.80331472210589, -120.69208223666469, 139.7126590627831, 12.143733546552927, 44.90815414346738, 37.937383101952584, 83.71969228656259, -87.9731162773821, -6.979291882887477, -66.13823823441093, -29.989737627013813, -67.31125983599058, 7.815561903114831, 32.91330016787512, 49.68990608824285, -75.80075590483716, 102.23239043000522, 70.7066710281001, 24.843553838613538, 41.68751954287982, -0.3512971058336554, 57.10622923675206, 169.93579318275422, -83.24497751194474, 64.39806063599657, 50.93522550501303, -62.16262086555553, -4.871557167925991, -35.347605340567405, 43.766727959301136, -52.51642795736011, 25.63507408920515, 85.8867868954731, 52.638342801819206, 18.474436006556903, 130.2897901806811, -8.352883016162759, 117.61540478129608, -13.192798613875727, 33.483007938051834, -56.20063649937707, 123.55851431295095, -69.85042321074613, -0.6352899219775477, -57.137501035059735, -19.574215549198414, 50.23461681665597, -54.76893493184424, -14.19928811797057, 7.86972326741349, 8.474449757643125, -28.197745220913546, -56.49742600203051, 87.8655354685009, 53.93309235441465, -60.894281147860674, -43.29161418079282, -47.25241609809602, -129.40483367073023, -74.69534656684162, -30.285642001453528, -14.278092720941805, 16.320175675688255, 44.76209630877401, -61.0533373648423, 81.06379409144013, -93.50503336668878, 207.22371185462094, 84.07427936035033, -169.86808873160862, -26.48454146710292, -6.271452331352799, 10.052011158023896, -69.0062689834217, 6.164326479447591, -15.716909096685987, 31.836919941309368, 6.958929847574941, 142.6574366327452, 94.6734488621891, 120.73249799877824, 36.2433797802895, -14.798237941819739, 26.51353761036613], [46.38487238317936, 39.80409440208652, 40.14057010413171, 4.045870667093337, -54.59276805430055, -84.3540094047034, -38.68676979833284, 13.73542476841319, 17.211438386596125, 23.036175031063806, 768.1380719474727, 49.11451453111624, 49.691472292379146, 101.45674368058027, -100.95487179377196, -100.08709766420883, -122.05644099432403, 69.37774308388039, -75.27808160540539, 37.05205823529993, 2.0961033343478954, 0.053694537359404514, 31.447453051047905, -37.48480912279731, -111.35354346753677, 53.70527552319483, -105.39774377073424, -19.112469131371284, -54.327237928337446, 37.483128531685765, -3.1919180769006625, 65.77733522452169, 6.03680468324113, 49.27887893446848, -92.4944898422914, 4.016689056949871, -73.64598648080143, 12.782328040099618, 13.141455861662108, -1.8871494121980563, 77.86638396494993, 98.4135580604581, -60.10232818741005, 39.05468988432571, 26.40639553399454, -1.5658534695914266, -33.99296787933634, -43.576224789519436, -119.54574015570803, -0.9519245421787442, -39.53824894882206, -34.355606918086615, -7.683763403528015, -20.58610119860481, 72.89650781700425, 87.78241223298245, 28.894023879157974, 110.48975871003725, 5.641941027574062, -47.84500338286941, -41.33897805093084, 1.6114573770180276, -51.844729925658974, -87.15978206546205, 5.361132644335598, -14.515423922722787, 125.61290466945418, -43.97477243024631, 49.841249243756344, 1.5353353378131922, 9.62056664718943, -48.64772859684145, 66.29662447794162, 83.79508404762184, 88.33519713133123, -127.5959577730933, -74.72046681947792, 45.54739647432085, 108.38394842573352, 89.27596270267155, 17.442038133915744, -3.8203150960441117, -48.49885121217406, -133.61614798284498, -22.02099646303052, 87.71747689493786, -74.85445980204821, 52.058224811468236, -23.704168532138056, -67.33055419859183, -138.52602914552676, 35.81134287729143, 88.98594453609013, 96.28842360881508, -29.45477173897493, 118.54045797394345, 51.617362336105465, 1.9158639544411953, -110.53229931325657, 20.629724394219167], [144.14552358410725, -14.510707258246091, -52.10182522024479, -64.80320675764717, 36.49498182038617, -26.189943764292206, 24.70820465482073, -34.88127894900529, 56.98584185128014, 140.478437200417, 49.11451453111624, 898.6456544652093, -65.45722312465197, -44.53897537679682, 12.988398563262287, 210.35313296320845, 11.609533360178313, -51.06315946483198, -37.713275649800096, -119.64962885989719, -115.85049827607872, 47.303193401442435, -11.701089284350438, 49.07031985563378, -171.781078370012, -35.70081631930092, 61.61592217737526, -65.47047093936298, -62.63950420176002, 12.663681059054055, 0.9943659414788172, 160.71532671854922, -140.1455755220352, 35.28024693535685, 58.87100381785119, -38.556338600167905, 24.94069533585006, 35.78563695081001, 78.31554125557678, -14.492566546247764, 50.121936025979345, 15.194955283225184, 112.84489526219156, 41.375282922988994, 190.30353869775914, -209.28496813095236, -10.96603598507196, 23.6593938729254, -22.19977207174025, 30.385740133424076, 33.53655819747285, -42.84354944783694, 119.4621887486758, 30.990763851928286, -113.3815765090794, -29.29352063271937, 0.021879187660014746, -87.03180332737418, 91.32155466401387, 49.9531403658896, 86.65241574990345, 0.5098520218542255, -65.80242876630238, -36.74109557248788, 42.487985207554466, -1.6239012187023771, -71.64281586210006, -45.30343936974777, 38.495642883559, 52.77220786337162, -4.5779605902360725, -70.29998767053817, -67.4505162380867, -4.605997189011496, 79.8381238789462, 18.40049094902556, 5.314366742596083, 18.266135698713004, 12.838413233750092, 40.03415068832585, 4.5589224117920315, 76.66465897989393, -135.59584311980768, 175.49949934837437, -103.84290484777546, 10.512619068290608, -146.30821462381277, -122.08055541086736, -13.842551965703562, -125.4385528740264, 22.568893225377472, 80.25472626366964, 42.912993472210935, -104.22574211046644, 40.711198676758954, -26.13519128686269, -3.2848327881895543, -49.42997452448226, -115.79884216954001, -49.43936005158678], [100.98852229174837, 43.206067851643375, 59.96146397318522, 175.25695679163948, 10.389746152559203, 133.59359646913563, -106.46883332480758, -74.76565057801321, 78.72924281029317, 81.235558101214, 49.691472292379146, -65.45722312465197, 896.4614274734262, 93.09414035662748, 65.74661737571802, -70.84275778618246, -26.44195798893828, -47.22067495728854, -14.42108060420834, 45.874468186915784, 146.77479929624047, 105.09501305540175, -32.46222250710135, -0.5316127392545413, -84.60420532974727, 2.648153500775795, 50.56552022503089, -11.957059857218724, 15.792271713253912, -10.06273846232456, 20.058061051959235, 19.474020320664636, 45.23081370156615, 42.99996264999082, -39.528243492314175, 109.8979777196744, -54.556391020821124, -20.505949086065524, -145.97509158185122, 52.475400919309315, 0.8633197292388304, 45.27336475012078, 8.965542924833304, 87.01392643247787, 40.70754620031286, -34.07418004985267, -126.43935102863246, -47.97122355195654, 141.58438562237887, 91.38973686780692, 43.27347293152469, 252.49397347602462, -38.00577861984611, 73.29250403810055, 74.19163752503187, 74.84029353371338, -36.80463767308406, 96.09131416372786, -111.00482144363976, 50.44015488974341, 97.18063282884265, 44.299407820866186, -113.4074823624954, -236.138121934756, 85.45820242533347, -65.11018697810348, 123.4887803523733, 78.37401513116218, -111.73378377998112, -3.1445121343737807, -112.42308468945117, -47.91425021352121, 50.32488673582716, -38.22193974329726, -36.32298798919238, -40.54742771184868, 3.66139028581857, -41.66878611054087, 54.53700795919672, 12.02129997706127, -132.11992949682346, -85.16819660754308, -63.81100242679871, -50.5777320153044, 5.439280702821011, -44.60662757620568, -53.25305865976173, -15.305206069039956, 104.59752723221413, -23.43379780653043, 35.198613361557875, -18.886486102733734, -143.2681098471038, 116.2182483171859, 89.65272391858885, 2.000707170037559, 18.30022210014102, -54.42573435030385, -43.53239311546264, 55.86531459184016], [-5.696277463962343, -93.60650409493309, 85.65622189594751, -32.805044969730815, 19.39748805333462, -70.02026842481885, -40.02275503053349, 63.87480672036712, -95.79739152895411, -18.681476315204645, 101.45674368058027, -44.53897537679682, 93.09414035662748, 898.5369973094822, 61.028615556667525, 99.92738834456503, -65.36207618366373, 32.945972379727635, -57.63940588563638, -27.12258098466677, 66.81324537043321, 44.42432603831906, -40.88423851519576, -52.6975875102881, -42.17393492802082, -48.513682046838696, 3.430361706622715, -53.18083677317566, -52.95517307543007, 46.83853798485149, 9.26984804779131, 104.71854923392338, 64.3747247189663, -37.47031337286804, -67.08036810525458, 127.33174904901888, -95.4193865083447, 67.52075068696145, 8.50606893510845, 141.84766807685514, -0.8102992944338399, -47.852412889576556, -147.69184964892295, 77.98544279876018, 8.876744652891233, -74.38663162359975, -125.56425798950656, -25.842228438061788, 58.20732818340325, 30.908026224829996, -71.07377977725494, 33.54050031454942, -12.669299504689146, 80.7797899571088, 50.428157496245234, 40.12351176572984, -132.7570776306379, 48.774705675844714, -134.8083126096693, -17.0221834954999, 98.54290139167955, 16.238613648993017, -20.358339373022684, 63.82346968342149, -62.62279592920022, 60.63786506623089, 49.11073283168121, 106.29358324105786, -173.9082517515216, 125.01987004959854, -52.97353623783813, 100.7446064935787, -33.972068109717846, -8.612378064705092, 172.52953692303302, 34.62218955678076, -13.123541604494017, 20.202909021887432, -40.893285957894285, -62.01476764524563, -5.2590962884349395, 10.457075817256065, -64.65286826358289, 92.70520556413886, 35.04172119783667, 245.53842147807165, 22.734818861328385, -64.79137644704753, -45.018975937836856, -28.673772490019385, -40.47659928755515, 26.62484082339877, -148.6908911120255, 0.04940499797906573, 10.809003687913112, -41.50267360189626, 41.9817003595496, 7.776820047723196, 51.25024653429796, 59.68635967087732], [74.49641777746645, 111.16385122739186, -65.38267873679195, 60.74062313043589, -111.61512797182212, 50.807340856437534, 20.96827441047084, -92.36886804827269, 63.391205560036006, 56.402358818579, -100.95487179377196, 12.988398563262287, 65.74661737571802, 61.028615556667525, 958.4367676292807, 7.397840415238602, 134.4538800157834, -8.678915353640678, -73.0168274546523, 90.0505161931692, -72.52960338278173, -61.63048407606668, -31.06475213169643, 25.826823222189365, 7.230413219359102, -114.17631960709198, 69.08326177227478, -5.541243705686484, -51.61951835422652, 21.184610021249018, -175.08286608315683, 40.65642471709321, 84.92468744523359, -24.59643762863661, -106.00214703477249, 46.25823708768082, 10.22875590448869, 21.94569888432347, 4.190634041820918, 48.12934677362237, -14.699308098130045, 6.9155658114787055, -112.82793034482027, -29.1340948673961, -58.86325624013377, 106.91221083929301, -97.99553423340912, -23.11066489081225, -23.86306943906082, 34.0740304646161, 43.161640547180696, -112.71579017956513, -93.01635573573574, 107.23294396252255, -38.2191104183533, -8.636548423492778, 61.63649077704806, -22.800197480211757, -58.814395771572414, 16.903168503883624, -3.7880370301839275, -9.17721064694623, 65.97261800998511, -17.464712579362185, 63.655243157474715, 133.9392956669936, -54.178785914402596, 31.802905338168518, 129.18092030756245, -1.445370139422198, 97.98326697452896, 15.16386725974165, 52.205271628494536, 25.581712228487596, -16.07202190833266, 20.346470947665942, 51.2896575521651, 13.503815974671314, -97.10989813727615, -94.37606725364353, -36.91039089086226, 28.01091482652683, -58.709038761745425, 85.6864473126291, 18.092154155594823, 16.80742145346901, 63.01296691945587, 164.80776854171577, 10.895343090814393, -58.91108779700965, 54.10361691049616, -27.8836323681736, -33.737684131114726, -26.918731549287862, -51.22837272200154, -17.11117424865565, 0.11488169635454819, -25.808350627024407, 6.103998232062957, -80.18080783088918], [1.9118616997337612, 91.69461797575374, -41.21334832351558, -69.72063231516717, 30.332266624166852, 4.591238049316737, 70.39131247546517, -34.113756026446104, -113.48905663175107, 14.081545609332531, -100.08709766420883, 210.35313296320845, -70.84275778618246, 99.92738834456503, 7.397840415238602, 917.4080441941076, 42.403066353782854, -48.77936050390537, 78.15523045236144, -40.70124104733104, 43.89366540877063, -93.5755921125944, -51.36743804214129, 18.203638625244604, -60.351051801839816, -9.528619452801522, 42.89532658922133, 43.54046829870867, 82.99886049557935, 50.211594272541305, -142.79312216902707, 256.34482770267357, 106.78351549420631, -16.71266939462398, 97.11538161037876, 102.80004532477818, -35.50919919027892, -12.944587905405314, -15.57508457743793, -10.538859138652343, -0.8469426543785945, 185.7224499697131, 57.877950776327886, -19.107285869071514, -42.03357133304007, -73.14786666145665, 22.646653692646645, -29.577897363708786, -37.980605087521155, 113.65462356052839, 23.692201701194428, -72.86973566894838, -51.497059564108596, 38.23158021929315, -54.01563859137821, -167.13215006460328, 3.5408316829468074, 49.64964759553871, 0.19956567072970238, -42.74379608030417, 2.1898533406855476, 9.720896541511062, -49.39724047844427, -17.57142137923157, 18.12423903969928, -13.250989996427819, 52.62412913617752, 164.49359666730942, 73.29278181242036, 26.221262683960394, -25.69395737180299, -61.85673551899393, -20.42948086344705, -89.73383776928392, 43.55965331630977, 40.17404934741939, -102.23374003888007, -70.56375379572647, 19.320633616542846, -60.58513060708052, 57.46585042178246, -87.13413274668169, 92.64603253448432, 112.36086009732348, 82.3282359866198, -16.98439994718636, -79.74331072762135, 43.995248747535285, 50.46336801071414, 151.38938936949043, 115.55037630178164, 107.65704622223704, -86.02939813892615, -87.52557834668207, 94.89358490083602, 85.3850869750025, -58.88884925082258, 55.615957477173275, 87.54854530868053, 132.60261164123096], [-99.84176278948533, 61.466104592450996, -56.21505536621817, 43.814442429767816, 2.8418730879314285, -44.22790270038244, 24.852733103350847, 81.59299712117947, -23.484773031562764, -38.80331472210589, -122.05644099432403, 11.609533360178313, -26.44195798893828, -65.36207618366373, 134.4538800157834, 42.403066353782854, 847.1344163275787, 0.9921807318403304, 45.03848839166921, 24.04641960610059, 11.523060478504474, 2.4615353887989677, -70.22050614742346, 180.33877982957497, 76.59396554365344, -40.52093654998324, 58.425073918798276, -40.71528248195972, 18.182272626067427, -90.03214294500174, -52.08990108677688, 66.48817214503411, 173.55653995724026, -5.703415237576461, 104.92181529062643, 18.82693886083134, 9.049832454157963, 57.665628905477796, 62.06491666806419, -1.9760524854600845, 31.85464026246744, 14.984932315761995, -106.04796191322403, -97.89715781946987, -20.18770379952094, 28.566148669927887, 81.28775274344486, -30.247261597904657, 19.468808809236137, -127.96366878897324, -20.888726749423046, -81.66012180046562, -48.23450473438686, -10.642071668051381, 47.09644322994194, -3.473776489171932, -15.412827873447657, 54.00176861450829, 37.66179216777939, 83.92273774965827, -39.96760051337039, -50.166258999436046, 66.07368271817813, -6.8763236256673475, 15.087705746386014, 67.24593451539918, 75.61724714432124, -29.72979930584391, -4.494375744223224, -43.06836073464051, -45.578133474621865, 35.74527052967077, -47.94115233227384, 27.40415878621667, 6.276168315905926, -44.85621531561186, 113.40533943090678, 51.25564092875375, -141.7442804023543, -67.47504398826284, -95.17647987610242, 45.77949761052988, 57.27646163230143, 145.02945988091494, -68.23929251470412, -54.75792489687674, 16.194763629161812, 151.45481868414046, 81.22487119916002, 20.136212161936193, -54.979743994812196, 46.98566207034416, 45.532859566287016, -32.40369944441797, -94.89440598627846, -79.00703865341161, 50.828040220681544, -3.5391440313723974, -86.51931857206634, -71.7348522760673], [42.17664909174247, 48.288514400985214, -8.875510962325917, -71.14162810819356, 124.60312180406557, -18.8741954039493, 95.76043415263916, -50.79751599839988, 53.13363914582135, -120.69208223666469, 69.37774308388039, -51.06315946483198, -47.22067495728854, 32.945972379727635, -8.678915353640678, -48.77936050390537, 0.9921807318403304, 777.638254834501, -78.0613709563992, 125.07721464997725, -17.92461817496052, 5.624429718733104, 23.961576187385013, 14.756466635488886, -26.46363761147699, 1.6657432521920057, -32.187383261809394, -188.9368243242123, -24.862654303836507, -33.7386985983088, -69.74257344874462, 115.03328933316006, 53.425464854249384, 69.4567628533349, -2.245998067826157, 43.629777137497385, -129.77807617651942, -8.329150080602398, -87.0236547195194, -106.38761773483996, 43.04622639035451, 57.32267911212459, -25.57053224013051, -35.175898014934425, -113.14968776725289, 3.813239152388997, 129.17063273914394, -50.06537141583282, -7.713530820866803, 22.05441477937828, -61.42441314879169, -17.450603793333972, -32.62704460634436, -47.7364185364548, 52.78592603421218, -119.65721681922413, -47.92061486885476, -106.8716825540487, -65.48365960975336, -15.25728237807541, -29.022487166247497, -31.599564448302267, 67.25677547021158, 135.86591784457545, -91.75542215741672, 57.36169718674877, -111.90074973266644, -30.143289542123238, -153.26005874458284, 74.97031159711413, -30.158477303382085, -44.38184391559097, -109.53133265121676, -3.139418839773217, 83.96681717648003, 46.59493575384737, -72.55390342024882, 17.36739112045887, -71.26832005645046, 29.001239232864325, 21.942682716496833, 4.033513447689874, -30.8144643305077, -118.8993470211839, -76.50700104236581, 63.89211228997637, -138.06199802825137, -36.46253811894232, 94.83649885173688, -35.84700221346625, -40.392370243070424, -47.354300573081645, -49.54690889762317, -69.61010442983421, -51.24361764245515, -37.942886425222675, 9.047755079100574, 23.81804405591384, 41.560324717558196, 71.6133272976856], [5.693094102600744, 114.79930287962868, 92.04905904938524, -85.73502115567801, -97.36025746490341, -27.45533861326847, 95.1855208030141, 62.40380897042815, -93.91747267694048, 139.7126590627831, -75.27808160540539, -37.713275649800096, -14.42108060420834, -57.63940588563638, -73.0168274546523, 78.15523045236144, 45.03848839166921, -78.0613709563992, 730.1215735382827, -42.5235305534903, 82.08680535065356, 30.778834322441686, 156.33087055634175, 86.88205841678698, -60.8656813617151, -78.61629700381964, -29.697152552613943, -71.51634737253944, 93.42107740052829, -9.831799276526189, 0.973345710616755, 9.995142260286276, -62.21631619872493, -91.73946488488768, -40.83128010548275, 37.628795591258125, 47.838810875173436, 44.60538588575534, -107.25075253116546, -80.3669670106911, 53.03112595218839, 43.49410487802799, 64.54949290130796, 87.8584251157081, 5.335288771467554, 31.069087391906894, 132.64917727494878, -29.583922495759932, 35.78930581285986, -6.198600599116438, -35.26875236303747, 5.138691893915233, -29.56960476822496, 123.97457665614436, 39.40991509199489, -13.70638169799501, -14.718450277096919, -3.528885402746968, -103.54307202666433, 19.51974983682983, -77.4720936944704, -0.9736396884506973, -132.6158205543987, 87.68833368400631, -31.71482097771105, -73.07076505412024, 12.15820058769892, 108.19070431905332, 43.36864695073956, 34.12708857766334, -47.35534784352933, -16.498158178631336, 13.142480043067671, -131.05343425652495, -88.0748116877199, 95.92833782345252, 5.32716909725346, 32.114394706954585, -105.226271499941, -17.75395963747573, -16.579483651380347, 131.17259835546514, 47.47639695969059, 10.868916340570587, 54.58329553817165, -36.411859841975584, 40.49598652130761, 69.75833253260552, -52.960604462176896, 81.83491534201968, 67.02319723416942, 2.1675743762331, -2.381753404800496, 71.70858880611472, 60.06483736238265, 23.22554966532867, 39.31576834136157, -102.73914795521617, -58.76326174338968, 16.41789871932567], [38.4672219999558, 174.30376886397087, -25.01237802950796, 52.70273888063926, -1.7325672579913292, -27.138597973587395, -88.66741318366381, -44.32364753950372, 166.4366903967613, 12.143733546552927, 37.05205823529993, -119.64962885989719, 45.874468186915784, -27.12258098466677, 90.0505161931692, -40.70124104733104, 24.04641960610059, 125.07721464997725, -42.5235305534903, 732.7933464406318, 96.01182764452895, -46.12991225639639, -17.29514161108204, -76.10011031278528, -47.06698551771684, -93.52981987135854, 117.1176618831423, 39.25629558650601, 23.930733493853694, -64.67639504878342, -41.277140463370266, 0.4544588467773429, -30.681780475625512, -144.1510852036857, 23.482727049967927, -110.282577103843, 60.50419831370641, -10.9145353250227, 64.35040837064518, -17.190964273018864, 62.63428267786881, -34.15520877962183, -70.1335097223422, -111.53314342755576, 108.46869695821545, 71.21449747010784, 59.796613278250355, 11.549723886929376, -40.38328532732656, 56.09348748737607, -1.6993887330567048, -58.920824141348774, -94.4744821942347, -52.891232334091846, -53.4418360621023, -99.52970708130036, -36.61083467588454, 11.206435835119086, 96.44560063711863, 10.32163082612408, -22.149006732699494, -63.552086316866614, 19.122051993549114, -87.34438880129673, 0.08385907511853408, 104.89690820266738, 77.455315487747, -76.6761966672791, 17.53992387705818, -70.02377938061382, -17.944590342588445, 105.60728628638755, 13.34065750131135, -0.31792711125053513, -61.29418450916658, -63.4719858099855, -23.45883703541457, -4.094020903302977, -8.518559958673254, -91.76176721166888, -93.4203611057689, 62.20962927015765, 61.481345996242524, -109.76999609353354, 16.806625459408238, 78.40710039731948, 2.205911143004008, -40.201497720489016, 36.2534476424843, -49.48356003627454, 20.646940290490807, 24.408116352755926, -20.833349132909095, -15.67284940114508, -5.406037997217492, -42.04460501657833, -44.47686785270883, 1.6083393435239535, -40.1413899110268, 16.926141732653996], [-70.38558233618272, -3.2366185992595065, 15.276089139073909, -12.211473456843382, 30.869005913216853, -113.88347341544208, 118.1414107374206, 64.96602663148484, -1.9703650813433242, 44.90815414346738, 2.0961033343478954, -115.85049827607872, 146.77479929624047, 66.81324537043321, -72.52960338278173, 43.89366540877063, 11.52306047850