{"N": 100, "M": 7, "A": [[[960.9738430156315, -94.24354434043241, -4.406379197192858, 42.43600079398161, -84.95854301823525, -77.8639030234295, 25.683230641072637, -87.22902736914871, -5.635191526499071, -3.3780408168931064, 12.94961838492465, 52.88727479769806, 131.94122551059718, -27.517986406753163, -10.31421243882724, -104.24085952212708, 23.86260581068174, 115.3154115045408, 61.180285087828224, 25.614347308522472, 81.02855325755397, 122.12263956802269, 31.45559100120608, -121.9615275648079, 7.065737092622002, -66.12174400376118, 74.47024292154528, -72.26728382052069, 28.825302686034178, -41.079455860037775, -43.3803210425945, -31.49506266294793, -56.42217576950382, 147.10965026567177, -108.35900865067175, 4.083356969663038, -24.05966715837333, -16.25102346318209, 102.41688154404893, -76.76414833649181, -64.00992614330463, 103.61615974441456, -12.76228349509, -49.05762315119218, 22.014336105001846, -65.53820571479501, -20.924688919167952, -104.16896670115474, 153.71879811413305, -85.54836729959885, -5.255319566138459, 135.83077748761536, 40.86928121010201, 28.34003997301227, 39.72595086368171, 16.07695773705862, -64.65503355610483, -37.61538335303967, 50.262705766159804, -62.47175594373732, -47.801567547133764, -31.73853394256512, -42.89808663547104, 129.753480312019, -97.43973474555183, -37.0413870162419, 122.91084924041947, -96.01728514403946, -125.68276807257408, -32.53059651248486, -80.86999449860001, -1.0589887397728055, -34.35161366123645, -30.359670456813745, 102.59480582008321, -90.39530742342872, -32.098577877274366, -114.88437368271016, 44.926516426343895, 114.46027033878482, 38.47970924461728, -53.95211382070437, -91.07203400777082, -40.95296111967215, 121.58677410479648, 77.30225784820814, -153.07357277087937, 2.7005832145974047, 65.18143947742588, -40.64242164583623, -11.712613773414944, -168.03388739260484, 32.329348730238635, 168.58052794106763, -29.048630649502353, -94.29509588779743, 116.84176567618027, -37.405268279211825, -35.154016184728626, 15.659945259327], [-94.24354434043241, 929.3393488826691, 76.97382503288091, -165.64512129762815, 6.021546933234528, 42.9832238644558, 80.42544452698493, 101.66541000104408, 194.82351954331511, -98.41777695356006, -23.303677238996098, 71.86007221335426, -53.9969300377942, -17.22845841691038, -86.13900596829092, -92.49503518632704, -197.48276697905857, 129.2378089468347, -43.42894411490382, 109.12239408312664, -31.36503999692431, 4.471694625629882, -42.66357444604711, 77.2541002667451, -25.543976748397277, -159.67378803540646, -10.16143250484215, -120.51314321919133, 88.79553137132619, 0.1283179410244666, 154.22984840154467, 3.853843478486037, -55.417118326795034, 37.89395032034004, 56.819459932893686, 224.74981076046942, 67.09044716886982, -66.89605218211749, 15.313749508247266, 17.916351623722512, 18.92755439870394, -44.062975110659146, 79.69238835019954, -69.78846140587311, -205.7394388695094, 49.89622112018776, 12.987136825749577, 65.94725161672925, -4.020979073591164, -44.9941754476664, 92.10217350336168, 4.311506038713203, -54.73774874944734, 42.575156777659124, 150.3882820920517, 64.18439589487761, -72.36575032774681, -10.407990446159197, 79.65636978031635, 87.24461702459817, -28.80820301773097, 24.91717494370281, 100.46946715642008, 22.989028671102915, 9.233147648121928, -58.66656420941038, -28.071250195331466, -60.76079809891031, -10.277512537664157, -1.1420049140470572, 72.23866968038104, 102.03739248477585, 130.4884537234742, -38.133527610036055, -26.536446586911655, -11.556842859825624, 34.67312699900824, 28.45468155883841, -22.583728385159542, 10.071612748734115, -47.54982688691325, 25.99403194799102, 193.45202923391852, -71.98530779001499, -71.44345325242837, -109.49392310917806, 168.56042215118347, -10.546550165873752, -26.23331009047291, -78.2886789156462, -156.0726353212166, -42.928270324437136, 8.705158961417055, 42.359068798722326, 123.68463948427419, -104.98417941088542, 67.46330470607096, 37.62814955243087, 50.84131770289966, 138.59950249309807], [-4.406379197192858, 76.97382503288091, 865.318193627309, -27.100259705993675, -51.15108719735548, -215.9825085971135, -1.080259297592309, -47.9586584536168, 126.36366692312316, 45.03240694436623, 84.53013978078344, -62.20558418607975, -125.29003453102862, -21.362626367084516, -53.343407537983644, -78.84326750148568, 45.235635845762324, 98.1380428103991, 55.591525108488064, 20.060101143379104, -103.4148437246604, 93.72558076544364, 64.3266524377015, -89.9736348033146, -78.48707496355468, -48.23035123238128, -13.590778272426691, 47.313537601989225, 105.91183700558626, -85.0152514113486, -100.69351726497273, -17.958052190764754, 70.88678719463303, -19.004224436378724, 59.51366615226857, 94.62710578668477, 51.381512667184225, -63.90449815106628, -46.02812512559766, -73.21996073032136, 104.06012132479702, -44.55108541166134, -23.87272765100694, -5.853526671933056, 115.60873202877629, -89.03357627414104, -8.818262677896902, 38.158099493004, -86.40399313580983, 37.07339884002941, 60.19108464115931, 20.69675413997238, -34.8800506322542, -29.61627152014656, 100.59376891323983, -27.07459371754585, 19.148583283350952, -1.6404465708700797, 92.86279159615265, 66.82050244171312, -69.6029113958471, 62.63882868610207, -76.13805073799578, 31.157260941674497, 149.55513427942273, 134.43097221248664, 142.7020369099883, 52.020990068449045, 140.6102696276698, 14.63790041759724, 112.58319180639809, 36.63334644651122, -108.38459261785329, -7.5540168578327105, 4.6052305303806005, 38.36946533867369, 96.83794127587385, 173.0115868823093, 72.66535767954312, 160.4589608272113, -91.15804446820903, -82.16380513426853, 93.97098977038699, -177.01944294670378, -56.676029134820986, -64.05304809968963, -45.51798048629623, -65.58335542311231, -53.09274826102181, 44.47398325742281, 21.618592908370047, -15.878320868205245, 14.111585846193355, 193.67788803511118, -15.127311511500022, 0.8228947119201188, 110.40324387420311, -5.551148033227961, 66.1053881323985, 37.69979976612231], [42.43600079398161, -165.64512129762815, -27.100259705993675, 762.0975230415019, -23.077775700704645, 146.70490316332527, -41.76819912622773, -24.00891189848295, 12.766308067735702, 3.248800019083801, 149.83564098239881, -71.40060276104181, -107.95120413946348, 107.19199416347591, -25.862509765665866, 104.98292798715416, -86.14337828680897, 108.69051753161685, -58.68134677550452, -243.02321176852132, 64.4256036501485, 105.65534713286165, 44.23627061070372, 85.78488585933603, 183.21332259440925, 94.11929457908064, -35.70477078345519, 143.50491889236594, 103.94829411464418, -1.4221166492435622, -60.13059373435131, 18.373492948445215, -149.0623976166324, 59.61024801397445, 62.21372047911178, 5.689592312587415, 28.502285964633383, 4.9137814822513315, -48.47319901108907, 11.006142526777367, -41.94982482877056, 34.27712768202766, 22.80475464048814, 4.062110399710518, 39.24497689591206, 160.31022762507, 74.07519075989512, -75.67890547675034, -120.57826281797979, -1.6107571258655857, 173.1274311802857, -39.7789638382746, -56.55588629694738, -6.497312959436722, 32.40040522378916, -22.623313805007516, 18.554325742375262, -156.8572284243599, -107.88108124488633, -102.4565916298404, 17.689700625494154, -97.34219852071136, -93.16615257308568, -47.75996850773256, -74.65230494812114, 49.546657952222795, 17.730059988999393, -55.38804555767111, -43.02052140891685, -28.76478636447451, -84.0881294942905, -58.535619123378986, -4.352758560154749, -8.326000305326692, 10.451180208165917, 52.28369051454604, 44.13513147295626, 11.997783281879155, -29.882099712759718, -54.525497595371604, -5.5993684891740205, 74.7925881133774, -62.50418010047678, -2.5220134365689426, 12.388330233336712, 32.12638328870486, 19.870452658528205, 60.30929224911287, 94.2919264077025, 53.93457018804841, 92.72544745836522, 82.1810488392427, -51.23041018486222, 6.459703221639951, -76.5245687338908, 83.58214535760752, 184.74614947646208, -175.75316908907124, -12.413120237471981, 51.55139919242582], [-84.95854301823525, 6.021546933234528, -51.15108719735548, -23.077775700704645, 582.9735531618129, 4.415148875152654, -23.433940015177896, 73.10172528637332, 17.98810417308289, 38.118338050681075, -33.78036057681773, -41.465443431025484, -110.29365640759022, -58.58547439112428, 31.26010057672098, 58.926905511930784, -7.933509614109462, -91.73092225643566, -22.749474007487027, -99.35742634251875, -115.44122933062563, -27.29601428261926, -35.00845953176647, -134.29195531820648, 46.367972031741374, 21.130779360111152, 12.411211898492121, -14.289360190082764, -59.631311030477924, -118.50056029850933, -40.80409011633081, 11.911890015537436, 33.48465168863465, -18.751034843209396, -59.96443819721085, 25.366169381411027, 49.17767864602116, -17.259345792070867, -184.21504670444764, 70.37526492697609, 40.976337904941, -63.206516596439535, 1.006917354981526, 40.29396885801238, 43.2624555756355, -37.29471062450425, 25.813437295820776, -34.76939290239538, 1.337800032917557, 9.480542918616502, -37.39526633134116, -27.797123186256595, 74.8122380456315, -12.133099487909258, -7.69814072910159, -30.323249453172203, -12.45550771062272, -3.7363147004360218, -112.0116313729034, 1.0276675328054012, 47.174934903171085, -14.357165813847248, -2.2065124649743146, 112.84878881656678, -63.25809477318273, -59.97569873558282, 41.12361106133613, 141.50328797731896, 6.574781239278655, 50.12501576043926, -28.900310429205128, 26.112423187349165, 10.112800656616137, -100.2134677314118, -26.064702095648446, 56.905972700489954, -9.311944018203622, -22.600066773105524, -4.966814408729284, 34.559027587690736, 80.44891838447764, -10.793712544173093, -46.881207607013316, -128.85296329034946, -70.65069174155074, 157.916235840967, -60.36367862618608, -1.7998686245124322, 71.62513672816074, -130.8860366631549, 26.394138390339734, -14.422480082909031, 57.099506466905254, 25.323694775708045, -49.814272101760324, -10.171716887144132, -54.02655555443669, 37.86184941582326, 39.82591042367643, -10.772025628205371], [-77.8639030234295, 42.9832238644558, -215.9825085971135, 146.70490316332527, 4.415148875152654, 939.1216589986591, -45.18065812491074, 84.57840045173918, -7.941370921541362, 56.78275330529262, 37.795929336031286, -62.67623903745091, -24.57557992521302, 36.688440551140665, -103.84451129306953, 111.91393007581952, -145.22534163029528, -38.740742635657, -24.8158634279417, -139.1710651643369, -102.13404148899022, 30.235800038573974, -10.843854501390556, 156.36565755095455, 16.39486484311066, -17.854888616770957, -44.949665256189896, -95.38961665762129, -14.428127389670586, 153.03608787677524, -27.962490056373653, 115.53747369110076, -16.83166625380901, 83.87466669857695, 8.83855962638822, -129.21773849474923, 34.12521137748182, 23.036200628551104, 152.21357493343947, -124.1775995890469, 142.89601935578762, -112.85350740011856, 72.17987990179672, 136.21359595041764, -123.85496056925734, 88.8761112893579, 23.55487457566971, 0.09970057453862427, 17.291718155319025, 67.37118072058594, -148.99964376445251, 117.88089625235155, -115.71402587474046, 41.69718497622376, -19.767889413493222, -38.51149378460539, 20.18331133540131, -51.58623112494761, -8.802086115268365, -14.53708629542768, 120.09631351428246, -30.169017167690267, 216.81837034291524, 20.362223598211905, 82.27986466431419, -51.792746918967566, 73.49913211310793, 5.8201292210711095, -81.82180866957911, -167.74643066087913, -9.474844744605308, -172.76960541399066, -28.520347815889384, -37.81329640911439, -35.59906378800794, 42.633935873745685, -121.99478769660335, 108.40862808289901, -110.41535289931697, -128.12838664709886, 3.037341953631733, 81.93332201605905, 161.12916451428615, 123.14714101521963, -80.24701339609288, 43.49516168583585, -35.92621494566761, 65.60569055183538, -52.922515776109165, 42.99655220392448, 5.463234923032675, -1.880189321234357, 23.196533148483876, -35.09877887601983, -48.26201798769117, 9.84409840289434, 81.07619391011374, -83.1240929501791, -76.67343871656395, -89.49092354040327], [25.683230641072637, 80.42544452698493, -1.080259297592309, -41.76819912622773, -23.433940015177896, -45.18065812491074, 777.0133259035224, 32.146641991279004, 29.742751028740173, 47.91971751946896, 5.942495332965094, -2.2471858419886006, 134.32944575050996, 131.5512640225803, -82.13306975564596, -25.23144966886208, -119.8593875535318, 33.83120402237431, 91.28766172647286, -32.42879019572189, 12.17903291368066, -32.150679397054326, -121.23839999344496, 54.497400535191616, -82.40817277894978, 10.053698603132215, 46.74520623774714, -26.033814826521958, 18.87952990748308, 33.36407594534096, 66.19719844182822, 82.54891876685292, 5.98096493230927, 28.871589153954353, -80.49358269429426, -75.5227137313325, -24.450874882624447, -64.99692165712796, -133.7819675344061, 26.045786105138625, 106.94083631713472, 30.081439875124396, -69.32366873239731, 62.30941610691722, -75.7188119935283, -6.1806727450355945, 31.470283602404677, 80.25965389104627, -113.04116238616245, -60.06590702174069, 100.82910561100782, 16.15349347781625, -108.76732398009689, 6.638073282352249, -119.71966099126992, 60.94763291159949, -5.523653887296216, 89.56303209699755, 136.7918863625264, -74.40732712009144, -6.068129451912179, 59.78381151311167, 182.87875749427118, -54.01574163418756, 34.612437483182696, -90.8692801304119, 77.94770187152062, -34.626981676617866, -5.263324046999151, 24.21436955229254, -20.430754808365293, -8.626904756352877, -53.66475129373153, 74.76761937470934, 79.9596980589396, -34.35340232596239, 59.77279921643942, -28.80965665826455, -8.897090592675012, 13.887116142364144, -11.281073431981754, -50.78924975036271, -82.26035449072953, -0.9763927155873774, -67.39187586503203, 11.289033688470068, 143.82502529152907, 49.00249761158753, 33.41952169406198, -86.92159791285762, -6.683483887356138, -27.484004523404366, -56.149178200555276, 96.85689108693282, 31.305230877513996, -70.09449956862065, -37.86394650221486, 19.238811857675746, 113.75599019089594, 120.11248583024407], [-87.22902736914871, 101.66541000104408, -47.9586584536168, -24.00891189848295, 73.10172528637332, 84.57840045173918, 32.146641991279004, 740.7790847020257, 23.024246321136918, 45.558988283846425, -33.05215470984643, -83.13984843107792, 41.3548605816254, 42.167032335299545, 35.08655612624427, -33.28757554555249, 9.459883629199135, 33.06527138576239, -16.137349842147007, 44.57675095637207, -132.60942166587182, -15.23434317249813, 31.17122483155043, 27.338052763658897, 145.29138771155212, 8.897317850181153, -2.426247844926212, 61.6345827438841, -117.08990248555871, -92.93183706453952, -22.609889293400858, 38.93760066708287, -28.61719810418382, -87.21636456618435, -100.58153337966009, 114.60079961150389, 47.968016430689794, -88.38560024543561, -16.778939512903722, 121.25865213543429, 10.76445306330723, -60.67597385951624, -17.210635138538, -63.851629511806905, -44.77021533122824, -52.524786410880466, -72.46589212148108, 28.432299962505308, -37.24774742120529, -11.944819786968136, 170.5733098017359, 18.18617973828616, -47.9444586501284, 90.28251193819723, 21.816753881714817, 5.74752855130974, -38.280811833727086, 33.54014251019556, 113.10402384937885, 13.646242825124856, 65.27410523399854, 45.15006326894169, 10.277465503145486, 12.487846853644845, 2.144442847123299, 101.07632270191569, -65.07136887704091, 4.5687180114573795, -97.72705233623638, -54.87820814510217, -81.02821302704947, 153.12951940545156, 69.73832896041858, 26.36215001573807, -152.30154328781276, -42.045290348162176, -100.37408739193505, -43.358343260119945, 2.1472341021814008, 58.75091883775296, -80.75486155459035, 29.888790765630013, 44.64117052883193, 25.703931659055385, -17.84816993543568, -22.161050521176218, -83.73000329250434, -18.050503242263357, -70.53537170419735, 43.84030243511497, 59.820814653332285, -89.23947886198805, -37.468343812183555, -36.37714372498063, -27.778453419189944, 2.2772780770609082, -103.03420245593756, -54.65175401462469, 118.0030987086427, 11.206817407103786], [-5.635191526499071, 194.82351954331511, 126.36366692312316, 12.766308067735702, 17.98810417308289, -7.941370921541362, 29.742751028740173, 23.024246321136918, 984.1106959204152, -66.52231543900099, 95.37385022426122, 52.06338806001584, -7.180053687109123, -173.03616258821378, 183.71837831626985, 109.3834337346042, 76.42846803846916, 76.3332195699665, -80.15484712966801, 6.37760811554195, -75.24664526684636, -54.66386538392442, -29.051755448804695, 109.98691514368828, 144.4421754327919, 47.44146699996446, 36.785223033479134, -0.0663313378198076, 29.013751213933034, -77.23432412545758, 72.39767527876703, 14.00010332180256, 7.703922390425032, -68.56216126463515, 147.88939288756038, 30.863526842893975, 41.55941492790089, -161.79455616208725, 121.07414367927466, -49.951079221585715, 142.94677224700263, 110.79287060108025, 32.689727457913726, -146.96553783617634, -3.130980577218207, 44.37852781947583, 61.39894647250156, 105.89720291400789, -169.2460134745352, 5.2762795960547075, 76.70381878104513, 9.226643170090231, -52.04058587766551, 41.0779906527847, 83.15084073495778, -63.627641174184994, -87.36823605043317, 71.90396376330659, -5.48735140677132, 5.775353374633226, -61.66351807255852, 54.27061262322221, 18.53061657852723, 32.9223571347246, 2.695795703941076, -79.01520118061299, -65.59027323912626, -18.74339192292116, -34.28398939707026, -39.8922349396458, -134.7441946682805, 50.51723179599235, 76.80173360387568, 165.7440838317678, 16.484144542116283, -195.35382213685327, -41.492667357312655, -117.68408406618661, 184.68320761221537, 24.837544595906728, -43.890138872749745, 81.61896025354504, 131.9362190879057, -104.16580902277144, -7.7106028870370995, 68.94794949580292, -11.249162969118855, 58.68125536078011, 78.59658349560634, -18.88206792259259, 45.43335772633132, -4.6969961610009845, -135.14931429705945, 167.92672640275916, 27.648003136144965, 22.096403035967324, -43.51661497194709, 29.925543672448715, -108.92151046712561, -23.3243700671086], [-3.3780408168931064, -98.41777695356006, 45.03240694436623, 3.248800019083801, 38.118338050681075, 56.78275330529262, 47.91971751946896, 45.558988283846425, -66.52231543900099, 820.2170103882099, 15.682890989180898, -32.36561878922087, 61.10218632641791, -73.82119020229395, 33.69241425279847, -66.15024391587913, 102.80143872918624, 116.58343237848331, 37.66147222197713, 151.2277294763441, -96.33626140236404, 33.9513447936398, 57.91038561834517, -3.8097220437483243, -24.98039773987213, 54.81940049625137, 9.419394742308539, 116.71955508786168, 59.84456273008961, 25.09890428753885, 34.25117808675088, 120.14051283526564, 12.337708640916523, -56.083355698470605, 21.27272217987833, -116.09001720384728, 7.86846596718026, -0.988402396754574, -25.169870806383347, -10.52283151231724, 56.19464352514113, 61.8549351870269, 55.87443336181164, -19.814908117282013, 185.58467081080377, 4.953105391420037, 106.75124536660984, -16.613948565334226, -85.40726120201981, 118.32579506862831, -1.773639080344625, -15.222038743419715, 26.46735975684468, 5.587443726574448, 15.786238352796694, -151.63272173292737, 62.80272799293022, 7.7224748422991665, 164.24561695390253, -66.53220134609278, 50.510832968138146, -5.641611486587195, 128.44789539623318, -103.95931155573909, 11.602964661055168, -49.47423806911847, -80.32930927502143, -41.12363113145024, 25.86871289991512, -13.942134421416812, 2.468987265617772, -63.12970362764182, -77.90819603761052, 80.44952552465928, 51.71242551815923, 8.630547745416594, 23.98163394982691, 24.959883598842033, -129.4998408408427, 8.624139991010926, 47.46783423117883, -11.011819298308467, 12.598513349886092, -82.72676219885666, -116.76646519337757, 33.1929241717001, 44.51415466543859, 89.24051716210131, 58.65018371038299, 44.36100770008828, 3.7826707587409367, -40.499170862442455, -154.41462404930766, 160.2103564565695, -71.0423079940218, -51.38919913999487, -72.94822402084192, -59.22917154651387, 18.676580943168787, -64.81661230374964], [12.94961838492465, -23.303677238996098, 84.53013978078344, 149.83564098239881, -33.78036057681773, 37.795929336031286, 5.942495332965094, -33.05215470984643, 95.37385022426122, 15.682890989180898, 883.4180500138402, 19.52130593175849, 86.6153094772027, -110.97509419257646, -43.39821071951433, 12.833799296381066, 45.69280427233212, 22.89203568650167, -77.31140412717149, -188.55873842118078, -54.055142395592654, 137.66356887510042, 17.21325290987699, 14.944329455290136, 48.05551011888271, -132.00163799054695, 33.847705561112825, 44.26208733770305, -42.05113740343547, -33.74766902317179, -180.5892653718357, 41.18366358242178, -108.97185037892693, -54.19141807706097, 105.25452918108539, -42.53209043821384, -31.805340789942626, 64.46808885100732, -61.852354816899435, 42.19437001666689, 27.137670506642316, -44.56296463709344, 64.0468605098674, -155.09268827437376, -114.31949124298485, 56.5981001542507, -22.651361295022063, 28.766106139198662, -116.81929746971397, -84.72129770171573, -89.50184349651747, 72.32796888758185, -25.429059401325166, -131.2799918788369, -56.050187326367066, -55.10900258872405, -0.6876913210967814, -19.396771704881274, 76.76345857256628, 89.7716514758235, -139.17643175075722, 69.58011071399741, -6.916249900451476, 21.434283369946804, -68.34313133307455, 73.70136331069186, 181.24251968688597, -38.100281346220235, 31.065056876510717, 65.3142338673174, -2.3480049383342596, 11.51207675892352, -83.52576656347726, 109.55264363181657, 101.77253255609486, 55.36662689811202, -63.94334300001521, -129.8872600704062, -80.20524289491544, -8.305655722796924, -134.7465973841018, -49.29952786623641, -52.105773158106416, 141.78494608878117, 33.045615719993876, 13.381549903760783, -31.466465109665457, 146.58864307165175, 51.28372452819287, -1.6677622175310192, -124.23189718045396, 81.8285382069936, -29.656356035040783, 92.30048583970101, -43.45214566310953, 95.70489727277068, 11.412338359290985, -43.60935508515258, -149.36411816303922, 107.34942782410678], [52.88727479769806, 71.86007221335426, -62.20558418607975, -71.40060276104181, -41.465443431025484, -62.67623903745091, -2.2471858419886006, -83.13984843107792, 52.06338806001584, -32.36561878922087, 19.52130593175849, 1077.4831710951069, 36.06555262942251, -5.400977140351476, 85.049998628446, -56.154644031699995, 121.45654163479712, -56.24026289189269, -2.7420965445643466, 12.236436147204019, 53.83399811720992, -162.04205899849265, 30.284872444346764, -164.64062825454812, 66.91715441058216, -7.801907773925646, 114.74135971379523, -3.051351734366792, -20.014735014532363, -155.11312747680026, 1.2028018379260834, 145.50700182691617, -115.08665243311395, -0.1959848780721356, 122.19917189094576, -30.55740930205293, 26.603049500073592, 14.708195401135082, 104.30424555356345, -50.83346172647843, -188.31569479033436, -105.290124373553, 10.451420446016586, -58.02037507927111, -140.135247117754, 45.01478161031372, -46.38513194132049, -61.36184339751106, 46.896505876896455, 84.22291477765462, 76.81899690838532, -43.64154430762087, -89.02662691690813, -47.23222560951541, 13.252236387523629, 40.986063753392486, -51.00329387362421, -0.08886093344819695, 47.8068726946561, -48.36207460678203, 29.958435784434403, 142.93382841467522, 26.243169696440397, -96.76193112389778, -15.43437301764597, -13.11225203180413, 32.55813461748776, 36.84045183112906, 12.132475497801579, -52.69551427654035, -10.122227242326414, -7.170907985202521, 12.39678349801538, 10.453433674634928, 88.79202230618893, 52.654583856118435, -108.9807523298497, 50.341491103038166, -62.05353319314836, 52.005265768323625, -25.76719713524746, -23.66912448548767, 3.5585778055405966, -64.69532391517987, 102.73910183819774, 113.42166238764855, 133.13853767352794, -59.449884905021925, -171.19489772811747, -6.028554840503369, -102.04535022091811, -97.84097677672814, 52.37098539827302, 71.99070899545833, -32.616982080950116, 33.389662977204516, 17.883300444991754, 9.737557803419566, -79.00688991043462, 22.15840607452505], [131.94122551059718, -53.9969300377942, -125.29003453102862, -107.95120413946348, -110.29365640759022, -24.57557992521302, 134.32944575050996, 41.3548605816254, -7.180053687109123, 61.10218632641791, 86.6153094772027, 36.06555262942251, 799.835918411365, -3.5297649914738933, -11.361327965341236, -128.53131067056327, 14.249331703928526, 31.060335028006286, 2.4194649843771288, -56.70104082915832, 38.78399424533143, -22.703194466390446, 33.210966865136, 30.213530270164757, 76.69294854608154, -66.92305143868515, -21.25158587048141, 113.11664080302769, -19.426557496327465, 120.631084424453, 29.347877809035204, -140.5319797331583, 47.84200298989721, -43.59675408855337, -101.96698125544316, 19.28719890331784, 81.18237082763225, -74.19619305937417, 25.46551260790068, 69.11700164485009, 18.03834251751114, -43.43122768408951, -34.97852573889194, -79.85389412571074, -112.90868656065467, 4.347450937383305, 12.974015850863033, -1.7966705717096896, 44.783358723210945, 54.1849179667744, 85.19162913386091, 64.26360983537387, 186.58265122467995, -30.08622313941857, -64.92779099860977, -145.36519934740463, 17.472538237685935, 52.6643109764129, 95.08370375908976, -64.18395191227117, 31.069748030623497, -14.401102858754584, 4.137676304361593, -133.7605177234273, -52.60394725231806, -131.47433010851375, 92.21835911159856, 17.771921071382465, -5.417889962292312, -59.067382787298804, -89.42249016690869, 2.92225485482697, -79.50425319297085, 176.82880927932098, -12.040811942857404, -39.3147893672485, 66.75190729854287, -145.98842029724105, 126.83350429816227, -160.10247013553678, -51.19291770101321, 68.16112790022069, -78.84643573301699, 169.35912574706902, -15.099975436177223, -75.0407761304368, 17.6276031168122, -53.99248006061837, -105.12393309383596, 77.51502879216716, 62.76970135399248, 2.1840959094366332, -1.0045560464989967, 24.175650213499647, -73.10298177773122, -92.1783728374462, -64.76758609935348, 161.56057063745504, 14.511110259480452, 8.517064336341718], [-27.517986406753163, -17.22845841691038, -21.362626367084516, 107.19199416347591, -58.58547439112428, 36.688440551140665, 131.5512640225803, 42.167032335299545, -173.03616258821378, -73.82119020229395, -110.97509419257646, -5.400977140351476, -3.5297649914738933, 1001.5387857828698, -122.77664784016518, -33.35113204696919, 71.68077417250235, 12.439761591089804, 3.4855549341889214, 103.00895885869016, 7.908547933634185, -62.686802241766294, -44.93612902431941, 53.236170562894586, 121.57616959340909, 186.20494991222245, -40.1300253995465, 78.84413596980507, 103.32417544416843, 52.765341538343925, -11.213990211022258, -74.35285540987611, 31.128635531038263, 42.32087846992922, -45.77747266703517, 2.840415039527496, 134.36710483334375, 48.66775406724014, -54.82036031764056, -48.717792883470466, -6.265367200152724, -28.415011391815433, -60.494162609346084, -75.99807961700382, -75.31889823596097, 42.340236086098805, 18.411700590620487, -23.838238699387077, -73.7232293934276, -197.2612618194429, 23.712962142342185, -15.154160635736512, -49.361260871483545, -47.02179984451698, 72.14555400647566, 5.028749982584608, 50.96736043991801, -62.34432590421409, -19.07809835997509, -12.221509977016693, -41.32197601860276, -225.9326157526825, 69.68121426191831, 25.58594473117866, 74.82506440035705, -240.01324081148155, -32.64176442146873, -158.3202303906809, 30.68879020050019, 100.20847174263558, -73.8855596039973, -178.2518149501169, -43.39555505337415, 52.92648012039163, 41.69620549912179, -43.12154799751314, -57.02259906184346, 51.8571362462855, -13.54881636841841, 92.05633803240823, 18.173851559985373, -138.17358504309897, -228.68854518619597, -72.31226606793638, -28.44885896056259, 21.222198706260123, -33.61696114067365, 104.45258663436903, -119.93434448739977, -22.277287173963412, 64.59064290658854, -127.13240158960771, 4.18096669069124, 2.6136239707699103, -63.45555304409738, 51.03271274595034, 55.400625734189504, 56.43601239427343, 194.77990071433985, -133.11446000337077], [-10.31421243882724, -86.13900596829092, -53.343407537983644, -25.862509765665866, 31.26010057672098, -103.84451129306953, -82.13306975564596, 35.08655612624427, 183.71837831626985, 33.69241425279847, -43.39821071951433, 85.049998628446, -11.361327965341236, -122.77664784016518, 850.9352251010584, 93.37913858150063, 57.862377111588636, -77.14869835825657, -61.607756554121245, -3.5372496471575245, 185.80270628642924, -5.18139799614678, 144.49836009744922, 4.921871716357396, -53.72117289498907, 26.664890752150914, 7.200740907013838, 94.56926246670247, 124.20146588069173, -20.49009964774537, -54.126254659149176, 50.50256039138377, -94.03672311719937, -182.6463371004352, -30.201636048844588, 135.5860190387685, 85.14263142845837, -41.87508214711947, 103.94191785498653, -26.468146678262542, 13.504752638386647, 59.64506060353669, -11.693157948376008, 70.00094107293944, 69.05487610173434, -103.40120483535111, 97.79408992042137, 36.62246790833123, -68.23141950267907, 4.732974257930148, -28.274432760424133, 52.023682763197534, 44.38211754719298, -39.027342624279775, 113.86445664503574, 83.0312478465703, -101.75318095023083, 53.785128958768986, 100.19593630952218, 8.388610777467633, 9.65892400580322, 17.285029281965144, 89.17535528881332, -0.024064568527929396, -91.07112194035918, -75.19098297941295, 126.16483720925909, 36.90715410990771, -27.189893865123018, 92.78278535556205, -106.19871930507517, 126.29218884003176, 74.4837146477496, 91.04128560554729, 109.57514506115504, -20.352514675230946, -48.03925564495047, -117.00920313234879, 46.069970659459344, -16.011202448231, 46.263922247362736, 8.989202122734874, -59.55273918477404, -5.165332871417304, -22.865352021359552, 89.63321348738485, -34.422378311280994, -118.13217017960335, -25.059404369720358, -113.45346488026465, -54.62676616564502, 42.824028548899946, -54.93121229035923, -118.96721313952953, -97.35017876404531, -172.45739117603674, -110.76518561849161, -42.284397716714736, 87.61475943321443, -13.828809146091388], [-104.24085952212708, -92.49503518632704, -78.84326750148568, 104.98292798715416, 58.926905511930784, 111.91393007581952, -25.23144966886208, -33.28757554555249, 109.3834337346042, -66.15024391587913, 12.833799296381066, -56.154644031699995, -128.53131067056327, -33.35113204696919, 93.37913858150063, 765.46970979649, -135.92133510729607, -55.68949930185183, -80.78969434082497, 38.7726014122735, 172.45715816745366, 38.497011140347475, -79.62772418668557, 33.76622753985453, 19.39054409959515, -15.436679093957869, -77.62564815452603, 12.154795688711717, -12.10818575461862, -52.50154858760999, -143.82327420222657, 39.72715907569647, -92.07984980568678, 73.2761291683998, -52.19525836683036, 42.353831586334415, 40.49548042240412, 49.40425974240965, 137.90772419333908, 82.0274702466575, 5.217469412094555, 162.49262333996248, 10.048700429622443, 6.685583106185164, 128.9968313241275, 129.81630633418095, -33.83115440226878, 109.40397429004928, 3.3586994029024257, 201.04211416280202, -47.19025720566408, 83.97492017175158, -78.34104722058409, 22.45944376674022, -77.33673320651963, 79.63809905773564, 44.74842976989012, -100.39145428080165, -81.72168010725754, 3.0238709584870134, -3.895515718631813, 170.83659836150824, 15.01766061374134, 61.91163449255991, -4.686206133908128, -14.16479536875672, 62.39320659217579, 42.23130233482818, 195.08241414442074, 94.5307711400101, -52.23720766497595, 68.96182278460913, -39.989112457889405, -82.3197176994134, 86.48671805008289, -130.75251745125263, -22.71141405959279, 36.58685489837598, 40.63338619410232, -8.795821882367875, 30.960740017431434, 2.565621044450064, -100.98400860376445, -102.43178375514984, -69.84398312871859, 38.49924407840016, 76.99885719043151, 40.62178200561407, 1.6765509399115581, 60.34363717930309, -59.511181451301354, -51.34324513547451, -22.422570386584567, 5.726908809257309, -90.34151969694071, -61.508694677602456, -15.987073286558308, 14.679100795504933, -33.96852930044003, -61.38463299622787], [23.86260581068174, -197.48276697905857, 45.235635845762324, -86.14337828680897, -7.933509614109462, -145.22534163029528, -119.8593875535318, 9.459883629199135, 76.42846803846916, 102.80143872918624, 45.69280427233212, 121.45654163479712, 14.249331703928526, 71.68077417250235, 57.862377111588636, -135.92133510729607, 823.0780601245959, 7.099964354470911, 11.131948610870545, 23.188195117638337, -25.20412182604116, -41.76690196304074, 104.57867536595279, -204.9017201866309, 136.4874825806008, 50.219234732913215, -98.35274502271484, 4.766452666364171, 42.35467389450948, -138.88556108972656, -36.26386456650369, -42.867649774018844, 72.09294865616698, -140.75970353241865, 27.669168217909313, -57.91256715872975, 49.95759697449799, 15.170412398918725, -12.417973538202645, -67.86573502482443, 171.57872690222686, -160.27672130714515, -108.2991751884257, -40.18298604925232, 12.968804050580644, -27.156601951233643, -150.6438153503103, 127.18077936449244, 41.59409318495454, -74.1738546421059, -99.53516044195862, -94.78615201054434, -9.842542248611453, 18.305174364572476, 82.8874269330176, -122.7111389517568, -41.382458761823166, 136.76927347075147, 41.89591043093219, -126.62741721884737, 104.00405660564938, 37.63853060171035, -28.053430854004596, 9.358256088070467, -102.85539995827905, 13.390865180513527, -78.53431732736796, 98.28104141781982, -39.84427639117823, 55.47037635740143, 11.401980604179423, -144.01691098631417, 0.11853719316816216, -76.71611206357058, 25.959790493195488, 75.63990012778878, -41.08770873314574, -124.21723309764694, 5.82709646370797, -43.8490774894231, 42.91503709707646, 7.3314609363334755, 67.57092606591928, -1.3950331146636104, 89.02674276279157, 24.990237748402546, 10.595470095500675, -80.35627017170161, 158.62692019098142, 125.86734477132528, -85.98231681813279, 20.935079459383566, -7.6162115873393175, 57.87682975993772, 40.73169533646917, 2.784606233685402, -80.4363285888922, -1.0710968593578492, -44.12728584438297, -116.96881741866774], [115.3154115045408, 129.2378089468347, 98.1380428103991, 108.69051753161685, -91.73092225643566, -38.740742635657, 33.83120402237431, 33.06527138576239, 76.3332195699665, 116.58343237848331, 22.89203568650167, -56.24026289189269, 31.060335028006286, 12.439761591089804, -77.14869835825657, -55.68949930185183, 7.099964354470911, 752.8883325579444, 48.36487412759911, 62.83423861924288, -125.90795066683253, 41.64143860067811, 17.469732379746528, -15.244768029036791, -16.86144745788115, 6.478769539961875, 65.82322138200078, 63.459950540712924, 162.1133790832885, -19.506255560065114, 4.129719685280943, -115.91289550592433, -68.23798522212975, -111.50220459351854, 53.39719794640756, -72.48987462454966, -29.266453778416285, 32.31930330053511, 9.569458261430372, 63.51586435270004, -70.43606956365181, 97.48719986149118, -97.93692810454444, -9.946671510301028, 43.016951022627445, 11.072028986724026, -36.83264100975089, 1.3361834967109032, -18.51957686618117, 99.25789902397835, 118.40964049544961, 115.1206094489381, -105.66038048453935, 71.51206474913047, 88.65144253159998, -67.84900959588586, -24.136722068021193, 1.2368390787998453, -35.359407812231936, -17.06507067628309, -67.83306034380578, 197.6779795557117, -84.87176709757922, 41.349735384099645, -100.30004133250324, 11.601541335849765, -37.74421280532514, -101.67081717828155, -58.97836279873465, 9.999866893654085, -38.883087626147734, -121.54554139605946, 121.47655259851365, 11.162625827806718, -123.35797672476507, -73.38571261323705, 102.16748675725671, 22.85659144205962, -135.0560657613288, 62.009758975810335, -41.725935180292296, -65.9749605167426, 45.623144433916174, -65.58187347457793, 48.38736970249815, -106.1072684653042, 3.727133574024258, -105.47809243190085, -85.90969011291128, 70.96779739552822, -14.793669888754563, 6.4610641530615975, -36.5049343484739, 56.525736815096685, -40.16178616093523, -38.8463956692549, 19.08588130728813, -124.7945618463163, 62.82158174763726, -124.23168039421591], [61.180285087828224, -43.42894411490382, 55.591525108488064, -58.68134677550452, -22.749474007487027, -24.8158634279417, 91.28766172647286, -16.137349842147007, -80.15484712966801, 37.66147222197713, -77.31140412717149, -2.7420965445643466, 2.4194649843771288, 3.4855549341889214, -61.607756554121245, -80.78969434082497, 11.131948610870545, 48.36487412759911, 1064.5491166869022, 33.75113056000205, 40.20697089697311, -9.573806651151779, -48.73965459267214, -32.683422632654654, -36.454435094857146, 58.170847880976936, 159.64046589715372, -60.25440116980957, -24.76128522201836, 71.34699704915816, -6.279770390037413, 16.404666324120015, -55.23178853681387, -60.74676859911065, -48.1883895041268, -41.36111246778884, 17.77511593446036, -93.09676482421608, 72.48945092933711, -55.596621948966074, 59.82308070799433, -26.48887355456717, 75.11607645468749, 60.87962183613056, 66.62401972975792, -44.26423352938932, 42.67852628141315, -125.6189439110819, -79.30894824673055, -109.7363542170856, 50.7501707663133, 83.38682397062513, 106.09186355802333, 42.73768171118047, 91.55914574261027, 143.80655641309252, 52.10440162509632, -110.00309126622703, -143.64253477293713, -22.27276966502106, -144.41643846876252, 22.41954892219229, 27.934890007759915, -108.540501491723, 18.530510238000524, -11.987814190723448, -34.31362546931462, 87.78924634444816, 67.4511098813894, -137.8810096120557, 8.97265391205976, -127.00316259425972, -109.0746339387358, 12.17928638370582, -34.55330307049467, 48.65080304495556, 92.88919172354305, -50.869659705384905, 137.9057240878658, 41.27754291181116, 105.37526922958314, 86.60787749679265, 25.190723171932873, 36.18041006235679, -72.34910151517197, -155.72518848072323, -110.63795149892319, -20.165300540341114, -21.806029831650264, -93.24274455903861, -44.2609329350842, 99.24879229115368, -14.364717132497436, 29.508250023631867, 198.3011554344395, -47.332782817993454, -69.34387067260754, 24.187671316352226, -25.367395642328034, -45.852676027530364], [25.614347308522472, 109.12239408312664, 20.060101143379104, -243.02321176852132, -99.35742634251875, -139.1710651643369, -32.42879019572189, 44.57675095637207, 6.37760811554195, 151.2277294763441, -188.55873842118078, 12.236436147204019, -56.70104082915832, 103.00895885869016, -3.5372496471575245, 38.7726014122735, 23.188195117638337, 62.83423861924288, 33.75113056000205, 824.8741162665845, 85.91738574689471, -15.60449614569087, -52.492193006231936, 79.04143168123825, -112.88021494143483, -57.91271889118245, -23.499868805365168, -97.65990707403289, 142.88635990759607, -10.155520031283777, -23.63105184249895, 23.688383252509208, 95.41120711550904, 24.989212364049923, 14.477627230458994, -40.28848511626048, 73.38950421658681, 58.141072667454715, 23.314417644953036, 75.63256626805665, 47.090866638663, -31.414556605352438, 29.257238846604942, -104.72420826870675, 55.036321939001866, 91.88184957636106, -3.9695932009592045, 10.963719847363093, 29.61605695804019, -2.020142878115646, 48.76117607056092, 32.61404563027458, -88.02717028718752, -1.5305075306456886, 56.26535684561898, 18.46741283076563, 82.59797672026879, -42.22139280628885, 4.800132804629851, -96.93316197471354, -29.043104479638, -100.07671927257454, -60.033322647962834, 131.59311748687907, 125.60878258086541, -61.382654069597095, 4.215243134695288, -12.900661180796384, 43.73650561260488, 83.8588778701428, -14.073698175419631, 97.62503963963003, 17.20256218759313, 52.80293486569624, 68.02162100758086, -177.76595767027626, -68.2945542214172, 64.84863165965479, -119.31657113091738, 124.34035286942421, 32.5259503364861, 16.40411728810566, -58.56964366249433, -38.27840644384928, 55.72140476389406, -155.55972108130888, 6.6560867243033535, -44.85767573960294, -55.199857323713594, 0.29313797311209455, -4.88369626469653, -102.57152453546239, 11.531951463064008, 94.39696794275883, -1.6422209228424252, -76.55649581000796, -78.93595617385385, -114.07389033407382, -50.72854846217782, -5.0300050365196665], [81.02855325755397, -31.36503999692431, -103.4148437246604, 64.4256036501485, -115.44122933062563, -102.13404148899022, 12.17903291368066, -132.60942166587182, -75.24664526684636, -96.33626140236404, -54.055142395592654, 53.83399811720992, 38.783994245