{"N": 100, "M": 7, "A": [[[761.3654325841976, 14.399733577669792, 8.154222783784062, -10.034855777842496, -40.53182885879572, -99.68353904632241, 93.8331967983583, 139.3675222849842, 87.0884462021705, -190.16548001204438, 61.61614234260295, -133.60929850756648, 33.70245767599595, 23.839637131823604, 111.5163037855976, 11.104041343231135, 73.12287190599416, -140.18111742282105, 70.08455068612196, 52.43477007768179, -27.51671078828975, -69.31996850074705, 10.422907417649592, 28.142822167381325, -79.86215289172661, -4.094830836490281, -100.39160171373773, 56.032247949722795, -49.18985771265212, 117.992383600118, 73.23124337494718, 54.677318788771984, -66.56886545411028, -17.128686998175247, 0.15000137471821107, 24.76876083732747, -15.353485738484041, 14.54594669982205, 5.293270369881934, 24.88309483672684, 65.36828639456996, -3.9370645559891333, -39.07064872284349, 34.640273929407996, -79.09346982778845, -59.480472524573884, -86.11674039811622, 35.824124588342634, 21.55871524907005, 27.402348669919242, -25.13511032731526, -136.27063977840638, 89.59147073379158, 3.3579955986169088, 8.441583205376048, -2.920614800468898, 3.598694227791991, -2.979482254088735, -71.223737072287, 75.41891497586994, -100.8093756433124, -111.92256524906865, -88.41951653231199, -80.95138155411244, 31.468310028676218, 31.890662356059245, 52.80554751703957, 184.3082661593305, 92.01011199746083, 14.840490120399132, -25.650674151330787, 78.62743480784142, -136.28086980928896, -94.26635551640389, -22.2326294304359, 59.950975077107124, -51.377513872289015, -61.42716979599216, 46.27066035587171, -25.441280495402502, -101.3359121654629, -37.76806869383979, -11.726223187911076, -5.977006432265421, -65.35111769850053, 32.33562602708647, -15.618424672258802, 82.83191692020817, 220.6690607166758, -42.40681904799582, -31.713935478209873, -71.1355433075017, -102.35818022647766, -9.716755447555824, 51.45967402793845, 12.664168761853313, -31.044600565759506, -177.66963619774447, -56.28561761646672, -113.53135720222134], [14.399733577669792, 924.7524572709169, 0.09476215878580034, 124.78094278484265, -28.3867526171194, -42.89932310498279, -43.68926356642426, 9.443934343113398, -4.790034364550947, 22.19928885620511, 58.270076789664614, -71.2371197982281, -54.88543844077873, -32.09982408923402, 56.02279118081807, -41.66223092711864, 60.14054130195677, -145.68659848207815, 25.237063649997058, 118.63734044258923, -4.575085394320384, -54.59634535324072, -15.873303865475986, -41.42637639797185, -79.76078632798601, -30.604925365817863, 26.501040299074592, -24.121687485068456, -94.66466988314858, 184.048627024575, 52.79244006432161, -0.4474418379894843, 169.2841983863558, 40.829687895847535, -27.76414970657336, 22.50449273431472, -0.8866194974809564, -8.464371613387062, -5.731117665364146, -142.15603705182588, -74.3708126263414, 57.83511818717512, -4.944451517423588, -25.998277146798817, -44.70961111496329, -69.46006126613031, -83.0416176134657, 104.9455432594896, 8.896273303011846, -102.86802815578274, 48.84291478121085, 96.32842869054643, -20.726270617711265, -72.3509386536011, -31.570903136027923, -20.536677879947376, 97.13594218269036, -100.84123368455595, -28.087134032062327, 135.83329170782613, -56.26817365129209, 32.71691989035871, -31.64101138040235, -17.92491869620483, -59.38924189609103, -164.05807365716973, -1.1275128191965884, -28.210388437273274, -33.53048243465528, 14.765588885521836, 141.6806456771491, -4.970502912038309, 3.5701404125415315, 21.417190186928167, 4.074746498458131, -73.17043443012044, 4.0041208220840545, -89.54729932195524, -49.106040769443275, -14.652110069220305, 28.151064232894036, -48.078005898618066, -120.49435420140759, 93.48816713391972, 3.8499481877812594, -18.223762864961692, 0.34476865414627106, -148.7699277410287, -109.16607292248518, -83.99153105888193, 23.529584534575665, 96.22560362871346, -87.33660950681949, 64.31833350414092, 4.317227817248309, 89.54628643759058, 3.909175942890294, 38.0319595115439, 148.12444155540874, -31.378908936418366], [8.154222783784062, 0.09476215878580034, 769.5774564470735, 162.77649712163776, 112.12909167314146, -51.478496480415004, -65.6641005774435, 21.39609548191463, -62.734350684713974, 180.83766948653445, -43.984128197023566, 80.30432470686048, 34.66071271129422, 22.645411826832408, 172.31935925174383, 106.7839469289693, 104.83295645276243, 37.7474068997615, -78.48018529742696, 84.0171234953797, 36.025696381660026, 41.91887099357395, -30.596521304987665, -12.649453693852704, 118.45739093568004, 93.3609727658521, -7.924581117120251, -83.40321294285833, -38.28621105257346, -70.94208520605889, -65.0348323109898, 3.239782628544863, -39.07253643501312, 16.12358962024354, -16.245684570226295, 86.8762457404282, -14.918411362258073, 12.803811462809268, 28.189915704595926, -32.05007656987897, -25.269441687490662, 6.432566926810527, -6.102092511658485, -60.496651530517255, 22.32512664306247, -158.792317723517, 78.15736244684328, -35.007851212423716, -76.95429829559929, -11.812698959137578, 6.540497613628778, 40.875845309807175, -88.04075873566643, -65.10314642798485, 16.18803813351857, -1.4979693074531792, -18.43666714991996, 79.25206723722006, 60.62121724635406, -14.791004032247884, 31.17325759773457, -54.2080465033882, 7.846608904751097, 110.3803378479012, 9.801559876855423, -143.4153501797471, 113.9540827370396, 2.2131125392335695, 50.55893934074665, 22.14452832569884, -76.9634026905383, 94.38503646897804, -2.4838230560541956, 56.14710579342235, 70.51210450823704, -23.952666331577156, -14.365936739204166, -153.92675202492907, -36.90224921524353, 62.85968482429447, -0.01818259936425404, -173.2788388520033, -34.49681786462052, 136.45576766109988, 58.98964328665536, 5.4486035239889805, -21.50868725683541, -20.5850124584485, -25.187662811064314, -153.08988184173606, -22.993461695290186, 16.78391660498411, 107.6960549112058, 104.32201247674149, 50.040623473591, -156.22462985262868, -192.22513864785452, -94.99364968954237, 77.37929965804307, 48.84444530233496], [-10.034855777842496, 124.78094278484265, 162.77649712163776, 924.1921683835981, -0.5953319777859839, 10.349480810661182, -168.95057366453898, -221.66617903236883, 115.04353212710953, 7.1713461792568625, 83.64908749408599, 38.78704298199433, -62.043702815110095, 64.83817244373856, 58.331869243778264, -22.93639362638729, 46.53695422297479, -19.56718818136438, 44.05442816412505, 21.932199962045576, 52.70262590667885, 29.186339516555016, 24.736680817979067, 66.90357622880518, 65.75649193667807, 16.63117360205405, 58.264690110807024, 1.646821062564548, 3.762701843459034, -63.77531271478927, 83.28660305109746, 107.69573347466397, 80.44724313951296, -207.05515552173577, 59.22001339669401, 19.335316075496934, 55.2267831088898, 80.46258631730358, -53.030405734769175, -4.858904972610934, -22.477432408926937, 119.54780005974098, 102.02263331098744, -56.44001961531983, -2.1546641748503763, -145.61626092111007, 68.95334499285893, -76.78829121363297, -3.200651790206663, -53.069967540722345, -43.72762452679646, 10.760988287649674, -156.63302474577102, -58.97215743576492, 6.586772813209665, 75.52467894337994, 136.83214727022894, -32.75865151903975, -49.786973573352824, 15.638381014800553, 148.64016354862548, 10.138567525467877, 105.25454317055716, -46.88291534025462, 49.58409911614782, -109.86685934165007, 82.87350101516449, 46.52480258141231, 135.14481203088093, -80.24746162757249, 83.59119315789518, 100.10053366046382, -149.17644518992907, 47.1113657381667, -14.192991943645906, 179.31883890493364, 42.14436463985685, 35.899598983801724, 31.94280414816546, -122.14779845883686, -28.163986266161302, 32.35509627829493, -4.600459027405421, 113.00577403878445, -4.512146273593633, 97.61420490245371, -34.316305162382534, 59.081095241722814, -63.570407607837424, 16.422751637794107, 62.682035887297445, -48.99618291367051, -44.77246192191325, -24.547325717982044, 29.792705630333412, 43.92475966067145, -24.74774613883011, 102.45588342864518, -97.25980878773063, 4.438003998893388], [-40.53182885879572, -28.3867526171194, 112.12909167314146, -0.5953319777859839, 646.5341915972905, -24.19460197493499, -15.945754806498739, -21.963799536450612, -35.06343018159371, 77.24101935735943, 30.571600266337924, 35.07115749848007, 81.2582913038706, -15.03926686142895, 76.22186442587676, 62.250699160210914, 30.1541173657082, -126.27901218270615, 145.02762539253646, 24.86620511961165, -53.12527824249757, 111.76435033212883, 100.43997975591053, 75.41000101982934, 172.71827736071066, -126.00089948686482, -19.83283810922162, -50.79451823480145, -50.76259589289724, 85.65525668213418, 62.10712277001718, -91.22689679136901, -8.966319228781854, 3.299701733931415, 47.15716775548723, 56.08499905232315, -105.24094367424549, 55.21072269896927, -5.329524744251416, 107.31995178372938, -72.6589786519721, 32.04488247142697, 4.602859106338088, 15.081342947675997, -108.55982947693148, -8.835449555499249, 20.8504304950153, 17.428620510785837, -25.357351365372377, 92.07848952600077, 104.52356911998505, -94.10918287510876, -150.48654880463326, -63.16244211711078, 9.177467756553408, -132.08473244970688, -67.873848134997, 86.96618731826791, -21.803196353551275, -14.761707277185005, -23.950492275030804, -29.991626442992818, 105.43265358461262, -0.2434034509270526, -149.03010909989152, -170.15568282766543, 99.18435959382876, -109.45843059323052, 13.981622341785801, -74.94000543274284, -27.384772279779693, -104.33318932352596, 12.145699419685043, 23.77063086012269, 35.24981146535389, -18.155456458030333, 41.53463753133142, 22.81170993472453, -3.2720143537971507, 37.80674010601048, 34.38465292968568, -13.824222466971174, -5.21390720218604, 12.025908584140367, 69.16485362098071, -83.23187345066776, 22.41187464136295, -35.98092481743633, -0.48544716515783803, 6.884342833587273, 7.755879800600984, 18.72321252069732, -50.54254698008093, 2.45618019073856, 72.34244401019625, -65.70963118117005, 59.02989657225645, 19.98512329879516, 191.1350748880111, -131.84705338573815], [-99.68353904632241, -42.89932310498279, -51.478496480415004, 10.349480810661182, -24.19460197493499, 874.9131509334618, 2.530814184165828, 103.00800579743719, -67.63516486242078, -5.328859971569532, -58.56899965825781, 70.08644618030799, 75.25263670922722, 129.46824895508803, -65.79505244942526, 87.52444801680933, -75.14715608866692, -17.229554791735243, -36.81573367176948, -75.39675774980385, 27.408673473531326, -94.6625521054008, 52.38632391116327, -27.671329820629396, -85.46895344201866, 17.50459912403203, 66.72430539497816, -107.10732250612618, -17.838740937840896, -9.28375391106222, 34.014714289067996, 98.52075954025696, 66.54286555122476, -134.14813395225633, 54.12569348407166, 34.90373225424157, -106.4462995625645, 105.2216124545143, -53.15971919133453, 94.91628687037147, -26.724000417296764, 25.16773753648777, 55.72330506609797, 56.044710541493906, 73.60942665306152, 53.3166851335484, 0.5607293799976262, -4.76009665345706, -35.01295780650428, -21.697679022754624, 72.10791104292421, -35.99790202476395, -30.021934719371355, -22.039214299757404, 20.369113713984532, -103.72843357565644, 44.70707372891028, 123.44562689635536, 95.86027336210341, -4.660520553555481, -56.63605171232601, 12.529803093473118, 41.683208452479256, 11.059124347885048, 90.52044280120728, 18.064582989479355, -62.19486673691768, -65.37875304878735, -103.6877303457506, -42.355460562736006, -8.257559124976703, 31.00783294150827, -97.20074671083748, -124.34824945285662, 83.97124950610755, 120.31319553340062, 24.225531408899652, -121.24707808683993, -67.77793027709454, 60.84481491251566, 66.28752322001262, 93.49836914563902, 10.403754695191168, -81.75706413587676, -17.11809468909415, -159.0420068479983, -15.873778802948618, 3.855459722972833, -98.58403895825441, 9.515184514947938, 11.471145581389889, -145.94766886592902, -28.461784259063933, 8.34082641387409, -18.016745301136943, 157.5527138150606, -149.14733006232538, 102.81775930196764, -116.58844266037661, 108.68997331466254], [93.8331967983583, -43.68926356642426, -65.6641005774435, -168.95057366453898, -15.945754806498739, 2.530814184165828, 732.0744758038452, 44.460867777324864, 156.21119488495196, 100.63198604811619, 6.036338952112115, -27.718501511159758, 127.50241163785167, 29.067461880980154, -32.62098413775328, 124.02517375492845, -31.24270817347797, 84.73814722348135, 39.74866002492688, 43.49003480241466, 126.33179735882788, -91.33859117276921, 7.5481214156646645, -89.03166654197136, -94.97026651661638, -10.963502222268088, -63.60067024417074, -35.149720122031425, -136.8838350561419, 58.78838705860281, 36.56170315063434, 7.486316771807921, -29.23170691077932, 33.165406355990115, -3.135895218232912, -29.000837583644966, -17.153196121985644, 22.315043895227582, 92.56951048462405, -16.449689543615325, 19.66085392011714, -83.91916447953642, 13.902984267187152, -75.00973212782311, 88.83130706509104, 11.290473207885253, -65.64143293625489, 61.01476776097502, 66.44232264322959, -40.01275024693119, -20.786360448912212, -13.28831583922313, 138.97528197335174, -40.46016352602213, -95.64016877694566, -32.66799759315141, -1.8805369462782089, -5.409494451105344, 110.05344009724955, 11.814580069439982, -59.58420241924476, 31.498718989936336, 59.473968154465965, -23.245212064104813, 48.37352887889958, 19.5606241281995, -57.62055175762651, 76.16919844556757, -115.6099679708527, 48.010304347967875, -49.86312143831247, -51.61080816071899, 12.873131492348127, -84.78166863567454, -13.150770339319886, 13.538917517749356, -81.8444660436284, 23.670587593864436, -44.531962443399614, 168.46497523945328, 26.65417065803717, -31.810915345280534, 68.961197756305, 12.712026071990808, 53.607337247140414, 18.93592549217529, -40.604536378804966, 27.808659253297975, 7.984116914979504, 55.966653326001214, 33.49968619612273, 60.40160017872357, 119.77455856775416, 157.7312506415744, 5.403320721306541, -24.91781038717893, -72.67589600334409, -39.344093446415215, 64.44158542752443, 54.6564070978039], [139.3675222849842, 9.443934343113398, 21.39609548191463, -221.66617903236883, -21.963799536450612, 103.00800579743719, 44.460867777324864, 716.5598421252404, -36.737489019419584, 38.54719025551868, -67.22242653272403, 70.45867248862, 58.9223177858928, -30.316387106026905, 127.85032165058136, 130.17865953327444, 41.07567347470857, -93.92307377420649, -34.106640344609424, -92.81825954417279, -56.7277758287684, -57.19868660235033, -101.03848197942055, 42.89820673165942, -22.95173414689257, -31.533412947454554, -52.07226961943985, 128.8814044547042, -40.30397397127486, 20.599058444162477, 56.05283939817105, -58.06159182635357, -34.97317622151667, 14.66200294225896, -49.26600101604101, 50.14333045014475, 11.824621976471123, -63.5339089115361, -47.21084166077187, 182.01797728067058, 34.6880734124026, -2.967709088769279, 43.29291495088038, -34.61626422314698, 92.26653618564293, 42.18475852616368, -130.96911027426913, -48.060135937385716, 90.6657792328793, -22.568950483228765, 3.39802804453393, 43.83631735138999, 67.06620195556415, 46.34702445975907, 14.150183559285438, -80.01708352220625, -138.3570122481096, 178.97683058541875, 92.51489962169349, -67.00564345693635, -104.3182825563214, -157.9104296303114, -113.62485261937258, 24.349892368249428, 41.738396722453956, 86.10311651528161, -38.00088821809177, 74.32307691982585, -51.3269688538593, -55.944218721532394, -1.549689697696876, -12.772414873252508, -9.45051163607296, 44.65448981794064, -54.80881943156639, 18.156183413044086, 15.333150276601042, -8.383418017079785, -6.196441479006, 100.7740790819371, 115.09242180101776, -128.10788521397055, -21.033693945565705, -73.62724524666568, 76.73146782780313, -155.98763385028454, 64.03687907693991, -41.094023234396595, 42.90769868894498, -36.57311569510285, -50.403965600008995, -110.82655640700546, 8.780021028337538, 61.51693828400257, 56.478491205614226, -22.04848082342679, -128.81128257975644, 2.5632895623959286, 4.780958317769441, -80.7522241318578], [87.0884462021705, -4.790034364550947, -62.734350684713974, 115.04353212710953, -35.06343018159371, -67.63516486242078, 156.21119488495196, -36.737489019419584, 693.9356474152256, 8.556595442622298, -31.570846910905647, 27.37870846749262, 38.97820250531589, -10.407967917261692, -46.48878698162093, 10.442061374945578, -40.11089242426975, -15.396344584394413, 113.75677156484954, -56.00784580337495, -35.78722916162354, 47.663188329175725, 18.281303713092058, 31.571650454580787, -15.924188635244189, -16.556356397339325, 61.64118043463049, 85.1897985207737, -138.04640635171518, 80.79985797682852, 12.204922264678617, 45.15461378092446, 29.765798146366556, -30.662456144340716, -34.08083255199648, 63.87914269088949, 35.50119710134324, 49.1012110453857, 76.35203027048155, 15.514090434692324, 2.1499840637960745, -31.384209454351467, 24.166556622898828, -70.62483417087863, -34.75439812896519, -111.15157911350529, -50.03529438345146, -18.161699490969536, 47.33936478037777, 99.99094462837249, -150.1664125725586, 96.84534821472434, 73.93368430584488, -0.04720291865072232, 21.201782464134453, -7.605192693571129, 135.31949966447561, -41.76322705737749, -49.668109848351016, 14.475683708831228, 212.5387198163389, 152.4860000259467, -105.69045890742305, 59.26156793381658, 34.234025774501475, 82.5067035800998, -43.40743779577008, -2.9435936996156165, 23.590690114990938, -116.03916934819858, -75.74893241390347, 94.52491897080738, -82.55418449377372, -8.350492006570175, -89.95168807654129, 80.91813954782008, 95.23360652083299, 8.529959868482466, 32.03551900332959, -18.473097191708064, -52.301911028964774, 11.725379520702624, 75.38888422000477, 92.23973218297812, 17.055971398543825, 101.08856531882921, -0.17944147374204178, 21.89651705486124, -121.0061728966387, -16.91258494519938, -49.53249585386351, -13.226915423453963, 117.82109450938614, -29.80519546251402, 103.45283758655987, 66.75432536783161, -59.244186954901345, 21.142444529847406, -85.68187893640491, -84.70092550377731], [-190.16548001204438, 22.19928885620511, 180.83766948653445, 7.1713461792568625, 77.24101935735943, -5.328859971569532, 100.63198604811619, 38.54719025551868, 8.556595442622298, 906.8203897125948, -66.0913949783158, 0.7202785526419196, -47.56354294604613, -22.402066578966554, 52.27809927186417, -87.60883901561847, -79.82231195140957, 78.76860760137052, 38.84303544755984, 60.95111964727388, 72.437029608509, -146.17797540053866, -46.80095759095664, 1.0893702433221564, 131.2533885960683, -73.9182966808118, -176.14950355221265, -11.505844212259627, -133.45828334318836, -92.22595185202084, -44.25888295448479, 31.384458615101913, 86.58136300163888, -90.80540775649021, -18.752271801216366, 59.24066106380102, -93.15290541852511, 37.88885601953776, -18.78092234173182, 124.1303761984699, 65.92032845849319, -45.93165314841175, 169.89082278010758, -50.20855352608448, 2.9443352616935488, -143.1472206202262, -93.45341554265848, 15.605919160625273, 1.4214110511710711, 107.9818095538354, -41.48615401711068, -15.190360676968966, 66.98330567215369, 120.77715515855229, -81.55994579290501, -22.176363403680334, -19.866646406297136, -25.326821854349625, 58.08256913827232, 63.40871616982544, 57.70643017396524, 122.09431325221121, 68.44302320987231, 58.58304377151102, 45.09915665504149, -79.32519988949113, -64.59831736586796, -91.26448832013722, -30.375633021286294, 7.971244027382975, -6.903631976738732, -106.38567013886215, 47.884665870605005, -23.78951902046201, 15.19840092145326, 136.71434288759173, -57.14086811004518, 40.94091871927795, -16.970435537367898, -48.80572171241038, 43.957116361420226, 17.299845613851094, 112.45961477345664, -111.8094910426307, 151.69298435627974, -36.54426948851122, 51.64178254963377, -133.2911933720737, -54.54817389079874, -53.46116171394283, 5.5994427669403715, 83.11233288398387, -12.890293242582016, 13.625257128001511, 38.90843711768092, -76.90392391644684, -126.73403232253416, 8.942360366378818, 29.920822524663738, -46.73349909627217], [61.61614234260295, 58.270076789664614, -43.984128197023566, 83.64908749408599, 30.571600266337924, -58.56899965825781, 6.036338952112115, -67.22242653272403, -31.570846910905647, -66.0913949783158, 645.3034685670607, -46.650798714312714, -16.077969043143174, -59.14258370839208, -11.762272382126548, -82.03070331085723, 135.7597837857208, -61.11451831654931, 55.13076106731527, -24.899657997949554, -94.10272516831283, 63.340473668631944, -31.831183478421714, 69.91401683318378, 16.483741952411766, 65.89862526718409, -61.855579196608296, -9.499129059904723, 8.439294371687309, 51.35614846160479, 145.0114422793243, 78.8804747454065, -124.52734466453146, -62.74505686795833, 119.07303499623332, -1.6736458102266336, -124.74644468948277, -70.15602450348908, -71.51575512069775, 18.38212019987175, -7.0035646188844805, -15.848083003857502, 40.57128487624681, 92.6456240625961, -22.625422484166183, -2.5595117769256697, -78.53799115766198, 37.70137634687051, 41.259324437474916, -39.37967360493636, -18.025821542851617, -41.62845359720292, -93.51819996673369, -42.52148797813558, -51.35693641557076, 21.36551489521475, 93.49312060295168, -100.54709822614392, 7.0951611473827905, 127.79865988558831, 41.740877250345186, -50.599779592253824, 120.98857091831877, -151.22611540179193, 73.60657009578308, -38.954174328097125, 61.106344296785664, -6.807415780441112, -85.17652751754832, 44.189614281072245, -4.630630128754292, 56.66347161696131, -51.636370245191955, 56.784625975369195, -132.63210342613502, 19.344256720996416, -38.81814597489888, -38.87268895971543, -70.74247105490211, -24.135808489980587, -71.87347273395581, 32.93680853449776, 14.416648815798078, -39.00031001317095, -19.794222875894807, -45.39892309758259, -24.59246856063352, 6.462031916508582, -97.85835960897984, 1.2557185523035093, 80.67134107831785, 54.08653197379312, 0.8882917598988197, 77.76340097061019, 6.649061593686551, 1.2337999108647917, 35.24304057981772, 39.26622324136603, 5.3642003705461745, -28.12931599670998], [-133.60929850756648, -71.2371197982281, 80.30432470686048, 38.78704298199433, 35.07115749848007, 70.08644618030799, -27.718501511159758, 70.45867248862, 27.37870846749262, 0.7202785526419196, -46.650798714312714, 729.8768441616933, -4.016606110924846, 72.26538035628418, 117.01367894459246, -58.94332889225077, -18.40057806929934, 10.107904969504593, 29.18400171754294, -63.62588489074573, -69.11884368614461, -173.57321748180556, -32.54843346164731, 96.7034384427061, 67.14636621986247, 61.686200369881156, 124.63815187308685, 37.604381876462156, 47.22025187648316, 38.27294021325185, -82.39462216999281, -48.91506000189465, -28.66786639988877, 69.4825617121078, -8.259570933031155, 36.75045177976213, 95.3455898604943, 8.16289819225985, 84.27941921411005, 28.65608991844421, 51.07592476153158, -26.0688064435133, -14.13378758204758, 48.41404784087613, -66.02422446877421, 48.087687713662554, 178.74049952296454, -73.92479492784854, -23.525874279944954, -4.9413287890208535, -66.28371068322069, 232.37110347369844, 85.63773999404191, 95.42464371188719, 12.681932363335942, 14.925307844124582, -99.8266442012286, 174.46087135481977, 44.660310870211305, 23.27516974231674, -9.75470995034974, -68.99745759944803, 76.5731594699023, -88.4151484003555, -11.460933523072251, 31.267357402776668, 22.83624537801824, -15.966635973806225, -60.71163424981159, -11.439006424861153, -46.94754603347061, 3.739970358591438, -51.80325255197506, -14.056457118007735, -16.772306236803672, 65.9431345432811, -28.508847604017134, -71.64660460497467, 82.11609314169603, -81.3045507865637, 43.05356824900768, 62.733473999014116, -25.13116160898321, -25.883414755637013, 2.943681712452573, 31.121634647156007, -95.20918538746058, -71.76238268372279, -121.49138374798797, -73.23664090090598, 11.704137696248928, 39.69488607590409, 53.656218633332905, 61.80104984989652, 115.63106657601656, 16.49664073474157, 48.17730347789735, 8.726216736094884, 83.7710447273791, -3.272783469101043], [33.70245767599595, -54.88543844077873, 34.66071271129422, -62.043702815110095, 81.2582913038706, 75.25263670922722, 127.50241163785167, 58.9223177858928, 38.97820250531589, -47.56354294604613, -16.077969043143174, -4.016606110924846, 594.454773891165, 53.96333203274323, -124.4744034942853, 136.08352531750978, 21.696351930487555, -55.89491011483171, -41.9207411064665, -5.748094345643179, 19.747727274721687, 61.120668404222656, 72.94584603518933, -163.95799116698356, 16.37835793082018, 68.83169251613056, -133.85576102997263, 61.39236075235779, -47.733071767596584, -82.36882278202447, -70.47469754296868, -28.164409928338372, -96.7609120925039, 15.235484028026336, 26.531205728341455, 39.73125461438406, 6.150786342355018, -15.454415038087335, 10.637711286641442, 107.13138932842031, 0.9366496484783077, 103.18122944036382, -16.972199187795212, -69.87575198348901, -0.27518389393763376, -10.775329163996455, 31.925606772058917, -7.952857501899988, -5.410711021637074, -20.948252863334048, -9.429064230142616, 45.64814291727986, -23.488886394090528, -44.55277517170716, -57.76261925776597, 138.16205863616426, 49.85920312415859, 31.75149479913753, -53.52862767887428, -71.145137087513, -14.480063696708415, 13.868695883994178, -5.144558281245232, -29.445499657321506, -21.6370877267661, -70.43272782816749, 6.375348715931276, -7.5053721462971, -1.596838341956752, -37.032239069722216, -113.91061687003084, 40.51779051503421, -58.99385959833897, -74.62406081755039, -85.80334432400235, 28.876428993566957, 107.49437974079969, -2.063069176617029, -103.34879371532269, -0.34694113407556276, -38.570615584801345, -21.49188879472036, 68.80469034515758, -7.89843628006533, -89.03489117491009, 81.75466086957887, -103.53802394398848, -79.36195755521186, 17.816786138240847, -103.92359988459945, -44.34830065288633, 15.486513260019457, 47.08948985981336, 87.09736297809279, 56.13048263091316, -47.81465664826442, -16.05442522625036, -106.11200671828848, 36.973905656737436, -1.2574011490947081], [23.839637131823604, -32.09982408923402, 22.645411826832408, 64.83817244373856, -15.03926686142895, 129.46824895508803, 29.067461880980154, -30.316387106026905, -10.407967917261692, -22.402066578966554, -59.14258370839208, 72.26538035628418, 53.96333203274323, 691.2723627774272, 59.194546856946836, 90.17449738596027, -209.97454642208845, -63.406157816474675, 29.598585140082786, 92.12828419027946, -43.879174283382085, -64.30235297358038, -8.841401002407562, -137.91059923328334, -56.795598260421876, 7.188004572505819, -1.7643530988161835, -29.261477639628843, -111.63930500674542, 120.46941464457204, -83.76175516728404, 55.77055764638068, -51.829342258356235, -39.183188775675035, 30.550286595616235, 38.91788593474043, 42.267622233098756, 89.85358328131584, -15.90288716023134, -110.23536316426826, -82.77754502148672, 51.9163217369196, 19.005861530676405, 10.973573100734646, 68.65887135022443, -47.24945735271739, 53.646155605958356, 28.778648551209514, -85.64646068282698, 157.34790460743, -1.626393011681446, 23.171730044842164, -22.00237422508553, -14.730598966928325, 34.35551315660537, -28.44555755311906, -58.468701861011034, -6.290559469780469, 32.67708482293898, 65.4638123281906, -1.0946517145500807, -28.30841041119863, 23.021192281653306, -71.73518543899365, -71.97822774753149, 114.95538596107075, -9.11518345415496, -47.600958002809826, -50.70493057918886, -76.04666939525544, 11.519938100081463, 38.46150266584806, -3.106061922062444, -81.32148986735119, -96.67849046809248, 4.176038435126613, 20.38846482364871, -94.55608228202894, 124.71156137819416, 89.5809477340332, -92.45594774081901, -17.60001802504466, -5.268410010111398, -85.16546753600586, 157.44641908527794, -56.04105652792896, 6.203612063614371, -7.161729620847555, 16.567556542807036, 58.70301139138043, 16.196190192860232, 81.82047153355995, -11.108308940201647, -4.699927189209001, 2.549832048510866, 49.76785908682654, -56.49299662330562, -97.81642498087587, -89.72353208689452, -20.14178084519665], [111.5163037855976, 56.02279118081807, 172.31935925174383, 58.331869243778264, 76.22186442587676, -65.79505244942526, -32.62098413775328, 127.85032165058136, -46.48878698162093, 52.27809927186417, -11.762272382126548, 117.01367894459246, -124.4744034942853, 59.194546856946836, 679.8818361272192, 21.970924356813597, 13.567302187538749, -131.75029895441503, -1.548949472860008, -6.797241344486232, -65.35304068534559, -129.3124934208764, -70.2929160370408, 76.69801326934822, 103.93730897225066, 126.15734083498369, 19.58385603505743, 26.02128283196929, -8.775071367345308, 56.0854412474726, 24.99393044310021, -80.3188926807793, -14.136174528738612, -131.49324467680012, -40.234741081035615, -17.268203810986897, -25.410004154872876, 19.82237631471192, 76.9936165406493, -17.365783370829483, 35.0951610569914, 43.159713883039664, 14.344220798073392, 45.531433250913395, -44.77962811018085, -87.49183130848819, 64.39760605691504, -48.53424220284318, -114.45303416095612, 58.57138597521267, 49.62828603346555, -61.47849773181113, -63.283948433947224, -15.747276778899689, 70.7415870948756, 0.5697507080420453, -27.34753414027551, -13.06569760674744, -106.2919727878171, 130.87247462518351, -43.69533347417971, -75.8503444989764, -111.53324335410232, -3.071728700035377, 20.17798458997479, 93.66166965077265, 165.04399257457226, 60.22583374257, -15.144820324105897, 3.4788417734238726, -123.59369448527677, -148.41612267695086, -20.012593225820748, 82.1381741448766, 15.93667434554684, -85.919012326351, -31.4848885810158, -26.31756019130464, -51.429518816785375, -40.846387523596675, 145.6239191987112, -4.405723146722057, -57.513498718129796, 63.336556075504475, -20.658069064428034, 37.66991420371597, 23.102923411555647, -21.08228913917224, 75.34392435397363, 24.93744347738267, -33.17371027564667, -42.748978594636256, 75.33897975872857, -102.0775801017925, -12.78530765013419, -54.58021487071303, -46.881136490329034, 88.08850708373707, 7.515706432297608, 28.929990532466142], [11.104041343231135, -41.66223092711864, 106.7839469289693, -22.93639362638729, 62.250699160210914, 87.52444801680933, 124.02517375492845, 130.17865953327444, 10.442061374945578, -87.60883901561847, -82.03070331085723, -58.94332889225077, 136.08352531750978, 90.17449738596027, 21.970924356813597, 829.4557267752355, -7.06495673624871, -54.14087929427303, -88.35802783434796, -13.094056820976437, 125.83945710434634, -14.428836966278768, 20.979216739330905, -105.25701994481868, 32.67611630892382, -61.982071839577394, -33.640616161169405, -32.79836353915472, -164.5572573780879, 45.15657297091804, -30.746484468985386, -9.848903546389469, -20.368268502240497, 35.897359883419874, 93.68524271444251, 93.18692002220486, 12.258582721997238, 21.877254201697344, 128.94089914369053, -31.782732218535514, -6.764777667543747, 9.63477581296479, -52.420173571137, -224.58616728904897, -3.540837149700541, -33.242757532724525, -29.715064450797477, -66.11833925068117, 77.87425642712319, -37.611792144825955, 45.3697667746755, -30.800791001629655, -63.6197822695124, 33.694721146334345, -37.67940729413048, 77.99456654062294, -12.912706974878727, 117.60137639754309, 6.449754578125734, -98.60806990574811, 60.758988491197236, -150.87005356734278, -97.12854461956664, 130.09972818965204, -188.16659067314163, -34.87656586665041, 83.60376559826176, -13.236466138743781, 14.980259588108174, 37.21340940510682, -101.25274345384427, -28.88625598925819, 100.3537614970432, -25.305458990275103, 25.383449519925808, -36.38401331408432, 27.75197714133949, 86.8481262213035, -10.753387685300376, 63.555387708318534, 52.43919754607075, 27.31334317268783, 112.92063236425398, 16.6074905174766, 77.25815042798855, 71.47543439815547, 10.853204647656442, -39.11389546608075, -30.84342882045, -55.91607701430448, -14.069317648423604, -18.313861266297447, 41.70379972341366, 3.2018695608491243, 63.77511018325999, 5.717324949245001, -23.094131433643984, 29.278320391383474, 118.40387452976609, 179.3809888195919], [73.12287190599416, 60.14054130195677, 104.83295645276243, 46.53695422297479, 30.1541173657082, -75.14715608866692, -31.24270817347797, 41.07567347470857, -40.11089242426975, -79.82231195140957, 135.7597837857208, -18.40057806929934, 21.696351930487555, -209.97454642208845, 13.567302187538749, -7.06495673624871, 816.6808372203079, -53.25411305128895, -15.460625488052973, -115.56772049735024, -59.3791315039362, -34.73484664863973, -112.9815306848084, 136.54798087214485, -19.42152646680127, 6.3435621518587695, 86.67777415631306, -27.35824497381476, -21.812036510138594, -1.6623391179112756, 21.386110164837635, -6.964707490143717, -79.04293317113918, 40.03459033779976, 83.9399790852758, -37.94987803511196, -34.664383920728284, -72.74212185601658, -69.60912529551464, 0.7108684415740302, 19.18590671251478, -175.68125230736118, -150.48522147925843, -24.64804986231528, 144.1350922485872, 23.985032633871597, 104.03362759336386, -149.52634350135273, 137.69138510987787, -94.92047733900726, 17.557249309124046, -85.00770647734716, -24.744989437431197, -30.31479239361445, 114.79083664978685, -80.45428213550841, -84.51450341616375, 73.12275049620338, -107.14318949169608, -5.977952684797363, 4.614462650352423, 34.03649653383778, -141.46204197807396, 128.67061756171773, 33.97744747335802, -281.9067529280469, 64.95419982211223, 142.56602358940978, 106.3679866792121, 111.96432075160274, 17.19645398551619, 68.37006798742598, 75.38277393494663, -13.113510481227166, 113.40252012030632, -55.33025807424869, -66.53179907564768, 100.34097647670545, -32.76298607282466, -38.846083485478005, -50.29577416719074, -29.133544745614333, -47.50562152071172, 132.11411534933725, -134.49456159292953, 25.72532844696039, 91.67813790650199, -8.133861143810263, 18.55865596308413, -46.38643134571431, -67.57303051341809, 8.907748942736697, 12.353482931471671, 31.40606835434553, 52.226217419609156, 18.183868961148132, -40.164303323208294, -70.72667461869182, 55.30162139226598, 25.267967297745514], [-140.18111742282105, -145.68659848207815, 37.7474068997615, -19.56718818136438, -126.27901218270615, -17.229554791735243, 84.73814722348135, -93.92307377420649, -15.396344584394413, 78.76860760137052, -61.11451831654931, 10.107904969504593, -55.89491011483171, -63.406157816474675, -131.75029895441503, -54.14087929427303, -53.25411305128895, 669.9530911467273, -61.498808860520334, -125.48335853153019, 14.71854631398157, 68.38504400596567, -16.77750582981323, -100.77704144978027, -22.25989835449392, 21.830308039131314, 54.25597209116331, -119.95786263554909, 30.064668495515562, 12.276215245725917, -19.58710950955418, 117.66225286719992, 107.37048588802452, 174.06202350068392, -14.885065895042644, -108.66675872382115, -29.365337834271173, -15.456604750569458, -54.02994112922137, -57.17133983210756, -40.856432049488916, -44.646998293010334, -15.935586350807771, 138.35977352915182, -2.368114028850992, -62.2835394931606, -59.996149766270534, -6.291689986746958, -93.05867776963663, -5.209848240536276, -65.23017134180661, 21.71849574566586, -4.531285055222924, 49.59334115655383, 17.120539955517835, 99.77259091871257, -2.9345704368051395, 21.70593205404016, 78.70968201061673, -58.144309368957735, 15.008098222198448, 114.87329305306332, 59.76739635531637, 52.09732679188342, 19.09081633841556, -78.50534648763455, -118.88419698603425, 96.63627920367462, -58.85259612042655, -32.824219661774215, 84.96727127667823, -26.597528746737904, 31.166448648119058, -43.77887980464163, 99.60229350815158, -232.6845513980535, -54.91770772867626, -92.658900062104, 85.47553539896818, 52.147669874304434, 48.180347902221826, -29.963900513191533, -49.53499833150488, -63.75131389748222, 14.187449621237766, 46.050978622561715, -119.3165946855665, -12.900461823140693, -5.0240496041156515, 61.81259735382853, -19.446975805061733, 32.980097660056046, 86.68667894925895, 43.328482577664474, -19.58643717328142, -21.243733606360987, 4.204401104138907, 54.89368744731131, -63.12915091772778, 110.39356897831921], [70.08455068612196, 25.237063649997058, -78.48018529742696, 44.05442816412505, 145.02762539253646, -36.81573367176948, 39.74866002492688, -34.106640344609424, 113.75677156484954, 38.84303544755984, 55.13076106731527, 29.18400171754294, -41.9207411064665, 29.598585140082786, -1.548949472860008, -88.35802783434796, -15.460625488052973, -61.498808860520334, 710.568357157276, 17.176834264499103, 50.21202142765511, -6.282087789920269, 60.063121704000594, 36.56078959632764, 50.547782520578345, 9.579190304247424, -52.349339355720524, 150.9969747041639, -85.39966685398704, 171.98813760626481, -7.872246987382304, -68.86819438239753, -67.28587328433261, -107.48783185316525, -15.81887926049143, 71.05198229440448, -88.60282424282603, 97.5226865764973, 16.59325985761134, 34.56550159950456, 3.430777456925162, 67.53225374966861, -39.93793199181369, 52.86619190074341, -180.99062034586467, -12.049905600100667, 13.343687685641571, -47.426350578370005, -65.20738176250043, 25.37094765962801, -62.860734479263556, -122.0400960389744, 49.617612308133644, -24.07750886100806, 73.54569996346527, -121.68191825848278, 50.40462596387133, -48.77558006156023, -75.81949631468902, 30.299520552024813, -0.3735402122298314, 113.43547375818422, 144.83722703834306, -140.4869109484553, -135.5913855683188, -32.75789591792754, -24.964864569223998, -53.720357840590175, -108.71066486334381, -55.02050955160016, 11.89154701264852, -55.189744629709374, -91.17442899147912, 86.91342686906127, 83.20235632112754, -53.36997636624667, 47.93087677809274, -54.660967643330274, 25.439621725570763, 22.084075371256052, 75.40229729489522, 23.157843444513418, 27.920809271923286, -66.50154259036736, 77.33560132286702, 107.38050798184675, 96.53699424867757, 42.10373458967187, -105.85646667062662, 53.44812122778645, 5.499631031912102, -9.997500654632358, -2.240277348977659, -33.163037522140854, -21.389632404061157, 71.33103940197037, -136.43633183117086, 56.156409730790756, -123.50907424662729, -74.17362547310046], [52.43477007768179, 118.63734044258923, 84.0171234953797, 21.932199962045576, 24.86620511961165, -75.39675774980385, 43.49003480241466, -92.81825954417279, -56.00784580337495, 60.95111964727388, -24.899657997949554, -63.62588489074573, -5.748094345643179, 92.12828419027946, -6.797241344486232, -13.094056820976437, -115.56772049735024, -125.48335853153019, 17.176834264499103, 703.5443948815615, -77.8317698459656, 83.33575939158837, -22.346002434277235, 28.3094285066395, 17.183091070578772, 23.312273998546196, -84.11287057157476, -26.347509080324542, 54.65863576176002, -31.556803333003145, 14.24394007818254, 92.9560076243104, -94.33300394256335, -50.809123602766306, 51.72805153875811, -19.150306532646614, 39.470275862414674, 21.195612988922363, 130.31836605343105, -232.1462643665775, 14.10488163819584, 11.793323951552736, 8.009906812792021, -84.14247555596894, 123.46248122935044, 5.978147803357099, 101.24839254911275, 4.624974611977516, 94.7584718290491, 17.74048043662449, 135.95127652197272, -102.55531975821732, -15.526741138649864, 12.142742674110636, -4.833409432222001, -66.51213473240203, -87.28428858131086, -75.19051221387681, -83.72792554086598, 50.31716421553326, -26.712802696198743, -56.369074704407225, 122.14984315857063, 9.56889860393758, 8.852700258823676, 4.6803782157110465, -7.643755619868512, 96.54960420014292, 96.22240512999053, -60.17033376673439, 11.349770104747904, 15.609940860172145, 1.6489460606233612, -8.293427468070158, -120.92935043278355, -11.77507322588861, 60.29862159688773, 69.59516931002806, 79.45710605701557, 115.22524819485292, -20.065991987068198, 43.30371593054301, 75.24627238446159, -22.21352889079417, 95.3941767548852, -74.89250284244785, -90.03612060005928, -115.4571881896342, -11.181349164002894, -38.10470827024672, 12.576704455191718, 37.83607614881133, -77.28483919277595, -104.18620024292863, -52.65072708420334, -71.10424007015108, -49.905691068018164, -86.63652841500226, 80.8017090506537, -2.807442278873108], [-27.51671078828975, -4.575085394320384, 36.025696381660026, 52.70262590667885, -53.12527824249757, 27.408673473531326, 126.33179735882788, -56.7277758287684, -35.78722916162354, 72.437029608509, -94.10272516831283, -69.11884368614461, 19.747727274721687, 