{"N": 100, "M": 8, "A": [[[1097.8690734272834, -132.13992863415632, -20.417287163824444, 79.91598362140014, -72.951131788728, -67.5946795379183, -25.599671786154783, 19.329516739801974, -88.14567544996311, -15.704148399698047, -19.89713043785973, 29.322670865272737, -111.33541757211651, 25.242164051485, -29.013933602080883, -43.95430886062748, 22.620348635559818, 216.8213608192691, -16.4074457301839, -19.150948671871713, 42.488584957202754, -29.38625735366669, 99.03074704506379, 148.93942377024993, 160.5768760153865, -143.7915825589532, 4.004755911809747, -19.759214606433215, -107.5176103509929, 105.71243927546637, -134.89752083353687, -62.31254980025942, 3.9161911974479, 19.16384519109501, 19.327470531290604, -2.3725199128825816, 14.379845207915691, 63.05698027456891, -42.09181385892327, -65.97078985444459, 20.482452229274376, 76.92575857826962, -53.32340243557876, 78.71819947693264, 17.490985647364614, -101.82498409499917, -4.6917739344938125, 55.61759077437748, 62.78098604679092, -171.16649421201254, 185.31390885110503, 56.99841632465479, 32.784134251498614, 0.911856574346429, 76.48079645419085, -50.76924221835401, 117.07779317940265, -23.76617963843068, -110.73391268112616, -6.380027749706498, 59.86845088605681, 21.55280453745735, 45.61295269458941, -0.4354216354536624, 32.103029427475875, -57.083729227484525, 121.82717768199846, 22.34000402568911, 113.54139896988144, 55.448205261583496, 48.51893665573448, 41.11155168577063, 145.56394708165075, -56.77639696862161, -44.024478942486766, -39.572510816072004, -14.585879568344405, -93.64451491500373, -9.863004624085727, -23.160900103710848, -22.41614863052655, 9.075246022115586, 16.79331891652961, 107.04258845238188, -52.23172068321068, -21.892217729519782, 18.007574541050957, -112.92754916571205, 73.75710202401808, -28.152367878961275, 35.56548326202521, -110.23166044567436, -17.143928701083894, 85.64136906258773, -111.72669510655098, 155.18907134413251, -83.87532352075137, -1.0544904836355524, -48.55091245022951, -17.107519068498156], [-132.13992863415632, 986.6251417882635, -72.65841186202812, 82.94388194918004, 189.67060407739348, -72.1255550454408, 15.297642491161742, -170.69403167080034, 51.58367499874851, 115.55499211856203, 130.34484877156672, -26.281156122698064, -78.93647170484556, -97.74405210451901, 13.219834314085867, -52.32340583739395, 37.59519581226043, -18.46663936107244, -4.645788017537912, 100.78999495855534, -74.9480599331194, 179.66321225697672, -73.54933396675142, -48.472584854954135, 7.682117668283708, -0.5770522379318784, -75.23433494030087, -21.281341403356574, -35.07574126195256, -20.704342650306, 49.85177481368057, -16.297701057746956, 28.961858544880577, 10.83917036354587, -0.6615772820652687, 137.01420832065656, -118.79235101078683, -95.49165843121273, -24.74492396717006, -29.41927982447552, 101.23484838467473, 14.178933921917956, -68.08608522965919, -96.14613498764851, 10.73694934855018, -161.59117104751036, -43.46609052008858, 69.90759028886264, -30.809320415593056, 129.97282897765442, -98.76088475518414, -134.04197369019087, -209.48888009819325, -4.086148648767196, -27.456287809955278, -107.98927125771516, -59.981982367677915, -25.04168861884266, -4.905283031795804, -80.87595422266209, 11.059281415983682, 134.10442402971984, 131.45993593395767, 39.3159979944067, 25.230854844883414, -35.52604366962415, -178.53213616740481, -22.60865497461886, 15.830948460540304, 7.267160621030588, 158.91691811455138, 201.55908278125605, 10.797024235528633, 30.67631924020955, -41.649398654016984, -23.523526103871625, 8.030082198510186, 61.65212823552415, -78.77593527172841, -71.94864120916179, -102.89086440258642, -57.565038550667865, 26.676522974860596, -65.10786628906013, 3.08902480544519, 157.5578876917406, -140.27053908153712, 33.83045644987133, -6.15022191185948, -39.40275011751502, 62.84463165035667, -63.198884424878926, -8.131003465449792, -119.0709511902659, 50.24660211716966, -47.54337863078631, 14.17226364167935, 25.064196748777462, -43.99412076732795, -0.7117699356448887], [-20.417287163824444, -72.65841186202812, 1041.7372987836254, -120.2671552934227, 75.76564264426794, -117.68467969303065, 0.30979747968985744, 20.188116240522156, 139.07561992295754, 101.44688917321012, -94.89406505334385, -21.287183964617324, 68.36208733228233, -1.1730102530692628, 1.7582016961485534, 123.46848697573176, -69.28240649630214, -207.53891758583003, -134.48091442293304, 3.997165408135962, 51.328648206206864, 34.31911533042589, -13.460027385865233, 41.24562904642558, 75.5986749258461, 32.98191867484534, -80.04320138338298, -112.24632262469831, 37.93191011577405, -62.30106150742762, -52.95299902844861, 16.46447527651182, 26.109499176235037, -64.67162261547513, -57.02672898983446, 195.33830635107398, 45.76746028652335, -29.453718394701912, 71.80839043563311, 5.045443092984229, 104.75696933006004, 0.9668216721328708, -1.144350280439435, -77.36933759842445, -23.023026965208164, 164.18188178218472, -1.8702916741259958, 26.397112861131934, 72.17516924734727, -29.008060783960882, 32.54394552922004, 37.72740173546883, -0.2983288642815474, 54.645957501841316, -10.429297081706942, 92.70271824995693, -124.86530654642434, 88.13882485280645, 3.1820488436117222, -38.57550747521699, 88.38241469921824, -69.86695626525939, 137.18581599030372, 35.59665630559276, 24.006358081860377, -8.63150602730641, 0.49350106465959304, -95.49302871620938, -23.083611700329, 121.24237631175835, -37.10411525470354, -68.93976062795312, -93.3016361731661, -104.99947894363603, -10.807964563938736, 71.9669025951756, -22.257808414018413, -145.2853046879418, -32.49191850141541, 87.23071486020656, 1.1358678162476155, 114.75495194289219, 51.97665203191644, -116.96364474092414, 103.0068996898476, -79.44469188958416, -53.87268262506903, -132.63349549661098, -25.82597876059583, 34.4003708966369, 25.704986715525223, -64.29544808429314, -22.561003869332207, 70.24320160745788, -230.346001557183, 19.29464269260363, 16.880172102609524, 69.97864542406121, 9.349460711336073, -36.907170460497916], [79.91598362140014, 82.94388194918004, -120.2671552934227, 944.70111896392, 38.249398199524954, 51.01025014029859, 138.42283956853655, 75.87096409119165, 31.337197310712966, -18.00974615960569, 19.3790624096788, 122.94443121644584, 39.39773698411758, 4.789076073983322, 54.75918429708572, 106.32025795593151, 29.27894729635576, -117.94950674266501, -43.53733258659712, -1.6134552939963507, -46.28373003514217, 168.93125315647745, 42.771765410504315, -6.51028892238382, -73.21131554625721, 84.98101666673162, 81.81949769954328, 16.447190597675494, -13.519942645613225, 48.460175595394055, 40.025386798740826, 6.127733489902549, 57.07933494901151, 122.75942335339295, 27.329147091821334, 35.95775280060121, 3.0957913473914394, 46.68309706342108, -59.06172090721271, 68.19773304161099, 6.601534899035695, 250.926623513686, -34.348075430754534, -47.558196142604544, -14.561547863197406, 14.37962497226673, 101.85892023807021, -44.08604580274596, 67.18672512110611, -46.83236464998351, -37.43471624964014, -188.64016136710597, -207.71254980199205, -64.05535353902417, -83.00787792028058, 40.40085836088178, 76.8246182623873, 76.0133943213947, -50.58813451614352, -25.797820993197444, 39.44747893819878, 4.535837355284833, 78.91771478955152, 36.586332726911486, 20.972177469952832, 95.84336644852365, -2.818730266386885, 73.00577982296242, 131.85349753248386, -80.07930164212098, 101.49949431331454, 94.49123732892771, -45.068787180673986, -140.43762320577528, -70.34638408234937, -53.26457108711635, 52.62319813801748, -23.08108004238204, 63.43153816744024, -66.61447746067705, 33.4737574840412, -23.32466254903775, 70.89059857301164, -11.980264687818142, 76.23364326342308, -16.592629113848517, 69.7003318584961, -11.332326473938942, 229.47806892347344, -49.81314838675232, -45.31979539865947, 1.5955767722789924, -5.549071767616341, 115.14499432630676, 102.57155278649824, 145.51407963585675, 126.34204453845244, -0.3301284360907629, 118.08332849807, -56.98100875567475], [-72.951131788728, 189.67060407739348, 75.76564264426794, 38.249398199524954, 974.232909786423, 91.61490506196913, -1.7276193590739883, -53.841314900582624, -43.392656943383095, 70.26818340201376, -2.950571983574025, -16.06774815770145, -40.61782714226, 135.40828637478677, -25.58342536048066, 40.76316900624867, -24.54441079200797, 14.425345207007151, 71.20370422124093, 122.57821293970169, 38.63578640122106, -10.044278534095008, -146.6850930850008, 14.108600594454527, 36.755564519750415, 43.99757160823238, 59.93338493916336, -29.625998000575105, -38.36074550939722, -48.73769263386885, 47.11565436757022, -75.53767209339959, 29.329060010168096, -11.10989428087592, -156.3773355332933, -24.75249076066896, -5.227112282828557, -53.76060937853224, 218.75530487676042, -1.2216567719356737, 7.824010225742314, -46.66382288060555, -151.5381483172349, -56.296499814677674, -69.99753875631875, -34.80713425979329, -3.193237070307639, 113.25442630624404, -59.12283901592884, -25.431542115613524, -234.73151450400528, 46.841288986087086, -4.875767908966948, 21.90942193734408, 18.227325022050977, -128.7376442021701, -160.6704764873772, -86.60740403121677, 22.80633321562243, 153.94627179401562, 31.042829920269817, 12.979090680607557, 203.95577119094324, 49.38269342772885, 2.770308027227062, -66.10667124062147, 35.52920101435011, -35.24090319983716, -77.59416694774926, -43.154147090470985, 33.719417874735505, -116.87944026427756, 41.06500173759873, 25.511548510435563, 45.92585791250677, -124.1848313529438, 8.787947518341785, 87.4356081416859, 77.78861004417419, 159.41545076591487, -41.42605322214234, 25.34604528460494, -245.50808851179642, -44.7943705328212, -2.910802050658183, 152.20970904221045, -53.274417145279095, -114.31069672821138, -47.877254514561166, -5.657847461489297, -31.538642352813817, 21.697806867800026, -133.32967702936813, 109.96831714340792, -95.59775398044182, -104.44690844195942, -74.51067857836038, 70.15260114855204, -52.41932156352657, -67.04160785881128], [-67.5946795379183, -72.1255550454408, -117.68467969303065, 51.01025014029859, 91.61490506196913, 982.7996408580252, 70.27300802787072, 116.03440810359909, -102.05988875330723, -7.930488884700751, 88.87600745566981, 135.66725065100485, -61.429181563368644, -25.887871324734267, -123.37394848240098, 124.93225733069143, 26.589999036797906, 59.21738654301653, -4.25432965302444, -136.7091346036993, 96.50161053258408, -116.13313669007516, 98.15794534185478, -36.445596613352215, -94.32464061700226, 48.922508534758585, -160.2664832954937, 51.35464199181817, 0.001612724916110313, -6.12072433597635, -70.9026397129404, 67.64002171279729, 83.83904468025203, 23.484379902621033, 84.61727869870768, -47.22383870951191, -10.363793038111359, 25.634046312560923, -40.45788516489065, 44.87804550050027, 101.19715747291389, -0.71202830465532, 51.79161447675961, -9.377696233516835, -49.31919621977573, -78.07472146104315, 79.25056837331871, -2.3053976217553283, 67.36199728836328, -28.994692331451457, 20.347942311168655, -102.11160584988642, 82.10400659381034, 74.97035050987013, -75.47509676634866, 5.291698540343104, -16.011230162810655, 24.029882386277357, 171.73360002140814, 50.62281863405965, 118.95792650740992, -60.57708237751632, -105.5885706290837, -13.272691658667092, -47.11972404466275, 73.02696393410785, -49.58875980399561, -27.93445969025432, -93.49392380998007, -119.55431928946452, 77.68291419392806, -144.02567405356982, -91.85743965720867, 139.97638637369903, -7.739113885311658, 42.92703152522183, -48.41267326127994, 38.59814259192836, 20.2098552905586, 56.941454760405534, 75.9464052965924, -53.08872350111612, -59.77065744943185, 97.29296543663878, 42.06730730979342, 54.08961125394024, -75.50600091386919, -42.66424367422039, 24.9090038577129, 29.21094158511681, 50.0957653246962, 31.159128258636763, -144.44937355999411, -99.39549610197314, 75.37255040255764, 54.182979703382955, -41.54416223593303, 45.2941524496035, 126.66905991331728, -46.39338888607769], [-25.599671786154783, 15.297642491161742, 0.30979747968985744, 138.42283956853655, -1.7276193590739883, 70.27300802787072, 852.3190517971021, 82.18887565352728, 119.6999581138977, 62.48463469286265, 26.44836399320102, -56.10919662162043, -39.230215107670645, -17.232868112618654, 112.39756000729527, -10.366307400626777, 58.220625121157084, -11.40199150047037, 92.49964749504656, -163.29442324712323, -13.588540683250029, -3.1498330287679446, -99.11547192118027, -25.737450791403127, 94.26199585835572, 14.59583574028202, -125.76874346185122, 26.330523253224225, -40.24154581274894, -73.35911294425163, 119.03079657207682, 45.81146009635935, 29.003409317212487, 179.7473730035464, 36.093957752839806, 11.956064799024908, -55.38719028553922, -69.42439147871337, -81.81364255720217, 102.81383543310865, 144.0973466204713, 26.257925918933065, 24.438809803241526, -102.69984344962546, 8.97801582924416, 10.826076265618966, 56.2183463727908, 63.264936026481614, 127.51539908521336, -139.8589592202761, -132.95600891711211, 87.71641348760414, 56.267246536749035, -62.19825812493964, 17.65645894657387, 29.564117127026947, -108.0231402574818, -34.85343291397173, -59.69442213441729, 66.85526853398514, -33.28125199875318, 42.78639020906732, 39.71913447933075, 2.844239566470098, -13.58314559275873, 115.63194092243225, 4.629145852670448, 10.013509086231986, 1.4748329720696163, -3.0452696398592063, -38.06514125204503, 27.13188338139554, -28.021314755600034, -102.58610424871567, 129.42193621329764, -70.45867555103696, 25.21730626854908, -27.363103998466624, 96.64196038894201, -11.812256654361196, 24.354312276679714, -87.34809422102693, 140.5550815556272, 75.95982734481727, -11.782926400188597, -69.80114298291343, -81.35533723720954, -16.634374140001857, 114.7474562171133, 101.82347545834234, -51.31556383708775, 20.875826126017213, -7.122897586395251, -11.7855807185021, 22.547701426732203, 29.732458375200995, -244.09693916726675, -68.65392461459687, 161.43012707209388, -66.1139687966314], [19.329516739801974, -170.69403167080034, 20.188116240522156, 75.87096409119165, -53.841314900582624, 116.03440810359909, 82.18887565352728, 927.4871693618188, -27.579014197518877, -191.5508596996529, 57.51234065609196, 24.427854374194588, -100.59413432144281, 81.5015936738285, 9.98615437921516, 20.788690753906252, -15.522810839752829, 94.5037727860213, 66.7367225689511, -49.70787648403805, -9.476103302652067, -82.49425734820532, 139.51134615963446, 5.0826654834317395, -89.69665309386656, -52.39570444121579, -26.55778471570627, 106.82828451198033, 31.149579270201688, 149.3049444319566, -66.7856923241754, -72.4400674985807, 25.187187876967705, 134.85161721098748, 103.95706228999398, -62.9149585633476, 65.32084176335343, -22.63010701210352, -106.13348768248655, -137.65962067828087, -34.38223275532748, 78.51605599602395, -45.438359239559965, -62.28084977032741, 138.42028911181646, -52.41260537430483, -91.8588529199736, 70.62593470825318, 145.48586771086397, -6.573913874262556, -58.279465156583214, 61.02496542648561, 43.00230328529782, 114.73201335829543, -17.045432148325762, -38.81438911477835, 46.69014434919288, -74.31457646715045, 18.826681816901143, -93.6543772865574, 112.32926089033246, 8.524623662461446, 18.70931957957181, 5.552360091252662, -46.86580375908581, -45.27628586432381, 5.611645927524599, -48.586182640117414, 32.6997183914683, 21.435754499562947, -97.56620245278873, -81.30288478848443, -66.85497044528928, 194.09560754983875, -78.24804420617392, -10.143071857857759, -51.3772660342211, -34.70985291926418, 73.66028350160526, 103.91611640218652, 114.98121468990335, -80.65967646961704, -4.575238661063261, -60.52274503737996, 34.57192447589215, -4.045178311928166, -88.5665196470552, 7.775580556039691, 11.382685992132973, 204.34971743954083, -8.207097952201776, -57.58335932589113, -242.42591155924703, 7.745046627524001, -79.18818263861142, -54.77344519490638, 140.7751551640572, 0.6631175962104267, 153.12140561498185, -26.5999611066854], [-88.14567544996311, 51.58367499874851, 139.07561992295754, 31.337197310712966, -43.392656943383095, -102.05988875330723, 119.6999581138977, -27.579014197518877, 1029.9962078430594, -17.324443551422668, -159.7529249634118, -74.68728478972507, -54.805900962033036, 151.83693600096612, -141.69231497741612, -17.241549900828076, 24.08639494123507, -83.09229395010475, -24.313802005566014, -33.574149939179854, -120.55151865009792, 30.792171828778162, -18.847678519099855, -16.22713307501283, -82.44643922595657, -127.6388964628883, -121.6914122801521, 188.65885267259947, -39.377182723689494, 53.08515265535857, -158.4923202134063, -7.8410913909083835, 42.025278953543264, -94.21409203901676, -33.409598012317474, 62.650152806355564, 75.29502687718171, 57.734356499482, -170.65674591149286, 47.34492163647788, -106.86715820640171, 112.06826603808946, 9.923407705295785, -19.58619698147265, 7.4447688274050074, 91.56421522813602, -23.015684677239324, -5.211942556729059, -17.078638818089452, -49.659003886390735, -96.32555556875484, 10.060155245468456, 70.63571976449374, -156.28494304883802, -84.18809333424197, -59.348830508167175, 81.04071866014668, 17.48488951205027, 84.08113511043109, -19.74390822346087, -124.07025119807929, 86.45723015477968, 106.09632771911082, 61.39488543983812, -43.46447645760934, -90.04590372262548, -219.2827082904382, 87.08226258392287, 37.409474215306915, 48.51846388399831, 102.17613329186968, -58.0009121135134, -82.65332775048519, -123.88051795518354, 24.244075154425396, 16.17025700290733, 3.909767009536174, -129.37987823191978, -67.70767642830282, -53.49493264249546, 100.50806860969557, 75.7623358410153, 24.172342149670033, -167.98339150615084, 76.7690764036297, -16.098297345770227, -39.53473922788199, 57.08698786581858, -28.199783801641306, 7.505885870573096, -14.511570340147129, 18.61276256661066, -151.3815858687076, -14.43438311901426, -113.2857744233382, -47.76161569018263, 20.024827779518972, -29.17401200118957, 134.24903634442782, -0.7040922291615819], [-15.704148399698047, 115.55499211856203, 101.44688917321012, -18.00974615960569, 70.26818340201376, -7.930488884700751, 62.48463469286265, -191.5508596996529, -17.324443551422668, 1025.2006878129923, -5.271040300472322, -82.36184309819521, 99.9000565767003, 12.9909234259197, -30.819841483298315, -34.86258474223097, 47.18127975922732, -3.0346239085689555, -103.40048630228327, -74.63243101966243, -150.45580055487252, 36.333913644375095, -146.3408192658263, 102.96967774260543, 0.8395333881094043, 65.33745349749657, -32.91303059898797, 102.21390020912479, -124.10923192562099, 18.20905819512193, -20.826426169853566, 59.079086044879325, 75.51834925008212, -30.86694973850307, -124.3130966957613, -85.8920426446793, -12.517839669984255, -17.064082371728045, -2.474676045734624, 49.841462433485844, 87.24539567946829, 61.32677742272095, 42.218735366164175, -30.630829864349113, 207.86352154260476, 35.61903579280576, -17.425105862171744, 37.785420521102296, -94.69667535162236, 182.2822625583983, -152.57659627499464, -158.11186688145116, 17.932572119614154, 39.18252682851947, 2.4208828312243877, -96.07555683483007, 105.9901542045087, -114.18126380033635, -52.80890108482227, 61.188249092663355, 33.4410049705006, -22.118737449631087, 14.911335885534065, 28.77864990968914, 23.233462240741495, 121.68151409668805, 18.337533724024112, 59.84674191246694, -78.99623294470521, 49.42786997489615, -63.350254050585626, -118.37335270078916, 124.49519879446699, 13.133560570412671, 42.579371930783175, 161.88774121581545, 50.6207207517247, 47.147210171431524, -79.56182900992535, -167.58908683253983, 59.71466395625027, 32.54382486252206, -27.90080310430692, 13.454216141914435, 29.015908394499153, -19.97363235539215, 106.87159560205772, -5.119204034013191, 60.48012071263123, 60.452884150880884, 3.6437846417149995, 174.37464082703826, -109.23625062586318, 160.48420701095264, 80.33856592264662, 16.614421677014768, -65.51225772501729, 16.456612112757337, -33.83236766179509, -63.921739216488405], [-19.89713043785973, 130.34484877156672, -94.89406505334385, 19.3790624096788, -2.950571983574025, 88.87600745566981, 26.44836399320102, 57.51234065609196, -159.7529249634118, -5.271040300472322, 854.3598993186941, 7.2241430952969505, -29.296569641788984, -39.7779659249937, 182.00099026733042, 20.64153142745399, 64.37572517611889, 64.44171121889262, 64.00306265964015, -22.457713754044104, 39.047765095066836, 29.031070815341774, 84.79471781259905, 9.634601706853363, 28.66510075523073, 75.73024789716663, -53.62118195608393, 17.759706981946373, -111.62623165051386, 150.58334051678546, 21.941997772691217, 2.2224050323794615, 132.56156403368726, -146.04469181363996, 65.00227277565207, -18.31528532481292, -159.76707949970756, -70.42438287953739, -33.34096209221225, 72.76424308934418, 57.42497027187926, -95.39329832263385, -38.14612802836467, -56.460335085578436, -8.925129364454577, 8.54210653390722, 71.78693479567418, 35.973907902543715, -150.8031597557783, -17.37103422080491, 49.331620687128584, 104.01211575779757, -16.85869487093216, 60.88323811499575, 42.642835042907045, 68.06495057553681, 10.16794530408636, -63.22734752527824, 29.579941485693368, -228.2035913751801, -80.7569799038142, 15.347388359080549, -19.55628213372012, -27.7410586365129, -7.359857461627315, 25.81848247007433, -90.50083347418986, 127.9532456706115, 57.7928388940013, -8.33813257947741, 26.17453882724668, 68.13567245123623, 24.169747174322787, 24.730424492486048, 116.22672521334995, -46.76315715149781, 124.2898651246051, 153.90051064545943, -86.10055162094636, 78.8020033647068, -45.709289919842334, -110.51810650000846, 149.6471339820788, -4.694577471022205, 24.215052275501424, 19.110918622128214, -44.53265536105369, -10.056417239014056, -126.2508949174922, -24.53994646467966, 53.289397575479704, 21.10783875079795, 30.120783953627868, 7.159175049544993, 33.2649061114436, 199.70862667973924, 66.59067131155807, -20.486743689054833, 90.3610872201864, -172.5193031618962], [29.322670865272737, -26.281156122698064, -21.287183964617324, 122.94443121644584, -16.06774815770145, 135.66725065100485, -56.10919662162043, 24.427854374194588, -74.68728478972507, -82.36184309819521, 7.2241430952969505, 988.7110591254102, -149.0801582650015, 164.25934229972285, -38.57076661621227, 19.57451233076657, 41.59832358607182, 78.37179621287, -148.12714044146125, -154.33399555215402, 92.68459473405927, 141.29310702224745, 51.08113266411967, 34.16380382066358, 0.5904591366572856, 162.2501202233362, -32.42964441006076, -16.414466238289005, -144.72281293146708, -87.83334777346441, 33.056758655863774, -18.936551016038855, 100.82801528317019, -17.44166870289, -34.4891218474576, 16.452859716303347, 25.46976164311709, 22.562547139863703, -24.109473553975622, 130.58303708661967, -108.87111914710317, 33.66894492797465, -124.98818541865782, 20.878356488205785, 17.405468255798723, 9.84818469858352, -34.09039606772095, 65.6029351135905, 35.28882976088425, 58.64258081018217, 81.18228975603016, 12.637376781168852, 144.71680074958581, -95.68573418080736, -2.053755610905616, 108.56183535714136, 103.0215473370707, 25.939493476110286, -40.52267088602239, -25.3304368711214, -206.0134680221674, -129.55557057748203, 32.84892713977814, 129.39104743145424, -141.74223684201587, -24.22507185732285, -11.869529668701391, -7.266670639341263, -44.715030622013266, -66.90323512783536, 47.1866845736152, -127.62651224305581, 4.22308014717345, 119.99445776901433, 100.72481467916859, 71.58156137337073, -24.323408799304772, 117.57075483502278, -58.65754086553102, -31.076037868716355, -30.253087019385728, 25.864013375807748, 81.3890607324786, -26.314670744911506, -91.87941930133012, 37.290136819029236, -164.7501487501829, -87.26347782912805, 33.99911016865767, -67.67110080033797, -12.56938559559321, -81.91338721658447, 109.0971555006582, -151.5313423413605, -70.72981418239043, 38.4465847060377, 8.150560242881765, 35.373946559039325, -48.32891648743252, 7.434605478908531], [-111.33541757211651, -78.93647170484556, 68.36208733228233, 39.39773698411758, -40.61782714226, -61.429181563368644, -39.230215107670645, -100.59413432144281, -54.805900962033036, 99.9000565767003, -29.296569641788984, -149.0801582650015, 1003.3129944288354, -25.09966256646112, 10.582505268059123, 168.9306462310902, 67.58223859125556, -109.37655037722605, -56.775201000372064, 134.00727154921222, -85.19836101655365, 65.85583179946441, 139.56281755889617, -23.473529974501318, 15.40113437995467, 75.24230552290055, -57.264035648382375, -0.23050249820442625, 154.3205580936773, -77.15525141653103, -75.54124999618759, 10.717253016188382, -20.581466637989745, -57.12371071224195, -51.01832746929037, 26.531176320130072, 87.40948407385918, 1.2230376055390082, 27.181418263412887, 36.84642150288183, 144.58254472832508, 62.55596819105073, -73.55420640745284, 101.53216142252306, 53.03108105737075, 128.0873291637454, 13.485480334056108, -19.487446892065623, 42.41675356056207, -72.59521576720522, -48.184562577136674, -42.46652534771424, -57.40928383774618, -23.229477062205046, 176.81993931309808, -98.67096408217078, -123.65121728432179, -114.11690193636, -122.16126343991733, 31.690259597018873, 105.20709838752798, 14.321528318584429, -28.5558933760649, -28.59195166244975, 51.0482375532613, 159.06316825880546, 183.76308803116106, 24.088984582529196, -67.93650763626431, 25.281986983055063, 154.83210599314936, 22.74712326856331, -152.32496635192288, -35.37553983185112, 27.59232381620184, 53.749421098919655, -116.48626213578461, -185.97826775313567, 60.393282467708836, 78.61236672412842, -8.960791469455051, 28.368518808187307, 17.172742269062972, 209.21972837465705, 23.95656708752759, -58.52548245935136, 104.40387766870981, 45.3909165986088, -75.36640616829102, 20.29275229333331, -32.13809068685363, 75.22632964091736, -26.98380499136936, 55.28976613056031, 65.96127221326412, 85.67626313041586, -28.584758861929433, -124.0964947659, -213.5491900703306, -17.476030109516344], [25.242164051485, -97.74405210451901, -1.1730102530692628, 4.789076073983322, 135.40828637478677, -25.887871324734267, -17.232868112618654, 81.5015936738285, 151.83693600096612, 12.9909234259197, -39.7779659249937, 164.25934229972285, -25.09966256646112, 1118.2310635604608, -134.85345323288794, -80.70416363744152, 36.39731390017258, 68.93991181999381, 74.80046922639015, -38.36128062465599, -33.81306893061425, -21.400893018953337, -56.59972863089085, -63.34177068280511, 73.52307484076924, 79.9886320289965, -43.0413566374014, -16.197316733432913, -15.735416138813001, 31.248421270057488, -128.81971840301983, 55.27602040343063, 17.2200925004519, 18.50264029790253, -88.8911660651316, 153.3494420261186, -3.2556898181919056, 94.39295325058839, 27.78555054133053, 47.662994313647445, 4.505557979300544, 145.5373878798859, 22.51732117792912, 179.20114579792045, -117.5149747907089, -128.54122086682716, -107.13494376389475, 39.44891613826416, 79.63460107858718, -105.371739672746, -55.99075835193605, 122.9723187181617, 12.535510291207988, 46.04049844870636, 117.67131823856575, 44.609529438198294, -43.59495376603796, 39.273573381135655, -78.82703122505016, 23.896045711319662, -143.60793890790825, -153.21873517980723, 100.95711754558698, 33.695593493185676, -153.4089874278758, 29.225958504367295, 76.2694944686828, 28.56719700186052, -27.202460078332898, -56.93910160739435, -58.56435428778106, -90.85036874175027, -56.77468366065182, -14.87166315319312, 35.89486515457183, 2.5892754226720185, -162.82707751016056, -48.52028778674424, 12.076741576831706, -57.93744999927419, 3.989479764550479, -53.0075955077609, 8.791757629925412, -74.88167420857668, 5.218787982813137, -14.314072050074284, 144.7025963469391, -38.20540575146514, -114.88412084030165, -226.53186093012425, -38.77920736799028, 82.76141402894885, -102.13063373358466, -39.8701939589286, -10.687898086738716, -203.21609437286784, -3.609172666350263, -55.17571244324045, 151.6197318480164, 31.816882494377598], [-29.013933602080883, 13.219834314085867, 1.7582016961485534, 54.75918429708572, -25.58342536048066, -123.37394848240098, 112.39756000729527, 9.98615437921516, -141.69231497741612, -30.819841483298315, 182.00099026733042, -38.57076661621227, 10.582505268059123, -134.85345323288794, 743.8795472778893, 41.90113608179962, 85.75957801416466, -124.81472341455672, -47.1471358736002, -36.43337964763443, -4.600697463980081, 15.854004919812043, -30.781083223617863, -54.12229765068921, -0.4229920191582807, -16.783243764215907, 51.96813302289362, -93.36772433342279, -32.58743984674285, 50.752103877634, 105.98951940595622, -128.38895231994766, 64.59680754009133, 13.083099596423027, 30.667906010633974, -55.74921974155361, 14.829683152433375, -9.562513166429927, -0.9299073221218878, 54.816221822212256, 53.07017758091182, -34.5700014977717, 10.989601027790927, -143.15691395324035, 45.84505669155282, 97.60784729423703, -1.8428601892215837, 13.436316859329162, 50.93509891326999, -82.97054168336264, 114.87613591226201, 123.70284882111518, -45.84325313922422, 154.50836960563382, -43.48326730792979, 34.86030282575301, 132.0331395893166, 4.361112253155267, 31.478850503465434, -51.62510018434682, 48.036080452777185, -23.222042789171198, 47.4724106254422, -57.214108495156246, -17.55417705610941, 32.57341293059013, 92.58941700827367, 104.4287001493492, -3.054527540906421, 69.77670703338826, -137.0793963643074, -9.28529362173132, 77.21185843984674, 65.21547238136131, 107.20470390847211, -148.26631291683734, 117.39772693407913, 45.863971316378226, 22.031385544320713, 172.66963587498165, -72.31580216429849, -114.99858017118046, -27.15327037125412, 120.0077603147821, 33.86069229165921, -65.6142280821322, -85.57255165644602, -10.362836389581041, -125.4697611006616, -18.265159218692492, -119.11373502136831, 46.80707144375111, 39.862227195953466, -26.499441161272006, 86.23953565130888, 37.03470208759975, 13.624301255618363, 29.416605109121306, -22.673758710811786, 5.658619468776493], [-43.95430886062748, -52.32340583739395, 123.46848697573176, 106.32025795593151, 40.76316900624867, 124.93225733069143, -10.366307400626777, 20.788690753906252, -17.241549900828076, -34.86258474223097, 20.64153142745399, 19.57451233076657, 168.9306462310902, -80.70416363744152, 41.90113608179962, 809.6940606878296, -22.42313921568005, -21.42634172671383, -18.355050427077657, 104.0662980176352, -32.06661007265905, -4.117430805278276, 73.50072536700887, 6.523282842196646, 16.68654273981693, 38.010680768567106, 92.725533033974, -32.43463978360422, 86.45835281594306, 48.5059323676461, 30.238033555452795, -37.25194642963081, -21.58315635068675, 92.2045801493984, 19.035759329644907, -31.92281412788542, -109.5625429754484, 32.53983881938582, -150.51204943759208, 13.381832905803027, 68.80816907749845, 69.6288520237476, 30.802825055509405, -37.06221951274004, 129.6953418437684, 66.54425013212712, -46.8627228769772, -139.7055491226076, 102.17395233909127, 82.3779968648425, 39.762067584309506, 3.4141229909652755, -29.08357880832239, -17.114621414795778, 2.373715319109919, 102.25512955131867, -51.33857310076321, -86.61492649747906, -38.61802503237554, -1.7294378451453507, 126.12046515695283, -80.56161681687051, -30.655372067844993, -81.32643613525597, -66.610642500192, -2.9072107271912997, 73.64204244814492, 103.71328038728431, -83.33940234206038, 37.59542797028397, 66.52245706797366, -76.83842319787286, -9.357436242668932, -77.25186530258736, 108.36193929459962, -21.061017150576273, 53.8565201129765, -26.418195076137867, 46.40586774730881, 78.24071495400307, 21.52568976790974, -148.11087392088194, -97.29726057824143, -165.66267203713937, -11.539429742321712, -107.59908996738231, 25.280064760323267, -101.28372162659858, -43.000359161104896, -54.41844588106451, -66.6934115542647, -118.05918691072196, -39.22817314095802, -47.14680452794705, 28.52369094293748, 105.88667389312874, 34.2248305281285, 23.671728179986225, -38.451374514473166, 157.02193097040194], [22.620348635559818, 37.59519581226043, -69.28240649630214, 29.27894729635576, -24.54441079200797, 26.589999036797906, 58.220625121157084, -15.522810839752829, 24.08639494123507, 47.18127975922732, 64.37572517611889, 41.59832358607182, 67.58223859125556, 36.39731390017258, 85.75957801416466, -22.42313921568005, 643.0976951003804, -25.0659323261808, 11.15469713819899, -76.01125754551727, -96.1857216799993, 91.5576414686177, 3.227660333363853, -135.06108236658147, 8.795728294392001, 66.10902776942847, 132.8925699316216, 72.35396082305057, -97.26497584725006, -7.024887367085069, 80.12230075781493, -55.6898337370059, 77.55252425866686, 23.65596012678254, -64.90553598413084, -91.54889581503471, 100.71308096300181, -129.76072434405071, 14.352217537020389, -24.62616598279188, -130.74155958925726, 97.06123067483588, -18.25036672363011, -27.064941494607098, 109.48373584528113, -47.09603495458439, 74.46376790957113, -75.6458150493362, -10.056206390154633, 34.35617347177316, -45.66906193169431, 26.712509910903197, -3.9354496985716296, -27.980497484958054, -13.798124242845846, 73.01097119283843, -51.717799654485816, -3.7812772344334036, -44.33319822932431, 41.35977615508736, -0.3870531748689445, 20.898874742829463, 3.5080645273812148, -1.5114049475041553, 54.97719443839723, -27.40869036165751, -45.135013716658506, 91.71143762188957, -57.106146694427096, 8.70124026549214, 52.80984025543317, 77.54187681172118, 15.647179008791982, -6.426051171386034, -50.47574847231734, -54.70107842011161, -73.08066095749182, 19.279270089699033, -10.487738800379274, 132.25716998460078, 62.84395726176933, -51.86079641515489, -23.52417115088505, 30.722613809876716, 34.9016886864347, 40.83813904072847, 46.97620247646134, -38.41080421662356, 8.223805041992277, -87.52470518247515, -28.083477634173693, 103.30569157682243, -69.07492625261574, 19.084149020538174, 41.5247411898404, 8.376212142807244, 154.75681581751158, -5.038728144543301, -25.467451568484, -57.57875022215737], [216.8213608192691, -18.46663936107244, -207.53891758583003, -117.94950674266501, 14.425345207007151, 59.21738654301653, -11.40199150047037, 94.5037727860213, -83.09229395010475, -3.0346239085689555, 64.44171121889262, 78.37179621287, -109.37655037722605, 68.93991181999381, -124.81472341455672, -21.42634172671383, -25.0659323261808, 944.395140845489, 60.92642755769412, 63.56590014425984, 4.02175721055099, -72.49892254299375, 8.826403351987189, 55.54701837182169, 18.97254993719459, 22.123567571885523, 104.61567263150145, 45.83131815100802, -39.851893672600625, -82.97404870276476, 0.047767537689179726, -40.884765336062316, 36.80439796799311, 19.568950203647432, 42.22783179609633, -77.32940828432264, -64.03374074209422, 34.53755742850601, -59.173063767469, 100.54302714870124, -226.08014519628793, 108.06654880570788, -12.116642288244519, 76.57295787014428, -41.75534714410865, 10.292280129028356, 197.19195452365685, 80.07342396698023, 98.78282034413009, -3.1274677387559118, -38.676536994559214, -31.321960722156465, 133.76021378671192, -98.91273111634624, -126.8880090206653, -87.54692816920483, -43.421169594437714, -126.87634080735171, 37.52544615238296, 87.2542602160746, 37.31355476661775, -72.14887122080984, -59.27387473656332, -82.54250529074953, 60.213842614326396, -88.49605637080832, -3.4204598114393043, -36.51313372436481, -43.896092822424514, 156.36472623069585, 58.1013064107559, 6.420065058182083, -115.68690567593555, -0.19937079937108462, 75.90619061068895, -84.5668273971892, -31.445058465280546, -9.034866132347124, -63.77940833353885, 56.58477243056474, -113.01751391369004, 16.505646351157544, -35.25692423967178, 70.08704814540779, 84.28793835374974, 42.92332344034217, 4.9130069852964136, -15.346140022248871, 55.51955375069128, -56.666651454301515, -65.45936101313463, 65.39322355211115, -20.712613412469754, 19.72126890638261, -83.76904737234382, -175.18605069482803, -58.20667400671993, 12.401025392561715, -19.63825346137817, 71.47295079658512], [-16.4074457301839, -4.645788017537912, -134.48091442293304, -43.53733258659712, 71.20370422124093, -4.25432965302444, 92.49964749504656, 66.7367225689511, -24.313802005566014, -103.40048630228327, 64.00306265964015, -148.12714044146125, -56.775201000372064, 74.80046922639015, -47.1471358736002, -18.355050427077657, 11.15469713819899, 60.92642755769412, 891.8281960107428, -7.336618049107835, -96.44213611214809, 103.7346753714129, -93.5850006871019, 79.79953666079751, 68.7229808388266, 7.724938673242129, -32.38118165671417, 119.81974105122198, -77.13617333369469, 24.35800459675942, 26.627874424604034, 74.62411275669719, 14.893088439462035, -59.832853577478815, -128.63437982603867, -36.86813661489695, -21.535073379677826, 133.31294167033292, -46.669375426283764, 209.59772378186662, -91.23859394937818, -47.48348286448659, -9.547737642997461, -14.320842124507413, -106.3074797380905, -126.04805727959982, -44.83048318200373, 86.80070949902702, -24.805028397145797, 3.8256195711291165, -66.96640444235884, 109.3021474666678, -114.22778149974495, 30.56331300493168, -29.20129544935901, 16.085427034918943, 46.48624803929766, 52.12338468624077, -128.51702350897222, 128.91366059210668, -103.57697119690653, 166.9076657294959, 1.4512595062593239, -108.03601799640911, 3.8506270315084272, -43.9760846612049, -4.475928307185818, -35.76458749236908, 24.77003931744429, -29.802694571350198, 47.1046133236571, 37.926020904816475, -36.93820903088258, -121.25697689832249, -79.02144907740498, -73.48022017723102, -88.54713283861365, -128.86169884994612, -0.5290360577032779, 48.00249332698655, 46.34954365092029, -49.235534835414555, 64.24339639191592, 161.30341406472485, 5.499195537836715, -30.1954100063408, -19.63117432198117, -55.5367305856706, 36.466184381228054, -36.815468403384905, 207.44055290295836, 86.0385296326582, 17.205226359461737, 58.29814092469504, 59.53097176250133, -25.392872086984344, -4.972776743415551, -45.25851118453719, 10.007392739545885, -21.61896313535182], [-19.150948671871713, 100.78999495855534, 3.997165408135962, -1.6134552939963507, 122.57821293970169, -136.7091346036993, -163.29442324712323, -49.70787648403805, -33.574149939179854, -74.63243101966243, -22.457713754044104, -154.33399555215402, 134.00727154921222, -38.36128062465599, -36.43337964763443, 104.0662980176352, -76.01125754551727, 63.56590014425984, -7.336618049107835, 763.4177608228023, -76.10389891619549, -9.269439605936485, -5.05113538932858, 53.8541953553047, 43.71581999011044, 66.7922041833895, 19.235033554632423, -46.653918629970995, -15.070541502343648, -52.21354026525897, -43.70489797184521, -38.441478029053926, -138.8521092926409, -34.08246414255217, 36.95162679777651, 91.91087314800654, 169.4715657795992, -31.411648285109752, 119.93339071776714, -56.09008129400399, -79.8987014236737, -126.10124177169973, -24.405511511406925, -65.5790080710547, 48.08652385785011, -79.33248823759924, 108.4258288467511, 6.978608700716223, 42.98166593120303, 119.22680052573268, 132.34473189360915, -148.12905987516496, 16.861354226035605, 34.78511968011885, 3.799437525935408, -54.335770266322, -65.20769235413859, -2.4548821179096385, 36.38855478214275, -65.18579642545014, -69.26456448626885, -5.121325773209906, 22.872103065243017, 37.227582600049004, 53.821311456344056, -67.66705056272181, -48.284858522376155, 67.18187419579831, 37.35073294416334, 21.510955478835292, -13.349861340208411, 109.67915540341869, -24.346052306150582, -95.09822402083635, 33.23555880946976, -55.49993166052087, -79.44590667168717, -14.965409669704043, 73.9333425856144, 55.45280673214136, 36.46292991591753, -86.1203501302944, -73.2126446417437, -17.266096790473604, 10.431745989688467, 47.20638242421347, -18.531266441808665, 3.9289860286694447, -73.10716540521334, -56.820205402943294, -84.00804075788672, -54.943622862086755, 33.36186477149418, 145.70561954712062, -97.29709486100346, 31.125220658186304, 46.48669546843522, 35.545724073198855, 135.33469212990553, 3.21058338322299], [42.488584957202754, -74.9480599331194, 51.328648206206864, -46.28373003514217, 38.63578640122106, 96.50161053258408, -13.588540683250029, -9.476103302652067, -120.55151865009792, -150.45580055487252, 39.047765095066836, 92.68459473405927, -85.19836101655365, -33.81306893061425, -4.