{"N": 100, "M": 5, "A": [[[718.3332830411017, 53.576898381242444, 52.72359395257802, 22.335253176234616, 7.042852764609468, 72.27727380680267, -73.56059013050721, 70.07770224215687, -113.53953417794722, 48.72640148501681, 26.160514710720864, 93.56089709898205, 139.21548737575145, 41.19765354844527, -42.99705626915368, 79.43188883859669, 86.55748090248528, -94.49461806027533, 14.623950449527644, 22.70175255449349, -8.670233450950917, 27.568063544472135, 2.5895490547743734, 56.8565765719053, 54.93429869027905, -111.50813682442151, -62.947497321633655, 8.315875717476557, -48.122236878786694, 9.27593113411682, -91.61762211912666, -6.2698467612068, -103.16817622154764, -115.77276336752134, -28.92848980562643, -8.695489947462125, 17.857246427749423, -96.26375182510034, -14.433492868291934, 91.54998928313604, -43.46892894519366, -12.57738074332196, 72.20467288142747, 26.76346560949881, 78.39438850808845, -33.934683281515625, -82.73449518463022, 31.302849519106033, 44.04459139497582, 7.6258556603426095, -90.51031504354904, -2.8908577181496358, 24.200330665536814, -35.65738351043824, 36.06174208594618, -27.974041394651508, 148.26534818943918, 75.47165408137242, 63.343659910319154, -11.980162016591654, -5.245255093928659, -76.05178554792703, -12.979113379472155, -122.69927160633988, -110.39917994066391, 39.31682350287656, 49.72279418148463, -61.23215858429678, 16.786754207260014, -57.294146374019476, -19.828896838446468, 28.74947511620905, 77.44710850650146, -17.37372105467894, 40.631699078471506, 23.932271334001445, -10.296567832406094, -58.532315996262774, -24.458164907134357, -35.674343427972175, 148.95457895718846, -210.8488827173399, 64.53955529147868, -50.73479046353406, 41.30748162100023, 7.458824341749062, 18.51079847915529, 118.52092854740509, 44.7937791799652, 121.99989045318475, 85.10820530910918, -38.448425333487315, 22.47883760045831, -57.55481222972492, -75.12641046075886, -77.6923530210226, 43.05772813500209, 40.6449339503006, 45.05483841006166, -68.32713129263905], [53.576898381242444, 608.6815771874226, 92.69163329275291, 2.253143418168005, 94.96299066780115, -6.52284624092833, -74.89283627885298, 35.21795419635718, 14.589278546070945, -3.985776821459671, -50.37475057752114, -61.242268146521134, -0.7853270978409924, -48.17262801008187, -8.381958324250704, 14.816410845724013, 53.849709820676686, 39.629216138407045, 37.52499147441777, 50.010405593766976, 19.671567896598795, 69.2116451167087, -32.8301956762584, 27.48886488894187, -106.78799354990554, -18.677762141917523, 28.659300730912342, 70.78090593439194, 136.37493563284045, 68.18859637737069, 63.37183346341807, -89.40671548745514, -15.356662168760534, 5.646752416066021, 33.16809728837086, 68.23919796337384, -101.36288747834061, 12.142817785134872, 77.20378473618179, -12.227257197845006, -13.464960864988495, 63.25429282062236, 8.760284568308649, 49.85787720372452, 33.58063161092211, -121.20283831775727, -22.672905098260852, -77.32900789932177, -17.395485998151628, -18.99427558250409, 12.526075707144564, -68.4296344845571, 90.51976759133122, -191.67363938998903, -54.68937251395171, -49.17467775425693, 106.16692800372492, -33.16743324050148, 83.61006103541442, -135.99651471157873, 63.474723325196, 46.09781048184626, 82.12085259483479, 9.025378036045092, -59.65276695150027, -47.11320321363866, -46.286688663167155, -10.482735406357698, 37.712424577573124, 8.914662819561542, 49.63258904791881, 13.623334658902333, -44.4424155727532, 59.50246517482845, -61.3075727699265, 80.5655280024095, 119.69655378459574, 47.409192344676335, -79.37212420301137, 53.00173906492283, -44.54716044722648, -40.28396142670022, -42.25494048212322, 87.67413044272226, -127.30741852128105, 7.266316117295074, -16.2896649759742, 5.969027075109971, -57.700269456951915, 113.2023923391214, 76.12680464459194, -95.22150602005351, -20.65896791056402, 45.609162304159646, -13.999977067621625, 94.6157160405951, -26.90077998999623, -16.50628896235778, -20.901148918505164, -16.197093352890644], [52.72359395257802, 92.69163329275291, 722.2726133127842, -24.07426446919986, 28.75224530156043, 18.545650094178544, -92.3708339030417, 27.239654468603373, -16.248279450795216, -10.646821383510094, -38.56165356649769, 52.05029155140571, -43.08511149434864, 42.67350882787569, -34.9488957487776, 16.90006217005606, 15.25973231435167, 39.42527966086687, -49.62762002266203, -70.73835750951288, -2.2979451452835713, -44.935992832297984, -24.530357986562183, 46.960681312801924, 70.12814291516868, -10.781926173317565, 95.07929276409476, -55.82370785276238, -118.18818921378913, -61.72781743678733, 7.1852713762945015, 45.068670389547265, 19.777204177299154, 15.986139183855656, -58.36017195473205, -2.1532696153833903, -109.85357410037602, -57.205354966916836, 18.064354371132044, -47.05793894619915, -51.2575702112551, 61.44419684154973, 130.74242612191026, -64.89962239721136, 88.33079334676451, 46.87973835981869, -22.937945330551905, 106.90493215731267, -45.433805566628784, -47.4790478218878, 45.159143816148955, -48.34339435210377, 5.414137954746511, -37.49147069429949, -71.42757750037788, -95.0186315452136, 49.28766293566175, 113.73451864129306, 8.329521137407019, 126.07672955233534, -36.11503733523305, 41.519754774989764, -4.830158318866253, 62.60115491158116, -86.38043163397347, 44.75659280678161, -7.239381357892886, 48.84112741860269, 76.06308158038442, -8.304548107880363, -13.882488156456255, 61.19598832088414, -83.23569507790873, 78.88895573822187, 9.780272631396352, 49.09909240125302, -50.90592195487628, 30.076939673059428, 18.68185286297585, 32.321455067650106, 85.94762878541803, 4.79496185083008, 84.37897294802724, -6.742262270050106, -152.28774846982338, 49.49018633608646, -4.382877671977055, 112.33000995254412, -98.15743045379182, 52.475819410452765, 54.812991035853216, -131.7207099594369, 73.71772413002573, -106.00214415834948, -112.7214510259699, 52.258231029647, 97.35935004357707, -27.443957191168664, 31.37485552122035, 55.61785307453469], [22.335253176234616, 2.253143418168005, -24.07426446919986, 865.1644708021142, -16.30613277493188, -172.76751970541594, -44.46567324511662, 31.97267275831559, 110.47608600079462, -1.5734264351196494, 40.34441527962865, -2.6396039762722556, 65.95598404557826, 71.77014825196932, -92.71268416598548, -82.1041677523738, 173.8362440977475, 7.431259445202738, 4.977381622304622, 56.78788048529723, -74.93935071720026, -202.627030587743, -47.88009213637153, -9.002899793882571, -0.7442643384459099, -155.90175249990997, 58.01388715884297, -137.33620587742402, -54.3209927147543, 177.42854872550797, -79.28412415764664, -60.841147970926606, -45.67127001536936, -128.11983837942697, -6.097263281478915, 2.641759270309385, 67.87935931891681, -20.038933104802247, 27.281753449579277, -38.38091929354431, -3.389996584392308, -51.908904211731716, 120.92115260603546, -22.00282423803988, -94.85601369611419, -5.4045151752585845, -32.66992404663274, -35.3161641006635, 194.4047978411352, -91.38391718292418, 37.75817411632341, -4.784847692086793, -152.29436593205435, 46.866456493981175, 116.3118202745797, -125.16986446233862, -44.20795195212281, 58.24453437230959, -18.9832398692151, 74.6915585650488, -49.52028326218827, -13.228973204482752, 159.3330913027333, 125.80157932912049, -8.524268455378047, -94.84498130146874, -10.294167952298212, 54.02290710972081, 5.938216268744387, 13.749283687127342, -79.25299421291736, -59.144692307652555, -1.468631657381331, 26.165368221276186, 70.00495679377055, 35.351367353376205, 89.12371673861851, 10.332075470828197, 4.576749437171075, -15.258059291997832, 28.625073269364893, 2.5409985065398724, 61.5004423991192, -10.536866549815969, -121.32743777813789, -35.07013668227478, -65.72008606388042, -59.255799558875026, -16.080228922366388, 22.511403392802006, -85.06349840490574, -36.768160546869915, 39.04438308146738, 86.08285733533597, 181.82542342421448, 12.350062008804082, 71.84182647569115, -41.41837803385463, 1.4266677646004364, -13.740077481968447], [7.042852764609468, 94.96299066780115, 28.75224530156043, -16.30613277493188, 1000.4675408146737, 118.61966896587985, -109.24686264900969, 9.396344885010226, 8.831881511545248, -181.08274213604633, 1.0096782649013727, 72.59467823063878, 81.08925861596263, 118.99225594826085, 32.65493923742712, -9.99526319049052, -12.27486952278966, 52.776471018877686, -57.84562372227286, 85.46962026272875, 57.39170054056063, 2.4829793424780218, 26.80849088121857, -81.67274755154465, -95.30349846490992, 38.72190780587538, 39.41237524493404, -36.32105532175382, 101.74893327688015, 71.93757070479587, -27.6027807221031, -79.59015872785056, -96.1317900989231, 124.82813948740231, -21.520511717280456, 55.29292191171183, 37.757713009634934, 13.972274980540291, -204.24660681321052, 55.507525448338775, -33.1139939334242, -78.69056489574298, 17.13094302884495, -30.795637124837686, -157.1068702316331, -70.59418302650442, -60.788835057791644, -64.9809313919404, 12.712528216799106, 75.49914728100703, -41.56518692872209, -68.80595464820298, 66.50977052135647, -64.06715869125699, -72.52391097869372, -69.48317928946479, -55.31663584723074, -107.42348862559535, -12.830086088693013, -99.93056100001216, 164.78385137546624, -76.15543373520013, 87.08520322901526, 14.052412050378647, 173.69989529484158, 6.091316052421727, 90.76707555736172, -32.63475043007271, -34.93476479975655, 112.85307353240671, -26.070469971984917, -108.83082322912057, 125.86268003356308, 47.78565018252458, 88.78700322688994, 30.945863547921384, 39.28019722350338, -0.8648305511880882, 74.10614253809727, -11.52513236489975, 28.35676245880552, 34.628789752620484, 116.49300436547395, 210.79179891981215, 36.55417421588865, -1.0710779331318925, -20.863837760906783, 11.835986573525021, -50.0485327699335, 72.29875950301073, 20.04932870545169, -118.13426390280493, 52.56758304825609, 7.151340422738824, 70.55547083341224, 176.04040130159058, 56.93669096790748, 7.860297873794846, -25.166693238994224, 74.40450902055952], [72.27727380680267, -6.52284624092833, 18.545650094178544, -172.76751970541594, 118.61966896587985, 806.2720352416353, 120.258377602847, 12.412431587700194, -1.8954319477684798, -37.527717266258065, 104.16005203617577, 48.58454886999242, 50.34275849694085, 73.03872199129839, 75.78982822144572, -3.409460669215913, 26.549496670989917, -21.036813225693038, -27.647194421050873, -30.92519353917034, 99.15374604202287, 19.830254154605438, 71.9793652786156, -61.65929300741813, -46.438346899608895, 64.20745428103717, -39.63404964899635, 71.45135249657106, 60.529825869889535, -146.04044300558573, -21.899292674328088, -112.0838259211317, -50.72674661066926, -40.7765566826816, 58.160088580002466, -78.10575085261019, 89.71967208079055, 55.98323058241028, -26.94921917372299, 6.338802114450433, -18.642200159816337, -17.79597555468142, 36.84944464880352, 38.00300110786229, -94.40568810340221, 5.550997794176586, 68.32099127670168, 100.4477147480156, -154.3073123845084, -29.25606970876802, -69.65865826034951, -109.01548507571056, 65.90550698937675, 21.56216033048939, -54.42284127393755, -9.258316477244987, 30.263166883545036, 56.82742990243452, -13.604945998492981, 50.18707221517656, -12.50341017958444, -25.888862982052455, -29.35621127460754, -40.44019015096472, -79.2841675658291, -54.80747994014199, 174.6304735857633, 59.41507050770672, -10.29797429164246, 27.528141274158042, 36.48590641521503, 53.43360078712294, -83.58156372087096, -25.95151202774805, 12.176318412208827, -73.6110051176947, 198.52798589285467, -39.612883013997845, 116.04860402402443, -25.77045694943152, 50.112793237276, -49.28409209813009, -96.32857111885143, 86.67586436806718, 36.68187108400557, -115.58765856154606, 38.568199837898966, 45.59205167718528, -30.655706679211207, 63.43175047380117, -17.401391481879077, -57.41646019201271, 23.34889695688545, -11.787075867882114, -141.3348437315348, -62.61060340939415, 131.94196388616032, 26.781012997335058, -115.75294869807746, -29.58309985919459], [-73.56059013050721, -74.89283627885298, -92.3708339030417, -44.46567324511662, -109.24686264900969, 120.258377602847, 673.3492778563134, -201.71050397754354, 69.75667766063121, -72.62855310537208, -6.343060977249549, -25.13844726830194, 49.69232134773143, 17.17852867114472, 3.87609188066944, -8.12411495282733, 74.9616018270332, -5.5405629507087415, 18.635508610104917, -41.9985126007732, -6.680457599273639, -25.735251816633625, 81.44478206809056, -90.94561748440049, 9.512152062810074, 11.98386608587693, -80.6733887803657, -121.9637779088261, -20.262165723729925, -74.56336459855552, 120.91257134083746, 26.366074582175663, -63.94139087716466, 18.705719552528745, 2.1877812550909437, -56.72459191397819, 59.58892518539149, 53.917704282834244, 71.5119967156382, -87.54369199719913, -10.531113952851557, 6.283320314506874, -19.918155224117612, 22.24641828817944, -17.46106058319619, 20.04702274359002, -17.941392057414035, -56.04314453036735, -50.31503819574228, -23.257860466962416, -4.613348145514131, -111.96333805598348, -5.438707915241072, 62.87710960062768, 44.99223542065041, -6.922262189936562, 41.858301394734525, -8.602210197509544, -14.084109274697967, 39.32837884690844, 54.05872043084149, 81.3328934018904, -25.034824737315382, -25.680084013075447, 32.520054515969676, -34.644774196702365, 104.53947778941956, 0.6523437970426147, 56.80364657624975, 29.170480557951233, 33.9219307784346, 48.145381525636694, 62.180020280190476, -15.606311947462357, -45.4944462897123, -155.47032985303986, 89.29636267875895, 7.710480365361495, -86.4748342589523, -11.01083868114163, -90.9832229403753, 55.36410230744049, 5.981246052031887, 70.56474874905085, 144.09431878250825, 28.469313500104526, 37.40341405976059, -104.53724398521125, -4.141338411376698, -15.297071271416268, -86.34104873731442, -39.82710831146388, -14.977677139953329, -5.725255704553512, 31.812092535719707, 49.67296181898493, 23.759831987481096, -40.09611639879995, -46.22049635124435, 50.400870390703126], [70.07770224215687, 35.21795419635718, 27.239654468603373, 31.97267275831559, 9.396344885010226, 12.412431587700194, -201.71050397754354, 845.7281936207967, 7.478957897919423, 32.531556164737715, 124.2400147553715, -32.7695728052108, -86.5700282757696, -45.47015644823152, 35.384321485655704, 141.34921468151776, 55.883894942212734, 31.211809814870897, 84.2402917503727, -29.43287769126177, -3.4076149635447113, -100.9935616727551, -18.006954124166214, -68.13064896542757, -1.8970320975776684, -83.69853483192125, 95.11203462993396, 56.30187502137207, 13.40383055229641, 189.5676840274637, 72.91753524721913, 4.957177751973086, 40.41610219819665, -48.76501758314059, 36.71854921087387, 77.6260865146481, 8.76026489127519, -101.49683706784418, -102.61595456462565, 27.75402404722256, 84.80679709572237, 13.257943885542568, -57.461460099216964, -101.95079319194579, 107.46324193302863, -93.5850105233654, 43.72533950979045, 138.37513805428475, -22.9833358311666, 3.5806779506301196, -103.28306771467147, 117.4321473614323, 43.30035648993158, -107.93589830963538, 50.07799946488314, -4.997630123971284, -181.61488506762856, -47.72969419505978, -67.47929754058987, 26.077071773301544, -54.05997263313066, -96.15171847161119, -16.554901667277793, -104.951705921316, -20.361057035164265, 6.873266287612751, 40.06148593945958, 44.26007510201782, -36.59420064137055, -36.43058263942429, 34.5176405219599, -130.19137309510575, 73.36239481528747, 95.1266870345264, 0.5027041746682169, 41.99687117272096, -23.69101610823903, 31.1420683642945, -33.45786865128198, -42.51456952921263, 34.67647817118149, 15.002392565725247, -77.535582517194, -38.48754560736015, 36.728781287318554, 17.669759300486405, 88.62763528025648, -59.05518848135285, 123.29096884714147, -68.72865243442452, -55.7074295588577, 34.73882621996263, -90.60076121900276, -22.564335601530892, -15.582226104027326, 62.31011205400551, 42.46800731201407, 39.25207025250856, -65.2334466097058, 150.43197145471234], [-113.53953417794722, 14.589278546070945, -16.248279450795216, 110.47608600079462, 8.831881511545248, -1.8954319477684798, 69.75667766063121, 7.478957897919423, 726.3399207943575, 6.773575430897684, -32.129457746261835, -31.363535341711714, 76.72032645251633, -66.72405712501482, -43.00604372919162, -66.24600657708379, 83.80876173141456, 44.83871889121083, -7.15282238239501, -42.28725553933433, -96.41175162049622, -167.1830993230193, -53.066725178946754, -129.73651935111783, 14.726573102928938, -41.78975825794586, -35.476090978777464, -75.65126255035841, 4.156531374535815, -48.35244834782748, -13.91255221629677, -37.72284704692604, 102.26100868126689, 12.947445140938603, 21.51881240172905, -125.04781306609509, 26.388549121271378, -83.38589122915081, 28.72164487021916, 97.72078027242343, 114.88970751228159, -93.20306167696916, -59.5482985834413, 10.638395179227265, -51.41505093554417, -111.17173596959019, -0.30838862245134047, 93.22908543364746, -29.51114835846781, -13.07439432725999, 118.92435257361848, 12.312581105738904, -100.72559189352904, -104.01002165302798, 44.552599469265346, 131.36564734224703, 31.22602548713701, -117.20024896765082, 102.63384065900995, 117.24951110579862, 25.947842883942872, 76.25238153116628, 6.784055911045732, 18.95036647362179, -5.385449596566589, -12.603334692073132, -122.16613623124023, -11.575417161985882, 138.49164870314772, 44.15446605701711, -17.87593397496248, -48.78425436888779, 63.23898903557229, -107.27956504474524, 41.357772886970956, -71.9411928303909, 16.98479341431642, -37.36339622067077, 105.86665845239968, 5.856089221845289, 45.62482528735898, 35.91005168447984, 28.826977876790682, 160.66733966404982, 23.517423262897765, -30.5960217561835, 33.77433888960906, -78.9292631352957, -115.11646081676948, -104.91654563177136, -85.64807589235195, -51.66558323281981, -55.95322754617402, 4.348626093327327, 9.292653912324365, 18.909440465532512, 106.38188460222408, -18.536855492023744, -34.10397279689076, 91.95357841514209], [48.72640148501681, -3.985776821459671, -10.646821383510094, -1.5734264351196494, -181.08274213604633, -37.527717266258065, -72.62855310537208, 32.531556164737715, 6.773575430897684, 944.5501288082401, 119.60385181896662, -115.37361727357187, 7.132533927030811, -17.791353820357795, -49.33004373324406, -17.890508569114246, -38.86316523279873, -81.52445625931378, -45.62466639774664, 56.434137286069415, 38.04531115262325, 33.32953872452607, -14.42469747112344, 61.79601165792367, -149.66022331706102, 32.7582675775616, -116.55485683359537, 37.319326616972944, 20.601601401386333, 104.35205697051832, 66.21090056322696, -36.666913244058755, -99.16875285477887, 66.10430126528115, 20.723982156417524, 40.83089585857308, -103.62573187587269, -106.07290934478439, 95.88006787818249, -7.370391625982958, -65.00084465229925, -22.477667951972112, -126.02428304420187, -130.57525832441385, 91.63913043102721, -84.75353707605176, 6.622613591663692, -29.11802776836949, -29.085282863813898, -69.32693814667341, -106.54088560168204, 82.48234378999108, 107.55456501787384, 0.33649838592488013, -18.140367832071128, -31.08609786685803, -49.44177586480469, 53.738805719158755, 89.2745722714518, -41.62541230086907, 72.75764203884496, -21.503843924876012, -39.56910262151641, -50.72126924577902, 64.91467657695313, -97.06053406204238, -110.8443659748829, -33.56537732329076, -5.015219548762761, 42.26599256207441, -77.84286798350911, -30.75021611455786, -26.20727366478803, -74.57653908158991, -38.74069011392427, 118.42931196057343, -54.84526377744895, -65.40997134053562, 68.45207705895422, 64.87247219865834, 51.71347141340425, 82.57586754712155, -47.23012299745341, -65.66692503950466, 113.85533075594991, -175.2474920481482, -37.033984141712565, 43.64686277436108, 56.32535326906337, 14.327711000545719, 22.779184496429107, 6.580036041810164, -47.44875545604124, -26.325201380163623, -72.23441491246163, -236.6037613397263, 52.592382290838955, 103.49104850399935, 3.8192763047379157, -27.678375170800074], [26.160514710720864, -50.37475057752114, -38.56165356649769, 40.34441527962865, 1.0096782649013727, 104.16005203617577, -6.343060977249549, 124.2400147553715, -32.129457746261835, 119.60385181896662, 931.4056440147298, -32.64821870101571, -15.17828204586927, 15.349342705361947, -7.39554335141708, 81.46495826376632, 32.72624230360936, -14.86146080187015, 17.813272702672364, 16.558827435937907, -35.9051371626919, -1.197717192703803, 35.211057649874114, -33.852831121978575, -4.86740641769844, -93.76123854819025, 18.083922349492028, 36.941544615065325, -32.45269660651982, -39.551022719464896, -4.370539456469658, 11.982513838373762, -102.42022746732886, -33.108240650388325, 87.9607448614518, -175.90589239988205, -153.29148581587046, -29.24582076552022, -133.17181699525605, -20.22332961044319, 105.33750935542785, -227.6518179291659, 55.35366061184206, -5.357854914948843, -42.749385539169005, 108.90391404726022, -42.438910904868784, -5.212320662984961, 68.30953769581447, -81.39442805211701, -13.90627271565621, -67.55606463502738, 83.38882436678803, -18.63127490803295, 39.15033937442184, 52.782840879983596, -98.04000633289584, 23.926352990667297, -28.689349888831426, 26.753403870009883, 31.48644999922613, 89.63393266779394, -125.13258654932788, -99.84464151748801, -92.3448911856445, -30.21891237853389, 127.514264857268, 25.639043920929325, -36.339294206426935, -27.359188564697735, -54.763135831716006, 30.04626235573368, 128.7782003955521, 1.7369863917192843, -29.324937766374045, -32.660563963840616, 156.86946223760742, -118.67440807397713, 52.42084549381989, 182.70931842877258, -105.83855737769744, 36.451068983419376, 47.15374437808734, 87.22886792048915, -0.25622757600351015, 60.15628332513943, -68.98120098134154, 97.99254570061098, -62.730666964546536, -85.85561355169561, -37.36632976412351, 90.21118082872906, 21.924315266214638, -60.45974133181505, -64.075164191825, 94.63846280501522, -78.9479714450856, 104.0034915888226, -35.41320867815696, 11.603911550611421], [93.56089709898205, -61.242268146521134, 52.05029155140571, -2.6396039762722556, 72.59467823063878, 48.58454886999242, -25.13844726830194, -32.7695728052108, -31.363535341711714, -115.37361727357187, -32.64821870101571, 803.0673111434102, -59.38060472314193, 35.54896751337882, -10.127101751069885, 6.507644623127074, -71.31886520342995, -32.87758980355785, 52.54878141723864, -107.63936635044645, 83.64203648660511, -20.348564322242783, -33.001616649118404, 69.60767214403776, -138.8254900161943, -22.610200650612196, -56.73375469870006, 82.13926264640621, -74.43473534981408, -98.36996699380839, 69.68824554598689, -60.36749162349669, 71.16830240068734, -43.123209588956804, -83.77374017919144, -6.127343289273914, 98.77706123452081, -65.45148789200006, -159.48427527222088, -47.9222457104467, -167.93722808033488, 3.8609538730403874, 159.11411212019618, -13.192778568188924, -79.54845142896856, 34.06438866795519, 14.252881378499925, 70.60525789380164, -8.637682302757915, 56.57897116927695, 15.532891213526904, 94.80023119277266, 71.70590931327223, 4.42500566606725, -20.189646053158846, 58.35347425912974, 103.1797094714891, 35.86430918429616, 102.18453727441619, -20.774140015632945, -79.55312390904353, 5.058619984266401, -126.70952930243809, -9.867410185229776, 86.44296978339383, 40.31132166381813, 46.89973848283262, 91.61613586100084, -44.814652755222944, -69.43058876302955, -67.2813150585163, -67.51718309242223, -31.661777593280654, 47.98824979195536, 90.94878247697991, -14.778035632634385, -112.8850172268684, -2.9329110006522536, -37.94660270432996, -76.73227387952427, -22.26750855902057, 16.702831950396607, 52.408865558061265, 178.22934104139827, -40.70184261072853, 3.5078279581083858, 10.948925158756479, 79.30623133096097, 81.28349578509587, 74.15873499656861, 28.291484561391858, -81.64758372883439, 130.9365545669208, 104.59335012492282, -65.93450273353815, 1.988023110874275, -20.742186599333987, 2.551512258487452, 58.99842270924237, -48.678008111130865], [139.21548737575145, -0.7853270978409924, -43.08511149434864, 65.95598404557826, 81.08925861596263, 50.34275849694085, 49.69232134773143, -86.5700282757696, 76.72032645251633, 7.132533927030811, -15.17828204586927, -59.38060472314193, 842.8509231108204, -39.76307472290641, -49.809023703816656, -130.8383544229736, 100.22255302506592, 27.718691037797967, -15.816110645712879, 73.44588448572605, 10.67817548357506, 32.12376171852072, 76.66643845082555, 56.09099019140286, 25.3384146655281, -50.10917489021116, -42.7323603812735, -60.39845247406052, 148.5680385559273, -38.75718342843539, -34.26997139226626, -12.025869949850131, -98.15638742153324, -97.63682537486147, -16.38046239810599, 62.085283635398994, -16.616661405524614, -96.83349127487693, -7.3451761372123245, -33.997261054496825, 8.249916337105848, 31.44177071190422, -19.02067244644608, 24.530078299662836, -70.83692558276115, -35.8195144298957, -130.0092409055897, 23.80486045192888, 71.6327292517999, 43.33153067872258, -53.257575550572426, -38.133901384570585, -18.526408462392165, -5.126586899129158, -135.20929834125303, -50.36490727340111, 82.63029757192236, -8.13901755712464, 45.88428264894527, -50.05094804348073, 70.23223259934835, 74.48060325144347, -18.784039295963073, 21.49091414004097, 10.987631506192585, -16.355903078243795, -65.44191696895454, -110.06497622999188, 47.65287900330744, 109.18226045759965, -100.60858589576532, 14.662247507986224, -60.76871004291254, 98.78336289202026, 3.358703312730905, 49.82608964123294, 103.19196549756617, -9.580053672631376, -48.019063726321406, -79.35028489744617, -32.88123818486005, -26.262320985703724, -63.80848902369364, 20.353773977322763, 11.282876485938974, 4.648299779939502, 124.0242962679047, -6.621629395285572, -103.48556479068348, -15.781865124440786, 69.71307091001661, -73.37940430299301, 146.14882636998308, 189.29690793898257, 101.35209688953796, -124.2339485538166, -1.757724172232401, 39.611301510587005, 26.154679975148913, -15.73385653165972], [41.19765354844527, -48.17262801008187, 42.67350882787569, 71.77014825196932, 118.99225594826085, 73.03872199129839, 17.17852867114472, -45.47015644823152, -66.72405712501482, -17.791353820357795, 15.349342705361947, 35.54896751337882, -39.76307472290641, 812.7996301825475, -9.722911574631306, -6.409660199511452, 150.45548659146712, 25.334637643633396, 121.28450359130359, 68.6784636077507, 6.220008566741659, 120.30896599604635, 117.85951470473526, -4.634018210971365, -5.34725724654366, -21.59604710604028, 121.6287426247072, -45.3478764212352, -37.069189453643844, -27.225166676824834, -9.032116779480345, 55.27976113310857, -89.59085842521517, 81.86215073283915, -87.62062207172637, 76.4520042149403, 118.26404095273146, 139.55346138840358, 133.9577854393756, 21.304831118003094, -163.76023309384667, -40.22825582386409, 120.40280559808203, 57.44788931802707, 7.370034481707543, 96.27947959255029, -33.98324135020518, -23.191065829443442, 36.05845094037238, 25.120343080932503, -96.6751159811831, 15.301578549997451, -115.33401466028518, 44.80996148461149, 30.22004033465061, 11.150386737716486, 19.647348519945506, 73.43779797825296, -45.898875740423165, -38.3133671166748, -89.23328426231052, 11.392968445812338, 81.9737250970308, -89.50969930252856, -30.89425502671259, -61.73875427138414, 72.77119496049845, 111.03172957817326, 26.743234393264704, -2.8648774609930534, -17.06757937863785, 129.04183806200086, -77.56453504008904, -16.638046951848292, -96.68971141009281, -80.86880539587392, 14.393869399296905, -50.64221912031948, 6.180359353920835, 9.732588111528122, 84.43447682506206, -12.849494135609529, 51.11611283379846, -4.37077753152445, -30.120141801742204, -26.915443114949152, -140.91596984426374, 118.71661781128732, 75.40433452836909, 34.39265948173256, -85.26184342979415, 58.44107670500036, 12.643610643400669, -28.835689087281413, 49.07973554405185, -48.961763413564256, 45.23459869332926, -19.46527853017754, -135.84350062411082, 125.98232132058163], [-42.99705626915368, -8.381958324250704, -34.9488957487776, -92.71268416598548, 32.65493923742712, 75.78982822144572, 3.87609188066944, 35.384321485655704, -43.00604372919162, -49.33004373324406, -7.39554335141708, -10.127101751069885, -49.809023703816656, -9.722911574631306, 835.5244721884562, 152.42637378195664, -62.54185029126955, 13.50549978708538, -20.172568881716344, -71.28901759145246, 2.6204875011751354, 30.31199607377, -48.39507280605821, -44.54913703854906, -23.683130262930028, -87.660001094767, 69.52669947792857, 62.43042333475865, 60.979904522757366, 82.36031119521907, 20.814898735357147, -63.68732315276235, 17.861734619344425, 27.48376089458164, -3.055689710931812, 45.30307245128387, -18.494209082940145, -35.336199769240494, -67.98994200658957, 27.696088883774326, -50.88065268054073, 74.45164103526388, -118.75019316108595, 48.32612558203562, -154.36040159925278, 44.90955106314226, 13.051402753690734, -26.95720494356315, -57.12739616319271, -76.95926116291659, 63.10031150537107, 44.030777232327466, -137.9195050960349, -56.40506264042573, -70.60944718953942, 126.27331468765823, -34.93870605212024, -116.40910384742037, -21.431485550074054, 43.10352979736526, -87.36212034408997, 125.93367991078578, -20.787736106569152, -15.17545571158548, 43.750419654786214, 1.2799628997206636, -10.413434287645357, 145.8506010066686, -39.79636258933529, -18.19652577542453, -24.647852413984083, 36.098002213475006, -107.91687779170067, -47.775932004607554, -29.057845755939102, -81.36653352535845, 49.610663277812435, 35.65129689121879, 44.11043943572416, -45.827081974836695, -72.91784462481523, -168.18775100494847, -84.66155290155024, 108.72869652503343, -97.55691993068544, 24.571268749887594, -174.04988480483527, -2.1280750634317642, 14.15039877553663, 5.373378026976928, 4.0966833823875435, -12.314233029230438, -14.148024337787488, 27.849548174134096, -22.723894300907293, 35.16096557246952, 130.25474285923977, -77.65312826435807, -20.986485856987734, 11.100524646779057], [79.43188883859669, 14.816410845724013, 16.90006217005606, -82.1041677523738, -9.99526319049052, -3.409460669215913, -8.12411495282733, 141.34921468151776, -66.24600657708379, -17.890508569114246, 81.46495826376632, 6.507644623127074, -130.8383544229736, -6.409660199511452, 152.42637378195664, 858.4853288483257, 56.39192297470163, -55.21865126643742, 44.34274020968911, -117.50752767205196, -86.03267243190726, -26.075403458797954, 9.536711854907656, 50.11333817956775, -7.715535509794622, -159.58206935656602, -5.120189842317855, 54.81389294892606, -54.90754564714133, 75.63277531323745, -45.91643883463142, -20.985397298577066, 86.89735407276632, -53.532805708766084, 22.71607607178799, 52.48118373132973, 54.22297461655027, -20.28543289546625, -145.59988294517046, -166.68302336529504, -94.57480309078454, 67.69547298166515, -23.057089230500555, -13.984882672799241, -12.833465403497659, -111.27441938008579, -58.28700512852671, 45.2443662661868, -70.82197794965676, -35.93596814968171, 57.47991120884032, -70.6879999148779, 71.83685782920881, -200.09971507546882, 11.807030935128566, 93.874747370247, -39.70167960474049, -69.79110168781496, -2.570432072499547, 37.70438440580374, 40.594840013609115, -28.862426621984675, -28.490800113666232, 11.383857644217718, -92.89923011618923, 83.764061474437, 41.74275479516023, 84.87978444620161, -83.80340621076178, -17.067299844760832, 83.51584109351253, 26.979078366067824, 32.73651325617229, -109.03766946230668, -8.272060697603461, 36.50344243673099, 107.90742220432428, -55.586418545673226, -44.229591161984324, 66.766753826984, -16.127163576660553, -50.950596279203474, -51.93857639396272, -21.4055223389816, 98.21814453018449, 88.65237747498202, -98.58071473690286, 129.88174891727314, 26.519515004399167, 87.92704224640123, 26.278805241995055, -58.270572247606395, 12.95024511427753, 0.9777188519663099, -235.47121035255327, 56.59150026945038, 36.19122953935786, 49.55057560991372, -111.26352202366473, -54.86851060008511], [86.55748090248528, 53.849709820676686, 15.25973231435167, 173.8362440977475, -12.27486952278966, 26.549496670989917, 74.9616018270332, 55.883894942212734, 83.80876173141456, -38.86316523279873, 32.72624230360936, -71.31886520342995, 100.22255302506592, 150.45548659146712, -62.54185029126955, 56.39192297470163, 823.0082226289644, 91.6666860921783, 159.46345563135347, -55.13482166898996, -36.17620725434597, 12.357373513250511, 116.91461888712166, -149.7627460804495, 4.260650512726583, -36.465454293739214, -5.281306262033401, -3.745445165160861, 7.894561045321225, 14.031664429007877, -94.19202796507615, 59.35360331893474, 48.98923132490324, 48.411456916223266, -0.3658469751711707, -40.606982278999496, 63.82914832741397, -73.03854423127599, 15.014151674340292, 70.7392552298851, -11.32082926151291, 11.95251627500299, -1.7171747516628264, -17.674958301794405, 45.44503210489082, 28.316303733389745, 15.75960678444127, -58.62804773133358, 45.21396758923504, -20.382640596314612, -84.87564230536802, 114.72571633451233, 24.083016313910836, -101.49499025234718, 71.63685043570777, 46.16530742252148, 8.60129398820196, 27.217577252982753, 1.9276466780060026, -19.28015438335959, 55.346513170313955, 36.895655806352664, 64.68399200085537, -66.15290567013228, -133.0728594696732, -18.726799523127564, 52.71168535575996, 17.746712990737393, 41.73890978313783, 47.33315458842283, 9.360541534093962, 109.21254687410475, -17.27815531423248, -208.12357404480693, 33.3210448240348, -30.171569294598868, 45.991729925004314, -10.972973501873271, -72.1671456427961, 132.01492395086794, 0.5438918012275182, 75.73593758751912, -71.19190030054071, 122.39953768782313, 64.5204552896861, 83.38131977070397, 31.795865253904246, 80.1399953374612, 4.05034029014698, 13.887660426559039, -70.13627800346683, 14.462589302903881, 90.50524882009162, 109.71876184970046, 90.85826760250713, 13.645091595127866, 145.29193466831478, -1.695427888902454, 30.42419167290882, 132.349028428606], [-94.49461806027533, 39.629216138407045, 39.42527966086687, 7.431259445202738, 52.776471018877686, -21.036813225693038, -5.5405629507087415, 31.211809814870897, 44.83871889121083, -81.52445625931378, -14.86146080187015, -32.87758980355785, 27.718691037797967, 25.334637643633396, 13.50549978708538, -55.21865126643742, 91.6666860921783, 795.4549392643368, -65.71422909860868, 69.78496702895018, 32.71036271727288, 95.22951874034636, -124.04336828876197, -45.16785329135646, 34.07159647722333, -105.74591994585354, 51.96667359950976, 81.09886453727445, -23.055221295332935, 58.57362442836185, -68.26661365618793, 134.91112747027358, 72.84012224746033, -22.85992619006055, 68.03363586662479, 56.08232151182507, -57.14675711068083, 98.98294503140089, -13.739017237689787, -85.88593621106688, 11.744203222321403, 43.05808448340603, 49.19436903042374, 17.47932094992039, 51.014259431346034, 16.357028685559243, -2.358792948034786, -95.1314644297819, -76.29373949268012, 2.7538410849145505, 100.4186991694328, -83.95809858848217, -12.835247439238024, -36.04616941439753, -3.3623021561628206, -69.42081642299594, -0.7925931117104508, -92.02489280571393, 64.86717995391336, -59.51250270266657, -35.51927605345142, 89.00843269616874, 5.934578832754722, -65.07496796369533, -19.45290801559575, -64.63856365065239, -35.279974341505586, -147.18492190133875, -21.269806238245934, -39.60262177076977, -63.30764857062496, 18.073115552158786, -6.798631329454415, 0.8435374537884466, -1.5740609892284516, -72.85889676312414, -42.136334611458906, 153.62980199150644, 77.93694422260491, 71.64557961785057, -90.91781784645622, -86.84168542252156, -47.109541927322894, 81.94435616142061, -39.586777752690615, 18.867727374670604, 151.8296937784499, -64.57880402933584, -119.82409345229202, -79.349809925254, -110.60214276519044, 16.159136056090617, 148.36979000782884, 47.058096685967875, -25.882508396514623, 166.73368869677438, -33.97659346325035, 27.240243933228147, -5.966675153562305, 184.85618424622737], [14.623950449527644, 37.52499147441777, -49.62762002266203, 4.977381622304622, -57.84562372227286, -27.647194421050873, 18.635508610104917, 84.2402917503727, -7.15282238239501, -45.62466639774664, 17.813272702672364, 52.54878141723864, -15.816110645712879, 121.28450359130359, -20.172568881716344, 44.34274020968911, 159.46345563135347, -65.71422909860868, 799.2645649112874, -3.8999565935626093, -30.114704252814732, 86.42217049691303, 104.36287162352073, -30.255617720317364, -136.22669547748947, -96.98661230288751, 72.37195096518728, 78.17808216862855, -37.360962653599586, -182.79022745042505, 93.61472468685625, -8.288674267913466, 17.021216644385717, -103.28625297450547, -2.8883202800197214, -65.54671244734281, 0.15637195897254016, 17.204305243569983, -10.647245733826885, 29.241023182577774, 1.7207965901917641, 17.103107485369275, 26.83575747741508, 152.37768389953348, 55.301631688063274, 12.196739608629295, 88.03279103941048, 60.594925767736164, -81.97132228384153, 35.83759487839396, -123.41437798740006, 96.4728370037668, 63.662518056519254, -18.204917429424984, 80.96701840905558, 149.9889585559674, 29.201990811860927, -39.88117522095667, 82.71642238856359, 91.95239434056998, 71.53401503070063, -205.07685280442684, -86.90471787693595, -6.502131605659618, -19.221871747340764, 18.556837007113455, -21.528954791750973, -81.9817730798725, 108.90115396214732, 55.44261866584352, 119.0684260904459, 2.7886466461087798, 61.15355454628777, -69.92052922763312, 2.768140610443716, 75.60455525632585, -4.178584933297646, 6.780694292204368, -65.70344841379192, -32.84381645085077, -110.0169610852105, 210.97567291099065, 66.98083553603065, -96.02088429719926, 87.9875471175793, 5.916457443904771, -7.628614954914837, 32.21257906541537, 62.86894157866165, -15.593902186156754, -82.14159055592137, 74.88222831722976, -72.23746402017936, 96.43918813195542, 44.075439817120746, -87.12923224141463, 77.8796907638442, 14.87657440390387, -37.6121481376588, -47.00339847306986], [22.70175255449349, 50.010405593766976, -70.73835750951288, 56.78788048529723, 85.46962026272875, -30.92519353917034, -41.9985126007732, -29.43287769126177, -42.28725553933433, 56.434137286069415, 16.558827435937907, -107.63936635044645, 73.44588448572605, 68.6784636077507, -71.28901759145246, -117.50752767205196, -55.13482166898996, 69.78496702895018, -3.8999565935626093, 665.0811475286254, 16.013589057830906, 167.51154997133025, 21.525194427426037, 4.507911437069181, 12.68072550892517, 41.01488242259795, -10.800163245602782, -147.59883477420834, 162.0756282936005, 70.2961709324253, -55.11931554758626, 81.11464033135138, -113.58555781006682, 33.19129513681791, 9.60735194952177, -2.5741165643344646, -24.855574256288623, -31.751963214779543, 84.65278510898759, 37.09099333632258, -69.43877049303339, 24.32053785223322, -85.19767681410697, 55.352143588275055, 13.432377033112449, -104.18238679484826, -43.51901352680953, -131.34361407368073, 60.07591133698192, 110.90617748441875, -23.05805670297301, 86.6724637570999, -17.661435225338387, -61.85168176272421, -71.24737574387547, -40.71486998914627, 70.88358148672854, -100.94553492339338, -83.62933158137355, -61.317424922918306, -58.54502024081895, 83.54012857292133, 1.1490277485398837, -27.89607278495107, 34.70397699579847, 23.13997898400034, -61.636174314002105, -44.603003321936505, 83.31957270015234, -5.140512997140744, 1.4614458622650202, -2.412731187681691, 14.358786967449282, -26.135189765409223, -32.278662406019635, 98.19952307057108, -0.42921808641127585, 55.04156719672646, -1.997759953853438, -29.546777353643595, 34.725741734576026, 94.95326084521741, 62.26612497774978, -101.41875506131088, -11.848110368187443, -6.744030341599084, 68.33194158771767, -33.98107168559115, -103.31940341633702, 36.432220844100264, 36.639367706529015, -12.713410969512767, -9.323584153286546, -0.27899397263552916, 111.06461926585192, 2.602837555272316, -11.124161624260969, -73.80753202091499, 44.978336051262104, 47.96225883983084], [-8.670233450950917, 19.671567896598795, -2.2979451452835713, -74.93935071720026, 57.39170054056063, 99.15374604202287, -6.680457599273639, -3.4076149635447113, -96.41175162049622, 38.04531115262325, -35.9051371626919, 83.64203648660511, 10.67817548357506, 6.220008566741659, 2.6204875011751354, -86.03267243190726, -36.176207