{"N": 100, "M": 8, "A": [[[858.0711209376117, -21.42461184610733, 43.189144756211185, 42.32301806606394, 3.5084584021397496, 143.90983376485298, -30.681072121324643, 37.69066892049472, -99.22271574428223, 64.60029264459713, 43.274038302786465, -90.2883603458926, 33.531222217327, -138.75056439646514, 39.933985139534165, 0.5171580864676307, -0.9650619394963701, -36.405426982951006, -13.217662168701107, 9.305824152757015, 60.51580192405473, 63.79836130545086, -76.27386357443987, -8.672623312149128, 12.925454358513507, -43.67809807149389, -0.6178203686932326, 63.40933312561215, -105.9054286197829, 27.89338276192021, -53.11211091911163, 49.46520951342342, -50.918182333577114, 24.159052274608815, -77.69197497794138, 51.40548021973802, -5.642739918878082, 93.49939113085269, 92.52127763257272, 9.831562648171861, 106.17980676095905, -117.44377074054266, 59.59358431324531, -8.155086005941815, 12.275713712097614, -15.814079137705994, 90.43918603871145, -35.51189889812693, -6.114514502397039, -47.717495052921386, -121.19174150003273, 96.35170869464338, 44.20106514816087, -63.94596569836013, 44.00749838623903, -3.5347816978649598, -19.179195920462345, -40.19800649149812, -46.50184226005461, -150.47190750489625, -44.75780503371787, -61.71012377020911, 5.789046871228136, -124.81049199879045, -204.844238526235, -18.1156289576509, 35.272036666505755, -4.5206393519080885, 109.70456634562571, -104.42941488871003, 3.86787143491436, -66.15915982120943, -96.30673388544079, 15.514343335988372, 102.36888810684943, -2.751926044132305, -18.402416632378383, -28.99522921830885, 11.272317056969587, 55.66163325867784, -47.78395995672941, -9.769996255060008, -108.43912383203877, -98.19552890246119, 41.06920898324997, -93.09314894963374, -118.16962941315863, 82.20937268930736, 39.28789602772926, -24.722953494639373, -30.226529852663873, -71.2988555693115, 11.11369199285515, -12.66701865623009, 75.8235642687335, 76.83069931320325, -70.92635672445942, 187.46039840126156, -48.069327239928214, 135.77047053537373], [-21.42461184610733, 806.1805309348144, -45.83619597118798, 110.971089815423, 30.187064216372953, -37.22424893435683, -16.692299717343985, -41.46352511535527, -95.32078871747197, 7.404886101339035, 91.69348182773378, -69.58883198006433, -57.67040079745974, 44.11503296241905, 89.20939935086669, -53.436310914818286, 30.706131314974012, 54.90471208814022, -33.6606526729239, -7.462816990586578, 104.46273841896218, 48.11643864810077, -93.37930182390662, 7.675359983751605, 104.8427762143675, -15.578951411747024, 51.162742300373075, 95.84614734864039, -60.69805151783237, 1.1082439757201636, -4.005040296797523, 59.92836969534351, -125.92750501480485, -119.05075913834972, 82.48950425716801, -18.87267438000286, -31.70270474764697, -61.822223263878854, -42.45858019160875, -29.10898313774186, 15.609895855853358, 71.11213363590046, -63.69337190916296, -57.07711649389178, -22.445606656607993, -11.617568941265361, 3.7699998377879522, -63.44274441713299, 4.6014879513258755, 6.700468437477099, 36.26592698776716, -24.995909145795963, 21.71193801611914, 30.513685406294186, -18.04710365510379, -4.036835445580173, 35.65989456824483, 14.520693225873542, 110.71639069011191, 11.543213525467332, 6.06092242312585, -63.07612279884442, 52.768895954103996, -14.424364446057304, 74.17126954070449, -73.64632312572846, 25.412249164598276, -8.9594617236273, 28.481795030188447, 52.104949671600785, -7.905026767833067, -55.98398016849404, -58.57716456068066, 1.8352273288367993, 72.82735680451135, -35.038697409780646, 19.97248647185797, 49.5551381309805, -73.58893538893976, -49.22701034696127, 16.30314103426552, -5.584128231206605, -124.35201377314436, 23.0597138617, 79.26020188475952, -48.5030444691201, 85.96146530818635, 14.305133639706183, 96.53608021233109, -29.912062641111707, 49.95420923640726, -121.5994133129342, -33.63516049674116, 15.869407047246437, -48.94957912160019, -42.282872482937826, 13.590759789222897, 129.34860004212976, 9.838120612577766, 49.7127478169303], [43.189144756211185, -45.83619597118798, 706.4207525945792, -113.97637435606094, -87.90036636983915, -63.47464403774961, -204.01570551501007, -122.10216482292263, -11.629660246238675, -7.221892145121045, 27.420543512945187, -31.283110897481986, -44.04249960552293, -12.268494621003464, 76.46579512118954, -12.013628271768393, -51.599938303674435, -71.9508120399867, -41.4686231296569, -29.168731408265774, 5.79246267915154, 124.93000137249616, 29.439635355586105, -84.91809544889996, 16.75775661508934, 8.054704144639318, -34.151559185549864, -36.482313533050615, -82.2468489691868, -106.95732648155831, -52.73028512060976, 55.0738404195298, -9.689455366920573, -3.0458596507730147, 52.56590058054457, 120.58103105671033, 26.222309680452852, -20.379765510817737, -34.94900076762925, -5.652280874306376, 41.49591022764177, 47.16843535650549, -76.58348254051667, 21.727967657077034, 11.284063598804073, 127.63238345102523, -78.23963063072752, -16.278513523613075, 40.60728955477815, 18.255451634344105, -8.182386382836457, -39.95208316248517, -83.75800715869356, 5.312635442224033, -38.72044152830484, 9.71510650840876, 2.414089812970568, -78.02930615885964, 76.66935305471623, -90.50941562829179, 37.84554101696562, -48.106554072198584, 57.314748051945216, -70.67022073758817, -84.42503580481917, 8.036667067723334, 93.04086732758317, 115.39047081122058, -23.488899054780642, 50.072760446718, 39.68557287250588, -58.913288308982416, 93.93410831912169, -38.13152118642085, -13.563042043986515, -34.01953645035289, -32.4440954890194, 66.210445565027, -66.55824500529005, -38.201340134186765, -45.04859400946503, 2.258997761359522, -54.1753631386232, 45.89942006906929, -14.776813239074944, -104.91058064579705, -44.64738064360514, 45.356368480544596, 16.993390227161406, 34.184500638747366, 81.37897349506024, -55.5898486154171, 41.18668146549869, -123.95346322408004, -85.35149560118302, 98.35570075016273, -81.86077686747943, 70.71805755710498, -48.544961938362896, -117.98205733707611], [42.32301806606394, 110.971089815423, -113.97637435606094, 715.1090128950988, 62.12389557607217, 1.2078744167874322, 34.93714269577789, 66.710823334768, -29.372933132529777, 117.10316527909697, 21.271426833080536, 36.05387554387365, 85.75082014855617, -121.11934904652894, 15.0702363488564, -4.452083195338418, -55.3132157011691, 47.772174301892576, 40.31470787120606, -15.47260627535538, 34.70739784322529, -1.2496636175387799, -87.8391861912837, -46.35838901904995, 47.14586667751405, -7.361021347349634, 65.4688372556285, 44.42348657657971, 82.21420794642034, 59.97604969686214, -28.851249569934154, 44.28325473062719, -118.85744951906703, 14.70891022634741, 103.50599811254692, 130.12097089135875, -68.46882771028694, 45.80994545267867, -28.964554741496638, 59.946778306901344, 83.75124894831859, -104.86561641933434, 11.062754765920754, 29.41690662326893, -49.091090786304385, 89.36961070894056, 1.5101171425976914, 107.36452565033264, -17.77623229680562, -61.55655327001701, 25.185414019516188, 15.380972990314403, -66.12744096722493, 11.827537586939696, 36.35091385045064, -18.48180971736822, -60.031258173346885, -78.42712676171647, -23.12862463302974, -36.34583558320244, 148.04531678150303, -56.85564876308144, 8.540994820232383, 19.941950164789514, -0.9237542620774846, 68.84305137708944, -57.69288390411459, 12.958555760974507, 44.44591777252327, 64.93664032018725, 10.496666056100857, 16.51618590213058, 52.09474889908964, 40.81879589808872, -23.520894102325638, 59.93537154141455, 145.0060219326518, 98.37276519894989, 24.9475759986338, 15.386424400951471, -135.38657132736387, 66.38868995911633, -63.736008915098125, -59.05973991907778, 60.948902736987336, 108.05166143713295, -11.082935646856308, 50.84675018205659, -91.8170324687789, -42.539057408830175, 156.36641486549965, 57.495320940919164, 28.937538689354824, 40.9865806528204, 69.64056253577202, -184.31119197907765, -6.561056566354352, 151.14606929416624, 85.13179052180182, 21.5714427462686], [3.5084584021397496, 30.187064216372953, -87.90036636983915, 62.12389557607217, 549.3258810677459, -18.07922898815991, -26.23167822712451, -7.546430700512193, 95.65761215925014, -65.42826766647737, 45.64555029630085, 28.441287080913867, -16.188011566205137, 35.55068388792931, -19.635393014446553, -92.37687472268695, -15.985312421166114, 15.423451577230898, 5.380324003527571, 1.1964038181278172, 50.680479263048284, 103.86380655098694, 13.2368454579676, -27.248796933114964, 115.3717447235159, 70.01538502361726, -108.23749373107066, 18.238517515255463, 14.673466805228841, -95.47439145993232, -20.375524397746293, -150.86638216830013, 3.982194498616265, -66.35656291733844, -23.978382259040504, -53.02825361607112, -65.71455245439415, -1.8987212457419307, 142.80375161205407, -0.022535432027441838, 75.6598028475778, 24.17496944301052, 27.71852641235786, 122.43765462271601, -203.79026956042975, 25.06863944078857, 24.075842307275355, 11.035009063691268, -4.175059546338279, -14.115183340086801, -102.48178437861439, 13.444019999450148, 4.092756915784981, 74.55750211300136, -38.98493664455279, 55.97353237445285, -12.882573986318835, 5.397552693241045, -42.09959885589566, 29.03365004072949, -66.02992225074894, 117.67872099460696, -70.24816600406893, 33.74930907433133, 14.8400817787772, -112.11640955037339, -8.664512164305258, -63.106626636934735, 30.868137328656857, -20.476185825990942, -23.2236277126902, -68.17704387393701, -35.690968554005636, 48.08281962829046, 105.22417381582194, 47.244564084307065, 24.64040789360071, 24.06434153561096, 140.4204199735036, 76.14703255719857, -0.30711552877573406, 77.25176064188977, 23.82339449388022, -16.44897807524785, -84.03053205457617, -93.30435308796136, 36.97056027982985, -11.446552297006857, -89.01181257873962, -55.32235360352463, 9.770401873725113, 74.25499561626351, -65.61780836863475, -117.04568233842302, -6.341311973230573, 15.143680320498156, 101.86979741507047, 27.140890172840685, 62.93107754853197, 56.659890728891455], [143.90983376485298, -37.22424893435683, -63.47464403774961, 1.2078744167874322, -18.07922898815991, 897.977120091906, -23.382147845651154, 47.31268270967215, 24.64455803815111, -31.588418086478285, 32.34633230675236, 6.417008876296799, 51.63470343186327, 24.88534064837076, 46.342696049481184, 135.48384056852638, -56.24875242403398, -1.4198971614396967, -108.7132686659891, -91.87694614731757, 30.926293106965982, -101.40913478494953, 14.728698228494478, -55.47710443261051, 6.542246071635135, 6.768047844882874, -48.578137627637105, 66.74734168735526, -34.82162081722294, 122.4717873350705, -8.48774804559011, 53.012767982892434, 47.20304157558181, 32.08490477816357, -69.54096699443883, 40.036722478471205, -38.53912416443956, 87.12729509265357, 61.6588474906764, -98.17197559563954, -71.4550550641732, 46.416391955843956, 62.14685493700679, 28.248012038192126, -53.244642653861156, -101.45654147385493, -4.2796365677052215, 64.72659710638155, -134.79658839997373, 45.592164306842704, 48.787301824186656, -122.13084529386818, 39.85805901437506, -59.72530924924831, 4.866615578050681, 58.583282792470854, 178.62700605754307, 121.66203643784529, -81.07842739742988, -95.66564634642609, -52.435315538404055, -11.405798979852541, -14.458174692335804, -32.479133663030055, -98.10839833006736, 14.169047470074723, -53.28673756694914, 73.13989170364418, 107.64081931657563, 59.42429407074107, 107.40149352700962, 71.7922758767816, -29.20075759265167, -91.7202832770631, -70.125210185087, -80.44639599252656, 66.51622308490126, 0.8180381332985153, 2.013262784618645, 79.73382181379459, -94.9777436549602, -20.311263046200633, 25.833484283884836, -26.26634464133577, -78.28518985125994, 15.145729571091671, -77.14044935119506, -35.83782597473867, 81.7471510448599, -1.8126127628600233, 15.628052907363722, 62.192539731972616, -12.632660347900451, 48.244726201456096, 65.59335717483813, 136.30841759333444, -49.40048128815925, -2.1425272384342517, -26.52497069392397, -78.43993786553423], [-30.681072121324643, -16.692299717343985, -204.01570551501007, 34.93714269577789, -26.23167822712451, -23.382147845651154, 779.826839032501, 214.2243475130876, -49.05683813887161, -53.858779302181816, 48.22039736014708, -179.11033124837343, -141.7827194572456, 32.19142802864554, -4.115367254756715, 1.076588426618693, 93.69934351757487, -82.93442863009132, 163.77070347424205, 84.22744943278019, -14.744877162862105, -15.083135180589508, -84.69001298521427, 15.41561087329502, 89.51207607278141, -41.00067553189504, -7.479069568907867, 28.484241660252202, -68.05326791053616, 3.8711156746710675, 23.932583845892285, -89.072573787097, 30.892503870274133, 25.573799292521503, -126.13977484977173, 49.96647470114363, -41.483144473948435, 96.40117521868076, 42.19292790915673, -45.17395257460982, 54.642856263722365, 51.77510467666391, 32.49624778509421, -72.79227881493357, -87.46723107211947, -2.109237410171154, 139.0143513689442, 72.64047572540962, -50.000473001157346, 141.57462947868078, -33.76178764518841, 2.697463401599555, 65.89689683208636, -11.80358862572364, -13.797948059227041, -60.48939310668156, 3.8003738158008726, -26.149576429071335, 23.969674149636024, 31.057215339978498, 55.122253716662065, -37.20095866354753, -15.727081756394284, 89.08860830891062, 94.93804149586468, 2.380797702387728, 28.004989623014907, -57.8098308597472, -47.989901204022026, -24.397580920695166, 8.129469758095832, 116.82990405418735, 64.95800851717057, -116.95844445980828, -25.753313094721513, 47.199027397883306, 75.2437061325567, 17.080437204415198, -23.11074695351891, -99.52814383593024, -56.36313505478933, 163.16067038182925, 53.4925055013253, 66.6233013332388, 26.650073546432573, -23.570527623240963, -23.527113370024523, -29.23343830434459, -56.75838625060359, -25.293806675310464, -90.1760214588379, 40.065610293501656, -52.38668585199473, 19.356292713135414, -8.101748896009308, 52.02200118063327, -63.02182519796663, -52.63628272453308, 29.83075432996353, -62.6826771812398], [37.69066892049472, -41.46352511535527, -122.10216482292263, 66.710823334768, -7.546430700512193, 47.31268270967215, 214.2243475130876, 984.0661299595188, -24.16528375292803, 0.11083701826361468, 11.395478122050301, -18.67903044066935, 51.585467498133745, 41.736339933799464, -63.20811162899733, -1.0558074189899083, 138.30887344103255, -83.66535927441355, 102.26824879758153, 29.466666010129938, -35.83690114629085, -64.9276470601235, -108.2441335308748, 65.43587953273463, 115.13763693826779, 69.02905439089713, 90.8575525728513, 18.594603095819974, 8.762921339821546, 6.253927938769455, -5.463887434325658, 6.414455912440838, 149.15719523409268, 105.26989365130012, -87.5623392047883, 58.60805219050372, -157.446086808957, -33.63454299419296, -67.5693066821179, 22.26082240699093, -83.02206096533098, 74.28046714998906, -14.187164526003214, -27.914228670832475, -1.103974214093446, 64.52322611344049, 14.863882790493872, 125.56259334238027, -7.107306798460154, 86.38124504323001, 36.52757627131836, -104.6034667919038, -56.565375145294524, 24.408989306381685, -46.03143369860263, -25.2484776627667, -139.68678527991815, -3.28043413496374, 84.7023327067628, -156.43077218625965, 32.97499043075276, -31.728191584616766, -73.51972312447849, 5.073923398668447, -208.37939345977117, -65.18226030939279, 59.98710647211371, 40.525721623749924, -16.59182055372633, -52.32337422101871, -90.37693690501108, 86.81926451231767, -86.5228987263438, 101.99979296165377, -8.881057243242804, 49.90452362197763, 110.01258906645482, -80.56720578701466, 32.35085774970743, -62.93366870786126, 77.63029778317589, -3.1653105388525686, -3.7776423828959804, 39.52188632797255, -82.1169167277996, -87.21974788388258, -68.45032537796706, -62.80532814265145, -47.04731067859281, -56.29910832508158, 72.01197149423093, 107.26017401707341, -44.662036199100854, 15.777724766700562, 73.75041103707092, 75.5336340553243, -92.64452842156899, 0.8488292105193571, 65.2683982578406, -7.331264572454167], [-99.22271574428223, -95.32078871747197, -11.629660246238675, -29.372933132529777, 95.65761215925014, 24.64455803815111, -49.05683813887161, -24.16528375292803, 977.6052741509703, 109.49030497123073, 94.45552810754967, 49.08979063152271, 4.3349580629084, -38.65486137201302, 23.490852877991216, 103.5174454068275, -10.710155710823134, 162.71476611862047, 87.93740586150727, 26.113640077800333, 78.14922882401643, -12.071424188223386, 12.932993006796151, -61.970044142607286, -161.425239509902, -53.59447267321611, -7.92709185264901, 62.89594808805732, -99.14627599025293, -60.47062839681343, -0.08153053027586724, -57.25368869709517, 134.90006547610633, -81.256059373648, -40.203269744386475, -26.15491473833497, -99.66406082305565, -90.29187836779947, 111.57818436357668, -1.7967603771047558, 10.129671768874815, -111.91873015773027, -4.923340084409264, 17.25521924251318, 59.363385893304226, 42.52840850902872, -61.198273510178986, -31.604664603843535, -70.14821108926736, 47.38386036339218, 9.207855736488588, -79.16520523343418, -114.79924743830767, 8.888796791383008, 20.029944317818643, 63.181900823238614, -82.81026008921418, -32.926769226172134, -17.071049751159354, -39.570419922170636, -150.85138291578943, -55.03681904883583, -36.43859840165177, 23.950040524083835, -118.05597929918322, -16.423357245004794, -50.807296373229306, 120.50513850464745, -45.230180305664206, 21.943446423032917, -100.02684443308733, 29.140078521703835, 37.24741501679456, -39.25801299097893, 5.358327934914797, -24.319745885688857, -74.0341983463063, 109.79201870803051, 27.32840445232984, -29.33496275180766, 70.51915787171986, -164.40164234710477, 92.22508050824653, 13.558391131891232, -62.542692473177674, -6.45240500327777, -5.763016206504401, -35.8682848764452, -107.54986444737384, -66.86989101706438, -169.31236773367763, 61.58443794617351, 128.96701618754435, 52.037377845701656, -50.10486117941542, 9.443843428763415, 16.221667074283573, 110.67453537431646, 52.514126594176304, -135.54975428803107], [64.60029264459713, 7.404886101339035, -7.221892145121045, 117.10316527909697, -65.42826766647737, -31.588418086478285, -53.858779302181816, 0.11083701826361468, 109.49030497123073, 762.9676315681093, 17.17347942148192, 100.21200898521477, 66.50368505176968, -73.66797627047424, 33.02936698864024, 62.9295267594589, 50.6578721394225, -2.4813905718306417, 32.46957435977124, -21.32118298768895, 0.30886715433902723, -34.55834292760462, 8.19774290104643, -25.072422289141684, -37.89207981428788, -29.60283847609308, 118.2197774750558, 79.3522801924448, 17.62359404294245, 43.4363976451271, -28.410309379284637, 129.877347656943, -174.88406107075656, 82.49033807509498, -7.315670685107814, 11.530617950746993, -77.85123716077773, 32.32845851004663, 198.81808831179515, 67.64025007957844, 78.51093351405116, -59.09077121823107, 91.28337693806401, 138.27078719277043, 38.66397141947121, 88.88110116021974, -22.699144792329047, -77.84676612221445, 4.991961244064172, -63.0306776357067, 125.20796370323833, 57.30041615422836, -77.46422439269709, 43.477234844682556, -108.82848465766078, 33.55910083134419, -42.020389111255106, -15.169273195786227, 37.63376408480377, 133.7602227264796, -28.566425231563784, -57.21398092819552, -43.61196137978563, -10.301192170282034, 9.295375643436724, -69.49610895860047, 55.790431043854326, -3.147162988773139, -107.89996686463999, -2.160360388971318, 60.59493560192936, 57.80249167043523, 43.68118072440415, -16.65691424697925, -96.00497500702083, 51.33832563919531, 47.7253941912235, 93.6200126915237, -52.95483473883975, 15.72762572246215, -66.23080611039839, -28.574947933863932, 23.50717800956068, -167.38344763434094, -5.9459943351687015, 34.662609691450655, -58.90315029482905, -52.104375996424366, -31.696704707629483, 44.77814620637405, 84.11437688333005, 51.02737545151387, 6.80974341935712, 6.298487261901264, 13.265620710319261, -10.00054068055961, 96.88129115867352, 18.713747258596637, 25.377118049801293, -57.32207380307611], [43.274038302786465, 91.69348182773378, 27.420543512945187, 21.271426833080536, 45.64555029630085, 32.34633230675236, 48.22039736014708, 11.395478122050301, 94.45552810754967, 17.17347942148192, 730.1602131351007, 54.40059385660085, 107.7826907716174, 104.18640015205821, 5.119394093921336, 165.476848012065, 21.943412143715765, -15.329715829297783, 43.27613460745996, 71.48587966308942, -62.37348381161019, 89.01222745003734, 85.2430816642935, -100.09576398454965, 111.53275399034803, -34.215442913895636, -5.737434234488758, 7.831843115748839, -115.86473361074918, -92.34247114198398, -17.853247463137365, -122.73454254519264, 25.604894146076237, 102.6624647198021, 20.683757658743573, -35.771076853209344, 40.11084870439881, 80.44939189147567, 3.971721969528607, -46.66136735544049, 98.18906970362038, -121.34616347919878, -53.87058036163873, -12.698584791585095, -1.705742105412311, 50.44201792824882, 28.67180519213567, 18.690393789463347, 10.710455265353154, 49.16992636911099, 107.64130792438245, 100.778419756833, -9.407477722768489, -85.81462770531664, 32.608213542029304, -122.21199692639384, -178.62173564833202, -16.207759407864266, 48.633639820194404, 39.292304144724255, -20.77938649951886, -75.3093913786795, -179.74005891040096, 51.170262369115314, -44.9508421811363, -25.890829339515168, 17.62437406532155, -94.45821674094988, -30.80839074972691, -88.66224520247215, -74.01103100506846, 77.29785964861917, -11.148297530949854, -133.83361401973886, -51.82166890301225, 10.91064151925937, 71.34239016827263, 5.395744784155256, 59.895651497493226, 2.0278579110097628, -18.535295621568068, 42.32438443170101, -91.51447300885941, -35.77660543989145, -51.80125505455176, -92.78833904185885, -58.5015621639017, -49.089228668725, 9.205883723723215, -69.4565977748014, -101.03529110933499, 53.089834439206335, -17.98855993389893, 65.1185974357409, 1.5892714953289462, -88.71543710639234, 105.94633094051134, -12.844869382014185, -29.558511942158027, -32.289908724072546], [-90.2883603458926, -69.58883198006433, -31.283110897481986, 36.05387554387365, 28.441287080913867, 6.417008876296799, -179.11033124837343, -18.67903044066935, 49.08979063152271, 100.21200898521477, 54.40059385660085, 985.1646642617283, -2.1650524496265446, -0.31965253582297354, 24.135225014815564, 30.030541170074525, -123.9799242627263, 17.395078188845492, 50.40957466442325, -28.413707705518366, 41.02340430177406, -156.112035661833, 109.61573917268461, -75.90332762976489, 33.05982952298519, 62.60927335151995, 81.39499209019851, 4.7108525288762255, -31.68806125230088, 18.66645952620552, 77.48941905184036, -11.498229066321258, -105.59735628711125, 104.81745428884774, -20.951455882166837, -23.441597675188824, -20.50251351845142, 70.82547431200487, -33.88034047166793, -62.193318652607054, 39.538581841971954, -128.91612140380138, 9.662407004426994, 84.84881331849101, 73.3974002152053, -147.42089663838328, -116.75353847463016, -203.40439895717677, 31.878133910055627, -136.49426290961895, 55.849146717193825, -2.387472911001543, -12.460699852840477, 116.40139227851434, 34.03459406918323, 32.87721435446442, -125.984510286688, -8.586959534503869, 21.193192876581012, 7.265169181671928, -31.677024293923914, -61.30331950014507, 41.32849208492368, -30.94746834292382, 7.116784621939201, -70.13857268975688, -122.04546160796711, 59.0499467241234, -105.01415427014403, -11.507873570400942, -25.365007248123955, -3.3330922878164477, 163.61426914850387, 151.27441680523023, -24.956852577085325, 78.58794102099228, -67.31407810902361, -31.61576932121059, 84.70799928231486, -109.99648164167972, 3.13334541850879, -122.85576792266019, -75.5501500116664, 9.426607902966879, 3.5836195258638073, 157.85829794055576, 68.00198116103243, -166.40613440198288, 20.373366986165433, -167.71327710682235, 13.795023328156153, 66.88709732863173, -36.44663717052189, -50.78977444840592, -25.02004846888538, 61.39899922961126, 89.74898503772084, -12.919687755170413, 14.125130171416453, -77.32892294665822], [33.531222217327, -57.67040079745974, -44.04249960552293, 85.75082014855617, -16.188011566205137, 51.63470343186327, -141.7827194572456, 51.585467498133745, 4.3349580629084, 66.50368505176968, 107.7826907716174, -2.1650524496265446, 996.2151117741773, -102.87123898677596, 18.70261721488625, -22.00882205809301, 5.366184596107753, 67.7236923133642, -52.25359238033298, -79.60538158220622, 23.933982019748253, -20.708013056529367, -2.484779806124048, 32.09139134114258, 12.819153229381165, -50.56033901729546, 57.486947583394624, -58.14650973083243, 69.49154964003057, -84.37533993082727, -59.668016082890254, -10.377537004873801, 137.31823457232755, 0.8148649962909333, 89.69179604589925, 68.19900127583487, -50.76772694759601, -58.863517763497796, 34.480836961013146, -82.20755786244897, -106.53914341480782, 0.2251606822650851, -34.33403010098932, 57.03396376201041, -126.12958973805394, -90.53255483184246, -54.81473954117556, 27.32415535110879, 29.046154077989147, -16.245169980464752, -103.71428185639061, 68.42338386701772, -90.52820545473882, -36.24925989983213, -80.77203403781849, -94.47968318877162, -81.32780851625067, -71.75317492976143, -84.79540303327093, 81.55729552268285, -39.457163881158294, -26.655087383294102, 49.778267567785626, -0.6440498881096479, -9.222460875580424, 40.06719489257726, 23.40045328205474, 92.62298831051686, 40.97454233721494, -207.7881762202431, -64.9751885133667, 13.411027249427256, -28.8994455406981, -19.298175128389, -102.79849901958956, -82.32786062566673, -102.1872558977873, -106.72821566932045, -62.13906085557909, 116.97047329491863, 73.35308739900402, -72.85724924734843, -102.63246877818332, -82.66172934117773, -75.11284260485839, 69.9544225777374, -121.87895641195071, -81.25741189322501, -64.22567862412731, -53.67689635487238, -85.96815733126599, -37.73467361644505, -14.829312063569168, 120.96786308381145, 72.52463311291625, -26.616209555943293, 44.785513365845574, 10.618092232957126, -5.374221509993414, 140.30828023294427], [-138.75056439646514, 44.11503296241905, -12.268494621003464, -121.11934904652894, 35.55068388792931, 24.88534064837076, 32.19142802864554, 41.736339933799464, -38.65486137201302, -73.66797627047424, 104.18640015205821, -0.31965253582297354, -102.87123898677596, 969.5635999398656, -25.089390031219274, -3.9899595316283216, -59.45839348167388, 96.5941776538807, -95.8040568527144, -22.342266667769838, 26.86437929675901, -3.8532714783416933, 12.906188114040548, 48.72296102051371, -32.24438051967763, 66.2425465843718, 193.73485585495513, 76.21718279863754, -106.41054970021536, 49.70721545727962, 15.685861360936672, 135.57552397375892, 54.90540226293611, 11.685770238471877, -13.370667471220186, -27.271292543168965, 80.14868042647274, 98.23673307943109, -22.347978357348946, -167.10352154904163, 29.194582493588317, -112.24107856772662, 51.79110743136562, 94.99603652855677, -52.00014250120805, -13.780935586135685, 83.35599354759462, 66.95979451098273, -128.112499777179, 11.07123004744354, 15.66697825946372, -51.559178452462994, -38.548970159180875, 90.79669188668613, -82.74123680096106, -112.97487854934406, -6.806119728138462, 93.17663847387655, 31.213427599089233, 61.81057932773999, -97.81273320352977, 4.717796650143188, 58.582117668385074, -18.718351834429225, 73.02694056082889, 34.886337177787624, -23.063871332964588, 105.7153169542034, 46.142299179857694, 58.21184122717784, 88.76714455866797, 26.163387814890346, -21.765502864017687, -60.7987450971086, -70.62223677169108, -85.49437934551597, 160.95438138965736, 18.86416488894181, 138.02507908433137, -21.65624701344606, -12.634495041022724, 107.70089428409837, 23.88064222715837, -64.78817160097344, 12.380637475279771, -31.06767088649619, -36.37106095268656, -157.16099938956566, 73.87797517411377, -16.341620206664764, -142.74013608629735, 31.69568935308502, -54.37583078376385, -1.911135078353067, -29.555993280920454, -72.69569656780986, 44.75215078265213, 55.76226479759987, -63.49580663715083, -14.676132870652571], [39.933985139534165, 89.20939935086669, 76.46579512118954, 15.0702363488564, -19.635393014446553, 46.342696049481184, -4.115367254756715, -63.20811162899733, 23.490852877991216, 33.02936698864024, 5.119394093921336, 24.135225014815564, 18.70261721488625, -25.089390031219274, 790.5145581685235, 32.4126608460134, -165.2809012402079, -105.24450941938373, 63.63080260597604, 6.930890621657545, 72.1414351316667, 77.58050331764991, -11.017635684922832, 2.7394230814842944, -22.382648797291488, -57.29519015531533, 61.529920177385804, -27.818624920896074, 6.523781173588459, 42.62216747034213, 75.8231707936013, 30.371150321703944, -17.272271485756963, 219.15727172447774, -54.29675645477842, 44.10532078469162, 111.16642074854919, -55.27271805593699, -66.57012614656999, 46.450286830163016, 65.46746522042211, -19.14310431335255, -65.90571079667201, -80.65818389462407, -30.158567007163576, -89.78237918805932, 85.86618161502041, -23.772659220685632, 8.726642223801925, 142.99602993584554, -4.448263669931736, -3.641668423950666, 30.675469977485573, -114.83152341137975, 15.828448821602539, 64.91054309111173, -19.1032796654354, -78.48460468197592, 40.521157896064814, -36.82198320193412, 46.272698915514844, -100.80491014841125, 42.45210765115918, -83.28937436183706, 11.727746316366465, -124.67970562744692, 71.52281776710971, 46.57392599373355, -47.37525887312167, 95.0403062201442, 56.01468310747006, 46.00386398475886, 57.75764864691362, 101.75801392617784, -98.03204097761429, 0.08848213227686366, -46.463611818980006, 43.00794658433613, -60.16418694037563, -26.799761295056047, 0.8059204958558628, 38.07744848852935, 10.312979490804334, -82.48408647837259, -59.5052768620361, -176.91601481689239, -54.34289443513562, -20.0263690478584, -41.86829688907226, -38.226599710086965, 46.34247272323307, 77.17063499807995, 124.75442951441869, 13.911761646751096, -88.81497395354859, -111.24733137593782, 116.6530131387408, 25.973659426651746, 121.17220929882846, 97.92127343389502], [0.5171580864676307, -53.436310914818286, -12.013628271768393, -4.452083195338418, -92.37687472268695, 135.48384056852638, 1.076588426618693, -1.0558074189899083, 103.5174454068275, 62.9295267594589, 165.476848012065, 30.030541170074525, -22.00882205809301, -3.9899595316283216, 32.4126608460134, 798.9842928778161, -30.398372628704706, -65.94916813258634, 29.664001907063334, 135.84152058588572, -72.05245939323544, 36.94391289427093, 127.99337574731297, -22.018540426115738, -63.437524851724156, 80.63151712682291, -97.23854985452385, -35.35335966297912, -75.00757881967279, 20.256284209916743, -48.15729107179884, 119.66205260806692, 102.1388855906884, -116.7663983056411, 71.953172530696, 5.765134979595917, 79.88697311120296, -30.169894022249967, 83.269379053169, 136.08465215361994, 139.22930079386543, -81.87237228760885, -44.874610767520636, -23.235914291516785, -107.19467527399888, 3.6378072233308036, 33.411952011785104, -41.360724875632094, 56.60759459955546, 28.276593137645364, 75.49890269264097, 50.75544557203518, -27.975220361716897, 111.02842774474253, 35.76010301134679, 73.85630914593777, -30.530361244520183, -60.939600016891994, -20.777378142173728, 14.575330098515387, 51.50935865899295, -161.0791404931001, 3.318850345736726, -59.61297283100869, 73.29669724353298, -18.692384810020286, -17.891510139490805, 154.734515296607, -39.933763381590914, -61.45553687244867, -60.71926158580452, -15.224683835716363, 30.916259231790836, 25.107068584610502, -2.0938933789344105, 32.33357072913591, -19.174805352576662, -68.32813776683494, -54.39809020371778, 15.627753441363511, 61.12170870982259, -79.1752112025437, 20.45915636104697, 76.54458249432446, -27.78643112295252, 71.45346721741666, -9.148803603258319, 17.401718869095415, -23.149563590243453, 41.355745729764614, -4.0622724189107, -7.929738928338918, 25.892173405507688, -37.38758136267902, 90.0131225611902, -12.749323634507206, 104.61758847000216, -40.70139910257354, 87.67378549942309, 59.94407120713038], [-0.9650619394963701, 30.706131314974012, -51.599938303674435, -55.3132157011691, -15.985312421166114, -56.24875242403398, 93.69934351757487, 138.30887344103255, -10.710155710823134, 50.6578721394225, 21.943412143715765, -123.9799242627263, 5.366184596107753, -59.45839348167388, -165.2809012402079, -30.398372628704706, 871.0521676634786, -69.88244673625513, 66.99738103136828, -21.85693620881703, 0.8796293261644553, -29.997419212682267, -49.415962229380824, -16.34171564294791, -131.10093233985987, -35.221693272537834, -34.429346903905675, -108.25945456591742, -45.34478180430328, -55.41714375036656, -5.953930330580716, 64.05948285877919, 86.10871384771198, -24.316969318464416, -47.52884107462382, -122.09483396344233, -88.27566530940027, -38.22341766089474, -39.630551935601666, -52.80143055270798, -14.878355141665695, 22.296463043640095, -22.784455893007248, 95.99646067261097, 50.193571831945384, 25.537569928078955, -134.89218087365597, 16.07585632297496, -3.093276573870447, 33.0614868474275, -28.679661279934578, 49.48756528087906, 90.97405990708883, 107.4925760640478, -22.55094146167104, -47.87023555839751, 52.35265695748866, -44.93134087174426, -67.07308640902149, 87.11785022154466, 7.227986621281865, 14.14805763570473, 38.17377819451556, 55.97115208545387, 13.848391292376753, -26.6000120496379, 96.70008521703724, -87.74264806952506, 47.10710675910367, -54.565799644352424, -1.3815341303485795, -29.302898381948683, -48.58957130295941, 95.04762131337348, -53.17252131352331, 41.07841202490054, 45.49709082013805, 36.237895724704394, -178.63383101848876, -6.388479849603496, 21.66651905948302, -58.2499282487802, 23.09348363878515, -61.12274747160161, -34.82528942322006, 147.88951585285898, 64.32311267737849, 38.55394446392162, 15.23446420114641, -52.89911335893631, -25.413226351900768, -10.005970025501062, 55.528899649991125, 83.98532305457684, 12.572063152373117, 19.815488278344056, 25.510984054430992, -34.15297832823929, 91.59286344515576, -92.19796743780947], [-36.405426982951006, 54.90471208814022, -71.9508120399867, 47.772174301892576, 15.423451577230898, -1.4198971614396967, -82.93442863009132, -83.66535927441355, 162.71476611862047, -2.4813905718306417, -15.329715829297783, 17.395078188845492, 67.7236923133642, 96.5941776538807, -105.24450941938373, -65.94916813258634, -69.88244673625513, 884.580246057813, 23.56503246120258, -16.951134840203572, 38.811103219606295, 16.970076497451583, -89.55918221149071, -45.21498443964647, -213.95649903689917, 84.9180279258234, 5.158849358704545, -37.50412583434838, -3.2416713445284002, 38.9825058806143, 10.734030975256827, -50.35698753317694, -78.05827404687038, -111.89162355435045, -30.694616091356348, -17.021309718898006, 96.50099931258039, 46.21494505511956, -197.12519816324766, -63.616284933478106, -2.065973665410045, -108.66997679362525, -49.43993802909926, 48.8361823168256, 21.097112381604184, 141.75256956013152, -19.854781754877468, 60.233640868586825, -14.787640909045177, -126.14763820561639, -32.88000118381085, -68.41835190466504, 98.45059000577982, 127.14601040584938, -41.6486397722794, -25.462545471017762, -41.48748736192751, -26.87972717115647, 91.59593313268736, 108.77761100786697, -41.09295282153952, -15.165401181556327, -138.7665203044441, -12.915868525199514, 79.38255825029405, 166.32902572430723, 33.805607019266155, -58.46700454775105, -25.51752283027037, -61.52703438339003, 136.2499082697244, -19.40251425132834, -7.67737965501378, -145.5926868923996, 70.3273647621062, -96.7276196046415, -44.42476620297648, 32.93191313148415, -63.45890161051122, -36.52798162163735, -49.39359569660887, -13.010186480186679, -76.31589603107594, 46.95775638996816, 14.62034342412265, -25.04373287088928, 11.766962480194302, -21.565834711320345, -54.20460764985737, -59.492124352639976, -36.97696848443152, 64.2309925397537, -27.903882964770183, -38.89914875308628, 17.91013521504279, -13.852159081087489, -117.4142712695374, -43.55021432964481, 34.07096059103818, -17.235256619357557], [-13.217662168701107, -33.6606526729239, -41.4686231296569, 40.31470787120606, 5.380324003527571, -108.7132686659891, 163.77070347424205, 102.26824879758153, 87.93740586150727, 32.46957435977124, 43.27613460745996, 50.40957466442325, -52.25359238033298, -95.8040568527144, 63.63080260597604, 29.664001907063334, 66.99738103136828, 23.56503246120258, 764.8624008588772, 66.37848408574895, -105.2737948876995, 54.525668714246414, -50.577758639195665, -61.12150975647144, -56.72946718629228, -107.52749107018343, 43.14536962710785, -64.20602662522666, 44.03414916195116, -36.814108134315305, -21.320972201617256, -12.275107994352268, 16.520170628544015, -53.28072470761883, -2.097445112281114, 85.396308989635, -34.40814481606596, -120.14929748873004, 37.50908934539421, -55.2957016825404, -97.0096509687492, -26.227301606148146, -5.578888759670113, 141.5314909493346, -37.40952657974144, -76.33536573439928, 71.7437901056529, 40.91951523901776, 81.3549508084735, -43.916646224475706, -39.41061932702032, -84.49097346602541, 3.4352305474836045, -22.24444598260485, 7.604295912874341, -16.085041371678656, -89.39056365003731, -176.72642102763547, 69.90880369075174, 18.643060828106528, 124.4236183356523, 10.660703289216203, -92.8070344327526, -82.20434795617483, 59.76599681891246, 35.716182760264516, -34.18588867407246, -96.33431730501016, 43.70426528491125, -170.04762635139198, 28.535297629172966, 23.965367385797293, -27.61316350608223, 42.67656835770178, 63.92742821951667, -80.32043546683965, -64.83562969228467, 11.275908689131102, 47.14542496287961, -17.825373224295227, -6.433925329045601, -5.231256723999975, -12.797567452794516, 10.083533750541863, -26.25433160639238, 19.002026215532613, 36.88679096944803, -47.73028261936958, 7.303343937747167, -208.1681629529343, -33.11694571201058, 90.7320160855719, 52.07117465002809, -66.15917475167707, 30.15543428207616, -2.5830428013216062, -19.69011667836881, -50.23474880612596, 101.72165995173609, -60.80247319009028], [9.305824152757015, -7.462816990586578, -29.168731408265774, -15.47260627535538, 1.1964038181278172, -91.87694614731757, 84.22744943278019, 29.466666010129938, 26.113640077800333, -21.32118298768895, 71.48587966308942, -28.413707705518366, -79.60538158220622, -22.342266667769838, 6.930890621657545, 135.84152058588572, -21.85693620881703, -16.951134840203572, 66.37848408574895, 678.1830155562157, -108.83116488314406, 54.2238478140533, 50.0831415622926, 140.54723806246756, -83.78315990022604, -21.74167683206333, 91.44044691623483, 102.83009095938881, 3.555289208152227, -37.97606401660218, -80.0024995661456, -116.03490030339577, -33.21441527337451, -33.49094868269926, 78.85195940430809, -29.721658749667846, 126.76354398444653, 124.32937090767778, 97.98291580465957, -21.88266869565039, 54.459694221380616, 13.646754328223286, -102.68639253500459, -61.297209281574446, -43.662785050883734, 152.53976451360404, -15.88226064706692, 19.532891474439655, -34.363415385250164, -1.5414173132161149, -32.34869967677285, -19.6139023176708, 18.73483540768684, -23.918222151083235, -67.87665380902314, 11.742054097076043, -46.352492717547634, -154.00828269061324, -86.90769269888631, 57.361427623809845, 160.8320313485469, 23.010341561282452, 51.23894367147293, -127.01945948150329, -17.94166825793726, -55.799505898131116, 17.72082688430768, 59.504737799056194, -95.0932963076545, 36.542616437400504, 16.732704233229935, 49.31702118811311, 89.97447351981546, 68.46706190728774, 4.7591929762103735, -19.643174504099328, 101.8786038312423, 32.474177556105225, -8.477574388356421, 37.769432073706554, 102.36536542454729, -48.934335853361816, 185.20608120801094, 69.62947161857258, -16.81197814714902, -87.5062746725733, -137.88988041540816, 73.51037787052533, 44.46735143840043, -52.64384049663068, 109.92844999807106, 75.25067948884869, -39.06235113897691, -74.48968350570803, -95.027327475104, -62.92865528860024, -88.30155438167203, -36.83947263698609, -101.16424441748788, -31.425423292511447], [60.51580192405473, 104.46273841896218, 5.79246267915154, 34.70739784322529, 50.680479263048284, 30.926293106965982, -14.744877162862105, -35.83690114629085, 78.14922882401643, 0.30886715433902723, -62.37348381161019, 41.02340430177406, 23.933982019748253, 26.86437929675901, 72.1414351316667, 