{"N": 100, "M": 6, "A": [[[961.0371273349914, 14.911418978511298, 53.01394950970835, 104.3212637103238, -4.746534340868771, 67.96579789333303, -59.507069488844245, 6.0130517484363875, -133.92354347866643, 12.65537572030938, -49.23513320772187, -15.059835387876081, 36.54356980759539, 100.13013436069218, 21.327116098712068, 67.62956184005802, -149.52759803712127, -16.723897364352162, -33.49568356229669, 63.23067022306311, 89.5519848912345, -105.12380484631662, -56.80342215307254, -87.69023072537378, 52.40713613904171, 56.10785788104649, -87.1018758441037, -75.82220034662768, -8.10907278712062, 113.38779103725533, 56.14238619896626, 17.25780250477324, -14.942652571723888, -11.174356035744161, -20.53551768841737, 90.52251673778962, -32.97442979575693, -46.55376818610661, -107.38108294462462, 61.08122545462682, 17.952201471782093, -3.760119198341518, -176.8190667750277, 35.77684952936656, -67.79974814099718, 84.23603461202872, -133.00128254444576, 119.99508599556904, -16.22854115760888, -77.03353730795753, 89.2883066537301, -1.890191300893604, 1.6900586734991403, -94.70906283185363, -38.433784451338916, -73.66306837424617, 28.4988357356559, 39.82856488378352, -110.75396145522777, -7.160353974488351, -110.16048547661975, 34.9372401857489, 18.395216831571975, 42.99839253541649, -33.435931685016854, -12.020383523352674, -30.87126322087589, 31.70500857366649, 35.71162878144513, 106.39553393173478, 34.838465130940456, 13.461083334316488, -9.895878861205956, -303.2814362241401, -80.62121149881912, 59.23763054342277, 136.03182720221415, -35.29727452997861, 41.56076504266711, 113.43384226338671, 43.137346279587156, 81.46669784043304, -41.75018638309409, -10.246533135873618, 63.8167307218781, -209.37279621947187, -18.537838234980736, 62.80745676144396, -100.40009440355931, 25.435043165747157, -120.66671287249905, -89.64960420765706, -16.8438497781791, -5.405309792483842, 60.27979359782228, 96.35657224629607, 43.47478607864071, 32.84561072053099, 7.83400757143067, -45.0882201690559], [14.911418978511298, 781.4136862530089, 51.392065831254655, -70.5547741045586, -110.01229177032785, 61.06007597632898, 20.355012321566015, -21.1653968380451, -151.97616297942923, 58.64786408675683, -83.18419958161452, 11.285538650361982, 13.605668591777087, -64.83100757260829, 52.797329632956945, 41.85850909450179, 73.02556167342, 13.74451143227832, -97.10645174951831, 6.2192523854781125, -7.06282498140327, -16.06639700084389, -8.75895701421322, -143.58628694996221, -16.633759839627324, -10.985707484847769, -101.70162219527074, 90.11714239120057, -182.73953375325738, 38.15229990403446, 10.280956400746517, 17.644471543109383, -100.20500166407055, -34.092641025716325, 75.9759130931896, 49.776791227337775, -114.6254709676952, -54.02626749932442, 133.18186534433656, -18.508982119770288, -17.353665619616258, 27.281260966431827, 26.46491353434765, 54.945966241590085, -23.17890966511656, 148.62414877757777, 43.956110379741204, 75.7006626989582, 62.56349918560332, -52.04342923373943, 34.33893827435447, -58.03180520654659, 33.006171666631765, -36.232442033534284, 30.202231347105155, -20.294009038373623, 62.2331315365171, 56.430246235483985, -44.420489585380196, -105.77107193712489, -10.734152222218487, 6.376268062451315, 44.574381987963, -21.929298492837077, -102.03481191887583, -122.84846279169194, -109.72129483875942, -58.11185796341652, 12.714870334443832, 72.5595790502951, 150.179782514327, 39.26391234852307, -16.087150705842188, 119.54463362132101, 3.6243286559254537, 26.250115928270368, -71.43604560811524, 88.36303426466958, -143.89866823660637, 7.2366601596779985, 44.19003582738546, -36.57341418645292, -42.95087962957743, 63.54874586492382, 70.54838926893993, -14.018871123475074, 19.930562827962753, -90.1743340365181, -44.896136449181846, 103.48576807147164, -96.02082723281134, -23.77197625852925, -23.6050711111676, 160.7908497051667, -48.67750691269742, 15.327401688924581, 18.526963643190992, -64.83441104149078, 52.94126742621747, 26.756634461615192], [53.01394950970835, 51.392065831254655, 840.6765940654087, -26.726830188643177, -5.207289395567731, -50.08853164481702, 74.19890200422188, -129.55808222517354, -5.28094741617886, 11.684683572733217, 29.75827056729374, 18.323797059966743, -102.93266471049569, 102.09131539429778, -31.416760238702793, 27.459904082878893, -21.784389133675994, 24.898641886372868, -73.93045208893656, -30.2840775513534, -13.674570363589485, 47.46094822411977, -78.66823333311636, -61.46505659329009, 56.431258354743385, 31.202496588208923, -0.1831487913108971, -163.07799193717017, -72.39366478888222, -56.35088304538304, 1.273581344594199, -56.9754370409943, 90.4292311919791, 96.30938101624768, -67.64646722641909, 42.005269672218446, 93.2724261281014, -125.16290456988364, -15.28863349590441, 21.32429727984129, 6.935793288875938, 69.01992844780816, -221.6818674669902, -102.9127733258385, 54.56986344414003, 100.62150327755593, -43.267654210454175, -15.691795500286824, -18.41149882670138, 12.4385659687056, 61.12038101236494, 20.62552271268795, -69.17064518449365, -49.40031878893631, 29.672728559846885, 28.054087573515083, -136.60396069422774, -17.705991000912128, -28.190015090792027, -19.793805159521508, -83.2507760506864, -28.439267495145497, -48.9208080084, 78.88338526597202, 108.02298199724939, -70.20581220605705, -24.62726957690012, 26.030186197412135, 83.5917205174335, 147.30495399472494, -52.52853436340831, 48.43724935175653, 63.90006367529165, 95.98552230510118, -80.75027630508487, -45.97955203381281, 36.04478625711455, -63.63463008454292, -19.665222550810277, -12.954551964916968, 107.87119810818126, 123.86447979334692, 37.342951760231124, -92.44803538493117, 94.36418364016434, -28.125090696836313, -107.73051863683416, -77.20023860512829, -33.47117627110207, 65.43697268707804, -86.51061737346238, 125.93280235079685, -58.83040060489098, -29.546222198104765, 70.93957656164214, 22.620706831807297, -48.84287668282073, 28.64404072468597, 18.771334895235555, -36.06939483460667], [104.3212637103238, -70.5547741045586, -26.726830188643177, 748.3339061349074, -49.42239471814831, -12.091020611699703, -96.65464098700781, 94.63073868144096, 79.20981557355383, 47.31737550474596, 52.354543968397635, 16.518047523605585, 51.72596714073881, -7.786778920586376, -44.53556032343492, 127.3746995663165, 77.23112181173305, -76.39696803736416, 20.194533730344443, -86.1983665186706, -13.315365209836635, -83.56307099143892, -14.877822065517453, 31.49182400118201, 7.616519858075437, 44.01747135075152, 2.6007166736075935, -29.713334454130024, 140.34909768096557, 73.66959173314623, -14.266710128960874, 100.29359621485764, 117.14630526402273, -16.980060464973747, -96.67957047982695, -51.34942946955189, -98.23524832719552, -17.13296292714806, -67.65038481944988, 43.00974437560924, -57.51485121707903, -94.07342976995129, 68.58260655232861, -80.19653695312236, 135.66524759244496, -111.89741645785473, 22.086950232183913, 25.263125044598077, 69.3845832332832, 16.68341851876325, -6.4118418721938415, -25.438974012113803, -84.58820238290757, -30.6754459956379, -235.7204273316877, 8.727102961644045, -7.9362302238125615, -60.037879124828756, 178.44515579452678, 68.00903295853904, -52.83394549280367, -51.923773206233776, 3.032791489456476, -56.32734377790913, 41.44167370601876, -25.025739478320183, 89.43767219636202, -102.4779916580337, 80.17313804008654, -20.374475058332667, 45.95463483266519, 80.00175864133925, -9.101257973106955, -160.38807633058633, -57.88736975868923, -16.70342701165613, -40.11672320463345, -37.29990187150516, -45.24051525250551, -23.40649417623907, -28.209433401921494, -149.75018061952073, 41.43629027055169, 25.948594195920066, -3.51781218050501, 63.68575285759053, -35.29424386966876, 4.908692675707069, 37.569840554153906, -72.15783966661695, 85.7010776946867, 36.042381860689794, -54.3267098632651, -25.151390493941015, -27.356676949117954, 44.56215142133465, 102.37929919850608, 28.51759107759085, -5.020400575273989, -3.990628902369829], [-4.746534340868771, -110.01229177032785, -5.207289395567731, -49.42239471814831, 786.3482616546742, -89.32396329346439, 47.7731918092334, 72.65049138938683, -0.2591783768628124, 79.9169606377189, 6.641339146015838, 7.119461510105315, -84.46676893749624, -42.664409188275435, 9.239848670593023, 37.184804090746525, -37.20880407211809, -70.80386977589558, 1.1461624464548508, 91.94843290303402, 76.64148336738901, 77.78231464782445, -82.69901043428872, -19.74559956826162, -74.88515941765797, -25.329521536516914, 39.50843237470834, 53.546950165413335, 53.10841377066198, 26.00434339451289, -55.52242412199835, -159.47597851375912, -158.00385459559374, 71.33945799055482, 53.58876408729699, 80.09918410174434, 90.68910570116425, -10.892185864712294, -13.951005271887396, -115.12712500590564, 104.13281901877954, -59.08140165542268, -47.012374510249806, 7.011428223280554, -85.93620943450473, 28.751941893693154, 184.70669939346874, -78.79072769161576, 45.781310017124966, -31.07688922474416, -5.360928576529737, -119.15141467785907, 21.645499215860138, 41.46409746906273, 11.642016514249379, -22.84305366099057, 105.70497442715224, 65.3957095042508, 55.09592167765902, -95.02635761377832, -7.833152964197789, -22.781945183233823, 5.984000511937515, -52.995597535241096, 38.876805833987824, 40.684565961044186, -164.47895617699692, 73.40002712140098, 3.8427039242929615, 38.960754921570924, 52.53560966104197, 12.79277362770084, 30.79308713367412, -89.80433170128681, 166.4271304870928, 51.9262523850365, -38.75269423120806, -23.30643300980242, 158.59677338937755, 22.820139833171567, -6.774195065187534, -12.213068098235128, 53.8109038849075, -85.51947415492639, 99.0249518251122, -51.21733342656493, -30.109605986252372, 85.68312057098619, 36.85794695760829, -105.79811056278976, 47.752774223517534, 34.687369508365094, 63.37875247128294, -109.04553879990486, -11.028530760020962, -113.20950697231723, -82.59178054295691, 28.197250847544154, -1.8085858219313087, 67.68500948482009], [67.96579789333303, 61.06007597632898, -50.08853164481702, -12.091020611699703, -89.32396329346439, 916.7792513980661, 44.124883860107786, 55.34139148449615, 115.45968918746291, 106.79312149706543, -65.28183005594667, -71.9979385569057, 20.44541331176997, -65.80433214012217, 31.340567540211985, 27.804109927990538, 11.479513786918229, 3.1135295266767677, -47.97541457642153, -37.789466817416546, 1.2992301680545693, 23.37028645605523, -149.79176326678342, -109.55951650621067, -12.813844841734271, 106.15541714888714, -72.96705186194197, 2.7437148821674646, -61.156378909079464, -32.395220069937054, -104.35424548395629, 38.210135318076205, -30.721682417967962, -125.55257773844913, 70.7143321936442, -0.06058292493230191, 42.27377800742944, -66.76898275568956, -8.455507277452813, -22.92836951732057, -127.39580540619019, 1.3573963048480666, -64.09836859759997, -107.14145929040949, 116.77520905631295, 94.17460984898504, -18.600872739838437, 170.62784105679938, -8.806847218413797, -92.14733107506271, 76.56966463351107, -81.88805162656308, 6.48628772100816, 36.990759938631996, 1.340120312176958, -71.59624244589297, 18.739905467626137, -26.92916596062755, -118.00347382856073, 9.50168713557828, 6.938165815035351, -27.881031841078276, 137.7010918900638, -49.26752497539665, -81.4553762900545, 3.272520486804204, -134.12273493033638, -88.91865217017049, 59.844230518408615, -81.93893355999843, 85.87254575187099, -113.74693085149329, -80.62115044219881, -71.68746841978293, 59.03764426880341, 12.981871975307213, -48.34857813766968, 72.57042884466136, 121.4130813257226, -57.18668489996085, -123.61042500742622, 61.06306532883888, 38.12388046159409, -44.37637580280759, -19.969243042815734, -101.92850906637959, -44.35568337334122, -59.218653468778946, -25.61362151734374, -47.39569094459277, 32.58204815152277, -30.928098214877995, -44.69680607390258, -25.72397642052437, -124.14960761838007, 90.00384572100168, 54.35897079049049, -165.99608934639815, 10.458692434125535, -94.12983346934939], [-59.507069488844245, 20.355012321566015, 74.19890200422188, -96.65464098700781, 47.7731918092334, 44.124883860107786, 898.6078385286498, -121.16774669535044, -9.186603094939668, 99.47820295976335, -53.81601081715616, 61.71472949225674, -22.149173755695124, -32.30384881650825, -6.37111228825496, 45.592479407588264, 29.371471324353703, -16.852541805725025, -76.14960749765697, -21.29743043505843, 17.394324985632412, 13.611382348650126, -8.985036715022975, -33.28773517568945, -112.23638780828877, -100.03791694927615, -19.549104370496487, 135.27977165701859, 151.58321051238985, 19.316436215248057, -25.958815303088894, -53.171687096800454, -97.87957509329345, -34.051609083592076, 16.362334111602923, -98.24031781357056, -104.77509513338121, -15.16005385876011, 16.387730540126498, 105.81976243395202, 32.625568338493096, -2.123252108457043, -94.20181660860347, -25.50461019986898, 2.6534807969463667, -52.58671893627391, 35.59830721630052, -14.8988511817344, 13.050763456474268, 48.226759759893916, -71.62356874395353, 43.64701236496316, 7.823669550734896, -61.861965802617085, 93.06563034457457, 107.56565851144082, 66.0544998709087, -13.55889663268441, 10.95805751593026, -75.8910216790334, -119.79064664590801, 137.59085291389383, 22.660259433657586, -73.86328521267465, -29.3608602320595, 6.317855688040863, -44.62197503915071, -23.83628013757464, 116.04227819037955, -42.99986549858081, 45.66335218113584, -8.57413598212933, 107.16379213325672, -34.18661514302176, -97.47084166883076, 8.955828576148726, 72.70628688647867, -8.431809043142477, -22.114524199029304, 59.86967080426613, 19.65728454278899, 90.24670371967363, 42.58182163547016, -114.86199630323264, -7.68576727667337, 21.12602533794667, 74.72710281415962, 49.02490488349079, -18.4979717861725, -29.48060429117152, 15.85456998768776, 16.551225139113445, -55.48476191575858, -12.410821021273984, -129.84215585965828, -60.78745447484825, -65.20479810933816, 30.585582074395145, 106.11191570812133, 133.33460697331785], [6.0130517484363875, -21.1653968380451, -129.55808222517354, 94.63073868144096, 72.65049138938683, 55.34139148449615, -121.16774669535044, 1039.2609311475096, -22.8602865761372, -33.38507767410009, -9.826850467463277, -46.15965420377645, 80.68757171764634, 65.59683937421585, -73.78605830516622, -202.00951783376715, 38.46376079436433, -102.15094710331871, -6.030414449741478, -81.9845780600459, 93.90032916521619, -198.0668419652782, 76.80582267911078, 2.5902560759357787, -117.40493284684642, -80.0666924204386, 89.77653513174516, -48.604380892041874, 129.10490867958217, 157.21249992709383, -19.759139857621744, 15.52847612720546, 25.712022441660135, -91.62624358001392, 27.994671191037746, 141.53418420183354, -20.864328606961358, -151.1887669803694, 31.106662998388995, 28.295236411707823, 124.85691534136315, 112.78611564259542, 3.7747344822338063, -24.17595447014957, -65.43207228022743, 138.20108908505642, -47.63778905764134, 19.221520185201737, -68.37307261567697, -37.684280850219075, -19.68678879984114, -113.86778550124426, -29.312443526264676, -130.03432616473964, -54.39615726183891, 170.5323104610869, 148.24615667565175, -170.24052943910334, -19.57411148604217, 90.41520903099826, 148.84318292394207, 35.51206056459471, -87.34704510897053, -122.20430846796097, -140.08011448963597, -81.29132268819177, 51.62461668549464, 54.03874464817824, -131.20652671661222, 26.71636318075478, 26.44308935066448, -105.90088010062432, 139.51251680028633, -45.7099264141694, 8.116242854610034, -68.36900402455102, -14.451351062193247, 106.1128188425425, 54.54512035275468, 44.19255224837888, -22.899943208641105, 11.767843297361248, 9.26107026128926, -90.6398936217998, -138.21175683725363, -12.986069077088382, -174.74038568993987, 107.85117865289845, 52.204198740916866, -3.662800199098699, -5.930174628707682, 47.29881467479656, 146.5567954878723, -143.35036715905326, -102.07317634704262, 25.72960829248534, 108.91344023857994, 10.585071636326374, -13.095854197289157, 52.60542232877627], [-133.92354347866643, -151.97616297942923, -5.28094741617886, 79.20981557355383, -0.2591783768628124, 115.45968918746291, -9.186603094939668, -22.8602865761372, 1036.823680078662, 32.702875341288525, 46.73792768924508, -42.5147824737762, -21.344807549965893, -10.805204537945029, -53.095965891658814, 57.96723755778974, 50.97740182816752, 20.777629982883674, -24.294097250478828, -152.98861004396142, 87.45820618656009, 67.70616622359768, 27.1276151092879, -6.2304009179116004, -55.64745405805305, 69.42378534314622, -138.71966307747118, -66.06250824725731, -39.00832462715732, -38.66492360979389, -11.050327163541892, -44.50368496240479, -48.70582417969535, -21.987020177490464, -172.45078149803228, -142.2004902967506, 0.6930675283756896, -1.4470511196691414, -104.74041257000263, 164.86338736644993, 11.583939753886654, 8.153436147609531, 66.99225293478374, -20.09628415151919, 132.48940628401658, 5.756267861363337, -56.928443859745784, -104.95791670082943, -163.59725222470047, -94.15566176804022, -5.841623802193205, 23.56030398775504, -60.36659017276898, 60.22618950180087, -85.55796464836531, -4.334065372022971, 45.65461004006626, -19.844576348577434, -51.42867295452689, -77.39614978966854, 35.96970783825196, 118.91064498773503, 22.71581897974707, -38.4666136054609, -77.78105161980488, -56.57562245492103, 57.401992076315025, 55.98037558481426, -7.4605374752616, -3.5409991313447975, 37.26156640397052, -48.377907347592824, 27.22674002853061, -72.19146737813352, -92.001839545826, 63.76555554688088, -25.708057281974792, 43.20272452989275, -0.008389026044904208, 41.838889725250574, -108.74237059498395, 51.52326440392921, 15.046814682769536, 65.04606420894144, 36.706646452882836, -53.685358913554545, -83.2028041615706, -16.582648272942812, 93.93243092770875, -9.3628394838162, 23.662387198263925, -22.236096271527327, 85.09882251137586, -113.33800593999655, 36.29245513398911, -24.071049661770143, -53.84764871838488, -68.41737114169072, 110.73425926440875, 49.43004759695461], [12.65537572030938, 58.64786408675683, 11.684683572733217, 47.31737550474596, 79.9169606377189, 106.79312149706543, 99.47820295976335, -33.38507767410009, 32.702875341288525, 860.0026260639681, -139.83512374719663, -4.018133272430624, -106.48284199729254, 1.1967875908560013, -5.612460999297579, -17.85015924720779, -9.565393047403674, -169.92229095720802, 142.11066766051454, -38.117620739173695, -76.39767016262427, 177.7604661562082, 32.44651028742672, 19.326020711981503, 27.4503255812097, 19.308886991311976, -95.01828351251558, 23.251697196439743, 10.049402157111784, -40.70718052016504, -51.65882762869629, 63.43021372923338, -66.28862119876678, 93.3858809462179, 123.50530844761174, -47.1542255596057, 37.46798520998925, 102.47863699139616, 23.441012009211214, -7.526955637670733, 80.38273163280772, 32.7498011424081, -70.9797656083256, -54.08865875047234, 22.85623239060468, -12.856769012258923, -29.321715599964918, 23.795340769421262, 25.917321594286356, -50.09809620830156, 88.2351419730975, -20.04968345903518, -126.30937912289684, 91.37586023234259, -26.883286713700603, 47.62746976755143, 72.82985077453554, 61.425436586896275, 110.62101208084411, -127.40473915547136, -169.73468117863368, 7.172774108263464, -45.0738669038898, 79.89284847066637, 60.44320568113451, -150.64492892764446, -78.95455708426202, -105.54727895220793, -68.2221738418962, -45.93995015265287, -104.38548741116942, -106.67727231298493, 11.054599555002842, -143.63806872387613, 15.090893694269406, 46.5425404113313, -21.458402141391325, 11.422883926651737, -93.2957210231743, -23.301388747489916, -44.28164214487349, -244.2236549561334, 20.88751714391363, -26.555500965830113, -15.87138258042994, -37.55982588772311, -23.818745462985593, -68.67363361059539, 38.90721612927766, 1.1533120176936396, 35.30767639744547, -74.06977943153319, -42.508900144231994, -76.71709430483087, -27.54735735237055, -66.99084393480263, -143.82469765521293, -21.318647701194575, 100.0442147008042, -60.921311286238186], [-49.23513320772187, -83.18419958161452, 29.75827056729374, 52.354543968397635, 6.641339146015838, -65.28183005594667, -53.81601081715616, -9.826850467463277, 46.73792768924508, -139.83512374719663, 691.9818793006464, -37.25227567171613, 25.07690587717031, -81.12142951818335, 125.22275755744384, -0.039257145813407536, 90.46439553279924, -133.89362337574664, -37.146708841940985, -85.43921864893122, 52.474019158469304, -114.8801152534697, -27.58660281582859, -40.93176397066408, -26.56793199897807, -109.12996015238285, 37.017754416924184, 0.1632543999698611, -11.476758587536585, -12.845937781575625, 65.94768059475383, -132.76833138876066, 83.17973547060956, -3.797034809023503, 89.65744379382525, -12.123156580493209, 95.21982043310976, 13.551286957531318, -16.31149124970962, 61.93702768530184, -23.944724201454505, 77.75604170498461, -5.258180207151983, 2.43729497683414, 161.98923048069133, -26.861589870295283, 23.587221832047103, -57.97087279121967, -74.5070166928824, 66.53538015470654, -2.8449374928398052, -44.16956836117957, -2.592567752359565, -46.2759600149388, -127.00608450661224, -28.359264831032217, 80.99447514637605, -35.68862970222683, -14.00461576653882, 60.71501637287527, 39.088111745453844, -7.15805403799259, 29.63736714353288, 91.43924201904565, -52.720739057294615, 20.410648758136674, -51.55582487498971, -106.47453948896855, -49.65921097584127, -1.173270847455705, -86.72438801588346, 97.96743434314516, -6.03132570221734, -5.946435206877085, 51.47600397488097, 85.92024395382963, 5.257875748047632, 12.481087211222762, -44.03061629155175, 92.7157185040308, 76.97741546515712, 166.59229614446446, -39.97834393285873, -16.76196571112794, -6.644384489932925, 17.393873418368177, 111.27831075396547, 22.60554679787143, 29.681893754763948, -0.22563690435603453, -3.7167348897270855, -15.93385666771219, 31.075316326707508, -33.69912121705202, 9.880125245713419, -85.14251230385739, 18.488691208588456, 83.20128396628584, 31.03621150125218, 135.56614173704753], [-15.059835387876081, 11.285538650361982, 18.323797059966743, 16.518047523605585, 7.119461510105315, -71.9979385569057, 61.71472949225674, -46.15965420377645, -42.5147824737762, -4.018133272430624, -37.25227567171613, 775.3077023761442, 10.26997040328164, 110.89412106253246, -12.789809094416551, 115.86084218475371, -137.5043446113527, 0.5414801728582264, 94.60350628166846, 76.90040311381969, 60.79404811484929, -13.531214386405175, -34.10236641186896, 31.37857861181178, 31.136645496616175, 36.37223507472566, -53.24425524384365, -24.647437190254614, -13.842468279462574, 1.3610926601615727, 91.36219229372145, 101.89447109240105, 41.30229946096079, -22.86133617059438, 106.39313129115015, -24.04609631793168, -129.20207274967086, -92.77787388990599, -10.899320750874265, 214.28347866277144, 41.7862409070019, -67.7074224785363, 43.102289330859755, -1.873994132800084, 18.136533356426185, -108.25655213724235, 71.4373758847748, 82.60528193452551, -130.87224252286035, -15.3632593660294, 112.82337961634516, -8.886481709910022, 8.220143576058755, -27.38522624873598, -14.70887914452387, 149.48387634287957, -96.18435697281154, 127.62034125718925, 21.514211130556884, 11.670992103154962, 35.15867092128799, 87.83143536051864, 57.81371508525146, 131.23750743169546, -68.9056110832345, -3.766640033302098, -118.77958887496801, -141.61615867217063, -75.02249787472421, 14.869745686688303, 84.94071645068979, 127.51347961373712, 208.05396729528843, -48.253115159684526, 84.44035941771882, -34.84367311110922, 86.28458578046022, 93.33890493671298, -37.68586314654388, 49.53854947196453, -22.617485556191458, -41.82722814328383, 145.75753308159688, -38.159571757312975, -111.7932758921909, 34.24207250949826, -115.90355155223367, 76.38645802738579, -7.180519132384918, 111.55263614847658, 10.074480828863331, 69.96549936762388, 18.544078225005507, -14.550305627459696, 3.5524261174422036, 32.38007968268516, 20.912115566816947, -79.02965828865663, 3.7564811877247855, -48.84022412711114], [36.54356980759539, 13.605668591777087, -102.93266471049569, 51.72596714073881, -84.46676893749624, 20.44541331176997, -22.149173755695124, 80.68757171764634, -21.344807549965893, -106.48284199729254, 25.07690587717031, 10.26997040328164, 846.300723758129, -57.541002192524886, -12.574855511682214, -93.1633139075271, 21.238317175575457, -97.86701618906697, -17.231194628593954, -87.02871822562359, -81.66536851240345, 179.0744577478679, 73.63220895627416, -109.98231645605884, -123.36919968471007, 72.9731412925197, 19.940450942991276, 88.49498388386517, -33.042773999229034, -9.764127696845913, -7.819322531538388, 47.80751123326568, 34.69317839465381, 30.55827817651668, 55.04463135070862, 37.81575865202452, 3.1502773316554733, -45.65308239122595, -19.47786375169936, 24.062131682636956, 37.954663631130146, 15.381247359283615, 122.52710369784594, 165.80815137146396, 3.803294296359343, 55.75162045465148, -28.939922717436385, 70.99433469808007, -36.34152123186947, 63.290254300559866, 115.62165820390086, -112.86998855247451, 9.72097214870961, -82.06132366103347, -58.59663887878239, -9.476842814371818, 115.7383580717854, 42.056727985175456, 65.78453177097107, 162.64147171065224, -75.05346492152046, -19.887759225667246, 47.450851293049425, -81.78236938769943, -25.846727234408455, -115.80870965960254, -31.878256907101505, -28.274779228054093, 44.976726273335345, -38.03621448024538, -118.15155771630769, -72.88206020964266, -78.6903642889636, -39.609762901280945, 79.7135748129819, 6.717916227495087, 69.76946940963877, -30.83785621137945, 93.31850825043259, -31.58287753431237, 25.629068559979647, 73.55141063252023, 57.94313042980935, 58.40352140973464, 14.383881014045391, 65.9383715168397, 84.2247352550739, -80.52548168163165, -43.543848142383034, 83.10031870889937, -35.32120219524777, 123.1013483083863, 75.04199996803828, -6.8123853051396335, -92.62253008533669, 83.61329824661823, 32.82072159077478, -151.33925053059426, -35.11641267859507, -86.02121875221613], [100.13013436069218, -64.83100757260829, 102.09131539429778, -7.786778920586376, -42.664409188275435, -65.80433214012217, -32.30384881650825, 65.59683937421585, -10.805204537945029, 1.1967875908560013, -81.12142951818335, 110.89412106253246, -57.541002192524886, 784.3206048503496, 32.779337426963444, 6.084265863117841, -55.07262375985628, 161.29733064410905, -65.67736142986287, 85.81694555405788, -26.051921382340474, -8.762626475983105, 14.912679907825657, 87.72818978138703, 188.98903813864217, 25.854858134243795, 7.985553233856264, 96.49226868586568, -47.65176102490596, 29.804566617343166, -117.85350833012667, 23.639108775237453, 7.266568235289695, 19.05569093733659, 120.88013341463062, 83.52612463119863, -78.4503035593932, -45.759441063112966, -37.32208447001562, 128.98737136322347, 10.047222166386105, -55.307115207409076, 65.03748010862425, -45.21426464141221, -63.271169468601144, -50.12541429292088, -90.24365023007137, -77.42939586187126, -57.54993291540396, -74.1487032287609, -92.81023599933084, -14.767399359287117, 88.41190119720866, -132.75744010624712, 34.941275803706134, -21.42219137568874, -128.01128861102757, 51.474861584399214, 2.4952681138585273, -47.39582746450764, 31.595330257549456, 39.380833420015776, 73.30002936768523, -16.960440316457234, 62.00496211658673, -22.715092189698048, 10.471160496444773, 51.5576767375939, -148.79601395105703, -5.382687616237436, 59.38686955159091, -86.57823916370295, 11.942669877551216, -170.5737217629543, 22.80338909570075, -57.35340904532864, 33.98991514165781, -35.00074006279713, -56.33055869227817, 86.6230648379201, -39.935821313386796, 96.00562781779918, -135.061728002056, -40.3611640510579, 79.23530801928297, -47.60486494040894, 7.280966841048192, 79.31117310354969, -0.2837642091300509, -9.548101613445844, -133.63207843477485, 48.84267583892239, 39.31650058632427, 52.56313599560285, -18.260715251242218, 139.40594675663118, -48.88810349842397, -13.232943227113715, 37.619732377711266, -29.82299938564684], [21.327116098712068, 52.797329632956945, -31.416760238702793, -44.53556032343492, 9.239848670593023, 31.340567540211985, -6.37111228825496, -73.78605830516622, -53.095965891658814, -5.612460999297579, 125.22275755744384, -12.789809094416551, -12.574855511682214, 32.779337426963444, 917.8750654850085, -49.035667231507205, -0.899537753178204, 0.8467941542802416, 32.436502484522634, 22.66729297725782, -132.82513444458442, 5.772757316154233, -60.384077171121945, -69.9520123100265, 25.387459002923855, -223.27975636629893, 83.9046046998479, -249.8082197679588, -78.1146774897576, -118.39812301598853, 41.89000060396078, 108.7946433836724, 33.96586624938959, 5.425407285071694, 11.748044501071327, 37.928439578746236, 33.734690544021895, 9.201046065224036, 108.48977519490239, 166.13987170904417, -67.3867464830526, 79.87737726088633, 45.640803326542816, -13.26422155394774, 42.87131225293318, 34.34661709205164, -69.8718547313121, -16.33400717372015, 42.93503467342938, -44.93714835139974, -37.51979987176661, 23.998552635353633, 196.34612994291817, -85.43076847054016, -16.51748635393721, -56.147447524683145, 10.827876104712066, -66.84007528389309, -6.1268412721384236, -85.23039252028337, -69.13917674500992, -12.856846748261175, 91.14115923522361, -19.563308711003206, 31.533836184735957, 207.12416144133584, -46.55927976879961, -149.169920469952, -59.27857658273626, 80.94190973751111, 175.40337562413828, -68.05132601613596, -102.05388082818406, -30.366263397931228, 96.07915572000638, 158.7280424103864, 29.110703143018277, 63.26821821389495, 38.52556335325281, 9.951731187437465, 55.44457380034806, -39.005671051308504, -65.33431254627082, 133.7411384439626, 70.63375675314762, 34.616974781408054, 25.617226376157046, 0.9808859305604212, 45.20076991901884, -49.57794202476927, -45.771405412303416, 0.9858084446605407, 28.749213486436275, -14.61142598730586, 10.014356488687012, -105.55229637187531, 38.87579945704013, 59.1913454336276, -18.11495868770471, 64.56073842528156], [67.62956184005802, 41.85850909450179, 27.459904082878893, 127.3746995663165, 37.184804090746525, 27.804109927990538, 45.592479407588264, -202.00951783376715, 57.96723755778974, -17.85015924720779, -0.039257145813407536, 115.86084218475371, -93.1633139075271, 6.084265863117841, -49.035667231507205, 860.1058156297738, -96.57591384692735, 92.76273184757295, -178.42279232032186, 114.28454855562808, -0.159302989565564, 54.47107578425745, 2.10778845924326, -18.226452283593275, -43.62554895438042, 25.67462364512982, -111.2636910560675, 77.39160402529981, 18.356980235225386, -66.02576512686836, -87.32142631640144, -40.6221189171892, -93.22108162049445, -26.789188241087587, 28.56358059125556, 48.922876922043514, -146.29298603004867, -123.97976247805482, -67.83194009472888, -98.6766047345503, 54.09805730774395, -101.6315965924997, 118.88617660193117, 43.74039743438507, -33.45651814423732, -97.57441244553824, 58.57921287509691, 49.91685398182943, 18.057452765106394, 14.279900938592114, 73.91374142187435, 113.3767236289169, -68.88453932054558, -86.63969104670636, 28.9635706489688, 48.51620750906089, -49.77932923538366, -115.33576645627409, 90.3996028376444, 10.730403941460926, -50.89879357468714, 30.647520766523122, -72.57858561449662, 7.594035280640647, -156.3889151884432, 137.70472654188737, -32.18815476018047, -73.70271093901205, 52.63416626487664, -48.073937475283635, 89.2534768426297, 148.58104851697325, 65.82394581243766, -3.6172257706815554, -3.8814791459142204, 29.631931520196684, -73.29556943305074, -81.34960049957, -24.963007929434013, -115.53552607978925, 94.09913982853665, -47.31705964948853, 13.374487333083431, -16.249261337160743, 96.94008398277374, 35.966679740737256, 107.69523585840331, 15.518935891443375, -22.481811991053412, 91.53484636268574, -26.630156327369278, 13.615472317859668, -77.74030930516946, 59.77628195884759, 21.57312678881529, -18.231956164481385, -51.03967701023167, 52.636134744275736, -25.111056363236926, -86.27063609078267], [-149.52759803712127, 73.02556167342, -21.784389133675994, 77.23112181173305, -37.20880407211809, 11.479513786918229, 29.371471324353703, 38.46376079436433, 50.97740182816752, -9.565393047403674, 90.46439553279924, -137.5043446113527, 21.238317175575457, -55.07262375985628, -0.899537753178204, -96.57591384692735, 745.6044632662489, 104.28455149838388, -46.11842252685666, -21.970732516931182, 12.01811027031525, 3.6595854216939023, 66.68586230471574, 40.28993166201678, 35.43531802826091, 95.1383639297351, 89.04493047763658, 113.30244636737827, -19.646571408696648, -73.57423592365029, 41.48054280831585, -14.799589952954937, -33.43707136432256, -41.6213909477636, 1.2602935077208377, -15.686846307247038, -9.289305606638, -26.909977357967694, -5.217582169252804, -63.98373705967566, -76.03753996772035, 70.6143011864261, -8.027646125388841, 96.16756705917476, -9.919193582805132, -51.376223850238816, 40.87570937624743, -20.842908509905712, -90.17292780313956, 136.78253850761607, -43.95903062298269, -11.071322265119997, -37.98307658688669, 5.700166517073777, -43.32059848943759, 58.31956607371112, -43.50151791609341, 72.6995729206835, 50.810148775424324, -117.93456943726073, 1.7015604499459407, 92.45913317156095, -67.3187006298753, 107.06496905831706, -78.95032612561896, -4.226438367807804, 120.45204051870148, 61.406873612507226, 65.38729088290907, -81.38012147926902, 76.64152195791662, 100.71841665080927, -157.03442504558885, 133.67849629531733, -114.83513947328765, -53.012728130324234, -47.12035457118109, 41.645973774185755, 81.4937141632319, 33.63133579590814, -45.176658407772756, 18.478423837193358, -19.552199523294565, 16.801481986145696, 83.09870238448715, -31.120286838343624, -33.81418949542551, -56.191506117286465, 35.58665394015874, -77.95547192277827, -21.37586341647722, -33.807255348415396, -77.95648072509483, 11.104198087120894, -55.06422480785862, 36.496703421991455, 2.1485075638464957, -31.818796865786712, 46.96346618959742, 121.79929011774337], [-16.723897364352162, 13.74451143227832, 24.898641886372868, -76.39696803736416, -70.80386977589558, 3.1135295266767677, -16.852541805725025, -102.15094710331871, 20.777629982883674, -169.92229095720802, -133.89362337574664, 0.5414801728582264, -97.86701618906697, 161.29733064410905, 0.8467941542802416, 92.76273184757295, 104.28455149838388, 948.9619897931345, -128.31169462326827, -37.5388313473049, -75.12190944500163, -27.270111833818632, -10.551788400236154, 106.83029875613319, 89.28827300149878, 61.20531836832915, -25.413017621115756, 41.64979752622658, -89.64691263294661, 18.900496416677118, -107.11344079095667, -65.55251987750435, 57.956719907216126, -52.82572352305393, 6.840251917271919, -61.995206655338315, -66.01288751551685, -92.54893493303646, 4.095249736962676, -16.82876499938455, -3.571002207871621, -130.19596852567778, -0.02498097776880255, 35.78599488838264, -53.12748600085872, 3.322403866983011, -81.21114193735092, -212.67713976906347, -41.98147829835657, 136.45346925272867, -125.44390475760126, 28.94762193183161, 50.97907371557681, -36.17475231674632, -4.073024085448392, -43.596918938883306, -90.1921741568203, 1.2231904912016023, 1.1242930183264814, -66.57328722659902, 33.386847478503334, 21.90573594436669, -63.15566379836557, -21.54615316834733, 96.97293120359143, 31.52371821511163, -3.925307525251671, 128.9492704404964, -40.79974829916789, -42.49089390030878, -33.998628748442755, 44.09849028928433, -23.860129984544027, -6.358496145989521, -54.29770135933944, -29.561152154382675, 5.868198485890714, 4.828577452819541, 9.099832584216355, -8.371669934054337, 89.06349725650506, 61.87485929986291, -14.420378017560733, 61.1253843525721, -41.292300663517146, 16.31628915189217, 44.114641488744205, -84.10674246107168, -94.70123950265537, 35.97848560565464, 103.73647971860223, 93.90643768251702, 6.908827808312827, 63.54851571744821, 139.8502273989469, -34.24119370641755, 21.643490672684848, 8.121374043635422, -25.1536490932584, 62.0818686785522], [-33.49568356229669, -97.10645174951831, -73.93045208893656, 20.194533730344443, 1.1461624464548508, -47.97541457642153, -76.14960749765697, -6.030414449741478, -24.294097250478828, 142.11066766051454, -37.146708841940985, 94.60350628166846, -17.231194628593954, -65.67736142986287, 32.436502484522634, -178.42279232032186, -46.11842252685666, -128.31169462326827, 847.5969477321706, -118.59715276845806, 32.91807221074979, 9.671289094614517, 58.32294844905127, 27.110696992768304, 128.5118746262691, 28.5557027606195, 132.155808234765, 32.42413405870751, 32.51215736810601, 31.343357035012794, 178.86758400479198, 42.0086449912514, 28.80005890960072, -59.569225859172334, -92.5295921945242, -111.83565747863288, 42.48921449447407, 103.61139856434706, 9.660333799769978, -52.9102213839283, -35.66351024965462, -90.19297408408613, -65.82791278174106, -15.501723718040585, -36.808578381123425, -84.33266061313276, 8.813292506155223, 6.269954693989187, -86.15735795008962, -85.89880937330767, -102.78733688653891, 27.80475234400849, -61.03206774089321, 51.42317314004893, -87.07961835982097, 24.660510558676165, -26.561883160720445, 1.3314227333474715, 120.22387685473443, 90.78252987932262, -121.61191007232016, -30.68863359978862, 42.91526008395577, 55.5413243852959, -167.35870556255153, 96.8017388518714, -88.31556730038484, -57.13824033117241, -99.75243503705434, 88.05072731940298, -19.06351355430401, -3.478136719369099, 65.11511074362839, 12.39694387023193, 30.12368196823265, 40.65913298283112, 95.51571399258157, 32.069504899405814, 141.27908936627452, 39.984385316131494, -80.52570742289168, -34.35547299161732, -12.38754792424442, -32.1734609789986, -60.91639853142562, 37.80751535731781, -134.401473466416, -59.74477501375213, 38.546079536748934, 11.453007107954303, 75.61746067225636, -33.37663417565466, -123.26576613916714, 56.251336961891624, -12.54678396368294, -86.04382253643597, -86.30722677072966, 3.0791509700455553, 12.744724546873204, -134.72212561993845], [63.23067022306311, 6.2192523854781125, -30.2840775513534, -86.1983665186706, 91.94843290303402, -37.789466817416546, -21.29743043505843, -81.9845780600459, -152.98861004396142, -38.117620739173695, -85.43921864893122, 76.90040311381969, -87.02871822562359, 85.81694555405788, 22.66729297725782, 114.28454855562808, -21.970732516931182, -37.5388313473049, -118.59715276845806, 820.9741806438676, 43.01657299299108, -62.798623038328, -129.58989554839522, 72.05981287604148, 56.082770804204564, -9.30661690618524, 50.98092579822154, 52.140957644777146, -23.635135069875883, 42.067587125715434, 49.69859730482064, 21.441994564229493, 12.744758547327729, -38.76058005948836, -81.23533051008454, -3.8218352798244113, -13.625128506951402, 67.91238963293657, -74.98277293490624, -113.75727057532232, 15.920344479820354, -31.470818673298368, -14.769476956889651, 70.13856328914808, -122.89538476644691, -43.36002763505344, 68.37422863769245, 39.464910434305324, -8.010842716006486, -45.28280390192158, -5.3706818830607155, 104.44281132455407, 79.36983048671866, 20.343014853918227, 106.69800087640743, 30.43133568358714, -19.021474437351948, 49.07282858570882, -102.77165403937758, 43.464592276308224, 59.24606654476907, 32.36409385818495, -20.463376298908393, -31.031816090541934, 41.0807573100752, 58.837531496928605, 55.09372976097116, 45.62271700877677, -19.796871877606673, 47.51790852091276, 122.6782102316972, 137.15947289742047, 10.858017055435463, -71.0703138616777, 76.37906982129093, 58.93533143856664, -11.923366486460216, 74.34748423576595, -39.400903492597706, 36.72145337151797, 36.82991203501038, 52.423858652940275, -50.63679344681967, -5.631272794098048, 43.37373555918899, -73.94432101706592, 69.3899032877135, -177.96761821991245, 1.6549468088169097, 7.333699834947373, -69.31109213828321, 18.749405074186544, 137.21718313155978, -84.91568349402515, 57.201149389809004, -57.66389822889527, -50.67160119476716, -8.382186077506187, 13.567409424591668, -22.86359625200689], [89.5519848912345, -7.06282498140327, -13.674570363589485, -13.315365209836635, 76.64148336738901, 1.2992301680545693, 17.394324985632412, 93.90032916521619, 87.45820618656009, -76.39767016262427, 52.474019158469304, 60.79404811484929, -81.66536851240345, -