{"N": 100, "M": 8, "A": [[[804.0054778441669, 50.08410422578843, 54.329336915773865, -28.572015602844058, -94.11715315857924, 30.40470760168532, 112.94356086545841, 70.47098046787495, -113.31659690660642, -24.075959142674357, -9.022998185746445, -70.44582548001796, -27.838229152288044, 95.90823582353013, -70.71772707538183, -10.59101676400376, -25.305559969833578, -55.730398790073515, -101.92763612788299, 59.44587188463457, 123.87547856172752, 29.285213893082446, 2.6943664150034117, 12.865764413964706, 9.952844738681769, 24.330724885728213, 28.23944859538568, 64.33335792006099, 33.73858546202177, -71.5385818581526, 20.99714890220424, -32.87772834812213, -64.50293469810589, -20.90962702636799, 79.39128027045969, 144.82374858240456, -46.06225643524855, 5.175792373217743, 25.097155870522485, 58.596109268309704, 34.25130939884497, -49.46868975240746, -56.289494524389745, -82.87237765886964, 68.20088957339112, 21.48585637028081, -120.78380154724795, -1.6415065198342809, -20.46556068242636, -127.51152791970853, 56.22645209967608, -10.424997101692597, -50.764550604187505, 123.0869243197357, -45.63408023566427, 1.5453568165350144, -52.42680887501562, -51.11761641884815, -34.73471230107623, -144.73797105184576, -161.55632772699917, 52.162730328262775, -187.99912199194222, -64.8686527216118, 38.850281849154115, 97.0800989873044, 40.36971899397418, 77.74431592195698, -32.22304866346329, -134.92157156153863, 120.47765775104759, 7.147877715107947, -3.2989254354421615, -143.74446564951617, -23.69552068513845, -158.8894270204716, -33.77504815295347, 35.306094611985195, -89.55139355322372, -54.62671007970949, -18.361912648160512, -100.7923444439514, 58.97908813655132, -36.946287103035985, 42.63420943715711, -72.99007894231822, 4.906797050134001, -159.58037270876392, -18.55967505485386, 30.093482467362218, 4.096002023786124, -20.049084416236173, -45.95908195769997, 77.36304779192142, 47.68000647894427, 99.27528257784691, -149.60080166150422, 18.941565698108533, -4.713166147508505, -36.50183498346068], [50.08410422578843, 1213.874601454145, 82.50563129524056, 13.263810191316454, -37.04121404012251, 63.308284633645755, 22.474560172771426, -30.666381833427614, 111.67437580469247, 5.128983841178507, -59.77350973762446, -108.7424577117712, 29.912071567768894, 65.51239717439276, 101.55786158785196, 41.99939832226027, -108.8947370123045, -8.619880116746529, -40.864484778612216, 45.99367095496467, 12.490659685551874, -60.20163209603111, -20.301993344280106, -87.66725585859884, -53.71107595410872, 31.01445056104806, -122.62839693388351, -146.25401311474923, 3.105327563645048, 83.64773665957193, -52.94685051351621, -54.35582766867031, -31.92181925391471, -146.80141524745605, 1.887780345076106, 4.940801092735084, 62.83695014466514, 120.16845773132916, 98.35937002037782, -102.8708964736089, -4.418205194382289, -101.43131760294852, -26.022901214782774, -84.37663050749542, 84.99463812114726, -179.72634774154426, -27.077400045416915, -212.65955738544207, 100.94871532808766, -161.26455861498744, 86.29941915985344, 19.28207595552386, 88.64997814879565, -70.71926085657849, 44.730804739283386, 21.99244569172816, -0.7626988221112166, 132.32148900083547, 79.88869792795427, -101.90188451484568, 48.28436042012466, 102.38308686037955, -104.03045868779691, 56.59878546052471, 89.60011598954904, 5.221445715028856, -51.321656982324, -122.26009626783795, 34.45067586208425, 99.69879232549133, 26.0391198829502, -66.51603565539536, -41.13842435135358, 50.05954592685679, 67.2570641769537, -95.41628429123774, 54.88122922483619, 16.617886247268174, -15.07178723163903, 16.87310035946887, 149.83352907014958, 16.3033051768056, -44.14128462634377, -46.48779500926832, 53.33233881132889, -83.67481772439511, -30.840778188706153, -11.297817557332062, -50.4707759837864, 162.95252208238122, 121.32231548786034, 143.56554602966904, 27.74061945131582, 75.77107966302663, -26.491252679098306, 26.159992144047592, -31.818757534340396, -60.44419166381895, -15.938693851824425, 44.645302255053025], [54.329336915773865, 82.50563129524056, 1007.79002919878, 123.72243801800289, -61.18155635106164, 94.07015399010204, 75.30579671335808, 44.55056767564279, -3.7287656675541965, 137.56422271413044, -181.2494113273816, -59.3984952823607, 65.86443369736715, -131.89039936596356, -44.508093363652364, -52.87485118464951, -174.03740920474772, -116.79202658651462, -69.99246795132545, 14.788217937420008, 10.576454781509888, 32.94876963860365, 87.55275692263037, 76.56692861569091, 104.63392267371701, -35.70651803731693, 0.15688238837420843, 5.610538252973455, -99.2200122140723, -88.55525480942995, -54.954166817851345, -28.309704623171857, 156.5559438431545, 19.04639227616053, 96.91006604643458, 67.22012461934612, -34.15943528850145, 115.25589949887079, -55.96341093185232, -24.84332310974455, -116.01850532382704, -18.824505426635323, 21.39478163944341, -8.672642563331932, 26.313810951520956, -136.43645943924446, -32.356506959467126, -94.13853592140221, 70.03870870646293, 8.23147907177594, -63.01370557046677, -24.2662617843071, -23.244575296944355, 56.13603759797662, 21.09334402879141, 4.729110893310044, 92.92276767989587, 103.43381826472645, 84.75576672020748, 7.7857704686342055, -23.490822737456202, 111.98251204837919, 7.764217041916918, -55.43705092706946, -26.562292324650745, 0.8638221541737304, 89.15654557279939, 56.329000927862, 63.784917390318704, 5.133108591928259, -19.342544172735973, -62.1810353111373, 98.68352892925763, -118.5430499601991, 23.691918130661684, 58.30918602364825, 70.227005450594, -38.76993887363306, -55.51920404077885, -25.261982009123354, 170.56544259635925, -61.717243837210944, -16.2007452482962, -42.19790496784809, -1.9673835697602335, -69.89675314117827, 26.25926960820711, 64.29717228621055, -88.51828362009901, -22.54233450646308, -9.720320509305509, 2.9025533958792478, -20.438212293308112, -71.7324917545582, 79.78923051797626, 87.45132467859207, 6.687631932737818, -122.49129435966816, -20.24244497193607, 159.21647190213483], [-28.572015602844058, 13.263810191316454, 123.72243801800289, 915.4116617730799, 2.0209571547318133, 12.986390328603038, -27.608724095378264, -2.2570071209124114, 59.27398176805839, 133.8544556336776, -35.6170781020712, -69.75043450717273, 42.23378189957964, -49.391868439395566, 101.78573851141576, -6.750442331710971, -6.235431594396486, 59.22288745174098, -31.969189868918637, 0.8576833620872604, -1.4395648748984327, -49.352888447809235, 10.926061320774236, -40.10636270436633, 71.002608369856, -122.50095278410718, -43.662550294488696, -137.70913008625817, 13.107513202683938, -27.08024552206688, -216.42145838109025, -91.59496847996097, 2.4397285946368683, 203.3548678411111, 83.84059929757764, 1.3238898476888774, 12.65309854996842, 46.95954541713855, 11.970789957800076, 23.090574911304714, 58.66263315114318, -44.28277417016656, 14.55751158738877, -50.5603242899095, 37.74934181301723, -82.42912332004435, -35.68230362367243, 11.147547066779275, 10.815179359293445, -41.73803384021203, -28.032546222739512, 64.5000981271177, 12.039103407124841, -101.85245660782726, -8.627119651794528, 47.55527986943047, -63.38172767328555, 113.26401208915924, 55.41963574159541, 49.28026114375837, 65.03518514983689, -24.34756685466879, 131.45033952209945, -25.028456026963845, 59.87888748559399, -63.771026365668476, 17.37180826530666, 12.126264491910172, -98.41540947643625, -69.3532716958106, 22.59459232060625, 98.38203484558264, 56.4404039247121, -31.842389418489375, -40.100538679356845, 28.788971751911188, 8.680702824228536, 108.99480701360785, 83.38135658992107, 54.46710028289843, -71.87791852918555, -1.4768512506078466, -28.646085329173495, -69.33248501729207, 44.449464991495006, -82.05797303653999, 173.78811839792434, 8.174831456123599, 10.808337759096855, -131.8399588557674, 66.667922939144, 42.76632496964967, -27.537845267996193, 24.216272105596836, 52.75468741646631, 115.07641397070829, 105.99836841933966, -30.698914260972828, -27.262048038751605, -7.286733989725285], [-94.11715315857924, -37.04121404012251, -61.18155635106164, 2.0209571547318133, 744.7776828914366, 50.37137229810095, -64.79294990758773, 38.99801131628189, 74.14637227898929, -65.67787617167743, -20.799224880397237, 6.268218509330121, 128.73777467386867, 13.062669760067026, -74.95475259989986, 67.68586364250189, 92.28319654858024, 46.353632698468566, 31.797069415211073, -58.36889618222843, -58.680544320723165, 68.75609987216082, -59.13120292730473, -103.8159133385816, 39.40698925974955, 85.71561888639614, -87.97060029244554, 9.486073628651711, 22.51769750526516, -30.14223917023775, -43.39293770704182, -58.02760520652459, 92.16067961357739, 94.5858178836305, 115.33354515447674, 21.871109383733547, -70.5249132907044, -70.0462006317721, -41.02697886764486, -26.20159868878804, -130.083678493689, 36.41073487134868, 67.08794252325634, -45.54544287850852, -9.979273765652968, -43.61914805728116, 33.633433105010745, 113.8339924913852, -113.50384954977419, 15.537584837315876, -31.48675219516408, 26.06965215305848, -144.5368930325082, 3.3243465593592307, 102.32075739085275, 32.51040339816465, 44.99036037194776, 110.21477019632637, 14.108397357563867, 109.1780177630103, 67.84501055341238, -46.81348661087709, -77.370393996638, 60.91734015169732, -164.0590653974699, 39.78125603868006, 26.402364072560417, -32.61244191176795, -21.664500744649526, -59.69898650381537, 4.336634219134808, -92.60954351179377, 83.35906455421737, -11.505406386681628, 67.47827822316033, 77.39802252633754, -88.35803881527654, 0.8417770769815658, 100.70421357692148, 114.36975556041041, -74.41781495067177, 24.354136656505837, -152.01720029697094, -0.7643378411489943, 76.35439008313433, -11.463517569233112, 147.1332168161128, -90.0161594194239, 53.081912949615145, -1.1614355023057923, 49.10148338516732, 97.13572248559943, 31.273999715369115, 62.6052777773949, -32.28385724051534, -78.83236660969392, -21.265988085838398, -22.7917470545023, 107.79559331245466, -121.85471517900736], [30.40470760168532, 63.308284633645755, 94.07015399010204, 12.986390328603038, 50.37137229810095, 897.4036111791895, -78.55801507050764, 1.3604213967675698, 3.6209318519648157, -13.661124765268768, -50.08991595899509, 33.78419643752877, 52.489324275474665, -30.92368277228757, 8.406562373417648, 16.023599689211856, -172.60261182928957, -2.7292064247614904, 47.37669768571513, 19.56805959570075, -151.22572049542433, -37.81790301422323, 49.453817137037504, 44.44285967809767, 45.747748793837694, 7.88173682119464, -45.80303565488816, -82.76341152051663, -112.06693643109892, -40.96814784911998, -41.40287640267436, 31.16952703044406, 48.15751155235212, 66.33514533386783, 33.57443758178333, 46.47417065293257, 73.59223823516615, -164.41457176572604, -47.464873409245925, -52.187592253088795, 97.92020826441656, -27.066253037090327, 47.694834931553956, -4.159962929331121, 50.67008804354822, 43.10074050043083, 79.92059391556029, -124.80850158003956, -42.14180297868707, 4.47181256276277, 63.703816592806454, 55.725672525558466, -22.08923490526307, 67.18662275430893, 44.84495816421736, 81.96582939518038, 4.00840665328924, 88.12270887567398, 49.04181501958043, 175.9071873534967, 75.33809949626686, -85.22871932000768, -113.8936026502178, -44.80612483554106, -150.4125397849726, 3.2033667226947125, -75.08152649287729, 97.8531114799828, -11.92043194746916, -48.85907609699038, -8.945410161734134, 56.30279541897809, 18.625396644223372, -27.516167876796807, -138.26289625178413, -85.6092911406068, -102.65552496488445, 12.06474125492385, -7.304788799102763, -40.321289014607245, 95.4424507684904, -76.67016923100049, -68.02877545904414, -44.5005257814621, -43.07079722787853, -23.10909194041388, -89.95647667571912, 24.345518867534892, -14.287167497875215, -133.29609478801495, 53.94231214103034, 2.1507690470573197, -18.249023457361066, -40.82088073689681, 59.997991862410956, -55.19507246727959, -20.41168352664745, 64.55737286883158, 119.13421570808877, 74.81387691557036], [112.94356086545841, 22.474560172771426, 75.30579671335808, -27.608724095378264, -64.79294990758773, -78.55801507050764, 992.9730132483544, 92.69118532745063, 86.67963378897146, -47.02326721270684, -62.294768868627436, 38.16855275951619, 14.211615504110211, -118.74424713292335, -32.486653731016624, -31.405846632765655, -71.62550436330744, -16.94540759976255, -16.542279638972488, 11.597798645956129, 80.97854460029225, 38.400102180412716, 1.8986536342001303, 96.13552294482272, -29.807048955942815, 186.6153974310696, -24.082796709650047, 19.803129649994016, 13.657143649921919, 108.35284203058939, 38.89795908364534, 34.44685773128665, -21.384878620406187, -69.30866643968518, -29.201784904921947, -13.121672581942809, -68.13592172873868, 5.14217151346471, 26.02702510675278, -82.27623485445442, -31.42744250134674, -90.80266828148504, 0.6211630614533392, -78.61540150637421, -28.084289915586332, 58.429401463348185, -39.200383070895036, -9.700560049720819, 2.4707939522321962, -75.17172435558999, 13.36378957681295, -35.111791855140545, -15.963236553454301, -52.44312177646403, 8.30855165754167, -70.75857339497907, -261.70172492666717, -81.95695771191437, 69.80722325124688, -91.62869738656141, -61.139496667329325, 72.40588106121096, -192.8895373666211, 65.3505882693667, 23.645037376839806, -65.25413409113472, 21.294177420463967, -207.14862582735202, -16.72621827173531, -97.34406018454514, -25.194275439191284, -25.556689807436598, -12.329571583630003, 146.98411742641633, -0.8031439210730205, -40.594717615548326, 18.185158669874998, -70.22651331042077, 97.12237075465733, 121.98219810653015, -3.7356160068496993, -18.27518283809406, 53.188194250016515, 88.00686362909832, 10.309822630641081, -82.0021931703814, 54.02607178694481, -79.95062179005207, -52.16712669029584, 9.239447487269235, 100.83857179613774, 35.265401411356954, 63.9971450023993, 6.242415349579062, 45.40679252364084, 102.9820679034847, -152.66412695033713, 23.17422917255567, 38.50834073733317, 76.34007625481428], [70.47098046787495, -30.666381833427614, 44.55056767564279, -2.2570071209124114, 38.99801131628189, 1.3604213967675698, 92.69118532745063, 938.7568612049276, -12.9868377694114, 75.28739764134627, -56.83099936020829, 23.347842580660004, -34.478165225489285, 6.078676775683846, 86.14538783640366, 8.730770083517138, 105.98305553140834, 69.84486686277506, -20.704546648177043, -99.74378650940199, -65.63535745920657, 63.73635226468985, 62.39587209308911, 93.46562698436014, 105.64327076892877, 98.90288468505186, 36.515487888704165, 8.196061434653727, 93.31307478522787, 48.36109942657752, 122.92742603665742, -8.871406196431751, -64.4727430496834, 75.42923123381381, 50.93475718452022, 0.9544927878005138, 80.87033195564995, 70.72216710859968, 67.1355902814173, -12.317354756103088, -30.761888854875103, -9.672394784572278, 38.710837974127266, -86.93836937233986, 27.51986580208706, -68.19159831624003, 38.384230202606425, -15.576880888372834, -35.92200017271699, -56.33974667578894, 51.29574898891875, 44.791771973224996, 10.223030990798106, 14.388213684165125, 62.56862220139946, -29.41612082803312, -42.452179378327735, 48.13647750017254, 7.569308903119683, 32.41983251747713, -99.67094659191338, -4.609160320565012, 128.82469706878337, -8.947862816263465, -101.25036607516077, -122.21436400450372, 59.84893582210887, 77.81200736170337, -40.547230141371315, 73.09971917760691, 4.275169161468131, 37.415844446305755, 2.955539019876513, 95.71878479882608, 85.43451718332987, -0.05858639911619074, -16.190987086917225, -49.831254131720236, 80.35483448136569, 27.659558782221374, -81.54252599513497, 23.37955850565875, -0.2325412374820017, -25.209529791464448, -82.18263773365061, 155.67046992650464, 31.97888907958595, -79.90521102690722, 54.038233701033285, 72.4527801770935, 84.59238504117891, -26.62915590833717, -62.84461351996928, -99.91916987300175, -52.306263080336095, -15.418976133036818, -30.036297594739228, -61.28217604405235, -84.5267099501211, -118.82706794039566], [-113.31659690660642, 111.67437580469247, -3.7287656675541965, 59.27398176805839, 74.14637227898929, 3.6209318519648157, 86.67963378897146, -12.9868377694114, 1057.9818940750026, 74.60315025566443, -6.290006671489672, 44.916951311902956, 31.283702918364217, -4.549389148464363, 33.08522543224594, -30.270225544033618, -95.32356174665787, 59.16696408609482, -29.794376819037087, -96.4124415807024, 59.660948866678616, -51.36844084580519, -26.300002132106158, 55.86463329254738, 23.804198561245006, 12.238999949489424, 72.89319048077714, -68.93747559792533, 95.7897699450011, -54.84552254528739, -77.88828220386529, -43.288681101494745, -112.09927317901813, 148.44325007982712, -13.007892783274965, 18.75942331877961, -32.81376634028125, -10.004778904908806, -46.522395195876854, 48.44730445744461, -151.04170334670965, -93.43077298394549, -68.93801709162203, 27.769363691100416, 46.35013699076425, -13.26702675393248, -111.68380410868933, 42.54319376867142, 36.05172443860851, 71.10767252927829, -0.910932419298262, 41.65438918923446, 26.47649229673225, 64.11683111044583, 26.72736518507721, 13.300525739002333, 138.62472004403978, -32.10309318404744, 56.91728186420102, -104.34005078971454, -39.24922117046625, -148.5914416564263, 75.25228621602821, 35.58688828174928, -57.58490127083769, -27.33384809208458, 27.829924835306148, -87.45035312533598, -81.83102565190671, -123.8686851022354, -56.09170740596121, -95.40467699320385, -183.277269671809, 5.928341797560969, -192.870643085514, -29.46868798073278, 39.462423589231804, 47.21293307407906, 96.64993607703597, 27.464621389253182, 47.851702705533114, 79.7188669242743, -101.43437424406244, -42.53704984631002, -18.846952080391173, 19.23693821089214, -61.33516436852168, 112.3746629710507, 50.097779984791536, 48.86843807100344, 24.26033063692039, 118.29806699013578, 87.78667715443093, 42.55213876547595, -120.72667165499757, 60.47504067925387, -21.160799001979996, -54.65320736732941, 113.00701455562172, 156.81417870792643], [-24.075959142674357, 5.128983841178507, 137.56422271413044, 133.8544556336776, -65.67787617167743, -13.661124765268768, -47.02326721270684, 75.28739764134627, 74.60315025566443, 911.9710574389414, 33.18035883984776, 72.8318103656984, 69.66256678217094, 31.014830929071913, 52.956560594791604, 124.00777613955074, 27.800315536582133, -108.99672540179189, 68.3895619990471, -52.82365439385677, -69.42345400353958, 97.19094255427015, 6.604911691606955, 149.05639834779177, -16.216421580230477, 68.31341359172583, -13.85238519908088, -86.97802082601451, 130.00923043224745, 90.19938595192598, -49.63856034301173, -42.303013708355415, 36.55448442902446, 152.82817635300393, -118.898197613619, -16.378242597850043, -33.86685434364996, 29.182041262299894, 52.12726146122161, -59.045403286014285, 61.89017614907886, 103.71446428109232, -16.43574115565257, -15.653231901949987, 132.507824948541, -67.93540854992332, -91.14338076258556, 5.144046785933909, 42.09460484494411, 143.7458645398523, 26.3470713095179, -56.73205824608489, -60.60884584673287, 50.00652402195993, 23.173684303903045, -52.676833462056905, 31.14357739027693, 40.38080889700585, 30.342242802349773, -44.12940717452892, 34.675320386458175, -53.72019920754159, 72.49024412347187, -55.115000005073895, 32.13834173015221, 75.54761083290802, -24.70996320820323, 65.52316462553281, 1.8303845638899658, 44.510280850503264, -109.90913960047071, 91.26182883978599, -51.80383211258224, 96.73950921044914, 24.45352922841337, -100.725475642687, -66.96041704944162, -96.06193552350481, -2.9749634051596567, -20.458044579813272, -56.77684486015381, -43.432465632258676, 11.805572016963051, -59.62880168555784, -77.63452817600589, 28.70677833624654, 89.94875367167538, -87.82117822896798, -82.7487339786769, -34.30000051508711, -132.36591398286913, -35.85753551998054, 69.76419809460158, 37.43655366075335, -32.58703736869893, -24.845579820843664, 31.699404270607964, -67.15374907702083, 18.047458945650856, 115.16596160379922], [-9.022998185746445, -59.77350973762446, -181.2494113273816, -35.6170781020712, -20.799224880397237, -50.08991595899509, -62.294768868627436, -56.83099936020829, -6.290006671489672, 33.18035883984776, 959.3196769782776, -38.595831199059916, 3.4771819351476516, -16.387263607943154, -163.0084404823566, -16.660081306845292, -0.45338969138362256, -22.05429548613927, -25.177976241362153, 9.532357954763546, -55.041983982864906, 97.09934486681608, 37.64659765060818, -38.18281544865171, -24.75631949670115, -39.184046057141245, 66.61388512578439, 38.78974856132617, 64.10770725731378, 76.84071740881299, -106.45535189469696, -69.37003285828014, -67.98345179341688, -96.86207778137026, -96.41084781541156, 19.928530351281054, -5.736578957662073, 59.14781772800796, -3.9434702824397942, -44.06255738904659, -68.24972506124234, -2.903100796765425, -94.92731030360285, -13.929344681186043, -46.77999015193043, 35.24475364989801, -14.229367393033582, -10.97427276193728, -5.2229337840920635, -31.938893107755085, -50.629923671942315, 52.8993288523733, 49.78184887827993, 60.897685983542665, 66.86311681050627, 72.15090153064203, 36.869985642756326, 66.77677708738852, -58.420700871481394, 12.99835140085324, 101.7469922319561, -50.80741828227343, 29.913031395116292, 89.25949603041025, 75.59070464729717, 25.755314178507092, -15.84963486687122, -55.22575910377002, -61.83379625603696, 10.910635406139164, -106.20617071080376, 199.6372116616567, 24.104840404433734, -108.62389109537447, 25.480276427917076, -109.22137588758913, -142.5808962303861, -38.91555464033713, 96.55210746140503, -46.171714646482116, 103.61381494481986, 44.72494812365706, -149.87928065743128, 93.6832472538751, -88.86771016456967, -11.401874265797908, 145.59770221741988, -85.94845111115897, 70.4010837826303, 48.686770780135845, 73.88983796978935, -41.43229182463238, -69.64951268207922, 76.82419600275362, -74.42645457181014, -133.31217801346386, 2.516790243958587, -83.16633545875074, 4.2071798069957635, -11.785761987347021], [-70.44582548001796, -108.7424577117712, -59.3984952823607, -69.75043450717273, 6.268218509330121, 33.78419643752877, 38.16855275951619, 23.347842580660004, 44.916951311902956, 72.8318103656984, -38.595831199059916, 789.5777943832796, -158.84033356200712, -11.573705148586136, 31.665472304906636, -3.0294462942504206, -71.99340321117009, -9.781411037686237, 15.269792313113175, 31.07653648428091, 3.777060279405745, -47.286903877574545, -58.845687120164634, -4.847299367943613, 58.7081474303889, 50.12133799051752, -83.13061745982462, -38.06573670160801, -34.640509760634984, -41.11244995944627, -0.9263049154775285, 87.93426976957123, 92.39205590784192, 52.507768279428404, 11.230063778643595, 34.65513328870324, -102.12967918506278, -105.60954528096366, 20.50785864016105, -39.96726709683614, -83.25591269229781, -188.2974622892339, 62.09507732706651, 15.387272146968284, -22.18848721030867, 97.22621118324105, 65.61163711006633, -33.73533269172073, -104.34481564885432, 19.969439085391475, -96.92106594612208, 54.912016549750824, 0.5643320592848277, -21.058130817299933, 52.20760625764323, 195.3023259283292, -90.44292601120547, -21.47806010645477, 78.82611140825595, -30.86247223193897, -70.24007686930044, -91.85275274027263, -25.6425066553676, 11.009945806088325, -94.84696923435645, -17.754203689555414, -45.803840624305884, 23.98138535508135, -19.27607567223182, 157.09593654455853, 16.586056045766924, 45.392247638082544, -77.52828046569333, 14.402426974906623, -32.75048417499745, 83.99410054680567, 91.45843327723065, -64.09547491221245, -35.33764951541635, -8.214702362686037, -123.9376082566587, 189.3815895943586, -42.24549229835718, 75.98034483663064, -25.628246627104375, 29.66994529922907, -135.0407212046554, -167.81768594440126, -33.814333539475925, -28.59532759500301, -20.548365620757444, -2.907365070705349, -109.7714589190875, -2.889104744911674, 144.37993011021797, -24.72984179821026, -131.51074630200668, -18.184181478619283, -79.33020632935549, 50.749878712933075], [-27.838229152288044, 29.912071567768894, 65.86443369736715, 42.23378189957964, 128.73777467386867, 52.489324275474665, 14.211615504110211, -34.478165225489285, 31.283702918364217, 69.66256678217094, 3.4771819351476516, -158.84033356200712, 763.838645777845, -95.57105344288642, 26.07955082645995, -164.81858274144395, -42.38219661987648, 110.43731912863929, 101.91747266806993, -43.42868807434327, -115.62656175972374, -2.947918794333462, -21.68786041708355, 106.66341540242806, 70.32908576953743, -49.62753373674998, -45.82641229236207, -9.88376349687692, 38.687539344974084, 102.00325053792602, -37.66241618426023, -65.67503305070599, 4.846429528320227, 29.001547931289625, 133.283653574937, -55.468561982405575, 72.45126691290055, 65.47512835733411, 53.08114549906086, -35.9530729013808, 92.1519032516632, 18.836953073063714, -54.49977373427037, 31.532547330091024, -34.95483116864452, -21.725493016631297, -64.57781124043608, 51.22884826116716, 57.65908445519642, 5.54254387070341, -19.353800621652404, -58.22852855792078, 23.620740735328393, -26.533854392384963, 15.269668806606486, -101.32542508960685, 135.46285437470394, 82.12630555782151, -45.879848024076104, 52.06153088391072, -10.849498351403138, -12.116381033550523, 52.26591917797943, 34.08170749556011, 7.22169800962437, 44.54008445783213, 60.714190171829, -21.70510632196539, 7.461754659655556, -96.18496041725015, -16.409415631388278, 48.70212392714915, 42.37671737046258, 93.78111719886144, -28.267449182124498, -55.222835791173544, -73.0048587870819, -4.610404388330024, 51.910306911769126, 83.7641957963824, 25.71659441002389, -60.02322525090358, -71.23022553306915, -28.92597067767734, 106.93662529336152, 15.525693516827754, 108.71484292253146, -16.53994350842522, -87.19776896606108, -17.445888212648693, 60.13961623831964, 32.90568704856527, -12.11878712710691, -36.544978457653926, -55.305765404262964, -3.1084737622541314, -42.108642934062836, 78.59680757598807, -4.224570794399079, 7.299990202894971], [95.90823582353013, 65.51239717439276, -131.89039936596356, -49.391868439395566, 13.062669760067026, -30.92368277228757, -118.74424713292335, 6.078676775683846, -4.549389148464363, 31.014830929071913, -16.387263607943154, -11.573705148586136, -95.57105344288642, 774.9434011032041, -25.5664812128794, 23.60413179276079, 42.61470031235983, 174.26077242562786, -137.621630425936, 135.24217569487365, 73.87720880347342, 32.13688216271319, -58.218580320257175, -87.27093205904106, -32.68186216515226, -46.006604234858656, -26.88684455922824, -3.2870999406291213, -50.46503724872268, 15.417186187983438, -41.758407967866916, -50.07508864010388, 153.02545854123443, 50.11454435206592, 51.713651878159396, -128.4506614689447, -22.08911797183646, 41.38976993653075, 117.70427777120513, -15.031752309817112, -48.17804445385405, -41.601795201976394, 14.540054548129312, -24.778220708417862, 70.3054051125621, 68.19985924467451, 48.219261883835124, -73.94118152704351, -4.013987297555701, 34.83135782989301, -25.456801209638755, 7.772053576695546, -48.319759581391686, 3.668003438103019, 99.72869478359648, -55.36976297690884, -50.704946081113526, 84.77589429851815, -23.854101719655755, 12.89135179885315, -141.2401378774448, 34.47863301848367, -153.57688025835242, 109.97203064017889, 7.900877220209161, 114.59893226535043, 0.15687835965308417, 57.50354521304176, -71.29416777294504, 108.81982680486628, -36.94065284638314, -153.80980689587867, -132.38662047362106, 30.423503509095198, 78.49837253175666, 49.64191681824411, 64.97255450013587, 119.98396105212416, 62.516950267846504, -27.45016883225538, 125.52585352371501, -105.70577612803837, 45.66550856890928, 27.301851424414103, -43.221989076913715, -21.422594311955272, 56.012925889311575, -19.489733876183394, 72.0995119461706, -0.7790589963882417, 62.09527127372187, 112.66980726937071, -19.532972246480455, 68.35936532189602, 10.07041146841341, -94.96204474124039, 52.81815193813389, -23.637105110146372, -52.459288352755976, -59.85373013858055], [-70.71772707538183, 101.55786158785196, -44.508093363652364, 101.78573851141576, -74.95475259989986, 8.406562373417648, -32.486653731016624, 86.14538783640366, 33.08522543224594, 52.956560594791604, -163.0084404823566, 31.665472304906636, 26.07955082645995, -25.5664812128794, 949.1401651977742, 135.53206656064188, 14.059205185755255, 96.21209912605667, 49.64860725636149, -5.223315094606638, 26.38394217603862, 78.51242812816959, -63.621787957186015, 37.80480578167451, 64.52860990459949, -88.69828810096638, 23.557913726499446, -115.5741234465523, 36.72477718991146, -14.759222863713227, -31.117326609276265, 103.86575139518573, -156.8278725732568, 126.59557929227233, 78.79197566636505, -41.38662012087811, 124.63787147265839, -85.9658666865116, -14.748791235366507, 85.62892382045048, 59.57577253225264, -111.23820137661063, 42.293468084658684, 144.79735103026275, 3.665398301481517, 34.56686589814265, 21.603133380761868, -175.1781539571813, 17.017470871924054, -109.19252287544485, 42.044090086361294, 3.5199812446989553, -16.63411583478525, 32.31424513820344, -82.73794047381793, -37.78142556014952, 127.32532600495247, -19.7931008004555, 58.620815362946416, -16.134704323954573, -100.15000215617377, 53.07626458521676, 69.69969284982703, 45.69333503633692, 114.12599524139833, -75.63617884505399, 2.9308447751788016, 94.20392916816229, 37.14548979186743, -5.319031004669075, 53.756518603203375, -48.7477567436968, -42.213361164084965, -13.664539369069766, 15.469508159245201, -77.12412490705235, -98.38339789662203, -165.8954738504052, 67.69366524944866, 27.027007090129608, -2.7054591152097416, 17.240887539204564, 117.44924957331727, -105.8222098022941, -3.8824934857399223, -119.64739919595804, -132.34929775380454, 2.088809427141089, 5.695626927037317, 41.96745264995168, 45.95452499349989, 21.79031326550463, 28.134639365883075, -17.161634368516808, -57.2563054851089, 93.53005522736204, 139.35285500659424, 136.825243439857, -124.80578164479797, -4.65624712424145], [-10.59101676400376, 41.99939832226027, -52.87485118464951, -6.750442331710971, 67.68586364250189, 16.023599689211856, -31.405846632765655, 8.730770083517138, -30.270225544033618, 124.00777613955074, -16.660081306845292, -3.0294462942504206, -164.81858274144395, 23.60413179276079, 135.53206656064188, 920.2232636048171, 66.34912890389876, -201.74731645411853, -53.08772664192267, -9.687271984442152, -42.26624505553399, 23.516373273815486, -86.67768302784728, -112.51425201018961, -53.439505722384595, 21.01016444279926, 7.018696177426175, -0.975460275674169, 51.78356144764624, -95.1054613520825, -58.91677062258375, 61.76721882739003, 56.55161468563345, 49.24584673513111, -86.63542527357063, 49.400550134942776, -53.891565657098354, -38.586289502184584, 133.80133507471976, 1.4398813923584408, 76.95832913651725, -2.0421048669276405, -91.41729667429011, -141.0890334624163, 174.6065924532506, -86.50429468594265, 25.39546782348673, 66.33500004391553, -17.7881865712024, 79.9215280395014, 35.22180843835849, 29.43040050295796, -33.25778331127305, -136.80130528680286, 41.39195689526402, -8.929508212430251, 45.99012956868509, -20.973782849522944, 39.238358638626806, 0.20797599269574704, 19.439984284626934, 111.50698429577884, 7.0062162266562025, -75.98391392564649, 1.3859228081155395, -17.803390907715, 0.818176898280575, -4.377922642666783, 52.72236108289692, 130.09715159910786, 176.10355548106887, -159.8506533062197, -2.5729264443584086, -1.4609337502622903, -147.51308236334313, -53.67337326165053, -127.36344701315016, -69.88990093936197, -36.67113256716416, 20.09288349286773, -3.5973240663395223, 8.668897862778346, 44.74415259778661, -74.16434966098623, -99.27843923406901, 6.894828075666773, 53.99935400514282, -102.30562759188817, 63.915061637907996, -119.12755229654793, -78.25897165935119, -43.415573564819915, 54.9129265306215, -52.802014062273905, 56.1958893942115, 42.27444600992192, 19.773139101446162, 21.631019996518766, -53.851557629481675, -31.904893800525112], [-25.305559969833578, -108.8947370123045, -174.03740920474772, -6.235431594396486, 92.28319654858024, -172.60261182928957, -71.62550436330744, 105.98305553140834, -95.32356174665787, 27.800315536582133, -0.45338969138362256, -71.99340321117009, -42.38219661987648, 42.61470031235983, 14.059205185755255, 66.34912890389876, 961.1772981691128, -52.151627965237466, 115.4855911248564, -149.54835857773085, -42.115647801378095, 18.68176746952758, -41.47642196576479, -96.16774292581243, 106.60520000593998, -113.07928101834516, -20.338752824564654, -3.3374073790332557, -16.780367311545383, 52.81099997990467, 48.01832696325708, -44.795048154309804, 139.85678606664007, 127.03265288430134, -34.89808281751846, -1.6614943603974837, -77.80290071725692, -66.57690990287671, 60.22478814801454, 122.48886132372243, -9.207818232797292, -67.67235523071824, -129.0206852876446, -120.92079223095544, -106.68567286018333, 74.36881160170118, 62.54264377354647, -118.68969712310567, 11.753265920006212, 6.685871574545564, -9.886409177102351, 208.58879707219907, -70.60193337038106, 4.963759601133915, 72.37197234115321, 23.106594244037158, -57.826765503929145, -68.75129244278727, 100.15975304647175, 23.10701441554046, 102.00045742030898, -51.53836591579094, -67.71746880961567, -4.51217921005622, -46.23132560935004, 143.64484659555893, 25.883872545643968, 110.842164519836, 78.47961736310633, 43.36794256380069, 53.56981270931001, 6.427989825709837, -27.59288550701476, 74.53761784831396, -92.98490367896146, 59.44951173420958, 78.6274752754747, -33.25159171711311, -5.976650489669123, 18.213343053827856, -82.5680997491347, 79.3717549381613, 44.89316127706455, 59.26733825640264, 14.887405407572983, -41.58441549248733, 134.81699809275764, 49.56709139308688, -62.425885642136, 40.4695425012223, -82.24812807738196, -19.357501335308427, 30.06029436245687, 27.584642062074064, -45.12901966169977, 37.47116713561547, 86.88077065180887, -0.3815531006169831, 0.5630934820389968, -35.35828815651939], [-55.730398790073515, -8.619880116746529, -116.79202658651462, 59.22288745174098, 46.353632698468566, -2.7292064247614904, -16.94540759976255, 69.84486686277506, 59.16696408609482, -108.99672540179189, -22.05429548613927, -9.781411037686237, 110.43731912863929, 174.26077242562786, 96.21209912605667, -201.74731645411853, -52.151627965237466, 981.0472652310522, -7.127169779282483, 52.41587287317385, 20.505213137614277, 122.89979565150445, -56.962632670150974, -63.236850188581684, -114.53983285795637, -117.60766007472407, 167.27174065944297, -46.42678214257878, -74.6076600427146, -9.171964034389289, -134.38432551257813, -9.070632759385544, -160.42777586745558, 83.13421826387884, 45.2474250367461, -112.20361772378753, 7.547210409136132, 90.22986975236202, -46.72291798120854, -96.97341781312622, 13.889148007453961, -154.56005497933026, -2.108908739381409, 60.889297672423915, -33.0356927052297, 105.86278762323091, 25.06156469017337, -120.4692180655905, 59.177924437475866, -110.57160540788848, 99.19373149196555, -111.11249711444006, 90.39525490613947, 26.156662831748115, -20.700011110099137, -46.1584967872646, -75.59369579251832, 42.34877882891737, 46.947011718715224, 39.16967856294348, 96.93836748796207, -120.73515726665671, -50.01785863888844, -23.034437891932104, -27.53156018779076, -68.73751373869378, 46.83026137131506, -148.94343031024343, -24.34982045607786, -66.52238384979846, -71.08833620285375, -101.61359722562403, 117.37799103715591, 51.73181134958923, -23.72110267595595, 87.27229722507421, 57.2210128400612, 22.48206224432444, 53.8549069512047, -30.532588876125743, 54.34132646870269, 13.434129298790866, 13.954066875052376, -38.80764567256078, 11.660346770674217, -22.19707040983267, 104.7953059982238, 19.905608250028127, -33.19029715632413, -26.03699217025352, 25.730838029911737, 154.65327822159654, 17.869303452454787, -81.36285845523467, -31.446402643446493, -170.8963976854598, 50.80593653447559, 103.92900097464491, 5.23898638493362, -63.64045509499016], [-101.92763612788299, -40.864484778612216, -69.99246795132545, -31.969189868918637, 31.797069415211073, 47.37669768571513, -16.542279638972488, -20.704546648177043, -29.794376819037087, 68.3895619990471, -25.177976241362153, 15.269792313113175, 101.91747266806993, -137.621630425936, 49.64860725636149, -53.08772664192267, 115.4855911248564, -7.127169779282483, 893.3486915789991, -32.430967102499906, 14.669023297408227, -80.97093390108499, 26.223309136794906, -82.33016417267535, 62.012963798565984, -9.704204875527878, 48.628914531693155, -98.22180083641675, -5.6141831376230344, 13.323594320490866, -81.18679051775631, -32.00189919497186, 16.418843879729597, -72.98238460855819, 168.62700874874295, 74.54589622989087, -112.50108795484354, -151.9317904780395, 77.86823331663469, -0.4575330186020223, 10.538809033101888, -8.447401661932833, 105.15923918436904, 15.070141696154781, -96.7966920401375, 20.10328356254028, -75.68447599868576, 28.056533433762677, 104.54862098991784, 28.642846221311917, -98.61721892130082, -87.6594092738592, 70.16048876716832, -57.12629377816965, 105.24114940013042, -16.058628106334012, 159.64312468997437, 73.2354815729177, 41.08825214845945, 153.68107451147864, -16.724072456983297, 31.547103527071055, -62.80427980627029, -38.75851580833263, -73.75744593443275, -89.53910991844546, 86.00095599600633, -79.60253062786467, 94.01843160792798, -23.766624653133473, 8.548991951431478, 243.2338643187782, -39.431556974192866, 136.1636618647281, -84.12087002878795, 88.22515072439589, 77.18755876939466, 16.030579389375475, 32.159260127648594, -56.599053264398236, -30.359936175507265, 81.49095867192315, 103.28892646840053, 64.06493826718925, -65.99406518856313, -9.130398808478141, 42.98035138979735, -167.9068092031875, 53.509446442998595, 15.93266766536173, -4.9651530754543, -61.91955516663012, 16.179887892093554, -49.189641160138265, -94.49969250851682, 9.757897482684314, -73.42351037977969, 12.296009621902936, 44.86497057776444, 89.81934085273784], [59.44587188463457, 45.99367095496467, 14.788217937420008, 0.8576833620872604, -58.36889618222843, 19.56805959570075, 11.597798645956129, -99.74378650940199, -96.4124415807024, -52.82365439385677, 9.532357954763546, 31.07653648428091, -43.42868807434327, 135.24217569487365, -5.223315094606638, -9.687271984442152, -149.54835857773085, 52.41587287317385, -32.430967102499906, 1107.4063977695057, -155.00793017801064, -74.894631589144, 48.440042468106206, -48.83571491992801, -99.78009408343077, 152.75284496970016, 64.84184527315516, 29.709409547501835, -79.8700405484235, -34.95695536501185, -127.98010432089738, 63.40444194254384, 174.94475366480845, -56.373381937367576, 85.94386473993029, -33.81722677260995, 36.979193870360916, -99.99933895181579, -29.187336531410658, 84.05418009400199, -32.52499766693584, 11.236582983405265, 1.8716330504099414, 7.321691123635951, -16.148544528349344, 124.30966005058814, -17.122307125311984, 163.7895848766357, 2.4063000284408345, 10.728788036631611, -39.13080717459793, -111.45507324223152, 49.20385544993245, 120.69810517521636, -16.123912911533253, 106.64578113477546, -12.52825687983783, 3.7106258185235914, -89.02679508473015, -32.004194387033465, -15.927131268900444, -117.46907938228979, -61.12500500731631, -42.89974171443018, 50.35175953864294, 7.571165262670237, -65.05956989666447, 100.9278373278631, 145.03455429309378, -37.38728395193568, -23.661302632727974, 50.817889954266924, -50.34963504951935, 62.35431359267123, 48.80867104772823, 1.3613307364136844, 48.11869504962151, 102.63485265719062, -79.7763168622743, -82.06753782162171, 71.5546815540049, 17.654046140741485, -73.6839635505183, 83.28108252947324, -28.463694082281023, -83.85013335232769, -66.1898399242493, 18.77697450964866, -1.0804583120753808, -3.9594668758739267, 63.06606706467032, 98.42396842152804, -39.07736575791847, 144.71029415716973, 6.640126586431112, 62.17971716855775, 33.13040991609271, -41.506730446751675, -35.5662382534375, -151.3111270463518], [123.87547856172752, 12.490659685551874, 10.576454781509888, -1.4395648748984327, -58.680544320723165, -151.22572049542433, 80.97854460029225, -65.63535745920657, 59.660948866678616, -69.42345400353958, -55.041983982864906, 3.777060279405745, -115.62656175972374, 73.87720880347