{"N": 100, "M": 5, "A": [[[878.7350466893984, -34.98204710459598, -31.5040697540416, 41.24977741557691, -137.44192170216573, -42.581623267320914, 92.59897073897638, 18.275492433944773, 12.782075891181915, -46.91385505694704, 109.68044873934676, -55.62810984429321, 30.59975138518376, -69.97480298438606, 8.599984292970552, 28.853495219043882, -12.3731070414485, -23.424072834663114, 55.83797014192305, -142.43487086368148, 11.575435784029148, -94.00527139501634, 77.5935837325325, 96.20183185640435, 75.1434444912802, 36.19883399425463, -142.6112789252954, 178.4012000477058, 176.84161787218142, -19.50144990321968, -28.14900561938984, -40.33156881481074, 7.844794107342462, -51.258951180880494, 93.1346680052882, 56.26859576289323, 40.85656850853138, 7.594682420525536, 159.53121717845735, -84.85845780828977, -57.311140100901966, 25.153375235234563, 19.36853509862854, -106.6068195027953, -22.586499217092992, -189.53455987794803, 32.01982528615255, 5.002712711606073, -30.49774508255083, -68.2776399866004, -16.623679461970475, 125.32285801936578, -37.82269861423068, -11.20010030664232, 52.10922788554107, -195.78760599523943, -20.069890404963946, 67.09964606769161, 55.919505242004234, 120.09078679668406, -176.2481826653679, -94.59464895777573, 23.868110942002566, 42.029277336663604, -35.32256061891677, -109.53443809635803, 48.99098633176596, 49.94385192647211, -14.768147314185313, -90.60445560424962, 25.741445343023468, -28.084908612962337, 16.68974573926649, -7.8930812667092125, 6.456367028510974, 58.93388384115965, 120.78597331779494, -44.28152213364787, -51.431113585311124, -27.114540399117523, 51.65799788695179, 102.62539599236462, -92.05730700667438, -81.34796215943508, 4.035312412555623, -18.954238627690206, -32.83951939562409, 172.33399165124246, -6.664963544769572, 65.27882798039685, 113.60073397000383, -44.45372827204068, 156.7905109378224, -45.32670094713116, 29.45227154417989, -78.87623744756982, -104.5567050783633, -85.01369915305243, 20.552501161589344, 63.56235937963107], [-34.98204710459598, 869.8160550742551, 49.99810855407847, -25.281403852733202, -109.36692266509745, 0.6199923716098501, 40.912851113982164, -34.5467569121045, -36.69734467074388, -23.69761025819324, -38.99327460742933, 60.99237369281501, -40.37996239923422, 46.45196589186314, 50.885381931799145, 18.071967958861435, 85.33857567256311, -31.154461039836605, 42.66420748503172, 140.9145672798882, -125.84354638332388, -59.43621572123129, -82.77799040240397, -141.36462788360683, -86.1907785646646, 55.11181495657306, 10.273848922745602, -34.987606329275884, -13.931205255668107, 77.66719094650894, -60.806717234753556, 153.38437336873088, -74.8585740761922, -53.40837893882288, -62.042632303614184, 82.84031100315289, 44.473384227602644, 6.000005577413231, 28.53475613668307, -56.78802702169074, -175.2657314140293, 11.07485851399322, 107.20471498894848, -60.79328952345959, 6.360155509811159, -183.37268895269958, -43.464945320518815, 30.19279519739071, -92.57983033552547, -62.259596062637634, 70.13323730265509, 68.32291606162947, -148.9193689023018, -86.1265138040722, 86.12988644324356, -47.010383149321314, -55.720126657799405, -86.24444161636954, 32.15316331639826, -119.859768641277, 31.09126482527112, 86.67076544079454, 72.85165925382893, -36.15217439712565, 209.3714441638817, 58.28716413965896, 87.90150821483269, 83.29831938864058, -124.49348918250334, -8.42913381462702, 185.40455232733288, 89.40308794146304, -86.22887039443144, -36.78067459702043, 169.93180051904565, 87.37561861073895, -52.69091636492039, -57.08887885501351, -22.308324147808083, -58.642321930011754, -43.94080709681561, -193.54711756808584, -18.26179352456079, 34.307645676916586, 69.26257493139076, 51.063656463198804, 35.08043845361237, 22.467095878439245, -37.458968655826155, -12.228467973306216, -152.7383434240204, 16.550450831448682, -48.791803441382015, -116.24237794473089, 116.81532019609588, -95.13529649827846, -108.11567197151713, 39.909469703788076, 53.335266214150046, -8.557185816310476], [-31.5040697540416, 49.99810855407847, 655.6029357371808, 5.386748398512261, 73.96488952814236, -51.12449968474354, 40.82358503030519, -39.28434342830253, -97.03875995021161, 8.532994042731824, 21.11791538526998, 43.669065829983474, 26.22909575057933, 129.04875016761414, 59.09520096743017, 149.78523326092858, 66.33044437918801, 61.71264527620232, -83.28230822609801, 64.90111708817018, 10.620334665766507, 55.0186383302675, 12.079558146533653, 18.390484262230075, 110.35994554077861, 19.899359299687735, 44.4397636559784, -25.607762079136222, 27.847398041933676, -100.29381431616076, -181.73657778175934, -8.28739131066214, -23.001459093708156, 166.20380510432, 11.002115243147356, 61.32814731688027, -41.90855116576902, 76.0308201349071, 80.09778144802944, -27.819198323591564, -4.7677128740400825, 32.139941020404585, 57.628386153271066, -4.534387081160072, -23.330793406943126, -125.30934046409718, 34.306450245628746, -55.589453230380094, -58.37118329308454, -94.08184897579406, 40.53111227590902, 24.9278710731974, 84.24406380561669, 102.22669312176757, -7.698313825406888, -64.88116153575506, -119.84597498937306, -14.664329251956936, 67.60320970409272, 80.70754536539512, 14.98248047137119, -131.07324877638666, -40.32723961854851, 18.55510206719175, 34.60803741566696, -49.7476811700722, -30.47174096038612, -19.724450295512053, 78.5671366975979, 98.54256572275445, 25.25058690389926, -75.5872095512053, 128.13248434466402, -48.118139262599364, 24.040401103365582, 51.074624537093165, 119.76542675460502, -3.3056756274844075, 22.110227525158045, -56.32427989166969, 108.7896432506166, -50.08606474491258, -50.73619201161896, 24.136365544341228, -68.97219070477941, 130.09326030257787, -191.4129226654474, -48.96768639995111, -47.06282619664629, 105.4602484556531, -66.76772053842454, -63.45703627081266, -50.65688125351769, 73.71478951344616, 55.15819484428623, -15.382700699459418, 7.200322228783315, 31.839545835958184, -100.15666861013446, -14.880818569676897], [41.24977741557691, -25.281403852733202, 5.386748398512261, 754.4617171032946, -33.713511909575956, 21.54718398357943, -168.0239726598145, -37.28354957711946, 113.65019609371697, 88.38646911752024, 70.26309401742945, 26.93818283962403, -2.9528014381093945, -68.40100835408505, 67.68415952112726, 64.72269195084115, -13.874773479476579, -71.74396260731899, -58.73717886447599, 54.51464293808084, 41.76432148955283, 93.822508653463, -41.82633074531796, -7.728267069192876, 12.872468665375433, -1.8169967981353472, 113.1034044702508, 23.64485717105991, -95.22234070326827, 88.63416567068919, -8.320045576326724, -33.15948906737529, -54.25715444757147, -111.16900201574303, -29.47348055124861, -4.020309461861272, 16.886883795523776, 25.870377141955554, 94.93324507158998, 160.23627976331682, -152.5100872787877, 12.447340773974702, 46.154023604176295, -92.66894297755137, 90.19443224854895, -8.605030875345948, 82.6599508222093, 91.95776862696316, -118.63378855160126, -132.23707184668953, -74.73333976682255, -4.619564848243507, 82.36548896943262, -12.530326872450884, -181.4866387724323, -32.199926350290134, -87.6497736373149, -32.50175453685973, 35.44044896859815, 120.19192760059515, 1.4712508463132465, 11.291229697915135, -38.538485760909396, -21.670603280318186, -49.758630258136776, 115.09599940384635, -37.53523675560805, 46.88252379496762, -75.918521969458, -23.669904346016853, -80.09171334377632, -61.63029715937588, 19.780146666071484, -46.593043054587746, 6.530612415369351, 50.23756637429925, -26.58483300992977, 57.61429992153763, -12.913182412955996, 61.336130949264636, 38.177525770216704, -52.01235538493597, -47.9073605648772, 5.419100298351872, 27.445442503560503, 34.961884918472016, 30.610682599940105, 6.527352953554177, 107.31663015410133, 18.788977633700473, 84.70003582704041, 0.22322418897435747, -8.860880310454522, 12.755454253605027, -0.03396295306536607, 58.69109010257241, 62.15204794688972, -65.6690947470383, -75.05255216952517, 36.65612510190555], [-137.44192170216573, -109.36692266509745, 73.96488952814236, -33.713511909575956, 898.2016757135164, 50.32770916970533, -27.384499579157, -156.95666305043792, 69.44165755582306, 76.05411373256354, -67.11157747030371, -107.03838351565567, 22.583772731943874, 18.031427879945188, 45.14372490126489, -35.647460462897584, 97.76162019524533, 96.15072826307609, -18.20895968684957, 21.53593652706563, -3.7315272982738232, -77.055962210059, 85.30848095980168, 132.5896047862618, -44.940604628521456, 58.92388681229218, -4.003507880232188, -71.90013173115655, 157.2766587161347, -41.675439186198616, -50.06120571611149, 123.19145240406718, -1.1573609117248689, -38.06477867550272, 43.686768522007796, 37.05842965693691, 72.76641557268445, 54.391700074937646, -105.15570064234657, 57.52514786016598, 140.23978558700352, 35.22226294014628, 21.40180238572979, 141.3507576462225, 33.249013542900805, 120.81297973277451, -115.84189023618286, -19.530272369556588, -117.21454980199992, 10.33242430887774, -9.340635029565133, -114.30733391681623, 16.303348454462085, 55.78411701015789, -68.17910871055425, 110.11798929978374, 46.72157083949417, 18.07614661930943, 65.4244202645298, -13.602330294504993, 100.4648514961172, 25.565613657905306, -50.56778538359281, -65.71252699883944, -131.16006480498797, -51.29810512291859, -25.694004657359766, -80.96612801202076, 20.594914673255616, -40.31489717672192, -82.06258638440795, 65.30014706354628, -83.336257947972, -25.44525070569366, -23.850020348758807, -22.734439191989168, 28.82883855106297, 39.525806814217155, 72.61668623658461, 147.40802067412827, 2.34503128518507, 50.99806045534091, 31.214126853983217, -32.276158778728394, 42.27303340325108, -116.04382958777708, 1.8930679074204966, -113.94607690201299, 46.146689706076785, -106.81450151448878, -68.88921181194787, -1.7857958976831247, 43.04427324912109, 54.01874531425556, -51.574414631416175, 79.03654647555247, 6.762566159443988, 72.5138817412871, -23.77741189655193, -53.29832516569489], [-42.581623267320914, 0.6199923716098501, -51.12449968474354, 21.54718398357943, 50.32770916970533, 845.4901757959673, 21.705389676617298, 146.70227777239307, -32.18283431647282, 14.762023754444794, 40.44735073960493, -74.9712500566883, -93.28881417933776, 41.61830593622718, -60.003777068934184, -18.851967573169702, -83.01810882595608, -19.535894222539593, 55.0431964006287, -60.59685071389387, 73.27906106473834, -7.360434048216429, 48.77458880399203, -7.690842707938314, -82.43332910135558, 82.40669373685239, 50.336471671176646, -56.13095035367585, -6.134400857355966, -28.404554420908124, 76.39181212993417, 50.93013442970351, -7.560590524937275, 66.65172796002278, -76.75934956166307, -12.800753287504996, -81.85427109079828, -52.0620179468682, -71.05307427913682, -9.663890725123508, -23.582138395955266, -81.10708914787199, 40.0133404838948, -99.84666002423106, 61.37035677562641, 47.854046633908105, -20.80780314173821, 24.690666401789937, 61.410737322113356, 35.29004494076086, -6.740978754770257, -43.223333309370716, 113.7967066914676, -183.1375265201381, -43.775522010962725, 110.59070173615568, -10.618762508752425, -13.221775539535225, -27.060278180046307, -41.776238634307646, -62.23981178691128, 97.07720157196141, -61.97886123827197, -169.93167013799294, -76.16660236876349, -105.04998926323736, -36.51159251029671, -114.95452550840254, -147.4149009977662, -112.88704148542442, 12.02270215004972, 40.37826026759078, -173.18169898091122, 60.06357378191424, -19.18922778973048, 0.9476227721928105, -4.019909649041375, 103.18355110418288, -113.57580826607361, -107.08359516358091, -11.897117093837089, -42.23672056049285, -9.937681210349288, -6.549763828022407, 44.1342514359534, 31.406547655360466, -57.56930511500121, 130.68816864408498, 112.08429257303051, -2.4996069608585496, -34.45455749104826, 82.20813060420315, 77.82719138148968, -6.726509559282499, 129.8727450793954, -59.52808272168312, -15.603276280861534, 46.36546343842936, -59.24079340358947, 40.30795318011192], [92.59897073897638, 40.912851113982164, 40.82358503030519, -168.0239726598145, -27.384499579157, 21.705389676617298, 988.4775030281824, 19.98777629592202, -52.87369895209265, -79.47513987481945, 37.99275804618244, 69.12888864679061, -81.33540544576505, 117.07096174602228, 86.45633436276297, 18.952772438395698, -0.6336216510452692, 102.87546512333797, -2.8326094980447576, -26.608121900684935, 53.15924776725336, -30.580534602944372, -3.6293618170328115, -58.063261659733726, -119.12435473949525, -190.53863675451115, -118.87299865780645, -3.9933809973148415, 63.36231997531823, -87.24124280144007, 17.531351604908778, -33.572491318473155, -69.7487141527658, 144.19688537673767, 82.37473345887287, -102.72364414882945, -96.37139714808376, -32.181380989907204, -19.79761097984726, -39.22137351010091, 3.3761474175578265, 53.560779025802155, -70.04779778127048, 16.5735687705997, -96.94557889136387, -61.683537869150165, -133.69848058989822, 28.415970225143266, 20.08956007695202, 3.4961746563369065, 58.227499832207265, 37.37213518239765, -35.73051982771387, 99.82729089617484, 33.70645564007469, -94.12182575234165, 46.18406124383986, -40.284700204934104, -75.38359377212566, -4.055019109667167, -20.48913092474514, -48.350247314980614, -209.37747293881657, 58.9473331865184, 85.96412595377265, -76.11431432697543, -14.182554774326169, -28.99816511038983, 11.024827185963025, -37.43424440108262, -4.379179212730846, 86.43040315963991, 28.94763112295329, -16.373614657600147, -85.16164275334035, 15.537301255790783, -3.0347116703900183, -9.43805419337103, 37.91814954213833, -124.62952776182647, -97.59099795207737, -39.72500465040596, 50.39059389246926, -16.358002185962714, 4.488587019341748, 43.51529939615949, 106.38304923430206, 19.490676774978112, -119.51658763926669, 51.05545444599512, -69.09651752040895, -78.31866519896126, 76.3682713698452, -102.25939341600385, -48.9922251755636, 96.605151972541, -41.63312852793326, -23.180959526501944, 24.241056416745117, -138.90418407447913], [18.275492433944773, -34.5467569121045, -39.28434342830253, -37.28354957711946, -156.95666305043792, 146.70227777239307, 19.98777629592202, 826.5262478586654, 39.22017544862426, -10.179201293277009, -70.90416996178855, 60.93022175422698, -65.52041296299019, -41.9339024223316, -106.66397391037835, -5.224995179305143, 50.26310553858096, 6.96410836210387, -22.790536081522525, 38.80006078456093, 133.3477982850029, -57.52420263513931, 58.3664877664493, 87.32219626671177, -7.194308620353436, -87.69986278876087, -42.54873022147376, -7.1114983295844, -86.15110544692446, 71.0869672603858, 91.55433695543965, -117.43320866356916, -30.094654907282244, 163.5771089483994, 66.32260384451656, -28.97382021730806, 3.5411149421171104, -44.1487612192475, -108.39829417965345, -66.87199641047071, 50.3478201841083, -76.84900007231298, 58.79612082390249, 31.851568869296752, -102.15048288040484, -62.01431222383239, -14.847702758256686, 62.915954379912456, 61.5946936306187, 21.105178511808518, -33.1798366715189, -6.3350416905916695, -39.72681686181782, -13.118296452954139, -4.485601564525082, 6.412370974098473, -105.37662101118936, 64.45448500266357, -100.29695075974847, 25.99820132001931, 22.46082699872508, -13.584602193325885, -20.09344136536409, -118.5444858148945, -20.98317191469671, -125.01366566533397, -47.78954531869176, -80.62033361053537, 33.62729417215528, -4.078857326762447, -31.087679040361344, 92.09372074254107, 124.0842436864774, -2.8723129342091034, 95.46516912762237, 50.48796890955186, 76.24680360934698, -60.44691023290153, 39.94147514117244, 53.758495740384184, 1.5412560665728576, 24.534784555821865, -18.67219824522674, 27.124583030781082, -92.39411883135507, 45.24117207483348, 12.364840486562137, 114.53138877685362, -29.119143639905936, 195.3015500911764, -147.89709534726632, 58.707257700611535, -6.351211245596704, -26.85123582254493, -87.72715499881924, -45.0292474830713, 8.402356395421982, 77.26068806499862, -49.31340432170014, 58.29113469556939], [12.782075891181915, -36.69734467074388, -97.03875995021161, 113.65019609371697, 69.44165755582306, -32.18283431647282, -52.87369895209265, 39.22017544862426, 766.1950096824676, -29.750553280987482, 49.367645278889455, -103.90236564420918, -26.22301915125378, -141.9663803286371, 102.87490802496934, -62.2321989979286, -38.48517354889328, 0.8624981958700136, 65.13998244080753, -38.3743273758653, 14.722066362692328, -61.69648905387665, 27.491580457182064, 120.30576306230553, -52.87690136670853, -112.9325450173099, 47.29434864821438, -34.108455247927616, -64.43141256449368, 15.554742905629391, -120.99493027108223, -39.9371018919631, -31.56382275639112, -24.872899269679362, 110.13463279884742, -119.24824691906628, 122.34442441882925, -24.38611767922092, 112.48430400704923, -97.31401177458247, 28.832994689354578, -3.350096984072423, 97.84642618352505, -104.32051350693092, 82.7111004206145, 26.617294239047165, 64.80385725446804, 84.56596213109873, 5.539751164575268, 2.3555885050031047, -82.14683631177101, -18.378121287768355, -62.96472232839294, 9.429770480818982, 11.657711241762076, -73.35935056713895, 17.020161994004223, -19.161077718539357, 74.62693642106915, 37.43633003044492, 49.100079674952866, 129.35517983109975, -34.99551319519779, -95.7064061579328, -17.393818696732488, 73.46414258508572, 13.200011670059764, -1.0845956115550923, 9.408750210159935, -21.274881713100452, 4.716005600790663, -59.722377861694476, 62.918069242648784, 29.986940140411768, 33.76978867086984, -0.6551654433535198, -51.22666700583622, -8.380855945650017, 102.49219530076083, 27.99315582554305, 43.82402647451026, 42.76391022866194, -63.868632065142215, 32.1690922134682, 37.51146757225604, -13.24128890517425, 115.1054986343115, -33.44301738442746, -9.023621154318384, -13.859036517568319, 14.437132337111835, -86.7604283200691, 50.89404076366875, -85.97454213955453, -51.57735019457511, 23.25916740044694, -56.40243896180757, 10.507884081940823, 56.358513280212996, 57.22386444022392], [-46.91385505694704, -23.69761025819324, 8.532994042731824, 88.38646911752024, 76.05411373256354, 14.762023754444794, -79.47513987481945, -10.179201293277009, -29.750553280987482, 596.6640727986754, 59.56391862926105, 50.02023406092675, 70.57840832881242, -3.4972921559833616, 89.96500666259136, 50.10971138869185, -42.49501749483793, -122.36902027156216, -101.96831339016025, 11.474195088711909, -30.396255372317118, -45.899657414558575, 0.8875011913317973, -18.079416427680414, -37.667295745602146, 27.833747438748972, 25.17797875519604, 49.52816328575458, -85.9058777633537, -48.088269820520004, 15.41314553494325, 21.20753415050876, -11.000159772984482, 71.66240842506019, 85.64087823532908, -65.33714424588005, -45.242125171070796, -132.19708307298876, -23.461209348311645, 91.79241691759101, 36.44253290557543, 3.0460042594260015, 92.12117772465432, 1.411918997198351, 93.08795768797573, 33.418326294298545, 92.12480563363087, 47.02070089196821, -47.04144797521801, -60.94996000907577, 71.92315850542118, -158.62955349448185, -32.86457056255621, -84.50177618425647, -72.67082087173641, 69.45543805670134, -1.0209466991121747, 5.70254004699244, 79.29485159566386, -48.71302830536953, 25.948608549999367, -29.254826717947573, -8.214934189535144, 1.2097549235978606, 68.66703579963458, 22.965236611220586, 175.97749909857066, -38.37938155918704, -141.44828892675844, 96.38027162631136, -25.71212166997116, 6.518356747278237, 27.34945175232714, -67.82653501666506, -2.491777928730418, 109.44469621691472, 149.1529137179851, 135.04889228102758, 12.344582030252049, 74.97809223920949, -12.71168733884011, -50.92878345022077, 107.52359741931271, 15.527304279225284, -33.79503015380453, 87.75148001337287, 84.38049971137997, -88.37132154952069, 151.28966899884676, -39.48312013698907, 96.42441012213473, -27.536334570858326, 80.12608247150358, 71.7443211829167, 63.02552334131393, 35.20231052901147, -36.53736088785411, 3.883553899941224, 46.211862716272144, -64.29848963956002], [109.68044873934676, -38.99327460742933, 21.11791538526998, 70.26309401742945, -67.11157747030371, 40.44735073960493, 37.99275804618244, -70.90416996178855, 49.367645278889455, 59.56391862926105, 537.4473817926017, -122.22009873391734, -19.149377379097995, 24.227497775655177, 57.38882061857309, 44.069901260238936, -35.92460701910263, 60.53573688105068, -58.608812902192774, -81.22351694919273, -97.83052806062389, -75.13637837967465, -8.664561190048772, 129.39877131176777, 39.004002867630305, 104.6317091220683, -67.90001105777134, 113.12643807033558, -21.430693807685024, -49.443074572875936, -52.55189434516032, -33.705260869600224, -11.647076477834508, 58.40195071441054, -30.454741454084086, 40.2025717108989, 52.21062145494736, -76.12036137056093, 16.588214946796644, 31.322052281386018, 64.28293918545738, -18.860084907935942, 35.83910746683272, -34.31541843474941, -137.66277179835984, -83.38086784355797, -13.065696085555507, 57.01769877942254, 50.061871292997516, -75.831211264527, -45.28156181159864, 73.33779950178946, -54.366654890575795, -21.881679908280844, -98.26816003249613, -40.24418036408787, 78.0823789470646, -138.52436979166617, 65.4937670953273, -5.35807780454729, -91.23155660084089, 64.75925976898284, 4.955190962413054, 19.754281242917646, -44.78951983552993, 54.23949812818099, -21.178788741609733, -6.657288279742126, -40.56213069916948, -232.42003569121547, 18.896226347867582, 33.84137254227044, -9.668946410673898, 34.883123671365716, -23.077868057068017, 57.76203463124007, 102.69651282131326, 120.09755800194445, -30.186839522980087, -19.90548356435091, -62.49932976239508, 10.314154755703482, 12.785749237022696, -39.3418706898795, 22.851999241468707, 108.31676003845031, -33.61141538418181, 85.77756532504655, -145.14589502509082, 12.901915365272577, 100.49767806929573, 22.68751932912791, 53.8890715598228, -28.90751903717309, 15.15998316004048, -96.63253733139364, 29.621434306162957, -9.84709478036125, -23.532801799856117, -45.843874502319316], [-55.62810984429321, 60.99237369281501, 43.669065829983474, 26.93818283962403, -107.03838351565567, -74.9712500566883, 69.12888864679061, 60.93022175422698, -103.90236564420918, 50.02023406092675, -122.22009873391734, 828.5797459680128, 68.6132261695781, 14.227547319014946, -2.8755533975364527, 107.74424897075578, -26.909920081699678, -61.27630409113136, 15.138316730708254, 77.73692561705019, 108.08253563050512, 74.60510464789311, -97.9764377609365, -10.234225809417302, -65.02314681396979, 65.05673099654972, 49.94393205118622, -33.494642257816515, 14.813514177076485, -17.747654976730747, 62.74070865885474, -23.749081963700323, 44.22127358065075, 54.20197289963971, 68.32858089449057, 96.4567933514198, -4.7205446873721915, 70.63387446203329, -98.0321124182352, -121.00485196311725, -101.03879363637918, 9.27610488431596, 35.10659738044485, 31.492167612606554, 20.388100691282357, 40.58530751765956, -2.3358561349568534, -24.859951050196887, -85.16279655112213, -79.89535942234654, 20.369652838730506, 34.170678044641605, 106.36401610807268, -41.57124145618291, 32.00954865583017, 4.568877416184313, 31.598692638981476, -22.106850623060808, -119.57134123039955, -114.43563326693386, 14.575902577069085, -66.50583634158544, 125.6114809557062, 164.459387496468, 123.08872151862104, -118.77452165704823, 35.974029034343936, -12.23494078225366, 3.8618233511759557, 40.00929985732039, -45.814956671690894, -63.68808937187633, 59.21101295739416, -50.03975533262587, 115.6270587177129, 104.1233927551213, 62.919053626629896, -23.254830951523104, 142.0987611200203, -38.993503937068354, -18.398760076013836, -158.07359893059385, -63.93823722282701, -127.53199801006566, 81.61968955173103, 117.52754827620228, -7.396413815322706, 15.073852200061722, 86.9500723388838, -82.58247466650441, -83.5836215077483, 94.04170169386465, -74.54754024630374, 1.1416473045987785, 69.64600679585554, 18.237202093708042, 42.83164631586581, -43.89031620345055, -118.1407757598167, -114.69160329496447], [30.59975138518376, -40.37996239923422, 26.22909575057933, -2.9528014381093945, 22.583772731943874, -93.28881417933776, -81.33540544576505, -65.52041296299019, -26.22301915125378, 70.57840832881242, -19.149377379097995, 68.6132261695781, 638.6720261337871, -86.8146928915232, 91.85751271407092, 27.372360322892305, 75.98108203846121, 69.72175826964896, -87.71013075450766, 38.7345182362528, 32.049725002656004, -94.66183723911381, 39.112241620184605, 25.096954028984197, 121.30762200081081, 53.81118229903745, -46.36156903703858, 75.8316246166624, -43.80891484407517, 12.909321231275655, 5.655112256201419, -53.70203927511154, -45.0258069137741, -29.262797776899973, 91.40112548513605, 25.03594673148848, -35.39795161192697, -36.995702403549004, -88.05339332318088, 28.822459338972077, -37.419075340412505, -55.74358266323404, -7.4020934544253425, 9.193056363044773, 54.58531718485959, 36.98237094435113, -0.36793976457431254, 9.654686494147601, 61.23627425177404, -23.643960580870782, 97.15424811903897, 19.46326145682149, 52.43458836543745, 0.971954678168083, 55.55558627622181, -23.44088902841944, 65.43276547045414, -123.21782383600396, 0.4426027550091356, -63.18545831583085, 41.431844857431216, 29.734600893831427, -36.4831456930724, 31.872794994362266, -10.019875622868812, 77.74778558204574, 46.26086923066943, 32.070668013972124, 53.64175680714823, -29.365165234910137, 2.609593248107914, 14.440773540973858, 141.39762477035214, 22.146162635465817, -13.907766556671397, 1.7218129409990377, -91.42120949895867, 15.865138448589805, -87.10536427316127, -44.37669865892752, 146.09319308625862, 50.89883018554533, 62.37451455644168, 12.89691688710949, 65.16565928913957, -22.332148009306415, 93.92704404821977, -19.511228157039408, 68.020672144612, -177.3873572984753, -32.48050970778539, -62.10086701613365, -22.81056626502985, 25.016049391090334, -12.057365080226356, -63.87723670039365, 33.1346609741188, -32.34759227563396, 107.24360394323982, -103.55926168929025], [-69.97480298438606, 46.45196589186314, 129.04875016761414, -68.40100835408505, 18.031427879945188, 41.61830593622718, 117.07096174602228, -41.9339024223316, -141.9663803286371, -3.4972921559833616, 24.227497775655177, 14.227547319014946, -86.8146928915232, 757.3334263061475, 34.311457422681464, 9.33601029231386, 19.052515246995288, 53.04978982131182, -66.69759828205203, -67.36148594849479, 25.546027626103417, -1.4033262748357096, -30.641636138881218, -0.07950554808561609, -48.43401408731634, 92.94780316991714, -91.49697863136144, 65.51007250046254, -53.44084237425742, -51.99794515446546, -31.602086663874008, 140.89910887928704, -52.35111959575716, -52.123150319319556, 152.06104014897963, 112.24893218924149, 23.614461152908856, -10.820092982795828, -43.12789748492634, 47.53806568157797, -121.27166845324908, 192.75576140594245, -37.890508706757785, 25.563382294325123, -10.752294758576713, -76.47189613903817, -19.59808283434617, -80.12590920511626, 80.48787502786081, 14.630183974262522, -75.15438134464921, 3.9560483249913054, 7.8337447613830244, 88.77651449462347, 75.20571231261405, 11.527467858624968, 26.87734510177705, 74.37835100945188, -100.68387533942087, -28.087713320225507, 18.692372205107265, 9.016983120155881, -36.005401856575055, -174.74546306864102, 132.31823772264897, 7.368493458462898, 74.53682345038018, -168.7727062087087, -100.1695497344437, 16.211887255755492, -117.59329319795097, 24.63671927816128, -20.2593038662105, 30.281726405449245, 43.34410080212285, -111.26525091580251, -66.300693119313, 28.1145705083525, -81.45114370548553, -69.65744191514878, -83.18145654060777, -116.55613483899059, -81.2232808169672, 13.513819685166403, -18.594569796493236, 101.9617699744418, -41.69581074924364, -140.59634768740833, -48.00595945964828, 17.963291479920553, 16.31931011375755, -3.9572146351430715, -114.85734576401282, 34.422772220226705, -131.79130539399054, -107.47818101661301, -12.636421331070666, -121.82431655594996, 16.61622309061195, -116.2797540135935], [8.599984292970552, 50.885381931799145, 59.09520096743017, 67.68415952112726, 45.14372490126489, -60.003777068934184, 86.45633436276297, -106.66397391037835, 102.87490802496934, 89.96500666259136, 57.38882061857309, -2.8755533975364527, 91.85751271407092, 34.311457422681464, 625.2770005181146, 20.089722219320272, 14.755287086939507, 2.3990614593232604, 20.18532839289276, 55.77286523006401, -32.72809767257523, 52.45379982368411, -37.621800272636634, 120.41352807570684, -124.60791461590041, 34.78336893083127, -4.092605137219749, 53.48421922029259, -73.86084223306979, 30.971718205068296, 122.44918162608847, 105.92588723921462, -67.92887683664053, -26.479930607258165, -4.290031772108431, 101.3391387757415, 14.998566429456467, -24.9450320567073, -20.039302493665097, 5.6628793297400986, 22.892717163672934, -56.697686708166835, 43.84554911642864, -47.99774866838349, 8.818480730110766, 17.110504198818838, 72.73579603107318, 49.78345596183234, -135.86053598868463, -74.63640791875729, 92.94871451683582, -39.165429525992195, 49.693622265827564, 91.62723876472849, 9.154426706294489, 93.67161431301126, -80.41057246997299, 11.469439140350307, 8.95153548904751, -35.703105039742724, -14.886130712850472, -35.09678971838417, -0.9717545424217202, 46.36246189168878, 8.413401114957844, 76.88856659768797, 40.59277628218985, -1.6792494983633657, 21.068741674888244, 60.017485539617866, -31.016212645741028, -0.2770178253535527, 17.95272053957308, -58.2507679358739, -95.04123770787457, -30.897793034276614, -6.735963119952018, 43.27742509610099, 82.76222756363026, -4.981558574060519, -23.544568595215544, -27.110908731563267, 2.367879553808306, 20.86141055916962, 15.154283121801724, -38.725529426984124, 106.31095915168697, -64.61663932277105, -66.02685062125117, -33.12674440623363, 75.40816869590874, 51.248565538640364, 106.0677990946265, -13.792243907025513, 102.18711609518168, -29.07699090431331, 106.85832708417294, -46.079129530183124, 94.64804386700938, -67.8436944395262], [28.853495219043882, 18.071967958861435, 149.78523326092858, 64.72269195084115, -35.647460462897584, -18.851967573169702, 18.952772438395698, -5.224995179305143, -62.2321989979286, 50.10971138869185, 44.069901260238936, 107.74424897075578, 27.372360322892305, 9.33601029231386, 20.089722219320272, 729.1834016071851, 2.17325349020898, 99.46648675567117, 31.324120017332227, 64.16745715120685, -5.493655901257881, -17.981129782888782, -5.688305557064182, 28.081510428686695, 70.86987880745141, 115.90495301460523, 42.627075986133434, -20.010971326273587, -0.9843348696400133, 3.9237952750308027, -5.611454460704417, 185.71216327106924, -79.25776332453131, 98.77697001913688, 68.05325487346511, -31.95426280454105, -13.486870603890107, 19.06801702798056, 21.113287262466457, -54.827038572548695, -32.31744975635792, -4.468155517393307, 19.55198710983256, 58.824747479489076, -4.670861070282119, -56.577791685345765, 44.811946229927464, -64.91965216566196, 102.44379548285274, 14.036111664282224, -7.035115593724898, 30.899072899397574, 76.73682909052162, -75.42068810513132, -38.00210525626444, -133.57038223486836, 24.032209926345615, -36.99663429791007, -27.90107125178439, 26.825446058060294, -31.229738086090556, -89.0854965735038, -131.23933908781274, 12.089121742750685, -10.21824326983427, -62.73410610366972, 15.833909139584295, -10.47280802626096, -46.72445872813566, 92.42585426228742, -68.94095524794604, -29.858171843581715, 84.36260841558133, -89.12421608411933, -0.2189724784956883, 19.549413762630483, 165.75387468029828, 20.499917277681686, 22.496033942102333, -78.00645605130843, -8.252135969987433, -89.39290640008387, -103.30338319903072, 1.1865284855179585, -137.8244307606468, 11.489542542502866, -23.215799920565985, 8.798233858224604, -3.7557970064109103, -102.821731259764, -59.955321235824655, -181.03927800275306, 6.66063999019584, 41.400019562558555, 95.91603165716641, 91.89498344342259, 62.58578804237589, -100.44256139522443, 46.78207285843744, 39.990458228092606], [-12.3731070414485, 85.33857567256311, 66.33044437918801, -13.874773479476579, 97.76162019524533, -83.01810882595608, -0.6336216510452692, 50.26310553858096, -38.48517354889328, -42.49501749483793, -35.92460701910263, -26.909920081699678, 75.98108203846121, 19.052515246995288, 14.755287086939507, 2.17325349020898, 772.7037572868439, -37.11371513307402, -50.916702932399964, 69.10495805980777, 30.800757325948013, -22.001178760236613, 36.93873912404509, -71.14091856383753, 98.12898219751162, 0.802852000445146, 17.67242782244654, 38.31414723381095, -25.06184314386028, -88.87060237061058, -21.91502037307058, 23.574542866296124, -60.07619466355687, 48.60880008345622, 102.74362837348198, 41.34100627480131, 10.771525304893428, 37.50512405427005, 56.47302689729869, 12.541554600339612, -40.347856202643825, -73.67217205333982, 47.560396133024355, -58.738183973015886, 66.60824152771237, -107.03466231491328, 17.809536839596078, -110.61400089550698, -24.345216116960668, -28.635116923548722, -75.84146828470887, -57.79863894770512, -90.4411115991131, 204.0489111198491, 124.94588987468714, 61.912040454328846, -89.68422147653573, -76.42845428779862, 26.755667428680905, 19.872430272844102, 91.44207010358745, -119.19178692126992, -124.37016207012391, -110.2125259318368, 19.376978766941903, -40.159591941603956, -85.72468588000545, -82.31793603830123, 16.635809208048414, -82.59869563059821, -30.82603399146847, 95.26263629218482, 0.7737518523880977, -54.161387694412525, 15.645776845797362, 78.16732219630823, 11.711573282454163, -68.9409148376444, -122.12842906123112, 226.80690225179572, -206.53673717482758, 25.454335589900534, -0.2649874700974766, 60.69805821000259, 4.686482561079051, -56.082463344710916, -19.834551092553298, -7.577610743837979, -20.888207804555627, 84.88225296057558, -49.37697793010104, 64.19205362024387, -6.129531002270909, 23.82517535684387, -66.81501257191113, -104.97531556519432, -52.692372627839845, 119.25200261721861, 12.08611370252277, -90.9659798073888], [-23.424072834663114, -31.154461039836605, 61.71264527620232, -71.74396260731899, 96.15072826307609, -19.535894222539593, 102.87546512333797, 6.96410836210387, 0.8624981958700136, -122.36902027156216, 60.53573688105068, -61.27630409113136, 69.72175826964896, 53.04978982131182, 2.3990614593232604, 99.46648675567117, -37.11371513307402, 726.3328268468684, -70.06323397846703, 18.506891541550793, 81.35604650912221, -75.0797248112194, -4.133816137099695, 85.31519496123175, -126.40013352302867, 51.45480598233806, -78.96369102452148, 113.97037302066056, 65.98338359030784, -37.048355270005516, -116.28847472467304, -2.6866860682427123, -74.82229798663303, 76.81470492379715, 66.66017774168932, 78.11887290011893, -68.2185056065465, -12.535915962887389, -78.06430372305103, 26.590288875179045, 18.233963601604522, -26.296721949705926, -62.07660723493241, 70.9919631366767, -124.52482702972786, -36.35711393026344, -58.592745770885614, -78.3054615407474, 35.00086505721022, 21.69899770612547, -51.631069845073796, 136.45028537798666, 115.8750963081412, -81.89705337926647, -157.80545569444735, -85.299469102751, 10.880034697120555, 10.734512764047938, -52.276344279971354, 78.32586974711184, 30.66380663547876, 25.639881274891692, 14.731062243789166, -68.16173658557081, -113.7598554718098, 75.54508217632815, -133.50974724026003, 41.11880650430597, 23.197465186560358, 77.99149510231481, 51.31353769793881, 14.568151632792112, -23.082282054080913, -54.16532210087295, 4.617363325835548, 40.624330676045865, 41.07329389152228, -5.6601842453079385, 24.0967332818942, -52.549475120315655, -4.260448689295676, -27.944669340513222, -95.5603769082668, -21.312662868468824, -106.22156106462478, -12.979570259758304, -10.195252785821642, -57.96262891852518, -11.65021475000809, -3.2597086205995485, 63.82698256237129, -52.67144970606168, 75.28634915497938, 10.814884380534526, -98.79979214271316, 68.33141419605909, -10.150299982067878, 27.004620026736884, -42.61423198888287, -66.46610560311176], [55.83797014192305, 42.66420748503172, -83.28230822609801, -58.73717886447599, -18.20895968684957, 55.0431964006287, -2.8326094980447576, -22.790536081522525, 65.13998244080753, -101.96831339016025, -58.608812902192774, 15.138316730708254, -87.71013075450766, -66.69759828205203, 20.18532839289276, 31.324120017332227, -50.916702932399964, -70.06323397846703, 711.7273802819564, 24.740118757551258, 34.998516703714934, 55.312993926024774, -86.76542256050227, 28.333833615452683, 13.774520780913821, -39.45583542275772, 38.41307496554509, -70.56464633935126, 59.17853001045556, -79.04762793496816, 86.86814831127138, 4.810868615609279, 21.99470437576406, 31.15069000906339, 53.843721983702416, 3.6311377124262867, -70.6132069111219, 10.944299727201132, -32.317541218426996, 4.115099137520971, 58.66743374968474, -131.07479566136143, 14.445116447322508, -39.35095618512319, -82.02453953493043, -12.946982028476162, 101.5469024203283, 46.206733304941345, 74.97121899822112, 69.4883336410373, -60.72143192651437, 87.31157261025061, -95.29266289565986, -19.74459659704656, 91.23956484653577, -33.74846756683913, 44.18885139438791, 92.56388077663622, 13.393307703345453, -68.18034422549857, -17.832582259174245, 24.261111979665035, -22.352945778538984, 51.620753819706486, -102.55243757256495, -47.91272361406986, -75.70283173319558, 7.578602166079034, 63.41057458019134, -109.16948609918413, 25.663537274573994, -27.651976699138935, -144.91649243615382, 12.795575396765328, 114.83771965605067, 3.871538787951492, -60.175734974995414, -125.87437126055724, 166.8405465643268, -49.89840792374003, -24.085008861948527, -95.27626271453383, -39.9182570085356, -106.1819284851386, 16.814035417691482, -58.81014859361606, 30.14449173611088, 48.597600819005976, -15.492922023268592, -15.513981090437484, 76.99804469812933, 74.60720173332236, 65.26093444506068, -89.53644774990875, 70.61127329804724, -56.72158185672572, -15.828588943644975, 19.458033396356047, -84.85004517560363, -83.25702303291476], [-142.43487086368148, 140.9145672798882, 64.90111708817018, 54.51464293808084, 21.53593652706563, -60.59685071389387, -26.608121900684935, 38.80006078456093, -38.3743273758653, 11.474195088711909, -81.22351694919273, 77.73692561705019, 38.7345182362528, -67.36148594849479, 55.77286523006401, 64.16745715120685, 69.10495805980777, 18.506891541550793, 24.740118757551258, 810.130218731416, 149.6463980706125, -80.74088962869402, -129.94002808322165, -45.838925071441075, 8.25175981023554, 99.1228370498433, 43.645279406081556, -33.42503654300995, 89.22331720998136, 25.876065564314157, 17.502239195736394, -4.995702459477088, -109.72005781993124, 81.76031503054176, -130.6328656060066, 54.93362059023232, -64.873312860111, -3.5264367162362635, -69.90583758605887, 51.6771447973187, -17.672127457069077, 47.749751210464176, -0.9728441980672451, -5.247921799830139, 11.789861152451527, 1.369874547351253, 47.178864854841216, -85.10890911054314, 5.104094597295231, -175.17766833210356, 31.485623801419553, 39.30924189025302, 25.722748234192316, 120.06628781286909, 143.53791859367928, 122.84263870021404, -137.25401242524185, -63.87356951686002, -54.549211830484815, 17.08998879740701, 88.5500704966709, -140.03276648958737, -11.39659548807836, -36.950138386732455, -17.694047931666432, 33.240044690101925, 19.001869743467427, 49.81487388773264, 15.553303173493704, -22.757991294421394, -8.683772075537098, -142.4259458312277, -40.58016036251484, -89.2150117985128, 22.45402601128851, -16.17543974867472, -142.8149891307876, 3.0283965827352826, 40.79204546759309, 57.08568629271439, 124.88822127901382, -106.40603452846591, 1.245025491570887, 40.39766467322606, -72.83026745045886, -42.61194992144092, -6.119817446165371, 45.49827099970793, 106.08965824977709, -27.01656286806658, 19.044055231586743, 133.4459754607187, -89.95068583272408, 8.354269367281697, 125.67921950616757, -15.574743323962679, 112.13268530498787, 42.67608651230153, -27.525454137339445, -11.608714350337504], [11.575435784029148, -125.84354638332388, 10.620334665766507, 41.76432148955283, -3.7315272982738232, 73.27906106473834, 53.15924776725336, 133.3477982850029, 14.722066362692328, -30.396255372317118, -97.83052806062389, 108.08253563050512, 32.049725002656004, 25.54602762