{"N": 100, "M": 8, "A": [[[1049.1532720774323, 131.3427130949231, -106.94893404091674, -174.1527771026587, 46.072327481011584, 40.158883792974855, -16.98237095331379, 30.434968749288856, -48.2839614522435, 87.41962563767119, -2.218136288140666, -74.90555469199853, 76.4053185531956, -67.12592922354048, -49.624652779808756, -53.57501693607661, 15.517831713367222, 3.6286184128799435, 84.84560479352744, -83.0524674221049, -23.930493617955637, -65.93451928514017, 140.14019752342847, 193.18651957783726, 0.38863315351765215, -153.9498607563251, -127.10830211548839, -66.15759902818131, 17.232226379666848, 127.96206264001192, 57.75426313129626, 87.2986230510062, 100.75559864696092, -55.701233765572084, 53.58872955994534, -53.95715088363196, 47.90090284973096, -10.527527757265986, 5.876617118702502, -5.8796266814573155, 62.24394091755511, 117.63327014514284, 74.38576568261064, 12.886995101632555, 40.24587814623112, 13.870218382738319, 58.994270531068935, -69.44074316817725, -75.50357253399947, -23.550226294357827, -96.717612794546, 52.12193337289657, -103.58754895627123, -233.18017247994888, 70.66089669996276, -14.569926463711433, -35.69714213308483, 57.75048682690508, -174.34590251892436, 72.1461370347578, 23.81985612686153, -68.8825534778461, 99.04668763048879, 49.91078254533356, 103.0740981460815, -21.34941801455768, 57.727540100635906, 0.7807184434188796, 36.03688649808944, 67.56005815715416, 7.764315903995979, -54.75618007764377, -94.23722556362038, 169.45483393085917, 45.48174072664682, -14.745931123932197, -45.02311189361901, -21.535998988704247, -75.123224407671, -313.7419700848404, -211.40952759750522, 41.07686881332724, 147.3048617115581, -105.18357092984711, 7.399354216988115, 48.521213491407494, -94.0756459965429, 0.8920093920547248, 17.037756770725824, 78.65444104804892, 57.11531277772902, -9.594543818660611, 172.93908751970955, 61.29148007610565, 88.97200787863608, 13.032196689060665, 43.931636364174544, -45.369139260175956, 135.2545985083571, -8.023581104961027], [131.3427130949231, 891.8486839219843, -23.669472324984064, 43.15782050768838, 70.7013514440108, -62.22159999407013, -75.70807078610169, -13.025243928697265, -0.6745012560637225, 24.091493199146896, 44.92674381745966, -102.77877705676424, -3.153224467582948, -64.92509282835256, -16.562213304079055, 128.62311566214734, 112.23316475569341, 108.33334203261974, 129.6792398051776, 66.29409465324291, 9.952815922351848, -45.033355505492395, 55.35157583532528, 22.018281515011434, -53.46403420662031, -7.899668056539996, -150.73973318213427, 28.153146532575942, -93.81378913088996, -71.81831930953344, 78.23566359119143, 7.049507897841133, -40.37196917037038, -31.916157915978918, 20.676653050972337, -67.59463696637627, -53.082317208720156, 163.91600175820952, 47.519307508144976, 74.47825521883986, -66.49977058864705, 75.78852387852672, 80.28812118909543, 82.35478442735992, -6.320679741354389, -64.1275831015015, 159.79273095507813, 44.14101806725037, 95.31428446067687, -9.44930307445166, -29.30410844675361, 58.772541163930306, -7.0357249089774925, -128.11813523692933, -76.5144492941668, 21.707377338144468, -83.14540842967692, 34.66409956297369, -62.501210453874506, -20.72156921653243, 11.866051562573908, 97.61247690811612, 130.7007656264458, -12.43733084919347, -173.24476346958681, -45.1811779277986, 44.36498663093753, 30.214342234467008, -95.24774217027729, 51.726654483400814, -175.69174532695587, 232.82969766201649, -8.033236568713845, 90.03523502432799, -2.9309364150500916, -4.21999860186881, 16.637900766629063, 55.62317184074232, 14.512220535600777, 102.9745170167264, -56.81846519099794, 8.095774092207835, 74.02881852822554, -81.47830757562963, 37.932799425347994, -25.01000076830078, 46.682264916836985, -94.22670441636923, -81.35826762826292, 45.79233497276442, 2.725833239921411, 13.956910161090272, -50.068368570866085, -107.50485143802786, 88.22100447535603, 25.03063125784883, -3.1277847693426257, -132.4891962108359, 66.23954578742384, 20.554498707113964], [-106.94893404091674, -23.669472324984064, 801.2549627119764, -106.09253586028132, 27.18220188842222, -22.386608259376324, -0.2891801522785949, 3.556009552006267, 8.839948514612225, -10.853962731943255, 33.73896195257536, -0.6211348877328857, -34.72404703371658, -12.799200890067715, 41.144422777006554, -1.2611496866513037, -167.99065525489115, -43.29479720600577, 117.85765342204812, -140.95910695604474, -37.39173624730197, 145.74611909332555, 11.589672421806005, 188.34244536934037, -70.29426596132853, -2.718026470146076, 69.13991719028861, -50.90409322398259, 134.95364024863807, -35.571072596476675, 11.302751559160987, -15.569826614341862, -137.5331919542716, -76.21631776780819, -97.01683460277826, -29.493725407228307, -82.08479529091044, -184.76748851570503, 1.9085810028468344, -8.838843347528844, -68.90827600741005, -14.070660255088962, -28.550246218831518, 92.63321912182778, -50.62347133115351, -52.72211437807968, 39.63327746234875, -14.02878689344403, -14.926650839029739, -149.0995813054168, -41.399017696483256, 188.79122891885262, -114.46766262066423, -119.52873577671558, -136.65202881384062, 17.84184731966375, 74.95959480164696, 4.765460338193956, -31.73248583371759, -105.02524630733774, -14.47670441698954, -17.435208269620215, 37.73355068842581, -23.03097266396705, 34.129856762328636, -76.0864560771549, 5.131265433057353, 86.31810061995841, 100.44364639348937, -71.1530460844855, -9.100777565622405, -43.14910567108464, -13.544422951437658, -18.559979300177794, -47.88930764777445, -87.79648106214046, -65.59946262245742, -126.99075212617188, 124.42255688539007, 87.3434388033665, 54.397036526876576, -23.028594573266744, -14.085872051290291, 97.66196493894256, -40.77634437465504, -15.205279027826982, -199.7454191111695, -80.98018631919483, -6.79689588217879, 191.3326248408044, 38.93744907340999, -58.139563446328914, -79.79394222832096, 15.811238326369741, -130.27707676011036, -40.197312501522454, -0.8653142025150288, 158.6924169523539, 42.292947159954196, -62.390941570436006], [-174.1527771026587, 43.15782050768838, -106.09253586028132, 706.2066538961521, -166.64934078388904, -78.68383763918473, -93.16192492414824, 22.375151813238993, -61.86887867694535, -22.58328388496657, 21.861894784417625, -189.94843201617564, -109.26476199641492, 13.5620184078417, -49.264641529985795, -13.120300719370636, -5.6115757554983094, 139.46529903588888, -44.87483981939341, 17.155720527763098, 6.520014759018462, 106.35013382100225, -63.96896813350142, -10.293639966843005, -2.382073156963561, 58.159097589352065, -71.5598707410775, -10.094937944719353, -63.49527782693665, 86.11689016032891, 91.64279559695123, 107.1711542160638, 30.323310239972884, 42.21335561958599, -58.53879689253573, 10.392505975882104, -107.31415630659612, 121.29303249234806, -79.83071407583618, -0.6632704093443488, 168.798353441022, -105.93906334104581, 31.59533731467672, -9.330058068692184, -34.65291068059674, -45.18729542219393, 16.42803515118514, 66.13330892793228, 109.29072682337801, 8.928020591203602, 20.140324139620684, -86.369138674484, -51.86220628064323, 64.90472029771196, -82.36157208491151, 12.914878862263338, -66.60714160830943, 60.02945454302489, 56.44658633905561, 62.45211538526383, 138.01190826280626, 6.066174580552468, -41.74950704506369, 137.11971923337268, -91.9906859098134, 144.58437761854023, 46.75757831327551, -45.76469075381437, -139.38712917944727, -52.78843294504501, -22.341939897806785, -3.3069368597982507, 54.44120654184899, -30.576402606790513, -139.515751998428, 20.884311439821435, -19.831975763489613, -80.34929904557319, -136.51370215534195, -56.45431398502316, -4.461825441965108, 10.936909421729817, -102.78554190181832, 4.567330308564899, -27.103932645047358, 11.971462092883026, 110.7599651167026, -17.625223013273427, 96.2080247696788, 16.21300866953283, -16.082833658313294, -9.753206345719875, 88.8205032697381, -112.72207827699309, -51.66340570340783, 41.55480652856318, 55.52111190700841, 141.05853311791864, -39.9951029717352, -72.82630647390671], [46.072327481011584, 70.7013514440108, 27.18220188842222, -166.64934078388904, 1099.6026356993912, -43.863698404446374, -116.56708189630511, -23.93993741625293, 96.30601914135958, -3.4671891386089904, 35.861295525943085, -68.06525916607917, 62.34547624288946, 36.944323702826544, -12.175385729666958, 7.098229974652234, 11.329399238947602, -169.87910901203898, 62.347648577099314, 8.314108114568434, -38.957925081646096, -86.66062089747122, 24.58428990569734, 58.10655436418191, -116.85900588938514, 17.738150518039866, -168.53093338703823, -132.3251745274572, 77.19031381438111, 113.25357278626767, 83.0331960187504, 123.88354975177205, -40.54415250583709, 88.55748161772905, 25.66230594326777, 90.00749757461625, -67.97908723677918, -108.00816575196664, -22.01928068709398, 15.861965373232499, 38.095624537892576, 9.210902854505678, -31.18934310717802, -58.972622613019276, -134.34506031078513, 118.81614404916769, -27.33369004683302, 70.76127781755038, -126.72764590192368, -88.50385648773585, 38.609124294393375, -105.17078450298219, 66.0748572776559, 30.954153165739516, -12.575437084453169, 170.92337905354327, 147.47284317244487, 77.80917199182436, 40.739940445194115, -170.05139534011104, -98.91111963687621, -30.00981496833892, 140.4092380710994, 47.92059274771554, 162.42711607888214, 58.13956949880013, -125.28190545651985, -82.23255344543304, 8.08254970767529, 116.60050543915771, -131.33060349437014, 51.32862830661112, 24.04650733436155, -64.67216056160184, 76.44472622985917, 37.791270403742004, 4.019332666663151, -29.164953989222678, 131.89534159923573, 26.84576935171973, 109.4782918433513, 85.83186329966226, -67.4439238873076, -13.92373969237333, 6.529952447885009, -61.339948766559665, -155.26743084414016, 55.63577498318276, -47.47822276532934, -96.768899897753, -102.38120215770977, -144.5476689679368, 57.29058665809115, -5.337055385990813, -91.57045289725602, 23.93478766034181, -209.96038373379102, -201.12048129034395, -35.32211883277119, 59.85251370028797], [40.158883792974855, -62.22159999407013, -22.386608259376324, -78.68383763918473, -43.863698404446374, 923.5164137928442, 94.96245010117329, -29.59845342068426, -79.2150954992351, 82.24132187135011, -80.15506755430482, -208.14724264015356, 60.95054096036182, 14.149503756202934, 82.89567741400606, 58.707710222010526, 46.11836275762896, 93.33276078891717, 75.07839926709627, -33.211972871136815, 71.3979454108723, -50.40607233275159, 54.04222836627624, -11.149696308291611, -1.717825751313501, -117.69802853449319, -60.55070126755214, -101.55584738755114, 95.70149583429023, -30.117741978537317, -50.93743323963333, 118.8151957636749, -111.80185991008229, -12.169622964099695, -1.982353786998585, 0.8988823007494695, 107.3080610208246, -45.1520486858761, -49.12523076494693, -31.803693778869146, 158.83490652715278, -11.775857168656524, 13.228541400271215, -182.18064404266048, -94.8182937416656, -127.30065805106804, -107.66285540750538, 1.1116954319700272, 0.38028578480484676, 17.323452567168175, -91.8834688155539, 81.41220253983535, -103.9900150706719, 51.36967167152574, -26.093652695646664, -36.03977233350747, -48.57449885047511, 50.04722871157282, 7.302220178559155, -126.22618585420442, 56.421978877879845, -47.948343441696885, -34.39437754510637, -12.994440309783153, 60.04964095687354, 9.146920858179229, 11.377743993173995, 86.48872823488115, 69.32637743288595, 32.67250410013769, -68.94807200213458, 84.21424007235713, 59.74920428417024, -90.29685274191421, -103.30688647643794, 31.490297688619044, 47.2019648340256, -5.591790275461509, -53.86303486520155, 138.21493938756836, 42.737360043608845, 73.07784998418076, 119.83475117885807, 88.39363348729775, 111.95550061848118, 43.30687242821187, 87.11488877027776, -20.803147783314465, 82.18481316869902, 141.07174887490322, 31.019880053353884, 17.230532682700982, -111.9983573298685, 94.48836107404375, 105.32311739473617, -35.25706937273681, 20.677834693574447, 98.1924137560698, -48.78755365698122, 65.3654299244065], [-16.98237095331379, -75.70807078610169, -0.2891801522785949, -93.16192492414824, -116.56708189630511, 94.96245010117329, 1001.6418722623094, -13.549092070254634, -96.87742314713884, 74.07889485773954, 104.45241652912544, -21.337040237942723, 45.96877212674801, 103.71140942747539, 127.39734331582763, 11.92995477937426, -22.136383538580066, -133.10049597496274, -98.32897394032942, 36.59785244616185, 145.01274345815082, -15.388267003822047, -68.63333865182295, -160.5447179569097, -78.48179687041441, 101.04856428789222, 209.93359771806777, -103.81270794007679, -19.7384386693542, -96.36521668760071, -132.46272091030843, -98.88679554146863, 81.90131693184743, -58.94674198984539, -105.45740203064396, -18.31338635086202, -122.44990200661347, 9.50299118805616, -33.24062019949825, -85.66196419945823, 62.48875014200359, 85.36200435571028, -155.51744344454343, 3.263338681391644, -109.97407375795926, -94.72589130073877, 45.56855302161911, -21.60996866175096, -57.97476162394383, -9.92544614159098, -59.881792846138744, 96.58188066190867, -32.70468800850922, -73.33689151888105, 28.645388612219087, 44.21119735339052, -112.37496812131879, 36.45462738929145, 94.78440005893378, -40.82691409873648, 47.02331547100417, -33.99416121546434, -22.840841483851143, 47.563036431591165, -8.058354883752793, 71.27953113104728, -47.12358257424982, 56.131848556971065, 196.78003380873324, -8.069449627154679, 26.408087273112045, 101.23936007489367, -29.842463719183318, -42.90958347188102, 11.027467801490566, 27.964421719274153, -48.31749508192906, 280.6893527498471, 137.4100434729356, -141.15501965201761, 51.11673531252468, -71.62254258349114, 88.54543392877011, 144.0255265110789, -41.81043012672282, 19.41773611538494, 57.31028469842162, -193.78969758469876, -29.16763764117279, 84.47212390257393, 131.4887246550086, -86.23070814855586, 159.69098939415932, 90.45747272851933, 131.15880156293315, 228.77205264492935, 47.09935254403309, 173.13648569900994, -139.66310770607015, 160.03734995647378], [30.434968749288856, -13.025243928697265, 3.556009552006267, 22.375151813238993, -23.93993741625293, -29.59845342068426, -13.549092070254634, 859.3686868996602, -64.74583784311349, -84.15113488076268, 60.86217490854407, -19.971557570230388, 102.60127267992661, -0.199975813445194, 69.25957376225094, -64.51624590417408, 133.31050580010975, 8.586892323127639, 47.91414243414647, -2.7047779386526627, -87.91445851457755, 1.4963662786479546, 9.749681439470997, -19.27978635757419, -129.5100271052401, -15.952654600241397, 70.2596797403046, 17.818233939156283, -38.1291563399795, 61.75843633602683, 16.211835173128737, -38.034399307500316, 42.680648205312636, -8.95377442114859, -33.50145431863296, 87.22935659014996, 0.1919067075949188, 86.93807747208542, -22.46858439957706, 101.16607533386814, -31.203118423186822, -48.06070197603313, 10.512235360679313, 48.35979308741197, -18.633734272499552, -117.56452878602214, 96.6401214957927, 158.98049045517604, 69.64328434108008, 107.21806193780212, 29.201908401936578, -148.68896550999835, -121.46259225107183, 97.54032621740218, 63.06532570832549, 32.02725809823338, -72.88014691380103, 20.000410316426862, -36.80982290292713, 102.01471261868862, -125.24979822866497, -105.36065562914531, 68.30973093163193, -97.09752538563228, 41.867892454876085, 29.007041494212427, 123.16578121046565, -126.88270420742317, 86.52384689329058, 22.28910682624758, -8.937378553011298, -80.62809912799213, -70.88736443432316, 82.41566878042724, -114.67741744985811, -116.89440745318585, 47.84959725947034, -16.022595965138986, -43.092276343973126, -110.47719061406015, 22.18778743936783, -110.10640104382257, 53.84364566669531, -69.93472372398013, 16.20465402903391, -62.52127592458997, 70.10939920185474, 71.32572563361039, -159.82506472517326, 214.8284576090304, -33.15355324380195, -222.22996619531287, 151.0948666888792, -68.57824637416255, -81.26106781177644, -135.49080014573494, 92.08922331899473, 66.01288064434354, -56.00858687757059, 88.17529739801833], [-48.2839614522435, -0.6745012560637225, 8.839948514612225, -61.86887867694535, 96.30601914135958, -79.2150954992351, -96.87742314713884, -64.74583784311349, 836.1234975002956, -118.96938233623801, 50.14118725516694, 29.767095190203307, 53.052351258880115, -71.89836392052109, -15.282384685445109, 115.31733387971565, -8.18799477627494, -13.089858749490555, 1.0603042345630047, -186.25639990503734, -100.60143346761886, 91.81203138394982, 20.377044073125948, -40.56736225933498, -18.09062870291943, -45.56477692439757, 15.588845078375162, 54.26731986462956, 35.093292551706774, 40.200980678227076, -47.86482728858219, -2.4407305185354318, -30.490541348309083, 38.716167551335474, -156.2724063703134, 76.52939630849401, 72.71715585377942, -154.7399629081953, -56.06758205130239, 99.37911457687048, -96.47136282132928, -107.88684285549371, -10.457838644044676, 23.744667227343147, -35.47769830721239, -50.940229095728924, -4.035217288829714, -115.52212947442781, -154.08795199309637, 43.49476514245306, 15.28243796609366, -212.1277589185701, -31.980605765454186, 0.8661506112650217, -71.34019232149431, -4.849742544399622, 7.837712040818114, 79.30332757993129, -59.8782027367915, -37.688185112604906, -102.06358793441693, 50.67642214858118, -19.998848227063775, -69.97116608285215, -34.469774908829294, 44.01072578381045, -81.49902002971984, 1.6523273991630183, -79.17800449867609, -20.27830253336054, -115.75507873654898, -39.91851913114284, -100.78619897826864, 1.1532866932494192, 33.54449930565359, -26.74233598429844, 10.932725889349518, 79.85494319377648, -107.14055065932293, 6.32689678261511, -139.66655177930426, -51.07118404086834, -16.00151041527746, 101.06967129195061, -54.22780486724443, 81.04470975673814, -43.668586541613756, 28.34181313509805, -18.756437054955217, -100.23303191565982, -6.581105385498045, -20.681782386515074, 37.15101580372004, -77.30568450874614, 44.77001062763436, 54.94552959253885, 108.76508668042524, -100.75526632388093, -99.20745896749935, 60.86377775828441], [87.41962563767119, 24.091493199146896, -10.853962731943255, -22.58328388496657, -3.4671891386089904, 82.24132187135011, 74.07889485773954, -84.15113488076268, -118.96938233623801, 1023.9014275576014, -24.68318987181625, -10.984646206438828, -6.7832576849166175, -32.64500667710369, 19.926905057353014, -55.32723529332889, 33.41442718879553, 39.87948203876668, -176.38007671894175, -11.159222338878644, 77.13400072490079, 86.11934780663924, -160.62704230564384, 42.45169470252855, 114.63412703922475, -41.576209756317155, -161.98189737709717, -136.6571434329179, -84.01640076789437, 42.68913018162639, 21.09541603234906, 106.8137563204979, 39.311208828766745, -132.33273762744628, 5.9617954025673825, -103.09271114673568, -22.054829459800683, 74.33927888876882, 18.089315130769645, -71.76925691445041, 48.95170411290614, 100.66580289907357, 80.86096277919788, -70.30103370832444, -79.04790931968397, 100.14671881419791, 18.36960963250421, -66.26943071117662, -3.198309900648047, 44.00631473058342, 56.114972601257236, -55.740744574917926, -49.61521905908281, 51.71165009016351, 174.14797244638902, -101.19679056676192, 141.84618543595937, -57.29489713919511, 15.45021331459321, 144.01364588558442, 41.32002554944143, 9.479308166842086, -101.12899331964691, 162.86419306520847, -50.372217464290316, -106.57334983595067, -80.45339262375983, -11.734251577503175, -64.42552580267761, 5.366218540715822, 56.709375448342705, 25.800713108564036, -167.31937240066256, 91.74108261046827, 88.78009402382982, 41.86611307774701, -61.90584985924924, -131.8857684320759, 20.520731157982105, -28.28514056945722, 82.14005396494616, 26.89334842490006, -46.25328419826594, -50.519366754153424, -71.98108135522905, -7.59089613154778, -79.90494422564872, -59.57492180024775, -130.05981138504032, 57.021118911725296, -125.23331888484017, -29.44196572834679, 38.770897597274974, 42.63823583326203, 112.13179701565313, -19.55352658665072, 30.49919088783464, 37.39019431849733, 85.74490891913788, 43.642952032533906], [-2.218136288140666, 44.92674381745966, 33.73896195257536, 21.861894784417625, 35.861295525943085, -80.15506755430482, 104.45241652912544, 60.86217490854407, 50.14118725516694, -24.68318987181625, 674.9994004029812, -86.66802266523452, -119.06735353692471, 146.9835478905664, -27.387952287944774, 13.541342525244227, 101.6121638800138, -21.341909478555362, -64.79795983602354, 15.24226244282747, 166.70060372957178, 144.44872947134928, -73.30998350496797, 9.469836570773175, -114.93617065332415, -54.09547729301947, 140.25994109516233, -44.090684187234814, -73.14378404934175, 85.94098132815225, -76.29542249445993, 10.69285928097691, 109.69375933132692, -39.89329009554398, -19.580084148155354, 3.99611363800697, -21.246611995966287, 57.1218687400493, -26.256621529620695, -14.209318059917647, -58.96121758479137, 18.21836835704613, -93.94027952017377, -31.007746860253604, 40.359392368270235, 40.74646930118597, 30.366258821996976, -123.42991310525467, 70.47892928211735, 115.39275978705876, -59.481699541634754, -77.42183577586995, -18.83815195136367, -80.64011572307363, 36.99845876672891, 77.33761399409919, -44.669637377090616, 49.771912312456294, 21.117713784484575, 39.92100335801349, -50.78190648627186, -38.470300030688016, 126.43189172087168, 3.3441914259827525, 5.324774203255537, -19.981413260459078, 98.63774658411356, -2.663050113093154, -78.60542296583397, -130.61907038197626, 72.01443374903033, 54.212641255606236, -124.7439725710591, -21.160376976140842, -73.407880691879, -9.373300227960067, -181.63443343340887, -106.92289607515474, 8.695085695792724, 19.74928069656276, -92.21689997006153, -102.83816770583657, 67.71016384248675, 103.14310700613794, 28.0770228694957, 78.28523119535792, 221.37766706202606, 38.715297380003825, 1.0610750077524749, 101.24738572338782, -53.61022786174839, -16.409629523654562, 39.05222456202058, 35.01263046737497, 39.77554892057231, -108.11966177898596, -52.35443725069238, 18.39084902426733, -43.91881358921065, -2.9896119971248893], [-74.90555469199853, -102.77877705676424, -0.6211348877328857, -189.94843201617564, -68.06525916607917, -208.14724264015356, -21.337040237942723, -19.971557570230388, 29.767095190203307, -10.984646206438828, -86.66802266523452, 847.7644956973206, -43.02873827753325, 65.5580343923601, -6.705872483494435, 17.707513243557276, -163.51565976747946, 43.39964885027122, -68.07851969431778, -9.724146817199259, 113.85827563598238, 17.712710591822244, 79.72998740026932, 9.36984322655926, 29.85592933841714, -29.943194936483003, -88.46577748629542, -6.011267490957663, -96.71729415842637, -40.59513438526463, -38.539826191988475, -68.50759368782504, 178.9030742095053, -78.004857620528, 56.23216902739349, -3.4827977786888042, 112.8217310780431, -124.96400889933354, 99.59215347887775, -68.1626935409534, -139.77604330088224, 15.297144860202485, 51.48629307612293, 20.616118589105955, 53.41479550468793, 21.111993203799155, -25.095394233076814, -194.6478988922567, -78.36619035707456, -180.23461840178481, 81.71254527543773, 73.55948959789379, 136.77826989947633, -3.9925192386035047, 52.38645778315806, 18.888867175423403, -146.64204675344732, -21.46674350182627, 53.20224422668559, -34.791957209926586, -31.836866773456443, -39.71705636118956, -119.934471291871, 93.62149141789403, 17.28466772027481, -25.128271698250256, -90.7436565765922, -40.848565708852455, -118.78176551558276, 64.92365953706782, 46.99692728681212, -219.47313615776173, 55.79366967311069, -94.65488368689722, -87.49030346621356, -90.45607606311377, 133.73825630180457, -55.07450319061299, 1.410042203366732, -28.543696926315608, -102.36869946899682, -53.34799652807335, 59.40686536982009, -66.93055516939278, -129.41382622924303, 8.517678869804366, 32.23151274181042, -14.31852672994721, -24.24504376252478, -55.37792697019181, 137.966675484069, -6.725407122755423, 87.51137610564685, -51.03867406607658, -103.29368858694723, -115.31688531747102, -38.467559209943246, 99.77019523362144, -13.082877183241393, 168.76753031951543], [76.4053185531956, -3.153224467582948, -34.72404703371658, -109.26476199641492, 62.34547624288946, 60.95054096036182, 45.96877212674801, 102.60127267992661, 53.052351258880115, -6.7832576849166175, -119.06735353692471, -43.02873827753325, 791.9418771673049, -71.18683349344084, -46.91797344383973, -204.17336679368051, 114.04551591417922, 3.9952901727900842, 67.02206965739363, -117.00718136328281, -74.75747801656253, -79.57458732280239, 39.91007971831154, -46.96548673235903, -37.881981023870814, -67.22839279790375, 13.59825327803268, 28.51808142769856, -5.759071199554879, -59.199915963754485, -31.485978192260138, 77.20599483159953, -53.35731284740766, 36.47653257532256, 97.43237269629239, -0.7278217226172428, -81.13866315282132, 64.87181513686497, 15.430229952887625, -29.065877299438892, 20.730866714012976, 47.06130022198609, -46.44663381249918, 75.6675769217808, 163.1821495083465, 26.964557090753775, -167.94700802787793, -46.70601670082387, -24.343959029584042, -0.516235812860396, 11.543656642525395, 83.23966190455492, 30.56826494476758, 118.59360542023101, -16.981945159520524, -33.372069519448296, 122.81911567610227, 107.35343707052834, 5.328909591649039, 32.4335357387347, -21.238699736386796, -7.72444040087844, 55.905423732148805, -64.27567664510553, -108.53665618104259, 60.63490758763053, -14.804716306182387, -17.82131745733052, 20.404647503805027, 59.87940332877515, -23.58030381044383, -20.127567035379144, -21.488609048111492, 91.71631166518152, -75.87114748725817, 97.52874393260754, -52.982061254635056, 46.109716323633315, 125.27639191013975, -5.958557027785709, 78.03599420596689, 55.51834773883186, 73.18843333250433, 62.447590680832775, 98.81453635431802, 28.8731504006725, 53.57011047800398, 16.68361711417263, -92.99075792054882, -127.7299780475656, 28.176354100236697, -37.58694443827317, -40.67720128850568, 38.50610191593645, 59.279188025673434, 72.67384971200622, 83.73215355757907, -67.2261505380025, 119.7421708190593, 214.615321848639], [-67.12592922354048, -64.92509282835256, -12.799200890067715, 13.5620184078417, 36.944323702826544, 14.149503756202934, 103.71140942747539, -0.199975813445194, -71.89836392052109, -32.64500667710369, 146.9835478905664, 65.5580343923601, -71.18683349344084, 972.4579579809024, -76.79158374470472, -42.36811920437984, -62.73235639145953, 192.311707805213, -50.274295928263385, -101.91331338713064, 51.63547287911115, 15.660345699423655, -202.28723715436288, 84.49878644616777, -180.7883090751048, -36.106012374246575, 8.90271489979694, 98.0473942000024, -49.748972006825504, 38.22659135408957, -63.701312372868294, -8.184306320380035, -58.13794450456798, -44.33252401539313, 91.98206671862674, -94.56313683748996, 42.002241481610326, 39.01615091844088, -16.751902242902233, -12.357261981544408, 72.40361006138104, 83.06609690910156, -14.697234310587003, -137.50607878659008, -39.63917634321845, 38.29132428805587, -109.35461746800394, 60.680943530867665, 44.65369787676217, 32.97251703461734, 18.96240237661259, -73.6129524197628, -34.08171856830981, -71.92041292971733, -10.7412108610009, 87.87787858589147, -67.18529098702368, 24.314951480232956, -140.13286250924403, 122.77410359561762, -76.67715804336646, 42.266096884945284, -8.53397631833722, 56.68949121901839, 17.237967091915714, -13.695339752676132, -93.58756978658879, -70.61608991578132, -74.59595909591886, -68.22471404012732, -3.0173506774907812, -83.47873230468406, 55.06914375881555, -213.52366028469365, 42.793010558596826, 103.6361259562282, -74.43736299602556, 69.28289377130798, 5.971341696988106, -113.11516228623016, 108.91610418119359, -27.894687459899803, 17.69126007266089, -3.355225253922846, 2.946973096155337, -22.28281739929971, 77.57846335288626, -2.2218798100644963, -146.1883935828793, 36.494417448958544, 19.37720383760368, 24.881417689129847, -6.517844651618193, -12.699641634043676, 44.982022736344064, -118.32133929321728, 103.95856507675303, -28.274828797179158, -2.8913377852938975, 62.99951686295011], [-49.624652779808756, -16.562213304079055, 41.144422777006554, -49.264641529985795, -12.175385729666958, 82.89567741400606, 127.39734331582763, 69.25957376225094, -15.282384685445109, 19.926905057353014, -27.387952287944774, -6.705872483494435, -46.91797344383973, -76.79158374470472, 1031.012223047455, -3.0300964967358746, -10.71895007168628, 88.9861181553364, -105.18750318121795, 2.0069544465409375, 96.78173342099731, 12.398222961992953, 133.4509297009753, -179.57376224457593, 1.7059403032120974, -44.09246144326472, 13.881451015930095, 11.372508716299796, -96.79779994668756, -64.11405931251227, 40.45489346159827, -11.324782074049034, 82.02306714787619, 12.594694680466857, -59.58437282265669, -26.04944071190116, 70.70043643178165, -77.55403263647956, -45.87014013803469, 38.69814545639742, -120.12623443471304, 19.076663160820555, 40.99193354910809, 47.56583196764932, -165.18087234041627, -142.8458979589067, -56.263892620996245, -54.73559506883447, 9.61206171254981, -4.073123913649444, -189.94398048912277, 62.56620353003604, -151.39003855067187, -52.240070106709204, -78.86939202254302, -55.56678022771592, -100.63754457245608, 42.4877778829924, -67.02525908258187, -66.97185875035754, 13.807083898456368, -33.1525856000957, -32.078171641997194, -32.46305463962019, 156.08333651051123, -110.86407975081637, 27.28486334578126, 91.28718794822166, 18.65374730672851, 10.93567259949388, 11.73267925358622, 34.58841222522924, 30.004082938847386, -132.4109376010597, 122.25329201982855, 7.957956871449018, -17.991848431487533, 31.392494058336638, -13.444563582616835, 67.12433047696524, 7.188616680824598, 60.501848620633154, -133.12250133086798, 143.42060488380253, -17.468588404785983, 72.41798741126621, 47.77928751707551, 5.348474059391878, -151.7597900905019, -6.3554113033074255, 49.22834019226331, -102.00309435195854, -44.04121329339495, 8.45124604774318, 3.859110873232628, -41.71633382473699, -0.41828331520532425, -141.59895612287687, 15.676176857714996, 78.64243224694148], [-53.57501693607661, 128.62311566214734, -1.2611496866513037, -13.120300719370636, 7.098229974652234, 58.707710222010526, 11.92995477937426, -64.51624590417408, 115.31733387971565, -55.32723529332889, 13.541342525244227, 17.707513243557276, -204.17336679368051, -42.36811920437984, -3.0300964967358746, 689.6956883813538, -57.3058240104949, -184.3795983540716, 25.711491093568945, -18.03001452156533, 75.63949806406086, 44.37788436303858, 38.6714774759812, 52.65557566695392, 80.32532718447138, -64.22466092026228, 71.63465761224504, -34.941866946792004, -8.763527299724185, -42.420848144830494, -90.48126288311227, -23.844518981058815, 125.61224882634723, -28.64649831774746, -101.58572750603169, 48.43818568756235, -17.804472603424742, -84.41133521424678, -62.76411292940766, -10.543826992456067, 109.57790641011488, -163.54985920453407, 18.42316207295769, -100.26387733509468, -53.26342517222185, -83.82721777581258, 96.22333462106603, -19.37967472589829, -15.301319368927984, 73.1990245812161, -4.0791164574038286, 2.0411000198909734, -1.531614622954556, 43.68784381025316, -97.05300975501054, 58.67059487051995, 2.662221390651458, -4.933107050815057, -106.96042919919138, 9.075432196695715, -45.01262660751376, 37.89780366982356, 182.19581514256234, -76.96756627573305, -55.01354286957738, -91.49681190307297, -206.52333794884407, -103.01664106290318, 93.37215467803433, 66.9011587453912, -124.42697329196632, -14.672907451889252, -89.1642342989246, -42.832342111388215, -61.52151312186187, -142.81897532154846, 45.24676986184956, -107.83864886636796, -198.72434893346767, 39.964358980636995, -5.926979337912689, -102.28745778212787, -0.14357518989936105, 132.78549809251695, 108.79686573315713, -120.40771036086169, 16.87187529668748, 36.6902328978399, 34.57487614793203, -29.764145820556596, -59.34180489088238, 39.2031384302703, -30.925670090527653, 54.02150195767136, -97.505308386935, 44.29380983877273, 19.02273438420144, -20.615440483044594, 38.81979324877306, 104.47987817947796], [15.517831713367222, 112.23316475569341, -167.99065525489115, -5.6115757554983094, 11.329399238947602, 46.11836275762896, -22.136383538580066, 133.31050580010975, -8.18799477627494, 33.41442718879553, 101.6121638800138, -163.51565976747946, 114.04551591417922, -62.73235639145953, -10.71895007168628, -57.3058240104949, 873.3028011656722, -101.78879524131894, 80.39675634433266, 34.31116357977081, 46.31229525970891, 18.298457038942736, 9.932872044162332, -13.132909752515925, 58.43314025486444, 39.50495723498217, 30.89775026615198, 25.56431389310235, -129.49622835207586, -48.7855433680183, -20.300023833860312, 178.38489024669417, 123.46065235203253, 68.16301695298398, 44.14691246844161, -21.547205663134285, -28.202347625021908, 39.79883953986048, -35.983170457566786, -74.31088170724964, -125.01289911446328, 67.74638533805754, -10.72306914948964, 57.59475802421718, 110.15840916217981, 40.16204227601095, -31.691844785172766, -26.211803615444175, -204.86906760025542, 95.14120890740513, -7.425564119937341, -53.130762928892466, 16.89028550059951, 10.009183437295992, 44.40799172905428, 66.00965373349989, 20.1052271141041, 27.514073123611833, 60.70362543631961, 88.62506671510204, -10.162327452456731, 6.180782783950937, -61.34774812173553, -8.412521422096235, -34.96140768976338, -34.03179454880597, 19.48109980995592, 34.312181039035295, 34.76214753846588, 47.53554033162175, -67.78711631335112, 32.51958903309467, 9.76392315146052, -53.7052606198908, -43.59106167075469, 125.60831056679262, 47.856589464603246, 12.46484393760019, 69.67361823981611, 100.49594059593034, 31.92427275687625, -73.60682306218901, -66.41701735671796, -3.226667707166446, -29.71969651889079, -94.95265638725637, 226.39416075175197, -38.783629384525355, -72.96727154465427, -104.25014383540616, 39.34388882606267, 69.1948479408692, -87.89381913516144, 51.57723275762112, 111.24548825351161, 80.37153603502587, 64.29243934400691, -121.0007018755142, 14.513020866614156, -132.97804389803284], [3.6286184128799435, 108.33334203261974, -43.29479720600577, 139.46529903588888, -169.87910901203898, 93.33276078891717, -133.10049597496274, 8.586892323127639, -13.089858749490555, 39.87948203876668, -21.341909478555362, 43.39964885027122, 3.9952901727900842, 192.311707805213, 88.9861181553364, -184.3795983540716, -101.78879524131894, 982.552130277583, 1.8196636539050839, 178.2849409185493, -9.513225408685157, -54.42960421151286, 86.72580460826038, 79.59670049399611, -49.46635529770559, 97.95660887409407, -107.08478477489022, 37.23828849233816, -38.72271032803837, -31.797981265418944, 173.90865428480998, 1.9525369681655675, -81.40674474741125, 23.554858551884653, 30.066727128694982, -79.48973559308763, 158.9392370377152, 91.8236856393285, 17.661429839334517, 31.476352356501806, 11.662632180394793, -16.081176063648392, -88.57086812442527, -98.56452004627754, -46.02744302426854, -80.39142065127498, -130.25041541140865, 18.790829155208634, 111.55102322058036, -42.160463827290705, -43.04444346421998, -58.03306834964258, -131.6269517938202, -65.74370424533296, -108.48227085024682, -85.63767114941982, -149.13721802908614, -38.681711965040115, 55.55197287983268, 12.778816977538801, 20.636018664391298, 46.84970670393146, 51.16842754862692, -18.290977319530914, -3.658299242017523, 30.93505995341363, -50.54858567951607, 18.821755648844313, -137.30382688864296, -29.537782150726184, -18.85936355592915, -7.213831720280258, 23.00585142606922, -15.256563117801784, -95.02280057697699, 74.41096443928502, 75.30306544320703, 56.858720763035144, -55.4506330017121, 33.857921733359305, 79.2361229633878, 32.865781811380195, 91.70042162859377, -121.03917820298149, -7.272272385378055, 25.318065342548767, 17.17985567092105, -19.03858795683155, 49.90807446040799, 84.69667892996941, -55.18736236717418, 50.00537185120942, -11.942065981127007, 69.14858641408242, 198.75855596645675, -148.36612027667334, 107.91657722462963, 63.89942765233094, 16.390329920266865, 77.30070019367336], [84.84560479352744, 129.6792398051776, 117.85765342204812, -44.87483981939341, 62.347648577099314, 75.07839926709627, -98.32897394032942, 47.91414243414647, 1.0603042345630047, -176.38007671894175, -64.79795983602354, -68.07851969431778, 67.02206965739363, -50.274295928263385, -105.18750318121795, 25.711491093568945, 80.39675634433266, 1.8196636539050839, 829.5623608606867, -109.34757698935391, 60.5246184342875, 33.718475626289255, 51.847512558281814, 86.94088627535163, -100.47031494843144, 49.34499685578917, -74.97041550060703, 231.64729448275455, 44.99320821807255, 3.3961102401917764, -13.875313776954624, -47.42027505280626, -19.25274717640025, 103.65212306070914, -26.736421926359228, 119.82556906271068, -39.14698730613303, -67.92652586515992, -99.65728738505975, 90.22233100442583, -21.91407034719759, -112.40580090832105, -173.5500607057624, 58.74513193941783, -65.55477831835296, -24.39133978313895, -49.91275581955069, 42.51905226785828, 7.624665407858225, 93.31249047894205, 20.951284930051205, 50.267951593202106, -46.24706251780024, -21.114998237172095, -46.929243746981975, -59.918152349659884, 68.02525596727317, -38.309868450255344, -1.3640043178820338, -12.865620346616932, -73.38565286277682, -84.55983891888688, -56.94266060232005, -10.64877086029777, -99.71605488776326, 12.189701967425053, -29.558448629139182, 0.09146922233805277, 109.76084773434228, 206.77389444966687, -83.67381169774346, -103.85881571859667, 165.3586346178973, 177.12058628451538, -37.504627680661464, 28.036973416094654, 8.054050090601484, -10.46428350918036, 22.26684190036265, 93.85752096380862, 0.486913766346418, 58.83226157670723, 19.833560361316568, -83.21446737455803, -41.81120599234361, -60.73382320714814, 11.021521137169776, -106.25915865315268, -35.34194320926104, 84.77538785429626, -19.90817321871121, -59.95402778172152, -51.03964429081676, -30.740463034164048, -48.35440123610072, -4.508082448651912, -18.970800198162923, -6.962519116897246, -56.08241486283958, -66.70674230040144], [-83.0524674221049, 66.29409465324291, -140.95910695604474, 17.155720527763098, 8.314108114568434, -33.211972871136815, 36.59785244616185, -2.7047779386526627, -186.25639990503734, -11.159222338878644, 15.24226244282747, -9.724146817199259, -117.00718136328281, -101.91331338713064, 2.0069544465409375, -18.03001452156533, 34.31116357977081, 178.2849409185493, -109.34757698935391, 815.9087819472705, 3.207225837418428, -147.15707948157834, 59.82818231361453, -74.22954635146152, 46.25814366160203, 53.162086872719215, 36.04605444560634, 43.7155810273965, -116.0803412121567, -75.15017666296713, 97.09540278949748, 5.484282238824004, 92.32741321870141, 143.81165337138395, -11.129296660085997, 10.315282368031632, -44.93574562887864, -18.689591711205125, 25.66113016148002, -227.26298852669268, 3.727825907397136, 6.227947028541698, -3.1897061508100597, 59.900374087864314, -42.980062276492376, -31.524377233608313, -29.286401920792112, 99.46901548518963, 101.39099888392586, 103.40605639859628, -146.91416992439832, -4.445952473393318, 6.612030535791153, 147.3179077329354, -0.2396516171639271, 11.81240899520296, 36.93312514943594, -12.330825459594788, 29.00361274669714, -35.4106380251158, -16.240478947962913, 15.40754925315323, -8.703213081689773, -104.06318535224275, 50.58885009366666, 37.5409064468625, 99.65686572645653, 72.34904383474893, -32.19698149447069, 41.97192829446423, 29.88447393439129, 172.5955498587485, 64.81602046926865, -22.425682920940858, -71.78883468260554, 86.62388903338886, -10.38769113714024, 48.40665089110685, -5.881596394699361, 70.83328759779523, -23.35001846649055, -34.615507172459814, 50.24663050950779, -117.26670441455909, 98.03746427787418, -46.33198712786644, 22.034401314078377, 19.80988242143181, 140.68727030482486, 42.17692610939005, -82.75856837840375, 85.4958196474273, 64.90634226544786, 112.53992542608164, 21.95838092172863, -46.38094438358281, -19.57937053359329, -132.54054642859577, -22.262082694864446, -7.93610869627164], [-23.930493617955637, 9.952815922351848, -37.39173624730197, 6.520014759018462, -38.957925081646096, 71.3979454108723, 145.01274345815082, -87.91445851457755, -100.60143346761886, 77.1340007