{"N": 100, "M": 9, "A": [[[840.4808691620129, 156.88645409298576, -70.9278771989043, -52.107670207269095, -77.2386570745153, -68.59123676743526, 44.620401742109564, 63.62443996438564, 35.00637564518706, -22.90443533897066, -70.1413096305538, 32.7391207639021, -76.65226353166229, -71.18874203201302, -29.310795272750145, -55.95955182324375, 71.01536924387815, -85.24161907120886, -47.6124914670316, -82.13606305179528, 77.25373246471662, -50.34961233316914, -56.21324066120676, 106.08791773002478, -2.4715787167101753, 64.51780280112322, -64.69904407966227, -85.52237396684167, -128.02876252028872, 25.634184249379118, 70.01508494600463, 119.78273241888749, -6.300347061535785, 33.72363263076448, 54.5070376888564, 73.66820419340135, -125.50038558490424, 40.86209247031723, -154.64100070887278, 63.41135812439927, 86.07921455515847, -90.70582017464608, 49.37848105623952, 7.402618746671845, -98.54641336497697, -10.215844807930136, 21.71831993194848, 11.652983205734477, -1.9343638863649097, 129.3148635145665, 275.29173527620037, 79.7998882151071, 83.6629717162784, -34.80023152684015, -132.84420547696752, 79.26782938402654, 21.014855914439377, 5.838843375713203, 10.391273374265229, 39.088794244842425, 33.74966456012027, 86.13664822478464, -70.92183344103789, 54.202656175528205, 47.765798151890216, -43.78970123338103, -126.95261745978458, -35.69907193106306, -101.89771156781988, -31.598455856455033, -13.736513694797907, -88.52207814386763, 28.012163249224237, -24.38899524067766, -75.16490109042009, 55.58196442541467, 50.074824555674404, -16.362426024467627, 48.94970492042497, -98.89036912348305, -55.433727682951584, 88.00347062043065, -32.05444137422751, -97.97319230690849, 93.17526821620491, 47.854577240259694, -10.490263522411434, 79.379798068216, 10.796458345875418, 13.541578394773033, 58.295255464973415, 47.37491297583464, -4.612652346486559, 86.49988178752355, 161.44153594828052, -45.41580457923097, -60.774840502452946, -12.91615852483191, 8.139892253194981, 34.209446227745545], [156.88645409298576, 1027.3227100288725, 12.262750635201947, 40.220767286067044, 68.39946646476787, -34.911196437704724, -30.487233723495866, 16.637954351101648, 56.15714486446087, 49.70833096244298, 145.6222740545116, -54.77716182384644, 0.7852690397613344, 31.350735092042235, -56.116794926551854, 70.55567910245972, 60.137257042796705, -50.94952254908756, 71.95329646671938, 47.166105160045475, -91.64285245735391, -12.204288555578458, 21.95210031645109, 15.035971450134506, 130.93578580914786, 72.42363744324193, -91.57843901691834, -84.23654247327315, 51.123057342738704, -83.86154023369728, 80.16154003764477, 35.70119687306622, 105.81014308352324, -110.47743366602516, -52.124785354326825, -47.42416673109323, 42.186665960216146, 9.034731232736139, -14.34628913966514, 174.54626349199785, 38.55938505661195, -37.54176682805701, 103.66539472379053, -29.2502163842714, 95.941119657129, 48.54330852890157, 23.740657821893308, -25.3275850685093, 158.16851182611475, -69.39091586069055, 94.01500589436321, -8.847959610367926, 60.062959285256554, -87.05051374889597, -190.90278343900482, 103.14384410707618, 71.97236805589262, 79.88148710105615, -44.63759218311159, -55.1910939099166, 23.869355539037265, 8.74866456809769, 60.04807644420588, -38.11525416493803, -25.019919778341983, -41.16861780394373, -103.57705485426088, -73.87889111280431, -45.091620034644855, -17.40907534949311, -29.17319170139896, 44.8680469438357, 36.47851928876473, -30.718566687336043, -99.39486016512055, -49.107048209579084, 7.785337484161758, 59.6449111894365, -112.77758782517189, -14.398450233732046, -24.026055226788543, -70.09152384984584, 40.63251581262773, 30.679532268759157, -116.76123077873133, -62.51085223437092, -213.11804829573487, 1.6009783128365718, -91.28892720203243, 41.69471910450837, 125.15249793224223, -106.12626134862448, -22.138839215175963, -73.9653949647097, 35.698446233867585, -48.832607151185854, 22.255908580861334, 41.269377943220114, 57.830213884383, 38.567619337532925], [-70.9278771989043, 12.262750635201947, 982.4782887326809, 45.57847540563778, 44.31293127246388, 24.339320565930393, 28.93460552720269, -48.93265526650949, 39.46994380529045, -74.65227114183199, 123.79715449028832, 55.036712623104954, -53.61862827526249, 7.424709433137828, -10.42751014236144, -8.632158014601924, 30.22459559461123, -2.2791029177440225, -54.76491891121314, -22.282517781520873, 92.70488254303997, -20.55978083646723, -44.04521353137438, -15.101371657977646, -65.61217760875168, 7.327599436890171, 11.104927706818897, 60.74027236310187, -34.66849432158934, 131.21484281508614, 8.900908979465061, -22.043239697034, -6.228793847674244, 16.107172080006865, 66.72344475556004, 56.31907735023403, 127.90688322151021, -37.291523961795974, 9.695534819517468, -108.78709814231836, 16.325623172206544, -37.30697299654135, 9.165687256996895, -2.5897947861843273, 1.749680726141207, -54.6980127445745, 35.77059688148973, -0.669187659614768, -45.58875234502949, 48.17191721087061, 42.188390571136544, 21.59824802727695, 35.36949704197919, -53.008379524897656, -162.9445642804292, 127.43076452437334, 36.87033866811603, -125.25652740191568, -72.2444336267928, 135.72173442869155, -1.4848610841349372, -40.045985119905424, 41.34182365758911, 19.887140179969947, 20.150569803286515, 54.16255834166524, 73.5240493323478, 53.29147726682582, -16.646901054728154, 82.2717985840417, 38.03876972974712, -104.49423105130617, 72.44091472826808, -22.379734000671167, 99.43029224068097, 16.817253076380805, -64.75746616684907, 12.8231351637812, 4.268143371248465, -17.137790858927712, -4.352346562929313, -92.50420486740606, 91.65065848607051, 22.744749350086032, 47.318502684956584, 58.39547738851533, 72.97094669702807, -61.72368946835265, -56.257890443142905, 64.39596992868562, -72.23393655166879, 6.275020586762581, -146.70681535710295, -27.616160270290283, -59.84077705045642, 144.15484742512393, -71.61784447783448, 10.340589385728048, 92.25288133524171, 103.76768838340728], [-52.107670207269095, 40.220767286067044, 45.57847540563778, 969.8689428514385, 26.629556632344837, 117.71086715330013, 75.92673248450339, -16.951878497286703, 39.30113857066173, -92.24477805179801, 62.186635876276966, -13.06145675146688, -25.525218176000738, -139.44892820471398, -75.1298054566055, 99.96249074291785, 36.05552602133866, 121.95695607875322, 92.11979717198466, -148.78407144302724, 14.2966726531754, -153.8729542081257, 192.42138784733393, 43.85304470781745, -78.17207562078427, 87.58084341708198, 22.813991400403143, -66.21248878421001, -49.48783232455691, 22.72463450879509, 49.857012227530305, -27.45142621988313, 56.53826185378389, -104.9148099657232, 14.206058733810785, 108.57704592839002, 35.1761903749457, -75.96359401668565, 36.245320199945375, 93.3283813024797, -62.61245341067719, -23.76874990977586, -76.86349794416977, -47.30347348069195, -75.65719060901736, -43.18760418535639, -16.432209677314994, -30.855008661066247, -105.35985804555938, -135.51807301569465, -235.93618287315354, 13.627006505201642, -13.832868369833035, -9.848141991455819, -30.275349466984466, -40.51599331282819, -83.90331599374333, -49.49429986767328, -24.20100575808806, -22.158920828854196, 83.73707965072859, -2.9589366664712604, 64.29173979953848, -50.621375295032294, -61.483725914113016, -10.14923987110117, -69.62307546096841, 56.479210160158544, 65.4321263302264, -22.66754871965799, 42.64585291518072, 2.6533826047455995, 33.34520568959796, -123.61984929665762, -11.923410287316823, -76.37344040895611, 101.09181962870608, -50.3809767001158, 103.73718781302004, 89.39576116964179, 71.6593157776753, 39.12579608705333, 58.02377911589868, -76.94916270076324, 73.01864781858596, -121.59819441543371, -40.596717617098484, -42.28822634392837, 84.05576338896546, 183.4952625102677, 70.07075826894251, 100.68121000499639, 86.08470105839703, -24.52134340173439, -51.65150613680288, 45.372260194588, -22.330996943371066, -64.71227823365719, -34.68546971944233, 110.85960705058099], [-77.2386570745153, 68.39946646476787, 44.31293127246388, 26.629556632344837, 838.4260709889076, -76.71567877821883, 63.8807619264916, 40.389796742337545, 36.33584739563149, -8.502758172747502, 179.0274294505978, 59.71090801852217, -84.85214779667064, -64.26117188202896, -125.67361228759589, -4.988569832301335, 13.046119025455704, 34.074952557993576, 47.47880688052774, 48.95178185560747, -63.849680629171786, -0.12671647737746583, 34.821790714139304, 15.249945600994847, -54.312542364940946, -72.25794803168965, 115.30257086268406, -24.33830170640574, -32.91704038664458, 54.43007115159724, 75.532123911077, -72.14734739434786, -110.85938019657365, -89.72205150001926, -96.82391639464312, -78.41395659609843, 58.32676615600631, -12.393251203982697, 63.694908022413706, 66.05208763031186, -16.87291276590215, 7.010199401064012, 87.26516042812457, -84.99282088160231, -76.17683116421443, -13.260705698305873, -87.14881251934645, 51.8624670859429, -36.83001396901982, 45.74418446740541, -105.50292094250071, 81.0734920255819, 28.434737459081408, 78.36621875162304, -115.69335241418598, 76.82315145490904, -105.8490594398858, 64.67566291093345, -43.01396147354671, 72.49820542224661, 61.0798127086437, 15.100064771987181, 27.376448607566758, -50.3960628879241, -28.644389687353268, -128.5969794950466, 12.610400501394988, -15.47054418800464, -69.25301139860785, -96.12327153222665, 53.2982841184555, 35.84521904200785, 112.50668971856808, 39.18363496844824, -62.427483326393194, -43.715919063642005, -68.63629597369652, -14.543536418076478, 22.099648009224232, 4.988029836041033, 23.57380828476205, -146.06766922520828, 182.86483643378554, -81.6230804754031, -73.20793258796826, -63.546459440571915, 21.88365870053984, 43.16436550697387, -50.55603508220784, -88.64280575318277, -39.36116819893207, -75.72689097843643, -49.021944684172986, 75.39466912353859, -67.40989637863308, -26.202544987107927, -30.8708128722438, 130.3272716162514, -65.26593603141502, -73.79339793262484], [-68.59123676743526, -34.911196437704724, 24.339320565930393, 117.71086715330013, -76.71567877821883, 906.8772555748626, 92.7371119239745, -21.05540126352061, 67.64792274312921, 138.83223387884246, -109.92562253537338, -42.70743370268207, -128.59389067161578, -77.20180860225294, 103.57258371750375, -26.964690473909325, -18.92749326025978, -220.98426905011237, 137.65893238413486, 34.92338862012989, -11.982927707343425, -38.603770308911336, -29.66633290250516, -17.640303224115918, -51.31113100264811, -3.8586627598984804, -49.71620923488162, -0.09364745191490872, 6.341283282090794, 79.12486196859898, -18.535742538657104, -7.260702546200428, 24.26866005867765, -94.98550761633582, -17.897193945372596, -9.62979019571628, -57.97624949325469, -11.806714733621654, 10.861732860680998, -55.1341714132406, -115.98232395790072, -18.607517949265986, -92.59238635072698, 42.753423102612715, 3.083649225241432, 129.19183348524604, -17.167872206394083, -3.5116115151265346, -12.83557782796637, -52.71559013734035, -35.17467476970512, -4.141342032195464, 71.5085566950526, 65.22265967958057, 29.70936755006697, 7.809148059254437, -109.20290870535993, 234.26556669779845, -58.53831925596439, -80.35882497291827, -55.993420839368845, -9.551257720120358, -42.004999777110676, -87.89800776689222, 126.00409217645712, -57.77981304332504, 71.96733027866297, 60.7220923717068, 40.56697391353034, 46.32538862201235, 44.778098008779324, -69.6486263236394, -41.76073474135771, -30.93937350928669, 73.65947353075892, -22.160029179202812, 28.538765405646686, -92.02564009221012, -16.54154021603109, 16.64781003461624, 118.26236423229646, 77.54256587843462, -44.80197468897409, 6.51821071292511, -81.32045696224888, 55.65138732831149, -142.83718757496962, -14.05797085375778, -23.22965516987885, 101.99387631075734, -5.529950042771291, -17.280773560487297, 58.08353974747254, -162.52000308202628, -86.00208100763703, -16.020093206432716, 82.7845197801214, -28.253021476579953, 59.95632587772429, -71.15722858550232], [44.620401742109564, -30.487233723495866, 28.93460552720269, 75.92673248450339, 63.8807619264916, 92.7371119239745, 769.958064386195, 2.2420877767806733, 112.15089170732035, -33.112173008885236, -37.483107031212676, 37.289015431123744, 57.19480565587527, -23.05127400386738, 73.1219745285417, 7.547303734418678, 50.282565474176145, 7.29929450556606, 131.7903164866406, 42.37760823132416, -12.44052442403165, 82.33135425869074, 30.219098276529067, 55.89144156220179, 150.89833885661224, -57.05891138752404, -26.592605021115812, -47.83799623445044, -105.83936087404496, 16.38334835256332, -73.46608296292858, -53.74930157178258, 45.78117210004309, -192.07624756238616, 32.95368156455522, 37.10574923602693, -14.879613578393167, 96.50754509940134, -58.443183466893814, -8.987113739725219, -161.13523358293048, 30.318948078170138, 34.750870766667546, -23.201082464123317, -156.35087948929885, -53.56652285515732, 50.465319457862115, 21.415187270660766, 74.93177858903414, -35.838064023127295, -98.59480005876664, 24.819740018743637, -69.05859997506133, 98.23334414857338, 45.45903691554875, 98.6878916288365, -61.00810836809426, -53.77198885434971, 39.34982947017266, 81.74826117402924, -157.3914426909533, -1.01565012407673, -103.13850766573782, 73.49294930429832, 41.653283794961325, -7.257716078672096, 22.836014167403448, 83.0874673202636, -136.1487488549455, -40.7791672007738, 121.43179206963079, -68.32194604184298, 26.245379994931298, 10.348895030177193, 120.03589833857723, 11.871522808482718, -74.57677162422719, 22.423855379715285, -56.88707456077972, 134.85576685752497, -5.467064992704901, -20.655784422717947, 51.89605377016572, -106.26026007379018, -3.7999223526196397, -51.40366842682158, 89.67884836751426, -77.23544631851343, -44.760257475820154, 54.799737056167395, -3.240314388305446, 77.60482144896332, 47.06112155965052, -3.0834372357032103, 22.056316102165276, -2.3937290354823126, 69.47679687136569, -16.832789297015697, 41.86373425171074, 9.06653482259863], [63.62443996438564, 16.637954351101648, -48.93265526650949, -16.951878497286703, 40.389796742337545, -21.05540126352061, 2.2420877767806733, 1062.1150848700527, 31.426439918255994, -101.75779523682523, 33.916739364687956, -58.07336272994688, -4.529026146073228, 20.085737812281465, -91.00874849114074, -4.970050991354668, 88.44382463873018, 14.121010451219997, -27.25300754018061, -47.572827948228486, 83.2017690162444, 29.413409657146182, 68.03542696685895, -40.613609880853616, 78.14305866237851, -52.63235892465183, 119.0591404497911, -26.721322389397155, -65.34023067680565, -39.865546583491906, -61.877580690517995, -50.39024401669115, -63.6389944596453, 24.607390414764698, 35.8575883334938, 45.01073680370646, -4.900316822801679, -118.41961614682107, 3.5245596940109296, -88.94105088246326, -15.329190089942722, -125.46701458712747, -16.51157051401878, 7.054741494535233, 52.58053507110483, 85.09679001498229, 32.41956330425723, -19.8556870969178, 52.67389286337182, -85.9332789707019, 41.34006212141775, -53.109305881667034, 107.11956175530075, -37.17314741625392, -20.885359024834617, 39.481003051913966, -73.38153739408946, 108.5812923457893, -43.99440181462603, 93.09787286263992, 28.97190149218766, -24.413283383545348, -39.739022725582274, -54.13820314677746, 159.81065471203567, -20.246238889745136, 29.25255593264102, 81.6235753671208, 119.71338290470038, 35.894981025740904, -65.99860427212035, 101.05685576048349, 9.000825613732019, -43.67755670086487, -17.28754506919228, 95.49439324639528, 41.6491539595124, 68.54709077193765, -71.53731356592195, 12.745423275524509, -73.59824715909619, 38.027421599060446, 43.54316625639821, -3.600377193613078, 58.51996538311498, -16.8354278386448, 54.27637750777085, -27.300917550560637, 118.51174822428102, 70.33708509845906, -29.096914241934734, 113.39912657384596, -27.295035583066994, -36.07770680688178, -101.84179786754486, -77.74686000223171, -22.31105906596215, -43.64992332643795, 2.1987118936771064, 5.682460906072303], [35.00637564518706, 56.15714486446087, 39.46994380529045, 39.30113857066173, 36.33584739563149, 67.64792274312921, 112.15089170732035, 31.426439918255994, 897.8759261517579, -12.86889472827134, -36.51499075417634, -24.632522880213852, -33.666861540735496, -11.550069471025703, -47.07795499019971, -26.53115765157825, -9.496020743082173, 122.08407856432288, -23.656842800111452, -88.80640833983416, -154.70417626018892, -11.168801597494388, -52.35006618948839, -132.60390683499008, 28.27486979097814, 37.67636792395942, 38.618203930975696, 38.84378338257736, 18.386281547829306, -45.44051094169176, 86.31976689350543, 32.08463054316131, -8.089789110850099, -75.09549711211217, -65.36463032812902, -40.07183725129373, 68.32011567151245, 95.23732615684226, -46.59510510353938, -14.293299783808692, -87.31930696693841, -49.20146574941766, 49.82067494005525, -86.6561291019791, 48.96718145728252, 154.58548514648024, -82.44721858772922, -11.030931044776965, -59.428754660578534, -10.20366205247848, 124.37333815566923, -62.38707345389495, -66.0996704603224, -38.35534572334485, 46.56454974742544, 42.96361077071424, -43.65578400219625, 0.8632809039589904, 91.3719016600087, 6.876087868275576, -71.06030694356915, 46.06949652545136, 49.38054004846385, -27.658619586170488, 93.83242825490336, -20.648715426073018, -47.38702656300453, -30.56696061299, 106.96852104542141, -17.62470191765883, -12.99268731781545, -93.84289307941697, 73.37565098581689, -3.0281884487738564, 38.285654628349064, -0.297708735163212, -111.83979420162517, -27.811206512092685, -20.169154385332746, 63.168052598462786, -49.45262457683725, -98.48254744109973, 77.969467897394, -11.868791241186807, 59.622220369022024, -82.90151608228993, 33.235735152929145, 58.28252196029585, -2.4839444044361034, 26.391741729228364, 104.50730659262123, -4.363193598294252, 79.67507198775554, -101.67472217252366, -68.45495987767593, -8.946039218033162, -58.63680002487826, 56.39199865617299, 30.071915900610005, 101.70756926784135], [-22.90443533897066, 49.70833096244298, -74.65227114183199, -92.24477805179801, -8.502758172747502, 138.83223387884246, -33.112173008885236, -101.75779523682523, -12.86889472827134, 1128.3293436076592, -11.57377818480007, -107.05353576181133, 88.98397934642188, -97.73757866379427, -8.31494695551114, -1.1732551840518062, -92.04061459085025, -35.26967497357315, 28.741042910343175, -145.71271971452322, -106.51765211556895, 102.48628815146967, 110.20449618908131, 47.295088612008726, -29.880817298359556, 145.41919247728262, 31.295456400485687, -23.33983864244977, -52.33187206380598, -14.605403373949384, 31.62584634695252, 79.82745336492376, 80.38641852781319, -37.86125614271584, 22.90195015844601, -25.598932350135783, 71.76412460009641, -15.024976736982072, -94.89926564648493, -29.264598008373305, -49.39769542467734, -42.701815154424956, -106.16603658598382, -57.89403431901021, 61.156045575143395, 18.999058425358584, -102.47883703025062, -89.88075514158996, -89.11683784221793, 32.371754350283744, 95.51408513442253, 58.498596702771785, -108.73912456776458, -62.68229072673435, -14.988784135862346, 42.213394385817395, -103.73496003432813, -39.4052258124264, -8.246747292744606, -48.257564783937156, 116.7726632199116, -22.4451187433196, 6.404027919579968, 59.58697348305315, 79.1934573378592, -48.07709141308323, 106.96009459641989, -46.264862158299394, -93.86210411567673, 107.4121432327305, 91.53048232569891, 70.5711705283179, -1.3850707841299998, 155.53594974852638, 21.17179719456137, -5.523612758148722, 51.20995481350528, -54.19077511032329, -134.6718465602015, 67.26116044332872, 11.68863318461639, -42.979812098844675, 12.77911148294391, -82.5409529215863, -213.75761228919382, 56.14603322193669, 95.75107217612351, -25.603017525647914, -15.006059083664942, -4.310932481691152, 2.2237213231757758, -106.16403419612831, -25.236600423356258, -114.5450256786844, 53.79544263444912, -34.84002071373584, 139.30022089195703, -7.378260135589071, 55.9007215617912, -105.22069908919283], [-70.1413096305538, 145.6222740545116, 123.79715449028832, 62.186635876276966, 179.0274294505978, -109.92562253537338, -37.483107031212676, 33.916739364687956, -36.51499075417634, -11.57377818480007, 1158.5685703005165, -71.44136269788359, 19.58877099195659, -10.318653654561626, 74.33166202069488, -89.3426738550821, 127.94190497122872, 99.40543246796054, 36.502170669707574, -119.16900393109341, -21.06904319025009, -64.50218195608407, -17.747968267511524, 16.262214012094585, 72.23054055887769, -17.464454615646805, -45.76561240182346, -95.2197593695849, 35.6485570246419, 30.973420559938184, 52.82466896108022, 63.250969329603265, -101.79530542749364, -64.69916188350535, -15.682835096205773, 153.7466371699895, -34.14839937948301, 37.997070465248555, -95.64733498998694, 32.222713001924184, -28.673777112121638, -35.80072300408534, 99.3765461481644, 29.87808282320735, -41.913271639525036, -81.2406638985136, 19.81167753669469, 108.39556037741184, -213.80787517674932, 35.04937474715999, 28.9192545413679, 122.8353142068546, -111.54915694045536, 37.58352095432774, -69.18863990280579, 106.87836399075695, 44.081473219823884, -123.99943706068808, 55.64737480201671, -79.27046464058714, 58.12576691936913, -14.62082509062723, -32.15099186703836, -72.40285434620397, -44.88907028048209, 5.489461229028657, -14.987379503251681, -6.381950402949997, 72.7123634618449, -24.537541546517925, 41.506580551273906, 31.323220902616296, -88.65086371447968, -37.45207269378495, 40.80608814388631, 41.294511562143065, 20.321398366320974, 30.79700000377627, 10.245065721737749, -23.205413670314122, 98.72079964309421, -187.6580343366313, -28.98738901743239, 82.1949350137665, 12.930473224394815, -84.55799844530736, -13.81664622748251, -26.134437676907076, -27.93639736094197, 7.675553615071124, -38.87048744047826, -73.29686085256863, 48.942587176484025, -78.66372696541534, -51.147657234829495, 10.76583711884492, -107.83972713977161, 45.56668546532309, 19.507437064339992, 79.44220367684387], [32.7391207639021, -54.77716182384644, 55.036712623104954, -13.06145675146688, 59.71090801852217, -42.70743370268207, 37.289015431123744, -58.07336272994688, -24.632522880213852, -107.05353576181133, -71.44136269788359, 1063.0448095625961, 71.28989983783566, -68.6945338107119, 22.43288850627292, -210.68437815467172, 46.056425898987, 134.87115822855418, -10.373058947623216, -116.62486978352918, -76.45907269417275, 144.0481737775916, -72.13840868085225, -39.66320592837841, 6.927062392426136, 84.87860520100743, -170.76095922011777, 44.4200036602328, -128.78135717481476, 0.604408780786063, -44.68523919029141, -67.59130389501568, -121.16093436848749, -76.16389099990604, -98.74420991163323, 16.62695112234452, -53.91144373783048, 74.96865093896959, -68.53858159161133, -65.94729092574707, 64.16253212464785, 51.39520981582987, 29.129135602072115, 20.932848238903674, -2.747282688755963, 18.343427758909296, 59.189952469098685, -18.41563339806321, 26.575551044550025, 32.401761520300035, 214.60459616414994, -98.31350265681735, 149.93027284117883, -128.0729448932712, 27.21888268035166, -39.92801806649189, -82.11840793811437, 62.59012565982983, 7.131454599249336, -66.94668356459815, 88.01726357473328, 1.302238866759301, -58.46604044315872, -78.29332585094843, 114.29033079550321, -87.85959262486551, -35.91628943861117, 30.98710700843631, 99.85343689241161, -10.291500631733689, -30.151653976099336, -32.197358100602656, -82.03664260100842, -61.35529962517805, -61.685800184469386, 80.7947587972814, -80.44230894254018, 38.31765639505326, -1.3766839742347021, -76.55168690111553, -42.24886157508451, 28.15014528749835, 3.160550091189023, 10.169780571698183, -9.07076960898302, 123.47787215594863, 4.130306618579299, -49.23343006526269, 46.057935558196675, 100.91254967917648, 42.07692299742607, 2.6798265134728156, 25.89043557642789, -29.171879351611185, 27.286198477741383, 41.67887990469611, -48.359085730561304, -15.053222431043508, 31.701033843877525, 125.09736558132727], [-76.65226353166229, 0.7852690397613344, -53.61862827526249, -25.525218176000738, -84.85214779667064, -128.59389067161578, 57.19480565587527, -4.529026146073228, -33.666861540735496, 88.98397934642188, 19.58877099195659, 71.28989983783566, 1002.84153786927, -58.94392356103281, 57.79277220346271, -112.6524993563059, -107.582359902761, -36.30886949348195, 12.815788014531343, 25.495856156885107, 46.27474332604096, 12.22220311965716, 26.982315218492214, 102.72185730091213, -68.35659851188055, 117.20332360990925, 8.356609095629867, -101.44099163708246, -33.14784039504279, 51.80773433039668, 176.66653315009606, 9.771606334608668, 84.42991881088257, -49.369059199004326, 59.879069247645624, 55.88391686775815, 56.944389085132585, -139.8754795110547, -135.37635073823444, 35.14288952951407, -83.67104229375826, 64.00274577876283, 42.685090634394996, -7.235193997155915, 38.12901444251908, 95.00074904778077, -146.40958536117603, 63.11610001852193, 83.57351384311391, -28.533283605294027, -33.79864044539969, 55.40979615133019, -99.85718905903313, -79.27415116684769, 159.46956971596472, -111.83045413247102, -6.263860180143262, -53.90090081828991, -55.99258273037754, 90.7549733650588, -51.40938643290685, -128.49830987465947, -39.71871489061407, 49.59110878782925, 35.9930681868269, -15.891806999561817, -5.239690561298858, -12.009755706280158, 12.172951439284592, -34.549821512419726, -53.74853580324424, -46.81956966738493, -52.456116573738996, -52.641508231904034, 53.83648888162871, 8.960408081241061, -3.928163211057365, 28.010186390593393, 21.559727911522675, 145.68169486655023, -14.982441123146678, -106.7020276572908, -45.20997966258569, 34.37955839222483, 32.084305997820074, -69.52336981048356, 76.70669575927708, -15.347769057007948, 28.142692530569565, -92.38751763303267, -20.9692094666941, -20.081653549682503, 54.323490418193565, 57.78427990355591, 149.9421073985617, 32.451216359050385, -101.26679198699445, -84.81136866155342, 77.38643003262905, -11.450262573554243], [-71.18874203201302, 31.350735092042235, 7.424709433137828, -139.44892820471398, -64.26117188202896, -77.20180860225294, -23.05127400386738, 20.085737812281465, -11.550069471025703, -97.73757866379427, -10.318653654561626, -68.6945338107119, -58.94392356103281, 887.0338382103872, 67.73349745784137, -1.7875712848856637, 44.43467007299059, -116.41576756269559, 60.90388473265872, -71.02383852040606, -21.838869653335788, -8.560500456054477, 6.0185279847719855, -12.019299141951759, 48.94516176038706, 80.51964371633088, -48.79610620555104, 92.94061151891047, -79.2193140540771, 44.03526978863422, -42.24706265934208, -143.7308835229491, -63.348420869835266, 49.2861461750384, 15.171225033591714, 43.096887877691955, -12.79342763271656, 63.244052104371725, -42.31937284648425, -39.311859190372104, -17.93772516635356, -14.560742858132109, 110.55613196046006, 31.915939872567257, -45.940998582553895, -180.0074375526775, -41.15785542191987, -44.45915118777105, 36.01585113000651, -88.26323032382474, 4.326355393682315, -72.63468505513801, 1.7496012531790874, -33.79530435724867, 90.12686242502636, -39.81944362627588, 72.57449748528323, 21.717178312861662, 83.60532299115988, 33.73525928266215, 23.244679130560275, -66.10505521323228, -137.12654741523824, 9.77884016333677, -35.33616137968778, -125.37843403929081, 50.07813023265911, -29.89567050490869, -12.84453310050452, 86.35582549394543, 6.930670193092498, 253.90282533731377, 79.27609369949766, -36.905474793393736, -123.75960925994633, 9.037685493780925, 46.483328588306584, -47.731678355509835, 97.17759987975668, -11.703999279696811, 70.55620984262076, -35.1629844767807, 38.35031277710076, 34.17678332057899, -51.76960632216026, -103.88557875155793, -69.02539865218768, 49.070435430692875, -34.27652913152766, -67.09065207256491, 18.4771624322256, 37.503410069585534, -63.71533033840543, -147.2011788402477, 36.35849848852512, 91.27829625892785, 5.5648086416493, 68.08243249827498, -84.08072291086097, -46.74001560822268], [-29.310795272750145, -56.116794926551854, -10.42751014236144, -75.1298054566055, -125.67361228759589, 103.57258371750375, 73.1219745285417, -91.00874849114074, -47.07795499019971, -8.31494695551114, 74.33166202069488, 22.43288850627292, 57.79277220346271, 67.73349745784137, 932.035388514838, 30.379072819212812, -24.60639793866929, -159.43375263137284, -30.837135795471088, 141.99008727701633, 16.955443914904446, 58.743362782208386, -66.0768486877392, 98.88492114552646, 64.21584399989013, 94.17712446369418, 40.17383113799083, 8.514565551347678, 9.176575967609656, 26.749066893275963, -40.95799742995559, 10.04498642032869, 19.338903026456272, -0.07302138762586054, -32.68074850446831, 13.29866456702243, -11.74168873175906, 68.60524020837123, 102.6586083732551, -101.1299940036916, 20.71052170031594, -89.26837563368251, 6.028928505904349, 7.202150693980219, 27.7281789192533, 105.46668630428412, -53.71243927142705, 7.96354256364615, -8.644621424492474, 23.18396824627898, 23.574078431182286, 2.6306726033833945, -36.87741337003414, 6.9660972850464296, -92.40352955236136, 8.329573806770854, 84.07142968328712, 18.48471920281981, -58.52101142626591, 96.59855119706488, -25.375932253531346, 18.632744775974892, 54.31423223106372, 16.141527677670595, -22.96066080454017, -45.251086496505124, -2.5639031023113734, 57.46313081013497, 52.37733229700366, 10.437514032993075, 37.94063881648921, 63.21664732643055, 80.70503548864825, 26.481488197953617, 68.69652270664062, -6.224062893967072, 28.915993050166655, -22.631143873607165, -1.3004730385319883, -17.796480049141632, 48.7910774747256, 98.3526947369651, -125.15927140478085, -11.897142046091027, 34.142324078639405, -198.35681509992855, -8.746149970290109, 29.03875497529684, 156.20285184687663, 121.43576046769947, 93.55006023378272, -40.72800693801129, 39.548460754098876, 100.46627352748675, -20.258694357297635, -80.70174024952814, 87.88484793251246, 63.42916082783196, -50.44137057394846, -206.8409962597826], [-55.95955182324375, 70.55567910245972, -8.632158014601924, 99.96249074291785, -4.988569832301335, -26.964690473909325, 7.547303734418678, -4.970050991354668, -26.53115765157825, -1.1732551840518062, -89.3426738550821, -210.68437815467172, -112.6524993563059, -1.7875712848856637, 30.379072819212812, 940.0861893427289, 164.28782341523382, -2.8258933294057136, 75.23198234755675, -64.79466610940597, 58.783701754450306, 11.20627879549169, 4.502379118725148, -86.5714417148828, -75.24508390677484, 44.12269551571143, 123.11203723178724, 114.91036975246129, 111.4170739059597, -85.20557245528921, 13.254551216551274, -40.16924643845494, -48.300481305208216, -64.72698099439977, -140.13751237220953, -56.33573234434665, 11.089945698674436, 55.018419170358555, 311.7770983092115, 12.915977561266827, 96.03367047071272, 6.205813601531472, 27.2554697637267, -148.01785507783194, 31.694609519905182, -29.57254105797788, 11.181342404068731, 97.29109696858076, 142.60277342328854, 1.4290592865238112, -44.55442734617951, 19.146381263335513, -15.42222631998731, 88.11065387973687, 71.76136499080813, 61.791374746540114, -133.85639390025207, -85.8603006720118, 12.265453527384622, -71.43850890049376, -34.971928286006204, 19.40335001403075, -88.64010196473777, 14.186407109022081, -32.54257943169527, 47.57742426113292, -68.24147782482547, 52.63556243568949, -49.09199642338839, 84.93067730239457, -34.075391295866886, 6.304143343875861, -79.93947595452579, -51.018646968483374, -2.7228265703946946, -202.83632819082675, -121.9910903596062, 10.044690455651928, -83.91380938771707, 56.26355963984736, -9.123820126676844, -21.22192645639614, -108.42755775384003, -66.70546274031821, 128.65729622816792, -105.1916173495413, 19.878953628610624, 41.419944670952525, 26.42739817206682, 21.14538014553049, -75.71775554072529, -44.507967851897625, -78.651752996843, 30.850984344097654, 190.8014483082026, 48.57776680578792, -56.35630861351456, -104.37035348491007, 38.74251921271068, -124.02632010241314], [71.01536924387815, 60.137257042796705, 30.22459559461123, 36.05552602133866, 13.046119025455704, -18.92749326025978, 50.282565474176145, 88.44382463873018, -9.496020743082173, -92.04061459085025, 127.94190497122872, 46.056425898987, -107.582359902761, 44.43467007299059, -24.60639793866929, 164.28782341523382, 791.9346760140594, 108.15994831733259, -18.514836763993895, -19.40207521093218, 8.654112325088345, -13.4696472620711, -52.730596884184585, 30.059754218257407, -70.73176912379671, 99.996243329074, -66.41464153344403, 34.3927158772198, 40.063464365278904, 9.688227727193079, -122.59998458799257, -11.045503100042254, 142.33367751369374, 32.10279904559262, -50.18526562468346, -34.757465641259955, -34.676339492251685, 47.90284844633182, 20.219946547565957, 10.777249275312387, -132.47870070961395, 109.5268131444483, 106.43910066689064, 43.46162092221932, -8.933266704078436, -8.772084926009471, -2.7226445961382932, 13.191167916190235, -91.08337736111912, 151.6869899881043, 54.970790983847564, 35.333618690645665, 16.725055078744216, 9.679830367550265, -36.229581961688545, 23.21929523902553, -52.937366778594765, -44.905159198125475, -99.28590872980018, -6.192064658035374, 200.16604332021254, -24.7490750053556, -172.50803774814608, 36.61785073047714, 113.94884967891056, 6.5351131598223, 114.40658726781055, 31.33390529746285, 30.3628876792593, -42.04776054381631, -117.38194199778518, -50.27955371758213, -35.345019461742126, -82.11173379571348, 78.23582081912974, -37.47960888174613, 92.16410948520289, -38.99089750853418, 47.488812356244644, 138.33668012815542, -120.8099956587883, 22.549688938118436, -111.08137217863748, -37.64232633977166, -102.0130580899152, -73.06771409274359, 20.31142627357708, 56.26745972998784, -58.24745330769023, 13.708690174226417, 49.760323663236186, 45.10946540355773, 49.579595082119575, -133.9027827702067, -44.67514838949163, -54.19408816595233, 38.78772188159325, 25.51725398918723, 16.713011541854797, -43.59919661693687], [-85.24161907120886, -50.94952254908756, -2.2791029177440225, 121.95695607875322, 34.074952557993576, -220.98426905011237, 7.29929450556606, 14.121010451219997, 122.08407856432288, -35.26967497357315, 99.40543246796054, 134.87115822855418, -36.30886949348195, -116.41576756269559, -159.43375263137284, -2.8258933294057136, 108.15994831733259, 1003.5673380158964, -22.884287275342928, 78.64455261320508, 41.15680115292201, -87.73771614714194, 11.965765842741828, -1.6522293208363124, -37.25095270576879, 10.113807234753247, -101.234676868376, 53.96605771525769, 14.600925864667317, -65.43224080951792, 20.57522374015475, 44.177651396347834, 48.468109178860175, -23.336223475378933, -91.01754868339154, 55.87308956255483, 0.6942374790760344, 95.2174653238668, -72.18501253311607, 128.62902378880358, 13.2938469663506, -26.26595238744663, -9.57014562515466, -65.98164070992372, -104.21089218907066, 37.507788237562934, 64.04346894622091, 24.80551941390969, -87.18613039988128, -1.241073693342719, 96.19361298918069, -66.16258275420802, -25.04836851115335, -6.864337098665709, 33.35701760892926, -73.67179555965288, 1.4688744243310323, -40.13058840608478, -72.14096913494332, 57.006873180768906, 75.6428437562097, 99.85657126151915, 9.26953171298877, -18.6602622538906, -34.932449264027724, 61.81458759109597, 76.93012740697834, 149.4410607331316, -10.540682539316133, 68.35607154269024, -93.44631814300274, 93.07294998457941, -39.69890997802281, -16.155337767082404, -73.15360880410582, -29.65693159160565, -31.1373901014885, -45.805108778158456, -34.946813786926924, 119.48315474296197, -57.069677899105756, -80.15482867242528, 95.40963428772376, 9.380560685281965, 27.85720388455523, 147.2838248416164, 46.78928184909173, 69.58862608570553, 36.38116824570974, 43.535236255638665, 158.13589800907982, 33.383209476229396, 80.23456449117114, -101.85837834070414, 7.22203496775532, 31.37652355231824, -85.30154165602801, 118.78648106857734, -23.036550097802326, 105.39249879358326], [-47.6124914670316, 71.95329646671938, -54.76491891121314, 92.11979717198466, 47.47880688052774, 137.65893238413486, 131.7903164866406, -27.25300754018061, -23.656842800111452, 28.741042910343175, 36.502170669707574, -10.373058947623216, 12.815788014531343, 60.90388473265872, -30.837135795471088, 75.23198234755675, -18.514836763993895, -22.884287275342928, 876.3714897275668, 22.95964511384942, -42.95378483853572, -36.50906039426277, 80.39386614648706, -55.09132507463731, 41.70730761121519, -17.60510869528463, -81.85383102889281, 14.439212350621926, 60.78826705098266, -76.75420152557723, 70.60691314481546, -14.8984196675416, 85.47490686400431, 23.311837808807898, 32.45890715498972, -15.536130258801755, 42.14855975862719, 25.887322781874044, -63.87423835901358, 34.1739788025619, -20.850870316053907, 51.86854342444062, -183.67493797708593, -70.58226962171167, 58.42248264057705, -62.396995616953554, 12.96909103836983, 92.9434798714571, -26.689355289042773, 100.54776833187532, -34.78754027123323, -72.92083425266556, 31.222102973841363, -47.078973063703856, -29.431264120007278, 63.55297535460105, -30.738416963690078, 150.4776060198832, -146.25192865247644, -53.04176062675747, -12.023527237172942, 55.55402053743971, -32.195274401703124, 2.473011399989275, -171.5564562104105, -29.657560964791756, -128.0527896479046, 24.61953583349678, 31.56524207320394, -29.007394454060016, 67.97571231420959, 30.84837282125699, 28.722146311787164, -52.51795620751144, -31.443228934771085, -16.486976552758982, -47.937590929877366, 76.00130522396186, -25.821092614157305, 101.18201684642364, -32.50302831313481, 65.07220671921243, 72.68170065514137, -28.29472441381862, 13.076048064384212, -13.162864866612527, 35.18632896358121, 38.54094615765769, 50.49071812323431, -90.59884688372314, 5.942576897118174, -39.164706095960895, 15.212649335569344, 85.00891259370029, 160.31749303813433, -96.9038341158762, -51.045212561871665, -143.2337154756751, -106.40536834276003, -49.42862490899133], [-82.13606305179528, 47.166105160045475, -22.282517781520873, -148.78407144302724, 48.95178185560747, 34.92338862012989, 42.37760823132416, -47.572827948228486, -88.80640833983416, -145.71271971452322, -119.16900393109341, -116.62486978352918, 25.495856156885107, -71.02383852040606, 141.99008727701633, -64.79466610940597, -19.40207521093218, 78.64455261320508, 22.95964511384942, 894.9536915802889, 56.645025661882244, -61.505829920351, 19.83714989300823, 101.10151066956107, 167.3492282299523, -120.7767829268744, 56.92106462655541, 92.24114475136109, 146.97856154329187, 89.37275552598325, -78.43459451371307, 3.6876123185799687, 45.55502369230311, 18.998799860493218, -45.387451274515136, -161.39185112436468, 73.0990330868408, 25.930807253604268, -68.68631420560294, -115.28611385916703, -39.94108335117032, -4.322435394416887, 72.98595550605296, -28.624077273626366, -84.28011519477933, 47.275574149417295, 100.55214764073364, -4.115580335448577, 31.51212279447028, 8.047739658028517, -55.86955617440951, 38.64928086349167, -96.69744155267237, 79.11223947501823, -98.77100672529703, -83.53410802403869, 150.48109740090266, 20.071761957330423, -96.17117557333012, 21.105017003029268, -2.7376198069538065, 61.22499193945498, 110.15362348849649, -0.4795797870030947, -1.2538478165553248, 32.562282877744856, 56.708338792581884, 160.82028946114568, 102.66016018712554, -62.84307388344962, -144.17816528746394, -97.10917247824894, 14.502610448386433, 107.43836794332302, 0.4861233423148618, -70.06670358231257, -3.306304692205788, -24.388554726958066, -176.2258453397661, -31.373240969750782, -1.9016921192937208, -98.29266967815236, -1.4495337559247372, -70.50788501260557, 67.50335983832004, -9.793081649970762, -10.481948289151083, 28.156427775165795, 13.11889658004032, 66.19781867590481, -45.269283091087395, -23.79154745821957, -22.34193474883286, 25.27569725736794, 13.788216007315755, -3.425188608926133, 83.11156974177312, 60.458934908392784, -99.16642148949221, -79.47506729522736], [77.25373246471662, -91.64285245735391, 92.70488254303997, 14.2966726531754, -63.849680629171786, -11.982927707343425, -12.44052442403165, 83.2017690162444, -154.70417626018892, -106.51765211556895, -21.06904319025009, -76.45907269417275, 46.27474332604096, -21.838869653335788, 16.955443914904446, 58.7