{"N": 100, "M": 5, "A": [[[688.1001998768646, -4.010970090956015, -124.1583155998464, 90.23379969203827, 27.2681177773075, -13.82970116740356, -1.7540677103299853, -36.57348152980158, 26.94126773819781, -13.475395101804546, -97.37368775485315, 0.045222117543365026, -34.93005434857699, 61.11826873170439, 38.79342008369481, 74.97978776616047, 32.62947566584813, 13.153510432554878, -39.593392369511555, 36.84902944441723, 39.07806030010654, -16.724511304188567, -60.542862528035755, -98.49459232672191, -107.98632599846584, -90.08811368788008, 31.248749867545484, 15.906768456402354, -5.815471016551187, 185.9325708410709, -142.62924486067195, 7.9728591101944, -33.37851923450177, 108.70030968444412, -62.82542362022881, -61.44615053454359, 46.16234930627624, 56.992103680975575, -120.67364190040031, 71.82198509039593, -83.39369505311907, 80.73361326138127, 87.07541349049772, 8.762999521130038, -92.85536624530427, 13.657299653131105, -67.78197739355569, -15.74151655254693, -109.79807973845838, -98.16017165575417, 187.28512859435156, 16.31416839799679, 17.87829977455425, 183.27603677677462, 56.571812010304406, 82.75288437099586, 112.43197164131455, -26.63258930961149, 149.29744664515158, -59.35095237454829, -4.27265415534161, -18.542648786112405, 4.875584139375409, 41.10611293963335, -19.616111190110963, -156.20190859427635, 45.20297711449851, -125.85661288497235, -87.0599743552891, -69.14097315954155, -73.09996613389416, 12.896778023222216, -42.18462888027095, 72.78800080659329, 34.8835628435451, 69.98834719457986, 2.240542282531374, -53.87258260668277, -21.89180942086082, 10.134386112593933, -59.825240266692795, 71.60834326143225, -132.14640408901073, 39.61281784131029, -23.24378470030172, -62.78269227100432, 173.9492477398671, 215.57106531842186, -40.781928632345426, 23.57521558418218, -21.840067507559645, 19.373593203993664, -13.677957582828414, -106.39064919574356, -47.64850954149197, 87.83003932592638, -0.9024453480382458, 62.528190157924314, 75.71448806579014, 64.92090030354885], [-4.010970090956015, 707.7136782356421, 42.66037312386608, -41.685460049191384, 79.8325248802379, -33.40656403226551, 21.824891406114393, -60.83474506404742, 57.88733338877202, 185.87572407823745, 156.01278658839854, 73.7011779181795, 28.693377558060078, -35.845198084354635, 57.53375757350868, 13.914219197535838, 61.9516414651642, -17.455818784142167, 107.21851834288472, -4.794194271352549, 65.9696230497287, -8.914442404946783, -16.927127122436524, 78.53794484610088, -93.36062289401511, 127.5012832629187, 52.406441389253835, 152.70944490938467, 50.95323542685797, 21.706845757181096, -122.4633886873683, 57.46592115306779, -61.10031353362298, 6.989699384465891, 54.76860541994022, -64.87422326264048, -24.328387757157714, 62.45276564034403, -80.13001737820534, -26.227481394229393, -34.064636895484334, 10.532459217504561, 26.566232158710108, 24.374275053738938, 27.983168473640706, 29.74868882030457, -67.88250367724123, 18.878101500553115, -54.13242697698914, 20.563885033545716, -155.52066876970775, -32.29843583184966, -24.45976663320241, 110.66301664353634, -159.5129190382827, -11.855235115682941, 35.28670553639467, 23.37878507737547, 58.65155853081135, 12.906769476720843, 85.64950252142611, -8.883151317559514, -88.71397347251504, 8.729167163566746, 107.38066107217988, 28.688607836600887, -89.97985938172339, 18.60514888681822, 58.39009038390126, -34.953242712779065, -55.07300070535541, -80.90557038659925, -49.78657158696837, -39.03707293277163, -52.85247894222763, 34.85192142278689, 13.837960655914713, -143.8155419146392, -18.923258906811306, -31.799562047188562, -10.53464407481158, -68.8017262022361, -40.24706484649736, -68.31930469867504, 3.64279884713926, 3.788094876191935, -41.91281186946685, -91.53165663094445, -80.77492154908401, 68.82503569330879, 142.59284093046136, 85.27962168010873, -115.33573105000528, 10.892737870421929, 43.69083364531308, 1.7857180922841, -124.69404827564193, -60.18807574450276, 26.90866902049658, 15.145235291719697], [-124.1583155998464, 42.66037312386608, 598.3036811499151, 105.72925617418437, 90.36143791981675, 51.91603186685791, -39.79459767642636, -154.09653050334796, 33.263903396432724, 20.32906434536078, 37.948051480457764, 41.33550608788427, 59.4098216928032, -43.981986558536114, 40.94351913178302, -94.40223036290767, -22.50756244523215, -21.185162492297685, -39.51811888954556, -24.653772503850767, -1.8797596329257509, -12.642431391988282, -117.60303312726083, -21.8249288384576, 37.61688705990337, -7.753445245241858, -42.5904050763718, 44.016484090533886, 5.090251576244933, 65.0774251053639, -38.46798844639771, 68.38483552230434, 2.828522301500243, -46.5893950901632, 129.62614068866506, 87.02290444839028, 70.50000336057276, -7.1844711643147035, 78.46756736167777, 97.35604821552111, 8.287125458870424, -82.62697104709115, -61.48995371813666, -22.26166174272584, -82.15329985376854, -53.771674687409316, -61.17165803376712, 68.15372302307688, 99.68352528239886, 110.72080482742392, -1.8705874518782721, 119.67095192498827, -6.447849369069362, 28.55393773210321, 93.91009165822918, -173.8887134230188, -12.375536728477195, 86.38008339563609, 62.0688403833925, 86.00621567774762, 90.7317262071404, -17.965900777114584, 62.491827622526266, -118.9943096715531, -67.19338783799795, 75.16746911375981, -13.026319017963246, 32.39033460041393, -43.59490252362527, 82.11433506521304, 9.634754332030091, -110.08384267689551, -11.371922510801248, -25.765865405403126, -48.50206047347358, 66.87375722501524, 30.613082841567135, -74.774288049716, 60.90812732644283, 108.88020369369227, 94.63821421873149, -0.8979439273832382, -8.12450043176778, 23.06789680525739, -8.339155685719, 80.81585524094835, -42.2579396969965, 22.69395399207015, -9.203021385377827, 93.70596681941248, -53.483075946756024, -32.785836249615194, -139.187433493499, 86.19324924568458, 129.4764554879183, 114.64353205377803, 33.95489255541047, -158.2665417099582, -55.83517412631291, 15.384274182615643], [90.23379969203827, -41.685460049191384, 105.72925617418437, 692.526941431302, 120.97807373700816, -109.82752287449863, -10.640029649167522, -76.33882607712262, -35.14863478924882, 63.95574000308951, 73.33820210396792, 13.95987304738796, -37.12893250358918, 27.02160758471941, -80.47492376822247, -2.9253760675300216, -11.492252090711203, 11.640424648402675, 90.98770380280945, 9.556189564295845, -13.739067813393051, -32.965894304518436, -13.798308483755921, -123.08591963441259, -36.3166588713109, 21.59978308793501, -45.51771874810753, 10.935944492018141, -12.575725888214667, -98.12714147989857, 49.45929265113012, -28.212731808990714, 21.6173587831552, -71.13541235663403, 31.387600067332198, 108.74156505165149, 108.99680346591728, 18.229208664659104, -111.61351661566195, 51.90612602576191, 22.183591836049345, -112.74758900410481, 26.386906240251225, 108.81232159566015, -148.4530698450575, -14.555082509062116, -19.703526375302513, 96.4176313910601, -40.93876540608743, 5.704768556948928, 63.81761570017196, 13.069483416429382, -127.81403308558482, 92.99758692057028, -73.7543780419188, -22.08348968955613, 62.09972825785706, 2.8849408310966353, 44.55125548040374, -27.213528930537116, -2.399021695377661, -38.78637504322033, -2.0503723975179864, -55.012058878186856, -125.37650667255654, -101.56669855094263, 75.85672844079205, -185.610593083342, -124.248544307157, 24.976168066168263, 58.19762350111521, -43.09154139548161, -27.56752311286191, 98.03938318620511, -80.58655299372153, 145.1343313232867, -23.01718344510557, -31.418916936639977, -131.9057520622289, 16.734508425321454, 65.88537078235538, 12.571180008403246, 46.06028800689314, -40.722437438031875, -45.94681315198803, -17.977253205397833, 80.4823363749897, 95.90555507320373, -90.44234669012133, -20.74722654755404, 2.7462184586335816, -29.139516419631075, -49.51812741611728, -67.76403096575514, 5.948543011436302, 28.039309609264333, -126.33304146426471, -148.5976822705912, 15.258775144059198, 21.775333519496147], [27.2681177773075, 79.8325248802379, 90.36143791981675, 120.97807373700816, 635.9778422809113, -14.088957077130386, 4.733765600840206, 42.975641592730476, 8.146844119132004, 40.25583886685511, 58.69421128959527, 52.07432053215765, -42.85009310986895, 38.74090409672483, -5.290704901110187, -47.91267716267626, 21.199737254931893, -47.08312974592958, -32.82881423448545, 149.2886436491674, -24.103972841450915, 172.99591017368672, 24.130986648525308, 14.075739070340703, 18.695048511865945, 33.693648976574295, -44.269585456203025, 22.86218276920248, -75.56491358550772, -6.91967386017969, -100.11326918349552, 18.861151603000476, -26.388980918562478, 9.579853402889267, -43.92960407927319, -6.50124096469044, -1.4703759934522762, -46.1866960030254, -11.500007934584017, 45.90203408346469, 18.584670092161193, -135.0656683599535, 23.233816332310916, 31.547096697798082, -56.66526178736705, 18.478299506042315, -98.75987482297653, 74.06641297065836, 42.953952477798154, 33.1117452058769, -74.1208449369211, -26.484513335801758, -48.00105499938851, 13.055646862540765, 99.2396892893091, -5.628305815581837, -63.000348977622366, -20.619421226106322, -71.49131104833593, 54.57954996111647, 55.756755253329246, 50.5747444389414, 51.95671850293468, 50.026494572013625, 7.706262527857392, 0.42067682846950494, -19.286963021501553, -42.628292203626636, 11.0315573117005, 23.77716589974212, 58.035472632725906, -17.883995822738065, -3.8007572719179477, 50.98954432534107, -109.990463992781, 57.50025222082337, -17.74002709592613, -28.70465093795303, 42.3055778584545, 29.935863683062745, 70.41114702777793, 130.02825288333295, 71.1548648461281, -36.42142583667157, 60.318368131548965, 16.64499729267504, 21.96162580817101, -42.621307335531505, -117.18231950072546, -178.4394200525541, -24.383175082000403, 45.695180087813576, -98.42869321130651, 13.147431017684703, 2.2176335608215685, -5.846744751632816, -90.22897710242707, -87.42850969166025, 11.49577930508276, 8.830637484216034], [-13.82970116740356, -33.40656403226551, 51.91603186685791, -109.82752287449863, -14.088957077130386, 797.4682655771596, -60.9727813445918, 55.603346880453515, 16.411877116763755, -137.1056137937262, 71.04861587586169, -28.151625390082323, 17.38869757503929, 47.42791307234981, 38.24809126914019, 23.424861647218503, -18.631070663751736, -111.35826147844334, -165.5968503364811, 28.29318565054627, -45.05094651111758, 162.84814389492686, -39.82747325400076, 94.16098112134759, 156.72619235917742, 83.16643561752417, -8.497591414146934, -16.096623369944748, 5.633064560248575, 88.22706928326743, 38.12958366316146, 36.481559652085295, 130.52194933232323, 11.917160524187137, -87.47587578752203, 46.45356945809384, -111.41641551616458, -102.12618018596459, -44.66383457477692, -23.42559244256726, -18.196258191897794, -21.751747128180973, 64.71640188929804, 27.117392379513227, 154.5413330084542, 202.9023648346111, -15.279246775782948, 83.56103637470542, 86.1320410506446, 62.42771296647907, 46.211251252890044, 22.556587859695792, -16.118624855213483, 35.45908081211601, 60.1839903909165, -15.91269619045123, -2.101766566871378, 4.280457701333581, -88.05114803728864, 29.508961708826728, 42.45541777735477, 35.18689411498463, 43.27673412643635, -49.34692275862955, -214.7898390953271, 59.9938029302228, 176.30968046416706, -123.44131481189652, -9.247877508707596, -23.442352924857374, 33.91854563907729, 23.767194278140686, -3.10234270955583, -83.17280695246677, 38.44738362984697, 96.5315045171428, 75.47033998876046, -18.44507955413349, -123.55148659677214, -74.7513931913695, -91.16181905242401, -136.25362421422085, -69.0578167093386, -44.82215609546614, -26.189307541755582, -135.45448500302578, 41.34091928091643, 57.72134317497583, 62.32369960533489, -75.70306928886554, 63.06261667505417, -5.651598184287314, -157.84978680835687, 89.93576652281791, -96.60638782064846, 2.8139165508784902, 30.48563870485596, 58.03008205985681, 41.34434735078871, 11.892731176074895], [-1.7540677103299853, 21.824891406114393, -39.79459767642636, -10.640029649167522, 4.733765600840206, -60.9727813445918, 724.121141249504, -55.63155543091014, 20.078951372966014, 19.275336363078324, 34.33481473971446, -78.43673368613744, -62.76787901360017, 82.60226437955447, -93.31928765837378, -26.01123037471483, 36.59068404768962, -118.6252417820072, 123.07330143733043, -35.431622524032555, -1.7542525761490044, 6.073020193559164, -28.973026212112824, -10.667939498513254, 87.2297767471261, -44.03284578720583, 87.73853277913264, -53.704018916168735, -28.889549346773816, 114.60919601561152, -21.264700754627608, 64.12201124797483, -71.13512163756167, -67.44678677189054, -14.42696810246507, -14.688549611796805, -14.122325728328162, 26.827010150880298, -67.0252493840259, -75.93436080877555, -34.10917121864748, 18.075349671427304, 29.933166309698123, -12.123532986462122, 167.2983985408606, -7.859152709958791, -8.829359760700282, 15.600123407170999, -30.222014389913525, 61.72058232889103, -74.71474807686258, -68.47380369026153, 20.27046144797143, 39.27568339739126, -7.022740643489092, 41.531664740054616, 27.662397383616163, 4.798053507295787, 32.57864258715798, -14.213389276914732, -147.84124801756522, 1.7142407259440562, 39.170129604404075, 134.27067195706186, -73.29934263822979, -7.309094012375239, -30.627084969749088, 188.77839183634484, -4.265890526553092, 79.20898887546282, 89.66315655943633, 6.698835441683078, -6.506409054913, 72.00423561752017, 37.03405522292793, 41.50864126812555, 16.549524650359018, -22.367418193343575, 117.22073729693004, 178.42995650909785, 30.547380482118903, 39.53004503040012, 9.282602795217043, 9.986770264571504, 113.62727804858118, 8.48273569490994, 81.33897799141117, 132.8997610740882, -93.85174653274105, -17.043784943870826, 102.59513363138672, 117.78247741541504, 38.808677859854015, -20.65986219100329, 38.738578690928996, 55.80890225069514, 59.088085862967624, 50.34611562506793, -18.649641530341754, 50.547444228107054], [-36.57348152980158, -60.83474506404742, -154.09653050334796, -76.33882607712262, 42.975641592730476, 55.603346880453515, -55.63155543091014, 651.0479222259102, -67.99951633637544, -112.21222758273153, 1.4749882144989148, -72.2803143902195, 5.69164867645049, -61.568847155627395, 9.816037714242826, -4.000282141886095, 45.79783708379127, 8.466963255395207, 44.028962603628955, 18.436598880015115, -60.655777730928484, 27.29280757352583, 4.00938053202744, 135.28932209206855, -25.585046060659117, -57.03475203353169, 92.08765532797598, -58.58677726129621, -77.90643059400638, 4.448585571888735, 102.08841656239868, -11.444223207012609, 66.10585052277182, 2.474591864003694, -100.33830430298497, 4.335794553670988, -51.69215760174616, 60.49535455340126, 61.676745703914115, -141.3122118401174, -23.780686255992887, -83.37077947285808, -4.311013960101922, 37.08085740690637, 19.82108740440615, 52.232625339499236, 162.82483959269015, 44.914840633427474, 4.317313351133563, -50.99721023520647, -61.34862158445266, -46.22786507499773, 67.29829919330729, -3.977868623260402, 103.73191546660364, -37.61615033455146, -49.96443016925423, -12.249642068321466, 20.06615014019994, 31.803042421237897, -51.73247477202783, -39.567427568483765, -85.07430671250202, 58.84559446108474, 34.172558384760606, 13.83472929894437, -60.13742000540871, 22.716077770317472, 74.96623255654498, -75.07636532146869, 41.525666855036626, 180.8763043733123, 73.09107566849082, 72.28314615072422, 42.96839953209219, 53.527691612453914, 12.986433831407641, 89.81881646913146, 67.75355454731888, -72.25416841341288, -18.725925789612575, -41.927804824864914, -17.051665575818067, -38.13149462440515, -0.7727509469342076, 19.62947303709552, 21.47665543665668, -114.60545872786419, 11.979933951951878, -73.52948601456482, -30.33276637583034, 55.88231424679946, -1.2701695218283868, 40.82444806439788, -177.79632645420008, 7.5942561949261655, 81.51512150182496, 49.9412817329479, -4.0553029509649745, -109.48169447752498], [26.94126773819781, 57.88733338877202, 33.263903396432724, -35.14863478924882, 8.146844119132004, 16.411877116763755, 20.078951372966014, -67.99951633637544, 849.466327975307, 34.47402038148365, 7.262350512122266, -102.82633071278897, 74.59134746125189, 54.31101457471941, -73.882842748351, -7.030796031359623, -124.62580199819706, -95.18970388317587, -96.15673045347461, 46.61165930034217, 17.361533774596417, -36.07928573000058, -8.078630844337436, 14.550975493131759, -5.347603644438284, -18.72286462284874, -13.387894790843589, 6.829807448506796, -78.91799492595193, 20.94900816157096, -19.612702453922832, 187.10205610421232, -18.10379205221974, 37.81788471421301, 88.0329198581058, -35.960590073342026, -41.622015798736776, 61.38890773536012, -61.62122149011385, 40.15878222448492, 43.76493169601782, 26.12818999248636, 6.02086761718625, -17.67891373992555, -16.199561132082398, 10.160099843284785, -50.06163896341982, -35.49097173873007, -90.040805634649, -23.531431513021193, 142.04055200253848, 70.92245500003918, 66.64939408524276, 103.97569133217998, 24.204960969188622, -171.3039142137758, -126.6592589451809, -27.80927139879996, -106.26286398955513, 61.832920497479925, 60.75316774686213, -103.79419678079218, -29.933261678304177, -35.63814100396664, -40.42150968908513, 24.0714182248646, -84.2039852922267, -112.9575123012447, 4.197275683608294, -19.998709076825843, -48.16547700520135, 36.84387716153292, -88.16031178383375, 10.365227651965983, -25.632815316174305, -2.8497959403112367, 27.51409657167564, -61.47232576247646, 31.135525323082568, 1.2789756329594788, -95.61212705961842, 153.65542601035472, 5.547443770450887, -15.804378490209487, 95.9151864916152, -0.6224949463638123, -19.553271617616794, 9.25337740441842, 16.831478999173914, 52.11273701092344, 43.850235550594405, -74.07026485806026, 3.4352403909060487, 89.37622160139148, -3.288438907800395, -21.97235411995119, -72.27375876232527, 30.431834669864223, 130.2307268609611, -130.444613190389], [-13.475395101804546, 185.87572407823745, 20.32906434536078, 63.95574000308951, 40.25583886685511, -137.1056137937262, 19.275336363078324, -112.21222758273153, 34.47402038148365, 807.6014157853057, -7.130287005196717, 73.4539423683233, -12.989425090811304, -15.054495954218533, -113.66936311372201, -106.05176196255177, 176.28203268185433, -66.55927714839851, 28.164237652795407, 7.172821180644657, 67.86391856512984, -0.13247351569139415, 5.948397900081562, 78.76112671890156, 24.89576055249931, 7.279062113136075, -52.69305176688826, 107.4386488959248, -47.53539961971562, -26.026630568047768, 34.27137170479089, 132.64172362465618, 7.833520621194888, -1.1851855693247335, 84.64521450043937, -27.000476545154136, 167.64955303215217, -11.613829154958076, -84.10863216288273, -5.604716712740074, -57.775553228436934, -127.25744636184837, -27.809506706644772, 134.79415340811835, -74.54085439947731, 21.642256721671956, 131.81178956969018, 37.24617753436452, -33.6613043023814, -65.48752779408859, 2.525293342270126, -27.40996128342494, -28.950457952963834, 48.103688359644416, -124.58224955860418, 25.262616468605586, 31.48429886800611, 5.445166887701036, -90.30688788032384, -5.895894778868898, 130.09228652178433, 12.757362985767184, -99.26574378573693, -33.00619126423425, 39.451440799118146, -43.958637729392116, -59.91918979529287, -103.18005239576104, 147.96558809262888, -50.72037637345135, -118.38583952464445, -136.28826354669852, -12.478587234166602, 90.0443477578127, 48.52326262105521, 0.4292482097125105, -44.28757493753866, -147.67550157148986, -15.159769255704028, -68.26164820211804, -39.84886775039044, 58.10985467872823, 41.049085709549296, -39.17815856970695, 54.85239888046849, 206.66551016294542, 23.597295174802994, 39.81996616055124, -31.344708420857565, 5.363911864374042, 17.549651052685732, 164.94125218553742, 32.120825723516596, 84.91412346367218, 49.54039478596708, -143.98712027828395, -50.720746264181436, -56.18811133484002, 68.13266718723366, -18.53244214059594], [-97.37368775485315, 156.01278658839854, 37.948051480457764, 73.33820210396792, 58.69421128959527, 71.04861587586169, 34.33481473971446, 1.4749882144989148, 7.262350512122266, -7.130287005196717, 724.4233489706928, 44.651420449793, -38.035148985694484, 37.57239882506337, -26.39740093911345, -110.41308014802989, 4.31156985558985, 1.0348335737073036, -15.336763555212247, 8.150700339815247, 53.24380423786739, -21.373805292267264, -27.757698009098608, 75.44634355090615, -16.528631285038173, 41.39866914482794, -30.785510212867454, 48.497088068370935, 57.35391906048141, -126.70863485687086, 16.370419766820635, 145.1303559102622, 51.26785772885123, -58.76735176590756, 100.25098228264933, 51.367731165291524, 30.804889532414084, 28.28018505924998, -99.50693874818589, -19.247434144407553, 4.598976656827019, -92.22955323234571, 28.796630122839957, 0.4347987498152314, -33.49619919122034, 50.76017858692799, -99.45850596988402, 114.05348234715392, -6.847253512438023, -61.02833650802908, 29.892859417323795, -35.05799052368617, -27.94713770495903, -20.08359279976525, -45.613606765449504, -92.78413332031269, -6.878851254341547, -73.96016307399674, 60.09170207616576, 54.99657876211444, -44.366736202285644, -6.80709225355024, -45.28886779440079, -38.845723675016096, 34.614218513802705, -41.45746402079904, 78.82023073594544, -48.307272466903136, -62.05782192981143, 7.86930380267735, 32.647030262730325, -99.78966581308353, -209.71491805428062, 43.07267626404038, -94.99703228590097, -57.22257321674235, 38.24337800476611, 3.6245106372776963, 2.3207872112984496, 36.05625927050838, -15.906983685060018, -67.8648854882111, 12.493184608426326, -68.3337235389758, 157.8488995367026, -70.53494677633418, 29.862053585206354, -102.09811822031465, 29.104226393111343, -22.510492738455063, -28.765715780498876, 38.625325332765684, -118.22062673214253, 11.323838418092372, -33.96672994151545, 2.058330791634266, -51.619981208215876, 114.59579237763549, -10.766788830061678, 47.70877424468406], [0.045222117543365026, 73.7011779181795, 41.33550608788427, 13.95987304738796, 52.07432053215765, -28.151625390082323, -78.43673368613744, -72.2803143902195, -102.82633071278897, 73.4539423683233, 44.651420449793, 735.2460156359275, 10.69657386635717, 11.296994518710555, -101.72730439398738, 137.74991315794762, 23.028608968332083, -92.81746065369323, -105.27404771852726, -90.95558351102387, 7.023667697172661, -2.641582298792247, -35.10068824470519, -65.96390554279672, -56.004473511870906, -18.884167763240697, -1.62989911882939, 26.639196017973664, 22.01065704371827, 66.1227662936543, -62.197259525958586, 22.801107039588675, -30.165156325844965, -15.487982940176828, 5.940677700775389, -85.80656866363556, 123.78383278963676, -17.4912215806071, -23.912760796675556, 114.42911392037946, -22.16454205911742, -93.12387097891819, -63.67504032245736, 40.34740179665256, 55.55302817540922, 108.24330093912131, -118.1627909519365, 99.33079456347677, 187.89460450282238, -119.22852194915522, -18.87813259753328, 69.02142287634122, -66.06224124781295, 44.070016986223834, 9.528524135919593, 115.22278628803429, -107.17527690690142, 12.397424766654764, 75.81723892906817, -173.62861578057777, 104.71771736713856, 40.27693344422667, -16.22506155948799, -107.83274158312206, 43.69817791741445, -49.16204340197392, 2.227192089971361, 5.55760257438779, 153.35053930485824, -1.1479157213887599, 73.10495541255682, -119.7775308963685, -73.73969864487286, 8.856761710731492, -26.499329007694215, 44.50751729036116, -46.22906930692595, 165.94504666496553, 19.408136128553686, -31.82018420901437, -4.3927226595521445, -132.83691205229303, 137.2077449239404, 47.23742598232393, -2.3082095356144223, -43.342605525470454, 30.586935107867685, 40.28011628376138, -58.90222831024634, 68.05424522526747, -76.02832817660995, 134.08372852555158, -65.07257852331726, 4.671515811871418, -110.97401327137868, -40.487588253564034, 38.59220375596094, 129.14711219878927, -63.19465834912502, -56.05769800147898], [-34.93005434857699, 28.693377558060078, 59.4098216928032, -37.12893250358918, -42.85009310986895, 17.38869757503929, -62.76787901360017, 5.69164867645049, 74.59134746125189, -12.989425090811304, -38.035148985694484, 10.69657386635717, 611.7560404910098, -94.1467685983015, 77.58575589307056, 28.420863207255742, 9.687671950546722, 42.09709460369406, -111.26863145599953, -38.544112647489435, 76.01212022146257, 41.14999009977084, -15.664345858033263, 15.87727590764704, 3.9441504508245413, 64.0410172926334, -74.19014308549527, 84.1100043134837, -44.117934427601234, 75.81413925043907, 144.54410526590044, 128.76414300377294, -32.56336589325395, -2.91535938191279, 145.18352565257746, 7.200683379060041, 80.17727907132914, 77.75668857826352, 41.93812680274165, 52.676018032713436, 77.20007894817581, 87.72847822589848, -41.326262324442055, 131.36135533157432, 15.6153867548993, -33.540850238344504, -7.33069406215614, -9.05040306973466, -35.05300207247545, -40.611791179084705, 66.86705661410677, 57.363036142104264, 21.008819089852828, -36.66629666855902, 33.86175553752914, -126.25076877174506, 37.98723224283862, -8.905850390883064, -71.54708996661972, -87.12305428029812, 28.952976309417856, -46.199895152738584, -21.24176707966872, 112.01640187574348, 7.920204874756113, 23.515212549566712, 126.05206913213001, -153.41341714911363, 0.20793376814385187, -58.578379798476874, 53.42610764659087, -64.21317756022869, 7.5345241340587465, 31.010156192336044, -2.1985114584463172, -40.24428263892941, -38.058940470666144, 47.37533519991067, -79.46028417745674, -37.71090046503975, 118.85295566128157, 51.109001541418195, 5.078562840880261, 74.6712810622012, -119.92952914993836, 10.37297084971743, 32.35233350432526, -53.86517445104585, -5.20711821978841, 105.21115576356134, 1.8193581806059902, 14.468827207606521, -64.1383011843348, 64.66615392606812, 96.63094846771966, -32.25074336462991, -63.77213138288419, -78.52755637301208, -29.101877678105858, 7.8262117767634205], [61.11826873170439, -35.845198084354635, -43.981986558536114, 27.02160758471941, 38.74090409672483, 47.42791307234981, 82.60226437955447, -61.568847155627395, 54.31101457471941, -15.054495954218533, 37.57239882506337, 11.296994518710555, -94.1467685983015, 652.0292823464049, -0.5310263054964087, 59.644846161368825, -97.69314675927728, -4.726079552085351, -74.22516203135692, 78.17270456084374, -62.646803706806985, 85.65004544986856, -6.5998810396333765, -157.3508001349814, -21.77913836904879, -31.2439919271789, -27.963252293571077, -18.255910423390432, -90.91683605748221, 33.69558678593834, -96.36280190220833, 11.721884313975735, -3.8185565645400894, 10.589108486646259, 0.8932145714941434, 11.161015552050678, 9.098688620423886, 9.473927418155432, -32.697264665072105, 91.63206063483838, -63.70432002328075, -24.459731584160878, 32.7504501757686, -20.339322019247362, 6.79992034786095, 41.247562657702794, -28.486677256292737, -9.115911901658796, -3.3094823807708416, -27.16078495186219, 95.7779600862366, -4.2957193306152455, 6.502035451272068, 45.70117619095831, -18.515385747157453, -92.18417187815126, -32.54792629641176, -128.39055618018176, -85.1178067456887, -66.83617146170809, -9.402401449152556, 69.493098654599, 50.438641431774364, 3.20559803718254, -40.86122141755914, -71.29062837223984, -82.21146629358607, 16.28563633460282, 29.631768081381583, 95.15940835117323, 36.80646265192487, -24.025736068742024, -27.211481166776075, -27.893225083875635, -138.82676471307383, 87.50002390967454, 174.74639816774922, 34.96871736890366, -63.405324255347324, 71.30427865240353, 78.92373331884365, -8.37236395096265, 101.16126530437518, -82.88768763970367, -112.55309945099694, 64.41525872391847, 19.143362734413184, 9.542934527612184, 13.154983647679817, 0.5047369024652416, 54.555055174987835, 42.17476864835022, 48.09316175300462, 23.864367728650546, -79.38317096824603, 67.63364609450525, -88.81259876716348, 28.79143068563984, 61.60360980257984, -54.53754128127182], [38.79342008369481, 57.53375757350868, 40.94351913178302, -80.47492376822247, -5.290704901110187, 38.24809126914019, -93.31928765837378, 9.816037714242826, -73.882842748351, -113.66936311372201, -26.39740093911345, -101.72730439398738, 77.58575589307056, -0.5310263054964087, 682.1559022163557, 49.99133613422715, -18.698372148790497, 39.36692161903832, -19.809213704753255, -48.521130532552895, -79.1336690164032, -32.29125429952354, -4.192626216398617, -75.67277564432774, -112.3731799281429, 78.31679959093105, 43.87697553948773, 74.6564123425516, 73.63413193892166, 25.10931822199068, -41.3001077291453, -93.83015826864793, -50.48608690089223, -10.801042363790613, -38.97166414142712, 157.00364997534362, 28.560345494001567, 28.039559344500805, 7.6856735903661235, -52.61228374666324, 4.263621729364901, 30.727275777488984, 26.72679561644366, -41.82072858215248, -11.53682493881273, 23.73304683375193, 114.53980449919135, 21.75873642590723, -82.48366872771922, -5.746411966818656, 12.887741418102632, 32.57203069079932, -16.84766165099614, 32.25878894180526, -12.634777659640166, -143.3269146770092, 26.063212097396605, -77.84041897108287, 22.57541138174207, 38.85673371879237, 70.59990855110809, -64.88956405488636, -17.68905567316971, -43.998660831875426, -46.36178912397845, -103.17272423754207, -22.40598612277583, -37.910480277590395, -35.96435322212545, -31.96418639475564, -181.63220316946837, -21.86489686849967, 30.964931055973082, -34.17632814221278, 48.00742581339002, 17.78450828104812, 60.44827025268727, 49.419546799724856, -26.2080824638525, -100.4712997204824, 16.237264112766116, -32.148192445892654, -36.450677796124026, -85.15893845568505, -32.65537433014727, 120.0304004306881, -97.47761986334913, 0.6857777275976986, 30.437245457404963, -83.47705727683973, 5.574729136594574, 96.2056320634831, -38.088475002637644, -105.13178512847118, -107.10567672794367, 50.36259269529346, 27.01908095981702, 30.51004401593861, -16.53445776917538, 185.16886882038287], [74.97978776616047, 13.914219197535838, -94.40223036290767, -2.9253760675300216, -47.91267716267626, 23.424861647218503, -26.01123037471483, -4.000282141886095, -7.030796031359623, -106.05176196255177, -110.41308014802989, 137.74991315794762, 28.420863207255742, 59.644846161368825, 49.99133613422715, 607.9310083653553, -202.15703695079134, -45.77435626700549, -46.23438916182702, -97.40054859648421, -87.2699860390908, 88.40961636423016, 37.28000698875213, -127.6195250984433, -78.64097097585366, -5.23412778389874, 71.37373697650263, -22.459527534367762, -2.2829203082686993, 106.96850734917462, -51.659423388564626, -67.1846942512308, -3.1625606746245505, 113.72783250517934, 55.71844999898868, -112.26007663023526, -73.10632839264397, -52.837222835553376, -41.31185966898411, -144.2275643233673, 12.870638025441748, -93.17282723305516, -23.24409011002051, 21.212514707022073, -57.75571065928362, 47.89192054161172, -14.714226974518274, -4.129434083480514, -19.90237202193245, -135.64608969636393, -62.89765231839032, 41.488598876769345, -99.9592226805451, 91.29352170588862, 7.61944727558496, -33.0068364611317, 7.37253613137654, -101.59661090476526, 28.194287608042774, 1.6166054355319437, -33.33206175689159, -0.4661736175022796, 63.072869994447124, -60.23907651809766, -134.1922849904876, 2.5980408306440697, -0.3316916089967842, -2.970557509707714, 26.9400444402796, 112.80948989165529, -29.30344735562963, -36.31145874348841, 31.189516025966533, 26.690245607068114, 55.89134444461457, -6.870089236189683, -60.732348870369826, -34.04144108623514, 29.234090831377472, 1.4913368464154877, -25.61194060545995, 20.952389618667347, 89.24987584906215, 20.61032882914678, -19.60530639214689, -10.746361048186747, 55.00221928631626, -13.28192243201612, 59.50220252790131, 7.0216657474161535, -43.08832704694101, 50.06883295983212, 37.50726976697536, 21.44076516972372, 26.842366656188556, 7.213739404638784, 38.601145338757426, -6.582971470065648, 58.61339977321823, 39.83100929990047], [32.62947566584813, 61.9516414651642, -22.50756244523215, -11.492252090711203, 21.199737254931893, -18.631070663751736, 36.59068404768962, 45.79783708379127, -124.62580199819706, 176.28203268185433, 4.31156985558985, 23.028608968332083, 9.687671950546722, -97.69314675927728, -18.698372148790497, -202.15703695079134, 823.5760299343414, -8.865851407926952, 157.31007483473553, 155.1892962340376, -9.996637661624735, -45.94186973313498, 58.50574166988036, 67.67453544858046, -126.73289354715551, 67.5050748360067, -70.53887996115826, 47.63927930573505, -23.923510739095327, 34.7485259625335, 132.98829195027068, 25.034284821043595, 82.31180973842851, -40.39392560570458, -40.052615070415456, 32.58717412896565, 23.774976779431018, 157.78803678053703, -47.43203451529961, -8.362244028476654, -3.8940889789781297, 242.30158640202086, -4.5048602126771735, 50.95587756959229, 38.33569299651229, -8.15433555898789, 83.24211082855749, 122.00698594786435, 74.97679753936447, 36.36997655972817, -132.47497237305626, -65.98285225942384, 113.72288124270757, -97.82261801530622, 80.00983775681716, 43.12099958014177, -2.660985887885199, -63.58248401134368, 94.21143604772443, -40.05745186528527, 12.320038086361194, -73.13682313423959, 1.4279258804696102, 121.12004379629889, 46.23579414665507, -60.42852316209906, -16.12430845059402, -19.359865004192933, 26.387153627702144, -150.71722853468398, 58.886837616754654, 53.196861847461335, 72.54847873022474, -80.55376832210929, -21.640151557822865, -106.11559233199759, 90.36975484427039, 135.3619899816217, 92.74895777245989, -117.978088352661, 53.01485812203488, -80.8333304237196, -4.418722939589682, -5.098943371401295, 15.780805810115568, -68.05298376866666, 45.2863302026044, 38.21006502937877, -45.4447943154742, -51.106789115070974, -53.856730701121606, 20.041481832674506, -17.03097937205136, 41.66341041369964, -39.12245960332592, -13.684953518428983, -22.158398418812475, 10.325287603274216, -3.7577535302198855, 67.0991261304591], [13.153510432554878, -17.455818784142167, -21.185162492297685, 11.640424648402675, -47.08312974592958, -111.35826147844334, -118.6252417820072, 8.466963255395207, -95.18970388317587, -66.55927714839851, 1.0348335737073036, -92.81746065369323, 42.09709460369406, -4.726079552085351, 39.36692161903832, -45.77435626700549, -8.865851407926952, 633.102079394499, 89.79074455096762, 11.13504985608751, -12.654462000869595, 14.06836567006207, 43.83664628335232, 115.2992008305793, 20.727854525996985, -75.81680447434755, 40.751928664995724, 116.39631470666656, -36.18740961707747, 19.335550009041015, -6.939960769101517, -70.03387622363374, -65.03886603752687, -42.242168747866415, 14.686911902115929, -15.458723119953577, 23.717832113824194, 45.656173625689476, -7.861941453173183, 118.11267087651987, -170.0711574863335, 33.82814121464089, 17.14705193623998, 61.714406294533426, -106.10683882872034, 20.080417606676395, -20.34685514595981, 27.085821988492768, -32.0632602440684, -67.6754318874892, 64.79121207064769, 35.294349773013856, -51.78188068050513, -49.403504394226644, 14.919482707431776, -55.37191726066176, 12.009071525196962, 19.170090230805393, 36.429826740693386, 76.3055873557976, -12.354283977796594, 35.11045100742475, 3.737196736679535, -4.984182994741775, 36.294776594186075, 4.26442156096878, -45.818465264376414, -19.061785109576217, -42.78536884248985, -0.5123211620086715, -80.24055279427489, -22.071423238485057, -21.17302575784417, -68.67482325321691, -64.30586962682646, 67.25800812850592, 38.857711182045264, 104.00655279714918, -14.069870905055083, 70.08197682431994, 70.18084491103717, 47.05233219935948, 54.08690369743684, -10.159552928383109, -52.292169859815964, 20.832036789474667, -33.48746043309036, -134.03030706772148, 33.41703002121816, 104.68167624404165, -57.27420038626132, 61.88203952668768, -39.85678912134382, -61.419644567501074, -23.349902643821377, -32.29321612170653, 13.054073572541641, -53.603438067797875, -77.61212045890287, -52.619803683872725], [-39.593392369511555, 107.21851834288472, -39.51811888954556, 90.98770380280945, -32.82881423448545, -165.5968503364811, 123.07330143733043, 44.028962603628955, -96.15673045347461, 28.164237652795407, -15.336763555212247, -105.27404771852726, -111.26863145599953, -74.22516203135692, -19.809213704753255, -46.23438916182702, 157.31007483473553, 89.79074455096762, 622.0931912785576, -35.355902789252845, 7.517075656828547, -6.373138899798349, 26.80333743186272, -63.389082130860174, 74.27777336948002, 22.676735425430643, 80.0682568180823, -9.168611765253592, 124.20538079232358, -66.88402560759957, 14.953155777960045, -36.3709520069388, -90.24621570678782, -16.34160764046668, 98.80211733513192, 15.868032325014585, -5.575279321073158, 13.376263573194915, -78.81879198179344, -13.289414780436843, -1.9951515614359279, 87.76990974369185, -82.11325183198684, -36.946914614610534, 77.40442816620248, -29.265114357102046, 3.070440830539687, -4.869541077362255, 72.95922393037658, 93.82426654709955, -43.247353572467944, 18.765657225023517, 46.29429206175906, -58.3749128714581, -128.84838442349755, 121.20934838355002, 66.62673554734042, 38.15036082630483, 77.15993195724786, 118.880839878507, 79.73342552945745, 144.19378305543788, -6.340120177596903, 73.75782362496513, -10.21670959027107, -62.71813945660803, -74.54908237252442, 105.7823393232159, -68.26759120250745, -45.09173956245073, -7.042655994344492, 160.02745950995302, 119.88907240237924, -39.35652434912038, -30.512969019414708, -25.422069996859044, 35.41365170537091, -24.64715068747273, -24.712823597170424, -62.50574603062357, 22.602351665678132, 62.30989204345174, -42.9944574982715, -22.151539136694794, 32.61055338214688, 18.052206135866633, 39.11975157484788, 22.47740826949213, -22.945719880497396, -25.869653781477005, 50.7008348841975, -12.569998958737665, 8.313528422020823, -59.09498398191295, 23.756374060385117, -19.551274935484088, -34.51867814245658, -121.40281158030483, 22.326700724447598, 140.4267349307681], [36.84902944441723, -4.794194271352549, -24.653772503850767, 9.556189564295845, 149.2886436491674, 28.29318565054627, -35.431622524032555, 18.436598880015115, 46.61165930034217, 7.172821180644657, 8.150700339815247, -90.95558351102387, -38.544112647489435, 78.17270456084374, -48.521130532552895, -97.40054859648421, 155.1892962340376, 11.13504985608751, -35.355902789252845, 770.3576445491491, -8.974245458431925, 155.09174415695276, 25.643605925980356, -30.23552044027549, -58.48103421247524, 221.18034068571723, -40.23196816914695, 42.858768383041536, -56.426558350705, 117.43189068769124, -109.60888115728285, 75.5661326898872, -88.20679225624929, -24.878777386889887, 26.66346056264132, -0.6340662091328876, -65.27358858097567, 35.073942783933134, -82.659855921081, -66.38869864947333, 184.16578044868172, 26.10304005564503, 76.65898357705561, 12.24166028212546, -70.03083004614271, -81.4336361675587, -3.871056565219023, 70.41076381399837, -1.2230784208406722, 90.35576167404831, 38.956133427129515, -76.27009924997714, -2.0338540612074665, 26.016669424655195, 190.7068131752051, 46.18206296861804, -31.609904501016107, -0.29614347341068303, -27.145982158458192, -3.0485813739881937, -22.326574585680667, -95.72218039319905, 46.08555534497887, -16.276810133960936, -35.22037965404555, 2.6929118029233026, 80.74002692740848, 53.09416724228256, 74.14197552704341, -42.22169564607964, -75.79296997592202, 51.38316974884756, -98.61686412532447, -28.905420480892612, 41.87737810947382, -102.16426628695672, -75.0004859125285, 65.63837208843401, 75.25127931938576, -69.61779420470212, -94.27211978543421, 57.224019002458725, 5.132254258698115, 24.286744682057545, -12.641649204788393, 30.22795446647486, -104.57079315230986, -92.97205814386834, -50.564420847262, -105.70369950794391, 74.32739319838052, 76.08698502798727, 13.089708744656328, -17.14392230993287, -68.25012010278591, -4.24158614483098, 0.021128807426598034, 108.0129454701287, -60.90942929836896, -134.56765445648276], [39.07806030010654, 65.9696230497287, -1.8797596329257509, -13.739067813393051, -24.103972841450915, -45.05094651111758, -1.7542525761490044, -60.655777730928484, 17.361533774596417, 67.86391856512984, 53.24380423786739, 7.023667697172661, 76.01212022146257, -62.646803706806985, -79.1336690164032, -87.2699860390908, -9