{"N": 100, "M": 8, "A": [[[915.3717753839745, -2.234279374690755, 53.303106244072524, 92.80960330996406, 43.88340426064975, -54.80236461035632, -68.62084149625045, -57.44201294151815, -16.328359244870935, -87.43244163699953, -14.918275574654052, 7.353981596288415, -79.12259478982601, -49.88865642634165, 49.028626965091824, -19.045603003861093, -19.10092178566638, -62.113436526189474, -27.6163561206292, -129.12247024114004, 54.6520605406745, 10.423512617522391, -33.60090438734958, 3.557124984939047, -79.22818636770813, -82.8686529955325, 71.28750888391623, 37.314187330130636, 97.48956791607974, -1.536581452501063, -1.1011414113200824, 135.41570441680014, 25.17587810077546, -32.15803497270381, 6.00194443365637, 93.58758522909417, 22.49382822345857, 28.489476147296482, -101.89711502472544, -16.71615105142459, 110.16984281858637, -106.51885805201997, -78.86724702954825, 11.698386729476356, 40.01546444720153, -100.98660815192278, -19.671922252127253, 58.80604296399953, 146.3479743533116, 39.0215784065957, 47.0966158473821, 51.8633184164275, 34.94895232395489, -45.58013099134775, 31.499021566433647, -101.92191670233522, 89.60824552244685, 85.1032063011571, -33.98497706179438, 61.81579709769903, -94.52759764061759, -174.07320727397263, 24.495087426218056, 48.98916188273208, 32.43689000270661, 90.37010825709568, 43.54246422041489, 39.137521630607594, -105.07638659791994, -69.66521478932735, -42.05336107651917, 162.70663639754184, -149.86793112524435, -128.36032579249843, 82.79712611150305, -7.25999526756558, 107.39779670134058, 88.0389611832442, -46.48364723291634, 1.1847484694177188, 14.167621461076418, -40.403809849928344, 39.87890184305882, -40.14271146949381, 233.73641668452785, -21.425207988829854, 46.957589748177426, -81.1037980588474, -33.70430297240158, 92.13455603791444, -27.38221487100269, 34.710374801280324, 184.13948155994225, -143.8621670385342, -43.69392472485206, 152.88172094882358, 75.94744978848833, 10.072463626313299, -181.0678529458384, 192.62581735473591], [-2.234279374690755, 783.4260789800571, 13.413694808513297, -70.9752576673864, -35.90242799066315, -21.10225628508118, 119.42480282572814, 26.0293227471112, 67.6947373794134, -66.52565890728846, 154.76082280340538, 76.40888475426542, 10.699580528113747, 20.928487854768356, 1.4021873512806347, 4.4966310760614245, 12.361533296866254, -50.85446484141837, -43.15102166161663, 19.531771924481674, 25.628542043066062, -80.30116201567257, -96.59836772166528, -16.054635993657318, -67.3822720159288, 64.85608339630134, 18.609832607262287, 29.62748454207108, 116.77024144357094, 60.132433102204494, -44.38333585190107, -65.07610705020794, -99.3545514884713, -17.200956695649445, -13.777254348114706, 79.946613861041, -31.828750345527016, 112.74384889387967, -55.33352062318783, 11.87895488535721, 170.01201570779168, -100.08821133981714, 85.67430662967202, -14.01132026220099, -115.81019372921152, -83.11210851698478, 36.254538850334896, -33.376307962301645, -10.210555561032663, -46.74426257480877, 62.407399151434596, -78.87967616262063, 58.57302650585837, 63.106565774206324, -51.08772401504496, 38.20757368367303, -232.13443697529792, 8.440968479588824, 18.991161175421894, -32.32211362218217, 134.24517041225667, -129.4013738160066, -29.439742479653557, -83.5279996650192, -80.71016605482748, 15.565575856113648, 39.38399989188101, -29.17514699054628, 20.704848325146724, -77.55323103058815, 97.2521664493167, -59.39172900018521, 57.70817622678753, 47.777384831773624, -112.65907916540671, -39.41253709972545, 4.554273398363042, 55.87294842300123, 26.92486030646716, 16.194738087856326, 148.2344068377396, -33.62886233639927, -137.10687346745937, -48.33456385245165, 4.7562119051234655, -85.168166265113, -14.051136608412838, 44.32080244843876, -60.57168581675035, -47.99625733802899, 11.57317952688849, -18.989167147579746, 17.209171113311154, -56.7121196305495, -47.627143429729266, 104.75855728293993, 31.12918858537758, 85.30563572825858, 126.46815345027787, 46.84384065190733], [53.303106244072524, 13.413694808513297, 732.5880860017995, 22.540941215716103, 48.22883516751066, -21.160670153918524, -40.85005824225722, 99.22209279905209, 20.15647297209408, 69.71552313914728, -57.88123571685877, -61.102346328824474, -2.5793151198821223, 87.3358571723487, -48.63022929202754, 17.870718368432957, -35.55113143380677, 161.66901833642206, 68.79564405187007, -69.78058092426569, -25.394357050608075, 79.91423130084961, -3.656385043773194, 71.38938189473407, -34.289279415665604, -80.04031793637442, 87.08700373340737, -8.550256916858133, 92.86615747873103, 245.38574309424249, -80.753901696555, 71.34428120463765, -21.33867103094929, -52.306302143735095, -51.977412029553015, -18.929577579080426, -41.95488758948984, -34.41974279023202, 46.35754686750549, -31.626328187559835, 12.804707994423522, -57.80572398268962, -37.863590455628476, 25.751218345383446, -6.948609720668471, 29.993265310897307, 83.18076129746787, -146.94134208976533, 16.53392479132142, 6.242658661287168, -120.35395558074006, 107.45639026456956, 192.65922582294687, 162.32469833761544, -15.681731407417873, 90.965498019039, -17.54025170053308, 8.471865326590134, -14.674831951245398, 116.03160634411994, 108.2602126296997, -83.51366972948553, 62.34252596045709, -109.43852477269525, 88.2466447259893, -16.13847696367218, 3.539383051745331, 58.24329367169468, -61.093439480447564, 45.01395881382798, -55.195215317754304, 25.214740498429027, 82.70979250739214, 64.96417323941513, -9.047368230889438, 118.51101688927089, 94.08531470011219, -74.16476813439209, -20.347041355558122, -26.25958790241385, 45.06335750515211, -23.805728734089577, -59.187729295388024, 54.14061941055711, 53.80946154897103, -37.51704245831787, -16.382299502971936, 39.27890733090056, -124.46356174625672, 1.9398197643907757, 21.52772290378277, 32.206185235210825, -127.59652338200546, -12.77103249398828, -7.118296185329068, 9.296685145473742, 58.39538318741514, 28.926701882494704, -47.15658941808256, 33.85315473843611], [92.80960330996406, -70.9752576673864, 22.540941215716103, 847.2965784352294, -5.973240317610113, -103.64594858424616, -26.163577777626116, 187.85180566623944, -6.317728011609255, -26.21159336618348, 2.3297445414792057, 43.48799375982541, -36.37288392612866, -87.20780888774954, -61.789523941611414, -40.36965585126332, -15.988328290949301, -32.68232299904997, 34.26313274409501, -85.1032569622853, -47.873283836690035, 102.9916758280038, -73.68189866846538, -59.80495324878426, -37.182924329840525, -123.42697652051254, 98.28821941304223, 42.54471615466436, 55.490422624981974, -74.94761738081988, -68.93100854989501, 27.520879960682286, -0.4645288203377762, 54.94356857895527, 7.238044971539629, -19.87001865581003, -45.55968924190345, -56.17872053334068, 16.349564566774244, 112.40694404076636, -65.49294892469314, 115.99977045459366, 79.62374634155267, -103.53845556884653, -24.799594260823987, 15.559705239418564, -28.8812326129359, -33.625593480434766, -42.56125311033397, 119.83282224016155, -76.61418052231173, -53.215118566712285, 73.80274853381778, -40.05982219163823, -23.774822444815115, 23.70041162474227, -90.84363005585227, 63.57134481855604, -16.58791359860936, 112.63850923691766, -29.647594006023635, -53.50862799333584, 44.61704667585893, -23.617810685141606, 146.37282400147072, -101.36172243387013, 122.47351493381028, -54.272499968186246, -96.58416805159356, -66.60705852468865, 52.579625618957095, -14.313454011824836, -37.61127545269016, 56.97487169161266, 16.975582747189904, -80.4959517848286, -12.439228150844599, 62.417842231107024, 110.70933394864, 18.266049426917853, 28.677138646196582, -1.273373605692692, -62.02374982402437, -98.12309001333898, 59.34394834573649, -42.39024854232575, 29.08585720688416, 89.29639324028484, 13.248325881157703, -121.73325235334006, 59.025344425218094, 106.24268296794014, 16.622796630247503, -81.49331203342895, -126.25146115082461, 122.02376332145684, 45.05920899207278, -45.49196381018717, 146.73884462785438, -59.426484860412366], [43.88340426064975, -35.90242799066315, 48.22883516751066, -5.973240317610113, 861.9244798895263, 0.2061399963232363, -101.24592254865276, -6.82093946805327, -55.93236775055285, 87.52830828819344, -98.40621174858363, -70.81301809677178, 29.187266080400164, -92.52933917814876, 28.202716699201286, 19.287934544819038, -51.64146576546941, -46.61853664478039, -171.98824156098837, 65.77836576916624, 19.47961308882323, -20.278280377988043, 63.63299120805446, -70.67987745335886, -38.01573191270342, 89.7498303399992, 25.863030207023964, -71.37500520546149, -56.14947816295628, 128.3980140190192, 31.752547334631988, 65.9389482853057, 49.994952147200586, -49.18751173687879, 43.66895622144057, 11.486321664984153, -53.946246930482395, -50.396116766868985, 25.889959771035343, -81.82352866740764, 2.167205140144798, 157.03401165490152, -42.529413869833476, 69.78585148932486, 103.20188412927202, 98.34488314469645, 21.46640887969268, -28.58287441458186, -25.701588217757973, 37.24061303997318, 8.398918143410127, 26.499671513943227, 13.434491952807747, 2.870152006921422, 32.51767597784207, -23.562139720352334, 39.829984658673894, -11.219530069232148, -1.2983716346071066, 49.78514455794234, 189.151849039836, -75.02178176286871, -60.52237460463091, -12.471363263749144, -31.75708424418293, 34.07523041274128, -14.398194191802657, 36.699752585693545, -114.71847551786446, -96.12947313979215, -38.91724681524859, 82.13163611263718, 15.500689533220884, -181.44514256966153, -141.92917942487173, 83.65065082224152, 10.97673147666057, 108.12233069191771, -48.826243976775324, 94.5452943585176, -2.338956330351586, -69.13762867403209, -99.75008481484349, 98.10110822236423, 6.115719870002932, -98.51214628001853, -47.974144529372644, 10.937166022941922, 8.580836787500738, 5.879617353041471, -63.849154069040104, -56.04621151159645, -134.49854462187946, -45.28308651882992, 16.562794013838108, -51.5600290346717, -12.37784727263938, 178.33638175186059, -112.01214476263104, -50.21894372628325], [-54.80236461035632, -21.10225628508118, -21.160670153918524, -103.64594858424616, 0.2061399963232363, 839.0715268959992, -83.63766056233762, 107.28767877833444, 9.088889950160706, 137.71873368352396, -119.65307072139886, 56.47283018070119, -20.323787765623756, 99.55966183297694, -23.30297398215834, -43.6925314951827, 96.15154548008549, -119.06800784141468, -66.9633450910371, 34.94407762831329, 100.12047273135498, -21.360045871010506, 150.2704991634903, 69.08626134779273, -64.43680152532153, 160.36539625947003, -82.12363008740951, -80.47506139032849, 34.58855566364043, 79.75878394198148, -69.6654449276759, -32.97773814050621, -45.71264718082268, 140.8164267332613, 27.556982907690028, 7.112833936327896, 0.8902817541684216, 36.24850538611148, -80.22926800966512, -136.01527991513012, 126.7374103744877, 1.7783312945150158, -94.47802655573412, -10.694334904651399, 59.11801420698784, -12.960102313455558, 8.182027864546125, 91.96735737292644, -64.99343504586595, -70.58643840542264, 75.40909093647072, -103.70615164331119, -67.71227875265319, 71.27219504588545, 10.219223277608952, -17.130332477527688, -67.37807260275076, -36.64926181061442, -18.229582007017374, -79.98302788655984, 73.23793575677917, -42.575993769095085, 58.25972209194114, -6.492206629623364, 2.9087824078661435, 67.53776932285412, -22.421587597464562, -59.944913929630985, 54.801618188955494, 121.89125234530485, -72.37406165095457, 19.048108419248333, 41.79713037400169, 78.61420340232459, 45.1344887167857, 42.97577715347541, 39.19585909405108, -150.35946300629226, -63.438494252093264, -89.97684379190123, 38.854806823785225, -95.31135207981768, 23.968071829726707, 10.137263712286707, 98.83053260337039, 109.02601466604985, -36.494504660259345, -59.980738374604506, -60.98075724116728, 3.4307116281176686, -180.56030545843208, -21.031982867357925, -62.46646458937448, -53.60086723613965, 65.10522938670657, 78.95416666299084, 106.93483358574824, 25.14362533288002, -15.911935595238932, -21.098531784871952], [-68.62084149625045, 119.42480282572814, -40.85005824225722, -26.163577777626116, -101.24592254865276, -83.63766056233762, 820.3236396098267, 33.15657479450471, -87.85454636777779, -161.1650353816083, 118.68616760145466, 84.19728514055538, 14.329248210432631, -4.100889750674311, -97.06090709223471, 22.544341009421228, 28.302172449178215, -24.78716049254483, 105.59839162684617, 18.53885505061498, -17.54684106155644, 5.980574355549346, -171.8322855015588, -113.8418343675634, 85.2589447617304, 191.9031135734066, -54.54947016577875, -98.10563886313672, 74.90692733346528, 16.418689383524804, -56.86169559264128, -180.18676151251506, 32.886342362682356, -36.494422654100575, 97.78066912478324, -98.87949853634815, 110.50519226769795, -179.05862304463756, 28.56634717215862, 35.08188135422671, 67.52275600860278, 31.929112438953325, 55.222658899608696, -14.1059014188072, -213.52429645491026, -23.220806451640197, 66.63233627090608, -67.32813976943473, -9.386479395405708, 10.601853368094751, 141.63639959331198, -56.99847982895144, -31.557200651549117, -67.04902867137866, -83.6135931432229, -18.835177441334622, 45.78330054837609, 9.252767235624281, -38.07485653983493, 117.31654534818466, 64.9558192050138, 34.59896788363281, 160.34506710573294, 10.368827437293287, 43.00626778462343, 21.23877804519229, -17.06500647145848, 83.79759400282468, -50.80315320003001, 25.68104086459908, 123.32611689430558, 98.52565904424401, -77.64186220508668, 23.039023481121795, -15.933016869748306, 121.0984258908474, 19.06061865593477, -57.65636979759411, 78.06114726681788, 66.39309937055587, 29.66061259117885, 97.98645670057422, -156.26229301000612, 72.4681436844115, -94.78812448485796, -76.55713512892989, -21.183012381300106, -67.32297776411627, 2.6686174557173112, -66.98768713473997, 1.6678925527115769, -19.35482504129202, -94.1157615546938, -99.99349476298177, 103.79496292666433, -2.8876358962852993, -61.825630894382954, -2.9468986785198563, 45.63297683783125, 110.61658856854858], [-57.44201294151815, 26.0293227471112, 99.22209279905209, 187.85180566623944, -6.82093946805327, 107.28767877833444, 33.15657479450471, 822.2449964078581, -14.941220540474859, -43.36142975283109, -61.430089706137956, -13.75413728844503, -68.9557622029527, -34.88135342618731, -69.63549220219129, 41.03826466658935, 74.32267476885664, -31.255543937529602, 29.626108438791405, 40.44720590294296, 115.26726591732529, -42.42923948194099, -188.55531496898882, 172.68580676114834, 50.28542131228733, -9.530470471576056, 28.235466813969435, -61.01570085971632, -20.11898965368135, 151.00217406962835, -11.42178446512041, 87.05554683703319, 128.8674189787276, 84.36089857594605, -10.57747247002542, 24.25179187696842, 35.61864716228233, -34.98440821847767, 57.96474780971526, 9.276600805765316, 25.013889814070136, -61.47547009918495, -52.59878594387312, 11.358128283320623, 107.31248444401663, -33.651639475461735, 43.13962282378147, 26.555343759096992, -78.21196216679513, 179.38174013166656, 168.58768495627857, -14.239709741936501, 39.74972961073692, -62.10589953685749, 18.353678241616027, 25.58845310365027, -123.81135097223958, -83.86727417770686, -43.35545617501169, 108.86340743202986, 12.034897988756196, -38.283376463412196, 87.96586767028444, 98.12762991159185, 39.44314062323715, 23.41370741206453, 40.117614671978984, -25.608419769648492, 34.27175485379502, 11.715360491453017, 11.571290884089453, 45.771597659947346, 190.08535822972496, 14.08465952007804, 71.50662707342607, 41.72462307947304, -28.338745077004685, 58.998601915293996, 53.61936384200708, -31.357585866987783, 103.00639395644818, 42.89516353964981, 25.37331379277076, -80.08929241588481, 79.83300717057361, -26.21818571245392, -23.54164885393457, -39.96523066510422, -39.74243501641762, -172.27423691354062, 67.4373275824175, 7.019576553435245, -95.76689892732078, -29.521111513337374, -30.45808395160968, -93.62371198151027, 11.017706245431189, 78.19156621824725, 11.91864612924261, -75.32548514432833], [-16.328359244870935, 67.6947373794134, 20.15647297209408, -6.317728011609255, -55.93236775055285, 9.088889950160706, -87.85454636777779, -14.941220540474859, 1024.9213671154832, 2.0252744321022527, 99.31337943556639, -0.7423384009599762, 12.5242670331588, -115.32533061282338, 69.40003372709748, 38.92635591666319, -27.698041765487364, -26.824576318537215, -28.07993955412594, 140.72555279992764, 121.62832191580367, 92.14102594036721, -93.10879175644648, -29.57374368012985, 33.13705023112392, -39.46334874478941, 2.2587311685963205, 73.13148304093869, 134.83008955487142, 27.699701925550666, -41.133996893975734, 10.595270262611432, 14.654221995740404, 34.08311112217569, 20.16528401766125, -39.205773200066574, 82.22030964686645, 123.08299041302742, -109.60857824492912, -48.53705037161618, 106.60085028729236, -113.70897409075498, -9.443381313940785, -178.52221678943505, 88.66044774699182, -120.08068418959934, 34.13697846254774, -96.38352565895774, 35.60906562468933, 113.72881563411289, 58.40212723862656, -62.348544654487135, -170.01377075816444, 33.140110889636716, 7.738464870069078, -27.323135169395126, -65.80791006755074, 46.21416527127096, 48.85303765597402, 48.37738210963156, 52.80047066652099, 135.9802162742876, -130.50915423214133, -71.614185502933, -77.28952371884655, 89.12838372675232, 26.786623193288765, 56.66782437726995, -3.052396063030628, 11.52228675628026, -12.197376775188902, -133.81461392423626, 118.78646659948942, 132.2569967362914, 104.21122013287827, -17.158129916522146, -8.181949402961399, -18.426841925055882, 131.12778199831095, -0.19101178634013818, 70.37152558264637, 111.2841140455447, 114.90857543284226, 53.97162593923664, 66.6866926294706, -88.07273708193816, -52.13167759680567, -46.85505179485033, -5.133479477310651, 85.51899748308252, 6.459132504958398, -63.26420975796413, -13.942130318350676, 156.4281381748303, 93.32595165160765, 55.709745013331506, -31.30107536387392, 58.67733519647778, -56.487151743201935, -7.180335901389857], [-87.43244163699953, -66.52565890728846, 69.71552313914728, -26.21159336618348, 87.52830828819344, 137.71873368352396, -161.1650353816083, -43.36142975283109, 2.0252744321022527, 899.7445113613131, 25.311870228769795, 19.265990014935227, 28.918816104063747, 106.39130182448324, 40.07445090347385, 124.20217529882039, 29.51592793234146, 9.443845238727866, -148.94056389728905, -60.54206230444993, 57.34059161885052, 110.00557406508898, 41.88582554630484, 76.21453091297452, -53.82981407872314, -42.228053531898254, 102.7580383543826, 88.28642435791517, 111.29697052180698, 39.466644703714245, -50.88176047323926, 10.5381606029323, 69.5096039666975, -25.523601920923806, -97.16118975278803, 2.122973689044111, -67.35755811331049, -73.91508463662747, -178.94396382816444, -135.74705095533096, 22.64145448982249, 15.571429272443568, -130.59585546481557, -105.16670053193805, -5.9927932132847275, 53.95783575219912, -9.912766684170967, 8.075929556274144, 84.68255302770861, -50.41995559068048, -64.1775243654049, -54.2007917259855, -43.165786185573005, -106.44046781169469, 136.25119032699223, 110.2441562354266, -47.84093882890424, -142.40063671038752, 44.34250975135663, -65.4678315995954, 39.078325802322816, 89.0931038614814, -79.41584193776168, -90.89769679482166, 80.10534235395481, 0.50756166015488, -1.9733983013594334, 1.0183337305513882, 28.09844551983743, 6.050091523141555, -1.925636469636648, 46.15179571040789, -96.19678017175139, 157.49177161015055, 4.104703734186326, 0.38068397235565954, 114.81662514119648, 45.77828725332418, -22.773914973757183, -13.103167502142963, 23.57642763371729, -99.08894716549861, 81.78621112360001, 22.345173039287882, -104.73658816905095, 245.58864049348495, -0.5156993434291738, 2.8988527176791568, 24.19900842074984, -34.94715846466301, -106.83587517431448, -56.00815894677809, 75.99270810356929, 118.37222383738785, 11.28009826381739, -86.15211061551227, 60.825962425171795, -4.152779583411808, -25.050451837754753, 3.7975831184957243], [-14.918275574654052, 154.76082280340538, -57.88123571685877, 2.3297445414792057, -98.40621174858363, -119.65307072139886, 118.68616760145466, -61.430089706137956, 99.31337943556639, 25.311870228769795, 955.6550525585059, 43.95215072939164, -37.83368275408092, -99.04799133335713, -10.630742194425716, 4.691776977350599, -19.640438014688634, -10.056111454332521, 31.041833148373577, 144.00889372909847, 71.33284951118397, -21.961618609023756, -5.066130412763896, 24.612907354227826, -40.465731391394996, -96.03376496386939, 114.56341071302789, -1.6464111358933353, 57.65626548946847, -4.587353609624118, -36.52358936690676, -20.016710599447944, -119.44963188177086, -23.490953353991028, 59.33369469497454, 120.26615980690762, 198.4495040216535, -133.92492612509005, 24.21621144485105, -85.25184000415663, 28.50961453585592, -53.27324684577188, 13.661925819763376, -62.60963099002764, 27.886348341977804, -92.85278637335222, 13.06485270508834, 79.67725759061507, 32.33777394202966, 49.65166862039411, 67.2012525533699, -78.24085054630247, -44.4547428507037, -99.88155126518444, -114.63693429530394, 0.39055127905971226, -56.709042610626625, -27.324583236978622, 110.49808351144189, -7.7707666369356145, -27.510298037328827, 27.969085725983756, 121.30290133651594, -39.423674153195385, -61.70735258766596, -195.5763676800347, 163.8811729072373, 43.43456304163946, -35.77084530474462, -5.406134057724151, 54.15744184564909, 131.10261961963502, 21.413419463888502, -37.63207082926089, 79.05876979599971, -91.35130159941632, 37.98501115101231, -95.65287089838162, -101.21483114098656, -82.91077219501612, 74.52459822961251, 113.76684119764495, 65.43955575741843, 70.07773177432935, -130.03588065371835, 8.179433896923483, 63.88988709706888, 14.373662698991982, 32.086963250934495, -21.22854271150638, 85.3600668721654, -46.561406929061135, -54.1014727802427, -10.299936502947086, 8.96229065344018, -161.97694942077544, -5.108218308893359, 69.74238473699414, 78.47584226101417, -9.929137294452165], [7.353981596288415, 76.40888475426542, -61.102346328824474, 43.48799375982541, -70.81301809677178, 56.47283018070119, 84.19728514055538, -13.75413728844503, -0.7423384009599762, 19.265990014935227, 43.95215072939164, 1035.7392286241097, -231.5131237743343, 46.20525971071514, 9.376915001338055, 66.65766518649545, -8.307806481713602, -67.5045388218213, -8.188925756965714, -137.2166875899445, -92.59196706142846, 47.53457956189538, -80.85684103630174, 10.10300763284626, -75.33451661855807, -114.09585603439034, 39.37709364630052, 58.20014564772972, -8.688172016730611, -66.8732166313505, -15.619602833707804, -116.10064514547534, 52.637843032975475, 163.14421872291854, -108.03642891392934, 49.48419258592772, 9.539951709181395, 35.219013517613995, 14.028916715141369, 106.67471413280002, -36.52610821438602, 186.16842243061458, 18.91683700684749, 132.0126672692457, -128.62541362042336, 78.41240778442445, -23.912984085866345, -16.317740819943044, -48.964342803165295, 7.481547394160268, 101.11664056768534, -248.8514810559122, -161.09576809255722, 15.19869432078874, -35.75934867051164, 37.59077672746726, 66.67319324940728, -94.91696589885926, 20.31779530719994, 52.63258472209361, 172.5898855093848, -37.24212957911168, -66.6798449502746, 84.48706928201885, 26.329729439490844, -89.558587940744, -12.441641571997712, -118.98589677032159, 109.07001605059547, -84.216036134158, -41.29888108422448, 0.8073560163435127, 109.7040103226912, -41.90488948224003, 99.25750402853355, 202.24084502549366, 52.831510352745056, 2.197090727297018, -38.34393321802099, -81.58354196086401, -68.58414493462007, 41.10855164970289, 67.66268121635555, 13.09398128239465, 50.3235251513181, 78.68387370745019, 37.29251648544981, -6.907739402374378, -69.94511810976658, 39.83477146716192, 15.3298222396989, 94.56567017392922, 99.8492169493645, -5.951671570635797, 114.76819582869018, -36.41445581158412, 33.17044760947457, -166.02806657846372, 19.41059635314942, -129.32362934508174], [-79.12259478982601, 10.699580528113747, -2.5793151198821223, -36.37288392612866, 29.187266080400164, -20.323787765623756, 14.329248210432631, -68.9557622029527, 12.5242670331588, 28.918816104063747, -37.83368275408092, -231.5131237743343, 833.0663439726588, -8.294400378769547, -42.44374147571769, -47.278939324017095, -48.24719262496365, -23.462754463080586, -98.57412915523183, 43.13666520366251, -7.529638442079092, 16.762485716368705, -21.28758314660409, -35.145950761056845, 43.77777562947283, 137.61246755120683, 71.88255588122941, -42.230887817542666, 53.75217091094733, -101.41361968728548, -55.38389657230543, 146.1230932868336, -145.10888464054835, -50.46709068519097, -72.77689140761, -19.255200985956062, -63.41513824850206, -169.16611972133154, -60.36045367874897, 26.773776878079158, -20.24479997298785, 65.51285760229425, -33.99699959769711, -82.42452584303504, 42.18904794304309, -155.12370164133125, -115.29943816409447, -60.40958344438163, 103.31626201304896, -149.02134837584322, -72.67574664017582, -60.72398419596552, 77.95555886496969, 24.72658452426168, 55.163583848891335, -88.1193219199557, -19.445101075191324, -73.84955485241466, -33.639426069147405, -28.91330501136258, -70.86547237454968, 27.067644106385426, 3.441206337814023, 48.21526180651358, -47.047225404128575, -81.84823999604899, 53.500533491844266, -31.3780913407566, -147.30363937617622, -24.31843857991769, 175.47853361342553, -83.44469755847244, -29.222396475305974, 8.938915313999518, -39.69202299396462, 77.5624972962776, 75.29982079804739, 77.17013810630837, 134.02858713294646, 57.23964719145801, -24.04747128024387, 35.75650860708879, 32.021526940600666, 93.65208487831049, -108.79253905046588, -123.05483618349685, -39.949262247844636, -0.5006004766651606, -152.41547906692824, 25.54686916419986, -48.8766741182949, -91.25055277918875, -6.534084755663937, 91.52172304728238, 130.61618618932562, -95.09349330179222, -3.7663828893662417, 51.10627983494197, 12.126171203484422, -32.00798158161485], [-49.88865642634165, 20.928487854768356, 87.3358571723487, -87.20780888774954, -92.52933917814876, 99.55966183297694, -4.100889750674311, -34.88135342618731, -115.32533061282338, 106.39130182448324, -99.04799133335713, 46.20525971071514, -8.294400378769547, 858.690400867662, -83.57976533044081, -55.13504814937044, 4.071457935775905, -19.81799923904737, 71.39170882350865, -55.67423577201921, -25.023530879785117, 78.2124981570383, 33.01911588392652, 66.63857689922922, 90.6407708713, 16.5832138584899, -37.20756732849192, -52.16551410191356, -66.85585432575002, 61.68859391226528, -63.6313971106995, 41.45954201987777, 63.94361395207402, 25.32025375306348, -60.83697240463935, -27.750614049955217, 47.964003294448325, 78.005075018804, -43.93115664770375, -33.81777948595182, 147.95542227279032, 121.76768150700775, 32.34910792074101, -33.309921319093455, 37.966407329978104, -34.46044414763511, 92.131488269601, -93.81645324699697, -7.387905468910435, -190.50929895194608, 29.429113106063696, 53.7063727612753, 5.852974381599864, 117.08937794699862, 97.07559969321369, 77.33166781790662, -51.67369262981978, 59.73142906261644, 135.20222024761904, -128.75482512711375, 23.805898126566767, -98.51139001433897, 133.40524102546274, -95.26585957128684, -0.8891496922371325, -10.52973373041318, -64.6064831205138, -65.72263303312612, 69.70952363535852, 78.43464233851775, 74.88083963600434, -67.63590715604194, 30.77228650988107, -1.4822752373842134, -83.60812029942105, -16.72289976190865, 46.86477200478367, 10.711877593878974, -42.86427494219192, 34.3380987244981, 40.04941372675811, -35.940709588732254, -37.19110470698923, -47.401857234766176, 39.7994279321495, 23.22574502007097, -94.1163953009494, -2.1045614021753165, 33.795394903483164, -11.820986690362432, -37.0156174116523, 11.149168670066986, 83.46466465536996, 33.30083150487253, 176.61555133997012, -125.76212766344365, 160.49899809987912, -115.66513443153919, -85.76863024939348, -13.01819639752376], [49.028626965091824, 1.4021873512806347, -48.63022929202754, -61.789523941611414, 28.202716699201286, -23.30297398215834, -97.06090709223471, -69.63549220219129, 69.40003372709748, 40.07445090347385, -10.630742194425716, 9.376915001338055, -42.44374147571769, -83.57976533044081, 777.8066287361044, 102.05282302185668, -70.01050450350479, 117.89055606288044, 112.69803862509725, -67.430943790297, -17.378526997416902, 11.78118578747126, 69.94524112522201, 44.06572173922672, 16.303854184688923, 38.13455815712168, -10.415077747710702, 86.7990148140924, -14.833033410586944, -55.98189925859398, -21.18701368064702, -104.35976969437377, -22.955425986452138, -107.6687358878797, 75.35543307469031, 15.899764262276067, -111.90300006167148, 64.73249307020956, 5.569960359469269, -0.89574379780516, 178.3580888485227, 31.6456479451144, -116.68111195582318, -56.68665931017706, 13.583662670112206, -69.61687165113155, -199.39290739220849, 25.8605203786495, -16.818427023445064, 25.840100794625986, 100.05507437130053, 90.68182485767781, 113.1666313877504, -24.661614878138433, -85.08882559671292, -35.67952270377181, 44.60894336238354, -7.029381211748826, 60.96248555234477, -91.10659853367423, 55.35060899972806, 36.48673445122127, 1.743272422011818, 158.76055081940166, -55.07472978302724, -35.553852894254405, 39.16132807104608, -27.091621168301426, -49.619030256198045, -32.42133234543675, -229.11890512460428, 65.74794951466693, 95.6148825094206, 3.0272323216619172, -28.399687266497132, -57.24320257779241, 144.95673054926948, 19.165880219556655, 51.34239617710603, 23.354789601118007, 50.00394469645061, -70.233843862773, 85.05979596886534, -27.810657144666475, -55.525896748099704, 49.25424171334566, -19.932253654356025, -158.31394157779616, 140.5568717355616, -13.989293228622552, 48.70708651183813, -112.81267949410396, 4.707881907936355, -55.76430817860825, 74.75320354009102, 32.07224125891857, -38.2752030909638, 110.84460602852376, 30.189388846255458, -41.59685500120532], [-19.045603003861093, 4.4966310760614245, 17.870718368432957, -40.36965585126332, 19.287934544819038, -43.6925314951827, 22.544341009421228, 41.03826466658935, 38.92635591666319, 124.20217529882039, 4.691776977350599, 66.65766518649545, -47.278939324017095, -55.13504814937044, 102.05282302185668, 1056.554788879706, 154.42860559442434, -52.30893211947245, 22.428933899197137, -83.15873249961508, -17.34221779150998, -100.8313338370648, -72.77163148912413, 112.4002943177451, -84.32616692050802, 28.261540762464882, 37.99020589934834, -6.353808032588616, -53.60555909923682, -12.266765254793624, 51.689695619920556, -1.1780930861254775, 41.97441182142799, -4.559027247601645, 109.42646172986899, 179.41273354435788, -108.83832557418462, 54.65994257301223, -32.221936509325644, 0.9491523557190102, 32.724003880965206, -78.09224740930547, -100.05607787583048, -146.37130890854405, 91.1119174082594, -40.77950774579397, 0.4142190633772431, 70.19909782300797, 87.9201091215403, 90.78696783895683, 8.972438851187272, -60.84891914289289, -68.78182820597836, 25.604591106292123, -9.323415338014913, 45.91297181328739, 66.02318235808019, -106.62009993045065, -64.78588188112387, 46.36608890295339, 33.23109314193148, 47.344471027359084, 41.17818177539434, 46.5350320171367, 53.09959565234343, -78.3374948878547, -47.23232747406707, 25.72991586843451, -42.682046032211055, 74.05571354195489, -23.925087772551464, 31.64834394300374, 35.4008295588586, -194.01311493757817, 94.05786372484256, 29.019272586487308, -74.1332349682752, 8.607621597188384, -94.10835699604284, 94.42980443220956, 31.026177957047857, -13.52954796610483, 76.52231984747993, 75.46273990547411, 51.864682718479706, -156.36911070603261, 183.45841670480326, -26.594676016502756, 71.929890258256, 237.99318127687175, 94.66965532325848, -113.43551503511915, 155.00194482797855, -84.23553752604116, 124.82220960802425, 14.917338186340269, 116.70345474789836, -186.96285409111061, -68.20170609926294, -100.00292114384494], [-19.10092178566638, 12.361533296866254, -35.55113143380677, -15.988328290949301, -51.64146576546941, 96.15154548008549, 28.302172449178215, 74.32267476885664, -27.698041765487364, 29.51592793234146, -19.640438014688634, -8.307806481713602, -48.24719262496365, 4.071457935775905, -70.01050450350479, 154.42860559442434, 815.4062926647944, 41.65882206049421, -60.12611056192014, -46.12994662958541, -52.900047268117156, -56.95621840165639, -40.1618177576142, -142.7480686181034, 34.237075264105485, 4.461859587508177, -90.85337800348204, 24.141417341718235, -4.5460918655997515, -14.096646768971103, 75.92727633606492, -14.18494725051218, 125.75348828236437, 127.60720053640716, 2.3417692388787215, 95.98042378106685, 64.38163050027583, 93.9483000999237, -28.19026136939807, 9.78497164110339, 43.13449426018937, -78.95856201622097, -6.962939877285597, -59.99547453421451, 62.03049609267048, -17.561543806275548, -63.09049882258637, 124.75305892926687, -2.613377069405216, 39.32737703157374, 38.99369867399951, 18.883322913924445, 24.68309978678726, -67.58751117075288, 2.7373219241076927, 24.299268918702676, -36.85012480978263, 18.443126876651537, -40.81315636629754, 11.71701474874855, -11.579147613971442, -22.51651656079231, 56.5291999902675, 11.343086797105707, -145.09300052269512, 45.58350549535656, 67.0317958588882, 110.07423250347789, 57.347231090547375, 98.94691108442416, -95.41892006056673, -41.102038144432626, -43.04037984914374, -26.956520925868762, -56.18464340705744, 80.88835013109343, -59.02320387855099, -73.24361783134847, 2.21630572902561, 115.2011399312412, -105.87649352145583, 134.15674120185835, 132.74369768509933, 22.035201955305897, 73.98624132241795, 67.02804891081527, -15.640873833360246, 121.4373758781811, 68.33048009545517, -2.019756627062719, 151.50035711314908, -101.35981265890405, -17.496988158267833, 15.80472070316031, -118.49969848791012, -45.32053148814762, 19.96519308907441, -104.3945929094768, 33.76403183389388, -89.8272992093213], [-62.113436526189474, -50.85446484141837, 161.66901833642206, -32.68232299904997, -46.61853664478039, -119.06800784141468, -24.78716049254483, -31.255543937529602, -26.824576318537215, 9.443845238727866, -10.056111454332521, -67.5045388218213, -23.462754463080586, -19.81799923904737, 117.89055606288044, -52.30893211947245, 41.65882206049421, 896.513305049013, -29.062345000718018, -70.13334493868688, -155.40027981200743, -1.8603194680196622, -66.6522392766922, 41.76167980654581, -21.252315166458377, -31.676015169470357, 28.496076285178717, 165.60944249238216, 28.053762085371194, 118.76804359706504, 80.19626549632929, -9.036250879403788, -73.9102464095173, -77.42743070432023, 229.9506566370197, -35.56137531559391, 26.309284756317084, 43.313761238692216, -30.34760058945838, 11.850140615791474, -142.93575789897784, 73.44110525071038, -65.3680720682034, 103.11065447868076, -56.36457252697947, 137.49536242474096, -3.0878666591983164, 23.92253297954566, -46.2153048691465, 85.55020088152943, -58.590003100597634, -43.820861478180916, 78.70526883164887, 21.651408826024042, 16.066968679572934, 124.85973473862141, -90.0971021356471, -148.2220578148665, 5.7804838685422935, -60.71685274652143, 38.328544596408605, 47.52853523390378, 221.43713227092007, 37.755759991554235, 38.72769768989105, 0.43673388938610935, -56.570825667400975, 42.94939419882682, -40.1288909078465, 1.952006273068183, -71.72832650832058, -77.03596402345434, -78.84246623733723, 110.40117789544114, 43.264456482882856, 118.87275090346232, -41.79584955353935, -31.16737474058267, 150.27999468062237, -42.9189083756087, 15.97823630411209, -57.518522445534785, -113.38606535500459, 19.859402206832595, -106.17250531521596, 93.14395859795268, 21.665512125592212, 6.771208554469626, -88.67778706586188, -38.027751652810224, 19.205527274328002, -65.44328433213191, -88.62256539307202, 44.73826287962183, -37.796566787806334, 92.12233732945161, 107.39801950118446, 100.5853333398963, 60.91169829247726, 65.87893817783807], [-27.6163561206292, -43.15102166161663, 68.79564405187007, 34.26313274409501, -171.98824156098837, -66.9633450910371, 105.59839162684617, 29.626108438791405, -28.07993955412594, -148.94056389728905, 31.041833148373577, -8.188925756965714, -98.57412915523183, 71.39170882350865, 112.69803862509725, 22.428933899197137, -60.12611056192014, -29.062345000718018, 864.230177389224, -66.77316317959823, -56.26747678764257, -16.465884561355864, 48.793234671215934, -10.607160705837305, -173.28850203443952, 47.98619299727458, -23.304195378265142, 114.12213663225351, -47.26355501825326, -34.30963084302066, 59.72800866578662, 21.392742980030718, 105.4606627213652, 5.205380417360114, 88.42717734809378, -27.08926901501551, -178.20805013446002, -52.565702543305676, 74.72237414047862, -55.50535381610869, -54.28456258438949, -82.71305382835136, -15.93867916514852, 37.97390771029783, -25.139161348440958, -38.82966773620006, 53.15943221967482, 31.422375876338233, 4.920048346963814, 109.0665183671621, 88.64325585693462, 40.54323566402952, 56.892676970839126, -6.221901540794477, -126.8889198410043, -57.76323666996299, -78.6713974437138, -36.23533825969005, -5.701813738847852, 146.414130411926, -41.375505560546, 32.79782858450914, -20.211002368192606, -92.641715065504, -2.8627767820003696, -40.824721527189475, -79.46555182225627, -100.49908174843074, 2.318774636718616, 173.35462824278443, -26.858239221333392, 42.40408716338995, 37.121625148030446, 66.88832830867982, -7.1993755589772555, 91.65345158169711, 5.838703127242396, -169.8309746141984, -83.98992593246041, 22.631496326975462, 41.38692827001807, 49.74970450176488, 123.59283439259379, -105.63243790066595, 101.00348439389093, -8.718166368307552, 7.120360164701387, 82.54239460958753, 57.50131640158821, -114.59419463241352, 72.33536750899806, -106.13558493414816, -162.5308549593588, -27.163790035007132, 141.21245988961175, -34.59306070164876, -59.50903312185229, -20.325934461141173, -81.51365571955589, -94.85317590540366], [-129.12247024114004, 19.531771924481674, -69.78058092426569, -85.1032569622853, 65.77836576916624, 34.94407762831329, 18.53885505061498, 40.44720590294296, 140.72555279992764, -60.54206230444993, 144.00889372909847, -137.2166875899445, 43.13666520366251, -55.67423577201921, -67.430943790297, -83.15873249961508, -46.12994662958541, -70.13334493868688, -66.77316317959823, 738.6514806739683, 30.856670085342923, 78.69371184003849, -26.290874486165936, -45.56589755278561, 150.1669170018924, -18.133438944399405, -1.5581966115565669, 164.95210641989405, -157.38514111705618, 70.04881941905325, -120.40306958597634, 90.10662183508413, -46.7998838665086, 43.54449178809132, 66.63934543403168, 42.51411295719504, 84.8268910749973, 123.28269127354396, -82.11593253073632, -106.38587203887937, 122.1685781191012, -70.94117179695311, 145.84038853642977, 148.01409808674518, 30.415077494854096, -45.201438941782406, -82.06018437853132, 32.93106841621201, -75.79590041661906, 46.65137030185292, 58.885171277813875, 20.480858901207647, 72.75958706297206, -49.23617645747672, -62.86759307842471, -28.603263914840376, 26.41811562668742, -24.13165915674099, -85.42242021754991, -58.7683826483777, -74.61998479475142, -26.027323875403596, -90.79834712008535, -50.616707859341766, 30.79467672226552, 60.193963661614525, -24.583163092435004, -22.28031303828429, 121.66233404820467, 31.75717394651579, 75.00573127879956, -121.98777527858101, 163.08455585158578, -16.497653778647745, -62.50257381848972, 6.130668068547614, 123.7991039088532, -3.404890477581301, -27.320976044553657, -19.03128131936725, -90.01470202373883, 18.54558676139961, -3.906861292868118, 56.54393407853395, -27.61644364307307, -106.34729302219402, -119.07881335194877, -9.120543051478817, 166.70620312166486, 11.946394441418914, 77.57723999512947, -22.56514752247327, -154.4202035851522, -49.48697929820385, -70.12913479411021, -29.949368248206138, -31.741912520215553, 102.80413715792953, -46.19871381441929, 14.594069498885764], [54.6520605406745, 25.628542043066062, -25.394357050608075, -47.873283836690035, 19.47961308882323, 100.12047273135498, -17.54684106155644, 115.26726591732529, 121.62832191580367, 57.34059161885052, 71.33284951118397, -92.59196706142846, -7.529638442079092, -25.023530879785117, -17.378526997416902, -17.3422177915