{"N": 100, "M": 7, "A": [[[814.0731348473047, 40.30230453288426, -41.55275558677577, -38.85237782359907, -178.94023083828318, 0.4261224367411985, 21.92389892500657, -152.2668805221405, -70.2304469357434, -86.58046654776074, -59.0207441152455, -5.703765736315176, 102.5276940446038, 61.102984724010234, 1.7464108224829287, 80.655173310358, -12.572041784285643, -24.414957306480588, 102.86626583078228, 1.778229757916974, -87.30903777091834, 6.950719311332024, -85.3862703080208, -109.73525407233062, -1.775558050049172, 25.499712020876252, -28.49179896788118, -90.9241573552663, -84.51482204684213, -53.049916811626076, -156.095830643373, -42.17689903742721, 99.11926341433188, 101.66292115690167, -98.21196968909439, 21.37927068218042, -40.4946822947671, 5.340778767128837, -109.9458481771095, 37.08932567981693, -173.94214009693735, 39.66154404087934, 14.82247763569867, 158.76011221380642, -2.623196136277777, -59.67080813009328, -53.11720862261144, -111.19209892318818, -46.93082053037945, -9.262054981048188, -125.37626125806894, -78.12748934593314, 176.2732530777523, 53.85505701919987, -56.770720583026666, -78.27394227179127, -2.6427222566515987, -56.44261666777068, 41.55257261828303, -28.537374548078006, 5.653290801598971, 44.60386653149218, -7.140123026065708, -17.937213096846456, 51.424434606226576, -37.09753437890683, 31.74285428067319, -4.2757394370014286, 35.29184198710017, 14.132713935163089, 9.960095301539592, -94.5784816976347, 29.519287349998265, -142.8290955253236, -21.1507114858043, 13.94750412147443, -47.26305101631962, 75.01566736959067, -7.513221638262386, 62.4703259672136, -75.70293556295735, 43.99677567590764, -45.63139319594367, 10.771841148400839, 5.478536676180752, -98.19690102633655, 19.997525633248472, -32.29076068399426, 87.06365340789334, -42.44451165186893, -47.80539931157231, 5.467652873817929, 38.177913986418346, -68.01336201256247, -11.640448955628607, 56.5736051650714, 38.952221152946784, -38.20814100762034, 50.49155637095436, 12.013689938318173], [40.30230453288426, 807.3879991201098, -114.44786595310568, 148.62301454406327, -14.325683946360796, 171.98901177879523, 67.39148961314362, 60.28068768839194, -30.772877641737633, 103.61719752679993, -39.132735060284226, 55.87996471949336, 35.478098467604504, 18.544392097504595, -20.40327219454538, 90.36483054642734, -6.8052168326480675, 7.80960614085297, -12.497672551488046, 4.44166081264551, 80.10440334621534, 21.621015438605905, 22.955459377661665, -51.379192229976624, 27.93651753360323, 109.02090612478416, -40.69287866698659, 62.512016020357, -25.689342205458093, 4.3620671996391716, -39.55134281917498, -82.30435428826806, 17.833101196422792, -9.904134102205502, -71.48712903730289, -60.619118534758464, 35.9207748644072, 48.18727533311241, 53.90117771843244, 83.33812214596662, 9.578567289538624, 2.5686673639423803, 13.680832297830323, 99.95533693168106, 42.95222756859807, 92.96525634242643, -28.47048580767363, -114.0296029986878, 55.70041515137316, -4.743556969173527, 38.69726993808061, 33.24923407778581, 51.80605312341027, 48.10206437085364, -15.626148418901325, 35.11160098143444, 61.39821400603067, 53.246396060462516, 73.03940704684274, 54.54097505463979, 99.62891802927085, -94.72819516961489, -56.39169181811657, -111.6411468673524, -35.16269949200861, -62.33822177039206, -109.27152195856145, 23.70377961503754, -25.483295793263334, 36.785224168185415, 15.777506323920903, -91.49513017361396, 54.346028523740316, -7.6709550470056405, 42.202794960012426, -41.53613983178074, -97.94597841054494, 79.16539280773053, 87.5383806762448, 35.4902341462742, -49.97556546784186, -64.6470244720434, 64.4656830137061, -30.3747262387531, -31.227257206001976, -67.99283478037783, 32.67689375505907, -40.455899979135665, -76.86756054550747, 6.034700675862442, -102.77797959953689, -72.38904937444201, -34.669209804178756, -107.82875797955127, -57.630186984268086, -57.410667157981365, 32.13983072629106, 104.85942826955697, 29.372816380050388, -145.1268428242579], [-41.55275558677577, -114.44786595310568, 697.7793244769256, 20.13401817112137, 49.437661255740636, 109.32293657126033, 71.62680239067193, 111.77996148595464, -135.6866644914241, 91.93136233596736, 28.43524202876717, -39.00712388757413, 47.747455850228924, 66.86955729369146, -39.475680182263204, -18.6485958325466, -75.62207363316728, -39.93774911526263, 47.588880064480016, 88.98539626069638, 76.37247238386519, -77.19524906648408, 74.8186062593369, 58.023114344893926, -11.82352364245159, -6.863289350913336, 99.29075909801287, 9.827721847846538, 79.43018926665478, 27.610040735597874, 77.62935363145522, -41.63191722103942, -52.52672552040556, 35.75680319197294, 37.16561745405069, 69.5226208679751, -13.648094296209901, 11.764486580939261, -16.236282896140704, -14.33233706681919, -14.727630753540812, 26.13455780821377, 133.6865867512351, 32.262494325964255, -21.85947596572828, -41.0245215424818, 13.158665256551675, 167.6273873057555, -51.43210386519577, -60.80275986038274, -42.921989112804226, 16.371485018288, 144.7612285944191, -126.2966026239536, 169.13199562131842, -58.195814401621135, 12.04107569030213, -29.16786698580711, 24.884967344255642, -57.02233906500331, 59.66573503963617, -93.96312647167787, 55.6038999793447, -17.48800693302097, 97.64457670144947, -163.281022905428, -68.398149867961, 19.87728469027342, -91.74196345705948, -47.77234484105476, 9.313851239596065, 31.577703556582808, 62.08465869355283, 11.316717693377852, -53.37277186851088, -28.890080030547697, 68.0541370475082, -125.72909171344432, -222.71659623542726, 26.258938215510007, 53.33695219284862, -68.35660681544809, 101.47013388211158, -37.81824113157552, 74.42572600323723, -59.87075493032492, 22.479960096243406, -8.012444962311324, -18.780946814992806, -45.00165845818377, 93.34999982217829, -17.385169312409687, 60.72204917266557, 37.42465022894954, 75.09252893295033, 41.36798200780495, 36.459768660253864, 25.25182116413029, 1.3352915604325715, 110.79726822743734], [-38.85237782359907, 148.62301454406327, 20.13401817112137, 814.3395846284523, 55.14736272307463, -106.33437818240009, -46.52119572184231, 52.517884194929, -54.70603974170882, 2.100863640422519, -66.27241104160495, -36.256292855584654, -19.283747323688686, -89.94009782097874, 45.25747079999965, 19.911963149213275, 37.560268232142434, -6.073456338014815, -139.29465740042528, -9.035244637243244, -77.7377664799315, -55.37730860269967, -26.36462370083864, -70.19713333958354, 65.00454697586022, -4.5702149189067445, 49.22703772980778, 33.21568022180362, 36.84950810667346, -22.382256736528106, -15.813990881832598, -137.11289956879276, -31.56721565314613, 5.011397986435644, -10.336249760868375, 113.61405627290777, 168.2651819096954, 130.8642570255641, -125.79100839720871, 30.4836419490583, 80.81950292448938, -77.9372168245918, -69.65029642796956, -66.52990383192422, 58.93513284995522, 15.079688536565222, -163.11894838662042, 57.95237119683072, 48.92875993198983, -59.029334814482155, -61.37339703303898, -44.69005469862695, -36.13284001769462, 12.62858691360021, 35.15926843028567, 79.13327714101464, 80.34695773432678, 6.961107577925405, -63.11462496392133, 126.75100684893178, -43.45317432718949, -2.6104684071427195, -81.8271235349922, -42.21486282165122, 63.13428121005119, -17.128445463575755, 18.244480843402, -114.85440141418024, -224.54366993185718, 73.09888745345437, 41.52674633612406, -8.405508969187483, 48.70690326356122, 240.20932401837825, 140.43449487064785, 67.71378817495709, 57.77048632820074, 54.89709917044827, 18.218134562810484, 23.627091821461608, 24.45386172377548, -57.65291231664956, -15.415777385636265, 57.73264789622194, -105.49832259571987, -49.07982689363841, 69.02345996296386, -98.23047029134028, -89.73695507214816, 1.4973323068998203, -60.84039907088449, 21.849981733033648, 18.70062318962508, -96.80513712142188, -76.93725184116718, -36.481225873055166, -63.0816834912254, 132.82312701148925, 26.941220304591454, 45.04319868686771], [-178.94023083828318, -14.325683946360796, 49.437661255740636, 55.14736272307463, 923.2030321317689, -36.52358669003511, 51.244143543398316, 102.31258645733024, -51.242446982179956, 50.54962578512663, 102.93942601099556, 25.182522482743714, 76.87264173353834, 49.1967848914728, -127.6960923135081, 58.72420434412561, -12.113959347543465, 111.93624042120348, -117.43147618614982, 6.118573562289805, 107.89979949218377, -47.09863809505305, -59.47133055253483, 20.105734004102843, -62.54098421447308, 13.834992231714837, -167.7886551446431, 3.3706268185981276, 92.83936722868705, -142.63912683222142, 117.7564420478267, 45.83568050437106, 35.632751529685585, -91.47798990557085, -21.687408647702807, 21.867146168253623, -35.98547391749809, 90.03409891572862, -66.03206582433741, 51.640514965113205, 69.78759505654969, -36.10497940864369, -109.43344436801326, 23.345147151284564, -80.28690579778309, 13.964492925927662, 65.71111118369743, 62.258995769906385, -111.1035659234226, 25.621324430583236, 76.01237481702216, -80.22607015581978, -8.141299397974814, -7.300573520419303, 105.25435911825221, -22.749535791374782, 7.180534395525123, 178.9104987499796, -102.32906294427715, -24.900806020102916, -133.60614601418342, 92.69083027519767, -78.92143938409563, -67.63899127199164, 24.72346401129081, -97.6187558180722, 65.08274930716817, -21.506656916402473, -53.256032144692334, 2.468092040561196, 181.0598010099365, 108.37252161402323, -56.60084281096182, -4.527721240079711, 147.19288769882962, -79.16107932967623, 19.75264770679564, -36.367693269453625, -64.54199391071248, -93.41871782855907, 104.31707039727459, 14.20278400453899, 36.779583728695485, 196.01740969072134, -12.688155620200485, 44.95780769524071, -32.608036966757176, -10.152223186570854, 9.955296396277626, 130.15220976682082, 98.92288100188154, -26.40234695906949, -19.687658438502616, 200.6731441545064, 75.62557300328312, 109.72273026842956, 175.55205433769777, -22.876819427416795, -53.283541884245224, -2.463465399110272], [0.4261224367411985, 171.98901177879523, 109.32293657126033, -106.33437818240009, -36.52358669003511, 827.9691514261867, 41.48245674655824, -10.88077131582921, -101.56627592600651, 62.27937350812702, -131.0707589357979, 20.452389933680436, -77.71804705655161, -4.478765392558116, -53.252692720377176, 66.78313241987541, 59.17622236241622, 35.00953028994491, 60.86594365538145, -48.95226550179806, 125.80989107760753, -2.7231524796967372, 80.12216180866199, -2.9759625584103473, 18.56962262736259, 22.422513667790305, 71.76295079580034, 160.93514853382217, 153.95244386491055, -14.343577739550165, 46.78387109476327, 75.18417639765931, 83.8646103163448, -94.47601075343526, 22.194495595773493, -93.14071876236737, 53.71305412992533, -100.0939541655087, 129.54214648628866, 56.72335280364406, 43.85843541750112, -90.50565733242316, 90.27554578219294, -18.66252913489505, 17.3964894103511, -8.871426355021905, -23.641738519074146, -131.66944950445006, 112.65219132516717, -59.50627946166406, -11.570814749778672, 2.853963259555163, 172.70151703348085, -62.4846510272391, 123.94384318159125, -27.442456716957917, -41.00547979862228, 54.265871070109, 43.38791817191984, 79.26588245985539, 137.94706624724617, -30.0641766015338, 23.550722216928317, -5.226247330657011, 85.23726606500013, -92.31416784104418, -78.32237212981289, 14.929798058729068, 60.054949229990946, 2.7489687608329634, 64.16358908764191, 82.72462657613913, 74.16826658828474, -115.35519480740294, -91.01280392482842, -133.05452694533702, 35.04796662310096, 72.86130798921506, 27.485592949928964, 35.980221853472116, -53.11225237443905, -50.87629678218571, 62.80420111859253, -43.23021354217788, 28.010898348083625, -176.34870214809962, 31.985056870104817, 44.8817023251427, 71.63558349415109, 8.754478360794264, -5.496310447790631, -1.1997566838358897, -19.121198742878786, 89.38273662857314, -36.81494033016696, 34.74443824886512, -13.335234322727922, 46.2989007063695, 10.008859468933796, 85.56285429430204], [21.92389892500657, 67.39148961314362, 71.62680239067193, -46.52119572184231, 51.244143543398316, 41.48245674655824, 753.5793098056698, 108.2744989550008, 44.53051416330261, 108.38594931138024, -29.50367592164652, -39.846362566681776, 22.264805913809575, -69.05540482754141, -75.08814198386267, -32.761697291094926, 52.14925372727613, 48.68133946385105, 36.71362227187862, -80.30876808085321, -41.324675707594814, -28.411381792538606, 92.1212398434236, -28.204556589686177, 47.58027861624365, -37.60605471615588, -44.331270685876184, 25.35161524087519, -23.020109289186966, -58.18777237732759, -75.24851275611394, 152.0542285984715, 39.17832267039816, -13.784111419700029, 16.732681003856158, -24.253408722500247, -2.8208076789549246, 33.40339392316596, 23.84917374616832, 79.5358267372586, 54.79469193321127, 93.73443321391373, -16.321918246785756, 137.4165671740794, -45.860246366115135, -77.08711087796732, 57.68004385200487, -6.672898816358266, -94.89082619017407, -48.34344820246602, 131.04133353738064, 86.22203199241812, 4.283290983105501, 83.95101130716911, 41.710006581115806, 71.99209701717012, 15.263155299345591, 118.44159109895185, -87.76716978004876, -110.14673617578457, -103.88847075813975, -23.95358292683056, -84.50309960729913, 37.62888250736849, 108.67538006134227, 120.96378977960012, -67.31797795731248, -106.85780835165461, -66.17561982838428, 72.30045952479011, -54.493696906925535, 17.63404461300097, -29.2855856052516, -157.10432860982078, 39.342703936825735, -5.989634250032272, -31.858190101286855, -19.50687850069431, 8.29179159976256, -100.5581227217301, -24.800894511636947, 60.15875545976515, 73.95217815505463, -116.48844667445204, 103.53957265157963, 44.335922702513514, 6.440695849647623, 21.54708432333618, 37.732359506027045, -50.69170220206423, -4.3428383335370375, -68.44084981905755, -69.64376163589911, 88.83380354420602, -90.13957896644708, -113.15859628909581, 101.68016661915603, -44.22444699249442, 33.18614797602135, -13.8412153703786], [-152.2668805221405, 60.28068768839194, 111.77996148595464, 52.517884194929, 102.31258645733024, -10.88077131582921, 108.2744989550008, 824.2606877431824, 52.415064011212415, -44.81653495610531, -45.424663674788675, -28.545757793446043, 83.90129292265325, 8.768903153654037, -84.26378760291449, -13.59310786685137, -87.51228722694012, 35.31046623825672, 121.49504812712706, 59.28607084770836, -9.066798370108947, -68.38677507051352, 79.56917183147817, -82.19991178720494, 131.9452045803187, 125.63003070931865, -96.04869441275908, -6.285411607350739, 35.52012562963941, -58.21301226194512, 172.85784160218196, -46.66824057649402, 27.74617992329339, 94.57872346955571, -22.202049798509986, -103.09408616857436, -41.31507328180214, -44.544247309577365, 37.34978914813655, -62.66362118821859, 40.99735500586017, -22.662791347925918, -1.9364316975752909, 53.01306359081011, -55.68338943603342, -32.48418664212757, 34.71713713094109, 148.77181578948534, -2.1104867833871688, 2.540434768428782, 59.29783179194497, -45.832876774398954, -10.850819024204291, 13.405926051372067, 158.1038795754424, 111.55007268129772, -9.212722061084218, 78.80289879245335, 94.8471094888202, -15.978412657307393, -156.44305792475973, -76.32825833435139, 59.673307502053284, 51.672206256692334, -27.97316374099242, -41.99753070917545, -26.274152347441756, 2.6552126542328245, -64.42330523197924, 149.50299974968314, -42.686545911854544, 32.668015609529114, -4.050837648572845, -85.82113282546932, 53.59495261043191, -20.651192095774647, 48.29525013088386, -139.63911697930303, -62.344308579994944, 38.764555189734565, -4.243589039857034, -80.5324642999072, -146.6993079619313, 37.88871315304966, -137.47879413530254, -105.03976993324709, -22.533227125443087, 117.69798354179044, 27.321340561560014, -41.65403861269577, -84.71429791836327, -90.09066514025446, 70.61392157154711, -53.848607693442965, -56.11514258095635, -82.93198349844253, -34.34604516642356, -3.9145589074579226, -93.66572593297433, 78.4417770130505], [-70.2304469357434, -30.772877641737633, -135.6866644914241, -54.70603974170882, -51.242446982179956, -101.56627592600651, 44.53051416330261, 52.415064011212415, 837.808602760077, 99.32688862701997, 19.44082096179104, -39.41642815681675, -56.20695560888543, 15.240860887397838, 122.52055115618661, -81.6430003114051, -57.228233305740154, -1.7646671228495787, 5.525959809942668, 14.17561184298832, -44.45928062583705, 101.55400242312159, -61.84589120419976, 173.91094737476038, 84.03977455916629, -5.940073262388866, 20.866392590813003, -55.29358812666369, -64.52166466217443, 58.92453706893659, 100.94307809025808, 130.84740008603768, -150.88175421229548, 18.98714190450277, 101.46524506104154, -84.46604640950378, 107.6705150072747, 67.12585355048921, 59.58114501694376, 6.732688346758217, 61.42667444281766, -104.87733540999244, -104.25318983154592, -18.89357419028565, 74.20794311132349, 8.59700112685, 28.8276860886108, -4.59958050290444, 56.65666276067602, 61.16991839365702, 17.31203542837675, -6.086179424941841, 6.879992923040241, 91.32289623801246, 23.600308459109087, -113.96658035276789, -27.25465117543475, 45.47886170808081, 12.947839897158484, 88.07756461441224, -35.90605923533123, -0.40477872151398925, -71.52766498510442, 27.392690134022494, -120.70348787287635, 114.3218326216164, 8.54219339157816, 35.96892535924386, 85.43052074568294, 86.713878949317, 41.78065505933719, 61.308461812509556, -0.6996393187539433, 61.113586794628056, 34.902167739539344, 153.80587274608624, -20.582081202719383, 85.34000821218166, 138.75160337448534, 38.85458371642867, 43.2344181423552, -40.431456367492764, -19.469411034575096, 2.835306117637922, 85.40110854612361, -13.905903071222163, -54.15043579032036, 127.51879861926786, 46.79589009879991, -21.32954496605658, 55.5492612591, 87.28631779128452, -100.2575010587456, -96.89145806217148, 21.597976371408542, 12.648403713048284, -7.750955703634027, -58.87377254878703, -4.97733757814751, -103.80824429535748], [-86.58046654776074, 103.61719752679993, 91.93136233596736, 2.100863640422519, 50.54962578512663, 62.27937350812702, 108.38594931138024, -44.81653495610531, 99.32688862701997, 767.7490639586422, -48.01466835263662, -34.88094441997687, 15.007942292952695, -78.17772512864522, -133.5116105589338, -25.290380236485287, -46.011593427530116, -18.760926058531886, -45.7147602182155, -38.364680402422195, 120.27086563303405, 41.8059184700623, 15.471097385777783, 108.77062267752208, -1.816276542279062, -51.53319018481775, 96.26252797929803, -19.43515635932726, -55.37905807813846, -189.0046187913762, 88.31819480634556, 16.275465344210343, 63.639587005668446, 85.43911101690664, 92.40085025923335, -112.83924839380923, 18.269330496304686, -95.05285709419935, 88.13409527838975, -2.885090976060075, 120.45535547977792, -133.57854175959315, -68.09253662354304, 18.12213333080718, -0.38257895596644137, 5.65690010951091, 28.661375729408395, -38.99913289244186, 17.840134372301826, -126.05075536243001, 175.73365207157343, -3.5323206887008958, 53.637684081479655, 38.8429100061697, 103.26950381244829, 77.81827521936823, 30.832147567289088, 1.1844114397554193, 33.086904086319784, -7.104012834958998, -19.052532241623172, 18.73887863712189, -53.587124646428734, -52.435816270497206, 46.338480416400195, 81.28393619413214, -121.35256942939841, 8.008401435245736, 67.19440162459847, -64.27743148144339, 51.06735158979806, 45.226649663889305, 14.856997068150443, -7.792336918037566, -62.899216463642404, 47.68088519075463, -115.66099824963919, 17.561841975627406, -16.516229886393685, 46.59308027576857, -55.75025660496738, -32.31684875631083, 94.12591990658024, 56.50353100706249, -23.44207253316845, 104.375402497802, 57.46800572443391, -26.25834383557018, 45.68440312279943, 247.28351087045434, 98.9444021750843, -11.54729953256745, 20.977605067256686, 138.8970943810359, -50.24803202524282, -46.86205895567516, 10.90648098720847, 33.2680131820028, 75.68140711848974, -152.45476557769686], [-59.0207441152455, -39.132735060284226, 28.43524202876717, -66.27241104160495, 102.93942601099556, -131.0707589357979, -29.50367592164652, -45.424663674788675, 19.44082096179104, -48.01466835263662, 996.7649442713378, -128.83560521247114, 4.473832904292818, 75.92307380798867, 26.805613376308738, 5.513587789365698, -39.73725800612869, -75.71217148036551, 70.60168069766625, -62.76525725859199, -106.61061442125254, -160.48023684167032, -150.24091882433598, -66.17830483451553, -84.08568021008904, -78.09745737114588, -7.652427184753183, 145.06209394706318, -26.38989016112001, 184.06356489760753, -85.72248039482244, -66.17786437837935, -100.53567193614917, 32.00496029901309, 85.62522245768905, 198.28202180516044, -49.956401937817645, 62.42156205842277, -55.87927596375245, 2.0596290171507596, 29.28854149821457, -88.56091397678489, 54.985605291850995, 27.934969979926247, -124.00783891220493, 84.11771311327537, 107.85110003453671, 33.3934302928589, -9.238980045856204, 147.41665405873292, 88.40729467263155, -3.230040054848929, -31.704388013791174, -13.715825625743978, 81.91208064034153, -187.51065704687383, 37.528234811991354, 120.36764042624341, -118.1408082215736, -29.505737192685345, -95.92565904871425, 29.589399195811822, -11.766795962746292, 18.167462225914097, -140.12302563784365, 77.63580587402629, 137.57753858232414, -129.94462729273178, -8.80728724692662, 41.13861411702035, 38.29202052739691, 18.297727004829845, -5.711631271262574, -30.138715222983304, 112.844707040702, 18.089413963257982, -37.27642726396345, 38.514446878596374, -131.836235074132, 30.237734861034113, -34.49413497602801, -106.63561377567544, -8.937997670581781, -47.251652507726895, -64.99340971582785, 34.0456955595693, -67.37211555568638, -25.515731513340775, 32.60438836616091, 42.57768530747822, -38.558713298347094, 21.756432636051414, -69.52682003391989, 119.75823268902668, 143.97602747068694, 7.713673586666452, -50.68492109816312, 0.8948001963149328, -13.21312845002057, 118.3750417931928], [-5.703765736315176, 55.87996471949336, -39.00712388757413, -36.256292855584654, 25.182522482743714, 20.452389933680436, -39.846362566681776, -28.545757793446043, -39.41642815681675, -34.88094441997687, -128.83560521247114, 726.7611892253532, 84.5276296592914, 96.64353457880804, -28.945427853360997, 72.00481204771944, 20.1306811487008, -48.1806953795707, -0.23081708874475157, -2.8984950767697266, 23.97101038635155, 23.34387911445599, 3.7098330295338493, 31.309006904880007, 128.51537788405304, 141.4421211779729, 135.6594323939135, -10.744818899653316, -56.07889216240714, -69.00437229342458, -33.805682614772294, -29.179790179035958, -12.410607586166538, 121.57972698530727, 3.2414117774536138, -182.68509493947138, 40.119689422255604, -87.94587249393594, 8.106228545076332, 7.390611784587813, -165.24232807392661, 28.57660538754039, 30.1353015596016, -96.85222660899366, 65.23168991831463, 34.88922522151237, 40.95156904091913, 55.96649497543937, -4.930181120539437, 16.495972349307735, -123.3705003859882, -89.03076613092239, -80.57203352494702, -40.773481786610915, 2.476321365109426, -14.098963165305527, -64.53699003399586, -3.0861186774531086, 17.73898389935335, -118.30724073635714, -19.542609539556135, -18.70780582494964, -28.766110894985204, 18.875878122794006, 22.408847440545607, -16.17523615498931, -72.18710368542345, 58.30490965095794, -63.15179662601977, -103.43765105229322, 82.57671002500632, 51.85021424565125, -156.58981688131684, -106.43909575496802, -28.420925788252692, 47.37425892927574, 118.72139854058948, -101.35124447611027, -125.93521513901793, -22.732250630409123, 28.56121364093354, 38.308611768552126, 19.156434679534442, -41.59342173323077, 100.9479464251061, -98.30059158867914, 105.5334652738408, -62.082801584651754, 20.191891419764282, 14.72303431363278, 97.64668894905441, -86.46796328548513, 49.0249556742619, 20.835254728835558, -48.389275583168775, 15.069068245098185, 106.43541708198858, 64.14593916989692, 8.554790129109653, -76.8376199780408], [102.5276940446038, 35.478098467604504, 47.747455850228924, -19.283747323688686, 76.87264173353834, -77.71804705655161, 22.264805913809575, 83.90129292265325, -56.20695560888543, 15.007942292952695, 4.473832904292818, 84.5276296592914, 658.9181528642473, -51.62695447958432, -129.7130356248159, 41.823232418334115, -83.53683083300969, 43.017703395036065, 283.8583541761174, -91.9704127369865, 105.78878393624281, -36.41811333090315, 49.075989485488016, 21.74883495205105, 34.85443467355656, 52.86986980580173, -8.40631094886273, 33.748110190915206, -36.72810929970617, -4.945976817425066, -17.182339899174792, -134.6888443406015, 44.12468132718594, 136.67502726069065, 15.444593548067568, 44.78758546875315, -64.31048820718219, -12.200487819922452, -29.880289178578288, 76.44934212368611, 70.75257864505286, 47.62616135880992, 51.42361645492952, -45.35962779909376, -61.221433453735365, 4.378704415841759, -18.423856639447404, 83.04422951128294, -19.448279219339227, 24.07691593845591, 15.122035603285221, -91.72909882003043, 60.9375183622826, -2.3193477838972516, 67.87485694982357, -26.839051095536597, -110.60147409649241, -10.935905653861333, 58.095294167567786, -63.4450411377686, -116.86990569361136, 46.208792952613926, -1.1782312611035552, 93.49789531192162, 21.549046945087042, -46.367085910704674, 42.749828087772286, -52.52729482092739, 76.80887841949517, -26.535764468012268, -35.3556207476023, -26.326457170782803, 139.21705736650867, -12.974211541788495, -37.08253734903135, 0.66018683325151, -14.30353063900502, -53.08614655846006, -77.53708514471471, 38.12619313233647, 17.37526049113176, 41.65980245131384, -49.69546414435791, 129.58150982154004, -7.974493979433438, -52.71170502711974, 24.2036436949788, 18.758818034710934, -64.54438141707328, -49.403176955902794, -123.85482112964442, 65.20453373909346, 60.536960143546935, -23.022734851702072, 32.54570645785348, 107.26244076261436, -73.98979607380727, 94.64886602046496, 31.9705452791164, 15.437513089922824], [61.102984724010234, 18.544392097504595, 66.86955729369146, -89.94009782097874, 49.1967848914728, -4.478765392558116, -69.05540482754141, 8.768903153654037, 15.240860887397838, -78.17772512864522, 75.92307380798867, 96.64353457880804, -51.62695447958432, 690.7939382793847, 21.676556882645333, 5.85750154441155, -95.29467353304686, 17.928567951466974, -12.164000861549708, -10.530219031889494, -7.139067674161829, -47.66932162219783, -42.07670496654317, 1.3816245009687087, -48.40408744381423, 93.75230974134985, -22.033332934639336, 46.32493408478308, -107.17189739416897, -63.091031139898256, -84.38636520366174, 75.19635586260468, -101.93552834682986, 179.97184623845726, -36.753658625757346, -46.122554559036566, 64.5949796027378, -10.988113671853664, -28.046232059762275, 46.21821664632272, -41.556775219019194, -18.160361878305242, 134.32443010211074, 91.82403152430685, 57.25188715103878, -64.77658970507613, 80.62052470734496, 11.86590962233377, -102.36051963092409, 6.764854607498211, -86.19515859383958, 45.652647109117915, 2.8347945106625105, 58.908439246340926, -44.119843313440626, -66.02789898091031, 48.11504522436173, 13.23496335819911, 16.029858621534643, 35.717120823672566, -61.070157904671184, -10.203864727070577, -35.71904177125998, -28.375228576692173, 39.34586162486898, 5.599329154729968, 7.70280135936305, -69.02375792500729, 81.4746414688272, -25.906482618489974, 46.41199457362241, 79.27384977074448, 30.4499485093094, -29.816911006428715, 97.2229291207468, -13.570624547455292, 78.41799482327741, 60.774177749671004, -47.27641846128533, -41.96876600329, 78.66019051831934, -86.53256004133455, -46.280923261151386, 18.042360573411838, -55.84661387915636, 32.6300870591582, -159.1737192139411, -63.58599657726743, 126.49161986164711, 66.87198181038025, 202.18902992047754, -50.957045021467415, 25.926376587544393, -19.597854020272596, 71.67529002670165, -56.76213586842763, -10.119583533806894, -62.66116241413706, -53.332661289310934, 9.180923892296791], [1.7464108224829287, -20.40327219454538, -39.475680182263204, 45.25747079999965, -127.6960923135081, -53.252692720377176, -75.08814198386267, -84.26378760291449, 122.52055115618661, -133.5116105589338, 26.805613376308738, -28.945427853360997, -129.7130356248159, 21.676556882645333, 712.3311958509148, 13.90681357402226, 76.90690107157457, -39.98645508224627, -48.534888769669436, 23.557971514658746, -165.36324671737273, 34.19186177861836, -23.56119101720405, 56.14061546775794, 8.35822442168153, -72.13597156365581, 17.72927405441456, -30.77670901267169, 27.917259130091306, 152.6053457240975, 77.10084162837889, 44.34614955229152, 26.152491064804618, 2.21928928410085, 16.143211821479323, -84.79429503968342, 81.2952284666106, -31.299885779921, 97.99389034494624, -56.95102341202514, -76.72304547113598, 37.31800967911244, 49.02821479892767, -103.12664422611779, 27.548024472564904, -12.082432042444978, 42.426544105727686, 93.89530972669235, 110.43365716833107, 13.214448979453852, -153.95715265837484, -31.7223575653219, -115.50911156191688, 58.41776032580443, 24.407770759548615, -120.12236759449246, -31.739989247467726, 14.631519426000441, -27.525194466933915, 17.10114269407805, 27.594027212480057, -59.82983719771846, -60.70482738958185, 8.886401307636511, -77.58381960917957, 20.825240006357724, 22.85125130486386, -3.5027403903531202, -3.255284590342542, -43.27367042896319, -12.578351004279444, -61.18428864705915, 13.53888526510226, 98.36419530277534, 1.36852125447784, 58.50692630301465, -73.32009812240841, 107.03875886687898, 104.11709233533394, 126.76577386825412, 65.64788580681936, 40.328304761229795, 72.82480488713632, -88.05844309135796, 44.54731037928305, -41.27440144787951, -29.869179527247525, 58.90532846118021, 5.257613725295209, -150.0654491426863, -32.599699315086205, 9.506905084287148, -41.02886656728068, -33.143317466714045, 32.19582036732952, -4.5797333317010525, 7.420966182930507, 46.98188989347672, -14.966228521124457, 36.44049193765795], [80.655173310358, 90.36483054642734, -18.6485958325466, 19.911963149213275, 58.72420434412561, 66.78313241987541, -32.761697291094926, -13.59310786685137, -81.6430003114051, -25.290380236485287, 5.513587789365698, 72.00481204771944, 41.823232418334115, 5.85750154441155, 13.90681357402226, 818.2992819371673, 77.6163331751968, 76.37771533183874, 31.611332374878568, -26.2954533993748, -20.634779762322278, 11.315916930733312, -15.851225653145555, -17.738041712636168, -92.62505947598825, 101.82670429392097, -120.85881421468085, 138.2910694207101, -62.36567591549051, 33.04203406919583, -25.296688029426445, 101.9783721312015, 50.22902304491516, 8.145943931096658, 84.34850860771053, -116.9327645605717, -25.52210937528473, -70.82269227050972, -9.728570634616526, -40.031372939245706, 55.03248267939874, -15.991689592845542, 24.442850605183732, 140.93190375191594, -91.14149152367288, 148.43045898865557, -13.255365947781296, -38.50395188201125, 106.83868157982289, -73.94666985316493, -123.53604558744813, 9.380973281939651, 8.292330228726504, -4.489157341468297, 70.28396313284401, 9.08834681149904, 87.5087808289043, 81.11205791366574, -80.50094934239388, 73.1241233051782, 141.51583358963717, -99.64656544338868, 78.28180919944255, 29.68530989620363, -97.96407975977559, -41.220374156791394, 74.88022837383213, 21.817982307837582, 57.42989477594352, 5.554222136970743, 148.52381317698936, -64.34325667949513, 94.50853648833349, -107.48702441173639, 2.080286146930126, -28.028686446131577, -86.33598239379138, 75.45075482056428, 13.792769388908612, -19.734726685756698, -62.777523389810334, -76.07202391827525, 173.12847467401065, 54.20771074685072, 143.88328073628804, 11.617743557949495, 177.69010528029546, 28.176134720628255, 54.73815087528487, -32.16380179485864, 44.15208365929333, -91.39258927607051, -41.79374561238601, 111.4776334195003, 50.84587017293806, -31.572664316743, 53.24636227682931, 16.86267101046633, -101.54128093793454, -11.169235471451703], [-12.572041784285643, -6.8052168326480675, -75.62207363316728, 37.560268232142434, -12.113959347543465, 59.17622236241622, 52.14925372727613, -87.51228722694012, -57.228233305740154, -46.011593427530116, -39.73725800612869, 20.1306811487008, -83.53683083300969, -95.29467353304686, 76.90690107157457, 77.6163331751968, 832.8796808209795, 30.716621820890893, -48.911543217352836, -89.58914256747403, -60.12989568753256, -58.57015913558408, -55.8101527500851, -93.84419230569107, -32.94130563129219, 197.09742617913227, 22.292974265853562, 101.60882756355275, 37.67132933945194, -38.201173992791716, 19.391735359477227, 41.869721072340596, 41.59999368929954, 3.126181390855194, -25.843386978404393, 18.9462371964654, 94.24662918524024, -57.08927655149668, 123.80779394061025, 131.2850147019428, -64.46126160121106, 31.268577593136776, 95.80767397205784, -46.47124456075479, -50.41856390906327, -23.52451141558857, 60.045377305687694, 31.20735515787075, 208.43182056171383, -93.37389906627192, -41.90020466581255, -34.46893775820184, -22.182532031439177, 53.0243995873973, 96.7118251000427, 115.14486906418196, -21.82079223912458, -111.13460342682747, 116.13401280242272, 169.29384098531332, -26.787119083265445, -70.26653098750263, 19.87253114413152, -30.7287436449592, 25.222754614351057, 150.7391663544492, 11.569779798413528, 70.5849708524786, -71.92083800598814, 35.201653988569674, -3.093530922574383, -81.64545203116357, -32.42562636761156, 11.090216497828177, 130.87725674015638, -91.30353021364645, -16.168900762350788, -36.09397009087361, -7.767117797828843, 29.64117414842173, -37.304573057728504, -78.85597673763888, 87.41707881944649, -35.18572711242424, 63.05130680427056, 56.25461798282335, 29.034972650791524, -71.47807797279393, 41.40464311951366, 34.80678347772628, -61.53432708930271, -27.98044911858877, 11.471676311677767, 45.67489052912883, 16.911192149879064, 126.97452985658332, 0.18295203506468766, 47.83230696447721, -113.67668021348139, 62.458380501480626], [-24.414957306480588, 7.80960614085297, -39.93774911526263, -6.073456338014815, 111.93624042120348, 35.00953028994491, 48.68133946385105, 35.31046623825672, -1.7646671228495787, -18.760926058531886, -75.71217148036551, -48.1806953795707, 43.017703395036065, 17.928567951466974, -39.98645508224627, 76.37771533183874, 30.716621820890893, 635.7368268414826, 39.003719956287036, -41.32316758054261, -1.8798451207595932, 14.788580907684691, -52.46188628522793, 1.9402858126648888, -73.84844307093414, 151.21605765521133, 103.03446126744423, 5.585774780466846, -13.319303109615442, -14.820562009419747, 51.15057631344599, 27.839797140626256, 54.59720973047473, -41.843929978586544, -28.91240997872243, -2.0586523843667304, 11.530081598197352, -67.84866210461195, -78.62363352212829, 55.568420891768916, 62.278999320918835, -27.41836634182252, -2.7411026035800665, -1.7251183354798183, -82.7414943129286, 38.0805666447061, 62.4345583390716, 1.535587920407828, 8.767049039792596, -109.59361620087954, 21.065217941787044, -29.545721106306868, -31.64902689101355, -26.278692220919694, -47.52685511676368, 13.214379200694156, -34.154981137455614, -10.940111579300453, -101.16833059600401, 28.372934663895297, -81.45743472652329, -94.12113486472548, -22.85658654482626, -65.76761372230611, 22.968231093698368, 47.081520446549085, 70.45000263263476, -2.6475078450587053, -50.38008795964804, 32.20135621465084, 199.5588789117729, 90.94552616736019, 31.176135394252753, -9.095857964944027, 25.485358641876818, -54.50045955224944, -61.64347066972958, -27.964695059659654, 103.53245163717351, 23.176461938074006, 114.9046798789582, -27.68442875715405, -46.38531387113565, 31.97676873956085, -30.397153089884608, -9.174020329348776, -1.592928436949565, -8.215673789003525, 15.049930926156026, -22.860503386650073, 2.2763126264657294, -19.037550370562528, -47.194481345175625, -94.61394545913454, 12.07648632743014, -88.26028521317104, -111.14227822422856, -12.861153239129205, 6.654700414852864, 25.479617060202578], [102.86626583078228, -12.497672551488046, 47.588880064480016, -139.29465740042528, -117.43147618614982, 60.86594365538145, 36.71362227187862, 121.49504812712706, 5.525959809942668, -45.7147602182155, 70.60168069766625, -0.23081708874475157, 283.8583541761174, -12.164000861549708, -48.534888769669436, 31.611332374878568, -48.911543217352836, 39.003719956287036, 892.004159193354, -46.05258566627928, 54.09313707492865, -75.43208422617415, 40.072832191210416, -52.51531979858118, 35.237424987630305, -3.51604770825066, 26.86871060225647, -12.918484330287187, 48.41129058200473, 124.2950308347492, -63.70919462973783, -50.632571226822286, -67.34079628586497, 22.727700650969908, 54.48300493883252, 1.142162972855306, 49.25392070119232, -69.57535060787441, -13.354381952717567, 19.108841775699332, 25.489224086467058, 11.755180467511074, -7.5975687044200475, -19.52487669166362, -194.93660466726905, 31.364903003836446, 15.131608797973934, -5.31019075453699, 95.7199900143704, -16.203059464800138, 142.41172390048584, 18.828188887184417, 119.68643399140264, 17.077519143411077, 118.37330216465742, -46.599715265712874, -92.64928646473807, 136.67613690305058, 7.618054791533173, -59.455073396193235, -34.83668714693198, -62.012376614299185, -12.173753922834212, 23.9920527544208, 12.633614296355418, -89.41228306761792, -58.61081378312215, -1.1385209603397701, -27.86837462777448, -164.5163765178718, -71.9743061947905, 103.89445016904114, 56.635966596474454, -20.45650413099205, -71.97915890016111, 70.02153721324824, -78.74010425395613, -151.9334001367292, 16.79244959105316, 37.07956457651841, -78.7109234135103, 20.716009720019468, -134.53867292729655, -12.74290167875429, -43.00884440792241, -66.50466989960022, 29.003166328603633, 182.36179925867967, -67.38076661802519, -111.5558878863107, -112.4230861693336, -21.074860274378885, 84.03395142002378, -62.46453272541312, 3.4990031254461873, 0.5341047064791234, -151.0506392031191, -21.136060159338502, 137.86270663320718, -26.65399680412906], [1.778229757916974, 4.44166081264551, 88.98539626069638, -9.035244637243244, 6.118573562289805, -48.95226550179806, -80.30876808085321, 59.28607084770836, 14.17561184298832, -38.364680402422195, -62.76525725859199, -2.8984950767697266, -91.9704127369865, -10.530219031889494, 23.557971514658746, -26.2954533993748, -89.58914256747403, -41.32316758054261, -46.05258566627928, 697.7866559812326, 46.97240356539675, -2.8608717976713938, 49.80901480496512, 123.4795277830138, -10.483363028476509, -5.31715103824156, 20.229159723225205, -17.444456737947622, -30.15543428383209, -6.423002827402167, 41.062634350454616, -25.33671201145645, -32.82875835400058, -13.58140319870629, 0.28998640122598185, -76.91837007171414, -59.47723150944232, 30.017474654887707, -28.548573623133272, -117.51542131062642, -61.707695262236825, -18.992386852182214, -49.760080545052546, 101.7413596936657, -34.56233704578785, -76.31296006952454, 41.0377664021539, 82.34545658593106, -53.28425379463425, -33.5960958558796, 6.151401459366266, -106.28533080969355, 55.299033125019434, 81.88575254801626, 41.18492396791776, -68.15836944703321, -52.03105139549946, -167.18635198304642, -91.71968468859666, 72.33838502868375, 180.48055723279978, 41.69923352603882, -25.682696864293014, -22.325863808968105, 30.855256666808156, -158.78146728929264, -9.001503580668428, -21.425713536412278, -103.87925258438689, 54.662774773922614, -138.92349495463702, -86.67120113987323, 45.07303456604683, 150.77786793641303, -39.243895866706374, 60.017047222115096, -30.993820709270057, 16.07025483315982, 6.229168723125574, 110.47523418375467, 142.5156682493873, -14.507136616431735, -64.1786910037006, 53.69881288625653, 84.76331520240832, 32.79120589295985, 141.93551847456607, -11.293127371548136, -108.07812450903519, -11.898903509983647, 37.40948497436784, 52.91745319770634, 11.790999997124917, -54.95995397890791, 19.165726112539968, 30.801232589849057, -57.63612432381298, -87.24945669315039, -31.36631156178285, -43.525012490688624], [-87.30903777091834, 80.10440334621534, 76.37247238386519, -77.7377664799315, 107.89979949218377, 125.80989107760753, -41.324675707594814, -9.066798370108947, -44.45928062583705, 120.27086563303405, -106.61061442125254, 23.97101038635155, 105.78878393624281, -7.139067674161829, -165.36324671737273, -20.634779762322278, -60.12