{"N": 100, "M": 5, "A": [[[626.5392330627761, -141.7974439946184, -1.6571814205997113, -88.25794310946394, -40.079887769855226, 62.68785828295207, -154.8083844895727, -18.188483514444187, -42.378667599857586, -90.65449026281406, -60.207897935568695, 120.21532901263747, 52.58674807584324, 65.5453727441114, -3.881737967216604, -110.21513862010839, -40.77264575736561, -32.46233941674294, -39.583521890693014, -60.48480503134763, -56.61237535178472, -101.0464326385507, -22.220026685401084, 21.42064079195294, -35.428511255333895, -37.34356803205465, -13.392083732303355, -40.74138424822542, -37.89098255124212, -52.42761780894017, 86.51277571222029, 89.10504434330066, 40.37657359146638, -121.82597856746915, 76.90667554723599, 44.62365621619848, -109.0305191525028, 7.946244609903096, -51.003113845632704, -39.682786619980845, 104.1074279724957, -43.493408093013905, 8.739138227045705, 40.32899802159426, 60.92417817713717, -26.148262965403358, -13.296794151039578, -69.26082335841058, 18.36648982242061, 29.06573511293057, -55.66286140256687, 6.608058788091914, 11.312501742479013, -41.10828264410112, 83.52012965033494, 8.633296523059212, -47.976310245204424, -70.55292633817557, 52.11005280034844, -41.61547738333117, 8.172088642876792, 22.18796895741213, -39.267004979103895, 51.3098377281052, 84.97884171235931, -8.245794559346745, -12.609972288736055, 52.47960757198907, -18.381671292577973, 35.52754779484023, -76.44630680556857, 114.02133203055247, 60.43916121618338, 63.16799139846958, -45.39427175852348, -26.775454673998006, -74.17039946157203, -63.13309930974419, 32.697511447683645, -45.549925353768565, -51.74027828108361, 101.04276353860027, -101.89781797230273, 64.62592104774737, -40.30999847129369, -5.122220257408577, 30.333436756775168, 89.08522235032171, -55.05620004717905, 4.2786461152718225, -60.9747381337846, -73.78654391241697, -48.9747356017104, 31.687070507991237, -24.194269066059228, -18.321334048086108, -70.2078255245474, 71.36986903973775, -71.15754263712778, -104.80674760434931], [-141.7974439946184, 842.4804263501401, 19.783828808608725, -33.95443997814219, -31.845716184554504, -15.824202710467917, -78.10069979334124, -69.82361087557504, 27.841995511563134, -10.501471776674226, -47.923461960696784, -161.5867848563948, -15.654189281566318, -7.681691736820087, -19.52191459396393, 9.961116844948666, -67.78717165593908, 48.33964333837158, 12.001052602964212, 35.63016669581514, -20.301995898239124, 48.95034552910764, 138.11412051978036, 58.7313483690628, -27.894822908432303, 19.541078585086478, 20.478240273839525, 32.49167168048754, 41.21737499433419, 54.71725794630557, -141.59390854616618, 53.87460794095929, 113.86712380699535, -9.120889807449043, 4.839334521884638, -56.58421094430689, 120.04773015355791, -96.6447984877582, -64.97712765876463, 5.345459455269198, 39.67249011517536, -1.8703819219932218, -13.036755060774746, -113.31344999235957, 52.24324390037396, 70.7645113758793, -97.49753595688414, 101.52161170695814, 44.6760899417342, 92.06069869000817, -79.57123186471102, -16.88326803236644, 1.659169317391355, -90.41961787894208, 97.39842380135579, -208.2159122320207, -68.91563260621693, -92.71131771553841, 13.800596414011618, -43.2856969287992, 25.543174564396686, 17.236282952941725, 41.61353876997129, 8.44331322310601, 89.84479210006945, 7.9275688083692595, 33.930280661371505, 105.95499137329583, -15.5178808887652, 87.54900514496043, 25.182346333822384, -80.8634325219748, 57.483809401162254, 31.85001800948604, 28.27673661492881, -52.5820260393419, 123.95516837994228, 17.05172442154827, 71.24425538666343, -38.920500854843816, 47.38752433916976, 45.73831144694303, 14.32647962496412, -92.7054095522316, -46.701816694146565, -36.22590730604788, 15.124669061006006, 74.73067191608858, 30.064898379739553, -27.263012807670584, 146.7668637679404, -81.23280599593775, 9.76264577500405, -31.75453381215822, 67.9039410592812, -9.712700593143087, 110.19537178419625, 33.09837723071387, 65.43584486592657, 20.782632902030315], [-1.6571814205997113, 19.783828808608725, 736.4225299443825, -62.04688213445493, -27.0213945969587, -87.12483047080508, -40.2918768618247, -72.67245315055713, -22.789788681505033, -84.27888196049614, -73.11371625247841, 34.92616154145478, 20.187791581772153, 1.5307175986179011, 1.021624860551241, 29.558709389213075, 41.66165266740623, 47.77526649058572, -105.48415611123987, -165.2492035656132, 26.869888800779687, 72.84452887102208, 129.6405983119339, 123.4710432768675, 34.76937477718519, 82.8968986281061, -71.71860830947041, -70.79274395816718, 47.502396114146926, 98.92064665744675, -42.832704630386914, 90.12818856714955, 7.551010368409468, -10.589562126693705, 94.4371557041321, -98.04470068176714, -58.682834509163754, -27.76351899064805, -12.701668785536148, 6.494385725061599, -6.5639588077559905, -34.40390867242548, -113.95671291383633, 76.83793780820405, 147.8042573496599, -75.92914066444752, -181.34651241131343, 117.79131515873128, 42.9391312469477, 116.02547764587057, -129.91545361416928, 44.88898150390518, -25.624709787423438, 64.29675819871818, -88.52904546871413, 31.9502090928123, 92.19073923220225, 36.799482332289564, -41.97404821489664, -26.364969190697114, -5.429408455570274, 91.80216660715797, -87.32729484225078, 73.21506858095663, -31.08970099956742, 66.4833778011957, -103.53378527216668, 81.46506107076038, 47.88597219954101, 33.97965980210562, -140.51391375942882, -120.21263042819717, 56.2700472865114, 95.02739260550433, -26.161106188697595, -12.55390624549878, -65.9187025602566, -14.41751745304296, 26.731105674721682, -30.64602027708779, -39.08587879352172, 150.65616627604953, -5.371368602033949, -21.974396648356805, -43.78940660603502, 57.933925782442806, 109.36940879105711, -201.37981618188195, -17.359665077365463, 13.206819724684623, -71.43531997046767, -31.686404572170684, 15.039227949921976, -9.709313534584584, 142.63065766246316, -25.701955798448637, -47.38744184569216, 71.85992418058662, -13.225955832125672, -59.79525985371184], [-88.25794310946394, -33.95443997814219, -62.04688213445493, 662.9898514772269, 55.8124811877146, -122.24672295295157, -3.865130478910489, -69.42557671994024, -105.52622997454094, 38.03054579568773, 23.360930998570858, -35.12144559545655, -25.69609101684332, -19.79604804804979, -20.754953665650547, 103.23666480736446, 65.1129736164875, -39.267776113037876, -30.14514776351527, 53.78833654285972, -25.971544568191145, 27.32569093319876, 34.19497967332136, -59.01858271790121, -90.30346795406723, -25.824251013414607, -1.352272626996171, -61.300583232390856, 52.93293323374163, -47.61042011353085, 126.33247311169639, 63.44428359467368, 112.02022524710314, -17.72824679659222, 56.309920711071186, -26.339109931312496, 164.105423219558, -47.22516398872377, 16.39190837176362, -4.856804682893988, -44.53499707100249, -23.82209257384097, 43.0534469704112, -9.949421633922858, -70.48581013485101, 172.7336446465205, 38.79499343282131, -216.29093296665775, -82.48573902422602, 63.12891377120504, 51.06485444189059, -100.76531683966293, -19.784559627258343, -54.76261827855629, -92.86124311681355, 35.86151164037001, 28.5603382511276, -14.785302291694979, -34.878698234361565, -49.146019515485904, 64.17697331716576, -54.663512272178956, -24.58696446794607, 28.552106463198257, 128.35838945593196, -33.674730987724374, 122.64202562271767, 180.3024135475233, -55.97660460404687, 22.954769121006002, -30.287382147074375, 40.38364649477111, -90.38446319010184, -91.8564854409298, 18.136914407475796, 16.323703838710788, 27.916415274292486, 30.754534231236782, -95.92012502539741, -108.35939697854428, 134.81510407655216, 6.901781668647307, -31.870757083064067, -42.888078984251266, -3.7133599648549156, -35.8930792378189, 56.83066820744016, -81.71793011576787, -32.69736908552191, -70.83777958766247, -83.02947315690095, 15.13267920964163, 110.95565144394769, -129.0290134996452, 63.76319571607762, 39.16617296244759, -14.290343689076286, 6.757490717305363, -102.79214724989147, -124.18065110851552], [-40.079887769855226, -31.845716184554504, -27.0213945969587, 55.8124811877146, 695.6427120263744, -1.994619977334046, -98.56321093423799, -21.533102027542537, -75.65601266982358, 5.8914149090122985, -71.43844542571605, 96.49454012405384, 69.03556715245878, -65.31507270288267, 16.618480023564135, 24.139002306846116, 63.51688099181153, -57.27806791126844, -100.3532026680765, 25.80758646991323, -10.455391068113512, 32.009522047225815, 74.83891862346621, -34.67555172605229, -104.12508100960706, 42.48498678775866, 76.57667681619294, 93.81459734752882, -136.29523546732318, -83.07645118009748, 103.04843914953936, -39.914719410696485, -56.89129589366975, 82.70678610603787, 95.25512562873249, -66.22801158580901, -138.18852450714215, -78.81259731505257, -31.230955984323714, -41.217652967992834, -43.590220129782, -17.023729908760675, -66.02406885627963, 14.833262796112304, -93.32560992837334, -15.603296895628366, 33.4896420218456, 39.72044960606953, 61.26976143271441, -60.48682532322993, 7.701067636787904, -105.64581941380291, -94.30872457454291, -76.70259760114074, -171.62744620796389, 13.491390412640776, -6.113215113431837, -26.880454238453837, 91.81591619889295, 47.27716791172478, 9.957119251751598, 57.870446818843554, -21.627941153691395, -100.64870362802455, -34.78418152807239, -64.06452012459727, -15.0605810503381, -0.49121652965869744, 43.90347742564445, 21.21805779546382, 22.960102758578138, -13.160048598232953, -32.00420133558042, -38.33800645907127, 158.89472282156441, 8.196799245226552, 67.95445257051888, -57.83712770318143, 133.8227494151756, 73.13519832376707, -38.34060868559993, 116.25840705193453, -87.16224704215365, -103.79458047516835, 2.639498104071598, -90.66083537934843, 27.776236765996828, -70.53646838705791, -41.36831273398184, -47.71961693027551, -33.61648420756444, -92.70959206830979, 16.948570890468808, -152.90168312454452, 40.96921841542852, 99.17324013193874, -9.71471469945442, -5.211371149851622, 58.04708860037456, -11.533485074843068], [62.68785828295207, -15.824202710467917, -87.12483047080508, -122.24672295295157, -1.994619977334046, 844.7601583768882, -121.29134389542926, -17.379628336252694, -44.13586392661767, -30.410667709236282, -60.038007341106415, 20.955634436510625, 64.61372402232838, -48.52470104475703, 212.75230114169523, -5.9483794866260205, -7.944943115237603, -68.7158513816064, 18.980463053522126, -61.11192432961106, 109.15097833201597, 72.99622768133513, 13.604251894051343, -22.034326223942138, -28.56864711880745, -88.09709645248518, -74.71121095475809, 63.18139261724516, 72.86213763705804, -87.28388716566195, 77.07333389928817, -102.59475759849762, 27.275166800487458, 84.49681107906659, 19.821373061756578, 115.98648426363427, -53.80920994263078, -49.68835723689881, 10.90264838430223, -98.59850999618688, -36.44123695820481, 96.81248795664993, 91.04278269610208, 107.73226719140173, 34.087642721771346, 53.82462372346881, 140.20289129056818, 17.145230071991374, 19.92638648710356, -50.12978590602696, -130.26863707237183, 12.878355594095096, 88.60005416443693, 46.21693059401881, 71.80854415141971, -11.459738066599984, 26.10999523850638, -119.27593576620197, 31.842353595882074, 86.23397233401091, -48.44568279828896, -99.97654112577828, -70.87011622831771, -91.70319358961042, 4.900273617348061, 108.0927409431895, 138.57441404502114, -149.3747494386145, 136.26678708915605, -127.29128425300703, -16.7738541560061, 44.481334087344095, -77.50093854092948, -44.30454680218147, 32.91961184070147, 26.97273758663321, 5.29704732743577, 95.26683589626472, -42.682991154722444, -107.56746412587626, 101.04721348782245, 35.0967801190574, -72.91747971419655, 77.83611965837284, 54.23945838088402, 33.96901005743579, -61.23557022909761, 69.74477806439025, 109.4177560329038, -40.761450598546354, 125.33722171221075, 24.59428189885878, -49.81704288493284, -62.208457949855124, 21.5520245071496, 2.0202151935782604, 39.59543371372044, 67.90517822609792, 5.750745674815504, -2.1319473742464936], [-154.8083844895727, -78.10069979334124, -40.2918768618247, -3.865130478910489, -98.56321093423799, -121.29134389542926, 698.8855077880324, 224.65049046801613, -33.29903261101553, -97.88830867508705, -22.20212705699498, -16.529211761983728, -17.85700212430152, -45.296456662872465, -7.224489673763372, 11.17153923413219, 33.31283849806325, -109.55195379707607, -70.28081320232349, 65.76064983152808, -91.96863091809658, 53.79304710459767, -139.6053575744077, -32.835455428208746, 196.34164253242903, 107.28378324972067, -64.5471332837849, -48.73988499799307, -7.901767947060208, 81.59934320333254, -41.20876477005697, -123.93458375745436, -11.13327832119624, 24.836365676160586, -64.41641859888703, -9.935625563839514, -108.2232478552379, -42.328245682809694, 140.97110510601448, -23.462211547826247, -117.35825308478773, -19.11215858577889, 70.3301501712979, 4.490894861084305, -95.05893241952717, -31.362168518473233, -56.40867923319083, 132.92746668473174, -39.4862718142567, 16.968803396686447, 53.16085962056294, -9.602118231071609, -40.10727726259559, -0.6456708954373335, 80.44842441726733, 25.657959423165167, -17.34862741509589, 3.728828959991561, -119.20971058616584, 96.5627352000782, -55.3297458637295, -66.49921810763293, -100.6558097179796, -1.2650793264860951, 79.99738495800996, -27.750115961056945, -67.19556004382403, 5.615584116691086, 108.73216066592023, 11.690487954252424, 101.3189842547213, -50.24915007841036, -97.40089501585375, 107.06227156754215, -50.71195098721754, -121.28983577476322, -10.471624180885467, -39.11498636775986, -44.59102723349694, 33.038915031686145, -53.37080833301339, -6.851028794094556, 98.31404222457819, 59.09927181114582, -10.032559249054179, -49.133148873963854, -91.08828354215798, 18.873765479559047, 53.61841446090733, 66.72564056642669, -73.5478718027958, 66.87967416930928, 82.87580622607577, 22.065299822620005, 21.578429687642796, -106.47862295422408, -23.856546045556847, -133.461941767379, 70.70975237878099, 87.8791048579394], [-18.188483514444187, -69.82361087557504, -72.67245315055713, -69.42557671994024, -21.533102027542537, -17.379628336252694, 224.65049046801613, 709.6314371202681, 106.81653247216892, 54.75322516152304, -94.11352925055867, -70.81612575504509, 12.690333369399527, 91.16100624137404, -45.531138035924904, -25.900585972674193, -37.50392719367805, -2.077561919756001, 92.95458620939047, 24.620025729493676, -89.03951084621725, 101.55114246682247, 21.662797418479492, -70.81346185984722, 79.4180581201973, 29.038716558664163, 96.78866746410651, 30.69571333908381, -39.424632964098215, -0.7726027658801699, 61.07874299149803, -84.86492432271915, 5.426582681602929, -39.10744644765847, -2.5814178707703825, -13.988947345138875, -7.536912630200404, -113.5692042742732, 0.67977419601125, 3.4747507093447223, 81.56931543329219, 68.30851966995543, -25.38958910878159, 47.9418971183338, -98.29261371254609, -42.19937310307877, 96.35242856033479, 29.00513094123297, 45.481354642099966, 12.323059975467972, 36.18476810525224, 18.318693262967592, -76.53698364199195, 45.05650568592269, 8.21795149686123, -60.1179269835316, 21.132832943047827, -98.08977100281695, -51.56875945629914, 24.762496664683308, 71.1042664679075, -16.642324276791776, -80.71373811873246, 26.583020904493573, 53.87865348556227, 37.85992542179401, -39.680538416981456, 11.550670252990834, 91.96723626998545, -100.93137655242438, 28.350017899822408, 29.532765844518018, 45.69174273595146, -85.47832364745172, -24.97405965327021, -66.70341962551737, -73.3260230664685, -39.98946461301501, -80.83459283026811, 148.031493416933, -7.50121399296371, -25.27022155588102, 67.77302748828703, -63.19402535112946, 64.31471689146662, -148.84856841490975, -35.52328994370589, 75.35459664875286, -20.170502566587523, 83.44950446087707, 74.29861953789279, 163.26420716281217, 111.13695781880938, -11.792954088882604, 57.564866530496275, 21.874179460173746, 83.54880402611079, -108.17542751809748, -101.81111344481765, 18.899851034883444], [-42.378667599857586, 27.841995511563134, -22.789788681505033, -105.52622997454094, -75.65601266982358, -44.13586392661767, -33.29903261101553, 106.81653247216892, 701.41512577484, 222.82888838402468, -11.632363439375117, -51.10019586048521, -101.38291978061926, 68.06817816432408, -56.47226564188054, 31.654760094388603, -14.725543319523561, 137.3412020666282, 29.209198261081507, -78.19040780353994, -150.2846148849882, 15.288228913171025, 54.285279736102964, 17.50341462980096, -6.364038830257344, -65.0985736321987, 8.784883732601958, 53.828146703830335, -55.82030198048447, 37.89911115973346, -1.001217481296889, -59.2685086422345, 0.6659348988859984, 75.59840583549213, -10.681588841368857, 98.62147309097509, 81.10623574287463, 102.30626683823203, -156.4675889625216, 32.979271798699585, -163.13626564950013, -18.020086821941504, 0.9892709943871204, -74.74530349617648, 30.42411115687438, 34.34072037925555, 35.67930999219547, -170.66257499741113, 61.213771555983826, -36.06114703835701, 113.08481627401115, 133.42714257809533, -34.10224825905661, 84.72266390437942, -57.06130065667429, -91.3853100815276, -9.01867019540951, 42.067004503499035, 22.069434992590747, 47.06598302894061, -43.848836710749026, -10.2393445423104, 49.798308684835604, -119.06757838160607, 26.42390454992331, 122.96537107532623, -45.81352594552395, -77.10394731844667, -17.6704455218314, 18.379201431590033, 102.24553327311123, 68.41413740432503, 72.13394646678861, -90.19689785596161, -111.5843736447049, -13.04333802424035, -82.82376140486515, -70.15053261377733, -5.495602738231608, 32.91123235863707, 6.224645216322401, 74.7782700400471, 159.87454750348402, -24.024590033151085, -124.05435212840351, 5.35661220838511, 2.163597720923968, 32.38893977133143, -12.44868648868168, 48.14040453374518, 54.66065832786445, 179.9326430937847, -43.994944836417865, -120.4945857810452, 110.46731472031017, 122.53235966164661, -20.374133523743225, -47.92082914677962, 49.63707702134126, -22.568802977608847], [-90.65449026281406, -10.501471776674226, -84.27888196049614, 38.03054579568773, 5.8914149090122985, -30.410667709236282, -97.88830867508705, 54.75322516152304, 222.82888838402468, 848.8166472087933, -34.24959781345497, -121.5153408637081, -101.80225623063983, 84.40851515851, -2.557897624621143, -73.16306710538346, 1.389866373681837, 164.49322350597876, 157.98513934643438, 53.72625096368365, -14.334123020607569, 32.74563031288129, 46.18555053878432, -6.172860453546317, -5.341626419213525, -162.35405430963942, 3.8223410208150064, -104.36048987062222, -46.51233584483781, -41.480864759897635, -14.400884787070066, -107.46162518072991, -19.432867080987418, -22.52495891259961, 104.25917436960776, 43.607207776852164, 135.54419478670422, 70.21104433732783, -95.97997395370255, 11.28447833484005, -130.73448833135876, -153.49173540848125, 135.37695717983712, 56.127044537040874, -8.94189599061145, -36.00684432050233, 166.97838873092917, -35.54576969845706, -116.1227899951963, -65.44726527067075, -102.67363917870779, -21.079761356307536, -71.42275643538665, 165.4288589307844, -88.12342474592248, -80.14378590069477, 89.28385166573446, 47.18318397295495, 31.34144651863631, -44.719260274464396, -54.93902219114707, 139.00296070556416, 128.38888101240534, -91.17884344172033, 39.76132145926657, 49.280137896052864, -114.3161669202121, -38.25145887069245, -129.50341183484431, 57.771021742548335, -53.209000388170196, 128.42106394703774, -139.01677318565874, -56.936805099268085, 68.07515488941799, -43.96266156308364, 38.1555328071245, 10.545917535736894, 2.743236399960947, 43.73570670537217, -66.41892721536315, -166.0455296730976, -38.369775465573504, 20.627897133382838, -112.65690354972446, -119.47741397490468, -133.4398578466082, 79.70345441006812, -74.48598460887274, -16.935788785518607, -50.209388267946586, 78.3476129201233, -53.181111340110355, 8.493347239044, 41.77217235164477, 75.44073542017249, 20.94557604095618, -6.56980739689362, -80.73843378844859, -46.43025144159064], [-60.207897935568695, -47.923461960696784, -73.11371625247841, 23.360930998570858, -71.43844542571605, -60.038007341106415, -22.20212705699498, -94.11352925055867, -11.632363439375117, -34.24959781345497, 705.5044979179797, -39.30465584229276, 56.601776915980935, 178.49941678840707, -127.40181251675878, 45.54596247762472, -95.4813070715216, 64.23928624414968, -77.36420976984186, -166.73542112970205, 149.16695086027508, 18.10347049683092, 60.59032088934039, 80.05610689273804, -22.953332170523854, 5.298120795740172, -130.1435719753101, -16.183522067305415, -11.34728505727564, 9.58296890740672, 46.778019043212076, -149.1421150233048, 56.10531890901303, -183.22580792689462, -134.55652058372277, -55.25917547370758, -59.52634364520398, 96.10812101393563, -71.9101684363845, 11.595127763169288, -143.34223758774712, 39.23332266206803, -70.17164306319671, -42.46159769594553, 32.178159668784545, 39.50078919841151, -48.962879317198826, -20.942739140354597, 1.9396907579652631, -45.78983788866548, 6.809602628093993, -66.96619009820742, -79.32968351687835, -17.321619483747764, 10.54132962221078, 16.434166784590584, -61.877556810105474, 36.977007563648066, -40.7267451936007, -79.9780331516993, 12.699987280841354, 15.175564349259593, 78.39758811340354, 57.40923417723742, -59.29805221264459, -189.7492955187686, -97.75127986515665, -153.1099964472145, -7.741609600456651, -62.59080510968223, 145.1813396637505, 69.31901999484468, 0.20658442703204444, -9.090410459086534, -1.576902134273223, 85.10689252932067, 88.91456295246597, -77.16947310038488, -62.068872099084096, 27.33496621221935, 78.83500479701686, -107.27790598606836, 44.37687645124491, 7.7828156052510415, 71.33097467498933, 20.845409722491265, -67.69555431040708, -59.80701257590592, 80.47547122903005, -177.1195897944761, -7.699589509716162, 113.29314317750757, 77.3562561088489, 25.486896071796878, -218.56247845255677, -3.9267056226015025, 20.946453744502502, 14.675382607361525, -24.026750599598557, 13.657374716876637], [120.21532901263747, -161.5867848563948, 34.92616154145478, -35.12144559545655, 96.49454012405384, 20.955634436510625, -16.529211761983728, -70.81612575504509, -51.10019586048521, -121.5153408637081, -39.30465584229276, 741.3824455084235, 103.44029737328955, 37.40877450978308, 128.55230863684662, 29.951672754283347, -18.138422767617588, -66.46386386457874, -60.814164349945905, 35.20636704605904, 67.60611309593966, -39.508691617626226, 60.88506067536645, -137.22439376229906, -72.36217918957017, 39.974644962472915, -49.5621765095508, 9.974880924038132, -129.89240517733342, -27.43746923995249, 46.8310343288037, 69.21431595970152, -40.13831456626602, -40.94951745422234, 48.260897468934196, 12.558726489624648, 39.33259127137443, -38.994247182096544, -25.45196701199138, 17.580112878119795, 75.97143790794001, -15.872606381095054, 81.9891732059156, 60.586619640570056, 69.48244619865304, -124.50517830920737, -148.79020810639955, -35.70868566369085, -48.82454716902014, 34.36969920584319, -49.55395139897973, 78.43353356015572, -31.226675848103792, 71.55178566069357, -12.692431401416504, 49.553066506480576, -128.30870090348256, 80.47507903694394, 15.083008980438622, 55.61609570387967, -87.54454859824705, -4.8080591061244, -22.714686060571996, -2.982046353834008, 120.57121347275621, 0.19791498380150846, 86.93726627774457, 60.167444059658095, 80.34980202964927, 3.4638328688826285, 42.05647389192379, -17.74952073682613, -27.226421837449433, 96.75720493239474, -102.56113995447703, 99.14746516238978, -30.531419927673564, 91.25695612801015, 62.51500784791299, 142.06656901489848, 15.4395971985631, 70.58677033783266, -41.2336934591517, -1.5722634108868185, 92.15844361837549, -37.739013873442985, -25.108708801814316, 76.93755197637272, -202.00165751648424, -32.917471981885285, -16.550117207292292, -20.822358438968294, -0.1621122792166172, 118.41598482805743, 8.571398493766633, 88.08015965978205, -88.08882349131501, 81.0985433742034, 128.91271525513818, -107.86790811759843], [52.58674807584324, -15.654189281566318, 20.187791581772153, -25.69609101684332, 69.03556715245878, 64.61372402232838, -17.85700212430152, 12.690333369399527, -101.38291978061926, -101.80225623063983, 56.601776915980935, 103.44029737328955, 617.4491856806115, 25.254534788765415, 64.44770367532823, 8.69329314087379, -78.5878125769976, -0.3903533113606162, -49.15184187254287, -82.38445978042105, 17.967533687111466, -80.90012610394594, 11.352872472298483, 5.811854213109004, 43.31383348988464, -0.13037453819171807, 5.9143892176485355, 24.998650524141315, -35.785501856411955, -134.87909624314878, -129.80889707073993, -62.85773470390169, 40.94024398228398, -113.60820231287437, 1.9099211470971742, -116.76351153742971, 127.82880204279508, -38.13912915835504, 46.53082856912262, -42.20975311650538, 22.146215109754582, 19.064729532046375, 38.10001452288487, 38.664789168081676, 35.11112153712915, 48.97015068454293, 27.795555875251463, 117.05187999539135, -7.404502813725724, -139.9581057580864, -85.81762989446561, -21.250542905465764, -2.1386984145121852, 80.68694696855007, -15.359322075891075, -42.525203794351725, 95.94246946024484, -16.30963732073766, 59.06121444938129, -14.205277327833894, 21.083004324850545, 45.516084772159836, 30.598790982876025, 88.46790351399284, -89.12003090472369, 37.869955252261285, 92.733960716664, -117.2950211820232, -38.44530417573672, -32.12033467843733, -99.69993837352122, -20.990978943827418, -82.01132860524717, 90.90502415089782, 15.613625910414383, 54.234171430607745, 66.55190125300614, 18.83772914739257, 56.31225916791646, -110.70302785755759, -130.9187240192638, 200.9842766378975, 85.39448200619634, 48.75449038418391, -6.075142990546507, -23.82234674576214, -166.21914365588168, -31.770248537005877, 32.429960456946006, 63.397426585107944, -45.60974724048629, 15.131629491185066, -92.45941171258856, 30.203776052647818, -92.38151633882885, 17.03528434046163, -10.217222462862509, -76.63906990293344, -31.54067232154978, -15.188344856614227], [65.5453727441114, -7.681691736820087, 1.5307175986179011, -19.79604804804979, -65.31507270288267, -48.52470104475703, -45.296456662872465, 91.16100624137404, 68.06817816432408, 84.40851515851, 178.49941678840707, 37.40877450978308, 25.254534788765415, 838.10345821655, -147.20215643998284, 37.59410332665251, -165.74819405958075, 37.86407461012782, 74.31336719693981, -56.87120147417468, -55.223082116645365, 3.842353950212809, 69.87695225578157, 89.08524048713656, -80.14395227838396, 39.07814823661451, -18.611435726006484, -132.3474428706186, 77.40179420425933, -68.64825903131228, 87.4397382036246, -65.0432064228765, 86.06314236661123, -98.04342312131327, 43.16279287102864, -12.301296108394657, 22.962796148591142, -15.397821923249985, -56.071385206679444, -43.604911754879204, 48.67933999037685, -3.227640864449487, 103.96673668307322, 66.46557455204189, -80.02615482820454, -28.384277755825583, -76.14655721976908, -108.29534226556201, 103.47079886022664, -22.400450234547897, -18.470907130940613, 2.985392242088378, -110.63344398399825, -38.983410622925796, -50.18860456070532, -15.422283690575929, 51.299844142895644, -83.63372868424807, -112.88317152789594, -35.86952891456149, -84.54044241973597, 75.62619923875815, 24.811040055217944, -83.69862550612618, 69.41759736165105, 1.3214564199677237, 50.80526910652606, -0.32210687516815806, -87.66805089554089, -110.55404507212569, -181.0137938803352, 121.20863130361835, 11.252261078450566, 87.29861616219922, -75.73785045640435, -36.31334820115532, -77.89311433307833, -49.27655982495919, -56.72413016947447, 111.54105199924777, -50.91838025582313, 19.87453735733946, 121.55220325161493, 17.054314337459132, -102.47693133139451, 14.114125421911545, -63.5798887746806, 101.37544821956891, -71.44390935162356, -99.1400995406092, 5.881153481582359, 68.84832913235336, 54.35616017484657, 116.02398005390285, 70.78885125668775, -13.671446763695789, 23.39269422447521, 49.292027329275605, -20.734255875674386, -65.01125491853863], [-3.881737967216604, -19.52191459396393, 1.021624860551241, -20.754953665650547, 16.618480023564135, 212.75230114169523, -7.224489673763372, -45.531138035924904, -56.47226564188054, -2.557897624621143, -127.40181251675878, 128.55230863684662, 64.44770367532823, -147.20215643998284, 713.8227743801081, -26.425774490288937, 73.34615051303511, 39.25812537740449, 78.44223358714365, 17.60914601233208, -33.2402351208837, 23.609449350707237, -109.56865759937713, -79.61463045893562, -22.714451184540724, -48.109111334834104, 11.881356774664683, 52.83609893015408, 48.80826061098305, -54.1173755539852, 4.964884616466456, -70.35556005312557, -32.400495099744745, 110.79572354820311, 25.454978572335666, 58.346207452257424, 57.6500774256775, -37.436201277906555, 162.8696328506678, 45.714324133451974, 38.66158843549854, 92.90484670492877, -218.05075122563963, 137.80063488041708, 44.844541062519376, 13.951916066134501, -35.99375378862679, 1.2352182258066384, -72.82914232912927, 15.624084754201572, -11.193462676993523, 57.39115420111643, 28.731695961320405, 29.51285453308558, 104.8153353256785, -111.55966464243099, 110.71736808377449, 31.79373482594465, 17.251130811514987, 109.1849917423274, -53.468994297630495, 20.787409001199226, -8.205240887383116, -10.040044686314433, 58.568733451122014, 36.54519293087657, 132.26505579231642, -149.03387121723944, 87.33153432336115, 48.701818321776436, 88.29084640994955, -68.56158332489895, -43.41457400976438, 73.10229077160432, -73.62892852113146, -11.720426921970903, 18.40875658625433, 31.641795409367145, 51.82432961193888, -113.14209020053205, 74.99914460926273, 84.04279720538587, -100.74946338503487, 3.823361236370101, -108.00428558146072, -5.507872980938203, -59.788723475322136, 70.08001680039878, 48.893340919118145, -12.155291057811835, -67.91165553381278, -53.73907287145863, -24.70707713233321, -28.661719250592693, -57.338880526802654, -39.66096711432246, -44.75321774210918, 16.55485787130911, -15.898764246362662, -68.57174750029718], [-110.21513862010839, 9.961116844948666, 29.558709389213075, 103.23666480736446, 24.139002306846116, -5.9483794866260205, 11.17153923413219, -25.900585972674193, 31.654760094388603, -73.16306710538346, 45.54596247762472, 29.951672754283347, 8.69329314087379, 37.59410332665251, -26.425774490288937, 679.1753087622158, 17.359028127407043, -112.38825258208162, 63.17094242588314, -49.55684906115498, 28.622829202011644, 5.386625597472687, 100.4609453608225, 41.51656633101324, 6.233342707195294, 24.087503357712542, 85.88886720099413, 48.33491684288003, 1.3594564057676513, 39.42813980752098, -40.80626147735955, -65.9592718154011, 4.259454067332966, 6.189880307565976, -44.80263620950908, -2.888033368263997, 44.536821125041456, -91.38799848589213, -23.894411893210354, 81.6175833510756, -70.05657907010632, 62.59383296749528, 105.87052682719954, 27.729825766146732, 27.41321294379682, -21.35596313533775, -132.6238919017522, -17.407851322248014, 3.900496113103622, 92.72383420643928, -5.908897640488907, -59.31970747797081, 43.68198984119939, -14.445790517263571, 70.03197713422831, -26.3440575819435, 104.56237981440898, 77.71038757704149, 49.24307216680422, 7.390079681500203, 20.710986776652963, 78.94339048115357, -66.65395626807334, 201.29017002007967, -79.43393942730542, 64.92418219483535, -104.2392133208757, -67.76889108340778, -17.715885148553614, 42.77841070886958, -50.64993179428644, -11.095928414042511, 118.22802956552812, -71.87376263737126, 113.55809360074154, -1.6287814345444138, -24.830395483720594, 11.900877168387826, -53.709487574309215, 29.789212358600995, 26.970782690531728, 112.0560366287193, 14.87142296540513, 105.42425142446378, 66.43165259511504, -100.93272657313875, -5.403674623500343, -77.76621677605274, -86.89174328561265, -24.888393829280226, -209.0642330917265, -22.823171755882644, 8.069706753456542, 51.287630370150616, 118.73908369888619, -16.780077628385904, 62.6538404940936, -12.513185084306205, -37.663635626655314, -92.04549502506678], [-40.77264575736561, -67.78717165593908, 41.66165266740623, 65.1129736164875, 63.51688099181153, -7.944943115237603, 33.31283849806325, -37.50392719367805, -14.725543319523561, 1.389866373681837, -95.4813070715216, -18.138422767617588, -78.5878125769976, -165.74819405958075, 73.34615051303511, 17.359028127407043, 490.81528020531914, 23.458583254424013, -17.769098833611814, 74.91790059999282, -40.92280626470532, -63.94259045462829, 44.38414167123688, -53.62405322936991, 7.344851024269501, 23.53465844799899, -56.88372804502146, 41.11391119131714, 2.811734253519194, -9.796217249857994, 12.444204998367328, 10.250628917414582, -35.18335438872188, -19.18060467615291, -15.723053519969174, -94.26459866812222, -47.313649393539016, -64.08566310827844, 149.21096750496915, 97.27143220016427, -133.19588276880856, -11.605756647123668, 9.289566541208991, 85.50976381442652, 31.07763135586861, -40.05106109722798, 80.58612384623773, 45.7586325296503, 12.726393631843067, 67.74297618319173, -23.645751008037152, -37.32072973864901, -33.605526091726155, -46.629133816773084, -84.84389317773982, 8.117015251057062, -33.11082174952765, -0.32983802072245255, -95.53824697721717, -15.939882483292585, 70.18579160333304, -69.71934191351859, 4.703482051166132, -120.62262899125874, 81.23200456885125, 38.62211505894434, 16.253654483346185, 61.931086122396046, -41.02139802179372, -29.992971549532196, 57.85894232814718, -40.816703292183064, -105.49705066098493, -35.782143327764594, -12.08311632687168, 136.93278364638627, -28.87330937877409, -18.83980095815552, -66.38905897195244, 56.410558824308254, -0.4549901201715485, -14.45022787005566, -105.25612664662378, -36.236919524166076, -18.961222531164193, 21.337640169011923, 49.81301041021674, -65.53727464628798, 28.198593640730873, 44.14513433739563, 28.79802080515513, -46.05140317547199, -39.69283115183354, -9.846705751674872, 188.06141047542596, -79.76886716233189, 13.14226838789823, 7.276075604073667, -21.353086846907544, -1.857806759323713], [-32.46233941674294, 48.33964333837158, 47.77526649058572, -39.267776113037876, -57.27806791126844, -68.7158513816064, -109.55195379707607, -2.077561919756001, 137.3412020666282, 164.49322350597876, 64.23928624414968, -66.46386386457874, -0.3903533113606162, 37.86407461012782, 39.25812537740449, -112.38825258208162, 23.458583254424013, 656.7765560980007, 3.4712822940440686, -195.46370821313496, -107.43914183223839, 99.18930593299865, -55.4292384879974, 161.58106318616862, -193.84332436357744, -36.90721677324914, 24.68440891253193, -54.12894602093581, 63.808399840351214, -162.3212626771266, -86.13420749105259, -95.78469879550718, 46.29948666994839, -49.44950214089777, -30.135384575245265, -37.43359088877213, 33.535920149227294, 12.00877871611408, -77.61812915124838, -32.80012216608775, -47.801196680510266, -127.60609825877741, -66.74405702448293, -23.78264764858707, 20.732270827938642, 75.55650729478228, -22.548413621550836, -0.6597115862513901, 70.36142598144633, 0.4098893301519868, 55.00885819730949, 2.117132544523553, -61.662736541370606, -24.53809755695805, -16.699974840813177, -41.248749475665235, 35.19979228073272, 19.627647894015652, -108.48636289960652, -80.67459741345593, 13.929635693689336, 16.48399825127677, 111.06895295008057, -74.65769665980746, -3.369688969824347, -19.687377319398447, -100.86973792486248, -59.34483184558973, 46.18516488600302, -73.93269057701248, 119.00329214097364, -11.479909751288679, -163.21674817692744, 139.01473533212516, -41.0757415092341, 15.861843928836944, 4.402944359455806, -9.074552240057606, -34.32207048812106, -46.83135881269411, 45.19402517719987, -93.7321369798645, -66.7928254091688, 32.986819193755885, -70.84293540634656, 19.18997770005256, -0.5433390580211155, 39.90937157703062, 91.01925180119015, 32.13341137915799, -97.76963824794893, 24.667865892135488, -18.01869180319607, -80.7058325545634, 57.112019736650836, -34.80793568208972, -97.32509406689361, -36.00364988704594, -10.465776030253043, -37.276333324284444], [-39.583521890693014, 12.001052602964212, -105.48415611123987, -30.14514776351527, -100.3532026680765, 18.980463053522126, -70.28081320232349, 92.95458620939047, 29.209198261081507, 157.98513934643438, -77.36420976984186, -60.814164349945905, -49.15184187254287, 74.31336719693981, 78.44223358714365, 63.17094242588314, -17.769098833611814, 3.4712822940440686, 574.2656065451223, 32.61060623674031, -11.30128518541799, 114.84462902149333, -2.7953261650605783, 23.82267284738006, 107.49073491798985, 5.951748171998991, 126.56666818932423, 37.458927849231806, 123.4374703320853, -13.270243702093033, 39.887807160520495, 63.04632794345214, -55.91213147654585, 2.1396061729052587, 22.21594737481635, 81.64154944598081, -51.21870480650088, 5.4620892757809525, -1.311246496881705, 100.89844925880911, 106.00792792352327, -22.17355247877883, -153.6735216917764, 52.41116015450896, -23.161465048436554, 10.406280397406098, 200.35304617399677, 20.009023739012573, -93.27303619291291, 82.59100790405193, -22.083918586629775, -109.6050134027304, -39.893813485676695, -49.93201750620625, 73.01189132471345, 33.01700719811319, 112.58338948016767, 143.87309922888696, -130.25861434156704, -49.20069746787722, -12.870184516347406, 53.590872656502924, 72.24635380196908, -88.43651475509316, -3.4927204149825313, 4.554545998994817, 14.999446831569283, 66.21701357983056, -51.03332929790782, -73.12574511236215, 55.65721844781806, 16.66614430801647, 10.494612126730768, -45.477061866250544, 34.52532671724746, -5.883749601098362, -99.07510393365565, 46.39218814392936, 7.413363754537851, 60.095600816467915, 10.639305458228138, -49.18136845285126, -21.224338112467095, 99.50908891684479, 19.468496826414903, -37.29525937148216, -55.03990327917593, 68.51080107198636, -110.6733717526139, 29.972441627647722, 9.105856860908398, -46.015471786393434, 54.244016928109545, 89.63574631074147, 56.11331800878494, 85.12472556350562, 45.43601278052055, -16.400812460029673, -45.51454834979113, -45.646613263427504], [-60.48480503134763, 35.63016669581514, -165.2492035656132, 53.78833654285972, 25.80758646991323, -61.11192432961106, 65.76064983152808, 24.620025729493676, -78.19040780353994, 53.72625096368365, -166.73542112970205, 35.20636704605904, -82.38445978042105, -56.87120147417468, 17.60914601233208, -49.55684906115498, 74.91790059999282, -195.46370821313496, 32.61060623674031, 851.8506315746068, 124.26177816422386, -145.95001835782267, -4.646577774850734, -33.75251590416277, 144.9127365430314, 111.54160162496801, 95.5958944616832, -11.440016248186502, 80.61867237228425, -28.39147640630319, -23.554079737864647, 46.84778676826798, -28.13187756225863, 114.14161710853439, -39.062517562311385, 91.4841629302307, 84.02404578385303, 36.27000662461786, -2.7159431791535855, 88.38207881569386, -3.823888776112533, 17.134848163907463, 118.53047546274188, -64.62017936557098, 34.86993757993912, -101.63744860573433, -74.95865810312404, -11.033628148648923, -85.00426466874157, -65.90946174277038, -71.44809392066645, -78.70490065896729, 25.162668800743553, 17.282116452817583, -34.94295689946512, 32.365978803092545, -42.16444065999514, -16.89178462866314, -5.204900561835929, 34.86725224008372, -88.17657590169777, 56.647632745292135, -14.795098827989, 10.523701213304728, -99.67897925384631, 144.6955423100064, 171.55442020512837, 93.8754322776994, -41.367955432675245, -87.78835474961605, -53.912447597658165, 22.737137350380443, 14.37266737957663, 7.081149014941673, 4.49754530500964, -6.81015963990321, -8.639863064199714, -35.502946552144955, 78.83029612851304, -54.980828672552086, 8.043514649965832, -82.96111327648401, -124.57331903340709, -135.7248110144381, 48.17214734392834, -39.48562708209409, -65.37136333439295, 10.568147187339312, -132.96369592277676, -60.191941423402916, -0.4487548641914694, -97.44163881880591, 160.84455216773628, 35.79477877685417, -5.56440141597302, 181.39215332687243, 71.01179856224415, -3.3239597548085325, 103.75761891055244, 105.27804305417317], [-56.61237535178472, -20.301995898239124, 26.869888800779687, -25.971544568191145, -10.455391068113512, 109.15097833201597, -91.96863091809658, -89.03951084621725, -150.2846148849882, -14.334123020607569, 149.16695086027508, 67.606113