{"N": 100, "M": 7, "A": [[[1021.5933528032674, -15.253833920201723, 118.22309095131268, 145.37473318797754, -101.53149820253013, 70.10451511319262, -81.42501730771994, -170.88094559331356, -13.76985527760584, -151.61688321533063, 31.7515498892047, 29.477370224444073, -67.33131901172516, -57.54960311338059, 102.88879213864111, 66.35676237473622, 20.696496240088614, 67.28747569517266, 2.515249756525092, 4.226953251185671, 3.8388537121095845, 73.26275380785572, -41.01542430527087, -38.28471859885402, 5.154556361006074, -60.18611388102562, 59.621561504256896, -75.85805771440911, -48.51419129622192, -23.204833044366126, -20.026657414899734, 170.09193542741176, 28.882079578782424, -53.73135977086138, 1.7234097648807831, -33.72233211838575, -81.22725612077213, -95.28871669642129, -12.093206235916917, -63.22277099355795, 14.537775958020527, 88.06428177274258, 15.244008587563846, 15.239541139502292, 47.8076032081426, 53.243757099526576, -53.23026617035195, 2.0794510228767513, -28.650647301525968, -3.1644072516959394, -67.41534685408553, 210.6266065798604, -75.90693947091833, -56.42547331231627, -105.81775536347111, -74.7777284629263, -5.705673891988407, -110.61404910122704, -93.83956974086426, 35.94570364786752, -48.762136113653234, 76.59378704120599, 46.47215672532737, -47.22881525427149, -61.756229136205604, 2.426925406773611, -47.41449053174, 73.2661189252672, -31.955288511213574, -83.82383192389874, -32.378559113561764, 95.50906337016838, 42.47021839625235, -110.39138571607626, 60.19525277995348, 49.26268434824852, 25.956577789248062, 16.405815728089586, 0.4482381340157103, -94.6473016459454, 37.37135461426561, -11.263001118602034, 69.0042417782396, 80.11297127639831, 42.25090408719327, 115.04566664874996, 67.13780048479092, -46.72443790134814, -16.552102936134595, -49.37701953042372, 77.44039663553636, -30.185455757170086, 121.77968462532355, 3.403747074847614, -110.02789365169075, -2.414101805834746, 48.42419572753043, -85.74065393261947, -90.75057498150983, 0.6165539608872975], [-15.253833920201723, 1045.5319406444387, 113.01485827576889, 57.68183455658385, 35.33171110581867, -65.88820048122923, -251.84592582409167, -10.08829172164471, -82.41226624813679, -36.37125158981411, 70.18700576286626, 67.98124274295202, 8.621319475087462, 44.1212708029428, -52.213012088933645, 53.240612002200336, 119.36291320169617, 29.638884325740868, 0.9344980884411249, -27.792445457080852, 75.68094728501511, -120.26169222164495, -51.51351001325065, 175.74286764742027, -40.17508286975617, 72.71169691038942, 26.420837030901122, -0.6536749230082243, -113.45786113482268, -74.38220889643223, 74.98086156469614, -84.41911099731401, -6.49947993895998, -63.44571638985752, 112.76542558835784, 9.566704461453277, -66.90411058124404, 86.48462123090451, 72.21376849471903, -17.28827836590508, -34.2763181071023, 114.82122087839866, 152.01559662216704, 160.275541489615, 112.22432191216558, 121.0428492272475, -45.936747157009, 17.0772442469836, 152.30488294961958, 109.66898124619381, 15.26514555740124, -106.76527045245199, 16.71609503611139, -102.26024276415437, 45.84154434595641, 102.05718909851197, 56.81343376853184, -0.3428726377131067, -150.97117195613103, 159.7127905792683, -10.859057771956156, 79.26564520656429, -23.727504545220444, 158.1698398158367, -95.07846473298189, -85.85481056733084, 97.76273216710833, -97.01007050512776, -25.234434537056227, -13.469643147857823, -129.33659125713206, -23.986048779391968, 24.679278863251092, -113.29633294531911, 7.219862014463954, -23.377179801809245, 15.08694779875943, -18.63013400917755, -0.8552355958336961, -41.250646204197494, 52.94842341951539, 91.38294820044528, 125.33442624726648, -202.61769514724764, 88.85982146774077, -39.502007690377326, 231.40485604517198, 32.54475009110012, -9.941698393416733, -141.79122975461465, -61.411412598582324, 147.3910163837523, 2.9753089540520707, 58.24329968143047, 98.97986722403165, 0.6918732740036801, 62.5689961610024, 0.5118759958514949, -0.536846912917123, -103.6016160691686], [118.22309095131268, 113.01485827576889, 662.9217293030038, 45.30816509573822, 8.31942244735167, 78.4906752948943, -131.0299081679274, -3.6225505934334596, -75.87122580138227, -55.350483777640406, 78.4287170253892, -111.04276744175161, -86.33555965343163, 159.38974478886988, -37.3310346138453, 30.228779312055885, 68.80002115863259, 83.50399939700834, 96.86067145017196, 10.920534130702894, 31.966058233849335, 2.28403024430678, -84.5832648778685, 101.10453734068895, -11.491249904485715, -29.71428853592299, 52.953527238556376, -11.683071970045788, -12.207406502095713, -68.0130464865791, 56.23531143829268, 75.72979410805112, 61.811035741477795, -57.072654613445, -2.559817593366773, -2.25251388074528, -95.58305838927849, -88.52622841031689, 38.879898171077855, -4.410264938437846, -26.177208866710018, -177.20149729079003, 98.4577825038721, 27.790639806378884, 3.958356311244046, 35.26457435805379, -133.09509919028082, 80.87825755161022, -39.88984504570329, 184.12593250467498, 3.1627571879956005, 63.4461910802407, 46.85096038677845, 13.527655886488889, 95.31912697140982, -16.46607743882147, -44.3089724088445, -26.756039425120353, 54.05714979563023, 12.813488419036304, 70.98300322011141, -31.53309117840599, 14.710546827201053, 11.275777928629259, 92.22862508033576, 75.0040808022385, -94.9566369942938, -7.034279736299398, -3.0441199708152804, 22.65636112939383, -115.77027040475703, -113.42779700985871, -103.13933937127462, 102.51610416004331, -64.55352256353389, -93.08698149308613, -48.56514531596926, 15.53132113832043, -15.105451796245415, 83.06973832072023, 43.32908759620327, -16.78442197203394, 54.51828336766485, -66.8131589088089, 43.30569477862623, 91.33036583853496, -39.3722582378705, -2.411607960815598, -99.10266465028712, 78.56434350467929, 20.150375905623346, 61.28420648825484, -63.97659569827827, -66.61056163171065, -42.7484300692062, 53.72812644743887, -102.28996225224564, -81.85860268545471, -61.638234067948765, -91.12699874827216], [145.37473318797754, 57.68183455658385, 45.30816509573822, 898.8817529266491, 79.92998403911346, -16.24119381589226, 144.38116753330735, -41.69644256531105, -46.499474110056674, -31.63214028162964, 122.25157635620408, 137.63835041249277, -24.47823925671097, -40.76977940098451, -189.15212609453323, -42.140022318581345, -50.882837289702046, 140.87809885894885, -105.29277472686712, 97.40229565783464, 74.66959607140653, -8.404092858624205, -84.55597971839921, 21.80865524708991, 67.60850988130238, 139.91969973534293, 41.939117765898935, 109.78768039098127, -118.0975131349216, 112.64170472612757, 10.550958169365675, 40.72864954200053, -43.444468241797665, -54.94879717237693, -70.61270634530321, -9.511241666953389, 71.72380415677343, 14.735740208349188, 87.45227274494793, 156.9324857504839, -37.618523636121694, -82.6205414012828, -37.632652302849884, 79.60816152697262, 101.5369588462765, 4.608981089090599, -23.456720302613537, -81.82121202831172, -194.46302297578788, 31.549925144803503, -74.27543983469404, 15.657455645468536, -38.9514391618881, -54.407562268907725, 12.933748928274019, -27.43760731032065, -33.30308971347239, 92.93116529561958, 3.9971094160969973, -67.32035638193197, 12.00463159574545, 117.93573332680432, -40.36694461766014, -69.65880530445595, 34.61099629385077, 41.510993500092155, -88.56987944235213, -58.21798272932229, -40.526022767077514, -30.303358044950034, 31.213633063378598, -91.99747606354207, 18.652189571559376, -23.738273913748873, 3.2698065444534983, 58.17585219311236, 58.672012460740234, -106.22137904366399, -36.13841032592799, -3.5476427419592333, 60.79678044703279, -19.153227249474615, -1.102955939988354, -69.4722582393432, -207.51104073143884, 14.88022287493802, 33.44045139634581, -122.19547659718344, -105.7870542895414, -45.15768424140354, 102.71531680930134, 36.91873689897655, 29.03293320950942, -19.866163994286808, 16.246799087491112, -8.151916489048503, -46.771464141012544, -93.73749105222328, -122.05990789624006, 9.787500370446997], [-101.53149820253013, 35.33171110581867, 8.31942244735167, 79.92998403911346, 970.4992038306908, -47.842990412354474, -56.635355894134975, 43.05221238097401, -46.50924717196366, -28.81749507950757, -18.49838416271599, -104.94607587556244, -29.620958576341735, 21.40199058636233, -33.10591933046878, 93.5436971064017, -77.24749542478051, 77.52009416376293, 109.26864130627304, 113.14973910176975, -50.40182494583574, 101.05229957000181, -18.805357523616202, -19.49864564569116, -47.42086288933806, 39.071912636103335, 96.06726605813594, 66.65461165706644, -68.59554799630801, -92.38259200216619, 24.444867664976133, -59.59932856903944, -75.48713369851433, -56.19482878971479, -63.534672578865674, 16.1513460600803, -115.24213626047118, 48.743440991369816, -62.1727146133293, -6.782873513648055, 43.61866525121775, -38.207306455333644, -33.630696289784986, -95.67579824016407, 109.60960502354722, 47.52897727677108, -121.25111306715225, -145.52412335922023, -99.57897622617949, -11.67664942079222, -57.659863930651554, -12.188925619125706, -22.29600487993842, -30.356416463850454, 146.58430533858981, -84.71078521227713, -39.93235724303888, -150.3764453777426, 33.91532527919877, 26.13095988138983, 38.03260224831853, 44.155146982381034, 58.85442155530015, 24.65579076255308, 154.09974586539664, -34.150322463447964, -13.12364637689029, -21.244444513833784, 92.02519446823867, -4.302399479178816, -73.8909638184277, 199.35696487096413, -39.64792149795531, -101.85644796955606, -60.76247924439199, -25.720120473485366, 34.73022812177231, -23.927160467927866, 46.91244791760095, 54.711616186292446, -152.63724926943178, 166.47692317766825, 40.785695215304, 105.47686826199346, -64.09279428799414, -67.40062228958374, 8.57520997742011, -72.65227965590734, 7.086168761335184, -121.76967624348337, -138.59167369383326, -12.792354130688427, -93.2445695295039, -57.25600966635561, -11.165909916120645, 32.57995617022909, 35.4076213143686, 47.35291155830521, -108.73277724274902, 106.86392471356073], [70.10451511319262, -65.88820048122923, 78.4906752948943, -16.24119381589226, -47.842990412354474, 732.8662967090324, 75.72514092814404, 46.42824838045517, -29.90476998817213, 49.43316078109713, 44.19776605240731, -7.861564325294732, 11.231276155273669, 62.97219120485363, -117.75120646626164, -44.505228513026054, 19.29684386064881, 79.4432585461682, 59.07563397193458, -85.90749437459155, 152.23352742438047, 13.965346717824671, 38.89274744128271, 45.18726670111848, 22.411423111348487, 3.0220156477578275, -45.31679052619681, 5.505847885601457, 92.63313299267998, -7.71674790860869, 45.874324411140215, -1.0602714379041005, -39.43085418285644, 28.171549117095598, 30.040948543265955, 46.524245143655385, 4.328993502838258, 85.40773382655453, -106.4270277119677, -55.10983591450608, 75.46060717143541, 43.43479594763066, -9.763118540665221, -196.04081334599695, -29.935729864241587, 51.24041754427103, -10.230970311663727, -1.4554918079701893, 56.970751491183535, 22.802080641109384, 33.43449560420527, -5.767158344056253, 81.35078782667091, -19.779317334203174, 27.442901408388128, -0.3273016766421799, -120.769034490011, -5.399369695751861, 66.78636504505185, 26.133017718654372, 47.73326496096901, 103.05003605782474, -104.56249051716128, -27.732001833941684, 55.445071681101794, 21.39121643839917, -65.66778664865856, 40.65691277071379, 102.70725813885893, -3.087212461661462, -11.691704401203161, -59.88811869554759, -11.978589375122215, -12.948777464943486, -28.86538756200957, -49.760820551174994, -81.50535224934545, 47.727852424677444, -39.39408112282615, -59.64629560274182, -3.988080477865962, -88.52311686216207, 113.0332487333769, 43.397224450959115, 10.413236008639368, -7.828996944209747, 5.001444064629432, 44.33289267513909, 61.62372975083332, -73.26590629992711, -59.41285349781736, 60.381113308443894, -55.65554551837588, 51.67768088738932, 28.507405842741477, -40.9138765463484, -144.02550899034577, -39.34956588874734, -70.67597717192169, -126.93966447515098], [-81.42501730771994, -251.84592582409167, -131.0299081679274, 144.38116753330735, -56.635355894134975, 75.72514092814404, 1030.4361109892272, -158.87937676451094, 19.447571542036712, 17.41612161377266, 51.83817237762744, -112.06605122612535, -134.86944583234174, -8.441434218517166, -78.14553698542808, -175.8407125720051, 75.48278128166356, -124.10168134000807, -37.305617892721486, 74.605103191719, -0.5915919226116761, 48.50492883439652, -87.04946133318609, 9.57303674862533, 15.917967982141121, 119.48125380668932, 68.3066597314536, -8.706096725428415, -10.643887009853296, 264.8719334322093, 45.74920709285719, 25.077564139749317, 63.41629059856096, 51.80848623345174, -32.29387424867102, -117.53016308323605, 157.08580740802586, 141.1199586347856, 13.641147010930707, 10.892568833711236, -2.2074002863611804, -25.781131809760787, -35.45808158779066, -109.91939562772467, -49.2377180983233, 22.65562368152214, -59.01945547815655, -77.40265801312123, -124.5302318255094, -129.9254976686836, 126.59629149832557, -110.84368385869688, 81.28770864777995, 46.080969128405044, -112.08595542667678, 116.99922578476385, -124.58164945922752, -44.37177534496802, 121.29960024882648, -78.21826835228455, 92.17712992184158, 35.63950815017798, 67.58218865508404, -61.692171661280895, 85.96405458050013, 13.595285222293791, 7.199385692028886, 128.77755870316696, 13.025578203125905, 24.351398680033828, 11.131623421016837, 124.02137613064197, 8.073147670642548, -104.56582297819989, -35.66838563186416, 77.0921468066093, -47.13252450035514, 4.224300436942198, -59.09421125335045, 76.71795466522343, 142.79329308912298, -32.94186876074056, 2.835781335272764, 46.49219680456453, 87.76057678446841, -68.45819541604394, 81.2647533828572, -38.62400785533482, 11.50637139492779, 124.41711228999505, 25.086021594614635, -147.24746143905372, 43.67298568142766, -30.06150087287485, -15.442525466358306, 207.20258606559108, 40.275319979305166, -46.52800020586505, 23.863455195733742, -65.94520421615927], [-170.88094559331356, -10.08829172164471, -3.6225505934334596, -41.69644256531105, 43.05221238097401, 46.42824838045517, -158.87937676451094, 826.6669403856903, -96.6721719186374, -31.721111263290467, -36.881297577601956, -35.208921752429255, -72.58406821279941, -15.260988966144856, -11.372604600586307, 55.5827210593078, -45.04239049458792, -147.72880531449493, -27.048510577638396, -17.50985533832243, -64.14148633072548, 66.69434102893459, -34.036930305826345, 58.579662105915844, -96.00673393437732, -80.45212068598035, -121.55807433784601, 24.743453819375727, -73.16648995194258, -127.05692522750309, -93.04222451675473, -22.09725414221175, 0.8398095560832687, -2.5155795798571945, 23.078944312574272, -109.04825677436769, -158.6391989285963, 17.56173424618437, 27.368036657027595, 69.49820561846336, -81.68399887150599, -43.79200794052403, 37.08842355159092, 199.42583869115887, -68.23280670440298, 42.20764060832734, 20.45199310855503, 71.99449692351033, -7.38945683077125, 104.69513689175702, -2.8655461879797643, -51.178765432720525, 155.15299617794577, -80.49782314917653, 16.67225342519967, -37.736519934018894, 16.244466882560168, 70.50782171692846, 3.2563540924715118, 24.60928091090737, 98.85975544071188, 10.363254093733707, 120.6255419797083, -36.497522469403336, -84.99014844984626, 73.06362607804645, 39.45267219652311, 3.8666008329455144, 24.39104768577374, -22.05476582600153, -4.001586867394089, -16.132496984393256, -77.14698436815274, -13.37295853938006, 52.24961854159262, -89.99161600758549, -147.42616319130428, -63.4125473929146, -29.94221922476331, -50.384574239902655, -65.03497283650027, 61.4740288836285, 35.981633981696866, 157.65980708088588, 46.251819253171874, -88.50810919741363, -23.721119051078695, -39.829182185062855, -60.38232123202509, 69.88403158430464, -104.21819885918305, -23.843635819986016, 69.37722617977198, 7.406252892492549, -105.4162335593854, 12.01821446582553, -8.025740110369133, -33.78974031754745, -41.816153701839106, 72.37092736960821], [-13.76985527760584, -82.41226624813679, -75.87122580138227, -46.499474110056674, -46.50924717196366, -29.90476998817213, 19.447571542036712, -96.6721719186374, 859.1557976327127, 39.71841420116266, 65.80103115134926, 91.4642127853108, 71.63561941839413, 153.23806409909355, -84.98731043648893, 160.49228598902394, 160.07985445033955, -7.0304721385145195, -55.21897588783191, -116.0870985918818, 19.942318830665528, -83.48480259242808, 0.9444147911138672, 9.521455218884, -9.910829210185923, 80.99813577065852, -59.810226818603155, -119.21455458905041, 61.91935564239133, 70.09532908320368, 11.170541102489594, 128.1272347527375, 86.49434874046695, 244.91305795878466, 8.171935195805156, 75.60509073982904, -20.725339783924678, 22.11699073515911, 66.56829786738274, -45.94438888674863, 62.09390972809262, -50.425199931816614, -24.829783871139668, -87.67198372752858, 7.663552936107433, 28.877123990522904, 17.113325065360552, 14.552303326989703, -31.86573050284789, -63.86725084627312, 109.72546789846666, -8.206775117526686, -139.03677620059955, 54.48941936951119, -48.75209063863465, -79.96823815659971, 8.617232701176192, -109.39380010661894, 89.92774781665199, -22.892099169299062, -10.004278815020552, 102.55598368523776, -112.96586728286555, 2.6249308294237927, 71.65886755198741, 10.78138789565504, 64.93810581345767, 64.85490109263613, 14.329455804500746, -74.84382690788028, 110.66079896604835, -55.76793658040306, 111.05538981141329, 51.276831559240556, 0.33699207796973846, -23.115438116660123, 89.97981612932455, 109.8038234770195, 4.086098313470516, 11.715263576137236, -8.63897205638011, 72.27070408614638, -169.61069674507903, -78.88204592249747, 62.82615413840806, 63.72827855320184, -69.8746435467859, 79.12172484482055, 94.34451583208549, 126.50096931680451, 6.282205504902699, 18.804710326416583, 15.532243348295946, 89.43828489973167, 14.812479538230882, 24.043835206139935, -7.549565284776049, 58.119629516370345, -45.92511004945341, 98.11849460168592], [-151.61688321533063, -36.37125158981411, -55.350483777640406, -31.63214028162964, -28.81749507950757, 49.43316078109713, 17.41612161377266, -31.721111263290467, 39.71841420116266, 815.27217406048, -5.24741030301742, -2.6830280469669496, -66.67452591617372, 33.16148044206596, -66.32677572774107, -16.290988085474392, 24.32140579062302, 6.735215864918649, 93.07956935393467, -139.02920325139232, -102.98945506718505, -114.47723249461596, 45.370412768003064, -19.41890195840656, 120.842026646038, -12.686412896831726, 18.804704753235733, -40.190009649020155, -32.80508190803331, -54.288212673397055, -85.99984607292217, 3.610718247487515, -76.51163218186535, 90.32473620508371, 34.002506618287164, 21.936852676873276, -48.00800582816673, -135.72671709166204, 92.58793879394176, 44.270143423649365, -32.68963809943083, -103.88580351173539, -51.63435585148584, 7.525644219990621, -6.2052544122585696, -60.256616204905555, 29.10015070361249, 76.65546365956456, 64.79958204933342, -36.36570184618692, 69.56466478525847, -49.4296899722824, 24.167919704431988, -10.305257443589504, -11.651142185547316, 35.75199412834643, 31.560461594747036, 91.47529952828138, -38.39479287830274, -31.036681517407807, 21.342932820510068, 182.99655106879197, 29.044118030111296, -81.23620011218179, 25.7371801604827, 110.48668055182938, -61.33750511844558, 15.782428478321021, -44.48606153259526, -111.41242489001482, -14.06469171234299, -26.136870071666817, 0.4337363710831401, -48.68413938803376, 9.290908177745893, -74.60993805048703, -130.07843996198054, 14.217242526848874, 7.892456180145768, -88.70512831121411, 61.461096054962745, -92.69017447488109, 213.55444570850517, -39.02594762402779, -63.995995600627126, -109.70362082201015, 68.47830651121657, -31.29595835864792, -1.2633953537156117, -70.97811592125016, 22.284001100554292, 173.2536413612643, 30.019764378613363, 16.532811144830774, 31.03552166402302, -114.95226821686943, -59.67600462246763, 150.45185059053617, -52.884938773013026, 103.45797003102375], [31.7515498892047, 70.18700576286626, 78.4287170253892, 122.25157635620408, -18.49838416271599, 44.19776605240731, 51.83817237762744, -36.881297577601956, 65.80103115134926, -5.24741030301742, 893.7868950337601, -23.992856793664785, -17.74163086780357, 89.11699443868591, -79.11336420415955, 81.7060993520242, -19.9469677776696, -141.15231659618848, -60.73933999389564, -4.005547934750856, 40.49694501717027, -77.2211691877582, 88.81300108834508, -24.183007911996288, -77.87659820126828, 74.13194512697021, 93.82402314484321, 43.777775022495916, -58.334707767852535, -57.09841980014269, 35.954517461741084, 39.17162950708257, -70.09175434533378, -201.578198836193, -21.750346600679347, 1.0591470558727858, 16.98402062273205, 108.29158662924449, 98.33562143880943, -157.89058457442144, 82.30405253153567, -101.16558027771761, -81.88358468350859, -25.655928653421018, -44.28193644822124, 98.5668334158226, -52.74554648297903, 2.3996233480571436, 115.69556138605701, -6.898292891433183, 41.619713807342144, -41.3270473901939, -56.460517058875055, -14.397913833820349, 67.73480185781126, -64.52304490910286, 38.535398046636104, 43.51743414191145, 33.112949978399556, 35.87872837036069, -22.277812620860157, 147.85870433696087, -58.476614094936366, -33.7915435965523, 14.61581589195484, 58.50728909989886, -50.89973334068788, -1.8576946677564938, 9.199347957020695, 120.28383516093534, -13.495464842400702, -79.01613765376115, 51.23680140300468, -1.011113550822506, -9.844722562279289, -1.5690118414150758, -151.64575673460223, 19.3302538434955, 169.37836996348443, -42.26355845869432, -20.967858337458782, -144.13124726285298, -12.604635032964039, -0.7226234888056657, -27.457134791482336, 12.209153254531023, -18.167869242280652, 8.12363470537353, 85.59304896403765, 116.0270910684493, 13.603479948768314, 49.506853996427786, -9.430097004124228, 40.935882535665684, 48.5514082486693, -33.96412145938344, -96.04122019115425, -60.78699473107157, -31.239893550866572, 28.75277157513763], [29.477370224444073, 67.98124274295202, -111.04276744175161, 137.63835041249277, -104.94607587556244, -7.861564325294732, -112.06605122612535, -35.208921752429255, 91.4642127853108, -2.6830280469669496, -23.992856793664785, 1093.785929901106, -5.026322371873814, -119.57129691296534, -14.163311329613617, -23.680385978805845, -67.47994218581478, 88.56349109693207, 81.24707161329398, 82.29251979822463, -72.57218659173397, 100.47173749361635, -86.47373286973566, 132.14454209081163, 118.95016813691446, 73.68161120383243, -43.7160225952695, -79.20425618562736, 153.95999609800143, -149.52317817840753, -28.01148668298673, -21.077236807339407, -30.395991546300365, 113.848647966278, 17.348609165668584, 6.018582644182713, -83.88029646316707, 59.64302989143884, -163.68195529741172, -61.70757535183879, -125.68278617478873, 22.2743900051682, -71.66265612958871, 76.64590341880879, 12.972694033877596, 95.86974080326274, -26.429880669799452, 94.51901339028794, -21.16618022918581, -2.710308770667538, -89.39011753084223, 11.601810006807552, -20.544739263363855, 48.33131580640784, -97.49853616318899, -1.4246835184013837, 66.23006681245518, -31.848243149112776, -111.31691758029557, -228.5646436395517, -39.38072690136873, 3.06797466973357, -17.654766259615133, -81.85627414843617, 167.4261070397561, -1.664181815362461, -57.67364734564864, 48.76409709823256, 86.35263469431098, -116.58668111737666, -126.45567825272462, -16.804547356448655, 22.606650186926746, 28.256651076465072, 60.60421368061446, -14.656282331892205, -11.506903169681994, -71.28968847905023, -99.61449957713405, -185.15971295550852, 33.49394117829783, -84.48001745216497, -27.858290425508393, -85.49589605434844, -26.589088891500033, -103.24199112566001, -24.914005944502513, -65.56742858439016, 41.682167431327855, -41.89370701773814, 70.78736648583893, -30.332844742917015, -94.85214417843439, 110.64625992098655, -58.84388732581204, -94.69660073449134, -206.52332607385407, -25.905442403641327, -14.621116719242648, -17.468187812152333], [-67.33131901172516, 8.621319475087462, -86.33555965343163, -24.47823925671097, -29.620958576341735, 11.231276155273669, -134.86944583234174, -72.58406821279941, 71.63561941839413, -66.67452591617372, -17.74163086780357, -5.026322371873814, 674.4668168049271, 47.14675881390245, -47.392914205407514, 64.9598714627024, 12.752728255718855, 8.25139236677393, -55.861262852425504, -99.96894890126539, 32.44950291339348, -2.18516020166391, 61.44907041858079, -66.62287873503206, -77.65572236209225, 90.47284748098711, -116.22529789598605, -53.106580544824965, -24.99295759180438, 40.24922022213757, -14.31718187404707, -46.759507989008625, 7.9198016310115085, 123.41411684409357, -44.22526261639372, 102.58631531685057, 16.940866957542674, -10.47700453335859, -12.87452011904344, 197.02950208446438, -71.4077995138535, 113.5460870494404, -12.773230356998827, -74.24231423725163, -58.14713330899485, -91.74069189187698, -24.327639864041256, -51.041519085900845, 17.244489008864395, 42.314253827961835, 5.842263380223851, 54.64839227434498, -17.344501780989518, 4.4740553362865505, 13.90550645735705, 6.684329685359433, 56.2558172926039, 112.04067314346622, -19.307070968628786, 128.20766049305766, 31.85050018111469, 36.75367681584213, -90.13320886391094, 153.50584102616818, -27.2248737926006, -28.574082062486617, 49.53543061116859, 12.447635341929333, -103.38802440376321, 6.619729708284987, 122.24750051350897, -42.20300051523812, 47.89366468804279, 72.48298444484537, 89.04811038885842, 15.51865667751984, 159.5332981176656, 40.06398726585725, 127.92013514012525, -38.71800244655444, -34.349965608734514, 28.535695502777173, -49.70617742312008, 142.25624707915236, -22.084456283666977, -7.365035725517693, -32.807794293338404, 79.78677393463408, -4.858104463374295, -91.61006477575218, -3.350838994773133, -27.105511134053597, 11.371584652416894, -13.099407099075972, 91.31524220191253, 8.281753887128401, -108.80638895540692, 52.08472344994571, -17.176325168631926, 94.50407423612583], [-57.54960311338059, 44.1212708029428, 159.38974478886988, -40.76977940098451, 21.40199058636233, 62.97219120485363, -8.441434218517166, -15.260988966144856, 153.23806409909355, 33.16148044206596, 89.11699443868591, -119.57129691296534, 47.14675881390245, 893.5281494889584, 78.90587138385685, 76.40040522259198, 121.06446187854412, 24.594628667253243, 34.55703859651823, 113.86441620805144, 19.789103538148154, 25.69412171003005, 87.02486243358065, -54.32944119920979, 106.22629115892651, 79.67273956825328, 21.17836865217143, -21.395313633670295, -94.21570931842518, 99.59129012416915, -85.96216045338025, 13.644394702863133, 31.027841703912678, 106.07435979388512, -21.151753763605747, -87.10706214816197, -72.28233969042482, -165.3678229576568, -25.1404400564999, -46.76294150559491, -30.956794487189196, -22.72213444878076, 52.84100734497764, -36.59368919713215, -128.44279413689952, 107.43215721910252, -88.42777901085924, 22.786970335000955, 104.32277161233479, -52.3739072200954, -8.829239288732502, -91.97811268291798, 4.98020847763679, -50.274422720997656, 63.20842992963919, 114.41812678847748, -27.163696562855385, 36.59494009659694, 81.4060022008395, -55.04849690848944, -5.315593120466313, 11.531869382937433, 46.01999295027184, 228.55457518307603, 78.63449851735923, 20.938527146823287, 0.8897478141079704, 58.93726090323529, 102.48202080169008, -105.14349325474744, 53.86007853214952, -7.879314344112075, 74.5376721846423, -33.80390707229392, 6.189405836742869, -132.9361154918459, -34.7949846006108, 88.00283947926425, 80.6210750815155, -15.652861093104828, 156.553878428961, -111.83813249288747, -1.8781179894856366, -296.81483473671324, 46.276470160600844, -6.01304486409873, -3.1921944676860927, -49.05184800444827, 34.418850045867764, 51.99792114688972, -159.30352862650076, -144.0720772077517, -87.3816917367658, -74.68361210417771, -67.94278750498954, 134.13257521158783, -169.21634879060738, 96.13794171530363, 16.381962333504617, -14.713465664690341], [102.88879213864111, -52.213012088933645, -37.3310346138453, -189.15212609453323, -33.10591933046878, -117.75120646626164, -78.14553698542808, -11.372604600586307, -84.98731043648893, -66.32677572774107, -79.11336420415955, -14.163311329613617, -47.392914205407514, 78.90587138385685, 1010.4071394107652, 40.74762092185128, 88.34538471001477, 23.691766469161724, 140.92407000621628, -78.15636051783994, -75.58206238797912, -87.45981442331394, -120.79733701192909, 48.7163032055009, -79.2788919776571, 19.708590919734498, 38.696520380844504, -85.91881485576891, -96.72518094246105, -17.443186936945803, -166.42519021788672, 28.89226008019772, -4.87323267472981, 9.707803851835074, 26.280824970147904, 69.20754215338187, 50.95798571526058, -33.288672083979954, 49.646114105409026, -18.47032658374798, -66.50530610073547, -140.4089585836357, -37.9287989388033, 111.7470793386403, 83.3593223091056, 94.24809786174433, -94.78342134237793, 58.37147248684425, -80.31282956105825, 32.50477985364733, -77.61455913621835, -28.25341781566573, 38.82507850526912, -83.80808847361159, 87.13489202879093, -57.3065341809333, -46.09856748545766, -21.69142659775366, 15.175709993961254, -81.07502000061653, -27.877507081317898, -135.78932693650177, 87.12690519123481, 20.694061547844463, -37.33298488543202, 14.918653619526129, -38.990823604334096, 125.42041277511751, -43.84141474611025, -58.60877310834853, 82.7373112172489, 52.38816140278168, -86.89541621434985, 98.16605537048056, 0.43337507164764055, 93.44665466020469, -40.27649396120144, 57.78476501440667, -23.164930286588646, 40.36568237272842, -87.40097742048016, -101.22162536728754, -71.70749772573915, -67.48613752387497, -139.15301974336748, 150.6139678043007, 34.78989486799318, 3.653850984604691, 103.7703281736997, -138.01306076628677, 9.870165597784087, -0.3773404180401359, -53.40477848762905, 23.641531445772586, -78.32650761929598, -87.7973717374436, -6.740826798977509, 12.644368464155356, 41.68659099548967, 18.22033597844411], [66.35676237473622, 53.240612002200336, 30.228779312055885, -42.140022318581345, 93.5436971064017, -44.505228513026054, -175.8407125720051, 55.5827210593078, 160.49228598902394, -16.290988085474392, 81.7060993520242, -23.680385978805845, 64.9598714627024, 76.40040522259198, 40.74762092185128, 702.1509807243012, 65.95750495799264, -74.70831425351831, -32.925985117703284, -41.99282996389058, 2.8985831047692354, 27.4124609145214, -145.0336556100623, -128.22300873315976, -90.33320450561986, -95.2314191080949, -59.34633002704931, 149.68792526179993, 9.079060191970731, -85.77681644994954, -93.30103131697656, -9.306338035632958, 187.25703899687213, 74.92116951254064, 153.34554347107556, 27.318882712157862, 10.353597973201689, -12.633656296680531, -123.62292481685029, -31.954764805026286, 39.81294531460859, 110.1907367738241, 9.644765481050678, 136.85682539856032, 42.63549028579701, 71.47023244237714, -82.6403110912008, 15.087250516568977, -16.79997392078932, 136.6558737575201, 32.02199978177107, -78.83861914762564, -1.131263229403719, 35.514579603356935, -55.523421399313484, -18.516471653174502, 21.097106338656918, -78.56900180450708, 66.38929434926061, 55.204677823878875, -22.51550430311719, 117.30054164532142, -76.86184924439637, 119.8406484791153, -39.74316543083359, 81.88423323761782, 12.98983798383628, -14.892963845597942, 131.2157915381409, -35.0349948075021, 16.53103364607962, -4.503006392802958, 16.00205787410509, -17.092445231071288, 82.05821037156268, 28.81226246936878, 30.57393292724038, -39.632230815619515, 48.03914732464994, 55.43252781275748, 46.16623981738654, 35.457661508955, 47.13468201848931, -40.74156267290147, -77.99098132316121, -59.05451084027543, -65.31290103923212, -14.412839893833292, 70.35916807798982, -8.837089664472146, -140.02407028424312, 69.29369993241768, 65.3679105102534, -52.24463543020817, 33.174490154337335, 24.721616464874725, -85.22489027096984, -107.59349543793051, 9.870545828944786, 63.57318031599183], [20.696496240088614, 119.36291320169617, 68.80002115863259, -50.882837289702046, -77.24749542478051, 19.29684386064881, 75.48278128166356, -45.04239049458792, 160.07985445033955, 24.32140579062302, -19.9469677776696, -67.47994218581478, 12.752728255718855, 121.06446187854412, 88.34538471001477, 65.95750495799264, 987.46137986901, 117.36898771103917, 34.58184636525169, -34.742843634359595, 70.5344493770843, 94.33017630964807, -167.96510181759467, 46.80619318433043, 60.6465297316527, 44.23946805104019, -83.73661263876286, 96.15711158083406, 4.507001023879158, -25.04098009952242, -43.523004894622474, 84.75493707589618, -76.71848489227072, 129.0084773498429, 73.49231681342961, 52.99403310545592, -49.784493047585066, 147.01530315944623, -4.718896072639467, 154.04872910052987, 52.640055599969344, -128.8881304572922, -50.386079218018466, -107.82484230883139, -168.01709440442852, 133.99456816965275, -120.17155494170426, -78.042406714124, 29.7522750977279, 83.67026747147722, -20.5222638587902, -20.794071532607568, -53.046997914164365, -80.27410494448925, -109.48026885867647, 68.7906704979947, -83.49456370664461, -27.464840822340392, -72.43446583929844, 36.988391666385795, 29.875822408530038, -24.02834670482721, -12.643686736383843, 67.47029768706349, 3.4159184743429933, 75.86135454629989, 86.84385096070216, -37.808954764190496, 69.3038478998874, -57.40570481153445, 53.27173367316933, -35.36625064134667, -57.38676014191385, 172.04885567236965, -87.0496918764936, 128.91082691688496, 60.834966868558816, 35.72360722492927, -157.28542962839504, -66.95769535644467, 33.56150022821392, -75.29759905312918, -75.53805408919128, 251.32067039682923, -69.05340507136907, -103.8795406462693, -25.19556578531866, 96.20510901151117, -90.38726255835068, -92.56568292153278, 35.071515272065454, -74.95382541669672, 66.57710186493034, -29.320300973935353, 61.42598414228562, 36.87228049714889, -10.832359596648118, 67.10449476152277, -137.43912213744582, 2.9001255960266947], [67.28747569517266, 29.638884325740868, 83.50399939700834, 140.87809885894885, 77.52009416376293, 79.4432585461682, -124.10168134000807, -147.72880531449493, -7.0304721385145195, 6.735215864918649, -141.15231659618848, 88.56349109693207, 8.25139236677393, 24.594628667253243, 23.691766469161724, -74.70831425351831, 117.36898771103917, 920.4643359336523, 39.323359125841186, -37.393522946982074, -21.400054499772715, -39.863329014156285, 8.39776942372687, 1.663805130612118, 163.1017131420339, 102.46084651631087, -138.3658721184406, -43.48665305685358, 43.52339775447086, -14.062154003172516, 63.239569823743864, 113.14026371866119, -87.84043754380096, -41.56487231917843, -10.244511628176728, 59.388307199152685, 14.98553557665937, 58.204993025997986, -42.61541454866162, 81.36092609083767, 4.2494088097209675, 97.51839392743567, 53.51208191390114, -48.84311344307077, 28.884265382557075, -49.882613293393206, -145.39111615089664, -19.68955644382782, 5.947446378651381, 50.470943485190055, 3.069077734107225, 122.95630268123804, -68.2422687271075, 38.715067965445684, -27.665043697080787, 156.08377784032837, 75.50102646842959, -52.63926548953497, -46.78481118480383, 45.66360296979347, 52.79234529740346, -42.66192071331225, -70.07886838734464, -35.196812655119864, -36.791524773364586, -93.4503082762422, -4.360312754976058, -84.66215842397125, 60.64682741935804, 23.395832659378833, -3.8930903329329807, 62.5872121588511, 40.928836763946556, 62.80208639498096, -64.06030839071907, -117.96469425818196, 94.58988687058223, 78.17152950545888, -39.94394744957898, -23.394031689736767, 0.6386510465468425, 89.81381303186815, 32.63159725318988, 49.974078975840456, -125.20557185438125, -31.641094866222225, 43.65092147594416, -122.12241942323882, 85.75442670847289, -1.773311994582462, 144.7802548870007, 80.56479995416214, -167.30626017081931, 32.11096378857061, 79.95262104720284, 19.968213589599998, 95.69075824860603, -47.3818967121211, 110.74027567473044, -62.486044470609585], [2.515249756525092, 0.9344980884411249, 96.86067145017196, -105.29277472686712, 109.26864130627304, 59.07563397193458, -37.305617892721486, -27.048510577638396, -55.21897588783191, 93.07956935393467, -60.73933999389564, 81.24707161329398, -55.861262852425504, 34.55703859651823, 140.92407000621628, -32.925985117703284, 34.58184636525169, 39.323359125841186, 889.7567817365044, -15.60197149699363, -12.63697419994466, 82.21831827947521, -15.009019569991393, -40.47672947307435, 117.85163932550715, 100.10946752499476, 6.753325295705393, -69.26671947356297, -4.504932946966953, -122.8767136756986, -88.81276581779574, 2.026985466012647, -116.31717588188647, -22.82785304618247, 68.6696827234148, -86.48972448535501, -79.84892018395192, -103.38994995797484, 61.3115082789325, 25.797334118098444, 38.02352653518148, 10.069270285349152, 7.289669795208017, -3.327268442736946, 72.76100172297622, 27.303956396092275, -89.26836161170543, 24.84385376861303, -1.397079448922644, 48.29361512087385, -78.71489292028424, 154.88906494325616, 83.75840971308347, -34.921333656066615, -6.0682945538080295, -147.34833938244304, -29.128891994667054, -86.47742419283392, -259.1231911736573, -37.461108897895954, 42.751680016978646, -6.093287438971541, 3.514402706170962, -159.3766235307718, -33.50819551682111, 40.41769828090689, -171.59922000595017, -132.89887251152223, -75.5236877651913, 64.29612735286273, -118.7748581695925, 140.91680206135385, 46.366657778691625, 141.4632912725055, -164.63916400873717, -56.34340844511591, -51.60166552689996, 109.29368971641173, 20.694719191915688, 31.19140033190446, -33.12244592443435, -70.39347463009173, 109.87113698810185, -65.27409516719037, -53.5058341019076, 8.905334504847438, -53.39912034117135, 64.08629515742615, 6.970762467898681, 76.30493786918998, 23.548871902869806, -69.32422221085892, 71.66972941724812, -19.06073838852232, -60.84508602414285, -32.967704734214735, -83.85200019120876, 80.31585630243367, -34.33625651747378, -38.18196841537442], [4.226953251185671, -27.792445457080852, 10.920534130702894, 97.40229565783464, 113.14973910176975, -85.90749437459155, 74.605103191719, -17.50985533832243, -116.0870985918818, -139.02920325139232, -4.005547934750856, 82.29251979822463, -99.96894890126539, 113.86441620805144, -78.15636051783994, -41.99282996389058, -34.742843634359595, -37.393522946982074, -15.60197149699363, 790.6449827056558, -82.53770233718393, -6.93392237794172, 19.24685120924568, -45.68039796400555, -63.03260507880648, 141.43467085784462, 85.42414070370774, 30.66155769316719, -21.175107567672743, -16.77759093037928, -85.17416445516164, 103.76932009250427, -6.557999973130901, 25.850240288938874, -115.12934263603745, -89.69424160049202, -65.7415771421962, -17.996117272616736, 154.89740267960516, 37.267993561433414, -6.70294609631102, 76.8610751636953, -11.8425141337359, 54.809954251191975, -21.106965947653027, 149.15192170936697, -124.8985356125789, -3.9959018558278645, -74.12319269360457, 25.605306916357893, 28.119803306151425, -112.00567231303776, 117.91279171789483, 33.959620053671856, -27.377736008937898, 12.428414717605419, 13.705418809732596, -76.93891576776791, 12.11460135063184, -30.304124961642426, -60.37472954951298, 18.10441861647332, 106.00783292875846, -34.838271190553726, 28.2282492806532, 5.378307129565102, -77.77704408185987, 5.192775546899055, 48.89081589203202, -3.332415908096303, 41.54418971418549, 27.94624114395014, 17.660520701077097, -83.21247275092982, 3.171284417292251, -120.4057298078528, 107.22572671890178, 18.40658100657497, 31.728787593179813, 88.13823861446195, -17.573882491867316, -60.1572930134371, 40.00217311909693, 19.086786229865897, 6.9300704319082325, -7.41111567207733, 4.25535884457849, 54.74299252498974, -63.499060607309, 43.23268416188689, -26.53438398317211, -98.30668216698726, -37.685340320158645, -75.93814060923108, 40.24635066363553, 243.43021271153938, -50.655694474227296, -112.48178532128608, 35.286204920334924, -100.93320435321422], [3.8388537121095845, 75.68094728501511, 31.966058233849335, 74.66959607140653, -50.40182494583574, 152.23352742438047, -0.5915919226116761, -64.14148633072548, 19.942318830665528, -102.98945506718505, 40.49694501717027, -72.57218659173397, 32.44950291339348, 19.789103538148154,