{"N": 100, "M": 7, "A": [[[774.0523773687758, 92.41476993838104, 37.51355083046886, -18.102036411057536, 136.86509110898234, -68.10929421689254, -12.393678465392725, -73.6217247334556, -12.573960680394087, -181.15105194294176, -16.45748051178362, -82.17349812671242, -20.967421297419847, 23.26944813891923, -1.325104467256956, -40.74465368694054, -50.11266924473554, 124.75686687678427, 6.7049421694134725, 23.724757354927878, -19.171277689715698, -149.39440956325234, -99.16449623533201, -1.0135656404460855, -91.41278531945778, 20.87363425251598, -35.97471618334318, -5.6718276922462705, 72.3914549211515, -5.096101808353045, -63.31932065763211, 1.0203837731134555, -59.01743428381123, -36.25815411198742, -26.27198825165182, 5.096117127733802, -48.75407816286465, -4.607944991741995, 30.115543829865395, -57.644961486061526, -20.362177734700044, -76.52448956892351, -2.017629785825462, 53.380261207236984, -77.0923057898015, 97.08441778418256, -89.9007948187341, -1.2449334952233502, -26.965241943050785, 13.348153916454807, 149.09198635206545, -78.1931275151022, 59.588092642533184, -82.7287758839631, 5.68636213931445, 57.93553675101451, 52.570988803001434, 51.559033616012464, -64.32227710875722, 92.16690671357958, -24.142037003527516, -67.9341051539054, -15.28286802109349, 41.256235844403065, -79.36852387108671, 111.57613674119415, 127.73058164089724, -21.16060950767138, -25.44264512964193, 123.72655685347695, -20.333896901848558, 21.359098019655615, -6.651014536672008, 2.8481307627724433, 140.8420372654618, 210.13417611212805, 74.30588851094015, -82.18430808353935, -55.085334768944165, 9.358628020899644, -193.1935047877681, 52.63564589279061, -73.35554640674151, 29.37143171210159, -19.143328024787998, 90.54406390772239, 71.18939271790974, 43.73894995797911, 65.6668683248499, 4.2251532843678445, 55.56624935073699, -71.38636488763167, 85.70243238947691, 86.14393471200853, -39.10729429419694, 71.08497341182952, -143.39809078775696, -104.00626404752484, -102.48124356401738, -82.21393831637917], [92.41476993838104, 528.5646895026033, 62.49169244178308, -19.71852629401724, 1.0199891012759468, 28.88690590199047, 22.71511904642804, 6.788146391424191, 12.576310775155907, 87.53683117903142, 70.80676922055888, -113.5981708379401, -9.62626446512509, 27.627830898672848, 53.13398628435498, 32.80196873214648, -103.74158924457686, -33.8156263596717, -81.13954555529375, -33.971893575215404, -98.68378136974322, -30.618318717719962, -60.80299971012907, -10.656053261959999, 1.0503421691573736, 29.737500526277472, 87.28810175855222, 47.81185983365471, 48.03129746804226, -38.45113650012144, 31.809307505639875, -54.10320857897573, -53.52231524138106, 36.92800596616715, -92.88937271952841, 50.61670077375841, 32.088004227766625, 19.89862761538048, 19.664396635010657, 84.2019027967995, -26.80791502515269, -9.074476971356285, -24.786503683649276, 20.215006530556966, 102.95183160477214, -0.2567244635392963, -15.977078793068134, -51.42157803772677, 42.536283161636455, 32.473782688229065, 76.49963837178129, -59.30222437188473, -36.87577087966542, -10.841026370569447, -7.899737131705857, 71.48123658471515, 116.81918766802467, -24.56293177015029, -126.75235276864065, 43.079891373487726, -79.48766361085612, 2.6132581950701033, -78.02109382547336, 112.07804008060263, -89.68092610922093, 39.62842685700183, 13.534142106228336, -9.644854399619454, -44.849435770046675, 89.71725237192338, 118.33171050290085, -43.71453540111303, 5.026462160814625, -45.40663652540972, 11.516296641043503, 46.19323693810635, -56.0625817531736, -100.39874340947166, -14.973895962106408, 15.064021866301854, -94.35158634733877, 38.0268393641903, 14.907766705591305, 40.74448129082871, -33.86381106100644, 42.908712432474324, 26.097425719960416, 1.3361946802895193, -31.935284478145082, 29.55471798881753, 2.6724014460938728, 32.02549633256261, -59.29997384217756, 21.147196606682925, -24.40117087224006, 71.47627986508752, -37.204484632394205, -57.24921085797028, -30.03675698958036, 137.22789426970513], [37.51355083046886, 62.49169244178308, 682.8970116231185, 78.50140571848192, 106.16035668504938, -111.17095377894738, -81.5942504049802, -44.641294729182526, -223.19593293358932, 45.07308050065879, -66.327322499938, -1.2648706604398492, -8.625247779833817, -42.216313760382825, -98.42364973146536, -2.60712497660861, -121.62280485607374, 68.62751828694542, 69.28961931244918, 101.36162274831617, 92.50754708897277, -14.603960306627611, -41.5586694602636, 72.231616816094, 87.46314139140804, 61.49380518522874, -21.126863458699383, -45.3625541686497, 29.606119037751842, 118.66272002868595, -34.7070302808617, 137.0266081279523, -0.0016491299918696147, -2.9167007868635566, -113.63936273385649, -48.83271804442944, 153.1764883417892, -40.58588861572341, -88.23422744264913, 15.939781444912201, -52.19770417254114, -7.000391313182213, 17.506023865057497, -62.20546742774003, -61.67038383947987, 26.982788302197747, -66.7499035093402, -24.04978211974934, -40.37405246402863, -61.62860126767583, 175.9744212654932, -63.313753487867594, -64.8889340831184, -72.24765243077476, -8.546481530086286, -57.99380496981319, 58.409484172147394, -37.082795743782235, -103.73863716279172, 86.22341633309232, 53.401082653248494, 64.43067097473677, -137.8899715938237, 42.53496628989386, 62.34112171399213, 58.11063509708246, 72.39289119148347, 47.245582779364966, -79.35250393043665, 87.49067853865172, 49.473966329867864, -72.66962044238946, -70.46204845634634, 34.48757669929176, 84.2929539790109, -59.42456260128994, 20.654679068271165, -26.657072912969667, -5.316844417164029, -49.21638337937845, -102.43760678714241, 19.097877080245237, -74.53213453338121, 44.87676772378357, -18.14626477281784, 55.60764796002671, 162.8047065485027, 0.5131655219466108, -21.380035794330116, -39.80949953757407, 70.70354885806094, 165.50500452343476, -15.792843167482895, -8.654694991123485, 25.031673879521076, -8.916293001576598, 93.96284394558789, 93.93085518524744, -104.94253803612686, 112.04805747282705], [-18.102036411057536, -19.71852629401724, 78.50140571848192, 607.879221828568, -2.3803896895501704, -5.990309589089499, -53.248661126771246, -78.38828550969524, -123.7620433358828, 109.46112109830582, -19.673101398353275, -103.48737319999434, -17.745861221044294, -35.556564494380005, -69.0765383582383, -53.49662410788732, 14.71431261006073, -58.1157054806024, 146.58743289178736, 47.36664444730584, 77.57667364118458, -29.918601191847735, 96.15594489515608, -103.65938148410685, -59.949374037629624, 119.89681414052417, -20.571766786466533, -86.70484115169297, 26.65833201848041, -123.09252582592237, -25.015746259707793, -6.671016482697903, 60.743002010886414, 160.62596830563058, -17.599198141634222, 5.377894822570761, 128.6529756757577, 73.71314654697449, -39.39221723002566, 0.32351203137274587, 102.28498498895824, 11.721057241329884, -23.55010637687062, 19.732303305608692, 12.254928310444493, -28.032247338448464, -16.28210746639916, -15.08984711007002, -23.681623124709937, -46.98347346150094, -28.327138016196237, -142.41409093755817, -40.80498452506044, -68.13021702237018, 15.573030981390387, -86.76045784988403, 2.431089357525924, -24.27449810618541, 63.7107139262386, -17.236040318815764, -30.11853455474966, 105.29975546312254, -83.00337110469547, 49.78708903489519, 19.66907620513261, -52.98424907080303, -38.56298625253228, -14.973037629847983, 17.053136869256054, 100.88884669631487, 6.3503460397911535, -34.176589685674855, 22.889633206623405, 13.306581870981189, 53.38556620384969, -90.53122952882828, -1.0988154114824362, 59.47245425561851, 52.63876580201765, -22.25026449689675, 48.502694614307835, -23.032778878920578, 99.34120614534388, 83.41202557445396, 23.729095646759124, 14.895186286269581, -41.115610434798675, -65.26487485051335, -24.91946101966947, -78.3985669813109, 106.69469683201278, -103.52700802729295, 62.992831230613255, -63.49979853493275, -103.4469271106907, -41.63037570438697, 55.074564277818595, -43.60562503970828, -19.492023057457153, -47.79384465967865], [136.86509110898234, 1.0199891012759468, 106.16035668504938, -2.3803896895501704, 696.5281267746994, 1.8349322997502713, 60.23886866762249, -60.69990885180486, -62.54443466943987, 27.418794435058285, -6.085411307842124, -89.27426487367548, 44.920823851606016, 45.49802036174084, -13.47687952131726, 107.89584960859753, -67.23376160933141, 67.75658546197039, 13.510827123118274, 44.90201305239253, -91.23535315035, 24.38008465257005, -78.0626560531058, 29.79328250393609, -84.96753782444141, 37.915526343921314, 21.28674461737098, -28.623733203010467, -15.475160561306755, 66.95713210988845, 17.632487996601597, -59.83690728470363, -61.51178226809322, -26.974355964699054, 47.90411506347355, 25.010602184416854, -33.94951961383959, 68.54841401839623, -89.26213816951704, -61.31503313178045, 26.72784281868421, 19.912824849682252, -58.336383421587, -110.42738074959547, -4.069857641056322, 96.60757737409041, -37.98291037154734, 26.645075433240546, 13.949933954091879, 48.73041218794171, -0.19336779323112238, -104.27728686720181, 115.7536104486707, -143.87411298569987, -25.01615762733079, -16.817465087930906, 57.742537064442246, -2.607711207610734, 43.13167106673163, 7.370199570902931, -31.84487001124334, 62.037838211609994, 7.975474384929388, -130.45935353889413, -38.38293366328073, -17.217221518411495, -9.025402228408117, -18.25490129208722, -86.33844835873018, -16.295142339813193, 14.66696300947898, -35.06795507187768, -87.99307047241068, 23.89802768411454, 74.34173936137782, 162.26759959515354, 51.9762224797135, 53.487567219264875, 8.172531691939005, -69.40419020527676, -13.785939781147043, -20.926728690369135, -52.83763929511075, 58.48854085743815, 5.066491681138074, -41.89358484557448, 51.68474992720991, 18.82940630599006, 90.23476735608216, 22.759698875727658, -48.94240735839278, 35.92453030961948, 76.51480582388393, 60.141617543576515, -51.99019347859677, 1.0618527297724318, -20.900480435569442, 61.311910885868066, -91.06134987021325, -39.233889278782044], [-68.10929421689254, 28.88690590199047, -111.17095377894738, -5.990309589089499, 1.8349322997502713, 723.1194409299919, -55.24381224365245, 28.391680582484533, 133.16646432595428, 66.94653981241673, 25.014288480397585, -65.45612094281992, 129.83991817129663, 4.586494598903155, 92.17312213127252, 13.183843299404186, -85.72577711294527, -14.660977610520858, -25.535093663756175, -46.678747794698445, 10.536490675449155, 7.524114098600955, -3.060145856895711, 49.6870715454519, -109.84720100694415, -63.55098318230676, -51.59840005014306, 47.89678163755003, 129.48946397559288, 11.821468267884358, -80.32535553766238, 23.56597142040054, 58.67785641015544, 98.59883941140495, -39.942118216173505, 88.9531320087732, -75.50004595334687, 5.793146152836049, 30.103858936658945, 67.03214891855522, 149.1520184784304, -57.29802564446482, 36.98863833868652, 33.0084719848553, -1.433761651851413, -33.75462590526686, 118.86271060450366, -69.53957037472348, 70.1219750714875, -129.98261257525746, -67.13571593036023, -43.9677797928155, -147.22228311839632, 156.13448794889112, 9.59403886240693, -0.9880432810687466, 147.28513420690263, -2.498047347356476, 75.85836447353533, -115.00381617869387, -103.13754434058075, 88.03417659052936, -35.70064349489197, 9.635188607074118, -20.749930438244164, 11.81788901918351, -1.3726110961612012, -94.6038895244647, -70.38572113689835, 82.07431604643806, 80.74910705236863, 9.436268188419232, -87.12923108919789, -86.77883233736205, -51.84041043880406, -72.05830318037545, -24.455016003266643, -27.897192234538192, -65.07410983019872, -58.89483885825101, -51.691848469709285, -93.98606518317764, -6.7652814327801005, -61.78177153416319, -51.252394146412456, 39.19353265971748, 153.32570840925018, 100.86990595837608, -93.13143166346403, 40.40805816327245, -43.95282242404335, -43.12216767665621, -40.56485228730949, 22.575617586201545, 86.20477564467623, -93.28444485165285, -96.2438348631965, -73.14467210409657, 40.7931170056466, -20.975503235056046], [-12.393678465392725, 22.71511904642804, -81.5942504049802, -53.248661126771246, 60.23886866762249, -55.24381224365245, 596.6179088607206, 59.56431837599754, 125.99278532491701, -185.29790178406157, -103.39176916977758, -55.40141383043459, -34.352306624060766, 35.33608466734035, -55.7434476089632, 6.820139366079452, 38.889883696558044, -39.54441735326203, -30.203307623655082, -112.5721198253113, -136.08062919336857, -58.30402887460927, -4.834324822907111, -10.299859654928168, -22.069885047633235, 65.91734291551965, 18.697819015687084, 28.811621738518532, -31.595654239840282, -28.53795826830001, 3.525750283353184, -82.83153690559368, -68.04420125937453, 0.6804440804110619, -76.75822633919219, -56.99613113648556, 116.05622985820538, 36.020671494192335, 126.42687991437556, 2.0100545024372876, -45.444666518519455, 27.246736177409907, 66.87045279037808, -57.45577648657925, 50.3681510370281, -70.96129008654111, -116.38208525604978, -16.227157028992504, 33.74056565141676, -5.650009534200603, -8.393618154435645, 42.62315594641355, 102.50620946259092, -45.0985087680542, 3.2815625901692793, -30.564202547642616, 54.387121271742, 20.25096399116531, 38.68995500244283, -14.511931885598433, 56.755378862382365, -61.90036198237835, 18.412698646619095, -50.0480277806052, -67.65078477322982, -68.451954735575, -18.70225660498207, -72.58915627764833, 29.45301251384854, 40.12409450875485, -93.18363543612456, 19.046416350325153, 9.003032484021098, -36.74434672089046, -67.7869267282036, 51.9495524511905, 35.811720321112055, -56.14620374864955, -11.431422074731572, -48.983377963380065, 33.33301637296773, -28.320075856725946, 62.11239896562696, 51.24627064033898, 93.43027808788285, -67.19270217982623, -31.708845243941337, 12.906430124411191, -6.274991558404195, 133.89812760999524, -52.444198225215395, 32.05133721567674, -62.233301875564656, -32.25760892728408, -49.38781269180425, 31.709452808985972, -72.51086452389346, 137.53509430182496, 33.923271584208464, -81.92950277106962], [-73.6217247334556, 6.788146391424191, -44.641294729182526, -78.38828550969524, -60.69990885180486, 28.391680582484533, 59.56431837599754, 610.8797673295259, 14.10780354805716, 18.14177835970325, -25.371443631886493, 82.4773713640778, -98.24085808059192, 97.26035430555439, 18.88235578390329, -60.946322936991635, 83.06962758116744, -9.528285121191297, -43.67499073636813, -10.737431204031328, 25.671808266818754, -36.84439602251475, 139.60020558922199, 39.345706535139975, 35.95075891790936, 27.949244522661537, 39.42869929523002, 78.97929088238095, -25.252143632386336, -92.38100461140681, 71.84949118017406, 50.46576017434511, -130.24404413591088, 18.639240973226542, 59.80087265437603, 206.3042108653668, -28.80170143769133, 84.83770450602933, -36.935574629839344, 8.910025702881157, -35.25501271248244, -14.625771850822183, 14.366793269426282, 23.5004923344348, -16.32148668729278, -6.962494331562457, 41.761915475485, -34.519967684434455, -127.87357632461891, -29.261480805499897, 79.55721105276336, -12.660850101472473, -24.884709106843527, 122.27476609846252, 66.48812342591864, -0.40074607735398055, 17.093357904497417, 63.389419258045386, 12.862289909390816, 64.95401150278649, -123.82639545538538, -42.26339916011258, 9.755127767823895, 47.68216697808677, -86.6802668073082, -165.64632401652588, -22.15173680591146, -3.278130283464148, 5.567449294175706, -81.50923162871236, -44.68731729770868, -74.1988472567399, -7.995383959991878, -24.820171475082255, -6.265295309823333, 33.25629074637458, 17.87709226520284, -19.556842697244075, 78.21755122632379, -15.40989364950469, -37.24186406922049, -58.85174103742474, 72.40691088438594, -79.3874740541855, -29.182185942004356, 1.5541102455444462, -100.20065351061635, 60.32761601786701, -47.33418815421189, 35.11587519676848, -77.08559997065264, 65.4912441325054, -30.114753125520537, -91.5313832775453, 99.76199815293631, -7.281472365337912, -34.49971121446433, 101.95795905231563, -137.82305512250315, -5.775234114209803], [-12.573960680394087, 12.576310775155907, -223.19593293358932, -123.7620433358828, -62.54443466943987, 133.16646432595428, 125.99278532491701, 14.10780354805716, 686.9113461857512, 5.837846206463387, -14.067190501367152, -7.549135989218345, 70.64807756975061, 12.745118795648352, 6.051572054243659, 102.70152482270024, 116.52015325818773, -50.391395638391764, 105.79225788605403, -134.9759637372582, -44.9725361770845, 14.222673414516477, -33.41577765629353, 33.78430955292313, -72.07809844020498, 64.60635740054595, 40.06532375526187, -32.61989943965983, -51.43574921255725, -29.368441059808212, 50.447550767494704, 13.864744365759886, -21.85170073131066, 83.77376837170975, -16.280541123732803, 54.876791122214364, -120.81416789075473, 43.18529228193941, 73.09143190049215, 39.67976205415842, -94.09002661368869, -45.80367504381982, 30.952856866712754, -57.88055717907811, 18.92031657620733, -71.45788778296456, 11.186263903469849, 46.6587729251858, 33.148225996236015, -23.53644893555346, -154.29365880285422, 17.224787537442886, -61.18026310365638, 77.6324707044149, -91.302906785596, 58.73075443580008, 104.06002765555647, 48.65330655587264, -36.517727603189414, 54.528004585403764, 61.73302900397489, 73.89029973786782, 46.75737944135549, 53.83239978386452, -29.986736981996977, -43.74926733151843, -97.13104462201467, -44.078306215740284, 32.505223332666105, -52.812618311672225, -28.51655492772306, 19.86124311469574, -151.73640462286772, 124.66876090391183, -78.82376989254175, -140.45627853204547, 85.66367214021388, -156.0473973457409, -13.956441632317107, 73.80738999990554, 71.80858110259582, -57.56152039275683, -17.946162508774645, -124.09473996460633, 22.277038622217336, 11.735557455310392, -47.975517449500735, -55.796057347364744, 80.23126155514035, 58.16003490006845, -62.72619894702395, 30.183883879186556, -20.94023152516726, -17.894208413263733, 8.714561195960936, -8.860581681704911, -103.50049586045978, 3.3999601707785065, 157.11648393970918, -39.426643142346144], [-181.15105194294176, 87.53683117903142, 45.07308050065879, 109.46112109830582, 27.418794435058285, 66.94653981241673, -185.29790178406157, 18.14177835970325, 5.837846206463387, 830.1680266257225, 24.863803047548473, -109.84838747168564, 113.92198794391211, 9.780555082690963, 85.08577484708155, -115.82203084815163, -41.506863096467534, 47.74311209030195, 34.69566012572923, 90.40721037528239, 73.77399778623787, -57.164617016697115, 30.705982108672288, -146.0786510659903, -54.83512679077163, 36.34143866283159, 60.07119486082492, 46.61805481749164, 0.1804354744012257, -25.384759677622775, 71.52900134080289, -71.16581614773227, 24.77487533564724, 95.98010669614715, -75.7747848824047, 153.99476126147601, 36.298000476708516, 68.6743677989514, 67.55962367100095, 159.41070120352137, -15.130203103574015, 67.61525416413735, 11.18761248538133, -67.060748907694, -71.19077948140843, -63.908861369424635, 91.7629228304087, -23.301496458886678, 60.37850471391158, -37.45013383650534, -47.262562079531236, -42.73400359171286, -76.07086307321302, -5.549416040998161, 17.815762020219086, -80.83143499782707, 45.340618808739166, 16.155841378720762, -4.878657846898134, -18.067556689412587, -6.6176686605488255, 6.928511036168018, -107.13625945406527, 47.925090631633566, 8.217896992813161, -65.0664766462681, 14.433309526717869, -27.19645417914858, -45.903998842245684, -19.88579971764392, -104.1751913853036, -46.488864816069686, -103.45258710687973, 30.759855031402658, -49.129875374677596, 7.224555339500845, -81.44603634149559, -12.913182043466158, -25.898279625255334, -12.918736704585724, 74.31831055961179, 112.68751262672619, -37.08261493027645, 42.9927548783846, -38.425038082377846, 85.71071293943236, 6.9704876594105745, -42.37376577429593, 101.39630304094761, 68.5327475097838, 19.33707758553394, 59.515691535045825, 131.79524399380963, 115.63756099923287, 61.92079598022448, 24.428954883001534, 102.21522969936468, 14.46674780069348, 13.046552720425048, -16.697886904729383], [-16.45748051178362, 70.80676922055888, -66.327322499938, -19.673101398353275, -6.085411307842124, 25.014288480397585, -103.39176916977758, -25.371443631886493, -14.067190501367152, 24.863803047548473, 779.1102529702513, -1.990063982664589, 6.01965937914983, 6.388070599500852, 66.279015139693, 128.86438636569488, -59.16625112442967, -64.30423669930717, 24.283448218286022, -15.151661261668819, 102.62312981907311, 43.592189071769404, -46.55137351391919, -66.9372214996928, 31.986340817695577, -1.7813547216550658, 7.818755732528023, -25.53331194955275, -116.2064064414165, -52.84554682806786, -3.343496728683207, 119.42006540623989, -45.19311452173404, 46.14926177037549, 48.41510450214255, -97.98619276330373, -148.8466897613994, -94.58162886348865, 66.06559110418041, 119.13007709963081, 88.06418125783357, 72.83596022225576, 49.59215147577951, 62.37531486170217, 6.207035374845722, -77.54343606928579, 10.088660230788728, -31.63354736884538, 64.42002465573431, 9.167259783896265, -12.575779093568723, -50.435792056159855, 134.2455502574515, -12.141346854766597, -33.09223834547091, 91.77452128946406, -62.27919079461113, 28.81843705226009, 119.92516932293776, 45.10661298479469, -111.36464161719523, 6.470419587990064, -24.75619455609924, 16.692604590418252, -1.459086522935538, 74.49361147072072, -10.066673188034526, -0.15754580444604283, -64.39672798526122, -90.03468617582762, 54.62525557245584, -22.049830042710045, 122.77538910677816, -119.83743029066625, 4.183247078297837, -34.89098771097544, -80.3666097521166, 56.63797424452962, -84.83476414120805, -55.36466769574981, 64.4792135804304, 95.27278661156033, -72.28557065963588, 103.84025897812465, -12.346644012265633, -109.39539008177486, 32.97569371301198, -7.394396990735065, 110.43126798933729, 10.96638499119868, -203.705717225632, 79.14256735119785, 49.554617235186974, 67.4005170566235, -18.27681949415303, -45.71815337478017, 79.14747413759906, 30.82485943575763, 39.70993338839062, 17.09754696896121], [-82.17349812671242, -113.5981708379401, -1.2648706604398492, -103.48737319999434, -89.27426487367548, -65.45612094281992, -55.40141383043459, 82.4773713640778, -7.549135989218345, -109.84838747168564, -1.990063982664589, 653.9108801559695, 40.03347616375043, 42.75617555814504, 62.78457094261798, -167.46418847264275, 88.15085078482149, -27.2991457391809, -146.05167040256424, 78.72382359485263, 27.264953430551248, 154.7638914654002, 84.7784096157103, 59.478833137742086, 67.73854183371839, -117.42310183182789, 43.34855090787046, 10.260153555711035, -111.59255448859457, 98.08610090621774, 3.603614376664452, 64.8928336915207, 3.7397465254768893, -1.2544563586848734, 57.29932900502332, -38.149853202973944, -78.51262142041239, -71.82695408232935, -64.140211003568, -35.33864167487778, -28.341339930009095, -125.37052718616987, 52.54041754341658, -47.449169814538585, -7.784641350809344, 102.21646636053688, -38.114693608351836, 27.655100145875423, -19.16112290702707, -48.04388945854523, 46.53996138155555, 76.4596729422522, -106.92428007216266, -37.92853002443723, 74.17925112486523, -86.93833149899876, -16.508605016666312, -52.993510359937154, 81.98254932535889, 220.08786608986898, 17.824722128679102, 30.725999808013892, -62.822075594101044, -92.12150618380036, 4.235516710858705, -60.09260075054917, 51.126587941913044, 57.082083816251256, 11.104708317764882, -133.7255044960172, 65.26569000795915, 13.3171803981363, -96.34470408644447, -22.69374117842003, -48.7611045653, -66.67901979489167, 89.33998783372921, -1.3068898087517509, 16.097294118614606, -35.765960862720384, 29.564086973676357, -97.3642242880884, -4.764538533072749, -39.222402601120905, 35.1971420595749, 69.78152852752608, 1.6897370648452374, -32.68480456639772, 23.164188989246107, -42.56380205677313, 13.100456043176315, -44.618300691600744, 89.33750004263497, -3.752663703939333, 20.841980314262724, -21.08761167360253, 11.807252273421254, -0.5254199332956406, 10.275895127115959, 24.1788983330441], [-20.967421297419847, -9.62626446512509, -8.625247779833817, -17.745861221044294, 44.920823851606016, 129.83991817129663, -34.352306624060766, -98.24085808059192, 70.64807756975061, 113.92198794391211, 6.01965937914983, 40.03347616375043, 674.0981319004272, -64.793921866847, 140.05491551862525, 140.99382532735711, 6.5842870530109945, 31.09691572011227, 74.96132820185387, 46.85643270896407, 23.12984874652815, -49.953630575451214, 174.5544944414314, 8.446574952077906, 47.46033303366333, -7.778461182228744, 62.241792830774536, 85.05327883064005, 69.56013139227639, -6.068449540515259, -111.62538526952966, -96.41965128716724, 21.90677302440845, -44.655232852841124, -62.144688110087934, -28.305281638410243, -82.08916503191134, -95.7198905158627, 69.19651201200503, -7.371263827839883, 3.8748897847778037, 104.99877596768974, 22.298893419058665, -44.305035339614456, -9.289596059583186, 113.89388090526889, -7.968260917819142, 81.14464845763631, 182.0853214584924, -19.736958108331727, 17.821176152535674, 67.19111347042076, -162.92904952036463, -45.36474631583954, 48.781979279115326, -68.61825365670288, 114.93525838714848, -19.83943842327804, 20.402257631874782, 23.290422975945308, -8.553006232549109, 90.32142750203626, -76.66020092772946, -39.95565231202291, -106.13535390133003, -8.730480321644608, 1.3638208573874868, -30.758310900724915, -40.77012806598384, 21.224340711500634, 103.52958178064424, -43.64623668265933, -6.307362863525285, -34.251252846809535, -79.48498091739417, -19.70349941032464, 38.962176145196295, 85.66927028016913, -1.7522369867657663, -113.80186282717568, -4.279773979467862, 68.03566141869489, -9.882005196395275, -34.22831478875891, -39.226402048677976, -19.52734412133608, 41.2967082924841, -67.74470154921224, -109.75274642551055, 85.0648067036626, 21.571679312539043, -57.64383518952483, -4.707560460604609, 103.77944438879882, -32.369687552264914, 57.16052969124442, 76.42077829256814, 57.81679842764662, 32.075137951535126, 17.26892689220945], [23.26944813891923, 27.627830898672848, -42.216313760382825, -35.556564494380005, 45.49802036174084, 4.586494598903155, 35.33608466734035, 97.26035430555439, 12.745118795648352, 9.780555082690963, 6.388070599500852, 42.75617555814504, -64.793921866847, 461.7126243996661, 68.40572310557282, -31.886733515300172, 85.1280719854128, -45.50533310671947, -11.919088449911278, 5.9753956282984095, -108.81842946089603, -41.119937057337516, 14.385254783915107, 110.62257725983608, 43.493799037855176, 62.757323648576616, 60.89255346817655, -71.12014676292567, 64.17953690615535, -47.4443397154618, 84.26643277500364, -24.803719701057922, 49.00018725429094, 62.61219991356544, 56.73371790102956, 63.95754431838398, 14.98864808166965, 47.94078001243102, 46.09805660952332, -14.91547339181712, -7.70013497063643, -79.99857748623587, -3.6081621582287102, 37.10374665986649, -38.84496583876297, 22.567694065773235, -85.27913112581106, -42.207176840144584, -42.664284729216874, -81.9589755604372, 57.434430989223806, -7.006219814773961, 25.661384149692445, -16.533491767940692, -26.13583679944576, 21.42610385672866, 113.2087899428681, -48.90117772277165, -1.4076924802065116, 79.60123740975179, 34.27635926620235, -63.65652745328478, -5.649783987759497, -56.311921295055846, -14.975722561868453, -6.947987327454434, -70.26426252897075, 71.07185310163557, 68.08325242063854, -57.628671860596924, -105.3719100926916, 11.704628239649066, -42.4986091028003, -23.909899633420935, 17.229595805640447, 72.31049630461997, -62.62740460821796, -52.615860525477416, -86.95033764943148, -59.34779615482261, 139.5504092997894, -107.12521657622145, -13.144446614425636, -114.75354975363537, -151.63234320778778, 25.975583326085072, 91.56989956614498, 55.997720356709515, -117.26406736298243, -74.36979185831414, -1.9306512137878549, -49.000668219037955, 35.825173955307655, -55.071671096901916, 38.403578698360896, -62.17351935365814, 10.897003909640462, -47.71144420836145, -16.399317663759998, -20.90002351464606], [-1.325104467256956, 53.13398628435498, -98.42364973146536, -69.0765383582383, -13.47687952131726, 92.17312213127252, -55.7434476089632, 18.88235578390329, 6.051572054243659, 85.08577484708155, 66.279015139693, 62.78457094261798, 140.05491551862525, 68.40572310557282, 637.5429202878231, -46.46511194662507, 93.95343497666403, 68.80455346988148, -55.8854098741364, 77.96453930733095, -79.52496738117739, -8.506956314518042, -26.576085337603768, 41.040661205377205, -35.358387477699196, 7.208412334044179, 52.573748677293125, 65.81750151242602, -98.84467745360934, -208.66074739712542, -27.542862970288404, -57.61921863176502, -71.39844516176235, 109.79051599012288, 26.52334123816195, 38.770784820555214, -108.03208731586363, 61.75597229880586, 45.83328588119831, -34.510731755294195, 13.790465050406288, -23.582328074093173, 78.6333017441581, 38.8963099091837, -86.28484248711015, 49.19423029650256, 30.935200974296027, -37.06151860088703, 80.0391992273773, -33.65106352759936, 36.28864729765099, -30.750239886685975, -89.29482760481024, -0.08649990483341227, 35.04027680583572, 24.900437163325385, 40.999376797722, 4.651218641685189, -78.9838474394802, 73.67388247799637, -7.7632042691393295, -17.563308997878252, -62.791473261409905, -29.056525704242052, -196.69073916903815, 166.3124295568982, 6.96184682799713, 96.72592185845365, 9.284003374912265, 36.12518557361997, -17.538984612855103, -54.373987213933496, 17.2863346553956, -71.56710928043425, 72.58211544332192, 115.65691201100664, -85.38509544408159, 109.43373937334724, -2.5697452052041205, -57.56615068359327, 54.87208123875404, 60.605197061277586, 14.139317859519908, -46.279131025746864, 75.11859855529798, 45.15505402733513, -3.008751543098021, -37.98532919633399, -5.250022124779515, 20.017330086205668, -17.38767501082344, -144.28093905343312, -12.3864103686688, 137.23268075715004, 41.48856742957081, 5.592241571091682, 12.71758341704167, -27.702022004705462, -137.05583039843134, 3.4766287979283925], [-40.74465368694054, 32.80196873214648, -2.60712497660861, -53.49662410788732, 107.89584960859753, 13.183843299404186, 6.820139366079452, -60.946322936991635, 102.70152482270024, -115.82203084815163, 128.86438636569488, -167.46418847264275, 140.99382532735711, -31.886733515300172, -46.46511194662507, 692.1782185319057, 40.5928431143764, 7.086657793719327, 54.546023987722194, -98.5519112678908, -44.2285110292138, -4.52936173098846, -18.620026813406984, 29.98458360474117, -26.180917819660802, 32.37244167561713, 68.86185756945, 147.56801320335984, -80.62921018017282, -3.1588587782488373, -28.90828552521826, 45.020834255172836, -71.19619866902345, -12.457506856777043, 109.04218988213647, -52.34925920388102, -11.536610185623053, 10.683281575115085, -111.22501227551739, -10.32532401016968, -0.09860039744702304, 38.82956797103562, -37.58262184634279, -2.3412766437825256, 67.34286568862025, -45.811026030833006, 14.012273590592846, 87.42345950879411, 99.04808588521028, 84.34575664235233, 6.654940089432302, -100.92675929820615, 132.2301556606958, -38.83490694978201, -7.129503366078202, 63.981722181534565, 156.91035488399652, -9.822416901522178, -44.117750785997316, -18.864161847952616, 121.37779527966441, -27.71635819903309, 99.13013581267327, -14.242840718022718, 32.37569212779409, -5.749509078301487, 42.896801806735894, -108.04881449573138, -115.72742066201033, -29.082307581128813, 111.59229174497926, -49.97172891179665, -35.01719475242273, -35.15082593339035, -28.830677588272096, 46.8893662856794, 24.798940031784397, 60.29541656768335, -13.322701497058395, 32.56257424267506, -29.893412053656338, -24.367181192489735, -43.30454259652808, -6.607337838699236, -22.073938065881276, -32.855198086096024, 11.41066133071732, -51.99730553071284, -180.2191060655052, 137.23495081168033, -158.40356995385326, 125.70052177466359, -60.79317092321098, 49.97381588850287, -170.21445000912792, 23.75621183740282, -20.113395347603383, 58.84034534548492, -4.178630932267842, 56.68657680649954], [-50.11266924473554, -103.74158924457686, -121.62280485607374, 14.71431261006073, -67.23376160933141, -85.72577711294527, 38.889883696558044, 83.06962758116744, 116.52015325818773, -41.506863096467534, -59.16625112442967, 88.15085078482149, 6.5842870530109945, 85.1280719854128, 93.95343497666403, 40.5928431143764, 649.5208839963161, 8.247155852624811, 60.97155221416118, -27.457078684515132, -113.90182706841932, 98.603692827774, 26.41337941963438, 91.29637363357088, -119.25620441493547, -47.27189781514914, -72.01858649623905, 92.1316357267437, -112.5360533956757, -87.79049012597048, 68.66423735051455, -3.0342224236611752, -12.946635043204415, 1.5779107188742763, 2.0246981068709244, -2.5151362377166544, -68.50221539777105, -8.16862041497897, 20.33347851815506, -44.00547573423749, 25.495301243562363, -48.015941645757856, 81.58171833878646, 9.148697034846725, 29.712055100356256, -54.87379143209474, -18.43933577216352, 19.65684214519152, -71.48449994230901, -94.4668035026641, 27.0884356752467, -103.2255046278173, 40.803931953558326, -88.27736566114585, 0.9182972264598079, 44.30619244343134, 36.20798388030001, -53.871997251488565, 48.757664262796226, -3.5642931742246957, 95.1134519009254, -20.216212567006966, 85.30703422497437, 29.465992473508706, -81.05474116109244, -22.723507754227413, -33.07345915042684, -24.248104861329743, 10.397767042038211, -109.64654403321845, 47.288944418412456, 10.789117522770399, -58.42395183399976, 15.668662865030168, -23.175235355437206, -75.79614853812109, 81.3299414656694, 31.7795911060357, 147.0483355030078, 53.212328888901226, 54.63723616206275, -104.99710377920049, -71.67414374495725, -146.40912432752785, 5.952058783081163, -67.17690077968993, -158.21786201363412, -48.53409639459493, -140.67834507325296, -18.28773886661011, 18.407380872062426, -82.01975634435583, 45.07789413774727, -17.13495008098792, 47.41234253450529, -63.424799249589455, -13.93800310243965, -28.711962119532334, -92.72996398313997, 70.48931862394426], [124.75686687678427, -33.8156263596717, 68.62751828694542, -58.1157054806024, 67.75658546197039, -14.660977610520858, -39.54441735326203, -9.528285121191297, -50.391395638391764, 47.74311209030195, -64.30423669930717, -27.2991457391809, 31.09691572011227, -45.50533310671947, 68.80455346988148, 7.086657793719327, 8.247155852624811, 526.6603393022348, -63.54396717371319, 21.625970672429222, 0.7354818402883925, -42.45605120328636, -28.247712718838915, 20.642258695709707, -6.0182753521383665, -35.51023649532886, -52.12632685350372, 112.27903716287537, -114.53263563625953, 63.41765314350633, -78.96449494961415, -58.32329178474786, 18.32156808489413, 5.295525279738144, 47.519009032791466, 82.58773056065199, 43.076400342880525, -38.40341263710981, -36.77357301143625, -8.470273620310072, 23.93413973982052, 6.267032768759892, 36.76802514992082, -10.881308471380528, -74.81662218645823, 24.312481262436265, 47.252336786791844, 1.7541201039739989, 22.753040792335067, -98.41608880393407, 51.04001336271316, 8.89728958457464, 100.70606240707181, 59.69122057495895, -4.950293019347186, -33.54355161553042, -37.08404608273916, 47.198775964925666, 40.135057126943934, 31.22962562024107, -28.926771029014972, -103.66720615630238, 5.869366100376528, 86.53384474527566, -3.586852704625327, -10.152760579234018, 19.190945451411984, 46.19316877199435, -10.793452977692079, -125.36071590916097, 7.488127998748906, -23.270909013846502, -106.64383929888149, -4.968679479354975, 39.683693652519025, 0.7414744505792616, -51.41384840495839, 88.95244165068782, -9.191966266230349, -42.36596603832116, -67.58225115705187, 73.40650339644722, -12.759017752708525, -22.366686602831017, -84.2686758707279, 5.6660371618561625, 41.760881153585395, -3.847744657238719, 9.853299092802077, 102.70077458347681, 51.00305709427942, 21.131332164414378, 12.352237333185787, 53.544704778156564, -49.73778609807587, 163.1095932306464, -52.11302639573453, -7.66152194155091, -91.28019180611345, 6.170438346301495], [6.7049421694134725, -81.13954555529375, 69.28961931244918, 146.58743289178736, 13.510827123118274, -25.535093663756175, -30.203307623655082, -43.67499073636813, 105.79225788605403, 34.69566012572923, 24.283448218286022, -146.05167040256424, 74.96132820185387, -11.919088449911278, -55.8854098741364, 54.546023987722194, 60.97155221416118, -63.54396717371319, 769.2330923480298, 39.5276743893673, -25.73203860251392, -39.371855967581574, 77.74441217247303, -35.9519742034062, -46.532819997163294, 106.66656423898898, -32.38915197989488, -63.314326798606324, 28.323357196715435, -113.17350041580278, -12.074277479504508, 67.57471423730553, 4.429944524785353, 68.3531767821339, -99.68492951640607, -32.685885311510106, -112.04467592445577, 4.448747916365744, -59.947126703037675, 165.04083390203613, -133.59931231963049, 10.128976738230735, 4.96487836002535, -24.369908049541536, -57.77805745358114, 30.831292871499535, 47.90137284790575, -44.28952867997176, 14.107363865214637, 71.60485676693447, 115.68286422862931, -38.03868735402631, -31.43861632866755, 54.50269068115908, -86.7165979625482, 21.467346095481247, -65.38098672743568, 16.02812242662919, 58.48169471941472, -112.95648209048252, -10.285587176355918, 126.1344123901456, -30.439962016499805, 21.857128568255717, -49.31067005880493, -78.94689895778461, -29.918687489126764, -17.301272495078685, 20.21123038593714, 45.67837154293569, -166.30816042375534, 22.92234363236737, -36.150813162042375, 74.67386625293834, 58.199320648093305, -89.69011269070823, 18.784242401983764, 6.672239780988715, 108.0063332524008, -70.5296153151469, 44.63183128960674, -33.00609363452661, 4.926299643193333, -20.838963223738116, -54.27538612268289, -81.57807448815814, -82.82812828778613, -70.89304836310144, 29.487697982756853, -73.34070792656377, 49.41900485192219, 37.330265432971935, -100.68867089609324, -35.040797118519855, -67.7368472863578, -55.41024950111725, 77.42900168770961, 83.30996755788239, 13.33568625513734, -36.540110009282564], [23.724757354927878, -33.971893575215404, 101.36162274831617, 47.36664444730584, 44.90201305239253, -46.678747794698445, -112.5721198253113, -10.737431204031328, -134.9759637372582, 90.40721037528239, -15.151661261668819, 78.72382359485263, 46.85643270896407, 5.9753956282984095, 77.96453930733095, -98.5519112678908, -27.457078684515132, 21.625970672429222, 39.5276743893673, 798.7270704475335, 96.06684379063888, 53.81645240135109, -65.10418013136369, 41.35237189309251, 114.86357112324696, -34.227876038725036, -68.3226365256507, 53.510691248173416, -122.21106330925413, 31.0721445876964, 42.19787952442915, -140.4170998269698, -9.548419841709203, 44.16537841491064, 104.78463174754938, 33.88438351021107, 129.88131268306745, 142.30963421420194, -35.379161332850714, 81.33835863502253, -35.69012362743418, 24.241070989217885, 23.024776646747213, -73.38282456779334, -23.501434197722126, 17.18034518809349, 141.46906255806567, -133.35371286734312, 69.74340641879762, -44.53801009491245, 43.07078722681271, -24.412843550290933, -140.13084533440693, -36.846004605235656, -58.843572289956334, -100.34930194036836, 25.366471477010315, -82.01568033635077, 129.3717202494204, 56.04611167322633, 29.113067127166847, -121.46221741432272, -88.05120765370641, -83.72591642735759, 11.75430500743385, 109.7014298514888, -117.69730169114062, 4.199640317785321, -9.229372161656519, -4.512553118161591, 85.10878925457833, -62.78288835072081, -44.03611344703674, 24.07326366212202, 17.574494380476896, 30.49534079155033, -16.538452897305884, 52.97329844667369, -43.971347674431, 26.5261921936535, 2.5483481611289664, 114.04192393393495, 12.005554126131704, -69.78249651461611, -51.423875172931865, -53.74704596150989, -1.9304203542694454, 97.0684786614046, 189.14572083607354, -131.32839248433174, 57.08884705730611, -4.3321658692020035, -95.40505368316731, -124.09407139375652, 20.173982971541967, -20.853927603413435, 110.13768598085716, -80.22423047625817, -59.19651395077802, 21.228279922066278], [-19.171277689715698, -98.68378136974322, 92.50754708897277, 77.57667364118458, -91.23535315035, 10.536490675449155, -136.08062919336857, 25.671808266818754, -44.9725361770845, 73.77399778623787, 102.62312981907311, 27.264953430551248, 23.12984874652815, -108.81842