{"N": 100, "M": 5, "A": [[[765.2990322622627, -32.942124846319736, -47.304330726341234, -60.237159222236116, 39.7212611961443, 5.189194100633846, 4.886799961232357, -85.81476421762852, 69.489028030999, 54.98806358042959, -53.62345043552823, -19.488730473323486, -56.751158010662685, -82.36957697087468, -4.948462170448578, -24.854081352741463, 76.66940811508931, -29.68740089684499, -48.108948830478845, 6.293448029478823, 61.89046192620235, 2.5931486973293065, 64.69888987361408, 99.91422849848273, -30.154652438892008, 26.06649148955667, 33.173619038090585, -92.91268305137388, -55.05016670178559, 26.722505668386415, -11.272748988152555, 97.67877929541017, -30.811710643841636, 82.59539055931899, 87.00351266371999, -168.6462673624267, -38.218164795258595, 90.37719713065141, 80.03461256569776, 7.645970372542052, 33.36714497007725, -120.91553888551807, 134.449338055526, 12.558917832392286, -157.8062529780787, -0.19886123242182632, 69.69222162475607, -103.15011077555702, -11.907498686620587, -63.0563825650753, 8.061718920805776, -76.32369816426622, 62.172760762442536, -63.71959697641921, 40.7129615274121, -25.546051140383963, 26.85786816270461, 112.6766162370843, -4.726505728837796, -119.62352751022709, 24.471569894104842, -127.1236602556734, -70.98726406378218, 23.67441782905215, -135.58136637180755, -6.752791602982948, -26.82152537531158, -20.094675405054968, -83.80251209302243, -31.736762493101544, -19.01958807006286, -16.548701435501084, -98.51051776792178, -3.2915207226184857, 16.421721228845435, 15.216884543572535, -32.32732776352768, -12.011058733296455, -74.37089661972132, -145.38128399727253, 44.98588747812787, 15.971514561971777, 71.5704756101885, -0.0910894942300099, -109.85512084897837, 113.76042991626048, -37.0349173911561, -105.44993411186782, -6.105912512406837, -0.7538915267195497, -35.089480241357826, -77.96185878512269, 1.9656084325412269, -110.3531694939717, 2.9964755368244353, -95.48688789833277, -6.255105680149417, -84.7838265215246, 13.117311497319093, -70.62194346597806], [-32.942124846319736, 651.6810613068385, 88.24872058132324, 30.328109003524432, -26.426474867066826, -17.782311502665532, -76.70311365685912, -5.037198898668007, 86.56991051529687, 4.4303595845714385, 71.33071105328565, -173.23843380254317, -4.233969818595065, -44.71451978355894, 11.54460060003247, -49.83102330609049, 57.78924187058326, 79.55665871275868, 4.194389432599221, -41.553123975046354, 8.795399478560139, 75.63145916703331, 122.65311758488222, 78.92456824523398, -108.04340409696556, 74.38005075462084, 8.724124875014269, -26.555388878482038, 82.65221944259173, 183.9673519667166, 21.62466275138905, -16.252301962059104, 0.5357302115699086, 30.93120977084577, 27.721353918840645, 186.90614654147183, -13.691539989364012, -26.451800890992683, -136.22957791488923, -48.92922459950062, 48.120656888197416, 33.818650732171264, 110.43938423060168, -65.19289190948177, 44.322535585097086, -41.10984430390317, 11.361088578147141, 63.10091162630044, 46.78795343631846, -44.01798578373544, 64.40032325868883, -35.263461653417295, -66.39071943570463, 21.462632095619863, 16.038251369116395, -10.94512395786911, -7.240038607169182, -46.67610174036263, -4.758369041547899, -36.82090238222204, 28.93314071107123, 61.4543487466045, 15.826552800210532, 82.00888875838592, -17.873695593863616, -124.24148926761889, -55.76940641056088, 99.28499715569924, -65.98303273970035, 27.342189076998334, -36.40516736695261, -81.13108610590096, -44.21208309000206, 23.07898049736782, 6.413352096171617, -39.264633490685114, -44.77719229337935, 94.93556547134956, 69.21621606013655, -19.044926501106424, -65.66504315851176, 102.9005659284557, -74.81819195850244, 13.166085387416333, -53.50888077825006, 105.3790805674818, -0.07375859927710629, -134.96727407023863, 29.400017705783124, 127.29579492616548, 28.250196535035432, -12.17239740220135, -37.470185154660044, -23.10349315460616, 79.64405529886155, -22.855322273940526, -16.695755194991264, -58.64235153493741, 92.97096459665396, -6.858118236011972], [-47.304330726341234, 88.24872058132324, 790.0163803180586, 51.40150411585332, 27.202984586291528, -91.69245289559515, -2.914339814800796, 153.19584869722104, -26.81199844456883, -130.0049277229318, 109.07169978311073, 17.340803490751846, 10.031671820243657, 63.53234288558012, 25.151727429541438, 25.3852928018338, 30.868191797074864, 78.06028477072142, 32.58746261416823, 20.29556942000762, 12.384862743616042, -32.37083616012884, 62.63571142287523, 11.682100761545948, -27.070802561167916, 19.86846481532392, -146.15388963876356, 32.63576468201976, 93.62605859663198, 48.64711590601447, -5.713758463661485, 135.6867495417428, -3.8947850481275976, 96.90049669535153, -148.88616023361982, 271.7916379368197, 73.85121680543728, -83.54042779493103, 94.67389679765284, -65.45804031381132, -7.389246144248538, 54.51119360331892, 6.374952421651975, -45.73060721936711, 69.96304071174217, 61.82967467499551, -85.93948841573771, -17.95793020939591, 35.68753091565501, 55.76154872801101, 114.9414087441363, 73.60550447175716, 35.13104694548018, -160.4291405604022, -53.191018389520465, -30.24179682848291, -80.58235439660005, -11.282448353858483, 49.7948935011117, -49.86384469015495, 32.062473436808496, -115.05639753982233, 72.02986631367067, -82.16658442226651, -120.80630241359026, 19.763292062798673, 39.868694234534075, -34.53663807149262, -20.99390963150616, 61.40456304573611, -108.80551856341792, 51.4060477580327, -49.369744345994405, -83.72050712894101, 9.515061096661583, -42.692283025301656, 151.43801403236205, 55.42501046743121, -77.85121298858554, -79.75694947603911, -24.82087020211372, 66.8591154566742, -121.84514099420058, -12.63804001634095, -115.35565713377156, -40.318176618368526, 42.554705757570815, -63.70487544821918, 76.22876192991293, -100.54196939034101, 41.74133453841983, 37.65042658970145, 54.7389658531685, -127.8085290679383, -5.651989913706985, 76.50325130258838, 45.849191152069565, -11.57486631884829, -43.72125587709793, 17.735200014441627], [-60.237159222236116, 30.328109003524432, 51.40150411585332, 874.0737296148242, 19.293936782430816, 57.254554332576085, 34.68060102279746, 54.287075551303545, 63.615738226039724, 85.11300182645262, 79.27561173220136, 10.067469506271646, 144.72567409330486, 36.99214262995614, -69.46813994220662, 114.87110893786677, -60.91830426160251, -57.683387477712344, -21.587832390722934, -75.57253045362836, -21.715419164856023, 118.67467313742969, -52.98150296051961, -128.7691471394773, 183.64653732132322, 77.74252636623046, -1.6054149443000565, 13.312142373196009, 24.430362195047326, 75.99038468258516, 62.367753019268875, 56.478379636956696, -84.73475589345675, 43.308339360586594, -84.76983699242848, -150.70755022821493, 21.168774160177865, 2.6492507078030023, 45.50529968405419, 45.75871165113841, 52.722812911762986, 62.33342213880532, -57.432119890094285, -74.85845297892003, 67.11715098252564, -21.001437955941533, -39.05923544281006, 53.148668658679895, 4.383910165627144, 97.89953912667998, -26.513597581583483, -122.4868457519, -30.270420078745495, 59.16726078910149, 32.734813321279304, -25.75627170765852, 96.1873519394102, -110.96501679674661, -52.5225670874089, 40.714800014446546, -16.60545162745825, -0.8152053507277706, 181.2928707211787, 38.541953191835034, -73.28700991695793, -58.5742650498085, 44.18001071954511, 118.6527549990734, -5.707958649490484, 144.01387403611366, -51.88423001701897, 29.32209223990021, -0.649538557851863, 15.08081106623563, 46.29385358456929, -167.51723688608544, -84.97904192104035, -82.61924029496394, -70.47343282217611, 93.44255945221083, -44.0297089916523, -39.51413506362542, 13.489562769543515, 59.75283887316576, -86.62850775783346, -95.7769537954602, 88.75182151760349, -70.16486486398593, 30.4171885684132, 133.7349708187228, 78.43950406400712, -3.7523607439120625, 12.470256067226076, 31.865300199812598, -17.623321992843273, -16.832848633904714, -61.54740858786683, 5.442601420387826, -80.53653363162236, -52.04762882805615], [39.7212611961443, -26.426474867066826, 27.202984586291528, 19.293936782430816, 801.4453368850261, 52.72148141205684, 34.19653137427027, 58.580807344861356, -0.8874523408571603, 59.43880162271896, -15.537685985516916, 2.732075496819754, -72.36246244970772, 10.306934701980897, -184.12216117971337, -17.650527022491172, -78.85218139113401, -37.9301478158165, 26.57422298989026, -25.645866364974026, 46.033498159578, 98.79862692229875, -103.54792609753324, 49.22004114773351, -128.1131688459354, -78.5339831320909, -137.87819533572195, -107.85911945010602, -31.127175425379242, 75.53047811501483, 34.65377097099376, 111.50878973578708, -49.860714081975004, 27.408566351778774, 9.805579488066911, 129.80692753418492, 49.377227900901325, -110.57810491786854, 61.82301161766828, -19.93177288468427, -114.71208980713234, 25.53136223919983, -24.918828278310265, 68.14403445299538, -45.06483450448188, -67.33144557404314, 7.548544554658478, -15.976766617873768, -77.31750004627158, -38.83189836276828, 138.74283709049672, -16.222471439819337, -33.81534296417461, -26.82031566050997, -27.33767311670632, -81.13283825352167, 143.08118701684984, 116.68570603694774, -83.30119039219808, 80.86355177972207, -50.01791252862937, 70.78468151659477, -123.56022630563174, -77.74612595244314, -24.77327062508632, 27.018177901820955, 124.21610863617315, 116.58947845118863, 56.68757642280164, -85.12783876911898, -156.0131962228289, -122.31139499939854, -5.07504708617251, -94.58053909684075, -141.34365640645373, 40.33118656160629, 107.37705371589264, 13.388619736793483, 14.049041630495715, 76.61947753949504, -45.34741671008836, -5.582845772803361, 22.13836429935328, 14.617318348217735, 90.34792293949927, 75.35658449272286, -92.00202597081015, 69.00404531912395, 40.958391436277815, -87.9713267171646, -19.225703868274714, -151.3230060762016, -39.6465736990405, 19.329450916533453, 13.097399643221937, -174.46477779928435, 84.86351082316234, -135.75527017286885, -29.386329867112938, -26.754585998522447], [5.189194100633846, -17.782311502665532, -91.69245289559515, 57.254554332576085, 52.72148141205684, 744.4230947971896, -43.618774478664584, -56.690491904463286, 25.430430222261425, -2.8022109049285016, 45.18039771076762, -2.625235934251182, -160.94839464463163, 17.353763458114425, -123.10069179938338, 112.4165281498123, 39.3676722300411, -11.183527871020672, 3.8246302674459005, 3.013990989078954, -10.189510794266615, 25.014211301093404, -0.5212460614346689, -11.12829813520424, 19.98851056643971, 19.004396335413347, 39.3359778811125, 79.45638292736346, 0.23421071958736261, 4.720644892015392, 60.410825478742666, 35.732952281911324, -31.638237062974383, -17.356663744155153, -2.0214449981829468, -34.818981067652125, -14.52733918843181, -107.47444726639374, -7.612299039755345, -17.041611571953943, -49.150986082614516, 53.29477154438865, -71.07682919334597, -10.59488576184789, -27.10059038965403, 19.30429925127935, 52.781181700553205, -70.75336377349434, -1.1798930582842146, 83.9557966304569, 23.860052366007803, -5.721607893679498, 61.68745938612381, 10.323452494004238, 87.18059822670101, 42.10264265730987, -27.682134853978695, 53.50754776761174, -89.73655317203276, 64.4002179975517, 91.44666163351498, -55.31606030908182, -68.71928894108389, 42.00678499393237, 25.801353992191025, -62.65486580676968, -94.7491049732742, -13.777501566965174, 6.305981080507929, 4.831240232830313, -16.24976676077839, -122.83788550236774, -31.441126282822662, -23.783435226285583, 32.19095486651047, 2.4546629120491055, -90.19288594002887, -33.775517838470414, -22.45981604812098, 36.369966879169596, -79.07210245000846, -45.92125197705431, -1.462955231939159, 133.6850860180581, 22.934949720267195, -23.65444163495094, -129.76855479730838, 18.43104644542314, -82.65896555088551, 168.85357124021644, 12.980935175589535, 4.231034631503646, -152.2056934390389, 57.8082624473416, -46.35293699344228, 26.02880356308081, -36.936522961444126, -20.180405221502415, -33.329397888407684, -93.32457206943955], [4.886799961232357, -76.70311365685912, -2.914339814800796, 34.68060102279746, 34.19653137427027, -43.618774478664584, 748.9473111466035, 138.30123403831686, 37.89238498983952, 161.85554172270167, 22.90456611976204, 107.69918287819665, 13.865352260127763, -48.79839978192417, -44.791676110696876, -45.66429203470087, 26.404716206376076, 27.416139644236964, 118.15518988134347, 92.95031705310865, -133.1820374801069, 35.8606645956214, -28.725729205214893, -28.791162909882598, 30.53883070180208, 95.91555746032219, -70.2323099417467, 18.822571315389496, -70.98697077704934, 69.13814732049282, -14.417080771237266, 9.352437840176297, -12.263608831152174, -19.808609122498183, 18.114288334121568, 71.39934064141757, -33.314196009320824, 71.78684690879587, -33.87152517081553, 8.283802619193123, 84.86454800935913, 12.969327688431015, 74.56096147293553, 28.06893450742109, 36.92565656136009, -64.25192536941339, 38.65130009312003, -17.08516101952843, 22.340943576095945, 48.95215008542498, -64.73927346070184, 87.9482031015018, 3.124873840966551, -1.5330806262072678, 59.84815347469011, 117.82909225088967, -7.733818746221198, -47.32667433149399, 42.14004577183757, 34.626943213005674, 11.433646512938887, 102.58655992224803, -40.00846620143552, 65.91114680054199, -52.28754646320288, -166.88155906175328, 51.26011101585243, -156.97279933888936, -47.3467117728829, -128.16590729061585, -46.84558593969684, -41.610730002676625, 26.057915847049475, -63.895174146105454, -98.95048846859473, -13.953541582323387, -15.94200486531775, -7.96718648329883, 63.473836956285425, 4.954210902772885, -73.04267813167593, -142.88460056795475, -31.9368515234657, -22.270679358701535, -42.12719500054944, -34.12000657494586, 45.191189765756526, -82.35365209724627, -60.80991836066789, 86.20231846269138, -77.79496540825718, -13.30293709934239, 38.53194136457853, 8.67052024903558, -12.924252897113789, -31.537361137889107, 65.01634930210481, -80.82383811974736, 74.92478747165207, -48.521056536726135], [-85.81476421762852, -5.037198898668007, 153.19584869722104, 54.287075551303545, 58.580807344861356, -56.690491904463286, 138.30123403831686, 645.4682660704441, -34.01217422741989, 14.967786736835844, -5.921140326600997, 21.011415708036935, 34.487884903075624, 92.89702062594937, -78.72125630192325, 48.63161145277223, -102.2016106848238, 80.56506807238567, -15.313871726229145, -67.53255421217884, 13.555467332300767, 47.45157395239312, 24.798566080701896, -41.69758188390197, 84.62240742608965, 24.610196494121258, 8.74162639938367, 122.12172615323419, 18.89985126597789, 34.181071147920385, 62.728287834029345, -72.49437517270253, 104.73387776105325, -76.16541368883792, -12.573024431494538, 19.835728492503247, 9.571000877599282, -32.51888784262215, -43.642966476909116, -94.18521685457335, 16.273844567715052, 30.57123963277774, -50.144332353887414, 9.967479715652296, 38.4624009641873, 66.6574833625573, -32.834291563267755, -26.59853813246732, -39.46493441381478, -36.42169824028186, -41.11650442933593, -80.10061970302057, -4.097275905286488, -60.13253174143021, 10.47748061593856, 19.113939731701052, -20.086869114663415, 40.61577792120329, -82.76243282070494, 4.945813063021905, 42.33708368350128, -35.73677367089026, 108.63710991515697, 73.72850944507827, -32.544041485308206, 44.738542116799024, -27.92401009408246, -3.9947760067860782, -80.05438882157479, -62.68173151293514, 24.783228260048237, -73.85109552919725, 9.38069066847169, -38.209586046069425, 2.592409324455432, -15.283371270381828, -1.44088312217678, 30.679976206255805, 26.660082534446303, 140.94412555255315, 1.6253146165254202, 26.388782645736107, -42.29413385372118, -84.85403709317855, -12.539258289433029, -48.51489878878636, -29.64781515722723, 15.022135487206054, -24.703480540668608, -34.20357945217976, -28.548339733793398, -53.710919045979395, 6.962987572090678, -15.908438953622344, -72.71635325005403, -84.3246539898702, 18.884335865268493, -7.82055573372391, 53.34399306962314, 51.95872444931672], [69.489028030999, 86.56991051529687, -26.81199844456883, 63.615738226039724, -0.8874523408571603, 25.430430222261425, 37.89238498983952, -34.01217422741989, 598.90720217903, 89.37320501639698, -98.7127581696614, -5.848212631824691, -18.45502308770008, -34.956568004648496, 92.79318989946762, 42.42111108724869, 68.54084656638989, -49.24975003928741, 96.8657189813231, 36.46878635545017, -63.32940210871246, 45.115120309666786, 42.01608962863238, -12.877600077877016, 55.960649260580205, 79.2829781217801, 67.34578181778633, -3.73847433228562, -78.51300379077017, 57.67533539204203, 98.93273660069254, -56.270619119941664, 99.50558862456319, 128.0117174302146, 91.57714524414838, -62.4640452974681, 90.1597466680725, -15.57161156539063, 13.944079499107604, -29.107317450736474, -58.702803816936544, -72.86801575050289, -59.792365885967044, -44.657640403278805, -104.00782904507649, -62.06318642706597, -86.743023878519, -33.59573376280952, 18.19385332092732, -61.18972289489005, 52.91412278113332, -11.213794702169203, -62.91137637487579, 31.417795865332785, 89.05355435916519, -14.838487223966277, 22.823260864015985, 16.785999414522472, -11.64233423682999, 21.749074472433, 3.824965645044555, -4.376622378911768, -52.778546845880506, 0.06335473277645369, -74.69480756628577, -97.33025736732841, -5.796051096935888, -28.128270448454664, -185.77322719295532, 99.34374855631262, -99.46600071251373, 14.33349658168114, 9.682789406260213, -39.21942962202545, -60.181630485434084, -47.8574429199158, -119.1969984798041, -48.95090431018849, 66.40711930709644, -72.00169364643385, -91.50143280032178, -137.019254422076, -18.76062745291678, 91.54999432269453, -102.01666153561855, 59.45869448540067, -44.14157144276839, 52.058169771103636, 4.772758998414061, -59.565577652786956, 20.688217643054568, -15.24941627488635, -6.219972165929699, -99.00107063345953, 86.37090643005806, -16.310771398235705, 39.053738661254954, -2.156074909833692, 54.87761184375285, -44.74755534404695], [54.98806358042959, 4.4303595845714385, -130.0049277229318, 85.11300182645262, 59.43880162271896, -2.8022109049285016, 161.85554172270167, 14.967786736835844, 89.37320501639698, 973.411764833397, 25.07335726348756, -45.08179676059218, -36.706646980242084, 60.903570006147746, -46.50630755178743, 154.96337118123407, -84.35504376102094, 123.24684645598849, -77.50299614795607, 102.246012873567, -55.15362604508406, 63.88332241578074, -2.08117549763172, 43.89576129626702, -41.52277346079038, 36.32265259120915, -80.42089010414884, -7.0088112992462905, -45.25817614206644, -56.84689494226009, -17.956510901029876, -27.67452599908402, 11.63139679325928, -62.835119404380066, 89.93827455316125, -76.40348353555842, 119.30697984947622, 10.765002144797746, -63.86461051417363, 69.11647905800461, -10.176934894373117, 39.5674060062687, -14.01285013392619, -1.9512183774797807, -35.322977080610876, 109.40785137381312, 47.91089582175567, 62.94291080113279, -118.47504012638036, -49.2216327130923, -16.365439101118593, 31.258432264356625, 35.12779499727679, 29.079334906438053, 103.12371510849253, -69.86427886155319, 79.58296972469273, 101.45580672156645, 69.82707227728173, -26.301667985850376, 16.058324197648837, -103.60875154312514, -69.65778242172878, 9.01798184374565, -15.34967180868263, -100.30937584016553, 22.667749542169517, 13.025639090638311, 94.5807342279511, 79.54897117519046, 18.48469466609753, -72.53769552984791, -32.36912189549887, -79.99774842796751, 22.18408896624131, 152.9366591744741, -104.40075353277906, -2.59579009086436, 59.19837129261453, -21.2472031336338, -9.202970473516853, -207.48454297699914, -2.892435762330758, 17.189924337630185, -141.78125236515802, -0.320199378141877, 134.50480229952456, 26.23318603104094, 15.593456174418964, -28.0402727002966, -50.30499891799857, -186.1290555669926, 14.79356202351968, -43.95945631122714, -144.1360629514692, -32.62476522181449, 41.97287035019022, -43.81356763090201, 32.170268705401796, 59.60290893494209], [-53.62345043552823, 71.33071105328565, 109.07169978311073, 79.27561173220136, -15.537685985516916, 45.18039771076762, 22.90456611976204, -5.921140326600997, -98.7127581696614, 25.07335726348756, 738.4021372752655, 36.489221228623414, -3.3836975600518318, 11.076127655213758, 69.75157813440595, 85.96794478615327, -33.73365672594467, 0.6570187103567671, 36.66693367618033, -58.07989385601621, 64.0929434793756, 20.744554548228592, -1.1736915383837114, -75.87646065225813, -41.54725321280761, 21.832909345072267, 3.444055754131618, 7.55000532804404, 134.62289969434906, 0.2303757432653379, 17.73837512547449, 84.17492461355693, -32.457990954182314, -42.128220906045016, 102.12246332894136, 49.669766822144396, 5.396153233640768, -4.794755791809304, 27.6810775338019, -57.537787718194174, 29.903672856013866, 17.81837475983062, -0.5016820817158467, 15.042475139342427, 30.997035375993434, -14.913606015279624, -30.35733010454504, 63.89509828318417, -51.52671427923813, 74.11295276414515, 21.379166970585178, -6.687515671834257, -7.195440586771368, 10.273417674953023, -44.41034231016719, -19.458961424444205, -72.14898177411995, -48.30198904814673, -31.907223248134272, -12.641297478915716, 26.0093265194432, -57.912787840161506, 65.12908387183974, -25.63352172874286, -33.26911427926887, -3.417711048945421, -14.614855424254216, -11.797883333861686, 34.118464585607484, -5.841808419320542, 21.62825111328114, -101.32941331563968, 35.59443825665646, -19.142154733902903, 127.55972848586123, -18.18801664178272, -109.53031832970647, 55.79289182066878, 80.56920368354095, -25.5896536106523, 32.373834877620936, 22.197208638778353, -26.26881121017072, -15.255834720606025, 70.78598367665364, -103.68753332785768, -109.60814585360353, 42.22990771538846, 26.821753343872537, 113.81185123257787, 142.52168945751924, 40.527850919784704, -2.110289098105202, 33.55679992881529, -101.82482225329305, -38.38156761016555, -38.601146267347225, 117.57143426762782, -41.26315906427134, -7.1106023090345305], [-19.488730473323486, -173.23843380254317, 17.340803490751846, 10.067469506271646, 2.732075496819754, -2.625235934251182, 107.69918287819665, 21.011415708036935, -5.848212631824691, -45.08179676059218, 36.489221228623414, 759.9543452926392, -193.44658932060474, 3.185651099841391, -47.0508006861059, 5.123416542825078, -53.784078027980016, -77.91926924991597, 21.476496705909383, 7.945164297492033, 82.05576799960487, 3.760896012750493, -143.34009240586596, 54.84493357618757, -34.128774433983665, -61.391974180416256, -40.739697249611, -67.36825109649544, -55.45227521182064, 127.2690597761128, -10.462079518442934, 7.801777186823359, -93.98975346304385, -3.4697349605641543, -55.25733599993355, -2.14860884716466, 30.952530957341953, 122.62153602734874, 90.49881760548948, -46.50843177378977, -17.041776624798565, 119.25959539033299, -9.497093943152818, 55.63393294875231, 22.843261740917534, -14.115980435868707, 107.87433835885936, -103.11756813047346, -64.24024094240526, 148.51053830901805, -13.35320206744172, 94.7618598946243, -2.839589337470665, 56.07998596345889, 48.79319462164104, -13.330163878178306, -55.65543062138969, 17.133418581122882, 81.91000071262445, 54.5816620672683, -71.87947500330037, 19.305426205350784, -12.632735406195907, 22.884680649776005, 49.935509055766055, -58.85569117217395, -59.63915178014598, -9.87948285474687, 8.353447547879497, -26.958400222930262, -32.39542369603495, 52.417820841771864, -81.0875334787015, 80.61510839146027, 17.308631447307867, 77.72058952049306, 196.11748683214034, -105.24579023331141, 29.148369463411733, -107.10301671948591, -83.58812660402546, -36.87606118156428, 47.39339512122579, -2.2001614567310837, 11.302238454461545, -10.656838448502338, -190.9208950136596, 134.61785062716012, -25.609811885540182, -44.02264999010789, 23.09096487449985, 98.49604936459497, 3.7276166956268812, -9.048543709048426, -43.39407636711805, -32.67158246951656, 8.072154042995312, 113.4945670105318, -47.50066697245479, -61.75364102947324], [-56.751158010662685, -4.233969818595065, 10.031671820243657, 144.72567409330486, -72.36246244970772, -160.94839464463163, 13.865352260127763, 34.487884903075624, -18.45502308770008, -36.706646980242084, -3.3836975600518318, -193.44658932060474, 800.9892659268187, -164.76477405582077, 72.56611820478848, -36.122906566414294, 3.0097183458722845, -27.95353953372821, -44.44676783940703, 9.604245510262848, -12.48465983617353, 52.60781869718015, 150.9648579627842, -159.30504952423968, 42.92196692452306, 62.26525435968509, 20.85625370222378, 1.438840197743512, 152.72114202008328, -21.16899194868814, -129.13788369268784, -78.14971663245439, 44.91947556300507, -14.409474086663087, 8.502750554330534, -42.858782490122096, -55.025338325200785, -75.44280247309838, 94.5143516239578, -6.450850848090745, 115.54540805926682, 55.18046081453287, 0.9096411271796239, 67.05715292096176, 2.169677307157514, -24.737504181135595, -71.53893299219948, -19.26207973950475, -70.32559549784095, -65.63191999401256, 23.751386713195853, -31.3898246845251, 38.473998415328396, 52.09116067503851, 0.9422686058248256, 89.35431123755524, 30.645184641160466, -185.14373663048147, -75.06286871095006, 11.007829854486591, -115.25140520536691, 71.80219472256422, 50.01757555023904, 92.50444561991547, 6.418907581176786, 37.122918549395905, 162.07025825551344, 33.7226485557647, -54.28221924635097, 166.6838380531763, -27.159483577268436, 21.67924546163749, 11.32275393392465, 41.2184875149162, 6.653334889311971, -113.08666017566603, -46.07373942708251, 57.65108369508209, 47.833496648170374, 41.35142423191912, 96.58248149239873, 17.94758902068803, -170.99660886616363, 45.55795554912111, -15.177605417187506, -25.682779092409707, 18.829278479694498, 3.2141985245648574, -17.053631956570968, 41.218186578005444, -6.051648114865226, 43.18148467679945, 12.928351397450841, -29.838410470629853, 11.515213239110867, 138.05744361800166, -36.485558472624575, 49.25410826259827, 49.61567313078371, 79.95421764731762], [-82.36957697087468, -44.71451978355894, 63.53234288558012, 36.99214262995614, 10.306934701980897, 17.353763458114425, -48.79839978192417, 92.89702062594937, -34.956568004648496, 60.903570006147746, 11.076127655213758, 3.185651099841391, -164.76477405582077, 726.02606085295, -131.91911974550527, -0.5090588086670456, 46.674588686723254, 76.96372408485662, 42.6696108609939, -105.79611155657706, 18.41879448337288, 3.109520468479539, 3.879428877861166, -159.05356594284743, -119.55356834854987, 8.479222253637065, -88.17597021856551, -6.121473103545892, -62.25911877606858, -58.728682305184, 140.5404607207661, 88.42043428133941, 68.6928392130972, 34.16843812947577, -21.48179928347654, -87.63841467450032, 52.06758221209101, 43.00644195543242, -6.90021593084697, 3.8070855029174573, -7.352304106452251, 95.56720406820847, -27.314582547721884, 31.0141066883648, -1.6803652558498414, -52.42477732517973, -100.2325952927975, 33.77345077146213, 24.19348608708269, 21.649550222527925, 9.011283533470845, -20.753685063984353, 102.20357428276337, -36.38336681258488, -146.83481463647757, -64.61079235713143, 87.24341180841063, 108.39118890481116, -93.81329978752336, 6.741350256159866, -15.72527191673389, -21.671640184820895, 156.6146699781, -3.564337610728592, -15.925978423134627, -30.491199310878528, 46.2994235531076, 47.04615583600028, -118.28612788962512, -123.39692977756968, -99.02243324234855, 115.9537333412609, 4.05914985109694, -24.14030880292085, 26.820918751473638, 31.050160017045897, -17.8712277285236, -47.27186570849732, 69.16792794227919, -65.9830991117779, -25.986484098453886, -11.172248278044405, 0.5743698425650725, 4.741886256225505, 64.46815672305378, -143.70944874183863, 41.99522830477142, 15.364494029118873, -73.58588677526359, -86.88315269131307, 87.73870124604083, -139.69558753330244, 80.58627598326427, 32.47205755093646, 36.66638843916599, -33.476849580219636, 30.486785027815063, -65.43529712524344, 156.1847867791996, 51.57216134530355], [-4.948462170448578, 11.54460060003247, 25.151727429541438, -69.46813994220662, -184.12216117971337, -123.10069179938338, -44.791676110696876, -78.72125630192325, 92.79318989946762, -46.50630755178743, 69.75157813440595, -47.0508006861059, 72.56611820478848, -131.91911974550527, 884.2099827976284, 72.7944757006688, 12.474703745112476, -2.7604077489077015, 97.2901711917968, -49.95882957263595, 90.21678617693604, -34.77920718721946, 220.3009774714721, -3.983741944769062, 105.77208998380162, -70.92969462926051, 11.980780404964845, 5.4724695116660005, 5.103741330319211, -62.13485922023438, 1.6568225769631488, -5.873384333539432, 13.925842748443355, -37.584549129505284, 93.06918705479946, 57.26459584702904, -19.653671863616303, 22.337579360079154, 115.76153108018248, 90.67224359213472, 8.691796682730057, -61.616082061527315, 150.76063528560627, -197.02212281945998, -25.83143205326971, 19.08390981576509, -102.95341064504065, -32.88929676227752, -75.76753294590344, -16.10233642773291, 70.62725032275473, 5.251678229947077, -123.928349330699, 29.84218984917639, 72.77669663308156, -32.34524341506643, -135.8671796550645, -47.18916595837165, 34.34742117514085, 160.25231490132208, 14.971148737947896, -2.8264805462038516, -32.565558152053015, 38.829680863811284, -20.913059337804864, -125.85745449712097, -0.2774347786461223, -59.56138824143227, 21.228526039340164, -117.76336523976133, 60.29119060494875, 140.96594576196154, -37.223825535605286, 36.86760818367629, -47.13358875541802, -56.551763731264685, 68.8923797936301, -105.28558640643071, -41.8979858444634, -109.50615607436625, -72.32873076312666, 53.5124302043631, -79.37886928235764, -46.45644023883839, -57.5670019350353, -138.71277797012348, -9.938234423679965, -139.50897686647107, -45.89424852556203, -11.310724665131968, -62.7504029144456, 213.62280351272818, 5.739488477696061, -36.60598714167468, 13.12443756305113, -8.017802861137259, 119.69035946086224, -9.763235232912924, -18.270888210611183, -4.60750037784893], [-24.854081352741463, -49.83102330609049, 25.3852928018338, 114.87110893786677, -17.650527022491172, 112.4165281498123, -45.66429203470087, 48.63161145277223, 42.42111108724869, 154.96337118123407, 85.96794478615327, 5.123416542825078, -36.122906566414294, -0.5090588086670456, 72.7944757006688, 658.2060620926973, -49.06493073120066, 48.657918383089715, -96.44150641595739, -103.9741223483261, 11.967098187034635, -2.2421498369604658, -22.8117028124584, 17.619933589632222, 179.7836713859003, 43.541472001648096, -122.05793048620842, 65.85967210561623, 49.56836637236133, 26.872090676446817, 67.78674403846372, 44.5813588388534, 104.89673252931713, 106.48986882500063, 18.012182134969773, -53.52492892749483, 15.584495903017755, 47.8286119832091, -10.632948948641335, 147.52196594315268, 30.594391976437162, -26.172495642111887, 121.58349096971902, 2.542110022910879, -63.16810021005689, 36.8819068095578, -112.31798773508208, 23.97918646763103, -84.72569108268964, -9.164456077624777, -69.79912521721536, -79.28263376813976, -42.25052811018188, -52.80143981740303, -33.55578763990894, -84.57385252774533, 0.9728853577140141, 66.11030093706877, -71.79744678638176, 70.22272111812357, -24.22866164688561, 15.518564311136155, 121.66233159952823, 60.98257318793151, -18.630514802719162, 21.786436097874553, 1.0911934045268732, -20.7236717528096, 81.62142755634557, 9.565078720014409, 141.0005796185573, 30.355551345072005, -68.07575563960017, 51.47006083605656, -29.506892782300426, 42.987997764514056, 29.905643123488733, 40.48191272674762, -92.39362692415845, -84.58210394926688, 49.57072873265204, -48.117202473549355, 25.96418629653799, 2.823979178474996, -37.05499080166698, -81.78372324641599, 77.9599677011943, 115.11767378579144, -69.57868358997452, 48.55428367088507, 0.11157098361726628, 7.932926861902069, -4.669007819090679, 64.43264178004884, -31.630589992429364, 70.5735252184913, -0.8240534403734607, -22.08269079777764, -24.811388796586684, -75.43074809812522], [76.66940811508931, 57.78924187058326, 30.868191797074864, -60.91830426160251, -78.85218139113401, 39.3676722300411, 26.404716206376076, -102.2016106848238, 68.54084656638989, -84.35504376102094, -33.73365672594467, -53.784078027980016, 3.0097183458722845, 46.674588686723254, 12.474703745112476, -49.06493073120066, 786.4945105681667, -138.94518806673855, 116.82899825519704, 23.561877110881813, -3.5214439291481785, -43.56624809513045, 55.58553383074501, -56.642213856428725, 93.52489401119365, 122.63315387055762, 26.713853914851484, 0.8680541618471364, -7.490151846207605, 24.10111619249512, -77.68246501042684, -94.90376973047579, 18.991149490485686, -19.355994248856966, 121.46859055488265, -51.58341347188858, 15.51450179200548, 131.79370633396584, -101.66777710678433, 28.60566137500986, -21.440910456749986, -34.163255173408366, -41.08682821431321, -8.643229946322709, 132.41231593308345, -37.28567932472573, 90.75486601780015, -11.632076926156365, 35.18780855275272, -42.76729150154633, 74.4190544773161, 8.753828743004597, 4.99050548428018, 43.750860968738706, 25.22961676749344, 46.77822261904911, 96.31637674955624, -8.918101127372937, 28.420418495198877, -69.59010820601365, 43.64640154003701, 107.70808909306311, -94.30602833005416, 26.557837124964138, -58.41181700748517, -38.23900487119669, -33.5578143272442, 89.82547162886036, -25.584477871112643, -1.5756539589316902, -13.971249764773198, 87.05816924589156, 35.920119653155176, 48.393308058547824, -97.45572606613838, -71.54342436494186, 64.42227002017752, 54.21799587433063, -90.99890173718428, -96.70376692381913, -80.22586368211635, -77.39707903963789, -42.96680630073305, 112.48456477791237, 47.29516819381723, -13.831545248404199, -90.72576892206864, -155.69495677452747, -32.24385847314581, -48.63687777431816, 10.679091387475028, 12.336326027474747, -80.55095133074198, -93.63455635289728, 34.937510455818334, 96.08730965367974, 42.89019350549326, 16.963338680573845, -37.061382233398426, 32.52779724466517], [-29.68740089684499, 79.55665871275868, 78.06028477072142, -57.683387477712344, -37.9301478158165, -11.183527871020672, 27.416139644236964, 80.56506807238567, -49.24975003928741, 123.24684645598849, 0.6570187103567671, -77.91926924991597, -27.95353953372821, 76.96372408485662, -2.7604077489077015, 48.657918383089715, -138.94518806673855, 816.0140951970308, -83.39533597339836, 26.416677590625202, 5.519009633410141, 64.9247074632393, -7.01726227066855, 42.20718931603166, -87.37394935150287, 15.091527712410613, 2.9552099848545246, 159.3624233360417, -122.27530403829842, -45.134213420491115, -82.56518156934776, -86.3848808132312, 56.04083394160074, -108.10347002850419, -2.468908333595995, 155.87829146435485, 55.74875085098903, -26.376061744643565, -109.41939413686664, -57.94924728278143, 62.70877187345166, -96.91567714631546, 185.3059825627834, -27.59577113528519, -71.11156314524835, 53.73184332056747, -24.975196430094815, 86.05701759752169, -18.437047345297366, -29.841513368194672, 16.291095504427265, 181.07116011176683, -43.871472076934225, -17.741656256744047, -19.993383696148587, -68.80005578380567, -27.51612589881138, 10.580464853825871, 28.889094267427808, 115.60541289137788, -148.14376682172397, -35.237211845896645, -85.99777428408606, -54.72005083054831, 74.74047979014071, 68.1895513324502, 131.16445863666092, 80.63897630670154, -87.8956643844576, -61.05635053395492, 45.46417609406292, -57.22888252236023, 0.7495496466142407, -111.59186993326786, 63.21212233478356, 40.37308155144394, -50.49904645079036, 5.922919064980117, 32.13299589934682, -113.77049686726072, -41.572822085479196, 66.39197964661912, 3.261768700534045, -70.29118075860247, -104.31405114453759, -21.938633547529186, 49.62567553584451, -46.58154177067603, 42.89015163586367, -45.154642672336834, -64.16171611204535, -1.1084008055541446, 37.73131686287347, -35.77524427262053, 12.342818916386902, -39.63347123159103, -4.131930692012187, -41.11177729854994, 111.16388959908818, 64.19134266162517], [-48.108948830478845, 4.194389432599221, 32.58746261416823, -21.587832390722934, 26.57422298989026, 3.8246302674459005, 118.15518988134347, -15.313871726229145, 96.8657189813231, -77.50299614795607, 36.66693367618033, 21.476496705909383, -44.44676783940703, 42.6696108609939, 97.2901711917968, -96.44150641595739, 116.82899825519704, -83.39533597339836, 636.0273361347989, 49.781999358463274, -57.357096754130694, -67.03236911972705, -56.93616573501418, -0.4390261291193668, 41.67105065177686, -28.21608912009006, -15.863551650133314, 114.07838371899435, -70.23841335517585, 60.075106122182, -9.435885185967717, -17.66362488008721, -68.02997844197778, -30.801666172317788, -0.5564602939755222, -28.483954398893513, 1.4261604516944872, 5.102420971711743, -40.311063345814105, -28.512450216628633, 58.35400914109312, -65.77058941688283, -107.85417236266352, 14.274448708308656, 72.81358879587836, -67.2020066054534, -9.123905354607148, -23.9750692185823, -68.98676004309333, -67.14899462397665, 101.2980262631119, -22.29522332257265, -12.557681188010953, 25.98191822762027, -41.03956610983229, 97.41827092838307, -76.6546812597615, -47.091275934746534, 154.5115529754167, 145.79774374790904, 87.41641408396113, 0.5173195317214438, -63.916201030714575, -187.13146547918103, -84.20323383403043, -88.64876642913488, 35.957409298363615, -4.857335305866012, -30.90990728694196, -12.354557920847759, -61.03003799696248, -29.740647220075445, 41.631333554993155, 61.480909119982016, -148.6310335066107, 18.90194176719014, -43.02246433089026, 8.053848354591945, -43.40327396467246, 20.21551220946, -114.11453869786101, -74.48128252062354, -184.57315662488205, 17.424019190153988, 20.693868742140058, -95.48286114102132, -71.08797061957183, -8.815526731253868, -80.85510419660685, 29.77964310356541, 64.98604671342197, 56.28404296114873, -93.94395551868045, -75.86937404736025, 44.9925997763104, -39.17462458863428, 54.1587597832819, 43.52073686907177, -103.74627528004336, 90.4951119633549], [6.293448029478823, -41.553123975046354, 20.29556942000762, -75.57253045362836, -25.645866364974026, 3.013990989078954, 92.95031705310865, -67.53255421217884, 36.46878635545017, 102.246012873567, -58.07989385601621, 7.945164297492033, 9.604245510262848, -105.79611155657706, -49.95882957263595, -103.9741223483261, 23.561877110881813, 26.416677590625202, 49.781999358463274, 684.9080848495119, 22.12760505578078, -103.65341580403688, 44.9361229420423, 8.9086773525865, -92.83631842511461, -39.753374867388146, -20.830405694876642, -30.98183350633721, 9.724725238554752, -35.773913003081134, -74.53904139542848, 31.029271227067362, -89.20021885286079, -2.559551899437033, 139.2417173243291, 11.660484614807947, 54.29240741542991, 42.648665854821346, 25.4213832003569, 153.9998658098045, 96.65711362178492, -40.42083294609307, -64.09049703753058, -69.79393643959973, -121.96246065271683, -39.92191485940933, 73.34743707060645, -3.736883451786253, -131.15673020831187, -129.52411193398535, 61.795625741961736, 77.94630040471017, 49.17948181897735, -38.53285895367016, 38.083900817794316, 6.2573417369252935, 36.00998476335482, -84.44910210778124, 43.613015089063786, -28.48147135433024, 84.27638497834518, 16.687855269286157, -122.91078786841531, -3.2694930947707457, 79.80541523872675, -93.54394531617355, 16.79137803433586, -29.014656449268788, 27.82686539862408, 16.458973025108, -58.48473916519552, -38.312378001719516, 10.019599852685152, -42.571369363338036, -38.48621927557063, 26.42435047830869, 42.65137270488456, 16.253767725591896, -49.616041038185045, -58.26840432716038, -30.874683270880467, -36.58488769774076, -24.766639129539065, -83.81590380599987, 69.96753291833167, 79.55863914874786, 50.52259136629914, -29.808914829307486, -151.04203649840827, 59.977393172984435, -41.66949248982025, -24.452807604647614, 22.897323610033116, 46.8570220117421, -72.56340958469502, 28.290034566763214, -26.375902745264064, 8.119914460080848, -79.14513267166977, 54.0641176654103], [61.89046192620235, 8.795399478560139, 12.384862743616042, -21.715419164856023, 46.033498159578, -10.189510794266615, -133.1820374801069, 13.555467332300767, -63.32940210871246, -55.15362604508406, 64.0929434793756, 82.05576799960487, -12.48465983617353, 18.41879448337288, 90.2167861769360