{"N": 100, "M": 4, "A": [[[854.4046712840982, -9.93188492510021, 18.211272266422494, 130.9299779375536, -96.95595134912105, -32.345855020582775, 73.28158711498388, -70.76276158506496, 60.12726953703995, -40.745440048151046, -5.735497345797952, 31.463319601164603, 147.2250503544125, 34.02971152491511, 110.02497826891141, -83.53167201951842, -55.81874964854442, -15.360182501113218, -20.298365143015694, 21.789267975971743, 83.38959298708241, -10.034227816892693, 142.23673466099618, 115.95830608339372, -61.771999022058026, -7.474572470725651, -109.37280469071547, -8.795696551650904, -16.415178783217897, -35.43604295714853, 79.5839658508981, -143.54025709424593, -8.890761622538658, -50.37229501395903, 60.32996118469502, -76.72360469383561, -146.72489300204225, -138.89931459162023, -90.53098956950811, -16.64072533958398, -91.77495346598536, 119.57220646076462, -19.136242413543897, 189.24615049740916, -30.158315641138064, 65.58228359359285, -36.90414522571596, -39.55772777270846, -5.158767001312906, 107.24719705726676, -21.970410516446304, -34.97337827324873, 51.3161380592067, 56.892569885253195, 49.30925686073743, -49.49576525290029, 10.848435929487557, -16.009708215201652, -21.702510569464767, -87.79897003636394, 66.42249479293345, 4.4262017278852195, 116.76834029610453, 4.056120012796873, 64.62869365372063, -22.097312030043884, 2.597379818951358, -24.269153651444036, 81.62489255911659, 84.45897150454789, -66.70346346446368, 55.06130394636295, 20.204030517887475, -43.40335150752303, -84.25396495659483, -36.00716492896544, -67.2394809848968, -136.51426158147618, -58.6253069910064, 12.484413819976831, 60.112601916275665, 72.38354730438591, 69.17395829910213, -140.8107805140999, -38.43722615097111, -45.38492517675563, 52.41149115586355, -171.72429328841835, -136.98243307913435, -23.861502425533768, -69.17388640653716, -37.65271499066335, -108.64212970848826, -66.2967536823108, -59.300162562285564, 159.30962706917666, 106.12736637735595, -7.931733428169038, 54.373695900443835, 10.338077203998632], [-9.93188492510021, 1013.8601908929882, 12.639651056769893, 74.49740471354855, 101.83920531117306, 73.34414123430642, -69.27656555307539, -45.44208216076425, -128.4753539052305, -31.667760929445606, 2.9000131819643995, -26.86221313453265, -186.6322918174381, -80.26290375432086, 60.90343609538781, 129.55161022465293, -20.17666861501357, -97.86160585462272, -130.32285691705448, 75.58497028572471, 9.786279984979698, 12.434416027563678, -99.24901405438662, -130.71214038352647, 24.01196024555625, -115.20451105844529, 53.70689014779237, 2.641125510787464, -5.480165379494071, 54.72260245345321, -28.807794021815322, 170.5590783392525, 21.766095940302243, 34.5269680979525, 25.83811869644613, -88.33792417883475, -68.81768324326332, -64.77724659533789, 97.72420545901036, 67.09680414291795, 110.85021951542069, -6.11950481795618, 46.19680313039389, 83.1379340102907, 33.40044957519917, 94.13407073089387, -67.42417128498852, 1.4336946078848753, 6.264162504512156, -60.02221863567813, -34.386301943109494, -47.74617073407936, 42.04678846967453, -3.15961066985861, 3.5104344089032216, -11.668852307638627, -67.12578472970985, 3.0360735772408827, -43.38792950129783, -130.03480761440903, -32.06218997184962, 136.1510738436558, -20.57878467601583, -34.78479309913218, 33.71084198450389, 5.835427718615659, -72.5167746546601, -39.955608335918406, 93.83066639925916, 58.77745689553958, -32.27358483935908, -59.6419620147339, 213.7302699984157, -33.35837013063003, -77.1997110094157, 54.28389281871013, 43.73253764627654, 18.169771102514357, -125.7681271158122, -16.9759204239651, 106.97878207382945, -52.996638064262605, 3.2235862989749733, -55.250121542536725, -84.82003933873827, 76.07715525523267, -51.64870407313627, -47.77908453907902, -43.94044339782165, 154.77710753846887, 46.097012878974155, 2.9574976663220482, 18.552199988378476, -54.2131596714843, -25.317155689598188, 234.08618448734182, 65.50305222273062, -119.52209469137341, -78.3883145190283, 77.0316748363474], [18.211272266422494, 12.639651056769893, 914.9056938821029, -36.03292265279489, -129.04055440315776, 144.53245465107082, 18.066126354918, -28.954769609710954, -135.12632356522275, 71.87918535592655, 2.6181973945682278, 85.53562035232532, 47.271518737222124, 24.6261872530571, 2.5671466976705815, 42.94446801712162, 43.17094849173003, 51.07122745013702, 79.77306733437645, -77.41626190783488, -29.961094645905476, 13.938167610517432, -16.76431386539406, -96.83718004440479, -11.427837163468913, -22.144908690989308, -158.59632834631233, 15.695380178994755, -68.57161175988325, -108.23474055950788, 135.73169825427345, -82.42021866048448, 6.243218260993432, 106.76395696203271, -13.606333382578391, -101.63200831259947, -138.5447932484237, 54.32625827205174, 23.591966251648977, -90.47330167376751, 70.68101621357074, -179.57135084504864, -21.8142984911278, 88.19425854451448, 53.25099046907254, 155.8101335517546, 23.80440018456555, 80.93797643009172, 22.70332907802019, -36.69549710660478, 215.1732061170912, 63.77755311123872, -40.32416162196252, 46.20720153532851, 24.73753270502165, 30.09622534973131, -77.26757442807485, -44.33873510195902, -141.0724939753953, 6.540292138526668, 73.00350843082761, -19.674603381955666, -48.41237574040495, -6.376613551414398, -81.96952458843366, 144.72230783876796, 17.52307051060381, 80.03172969242787, -53.74776140274405, -10.79378354707332, -153.7093440181312, 124.34270374434773, 30.86642830768014, 48.662348882219646, -33.431940947257296, -52.681371547419985, 88.77920478408087, -27.009926643072, -36.324320917384014, -3.381011428994858, -36.254883738371674, 36.13145917351698, -16.274483753222473, -1.2012287707292486, 32.3313447342731, -82.31947298560692, -21.50588287944392, 87.9632175142353, -164.3547884963621, 90.374504285643, -83.79652001195204, 88.37549358110856, -56.88502082026164, 120.9865490666138, -62.17274670113885, -77.56538354051769, 8.050552754654056, -22.022385126792464, 39.884357437128685, -97.9113361220717], [130.9299779375536, 74.49740471354855, -36.03292265279489, 863.4688516052884, -23.056100816766964, 99.20245976211905, -23.0469694446978, -246.23881456846456, -78.14649135174267, 16.23690211446929, 87.23384506647282, -150.31331728168445, 5.887528798823443, 70.32901912161614, 136.62834327478646, -67.71955187673521, 40.20257396533908, 46.67321903527894, 25.555862643775438, 35.544293096017064, 84.09115599851711, 13.496742847902349, 53.81285857045069, 26.058565147674766, 39.62618501836252, -65.21179684230742, 1.5533675666116737, 100.30276319070659, -87.43581923440061, 64.76110762185337, -109.27495767474531, 16.41818172168268, 30.183727459195786, -117.92932803926637, -140.07164655588716, 14.625737634404535, -28.895776627288853, 75.98040190716691, -43.63520293438165, -44.77167951717802, 85.12442316141963, 40.418151117393876, 84.7507193326134, 130.98688714085324, -92.04126200871053, 162.57793254093488, 32.83449055879068, -116.93182829933498, -79.18125164627162, -4.021893803795541, 45.16675226674801, -36.47382525986187, -35.61066387710751, 1.0376947011097064, 25.45813182127477, -19.084309548043713, 105.79508661051507, -25.063803276356236, 69.08483017399408, 110.17049428432378, -62.941475008994644, -75.35201742539657, -43.522590185408525, 125.2728603506241, 107.48420869970128, 20.720971838653405, -1.8733438587722757, 13.720957078136802, -32.50233897876421, -41.39432206031567, -51.38406721215217, 49.82766781211874, 41.14822515752761, -89.09535224957945, -5.052638063579296, 26.75450449410973, 63.700968528289806, 86.66627690530885, -40.22119088381746, -32.83811548580664, -43.66997758161084, 40.829357016953416, -54.45751467003804, -3.5003960688225484, 11.126581548486618, 92.04067550049625, -0.09966597099962338, -57.86742992098248, 74.59436903584398, 100.48747354067848, -12.040799471834791, -136.062764556147, 130.9362165671508, 109.41975608904892, 11.166069748665125, -80.76663557959446, 62.473780098943, -36.22776053912663, -38.60314671987561, -45.79949126639972], [-96.95595134912105, 101.83920531117306, -129.04055440315776, -23.056100816766964, 1075.1951146365764, 89.83376488776891, 133.8392518745052, -150.14450550217583, -76.36362691045227, -59.92987599081947, -26.116649353857092, -87.9743051854186, 50.9918244554211, -11.870166900688245, -19.93909666583765, 92.15264674619456, 30.84937525080356, 12.235435664715865, -73.14095158237714, -50.034301748511254, 14.548956930408421, 42.615330016698245, 37.03608076923739, -64.50103726412289, 26.884491401070928, -66.57426547491197, 82.58211841195345, 97.98496570790239, 152.44595523167843, 45.438667963208815, -57.040680866301265, 41.939846007485144, -18.705939394922407, -27.537199605925988, 145.2722113019587, -38.83174067008617, -38.560372739895776, 113.15218168611538, 35.933877439349494, 15.778318652435535, -9.096765211390572, 131.17916044512302, 38.32452496766088, -16.391694872173098, 93.22465529516374, 29.23418662411685, -70.93320383685217, 122.00347542146905, -127.73000599783452, -6.021490484963122, -183.23038818617317, -10.472846171314561, -41.378481203255525, 53.89792340801351, 30.330058569216007, 26.794265681528312, -111.29518433508301, 100.98832141355594, -106.05337024029875, 44.83977049723059, 231.1145965088852, -8.130618209914797, 62.02990529140833, 74.33464260055014, 84.68215301458451, -30.063682615575395, -55.94867616040699, 102.80857632445125, 55.72908704992553, 67.62755294906437, 61.77045972670178, -115.64448596908471, 3.684540874939286, -65.80214730512267, -5.613991263922322, -60.40621057773009, -0.4076279319314238, -153.30119059853496, 35.89697238754155, -26.48655876383798, 58.05243329467629, -10.553633982163936, -1.8496270992924797, 78.18018276769044, 39.31360581503829, -2.601997888570981, -24.222456888060773, -0.8932932953049796, -76.81098115634403, 259.331892814886, 20.224569573371816, -16.54498769927015, -157.108400998287, -78.8666365238928, 27.76488700312624, -68.98573983281933, 22.66817949244751, 22.286676773804263, -36.68224860673661, 27.9423160029279], [-32.345855020582775, 73.34414123430642, 144.53245465107082, 99.20245976211905, 89.83376488776891, 984.4146292054336, 17.901770759878108, 76.93636716420069, -47.0903793086946, 19.383197114563412, 109.53985995569961, -1.6523539411455601, 106.36957936154909, 60.2509196502453, -162.85295576694884, 1.7613607043059571, 34.612820070783755, -74.67982409786016, 74.64955159026854, 100.92561718422684, -20.628070497957026, 3.6122281394511475, -32.22111677219213, -56.6603837879962, 123.7366163955148, 46.342032876810805, 45.955024120670124, 51.30761049736043, 78.32266003749416, -8.694537114918923, -46.26758575215415, -78.95197416243062, -75.95974230279938, 19.495507394554934, 44.521655389929315, -32.44885625972346, -138.21579109810324, 52.60698743777545, -19.9199396391514, 90.72195680521847, -93.89162093449899, -4.177213865445163, 23.87438704819704, -30.273746086154823, -69.71327349134366, 72.00908210101765, 92.34600827531412, 15.702189757136644, 71.03476982192645, 86.76098953762883, 23.90614149198108, -72.88416874101178, 25.76423153989911, -11.928391230977065, -53.91143300792749, -134.55661629713404, -4.14240069164824, 86.05817418905717, 35.187197607460604, -74.38771149837679, 18.65759979196161, -11.92678004313997, -33.54659120002081, 112.15203023038188, 177.29682328172927, -127.97280492004913, 80.99164664649729, 25.33592235698296, -15.434092316371755, 62.963612018878855, -61.9598552738767, -0.5726220437824385, -142.0267944949624, 9.706983974848589, 206.03538434584055, -22.3788674721392, 47.19042937345175, -54.7927073062811, -1.4725169238613611, 94.82988864035208, 87.6305194477558, 75.43959454177923, -24.963510522512284, 119.94752447368204, 89.37268020230105, 65.18526206421508, -115.377135946698, -66.79472636944527, 2.96641881443119, -43.7752094266018, 5.092680829576546, -170.5747185348842, -22.698345311972787, 64.12718422140904, 3.5063673871403314, -94.35572280161274, 100.29291949406935, -79.10107742380282, -23.150832513097058, 91.68089677341798], [73.28158711498388, -69.27656555307539, 18.066126354918, -23.0469694446978, 133.8392518745052, 17.901770759878108, 1065.4333040054319, -72.91613654502017, -3.486635107056305, -100.8927149433163, 7.259428803777488, -86.475793233388, 109.44036308239316, 43.07554909740385, -164.34898332437297, -7.977106999640306, -68.98547392177838, 108.22392875589716, 37.60143173203149, 20.42671762328372, 42.21485430865196, 48.603848510007175, 50.93100970485395, 83.99565986020426, -119.6734391248773, 98.60764732718181, -92.17570661362168, -89.98857800505229, -1.8093948212640603, -12.3305943350002, -72.13671416495882, 91.40457248627936, 104.26963010646861, 66.05876499835377, 13.457489374899538, -100.02024713777506, -183.57626494168696, -34.33584602172669, 167.8207370285668, 56.39304757792551, -102.09434940084645, -31.030372054607106, -48.43831909389139, -5.271951344179952, -89.7663387415672, -64.59324531679324, -54.29212521766716, 154.2131506642682, 37.76166743324633, 121.6892254166506, -44.91825260850752, 54.534581669775505, -52.63083978127034, -8.632618811125882, -77.97002488628274, 40.86877679288755, -68.46325334608811, 102.57084522172649, -182.4077724788717, -113.51632231224656, 149.14076022258718, 57.75134934164302, 109.58841833567887, -5.483037924016152, 27.10404140116185, 183.51531581777735, 78.0822030514697, 84.16887820453067, 73.65836888274555, -38.92150647278623, -152.11812287281484, -50.85622195602732, 78.3598814814108, 75.45825266700376, -50.87510708800427, -135.47559761576923, 38.9302989626573, -161.20099970229268, 26.955733773927975, 69.20333915536017, 5.649183532606964, -71.25613363393963, 24.57316174165842, -10.72808933405213, -94.13048702569492, -64.39547683573608, -70.23722109405028, 68.8035345932835, -15.719782737022038, -9.271303424995592, 68.54077763714753, -82.95402951497373, 145.2858483466828, -39.41612455446567, -100.62987091982559, -43.48049740359859, 11.750491061449775, 74.23747051305396, 70.56839768689531, 46.507412208853964], [-70.76276158506496, -45.44208216076425, -28.954769609710954, -246.23881456846456, -150.14450550217583, 76.93636716420069, -72.91613654502017, 1062.414736480082, 150.04493072558375, -87.85321455270251, -134.41317216544027, -17.6410921087671, -42.81335281232258, -62.09196639653989, 23.0129489426478, 84.45414643746183, 91.1358695264212, 42.690591581040316, 5.1541212645082615, -29.292059099548446, 209.48950205177383, -24.308653948289624, -50.34185546912772, 42.81622860250792, 98.14734875101846, 71.63006930654268, -53.09726786336089, 33.70120690853458, -36.2676197972436, -1.2640635770224624, -113.27605359865466, 41.410841800112735, -28.344847272029472, -71.00037786233726, -9.403453033152891, -69.8555907713422, 8.250269932207381, -175.36403298353397, -31.82473693698893, 58.928055548447325, -76.05586221306868, 12.581707208071064, -166.80388380761912, 44.85581982862849, 45.07552064367751, -95.7693336360844, -1.1765867065570876, 126.34726541729569, -17.606096161381004, 65.75167215025789, -98.67030010027953, -59.87280399722835, -123.87974872888441, -8.090995623479117, -6.621395948075391, 39.35146646666708, 17.93218324953425, -41.45224767023088, 55.24614162201261, 27.813426406225307, -0.5882468784971493, 145.75373466124373, -41.646100115902826, -9.582508142136383, 35.586267962789144, -54.05751927126923, 26.247466058924, 103.72697802918503, -74.29955914484815, -100.28808434568775, -19.23500337556927, 73.1748688056588, 31.524482731492515, 10.054316527302332, 11.235082148130363, 5.838885029954439, 64.2281084458159, -28.38168805022664, -35.90229368047056, 76.59643003326082, 109.91583288431208, 42.14153860817336, -31.77241895393827, 18.103001986541397, 33.134350635975295, -48.152021517119515, -111.13169935491943, -44.201314382818346, -99.71365834824867, 7.953313921746795, 53.606930367217366, -64.40748088464893, -14.57044508975153, -8.204649098663372, 12.476648473141795, 71.73146997966136, -10.739289751320094, -58.579605127470685, 11.981785140935456, -7.963021173137059], [60.12726953703995, -128.4753539052305, -135.12632356522275, -78.14649135174267, -76.36362691045227, -47.0903793086946, -3.486635107056305, 150.04493072558375, 881.2760216721707, -97.91248778391885, 21.376181447712355, 23.926775125240262, -24.38118958643285, 36.9075430087955, 73.52010075213077, 67.98421926806807, -5.399475088003239, -94.15001964109797, -127.07643219703832, -21.396857943701118, 37.33707530715751, -16.441109603802197, 44.82996815354842, 34.28223910639954, 83.98046784450587, 73.55738804797825, -17.215661491559906, -167.68455922016628, -3.53663998937061, -22.947207846576784, 39.89293637396664, 24.95662339755214, -32.965355030832725, -5.274372316344229, 22.31663340130272, -19.613869334401215, -24.913028672534157, 37.25641953841931, 87.52984140969873, 45.8278052986454, -1.8086174522711036, 148.14960174395043, -19.71206264015433, 47.22373365393713, -31.770405604651806, 28.038871898335895, 40.928463752078144, -20.550915682583184, 93.46083334917884, 51.33142205210989, -17.860134262757875, -118.67385682241012, 48.61757474396199, 238.189666039213, 3.751178877820775, -66.4948753871743, 21.23130958560495, -122.7519446588031, -25.77684420015118, -3.527701103296195, -17.373097337151815, -14.781467645127819, -156.21291238755447, 125.65884604533713, -3.3267777375349077, -2.0792786088992075, 86.27363407796898, -20.773256614814734, -4.326508299627439, 36.9677674353161, -100.20828641898225, 79.39336031531178, -46.94014699351327, 38.037337781811644, 158.4758152888402, 53.33392319544112, -75.29474085087858, -31.59276825234241, -62.03044059881349, 16.29388191689804, 78.17020983199671, 138.86061255095007, -14.76363497999223, 109.72965722487874, 227.0053342889927, -7.845046005325745, -13.389642500065936, 83.3279024628104, -39.9121203396614, -32.682230545332786, -10.850906558941, -99.96654402850584, -5.036218013865359, -44.890337159366, -68.21846964111559, 151.39420758485974, -81.71854471930374, 75.9333517532588, 45.20581510550531, -7.538447273503997], [-40.745440048151046, -31.667760929445606, 71.87918535592655, 16.23690211446929, -59.92987599081947, 19.383197114563412, -100.8927149433163, -87.85321455270251, -97.91248778391885, 938.7057622647857, 164.24054869067356, -16.668601725665294, 31.05780604742612, 103.13230335561286, -101.95311986738427, -4.417862122034585, -58.62022475264562, -5.010172468642073, 6.471120066249864, -168.883806384348, 28.71876608848406, -110.7690327062884, 55.73512234652427, -65.29151207836422, 9.009127627493545, -50.49328403446949, -2.09788580238143, 7.28669756915998, 0.10071688145608425, 53.37156694558417, -3.1747555972874073, -64.05309103723211, -7.262386638962179, -33.050459689340265, 137.54429643471755, 41.55905780099372, -107.52869614254816, -45.717472692641465, -43.67815035013235, 7.19885995575131, 45.4330985561968, -34.30769524829403, -58.05254254726033, 5.846055893105673, 126.57127587295719, 72.04792166328222, -29.90405023552536, -73.75148099446575, -38.167162831641534, 1.8077036909329955, 110.21903281475603, -110.66224501075422, -69.26478438130725, -3.5410169333945256, 83.411788580746, -17.28176323600413, 150.1063759106508, 107.54524548615004, -95.04198738431162, 118.3127071261245, -7.661647996522704, -43.53504943239293, 76.63668956902029, 61.23184950930288, -141.72188506995928, -0.8637520077026817, 7.772554443614239, -99.68240300969848, -136.50352859389778, 18.91872586316301, 85.85974683614623, 70.51810234227287, 41.06397698784666, -84.31687118215834, 5.108077328184518, 106.1202092938887, -132.90637577981863, 31.281536864060836, 40.111732893151654, -32.700000942283665, -108.49045351073805, -22.98158661138257, 48.904298890416925, 149.04645706994808, -74.23278764691067, -122.18394515337417, 33.852373821424756, 33.023537011774515, 7.785521936738392, -16.916942123251896, 26.678440550963618, -41.46038597467857, -122.01347490607321, 77.12940283853796, -34.58784918088006, 156.95353530390543, -105.71463500986337, -94.26816611523476, 28.46406062715655, 27.10434250645125], [-5.735497345797952, 2.9000131819643995, 2.6181973945682278, 87.23384506647282, -26.116649353857092, 109.53985995569961, 7.259428803777488, -134.41317216544027, 21.376181447712355, 164.24054869067356, 847.6945500804458, -106.08225781889787, -99.79438501956801, 16.25725864808888, -59.41023994836715, 108.51568120474244, -21.634571271484706, -177.13043871110423, -68.12588478020338, 44.964248793028744, -186.0355651951592, 44.42756618039559, 65.00374934816455, -28.018281348270637, -84.5663048866941, 46.935753669440516, -57.508132979455375, -27.1011927383787, 29.438892471017876, 86.82318335954707, 23.088167706906276, -85.85060627338127, -69.87836124051053, 107.1045699328898, -105.74629177459956, -70.70718291552136, 122.92184710979359, 9.69289170313195, -53.8795878382901, 18.302459134351484, 30.511442925947712, -115.98262478403278, 82.13279783376964, 26.228548163171478, -6.986022614402391, 34.46546557880385, 35.59040493809437, 43.816326940648445, -38.827324812238444, 25.499989758245427, 25.828736262681275, -54.33626862923272, -61.080951449381516, 13.481010879310826, 74.6421470788383, -27.28744127622571, -25.001589493467115, 112.44290814476952, 25.926569076661696, -34.2821658883348, -129.15023974303173, 0.7232241800363044, 39.28413126922273, -135.8511579430844, 15.016450263186924, 113.80757731752688, 27.951865110355232, 63.046799260231815, 55.33306605008809, -22.83623548439002, -96.17044230885992, -0.5415440556366572, -37.90398902655649, -100.82800717710846, 16.63521768144997, 183.78484761680863, 109.12264521681799, 60.51853799536858, -52.886529805323086, 3.8271787590906623, -74.14750158421, 0.8475277132769502, 96.95183414651446, 111.42491040205675, 198.28766438351423, -19.723105316829944, -19.15955509844799, -36.30345303876497, 10.63297478435026, -38.81773773217947, -29.865207882370264, 39.43478926441243, 62.44948634977356, -24.456580594983105, 7.037381612367504, 110.2010376941781, -7.887272577513591, -159.0542514379616, -36.78923586350045, 73.75311831884804], [31.463319601164603, -26.86221313453265, 85.53562035232532, -150.31331728168445, -87.9743051854186, -1.6523539411455601, -86.475793233388, -17.6410921087671, 23.926775125240262, -16.668601725665294, -106.08225781889787, 827.2188183895107, 76.29652231371409, -7.593708726221352, -43.915902932927594, -157.53197273574654, 16.275125281909993, -27.587663697043705, 15.252428575822735, -9.210646135698564, -69.24483038248087, -37.005214313482796, -87.18351032456424, 111.09637936282778, 36.790858358182284, 13.158388801425206, 85.22537170431247, 81.33751994272555, 7.478658016395782, 31.87220476106284, 13.714652189766674, 31.629583479604648, 71.06654441971041, -81.57340473852067, 65.93166870340576, -114.11255568721919, -17.845670137301394, -54.869889885859614, -31.021920582299394, -5.020198347714291, 57.72646399664245, -84.61947141565763, -1.0030293751250026, 114.85003071196434, -68.95151088978923, 54.26239618031044, -14.041875738302872, -30.322789532139755, 98.75639670517329, 157.6448829935987, 44.44759008591864, 65.3567937896472, 132.3012426887376, -68.64017323336438, -12.783314731026879, 20.227253974482274, 30.951911424081597, -55.44488333489005, -10.105866509250513, 14.834312470440333, 113.13250291512645, -28.08000799323629, -22.095081385075527, -74.41870405181032, -46.88763111128521, 81.46789176836639, -141.13664724435944, -126.73404493662068, 39.60245564043038, 32.408275966004815, -3.318787389112936, -66.6660824041566, -119.13598271203749, 38.228889797835194, 158.73429914312217, 54.41166394327166, -130.99476008725063, 52.448418399491224, 64.22271348802718, 13.425701119034652, 68.69070065320702, -172.62538157785417, -106.76236229411215, -22.42771015326475, 28.89727090028782, -6.276509281265113, 26.265908305889027, 42.58587050704935, 44.60562307286111, 68.64672068784213, -70.57690409267545, -27.584511925502, 55.777952603429966, -154.4912766151041, -54.05520266753977, 46.657007865042836, -53.73387812449357, -84.29278969575282, 11.036362221154556, -140.84544905485123], [147.2250503544125, -186.6322918174381, 47.271518737222124, 5.887528798823443, 50.9918244554211, 106.36957936154909, 109.44036308239316, -42.81335281232258, -24.38118958643285, 31.05780604742612, -99.79438501956801, 76.29652231371409, 947.8464067472602, 41.37387893996046, -27.485843361804402, 83.60924062052254, 22.70129921121633, -73.36953985600336, 192.71376195254746, 66.36751984493714, -14.216846177489147, 29.68256208080529, 13.57802952068676, -2.984052652168999, 11.08093724167042, -150.14113422844548, -45.50356652889713, 43.19203642402962, -40.83746369106715, 54.932685564476344, -23.597848389581614, -59.352812662421506, 2.206151703634311, -108.20175673170633, 11.95986639498854, 137.51181784606987, -145.10810720650656, -76.76501460279788, 8.482883741051454, -24.92844338724293, -56.706530986472394, 105.81464662687985, -94.38178588744233, 100.82930523000486, -26.129773281450277, 4.820797879937815, 83.03127484337485, -36.039942622884155, 78.60876721918335, 85.1994681023955, -111.53288760714901, -25.0241745947838, -48.512086702842204, 15.418819241324227, -137.71300658891553, -41.295084704587964, -41.6844084557365, -11.180000848008603, 59.14541921756726, 0.0760629756325843, -34.44867018984636, 82.9203940725578, 66.17550794387178, -139.09597721155092, 54.05506901328477, -19.754746097867198, 51.56535623786599, -119.43369087484297, 97.1266938907315, -14.631384584277948, 81.53842821508674, -105.8461899858522, 76.030518201918, 28.543910936784314, 65.7745482544783, -72.76640979027214, -135.07921575030778, 103.43209583617927, 36.32374543782232, -38.279600198911375, -24.07351164077523, 117.08778341389393, 12.32699726499006, 70.30093414845261, 20.10891379703705, -0.4985050555785868, -114.16379849959993, 46.39272261442846, 87.61406187150855, 82.24270344739328, -94.55736815001079, -35.81140618585465, -73.68407662977508, -64.46959354760455, -21.076565179043666, -25.19481413352364, 66.61046246407192, 86.59021728182935, 129.64423435268557, -70.04539541220508], [34.02971152491511, -80.26290375432086, 24.6261872530571, 70.32901912161614, -11.870166900688245, 60.2509196502453, 43.07554909740385, -62.09196639653989, 36.9075430087955, 103.13230335561286, 16.25725864808888, -7.593708726221352, 41.37387893996046, 832.9796006428928, -98.44134051443973, -100.0884148205888, -32.04297821072881, -57.22874411547845, 80.18089808201319, -113.00387942286979, 28.854942646271237, -102.20050506648639, 14.995407249261435, 33.62341327447239, 16.290382135859865, 30.63673214462043, -0.5718343704983619, 51.467478436131444, -18.124621492637342, -6.442554000644469, 27.134451464568187, -111.84811071957803, 1.8538431612527662, 31.263147959700547, -137.70748148159032, -11.071699154854132, 74.52048017974661, -41.84878051093247, -38.27677650440788, 7.9980714538469, 14.216143850148232, -64.73892589530215, -36.80969485769365, -1.5995576792650725, 30.253843701475844, 78.77551425893375, 51.7557578586877, -78.96145964857408, 84.49384600164325, 119.70998256347728, 10.824125924450243, -153.32275361573377, 71.58491972120119, -35.779798919267485, 36.32191030170312, 130.19311578484312, -52.15303424024332, -53.38184786261015, -7.858003459532991, 6.780839234429516, -11.476684300864807, -59.89335973063067, 50.06598146434046, 62.49573451394066, 28.08879793162264, 0.45462908613151926, 12.89791131147093, 13.421357485818469, 27.733114027664808, -174.29866735587424, 52.81343007298501, 134.8825722977257, -34.58987618590453, -183.4416483799302, 104.97887798933348, -115.79615465191358, 2.6977475583447266, 49.615214983695914, 103.18987630394494, -27.63663044172419, -58.72857068828604, 32.49807672469207, 110.86903731437691, -34.08595924419035, -6.1423978245912405, 42.669976648435856, 43.743499087778154, -114.77222699458386, -15.250424203083803, 45.11207921231453, 120.05742936645892, -144.58660714208247, 23.369579682713745, 50.351015424764284, 55.53099396487771, -3.741004059110588, -87.56246584301596, -48.567949578998835, 4.068251133345139, -95.66701064196117], [110.02497826891141, 60.90343609538781, 2.5671466976705815, 136.62834327478646, -19.93909666583765, -162.85295576694884, -164.34898332437297, 23.0129489426478, 73.52010075213077, -101.95311986738427, -59.41023994836715, -43.915902932927594, -27.485843361804402, -98.44134051443973, 1141.059452955713, -24.326662840375725, 75.35439207646161, -139.95588653418662, 42.78830883934734, 117.44958061805639, 9.106476543264971, -56.555925685552744, 115.17514073936611, -91.6854103161386, 14.178224548974569, -123.07799515244541, -84.89220793940176, -36.51191533357023, 5.917813509345319, -55.0397418054309, -48.54644859449314, 49.03882386467267, 29.384971577340544, -110.1139258060553, -2.8060540905367137, 46.95885952750125, 9.464227694746995, 98.89974369934772, -21.218546542136725, -3.7360145284835724, -43.95468068644579, -24.93438177520236, 96.15552519790101, -80.02335077583264, 58.885435260510846, 80.15133400305353, -30.21245901078526, -11.828377085453841, 42.568204727757895, 35.18322348884147, -49.45065929611928, -89.86152937288398, -77.53794058595317, -99.82523311164023, -50.76064424821611, 13.494480938197752, 31.10489203761586, -183.42002753517147, 123.75727846339116, 30.753469942362386, -38.497959813115685, -39.09410151687656, 111.54611126413266, 97.39331677927646, -25.047765939072, -36.79425881614224, -56.02501270943415, 33.27007919881415, -42.885262701214145, 19.054261491301133, -17.363769327430752, -53.02151447650047, 7.9288850823502575, -125.32869611684457, -137.05737665019205, -20.948559485963315, 41.83415392663097, -95.26728101221182, -93.14542562502596, 10.58898123308323, 18.70406271083782, -118.58215946312734, 15.091171683342642, 212.91195537710007, -37.630124336426064, -104.91977525584235, 112.92370538137428, 76.07895162507391, -28.458181398534446, -50.92877031439086, 152.61602716237488, 55.36675399501478, 19.250469460439362, -123.72925250994825, -54.24390000369448, 116.96050339409337, -56.33961646240269, 115.8076956745528, 75.69809796840717, -103.68132192870848], [-83.53167201951842, 129.55161022465293, 42.94446801712162, -67.71955187673521, 92.15264674619456, 1.7613607043059571, -7.977106999640306, 84.45414643746183, 67.98421926806807, -4.417862122034585, 108.51568120474244, -157.53197273574654, 83.60924062052254, -100.0884148205888, -24.326662840375725, 982.4470520959196, -119.48572939628932, 25.578863595013228, -52.295381557686774, 89.02580932623466, -106.2606035146085, 25.856058716183508, -41.523580770671, -38.493793322730355, -3.128165693439365, 82.92976108854587, -71.65925403930149, 7.279916072382166, 41.83857231629009, -12.19991903790641, 94.13796307880884, -25.184348549056534, -13.702264415146358, -32.049288434525266, 7.606436722236541, -80.82303127173226, 63.67777087064697, -41.182930954856914, 25.53000898085568, -87.66845040119846, -21.376517521265622, -49.178414112575, -43.72582049445478, -121.44309906968654, 5.608475008609482, 47.79965343979608, 9.714596527120433, 30.63583080298178, -21.026787538184877, 67.61525657872266, -115.98187246694206, 64.03224649943043, -68.17138739716836, 31.584911394940967, 43.81668072452278, -29.31674864491413, -81.79201973090674, -59.5073235037902, -61.095242029513756, -55.30960687944619, 25.004932298050228, -11.49008982650274, -70.33054515310288, -151.7315072311593, 20.20786037160849, -69.28891449425585, 4.663567741367474, 283.530646822744, -9.963392522623904, 107.51329956300452, 81.01165752438824, -40.97355804113528, 22.458079021646636, -40.3528496827151, -93.53281115419179, 63.44709554686939, 35.47773756605373, 8.511569056042928, -36.68145869499196, -86.55710913342047, -104.85557876826202, 94.83591991156074, 127.29903488237996, 7.447727258721472, -38.75779891646646, -1.7578894167872527, 29.37224705891711, 46.22843785708857, -87.9348288004222, -43.68922420823125, -83.09312507289313, 17.3467559682977, -15.492327314159054, -99.0813321340358, 9.767034360822539, -12.063053134051426, 81.83809780905874, 71.24427395892485, 8.838501110785193, 16.563296764768477], [-55.81874964854442, -20.17666861501357, 43.17094849173003, 40.20257396533908, 30.84937525080356, 34.612820070783755, -68.98547392177838, 91.1358695264212, -5.399475088003239, -58.62022475264562, -21.634571271484706, 16.275125281909993, 22.70129921121633, -32.04297821072881, 75.35439207646161, -119.48572939628932, 669.0421934454007, -97.17075818906493, 111.51689277545825, 4.141493621656194, 49.083870549693465, 0.8016182369653851, -28.103161987126093, -14.344718678404234, 11.13270586117914, 51.04120582581508, -1.9664526372791853, 73.25008856842665, -26.009782337157258, -29.563432699740222, -44.24615306800152, 135.84251263392648, -151.94658780303575, 29.09126502305069, 48.85517927805083, -18.181556056298085, -0.6858256044982969, -7.727031340788659, -119.64778261558173, 101.23816939247865, -28.209722281431723, 68.47916538501, -33.366192099760404, 52.95578422367105, 5.202454349965952, 151.36280647180226, 45.24844370010077, -11.016462196016615, 72.6646971636081, -43.72430055480622, 2.259117275064035, 42.25463146740895, 72.98430907435072, 24.325205669842887, 17.96457610717856, 127.09302216233633, -116.61881994301227, 4.95619260521914, -100.06333495262464, 41.865567662525784, 76.33581226099751, -75.27444131373677, 11.716645398433943, 16.585312786976484, -42.66058928359627, -78.12127373836839, -101.73090654936924, -6.433433335720226, 71.37294574596444, -29.501582779763226, -26.151974391127517, 30.68961352402159, 91.83450651856629, 38.79517850705407, -68.3734322021019, 13.53840460371424, 107.43661737257555, 28.173562957247217, 10.813219080694676, -114.5733791899665, -37.46411991223424, -115.65710139101712, 27.974123854037508, 48.82532722476025, 46.75757520209965, 28.93510116424762, -45.425914439408864, 13.599049659970671, -57.14507332431799, 44.353921076934085, 33.02665673779353, -58.56263040043034, 23.10091560537192, 51.359364920047234, -61.37998254044109, -27.92902453267244, -11.562719121874833, 31.979011957036292, 44.89278600482697, -97.259391015218], [-15.360182501113218, -97.86160585462272, 51.07122745013702, 46.67321903527894, 12.235435664715865, -74.67982409786016, 108.22392875589716, 42.690591581040316, -94.15001964109797, -5.010172468642073, -177.13043871110423, -27.587663697043705, -73.36953985600336, -57.22874411547845, -139.95588653418662, 25.578863595013228, -97.17075818906493, 946.5755126514788, -70.05572789248558, -41.31060748667145, 71.9368371694794, -0.5482229477143643, 29.923817199578572, 12.209895242758025, 103.44508741811877, 60.2544768382677, 119.4161100819712, 25.556583818392696, -71.44669278991466, 14.754084426972378, 22.361532283738004, 13.367371479643847, -37.89815948032348, 21.020423684828604, -77.59872625870152, 7.965584091860595, -105.77542324830458, 13.892089482205181, 47.93404299986694, 48.062415646595966, 98.54863188490582, -70.35906851109975, -58.51459011697477, 76.5367873542531, 78.01926459669872, 22.186372955232812, -52.02104910009692, 51.84610532185274, -97.33784239134458, -24.156456944474385, -41.72885514788518, 130.3809022398998, -3.7396596725733064, -15.457872780137613, 29.4594028585506, 152.71060852297785, -48.53731158437527, -186.44964059465258, -133.54997514959553, 2.9228791411520807, -110.23708019573682, -26.607534254941264, 92.96571074501553, -3.552034860585092, 18.563732063799637, -17.347847102955594, 151.56376370314698, 78.38393704048322, 9.046652149840396, -3.458282038612058, -54.515292864170945, -10.284490345048548, 47.903790026854395, 9.135372649957548, 24.506542432064787, -80.07792360740908, 51.70330963938448, -28.81040965968369, -60.742622956373644, 79.89743661740663, -25.960808908938883, 35.14931122398651, -140.82675363034033, -80.58846505854108, -91.79447231898916, -112.8377369510309, -43.936412335343434, 76.23365676035446, 24.056523130617236, 89.17565622949584, 29.710409347220942, -80.2889529744332, 99.55873148668248, 84.08001825406643, 14.583969245121951, -23.433291930627462, 94.06940378915057, -161.78752530688385, 89.42571040010326, 17.340227382555337], [-20.298365143015694, -130.32285691705448, 79.77306733437645, 25.555862643775438, -73.14095158237714, 74.64955159026854, 37.60143173203149, 5.1541212645082615, -127.07643219703832, 6.471120066249864, -68.12588478020338, 15.252428575822735, 192.71376195254746, 80.18089808201319, 42.78830883934734, -52.295381557686774, 111.51689277545825, -70.05572789248558, 996.113103869436, 33.62584748180698, -30.317096457933268, -29.784745287369688, -3.0590114700261366, -72.81791608300459, 7.882524390359901, -29.12623733266821, 217.84810570456943, -47.38957088599685, -22.29499765820308, 96.64000084521419, 51.591200099890116, 15.891800093625015, -7.706465889605476, 116.66747332486058, 49.79620499823399, 79.35969856524525, -122.14310658136043, 70.3891767556864, 63.524567184182054, 99.0167281674295, 109.6536379215121, -61.17576459407168, 30.194534454553047, 2.2663048729927238, 143.392753992787, 73.16109193504799, 50.374272593625385, -41.27713916554423, 79.2157577174705, -14.8352784526559, -33.60953735018202, -22.290395775304503, -132.62462236058184, -100.55428374078731, -167.87041616160693, 39.57551991079532, 24.192734653065394, -65.44900217414927, -33.46605381780121, 141.60990793093646, 22.546242671615655, -69.12600342002567, -30.483972128144327, -42.27506035244378, 52.96840691676983, -61.16533453592464, -20.48638295660725, 117.44177295209379, 65.35754127992567, 7.891348459495626, 8.2045947647548, -30.6626188491145, -6.898453187459831, -51.06891538371047, -30.706910914309187, 83.99512690226337, 9.571302833008605, 72.35114414698107, -70.3161081435076, -53.37401198217074, -34.007706612003794, -51.591717401025846, 43.44895273189079, 15.58815318602677, -78.34955045105664, 115.11117884797089, -5.222181225641749, 73.21517959368856, 2.561774583123146, -73.57827395219856, -2.147229223324603, 1.5152504005067255, -83.9340716663087, 75.81488863810185, -60.997430100701514, -39.7565544214025, -126.51975005624759, 36.71980710344715, 25.194761999560345, -78.06512862613587], [21.789267975971743, 75.58497028572471, -77.41626190783488, 35.544293096017064, -50.034301748511254, 100.92561718422684, 20.42671762328372, -29.292059099548446, -21.396857943701118, -168.883806384348, 44.964248793028744, -9.210646135698564, 66.36751984493714, -113.00387942286979, 117.44958061805639, 89.02580932623466, 4.141493621656194, -41.31060748667145, 33.62584748180698, 835.3328589976927, -121.00957583050031, 68.83091953152805, -5.329990063297113, -60.00552388340381, -72.67354941292061, 44.73094451845148, -12.44383133336373, 67.07794257987182, -64.27442867879043, -81.02854848398218, -148.01035620221685, 57.639924071849535, -52.55406796711547, 27.923585071464036, -148.47838131758834, -47.045205193554594, 50.394520562706305, -29.772602891347184, 81.33576025916621, 18.600447543947915, -20.87371089184042, -33.800912338799435, 30.459335171784346, -109.44687055447729, -36.22164948099806, 26.881517109244083, 77.30536237636777, -14.792936122059093, -54.51660766047448, 84.0282909767197, 76.93699869135307, 90.06844212572821, -82.87985008606863, 214.06790655963619, -86.82333690679339, 16.79783772111642, -76.13569285859475, 36.25339568899907, 42.29453914801856, -60.64324593553595, 83.6842593951773, 153.1267469752209, -63.78142395801156, -39.64144729555967, 64.42857234465986, -84.39389450331564, 92.62125607492698, 43.034524587888036, -73.87004957851502, -9.969316929413147, 32.90787351786574, -36.35429803341456, -47.67282274293134, -64.0648062612075, 47.065957493581045, -5.336942020999273, 15.435647759836975, 99.0516987778323, -15.23210641130041, -62.562998630429604, 5.025458286130602, 74.73338054426189, 0.8562579239404194, -137.50399903337362, -25.347550384118698, 99.20769984404353, 42.14040893889948, -71.88641267658998, 7.385107953362855, -31.546594102455455, -87.57080055663363, -48.89916365942269, 13.459509822289705, 52.4007782316921, -72.74235377255923, 55.56089105412702, 46.69357434956022, 64.83893219812089, -120.5536444694894, -28.013653911363964], [83.38959298708241, 9.786279984979698, -29.961094645905476, 84.09115599851711, 14.548956930408421, -20.628070497957026, 42.21485430865196, 209.48950205177383, 37.33707530715751, 28.71876608848406, -186.0355651951592, -69.24483038248087, -14.216846177489147, 28.854942646271237, 9.106476543264971, -106.2606035146085, 4