{"N": 100, "M": 8, "A": [[[737.9543699117628, 10.503564088010402, -40.14053776522597, -129.90523257931608, 11.392001985596957, 8.260529660554536, -71.0351258543241, 78.29571852831667, 2.0277177870806806, 23.836160206903067, 73.14798594779019, 40.61491564740537, 113.46224240844916, -50.90250753824681, -49.46890475682016, 21.335690444363458, -79.59047788262207, -24.728251679865647, 47.944600427497775, 13.428472922554468, 18.138725211844715, -23.814026404256488, -8.537449656572837, 39.41961876622829, 55.91565425718575, -63.60296163696182, 88.6839373031353, 39.75628186397183, 14.33721972808198, 141.51385199502332, 23.13711558547787, -71.41942712834903, 90.44038419041766, -71.67952805990963, -100.54962768637421, -76.7508526183408, 59.80245068325681, -22.97203676252562, -43.1104126265504, 62.67489426119103, -152.75130431247064, 66.78028395195253, 10.911524226375652, 46.220101939593796, 80.49001318558435, 27.50527072270682, -85.17502571825682, -23.00407798689086, 0.25669204892729924, 98.17659792282595, 74.98679120865403, -80.61943675199224, 25.60033572581411, -33.63476504345971, -32.412945826267205, -78.36671427855698, 13.63648383000979, 12.101166606774191, -68.8211567897517, 37.42696828290652, 27.528686011317888, -0.14422746735427375, 85.83804745645735, 58.86879676585267, -16.10462778496456, 54.44333661575316, -5.715289738540493, -44.51719706344322, -52.86220111640456, 36.0971709696162, 20.883248103357975, 42.79635073168981, 114.83381232655053, 127.94277761073307, 53.19157090800725, 16.1702399164576, -31.997669881414332, -12.50672901887907, -64.5864521316797, 21.602097541203367, -3.4675201167052054, 85.0903428518997, 123.70398323170237, 59.263722859380024, -137.9988365332345, 94.44430228305647, -1.2108903248964056, 70.14018970767079, 53.33066668023823, -10.904725879439079, 39.80128675670915, 21.946706378211797, -12.28308372888193, -4.68487690766554, -97.7112937685765, 107.44464714687804, -60.41641240779635, -54.674508174925634, 79.47992274671921, 120.9284080732727], [10.503564088010402, 832.4101382699374, -15.457199336959029, -45.18921026812988, -47.16102676404525, -90.59693546984957, 21.927145321288773, 23.349439612247345, -16.52609899097648, 116.30003890481028, -46.28947384855361, -70.98602374740369, -1.2233839891837301, 38.69279518001189, 67.99220447391944, 89.51945614705842, 28.491801270299113, 33.37272699165938, -93.44263353193378, -24.044168353397836, 84.80857633490855, -11.181182079812935, -40.14201246669378, -69.62771841282363, -69.8820654841557, -89.42988927435484, 30.98253638172809, 27.156028001603964, -32.10253131795828, 87.21955181307686, 140.634011818474, 0.5513182274865646, 74.93661764445523, 16.119303399543885, 50.93915838652632, -110.25046027286514, -86.09685430282222, -31.92870915759693, 78.5401656805728, -113.7313468016116, -80.29560209713749, 11.039386853629836, 49.99102697383641, 9.004377990350891, 119.99788428184587, 17.636159746033606, -67.58532100984144, 17.307683394688322, -9.757570674929104, -55.544617166797295, 81.9284123209229, 90.55664650168563, -49.83040849860206, 23.04963604280813, 57.52180278531052, -15.919870244825148, 38.605230315560064, 76.51712666946344, -92.14172848102916, -25.50449698686313, 141.06725008037384, 1.5710868252229633, 102.9705076122834, 136.53346832567308, -6.624851897515331, -9.715116142264847, -71.65968139976117, -44.92859937336152, -4.609601982452772, -26.687669479921023, -64.55992506638879, -69.56011423410757, -113.30038022162071, 1.231558282777746, 28.535559532873418, 1.5920110726757675, -52.771479801673244, 50.30877588169161, -100.86856252441453, 19.613603270399075, 3.0001749678214624, 72.94255019435116, -71.76502598104979, -16.657230386737467, 49.90008633483751, 80.30337410304557, -91.32120344692474, 220.2965033648196, 26.66936525483739, -81.78841664911455, 210.41522506526238, -71.3623915687353, 11.165834946328642, 125.40624618586625, -55.97863445746738, -91.48345321541355, -66.77619923736626, 23.36767841435302, 42.42907848802193, -42.71464689938251], [-40.14053776522597, -15.457199336959029, 910.7955856210876, -100.51967034365707, -19.677329481447916, -48.47485061815625, -3.122804968277021, 15.456673090700788, -3.5327515648572856, 11.230758252028242, 19.60854736396527, 60.73844715410367, -64.17943334868336, 53.75141012124834, -18.98318213035474, 1.6294254006930713, -50.63850899736909, -10.136055979566553, 45.49191039528842, 13.20643167406027, 15.184114023159092, 29.65911093416093, 40.79337578318498, 51.141638017111475, -94.87810011501222, 18.87554300689563, 58.15339823483117, -51.09154231039852, -50.04709006161652, -6.1715606183153735, -114.01028390356973, 82.2739064734881, 67.98805013727399, 19.695459228090098, 73.89664941201994, -52.10291653186158, -168.0798052160895, 82.15586746800435, 61.73704612835777, 81.58673545955027, -70.1134771090775, 119.36273545193711, -18.285486322443447, -27.640691662498092, -20.781029813166615, 94.4530211666919, 41.45467556279511, -108.69011238894153, -117.92572565578847, 2.3682566611465594, 41.566987254330776, -32.802861053910284, -131.90867285488068, 42.248919995062394, 78.86524892736693, -17.60179983821621, -3.8371167640140316, -69.0193859290751, 1.4007299175594996, 47.02388777809277, -28.667556458443194, 71.05101332539502, 42.30362575239479, 11.857352290551416, 26.24058582076083, -36.407508585048895, 8.010422633702223, -43.69731481999659, 93.62651759428552, 60.7690044663008, -29.095195781625304, -24.121795607717722, -15.355192096039039, -22.62050568486326, -38.709823754453005, 110.22271074707902, -31.39083471330717, -38.08420712610897, 42.00934181677066, -121.98497208358249, 50.28749949714997, -56.77184954583543, 68.34657805163783, 3.920209403862033, -79.07554570055402, 42.55074353142352, 118.22378335231721, -37.50256948729876, -69.74076764732203, -48.570224993819416, -12.125661553195577, -60.98426702361838, -55.96714088413652, -75.84033355002397, 97.05694354904826, -22.336101456956268, 186.30423124957605, 48.36442523133288, -35.59826828058902, 126.45039893276478], [-129.90523257931608, -45.18921026812988, -100.51967034365707, 1036.8482091931949, -10.614966110662595, 20.843722243730735, -69.63325409907665, -16.495074674296696, 73.70261391065532, 48.18593183752578, 119.39213764669462, -94.16261303841759, 181.02696945259322, -184.36430685797754, 62.222267059443375, -6.256552869860627, -4.4808899812448155, 46.3860191830414, -13.622990767867165, -83.10911125716163, -4.406661287630802, 75.93165008201287, 42.052123252653296, -59.56650038110321, -118.17649949267403, -4.012475276587341, -39.07677347666525, -26.336175725729305, -67.02099124009219, -20.230040994232937, 19.76176530197857, -163.81698402237132, -98.58794516183718, -43.950582363630325, -88.67431179390256, -87.07640539330482, 31.866829270064375, 19.722099422202664, -11.906163922194587, 30.77935072652366, -46.53819494054225, -29.138635993275397, -4.430768412844292, 7.272285120365205, -70.4698205199208, -118.99751481386588, -15.872918365807326, 115.04769336970797, 59.65178674510009, -19.1886434542273, 79.8303537596274, 160.69121197122377, 45.44760967848322, -73.63420593916287, 39.01940294936127, 131.6423771462182, -79.51816714496728, -43.40626766656119, -47.41554959657906, -4.448364782487121, -12.1338107516817, -121.62958917640715, -46.69429800534281, 24.12473391822002, 10.066237059254593, -72.73842190197225, 65.59014433170393, 91.099932431194, 17.027512682891313, -10.135306077739092, 12.639875982423955, 26.01849030740426, -59.2952648747683, 43.282885905478615, -80.52814350886736, 42.99179881131711, 23.128694410292425, -48.68431242391554, -36.2962806242985, -6.1281566478222285, -25.07923924674908, 214.14628480301664, 47.31255663758614, -88.58852747177258, 15.228035742500362, 23.869138875468227, 3.991313362647759, -20.28718731731953, -32.62840790803762, -27.501899637663445, 58.33444943498674, 98.10647435775283, -174.54127363869793, 12.206023050609911, -23.07547915044896, -26.52338544538844, -26.085596729958446, 108.64544196784317, 109.64073835482327, 89.59689381187026], [11.392001985596957, -47.16102676404525, -19.677329481447916, -10.614966110662595, 813.3759432802655, -1.9795334571896324, 122.47800030653298, 32.983048019364425, 22.611127953935316, -129.8243790348243, -63.00867563844687, -71.67729781145198, 98.38352056646575, 11.300111454680515, -39.856143182212136, -17.824150497945705, -4.672117390219269, 122.98382294919354, -219.97913829283834, -60.15621518892234, -64.9202216594057, 115.36910196724428, 121.27914205682761, 28.878459079370916, -32.972848079257574, -59.32810982058915, -22.704545297656356, -48.95442786499608, 24.52932476636694, -75.43620741282537, 0.4347294439352621, -6.710424599875477, 14.148143740004853, 56.17866157028799, -75.84447269426451, 53.41072260610679, -21.47544962246033, -73.44581679787295, 37.80353536662556, -61.08280270370287, -25.4199832235055, -83.06411354093586, 216.31498471260832, 7.285655773239543, 30.078868580751326, 44.22142268616139, 29.823765610145994, -75.07793115515324, 13.139700535335805, -114.13640633483581, -87.95057521176642, -57.18559567656471, -103.01608832169973, 94.58035461085272, 50.12654637811911, -73.91618500567778, -15.785736023167765, -39.64027962803717, -119.05312274286459, -9.904286586990102, -15.907791264131383, 36.87129651009402, -19.778764576808108, -39.24970018858471, -96.99918873230769, 27.123712342950395, 14.000495711207861, -21.08485284431808, 45.665978393636074, 115.55739867039432, 47.63466338410919, -1.7047272158137332, 17.66393854158037, -25.253391586368895, -23.250511108174237, 171.70598946923297, -51.938492062746676, 92.22955184269016, -112.70708805738523, 14.041232662771366, -57.900686927291936, -39.689223131226406, -47.48682403833637, 73.138142729365, -76.21616079693291, 20.843660591866215, 34.88930957082365, -49.01980623701338, -31.089809214422342, 37.102190317143325, -97.5441129730507, 165.24401631627302, 15.38895478828342, 38.33005588286178, -62.36211744845585, 4.230506085464128, -10.97546711147652, -75.2662162084532, -117.1956846578628, -26.97583175495418], [8.260529660554536, -90.59693546984957, -48.47485061815625, 20.843722243730735, -1.9795334571896324, 810.7614283375864, 6.240633324241295, -15.574103701425727, -14.19596672682211, -97.30292489252857, 16.14117253483941, -48.40570129444967, 39.96428135377066, 13.707722008474082, 32.756947763787736, -59.352045448522524, 83.69690290829887, -152.63005690261085, 53.65722666339432, 114.50867833174446, -48.846636877469294, 59.09796342712246, -54.884544703372804, 125.53699676619264, 116.95365068414552, 34.811342046896314, 56.37250395797935, -38.82151835769441, 94.22773892534248, 91.71298872101546, -80.69135543950387, 15.87936715695795, 13.891090215631156, 86.29894637410322, -141.8905055746296, -48.721413551010635, -87.50212237286057, 113.15270636295548, 95.33625021378163, -39.60498421829003, -74.98060223093334, 50.431248828602726, -46.70523081579943, 32.694459172167825, 83.58420165561208, -3.998249196863352, 46.32304953601311, 35.349534173070225, 26.49569767944238, 104.04957889988492, -134.15803237203505, -48.53331662162592, -74.2819473861412, 176.78004140068316, -35.45528292783811, 12.136641448257992, 3.761973473665437, 117.5569311360464, 69.27178209494998, 76.34853533062324, -66.13560977123795, -161.9714773744306, -20.36455725036855, 38.065736816806805, 92.50676008853733, 24.47642162327263, 64.08340004826374, 1.3341853461727857, -87.76979114078215, -122.18655605353172, -29.48896787501895, 23.374910008608484, 31.457844528655578, -39.75558649602411, 26.710110239643658, -160.21981349405118, 36.32620333464944, 20.2435660716531, -62.80613623657283, 25.588296780785672, -115.37999353556282, 42.04583514451198, -49.7613134971225, -151.71766680557172, -56.67570389382289, 64.63625111197777, -3.8617235580697815, 3.8877750490754064, 127.42783283534587, -110.59376797408825, -55.19670423513283, 93.43124369777307, 5.210112733363868, 16.658831861629107, -15.02097829868382, 89.78657501037449, -28.42174410958499, 84.67555155017982, 6.6443046357742, 31.89489528245899], [-71.0351258543241, 21.927145321288773, -3.122804968277021, -69.63325409907665, 122.47800030653298, 6.240633324241295, 991.8953732003724, 21.754201113194988, 13.290484570815666, 31.319707115922373, 47.686584639661625, 45.86539013671575, -49.635823617279605, -13.226204389213269, 39.35038604733527, -75.0154397078527, -31.731980485613455, -19.325843308071065, -83.1809674593025, -64.51882551996069, 55.88102265586435, 60.92942833528068, 37.331985236728435, -90.46141951488787, -42.4596886942563, -190.27684116543372, -124.8338304455127, -53.27716258418425, -10.769119367341693, -32.95582947190255, -19.02798767697361, 3.6028310607301064, 45.47148542261008, 12.060283032590322, 191.61685020937676, 85.87475745442894, 76.16349293845643, -126.44997208744297, -150.26279312983945, 46.0262171875499, 25.32111947258766, 102.5434677452518, -50.71318243954257, 24.56107669889444, 136.2594185668301, 95.96316113950297, 35.64278367480667, 51.09158986072865, 17.92888423409963, -112.85500865260295, 112.92281784765733, -149.31576556595672, 15.023958188651925, -22.348205035106535, 99.96357666757167, -15.162141922984198, 10.626886583141818, 45.17210764998336, -15.875566118273175, -37.30559175380739, 47.66118704184291, 104.02618473318583, -36.47693321741855, 6.653150366985306, 19.552778357960516, 3.8556746049801847, -68.19962452712204, 83.98293346690596, 135.9835060637271, 52.661889753640594, 21.69703298069568, -8.010051607953214, -52.07093366997367, 44.77552219100209, 22.08291255555434, 87.82322295038573, -20.876850024134352, 20.04508630137739, 80.88130673146883, -1.840665693403662, -73.90401958224683, 11.190742210518172, 17.608438752576014, -17.849862734234755, 36.90315571221119, 31.732069220795466, 86.54678619059169, -122.83116336810849, 72.87861658972811, 17.655680142713404, -141.2952892379282, 115.57980255358748, -67.54072071791275, -91.49955975951875, 28.24061022739563, 189.7031472422233, 27.153340579251626, 67.66074736484644, -38.241686383306416, -24.57209308629609], [78.29571852831667, 23.349439612247345, 15.456673090700788, -16.495074674296696, 32.983048019364425, -15.574103701425727, 21.754201113194988, 880.6853837611815, 110.89304026321199, 108.49934301406886, -85.18514239863265, 49.680774882656294, -33.93308820482623, 22.22010063938472, 155.84544377656357, 2.8431738903627117, -54.15862310087299, 149.98216934481619, 0.5615389784923517, 50.6231860841595, -89.6702049196193, 101.0584340354236, -22.444911861844798, 197.29041327547824, -74.95069836871511, 23.425355217964878, -120.69008411627917, 68.51668024213598, 149.95830733852338, 44.02145540314131, -63.99837140988301, -102.49787389089411, 55.58442985219268, -110.51309800291061, -13.07880468540105, 43.381348666940596, 25.496709051257152, 80.86051492162086, 109.80344200371258, -80.3402927351598, 112.23320759841643, -10.975795049916716, 15.997413459654078, -33.35931297810093, 2.9566910424265958, -3.03492411167849, 138.41902147948238, 67.02295239478727, -2.5653411141291094, -31.94755137206048, 18.55025032348543, -9.562041420746347, 57.599315036956284, -7.659560200907611, -110.3329739012438, -10.680833468054933, -11.572604269538418, 155.94839442870398, 28.370759766619027, -139.00037167979116, 81.27554798028575, -109.01860919034156, -22.292764493061764, -119.28095728510615, 96.20586394489254, 75.1671808994789, -33.40476097513269, 66.57660823313473, -72.423749143398, -103.8234687165014, -83.58242106043845, 66.3871317748531, -29.71884582667064, 55.62264846058985, -179.21438321892313, -30.102875585709256, -27.892973495482387, -3.0385570326934883, 21.34318225632839, -43.069149528378524, 31.79115597327274, 59.26523201364042, 143.3256687285814, 186.85810426188746, -49.61436559109554, -16.85688838310624, 42.68359495908492, 47.15361418396444, -49.970211606244966, 14.879394066851209, 25.938397758706124, 86.49412146258352, -69.68873447313062, 22.806952365768637, 99.80683453961284, -69.12356849560538, 63.5302515571105, -78.85230975863351, 83.6323080630013, 74.13589571759198], [2.0277177870806806, -16.52609899097648, -3.5327515648572856, 73.70261391065532, 22.611127953935316, -14.19596672682211, 13.290484570815666, 110.89304026321199, 799.3887017605298, 34.76605507495992, -12.000866287963847, -45.65402945136345, -92.96611635087915, -21.457608625635416, -32.06812100165293, -5.450334225965389, 42.256943118698146, -35.69343838125071, -23.79229478262875, 23.792956312240033, -91.13169576356822, 63.30847664100076, -23.85557281946012, -51.25982653199349, 126.83062555746784, 51.72169447250069, 60.81509422189224, 156.78841869973942, -80.00277331647574, 61.35276160768977, -44.24667614128208, -3.3231867901166074, -8.52017789123983, -6.1146535528263035, -17.566731033290647, -29.752934901128555, 5.126632335359199, -108.53024075904014, -66.47798248172982, -172.82318008806678, -63.51396724591265, -21.273038483628252, -63.68907575788898, 31.95737123011748, 8.998725869274317, -13.916967786844491, -30.45599855437103, 52.223271492394964, 79.27973211390544, -60.01274778955316, -44.718156025470826, 12.822625396833956, 32.22598125575407, -25.51007710046676, -51.07437585326377, 34.935705947898555, -135.93269823359685, -112.61265145785279, -69.1025253737858, -16.79604581936684, -74.57215132226536, -7.700730822039918, -160.94793155373222, 5.653424415236668, 5.045450047896125, -1.1619941196009569, -72.52640928667334, -100.28338707318127, -5.826465892599816, -4.3952718941001425, -34.67551929538898, 132.12783809481778, 25.28687788813279, -11.695766564177532, -52.42625344412859, 95.12986924218339, 1.3525841096703428, 11.378529200952867, 84.54719708478008, -4.041455017222519, -91.01050012528985, 17.762423587134528, 40.11768566242989, 27.418030366172836, -3.6971338472704103, 44.98464766470692, -24.27225249423653, 153.60276241152135, 3.9500670559603317, -16.292224535697105, 93.35369823471318, -40.144631349350675, -78.02691838657951, 115.52637317178795, 42.41035423882925, -83.01844619490166, -15.525259800602907, 72.31430445098081, 37.21816362917629, 1.7034382105678119], [23.836160206903067, 116.30003890481028, 11.230758252028242, 48.18593183752578, -129.8243790348243, -97.30292489252857, 31.319707115922373, 108.49934301406886, 34.76605507495992, 793.9963344741968, -27.00795126463344, 6.366364867109529, -10.245023258437588, -94.51251379397836, -44.21847071722098, -107.96079483293029, 25.58737353414505, -39.13994795263931, 19.074927281321347, -40.99311817136617, 63.730302089020675, 98.10814469724009, 98.16186256510318, -57.8928170018946, -28.768909272413087, -5.02137731116694, -63.76631015273526, 87.38796400467086, 177.67096867064768, -8.24765799114798, 12.6898089504107, 22.943922965794187, 45.927022558599596, -92.56607833634594, 12.34642435483379, -11.808304897859474, 14.589064112789126, -91.1412775949727, -85.46291322430538, -39.42737473825924, 8.808486643230028, 75.15027335225199, -20.07308832126444, -38.88260870350547, 54.59137836472542, -90.03098111073444, -97.36192385337978, 98.66851035815118, 5.7123399461084965, -27.840247103388617, 36.080438165022194, 72.89709273323693, -57.610403753618066, 5.717393726351375, -36.08548268561776, 78.71073252771512, -140.9826014559329, 11.628104428481725, -15.025858365404606, 70.50467056449895, 83.10316104512452, 16.919390791537047, 37.31368392176919, 111.99200957548445, -37.223444071742534, 1.410927452943354, -53.93016644998929, 9.318382644846588, -36.57540150192276, -42.06998428749657, 2.2454264220126765, 62.11057964452504, -12.412073243678442, -102.95646131713897, -50.03492740286351, -90.76792642338116, -124.40735288226418, 6.572089338212376, -19.39579459543634, -128.8669496475063, -33.35966155185189, 162.79426715475498, 3.5605029509738917, 107.35483963457291, -74.0096528745698, -82.31271527416915, -109.74118678523583, 28.38356486478913, -49.51473870288057, -97.8366440943574, 65.18986935926421, -150.96006743253673, -130.91198047256754, -134.08641498057239, 182.2763501463254, -96.27272510427639, 2.3529600643825597, -65.74065551928818, 12.530468784580698, -43.12388296328174], [73.14798594779019, -46.28947384855361, 19.60854736396527, 119.39213764669462, -63.00867563844687, 16.14117253483941, 47.686584639661625, -85.18514239863265, -12.000866287963847, -27.00795126463344, 647.6098834148409, 6.123049279964319, 13.512979773097166, -24.3153542610595, -66.23371301668608, -70.14577059071387, 62.0817618618098, 10.745674385767721, -34.478795638232306, -18.236399445471832, -28.81492185185119, -145.60794571330052, 80.97580141150948, -69.8198118499713, 46.1420513648895, 16.758947361939164, -78.46547054905001, 68.23288210546771, 64.2994927337112, 35.09627600300671, -57.89560486860381, 43.7845878718579, 22.44959679216076, -98.53124904856408, 31.972309964785204, 106.81103259695506, -43.07974101188921, -88.90598048421445, -92.3282647129297, 39.78034921939459, 84.27350387777176, 80.27266167242024, -7.188727737286763, 23.987627802303145, 47.91926681857878, -8.719920393418732, -35.95408388942563, 76.97798300968857, -34.377353199149816, 86.25457627802265, 60.464367878150085, -72.95993019865172, 55.7301287817367, -149.09788995211417, -37.04343990570553, 0.3928133123073193, 4.689790266752125, -44.745438458977716, -58.85521795813377, -29.067763085281797, -33.99379297857633, -92.8776060322733, 29.783062086036388, -56.893535708606386, -68.18204222812652, 45.8629067722985, -96.45702388438139, -64.58578049550513, -53.53302803126595, 32.50365541163413, 90.25912784598087, -51.261490027854656, 114.18556773536095, -10.775808788326726, 10.097733674811542, -138.5053984555437, 97.73594184846947, -25.581293682658394, -110.29770429025491, 47.10369158136186, 15.703700032783878, 101.95618138135619, -38.44418522106923, -132.47006413564566, 65.54147040265086, 57.53001523236779, 92.2201272151408, 12.43638414060445, 123.69598704961926, 100.50098861238047, 6.66145125351864, 64.31335690910498, 28.74601777853285, -20.177832399773894, 1.7234366768228249, 67.93592444642701, 69.92361211918956, 80.97204873206478, 109.05572774986884, 38.79727430325658], [40.61491564740537, -70.98602374740369, 60.73844715410367, -94.16261303841759, -71.67729781145198, -48.40570129444967, 45.86539013671575, 49.680774882656294, -45.65402945136345, 6.366364867109529, 6.123049279964319, 831.0582813465332, -22.46413928256606, -37.49935685892026, -25.450825724168514, -166.43375355267804, -70.04141815350718, -84.82073500110862, -6.887884705521347, 19.39617730398296, -134.29063011763267, 39.73809744622474, 67.31801349418112, -21.461350513668055, 0.5548256484303321, 48.991492857534936, 25.581891160702067, 132.89390874381985, 38.15776074941448, 80.87170251708854, 115.79067608078903, -40.521039440166525, 18.671915243355304, 5.313657813481774, -40.582967423250345, 113.8784398689849, -23.633572784769513, 55.56900245413739, 32.62867206075865, 117.82249610074322, -8.191808633228806, 4.387367767632272, -34.306470880981095, -88.03627058587968, -77.48943584913302, 29.51930504554115, 44.098332995072994, -32.542005189349574, 89.59131086272252, 43.69320417733439, 80.32194861786016, -132.45332471579022, -82.1871019818937, 84.79204788816251, 6.4594072591518845, 73.69650245457096, 36.245359007860046, 22.38518408569132, -33.23341851552856, 29.08179697603475, 178.47126265867254, 10.696889555497817, -11.691331405896662, -74.99956496539237, -14.50219914853577, 80.86094397655354, -28.461609551359956, -4.753884070373724, -11.532120122003887, -79.70658040248439, -34.820373919137154, 76.5082847915643, -52.62211214291072, 83.56412335022841, -58.60096569329182, 57.65549383017583, -48.247727838863305, -37.3703588549096, 76.29113816580505, -156.62362145916435, 26.417182341243294, -81.28955668582437, 81.63993896959528, 12.784211324504833, 32.46971408389892, -76.52704641855445, -67.49967295104453, 136.01072277423697, -42.84388894297589, 112.79213774833619, -15.629903647035022, -48.23722797674143, -7.620200194085809, -31.73731287850055, 30.9120136957483, 76.17158050487136, 147.00651037009794, 18.673637605508663, 32.81462350341527, 68.95885119608074], [113.46224240844916, -1.2233839891837301, -64.17943334868336, 181.02696945259322, 98.38352056646575, 39.96428135377066, -49.635823617279605, -33.93308820482623, -92.96611635087915, -10.245023258437588, 13.512979773097166, -22.46413928256606, 960.9415206608012, -91.65647269786746, 111.32232226492714, 114.06619308682255, 14.596962070160595, 29.999109143522357, 25.842868084813293, -57.40668710216451, -73.75187481997959, -104.71475704995817, 82.65132079067943, 70.1757471800766, 43.6251910007629, -70.1789279081083, -160.85119917084518, 110.89432433877354, -169.64361047570358, -28.373497544892732, 51.25409759567885, -97.70809446237507, -35.21361249036188, 33.26740587241574, 38.38501347451053, 34.29586274495461, -9.87190193939022, -22.666912277932262, -48.838396848151454, 28.800551542794604, -70.11659100981537, -42.70739143908025, 30.84894509259893, 81.79790170168305, -142.74570666301537, 28.06222518404165, 101.57491493140476, 0.23734106931116772, 24.96745007086103, -53.47345928730053, -71.22216657884354, 59.873422974364985, 30.7277263871635, 98.28216535703088, -69.0424265418163, -61.40045321082487, 62.63113407652495, -7.7489686110021765, 12.34839103568072, 133.6016453877433, -83.73013119589939, 34.86416505088747, -72.12190026172719, 25.540934973020406, -60.07081672273865, 45.65914302056857, -5.934554517142403, 66.12372023733822, 16.391186582725812, 27.800598658930127, -6.841951767085571, -53.86618245619084, -60.11242191776478, 37.049488100388245, 70.59173382582532, -38.868929943968155, -88.05724144334519, -14.772823527646063, -48.39474855307757, -62.45706679890341, 41.47982691742074, 48.79928498720028, 22.365481060832533, 84.22062833419132, -61.86659603165688, -83.05112868078054, -53.8301118227825, -18.895585448775794, -37.35176875716219, 116.65845778461473, 110.08478969535327, -68.35531429568078, -207.55136444504237, -40.5337363724128, -91.08433182844941, 135.3566588086614, 37.41292491176517, -7.738471091278517, -25.268391890988354, 93.33032133092826], [-50.90250753824681, 38.69279518001189, 53.75141012124834, -184.36430685797754, 11.300111454680515, 13.707722008474082, -13.226204389213269, 22.22010063938472, -21.457608625635416, -94.51251379397836, -24.3153542610595, -37.49935685892026, -91.65647269786746, 805.4258903450983, -24.25816901279854, -84.61132499226689, 12.597863447300366, -26.73031936198236, -73.34414052963751, -52.34023778026495, 23.942935365977192, 72.1427175216508, 53.900348954313316, 135.48470630193563, -44.48499474346399, -77.97123692227848, -101.97386360828577, 117.01572836056215, -12.68133730808701, 13.269352919989759, -65.8772478525419, 121.4055771978741, 26.831986526193862, 30.892402763365943, -28.429596137043397, 104.74851929746474, -22.336155498448434, 70.15627331695748, 29.212657013669098, -111.37841339774187, 29.818785571050096, -26.67358294906029, 75.50323803121128, 48.940516324436956, 80.05466788797249, 104.17661945717573, 25.909714711699294, -209.740344590189, -32.33345724329492, 41.733514405699495, 85.0045022642759, -108.62320617596907, -103.82711387587715, -93.53002396781467, -129.76526627812245, 56.85323759812082, 114.78725796476769, -118.14963696790828, 94.43932822599349, -37.95954305035634, -41.31049630246955, 152.90720120274844, 2.464629149818314, 85.21885863085052, 3.192003949994562, -1.6368085459977804, 83.34061660493238, 67.87414927554288, -63.53167873569401, -94.30903888431554, -71.90463695454078, -62.68255600757684, 44.00896790946469, 43.76771290279933, 67.87016227032457, -4.452716680887593, 109.53983437942594, 58.91049897367906, 67.1570853066599, 19.193891226764617, -60.11193202030887, -37.86156976455245, 108.17540135329091, -11.193479407173474, -30.619560134031694, 119.62342112467861, -9.085260367395465, 33.67552355792099, -78.78403923710762, -106.77832386040866, 62.99590880364858, -42.04239023724054, -1.8104937982099203, 43.66311914991326, 51.42126825286608, -66.57329119133692, 43.12231321888522, 117.92270685123762, -44.95120872971312, 11.886197725266337], [-49.46890475682016, 67.99220447391944, -18.98318213035474, 62.222267059443375, -39.856143182212136, 32.756947763787736, 39.35038604733527, 155.84544377656357, -32.06812100165293, -44.21847071722098, -66.23371301668608, -25.450825724168514, 111.32232226492714, -24.25816901279854, 930.5054132305768, -18.08801875285676, -52.2447584110676, -200.31129202921366, 9.862875924869579, -57.279483755836985, 18.661851566994176, -6.044669173651978, 21.52120201112915, -55.60642591874409, 58.14381771189663, 8.464422148841779, 3.5008806228752833, -154.36571449400805, -47.08258659407118, 14.7707694013223, -32.606112319797994, -18.480244479678714, -17.753622688040966, 40.52172753535518, -48.54794577646973, 82.94066474398423, 147.10110322993793, -4.732582294557076, 35.61523522129252, 90.08555983932949, 60.92440836933204, 18.65711915789777, -12.31789199413779, 29.080058508690623, -108.12572239107647, 1.5437609042570655, 55.83974523410907, 101.69546899880989, -52.02220755077866, 50.14090455145535, -69.31841000729364, 14.842582941885208, -180.9749260462049, 5.501627893483338, 8.714300523212046, 75.4693078046834, -63.17105160009291, 79.46237250134625, 99.07582334601491, 21.851464962797337, -108.52856549806917, 23.90524570960445, -69.42516317874076, 71.86441033173072, -127.29505139910691, -0.7486854046088189, 125.34077559099012, -64.86727775997501, -144.24988246075873, 0.7479181604576222, -38.71218266155382, 88.09372994221171, -8.302324985236897, 3.452700850754627, -74.61940925075025, -147.1806817044941, 59.148800650437565, -113.73041867593221, 35.826337269358966, 83.55698373115641, -8.518394586199259, 7.953618681383787, 208.277234839336, 14.898243018134176, -4.1819001418612345, 43.9669449123075, 37.46249287861138, -7.221945018774673, -20.563004616733153, 62.572969568488055, 49.53860808496428, 2.92608640029806, 185.01868878056163, -146.63395154281704, 24.27079351552721, -59.479818567548065, -162.27754264439278, -120.13263302297251, -92.63630830859984, 92.49827459184567], [21.335690444363458, 89.51945614705842, 1.6294254006930713, -6.256552869860627, -17.824150497945705, -59.352045448522524, -75.0154397078527, 2.8431738903627117, -5.450334225965389, -107.96079483293029, -70.14577059071387, -166.43375355267804, 114.06619308682255, -84.61132499226689, -18.08801875285676, 840.4387722575055, 44.33370857602469, -28.795176566736977, -66.5031319738651, -36.949863551187995, -91.57380322867773, -38.73658587526585, -28.864152525243213, 46.21558933339067, -46.82402082128559, 4.001684284152045, -75.424056182742, -79.44027912578353, -165.3493977418241, -89.45005009995035, 6.914768465427483, 43.081437414927564, -42.74651285267284, -109.24265010672539, -107.58031858698328, -139.30301561829975, -31.162255283422336, 79.18605666790484, -66.39930929650423, -127.26198996263408, 18.54640542966352, 70.15910991712798, -68.64999930559745, 69.45328192007892, 27.859058757361026, 0.22436888483864748, 51.8247093998972, -140.16436018080702, -5.304729353161228, -1.0725467045656472, 43.8585374754894, -16.94948529895263, 100.26520075585377, 50.03567835582652, -26.236602872457986, -12.648242692962057, -38.73860694844707, -75.25849986479919, -39.37623021725862, -8.888824066086435, 84.41273495068238, 31.694497574613102, 78.16992666324091, -35.874123242575244, -0.6857233762020581, -6.26943784882005, -115.43928576703517, 34.658458787484946, 98.28361258731829, 32.120920433983684, 21.911016769851454, -62.33263081387713, -37.86193146090977, 76.02133611234623, -17.89003616516966, 114.43880505994103, -0.6686138652750465, -65.18391064695221, 91.55497556306871, -59.084419361335094, 40.99091643586112, -33.77571342439296, -130.52275958198646, 17.38066083282828, -51.94695920813245, 86.86844414228666, -92.2011145140173, -20.005989742223385, -40.65404665085914, 82.88592561721575, 103.01955005622465, -12.48816006223441, 84.05591974876886, 28.594071466457503, -16.778600809420443, -137.05854669979067, 49.55669063079137, -2.5218470064019134, -21.9633347323147, -114.49481952595822], [-79.59047788262207, 28.491801270299113, -50.63850899736909, -4.4808899812448155, -4.672117390219269, 83.69690290829887, -31.731980485613455, -54.15862310087299, 42.256943118698146, 25.58737353414505, 62.0817618618098, -70.04141815350718, 14.596962070160595, 12.597863447300366, -52.2447584110676, 44.33370857602469, 909.6148075936156, 91.45959605965372, 56.50084844141936, 75.08613324837427, 83.57150488897909, 36.03065859736107, -93.07649530626318, 26.39522464208226, 111.6295564378039, 83.53893539012111, -95.35394887173626, 48.42623107714039, -16.896456089393094, -32.4248093289083, 32.27292556411431, 1.3989304138462693, -45.93624490043867, 158.16995520650198, -111.62319205823623, -6.246908464670002, 0.5904187366506872, 101.60912625210727, 123.95164904509022, 126.09998838752522, 124.41641228768611, 17.225147888264665, -82.01182502149399, -41.36029074914465, 134.16734896333685, -28.785033489308834, 96.14729587749547, 61.671477196673194, 80.59147246483283, 67.46114273731037, -63.72859865467101, -16.046945257952583, -59.9941331289678, -25.652700927272043, 23.591624113373037, -100.25591516297577, -63.06235576232881, 65.21686305697492, 19.198706773868842, -30.537717274468203, -88.86422652439718, -95.00945946468111, -24.075138285079134, 4.06648736900893, 117.18185226547557, -63.16473754396295, 43.158344711133736, 21.638765370566095, -25.16880173223329, 76.41217538300906, -44.3925807534076, -129.45420241536706, 50.147618556786604, 49.347530925487966, 126.90712187274559, -125.44710794779883, -26.742993773124493, 17.17510930175405, -102.168659000011, -123.245873247338, 62.797469203120855, -58.14466268436477, -5.357340783614284, -68.25265926385978, -62.135390567162105, 71.42620069850066, 53.83993888595197, 36.76739989808159, -56.653078438966325, -2.400349679952383, -111.39884627334449, -16.50933601506373, 13.812369681362245, -19.67195019535804, 87.28436865100383, -60.38744386507283, -22.76476226444889, 3.687352553814434, -16.284971212074414, 21.717586045428476], [-24.728251679865647, 33.37272699165938, -10.136055979566553, 46.3860191830414, 122.98382294919354, -152.63005690261085, -19.325843308071065, 149.98216934481619, -35.69343838125071, -39.13994795263931, 10.745674385767721, -84.82073500110862, 29.999109143522357, -26.73031936198236, -200.31129202921366, -28.795176566736977, 91.45959605965372, 962.7016512405356, -27.377677182557804, -61.87185165844052, -8.769685878287673, -67.95772539870319, 6.643954797819785, 60.151211299120234, 41.76526374630448, 27.787722508275078, -44.365201825069214, -27.948836363253786, 96.49021204359956, -162.32305821990573, -21.827455541492743, 21.81073102155448, -57.02077109467969, 55.56570403108368, -3.5988465814268933, -58.14086961610459, -120.36239989782173, 13.670104570363518, -73.64059784725146, -8.739386242950204, 67.14395223564564, -22.305246249898033, -57.61521011083534, 33.92745058188222, -31.04526616134429, 4.5165080823663155, 120.98430369752258, -12.67594863514217, 1.409292798866127, -33.88072756399224, 97.15727853598099, -26.67295587564043, 48.01542458715909, -110.59186166319942, -71.63134437629647, -20.634466392354128, 67.67820876054543, -18.985521246254354, 29.384412721265015, -30.005188295382258, 12.6117385473727, -8.120137696704555, 86.323157423668, 53.441815663209745, 116.14449438243284, 38.96502356599437, 9.706921467621386, -50.34652119716607, 49.568494118364775, 37.79327069320358, 21.455995134188594, 7.744001502490765, -30.115518203887675, 12.386026484658943, -7.304709117913833, -18.587100779529763, -20.247987484289123, -112.38560186239734, 36.078220584217206, -85.91110615344171, 145.11266756668658, 49.326381147013784, -96.64612196109903, 154.86134737111618, 62.810820106911585, 34.90016366188041, 157.07773855697994, -54.29372331932302, -10.112775734555653, -65.01741975074624, -100.64247647517736, -6.9089573244698945, 25.330717014594352, 115.45517703093314, -114.45491927195447, 11.606202310017057, 47.78598647588634, 10.10284867069096, 57.29382937906597, 72.67759965713036], [47.944600427497775, -93.44263353193378, 45.49191039528842, -13.622990767867165, -219.97913829283834, 53.65722666339432, -83.1809674593025, 0.5615389784923517, -23.79229478262875, 19.074927281321347, -34.478795638232306, -6.887884705521347, 25.842868084813293, -73.34414052963751, 9.862875924869579, -66.5031319738651, 56.50084844141936, -27.377677182557804, 811.9881298705754, 44.112198983882394, 21.861676368218703, -57.58959825848303, -136.3367997858156, 41.19309256776381, 35.69324917740453, 68.7202145548258, -78.02335586609365, 41.73235591896831, -72.10258361995777, -34.2793272823468, 73.55457888020106, -87.74471749779659, 21.166407074236183, 152.81052835906738, 31.40310822108191, 57.60272753425733, 94.01296633504376, 84.55696075944073, 88.767579199113, 30.401876026879563, 194.84411764636053, 37.39485131502727, -0.3807886486375011, -6.478223245553682, -69.54127181081161, -25.100325920276468, -10.593736212257028, 52.894833192700695, 75.209465965389, 54.06581013901851, -24.622831630578403, 40.16551742368881, 115.61824018373133, 72.5349784243628, -10.618354926730486, 22.60500258214071, -153.77775200726282, 50.11743120716563, 42.42584586303589, -41.25023806718374, -45.16690476200885, -98.09793961253654, -25.37896219846392, -94.84008910004253, -0.847884217630521, 60.62276657350287, -17.529958460456275, -74.20759546118336, -9.694193926082125, -23.151298443194605, -20.453190075269212, 90.96235674213642, 182.96583325705816, -46.538733519071755, 75.5281172418321, 41.34443569148692, -50.66199384312542, 31.90393305993045, -12.188412113463976, -39.316049109285395, -7.6643541652660145, 5.13232595016373, -15.18615522939598, 17.425278450687507, 63.687102231631044, 74.11848791141509, 95.03186517546163, -81.25477365598157, 63.53731925321855, -5.228736135391505, 9.842463410939486, 21.788654451889002, -94.98530703903515, 55.2592987607441, -38.97251540863856, -93.72158941132801, -30.271431683420385, 75.60454240061102, -77.31296097811159, 95.555490943333], [13.428472922554468, -24.044168353397836, 13.20643167406027, -83.10911125716163, -60.15621518892234, 114.50867833174446, -64.51882551996069, 50.6231860841595, 23.792956312240033, -40.99311817136617, -18.236399445471832, 19.39617730398296, -57.40668710216451, -52.34023778026495, -57.279483755836985, -36.949863551187995, 75.08613324837427, -61.87185165844052, 44.112198983882394, 620.601714813332, -38.58296942419642, -24.346031814534953, -20.757022006485894, -31.64879238991748, -1.7039257859570929, -21.400539951644703, -52.6925322765855, -23.420393443214703, -0.14447851621748414, 74.36932641253425, -67.33370416778362, -17.79256708185528, 53.458394690361196, -0.421585637208971, -60.20350071375414, -2.6909229201900082, 6.085087602894739, 10.533462504824866, 125.68694229716576, -49.960269670966916, -77.04804049446632, -32.41545224490651, -50.05354885239749, -101.18197968667147, -53.00517850858586, 28.10708898327311, 26.397453732436283, 43.27003604651891, 90.70880769188382, 16.72184686704988, 20.464660916797154, 79.23359748214698, 69.08055309298317, -76.09988393330148, 24.36066884196632, 46.63269879738533, 49.43244384833094, 47.59397637642175, 16.70657580902464, -2.426159081260962, -48.87196779332689, -69.29108257513381, 43.708342314613795, 64.03029543754282, -51.02220444737462, -60.23846773913199, -79.87958817575844, -109.23379937897053, 38.176858902973635, 1.850692922458767, 26.380496121388955, -7.81649322546626, 9.943074204838805, 156.01680723645373, -67.02288566800098, -3.510820768602207, -69.55676357618594, 41.174470220706326, 13.651241265842076, -52.45161573624949, 85.93355434164567, -50.54593061616564, -62.68931984938974, 57.02017523707496, -14.01208746963036, 109.3372990354651, -18.167031583281336, 38.25973860909557, 76.29156411494974, -81.99590773992223, -71.61647298261153, -13.333204317318437, 43.33325533055012, 87.88384088548281, 78.09360496464001, -19.682733799549936, -73.0978485650358, -61.02818969122191, 54.88488171499716, -9.452565118723394], [18.138725211844715, 84.80857633490855, 15.184114023159092, -4.406661287630802, -64.9202216594057, -48.846636877469294, 55.88102265586435, -89.6702049196193, -91.13169576356822, 63.730302089020675, -28.81492185185119, -134.29063011763267, -73.75187481997959, 23.942935365977192, 18.661851566