{"N": 100, "M": 5, "A": [[[1100.9070421466713, 99.7321479944595, 70.19619944761712, -158.97474941009753, -36.83846653166955, -23.395630922309365, 78.87496690666528, -9.01530242443283, -104.19265789924972, -79.46071718069224, 0.1792970249307815, 129.22429987526726, -83.72762781377322, 7.750578141832409, -5.437569960657922, 54.973242020065676, -90.91775231561893, -174.30657907499304, 92.06814547090042, -9.265712148887667, 51.39061915934682, 11.231916313288732, -69.38616954285177, 110.1456394070154, 103.60984621671236, -61.16078729963907, 103.08909550497843, -77.3926523360723, 47.07357175231369, 134.0146701205129, -119.27108368685177, -0.6350353171227276, -7.110733297995009, 18.109232920317325, -99.24369317229782, -100.36751397396428, 42.36304386376867, 1.7583317950115505, 242.1099236370759, 35.8383903542373, 7.124914887064724, -76.44320985337438, 2.361524742431529, 186.3935325337075, 144.59085473893347, 2.4945968122742173, 65.3348900048272, 81.69221825756418, -88.51718018084198, -20.99178087236103, -15.347981462478423, -78.73749942186602, 56.85575492167963, -3.351487044359913, -57.76791421003198, 47.87497581594044, 1.7893705911459168, 25.767637300841535, -165.81203584453095, -92.76515863099752, 50.85742947770761, -3.7700519344775154, 151.15146037588218, -23.825596044945698, -42.159452109444054, 58.839673544001926, -209.61244181144315, 10.786463571420466, 46.15548056334967, -6.960538055021248, -187.4256417520686, -33.5469508575962, 94.19587790348855, -11.70831740855406, -129.58766185284523, -97.72024370636576, -3.63186325278467, -24.898145217905697, -101.30410467258807, 44.27406607615494, 54.56419864475737, 36.012915369462725, -49.00949096267693, -134.693667016797, 10.773548176309824, 60.04504257256707, -204.35668483520027, -88.60573734532818, 20.08715845193033, -48.657119222921146, 38.27033500613771, -45.447326111232215, 16.047168413315042, -46.946465699112814, 41.38541485855461, -21.75070493420743, -207.02370815280105, -73.05303975186366, 40.83456869878648, -20.227026795512685], [99.7321479944595, 1051.076594020192, 23.31946183224403, -39.438548630111555, 4.4198584289590075, -89.58827662658747, -71.61324204410076, -111.96656803603074, -19.06701693666387, -63.59538854808708, 126.7925580641636, 29.093109036374784, -44.597708570791625, -121.21432988132142, 67.80655940986586, 68.32551312565664, -106.11680607364457, -13.662045686678885, 14.21146879777456, -105.1918881167318, -144.3880700778911, -94.55950889386669, 53.91493453652666, 51.75156792132161, 124.5212863188762, -91.77027506002304, 27.818592852809203, 80.0851075787239, -170.01386221314198, -83.85273981656368, -15.804810928083889, -8.882854670191888, -75.40682048612496, -112.94032967108623, -114.62369726453801, 30.84309608749417, -23.38896683456423, 22.426801318021948, -80.56157926564505, 86.31900717518009, -106.18586212079376, 80.74480460249518, -49.49055722115298, 129.16031648664872, 43.68942980583603, -140.22726720032585, -135.8569515855712, -39.876029794039056, -16.65516764077799, -4.685772319939912, 31.372345430206984, 92.24925364438708, 91.69817881685016, -42.18444505602459, -14.76959698865543, -38.624253254271345, 43.44133800082178, -88.42292132024403, -155.63793759504307, 39.903979680168696, 171.23578259326894, 61.046541786980306, 101.57306083933764, -76.5592705457576, 6.019296219080188, 38.37535732038482, -65.84748558081792, 23.653588223011095, 122.90323281267051, 19.917015784002494, 35.347842884819244, -30.804820610729504, 55.982227840706, 95.27636543970947, -46.45665767082221, -72.30461703074829, 37.92641657326659, 6.832331229451346, 106.46745296778931, -32.65160980481755, -46.48388137507307, -134.22409376464793, 23.7919727237574, -100.47491109415607, -44.18276026183651, 38.621684283712135, 37.62041733960218, -22.258872354638793, -75.96042463125187, -35.553112353913654, 179.24993708543178, -37.83599180288738, 10.987722234463615, -73.90564303103824, 7.011049643055579, -59.567562650135436, 21.226045297978022, 147.393040055826, -99.78480790272472, -47.36789576750499], [70.19619944761712, 23.31946183224403, 1083.9078476700051, 80.33802783805895, 34.67482427650891, -43.3221543468905, 165.6776182890261, -39.60223569428382, -24.91233118188988, -61.90188006105813, -8.4108245061382, 44.463672595795856, -124.27693717958893, 296.72637740874256, -192.25207841920513, 2.292750166467944, -45.535797223037235, 28.80467946019961, -102.28352511755791, -11.192074638774006, 29.79130693171134, 42.64435014069936, -3.4684378936428573, -67.1670950502718, 98.61781472773536, -158.28987377144162, -17.715542635832808, -2.860389264390622, -28.15636240113053, 18.015929874410258, -141.36506817093962, -66.13558086172472, 106.2641029448302, -21.810836180433576, 19.16535710326223, 72.80591539460457, -92.07390149899287, 57.21284227055331, -38.50673803367953, -15.854862886542145, -36.00824062872422, -44.015944448886174, -35.62786182576352, -1.2183672501220235, 24.00120519853068, 1.7879668388401946, 37.34613434439634, -71.8127588996017, -43.984885474297585, -88.74179637984015, 11.2863518419128, -44.88230717435124, 81.82569977247827, 0.4455103102306226, -23.866863647206735, 134.34320180076392, -15.360374942376394, -166.33690265979328, 145.59188718991211, -157.2018459437104, -18.95795607590624, 120.42968277787195, -142.6839618416405, 0.7123562223617852, -30.341214135763842, 110.7432851284693, 48.34956280189506, 193.93193579338444, -113.55786795725572, -27.65792275524692, -55.660192308328725, 47.512068008789214, -206.53792879591697, 31.657057933345296, 13.234781505647152, -113.7814892552179, -14.6356779807263, -79.46760636908647, -87.16900981109953, 3.1320632718912704, 53.456242892968596, -168.16763284148436, -33.786032282263605, -1.4995483766109228, 5.774916662343902, 18.24727453757679, 24.870769359851067, -92.32010572203541, 78.09158390952702, -23.59850634189389, -92.5611029570955, -21.96295488133641, -89.06961413470378, 34.632060696085574, 92.97941430111828, -8.57257814129173, 92.57709884959091, 195.08822175703196, 86.0066890508815, 120.52226774479229], [-158.97474941009753, -39.438548630111555, 80.33802783805895, 996.7138216550067, 39.35613749415091, -11.684489439683773, 121.366445288182, 62.745936707779755, -2.7661359307145124, -54.72789967490617, 24.756943038197146, 6.03236129600586, -54.53599379772098, -35.00987215803513, 12.475118700221817, 16.76680843384157, -14.48858746302885, -18.84667049056591, -90.60966110964173, -19.235725639842027, -53.67421175878542, 92.76281858815625, -105.43242788649351, -115.49410967733327, -50.39003628587335, 128.39021985978653, -57.01613024581837, 63.909519759425834, 7.795359885149131, 7.215864247612753, 76.14703476267445, -74.77627552857736, -34.312778698949685, -123.40955299797164, 57.29803038797798, 101.24307242540219, 113.47482178635273, -47.29248515478718, -68.84797026407274, 114.84794213933979, 40.27004116457243, -3.275469818960054, -121.16139361143117, -22.790318295012042, -10.361752202582961, 92.93585551949444, -100.69961490605687, 115.8551605348666, -43.26795197457835, 150.893542409808, 61.19343068611885, 157.67146657451482, 13.084470867700636, 48.74560050269477, 62.66424985096696, 23.941102339801805, 35.25978311952901, -37.141104121805874, -63.91058985357318, -76.11647405646193, -17.244245617618517, 75.8761253036056, 35.143323995592496, 86.4679900352345, -16.948876230881538, 142.21951079236663, 70.05015938667209, -123.07652900755912, -67.97995714566245, 94.09630031785493, 95.58800798868866, -14.081788539597454, -142.3811438159093, 67.48595235678079, -156.67217532813686, 142.7802020669355, 11.747333063632457, -56.42701843691689, -51.175301981961155, -70.75871574110046, 10.196189263989462, 41.26835333407286, 119.87355928649664, 133.4697932253992, 14.671611960853475, -69.64499868498615, -114.97088527159373, 121.79828576339146, 115.27834999822929, -85.19682297452502, -39.23003784069206, 91.6563505116452, -61.80297571095237, -11.294973051079129, -33.876879984474385, 81.11987365087471, -56.38056975165883, -6.442223010273614, -72.8853046820201, -127.7032844354366], [-36.83846653166955, 4.4198584289590075, 34.67482427650891, 39.35613749415091, 1026.2994695132859, -0.7415129872683379, -161.67824383149164, 120.43839132596331, 64.00219118427059, -8.18014483057405, -82.47877121948814, 53.68551229349778, 86.58632544833814, -125.44701907115572, 88.3168763968907, 54.578939471943315, -103.8441354961934, 166.84428838847634, -121.40535330094993, 16.193555401546064, -77.82696344919789, 68.74922856717177, -61.94539560632641, -107.96744692135086, 125.56122464058672, 14.840018383412728, 23.304986416906278, 129.33283464537624, -73.5138115783426, -55.41168229924655, 16.59717442105969, 18.010719500732552, 12.084721004187726, 98.09692286646154, 142.07450653366442, 50.66924089754706, 54.18474564504657, 24.700068448676447, 61.38527248572308, 82.83806973949366, -91.7811862098184, -24.250338076826427, -169.65016153487116, 0.02688522716807578, 59.46676583389359, -19.505985051008246, 50.05748060772787, 61.56802254217179, 25.151052222237773, -78.88708242560713, 64.25539915489371, 13.205181854083353, -56.87862784910773, 73.08610181769545, -18.115486266727924, -67.7778085784048, 151.33841574940016, -49.672019868844075, -64.34750918383538, 1.019714491908907, 63.83876876651486, 77.43866452497939, -85.94960863756786, 59.882898877579834, -140.93931854622116, 74.65062273951116, -6.868011550518647, -48.919407203574195, -67.48312187044019, 68.08711775180602, 21.14331297268758, -13.811418814149466, -119.07155398227248, -134.9098977771743, -61.54289063534011, -85.96838535780971, -25.98164387597583, 54.05477271128338, 65.31182472033898, -5.998909601525807, -25.481576547297173, 46.004223336090874, 150.5643343981586, 41.114299464772344, 152.69550047061014, 9.222208430063759, 128.86533947149363, -41.42432142446331, -2.915605845184551, 73.6231175838567, 103.56029942648131, -8.49507620557324, 48.40162377757784, 43.250722448190615, 150.00599505556835, 151.2377000491414, -30.60244799143431, 33.72724872245558, 102.76430169846377, 3.892247022314655], [-23.395630922309365, -89.58827662658747, -43.3221543468905, -11.684489439683773, -0.7415129872683379, 888.4651576099084, -46.397959630297215, 59.62478619838715, 123.7569099335168, -97.96168463754805, -49.9896021910771, -93.31382632211343, 71.19365466466786, 104.3450201673073, 52.797854594167674, -44.75954237192946, 96.08034233968272, 69.1526680034928, 9.710953865970442, -95.73078046896269, 69.59174035309488, 146.57315179790743, -17.250799449375826, 72.81192180440469, 20.192089435295514, -55.328884374729476, -42.75846305950425, 130.56176806781707, -115.02091084971646, -54.86746147504654, 61.05919657346693, 20.557817682256285, 31.350530321412602, -93.420053879772, -118.71102987666984, 51.71333095799258, 101.72449896201202, -63.86459346422769, -51.82447139558581, -52.41032970400364, -109.40448829433959, 23.84057013592495, -27.950513718466517, 38.01029500560894, 34.19246621792617, 59.465215734649036, -40.157089807106026, 46.52790600646993, -109.53358848387256, 73.4185415341089, -13.412771361837699, -77.94797833088013, -79.26635796349396, -83.5809700377766, 118.3281421373414, -112.8999978391588, -153.58066030481484, -95.70770911142377, 77.96046792150688, 78.52532385476167, 76.64727846203905, 52.65806667126817, 79.57675148094414, 55.265916991732034, 64.87879563692411, -150.04108231389824, -63.474149006902906, -84.10581293572533, -90.68238742204046, -135.19367839060877, -75.69109820174482, 165.87221058015817, -33.86410895091855, 7.51461927576738, -68.85740514007833, 34.89757011369763, 113.88835586098917, 84.04310689681822, -125.39821028081144, -2.704360200214967, -30.805634041813278, -113.02576587465597, -80.01108222746329, -60.78438755490747, -6.063460591569728, -19.73096814032533, 14.631359022526382, 125.27738180343495, -42.0554629516166, -128.30388833064018, 41.988517006690785, 115.96699839695074, 110.29871096685143, -12.521323170890637, 78.63020205057674, -44.8732755868681, -37.63269081047316, 23.14186413556566, -67.89308384227581, 20.451901438531316], [78.87496690666528, -71.61324204410076, 165.6776182890261, 121.366445288182, -161.67824383149164, -46.397959630297215, 1098.831222794536, 40.918803916496366, 55.31965041878951, -79.25029056703434, -102.05363311009825, 14.425253157634618, 11.474133404998055, 30.89053660004568, 12.462291356789867, -88.17381234240705, 68.42620306465871, -84.21104714920901, -83.84424810924769, -12.477348532630373, 77.28467558604021, 50.865678731293734, -102.24377648097406, -136.6560220473015, -27.54358327561068, 60.00540617668961, -9.461553272161275, 44.20684070100633, -54.202589530403195, -13.192241835720475, -38.36870802589935, 88.9243844847336, 158.724634630326, -70.01968069645075, -26.59955780639926, 65.28598081688571, 5.621679876430608, 176.32832214403533, -71.14823566191576, -13.512060335412892, -18.329853636753025, 219.47953225316795, 90.2692802765098, 8.082585151960204, 162.75079242746168, -35.93260716783556, -138.31365834745927, 0.9612895542647155, -3.7322880999379815, 5.031911584608926, -62.07382500566202, 46.92184904827925, -27.444007107574592, -28.46867244203023, 165.1447212282035, -16.1059455209204, -52.901192636851825, 13.83989620758218, 3.0888262741662245, 111.51362993222095, -106.00856881916798, -34.402412691133705, 96.94370469833142, 31.305007503965935, -113.59798980431405, 32.62077378972894, -13.188250090668161, 9.372026721203746, 0.903505166043778, 112.1899567035356, -34.021156034799475, 33.22142249904105, -27.266689799651456, -14.898467206889965, 11.566128680190085, 18.356734575970822, 29.914140473916607, -5.68574475721378, 9.682680717055998, 8.016289789757408, 69.20735205486511, 120.81384647697722, -52.54281886752469, 45.335292753934525, 23.33765332055974, 44.732457328969126, -0.45520331486348536, -151.10798073445616, 49.92354901938437, 61.96835157611332, -44.908222316719865, 31.358201700607445, -82.40332646774431, 35.11818188470328, 15.884259728103318, 15.953188377910228, -64.09073137596307, -8.733383390938062, 23.827473737512456, 122.05336662696864], [-9.01530242443283, -111.96656803603074, -39.60223569428382, 62.745936707779755, 120.43839132596331, 59.62478619838715, 40.918803916496366, 1042.0465313790774, -35.806590197827504, 65.75014521369283, -149.55950811200663, -95.08291054187852, -9.560938962124347, -70.8203891432509, -1.014834958033989, -54.254967569096024, 101.20263312055926, -85.35427390672943, -79.16379966840735, -51.02869199975534, -9.563841575105352, -53.87765406038173, -51.592352099811805, 114.376205433147, -27.240981148455745, -118.76515228816505, 46.438366106975906, -110.05958238748144, 69.51706444261511, 40.81870788701145, 77.87451353721582, 118.4771548199229, -61.92086049231835, 122.1708504769808, 103.3228030969286, 46.18081855435639, -22.97393301161081, -10.82368158045926, 17.061331835916913, -70.97564644397194, -36.53765392401647, -22.844661117719493, 121.67230658077047, -17.614647301228032, 32.218276984134015, 78.92050837520657, -28.746635141921782, 54.95957312265438, 140.9220680802077, -74.35208302922156, 3.60400082605948, 43.16062694449679, 0.9684866728646097, 42.932493456878454, 74.76119343155005, -86.85661013825755, 64.54562187544823, -46.992614371998364, -100.16244077656803, -153.22254162063672, -12.341280427189083, -15.713708635356344, 40.40144626561511, 27.095405313510295, -7.1411527768128265, 22.676841615225616, 57.94085802546845, -39.81911681067256, -46.985460552523165, 0.44863900725371375, -8.578855340492511, -13.651728051524561, -149.54781740767197, -201.79916197821402, 104.2857338881003, -67.6561216027968, -0.2135457091957407, -44.24870676274374, 245.59365415678116, -37.17520402059956, 31.19626890212513, -33.058277560196146, -84.2591442987078, -91.91739627834882, 49.50835960551625, 74.05717396151051, 105.46794347290597, 39.315728669304384, 104.79833504477173, -50.703176788790614, 6.7654044027049665, 84.65929847158087, 156.26588215989668, -47.719704668857155, 66.25798574977757, 36.1378344232846, 27.116488137199635, -24.024399978542757, 12.316253395913275, 99.43214123163675], [-104.19265789924972, -19.06701693666387, -24.91233118188988, -2.7661359307145124, 64.00219118427059, 123.7569099335168, 55.31965041878951, -35.806590197827504, 940.1561817719116, -68.66453050944067, 67.01096595481903, -57.090651290456755, 58.31500942492358, -68.18415713251318, -5.0481668845604695, 50.551271917452326, 22.323523937415196, -57.15983586189909, -32.98565519953757, -83.45751202910563, 193.80904737213504, 81.58308606840741, 19.216305885231836, -51.70101469455572, -91.85278536963907, 64.10708831008792, 74.47236055922384, -26.765425598247425, 55.58405403424924, -103.43337038985861, -32.71980748247225, -57.468651299049874, -147.1321652602397, -85.68701722337637, 77.00315385622424, -62.50065786944719, 13.459320982668535, 32.768289303455425, -142.8101843806259, 91.84213814857222, 0.2897941205491165, 53.69010783456001, -84.29564142909892, -96.80144083893096, -20.351487021787882, -41.22557281707528, 39.3844338520307, 56.707057094286945, 47.36621169696405, 57.498318120292694, 23.95572517753784, -95.52129980212766, 5.487232022169737, -50.28033304785783, 29.509264985357877, -46.063398139504905, -32.37124393087889, -51.58055818905446, -24.364548307076074, 63.92204952709584, -95.28710623558587, -62.992492796373824, -27.34682120226646, -66.68722066770088, -5.264383968900636, 74.99943460316553, -23.179726153031947, 8.155461776962827, 14.420821786622012, 164.28378145707612, 17.086217251873514, -84.80849581034109, -136.3267804553153, -5.039334708737218, -73.27025832484642, -42.761665217287, 33.06206857400975, 78.58247962343715, -155.80451886663934, -55.77367107022179, -90.04642430242455, -33.69532233269604, -39.2893373743394, 11.304078918912921, -91.01495530067763, 151.2376881475955, -17.136413923637697, -120.29880557472411, -46.72641212489024, -46.488606792374, -76.57349818759826, 133.25336729564407, -44.483039267732565, -16.563887008952424, 156.48282280287938, -14.444283246177063, -50.11461059214484, 24.827450201561724, 2.9700230472217592, 74.18468473922806], [-79.46071718069224, -63.59538854808708, -61.90188006105813, -54.72789967490617, -8.18014483057405, -97.96168463754805, -79.25029056703434, 65.75014521369283, -68.66453050944067, 938.0434092717439, 115.90196932069148, 8.535993202121112, 43.70619273839035, -42.11777742706775, 12.669933994123543, -71.35798107239181, -63.129940888695515, 61.606033020328894, -112.31633659574564, -81.66223641590935, -19.86416035387849, 71.53829784740878, 25.296884539250165, -51.33214843829323, -102.55609164787589, -140.82393765850279, -60.9970653435954, 9.456029768657887, -6.333867627064521, -85.62684942681425, -46.49880163240245, -78.61751377156081, -61.474946534627776, -92.48448308889431, -25.392300494681944, 100.23533024572662, -97.69692794006703, 17.008572583608323, -168.71846252412308, -127.54979361053459, 98.80883461243529, -50.201396979632676, 127.82629141987218, 95.68469252737304, -20.099465626897416, -40.200462715048566, -155.51276634058195, 17.582490119970263, 4.923756127805312, -6.239475044689996, -28.03676857897694, -33.93421811975638, 30.77359413648113, -57.65586426558042, 100.75743813539164, 23.956654888940296, 16.30917528754222, 133.78082860520107, -29.980165249990442, -129.16532999943954, 60.962955706268865, 34.58840809759021, 86.81932526670163, -54.92685780470003, -51.82260687293853, 17.623108853134987, 87.10238160445334, -151.4773151828286, -116.84307727965809, 26.591265173963013, -52.23555677806927, -124.16384410046285, 77.816439020846, 51.97415384958104, 144.7917150033663, -85.6011277915084, -40.00464497458544, 50.16401814614232, -4.79432525737652, -132.02895588920026, 10.434421972237923, 130.11948459872391, -53.65369203455854, 85.27653713334817, -87.85449183666161, 153.25744651076113, -66.47319435820728, 40.080046939836926, 16.666427640502203, -47.85564824804669, -42.25749405869225, -50.544919664943706, 129.05258077509893, -45.77577518374149, -61.872298615703684, -10.069857590426905, -52.97289286684324, -84.04613791127521, 110.03622971534645, 38.46147605832598], [0.1792970249307815, 126.7925580641636, -8.4108245061382, 24.756943038197146, -82.47877121948814, -49.9896021910771, -102.05363311009825, -149.55950811200663, 67.01096595481903, 115.90196932069148, 1121.882458064992, -24.296800940309417, 58.93397677349211, 53.84596979839676, 83.70859031175338, -2.795114104698005, 72.7637789752043, -85.59163670336171, -27.160415937808473, 0.556215624999241, -39.86925717897358, -19.3044137461672, -134.82052988225007, 45.15571069066053, -68.28469609447565, -17.12879170507615, -31.689004054941297, 69.66826310273181, -46.75539114519772, -29.101401927193354, -57.632345868432374, -53.4728813957031, -22.45153254327356, 15.584709383656167, -44.53117594773852, 23.326753217201464, -99.5982112402274, 65.59055914772364, 78.07420896005765, 29.44219988364082, 33.37781145132378, 37.13290155622431, 97.86076597563437, -34.19190824612838, -132.20394755091777, -50.81576070724136, -91.37283067560891, 17.48470566482184, -38.7608990287502, 128.0638364930843, 74.87447814962835, 62.60527365172311, 104.78785340194486, 211.30897284379117, 178.54362459074463, -24.162273927509478, -18.12432015570942, -73.1349004925202, -7.260101392931939, 64.55822848143646, -31.237140590012142, -98.21312571427028, -41.761830088233566, 29.636119541464577, 206.06918869247463, -16.934742916233496, 3.8692784130960054, 92.06427178417712, -151.9117478042982, 94.69533057606472, 48.14394073006785, -100.18642039374642, 19.504745076753387, 56.24489137209912, -61.7250931074986, 137.50991521689085, 55.423792946675725, -10.627002137461558, -56.452849574162606, -205.55162085993877, -63.27664130925833, 31.423209105816056, 17.41258344064456, -67.15401141077989, 96.93809953153679, -25.469279853263583, -31.14622210238561, -61.49924938472339, -64.34722671860021, -48.05521849095978, 57.220926145280295, -2.0238496252194826, 20.142264633477883, 197.1772852487887, -59.84910307080014, 79.39288437320815, 20.913502908361515, -19.932547773660033, -9.76149496057745, 22.18760349804718], [129.22429987526726, 29.093109036374784, 44.463672595795856, 6.03236129600586, 53.68551229349778, -93.31382632211343, 14.425253157634618, -95.08291054187852, -57.090651290456755, 8.535993202121112, -24.296800940309417, 1012.4817689492849, -26.586193606255208, -4.333063494225826, 100.06814340054227, -69.46393967756154, 90.14497147811127, 92.36519837503226, 42.787658288092175, -69.41283125526269, -68.98450120910165, 22.982144462073713, 36.19077594832777, 72.47409478997143, -54.86062870812705, 66.4620382478598, 84.98565957982588, 10.94429549943324, -44.94740887862519, -49.05913912657557, 64.2006549895814, -32.09530171910968, -6.072493789275047, -29.204040078854426, 62.6508672969861, -103.64348173493087, 31.868570470463983, 56.24094615225096, -93.67890221362603, -96.50390606845595, -46.04854289902319, -30.0058902952962, 130.58481533795774, 158.40643759864187, -2.6871110544646, 93.94949999853493, 42.88379348589145, 25.08237160409898, -40.62409520916051, 95.17386923317329, -3.2183112279305526, -103.26662734513158, 166.42540132626542, -39.892360525807206, -43.09689360856641, 162.99810592764038, 24.64625831470414, -17.287667420306686, -101.24515661671731, 168.36350401968133, -72.73502751185762, -13.9869380365606, -89.49042140987105, 26.68511698433509, -47.1922505550593, 41.551712945256746, 107.61503845456059, -89.41268099936246, -51.73624578558411, 43.62657739002718, -49.65749553124629, -17.044994310627533, -116.78618832290122, 20.056293641558696, 143.54592253893813, 74.13528142939971, 73.32520709040034, 92.17479915753037, -34.232727340235776, 80.16274010537136, 128.41643249914492, 18.75638558114637, -242.6070179504284, -51.851810432819526, -100.3725504410282, 105.04801723027195, 104.77908403543853, -23.34208930505313, 106.88963924216127, 81.04866511786412, -81.83575363537219, 38.55900333080419, 25.97268673621686, -164.64212172442058, 25.466782914980282, 138.89286829473244, 108.51855238228734, -18.545477384038502, -171.2205047877916, -60.93298010275292], [-83.72762781377322, -44.597708570791625, -124.27693717958893, -54.53599379772098, 86.58632544833814, 71.19365466466786, 11.474133404998055, -9.560938962124347, 58.31500942492358, 43.70619273839035, 58.93397677349211, -26.586193606255208, 802.5597649510314, -11.537521584643867, -72.62678214995486, 26.04767580395216, 29.215961049446395, 47.25693866528564, 29.505027168190225, -137.20540279555468, -12.357418850203414, 91.20437851821802, 16.101919199505105, 38.009868905325334, -59.45858419674287, -49.613981318465, 61.9285824083663, 227.88964172900558, -54.57016027399158, -46.849371105742826, 8.699438244316688, -20.514564066518922, -10.969211865171511, 78.34275477739101, 41.55979787598764, 18.225838042064176, -1.6896312197969674, 68.52228709211902, 24.652979140156084, 39.04594814669455, -128.07551738769422, -102.12199727721959, -21.24177391278935, -10.961582796228253, -113.35221359725722, -165.28992057140758, -33.935362137464125, -17.75310716895519, 14.161033972657963, -0.6970321641698549, 43.35927814707466, -126.68242046001053, -64.33107871516857, 62.69313044943336, -41.88982651930763, -102.16371806949938, 93.34179416935204, 49.36962626501286, -4.03961995489729, 26.48634709375457, -84.89624989448971, 15.934246097839306, 109.82490479809498, 57.985487226350685, -99.78445662680276, 51.35030120137668, -67.82011244616689, -30.258198032526092, -125.30217966195245, 157.80031117782343, -64.82321946700071, -71.11847326907898, 119.24847886503116, 93.73295971812307, -43.581866745718116, -8.285263904413874, 35.66167742167245, -63.02238368257582, 81.19096170531584, -16.311065203702515, -29.88670184728922, 94.67661857599688, -9.62521057568511, 46.597563077507544, -12.82004364556518, 6.421944005172976, 162.18775796992253, 5.874219264725923, -21.95366907265277, 63.6210282208531, -13.004523266766226, 5.1640536801228745, -55.13155312366879, -27.143067467898696, -20.30934132351577, -76.42749709801033, 2.053024978925707, -20.23538399256992, 145.31207737458752, 9.843665802846742], [7.750578141832409, -121.21432988132142, 296.72637740874256, -35.00987215803513, -125.44701907115572, 104.3450201673073, 30.89053660004568, -70.8203891432509, -68.18415713251318, -42.11777742706775, 53.84596979839676, -4.333063494225826, -11.537521584643867, 1149.1843987345655, 25.104360548950485, -97.86705806351281, 37.64387355142066, 6.950403698693006, -36.17090853209168, 82.62765994054594, 29.187734770302903, -2.9939458526235554, 82.58648089938856, 28.64985610042619, -115.65339018816529, 6.517330732651601, -90.12416944831602, -106.451627717474, 110.55850432098231, -82.60092055461989, 99.23035556685385, -108.83736652467294, -102.8867516989878, 42.788921146668294, -3.1417736481613248, -135.81052126511025, -97.80652881441047, -153.61407550210035, -4.557240903103828, -48.16625345717948, -184.1706030143896, 40.271212008237, -25.0676716849586, -1.676920999945801, 57.54609069776636, 20.379519136017763, 23.14750400563966, 120.27282475933764, -87.93885001868942, -196.82398185819258, -9.16484755007162, 46.682087595624225, -154.80382487433607, -97.20865128951523, 100.50042232289428, 104.12335472828714, -152.57389867763555, -13.293920726806691, 103.89226487871126, -31.12840517600036, -2.4175700630208983, 35.04371352667039, 92.99447424191169, -110.98343808485077, 117.90444063486525, 28.60558230472338, -82.23840393091905, 88.42786473004894, -127.00670013552488, -41.04316691915348, -279.9939378221333, 35.95033355716346, 13.158204035884484, -62.14883573709939, 38.891484288686364, 93.4031063543402, -50.20680291602512, -83.1001661047469, 12.684022396584158, -129.98827936546283, 82.10718820479573, 67.53811651322016, 105.59135481390544, 51.23958008372285, 13.645036183096133, 45.41021388019083, -53.0388401586048, 52.93258018376083, -116.12941095588819, 9.701785995445075, 38.306221235340956, -4.489030354767649, -160.8060563906943, 32.059212203990015, 40.66229485482063, 126.6911106958347, 80.85267621807778, -110.11819107027716, -81.92215884994972, -81.89207378373034], [-5.437569960657922, 67.80655940986586, -192.25207841920513, 12.475118700221817, 88.3168763968907, 52.797854594167674, 12.462291356789867, -1.014834958033989, -5.0481668845604695, 12.669933994123543, 83.70859031175338, 100.06814340054227, -72.62678214995486, 25.104360548950485, 1058.82789924489, -29.26784611672496, 53.041836797488756, -8.27016722684447, 108.45276531746602, -20.001880064690216, -4.86117537685238, 44.371041607261574, -45.62038344291306, -93.3433919180529, -60.11756273030738, -14.546031886578836, 76.18974073911252, 41.56844895784447, -7.152906369350149, 87.04127922689247, -170.00316509882265, -122.2191507287706, 41.80374032425971, 18.01063455522738, 10.91125434749317, 72.87224575854314, 93.26636896008527, 35.82202402844589, -41.93176845841331, 7.027119986178605, 11.251206211900634, 8.777561226559483, -13.775879307914325, -43.315799152321354, 92.11196172777946, 73.49042649891899, -22.722308925826205, 108.74643003499585, -60.06396067721932, -70.44015468819553, -23.370468549514804, 27.997295098480045, 12.912541979022887, 12.707266236949193, 24.481764327081404, -4.4117949669391185, 21.909155203161916, -11.561711237693798, 11.228242694731302, 165.1077657053915, 71.30162213364888, -11.422453200740982, 76.05532606761159, 23.418377295960763, 135.71681681287728, -121.08026644846399, 91.31041384876316, 17.588126774125925, -122.09618534325509, -7.783073894479204, 93.02832055780084, 87.32390916623883, -31.397248798613994, 12.034674836248309, 57.244504424468914, -33.03223569694615, -23.048587321106186, 155.93530161390095, 160.398468822601, -73.80884440513601, -61.370566512001915, 105.57676500286848, -5.739185480261516, -25.64593941268611, -39.98929152229395, 2.6525947226660525, 5.790488584518794, 12.523662644855309, 136.20274249626357, -2.882976951508117, 117.20824251831817, -70.41141282727541, 137.6182333405739, -120.36107331727644, 17.105004497115292, 126.57589862611677, 81.0298948853144, -50.215067471751915, 38.13877153438311, 55.192753933456956], [54.973242020065676, 68.32551312565664, 2.292750166467944, 16.76680843384157, 54.578939471943315, -44.75954237192946, -88.17381234240705, -54.254967569096024, 50.551271917452326, -71.35798107239181, -2.795114104698005, -69.46393967756154, 26.04767580395216, -97.86705806351281, -29.26784611672496, 943.6820886226552, -76.32021686544252, -42.64114071888776, -103.22570427752022, -115.88293961054528, 212.08077621066062, -127.35155518200897, 45.28576310360254, -22.6604180417855, -19.11334395857739, -37.39271013928288, -21.516150390317, -1.3198947442487592, -10.015731990535246, 81.4048694684002, 57.52595663059635, -43.52593247219334, -59.71963131787373, -74.65745971523982, -63.100473630174776, 96.77396104960422, 2.6043860911362815, 72.45725550695212, -47.77995016492023, 58.74944527142703, -54.19635761729959, -149.0215164168255, -89.8611788888882, 1.2636083541324938, 102.17937594877318, 110.94314769772528, 89.19298027740287, -97.97541250547167, 84.70854139039392, -84.09866575004187, 98.46608364748536, 37.047337065067545, -7.001042748733587, 42.20842249788265, -186.42547115340562, -19.1802052394401, 20.671540325754744, 142.5884220946095, 5.232512369553339, -52.01565152060553, 55.783808398586956, -96.8621273038702, 59.43009872725313, 48.66567260514764, -1.3942506943956092, 20.157582610664296, 62.37695100669791, 39.03626835560316, -106.26312181914254, 100.856826590803, 55.00145832949638, 48.25245211892995, -6.654245741559535, 7.929507057245325, 32.408177225530636, 18.986054898876432, -59.7393101332133, 23.90862702760095, -45.64750395232946, -91.97107432876298, -106.27298429741026, 52.18922881063652, 65.34684343427054, 51.381933218523535, -80.59172644481322, -113.12990652218741, -11.978646644273535, -60.615057240707586, 2.999858777643687, 162.8318693779149, -35.21757912312455, -79.2645470015226, -30.838846725277296, 122.40181384404069, -31.91607568057435, -32.56384989727875, 37.31818048761458, -5.2237945595941815, 23.252736870184382, 27.11748494953725], [-90.91775231561893, -106.11680607364457, -45.535797223037235, -14.48858746302885, -103.8441354961934, 96.08034233968272, 68.42620306465871, 101.20263312055926, 22.323523937415196, -63.129940888695515, 72.7637789752043, 90.14497147811127, 29.215961049446395, 37.64387355142066, 53.041836797488756, -76.32021686544252, 963.7171314932591, -51.34470040963904, -103.89181512782652, 88.19268825958194, -84.90572176209712, -38.996750670351105, -115.87790532160912, 28.7506181814577, 71.08885408706452, 68.37484969379878, 11.292431912138687, -32.07473614215438, -7.658200145238084, -41.95247531730748, -2.170535567003188, 24.910267930649404, 112.31577879836333, -24.580773007777008, -8.495276480191375, -6.792423000067523, -25.71575008409839, -76.58826399622679, -2.1596965214992885, -46.67248006717097, -103.22802853894642, 45.98254569877119, 33.988825652742214, 6.064055404690854, -98.31334461310506, -104.78745890197285, 89.46111386558866, 104.31492532162984, 124.43618674309975, 126.70679708318275, 145.26209477924453, -56.529937136754356, -192.49865423478448, -38.24702362216155, 0.6686912049222616, 28.064718815748666, -87.35819172841839, 72.39860044899937, 84.16690028052946, 86.49980829812847, -17.484901381674266, 67.1836984277234, -117.72942208592583, 55.12995485081933, 114.10401918223573, 3.981757385323178, 49.55389972700136, 32.824841126572416, -110.19332734586223, 62.345792130248455, 19.03615904025366, 149.88500834750613, 11.135012076882221, -1.5454087887349572, 10.275474634236184, -14.142600756481896, 27.104601801638875, 2.952032999145317, 70.45723449305599, 113.39410034022735, -1.6208366456893069, -13.067418518473731, -224.23017763696689, -44.78128236521644, -24.017254516358616, -169.9809315715035, 80.5551204289751, 7.773827052403107, 30.048700510248448, 98.2700323028828, -39.41787151202606, 128.62411274096908, 75.93255591944785, -5.212525888266275, 18.740817735921677, 91.79098401752411, 34.170772919847295, -14.756571924783236, 47.480552401349264, 40.242855731541994], [-174.30657907499304, -13.662045686678885, 28.80467946019961, -18.84667049056591, 166.84428838847634, 69.1526680034928, -84.21104714920901, -85.35427390672943, -57.15983586189909, 61.606033020328894, -85.59163670336171, 92.36519837503226, 47.25693866528564, 6.950403698693006, -8.27016722684447, -42.64114071888776, -51.34470040963904, 1083.2076452909062, 5.2343213680970235, 18.09769856720776, -100.2888433539021, 100.63382209716677, 72.05099963660834, 134.4710036766194, 131.18737827831308, -186.77322617645063, -12.807389715668432, -95.74356898012806, 135.90522391674799, -36.58442890539478, -71.8751131854193, 113.26303306393173, 23.879532558357777, 34.14018509695925, 83.81385974639602, -107.8844958447682, -5.741126248378974, -170.48389248707434, 107.1092891133062, 3.837758351499369, 47.96184155680016, 30.210855277337263, -162.78175638500693, -77.20153818360002, -96.20674911482368, -26.01160817733587, -127.07304327677726, -41.416031494828204, -33.42380326968708, -79.78482038112965, -11.58907298558317, 36.99459141497029, 16.989604612779164, 108.00850147353283, 23.389806265285298, -52.69245218055079, -107.50464057884444, -74.94383376270852, 35.12625350696209, 113.11382937193893, -19.264505262455966, -129.9677556948676, 16.368797557061512, 149.78810779648313, -12.998461219319637, -1.0101793963259802, 75.5815837263381, -172.2913037400253, -1.315159311796068, -40.15185590843385, -139.64754432114648, 48.59640835897217, 88.59369071678152, 68.15017628352497, -53.726484979361935, -86.91929573182033, 70.33600453029669, 26.61993300875024, 24.71116072710564, -91.84384301502315, -130.86196940404093, -44.67019672465875, 43.13771654505503, 6.071672809366699, 20.069496496465284, 109.49063023707497, -60.917772465455556, 133.49687586914715, -0.836485281399499, 17.610071064365204, -112.75900308254322, -15.137647943482762, 1.2483530551550786, 33.04634922036489, 77.30230809737728, 97.63744375774819, 23.275406131979818, 76.88939306375153, -16.54569188515375, -37.72287740158935], [92.06814547090042, 14.21146879777456, -102.28352511755791, -90.60966110964173, -121.40535330094993, 9.710953865970442, -83.84424810924769, -79.16379966840735, -32.98565519953757, -112.31633659574564, -27.160415937808473, 42.787658288092175, 29.505027168190225, -36.17090853209168, 108.45276531746602, -103.22570427752022, -103.89181512782652, 5.2343213680970235, 1003.7722998980574, 1.626356956510564, 47.226962285320056, 55.34442685911537, -66.44316298879332, -52.47396609330891, -35.98922865558908, 2.667905763319104, 38.67652112291839, -46.842341812007625, -78.28790943404074, 137.13542310943552, -129.96612006020501, 89.83569924585254, -92.22862768401981, 52.26774998756338, -92.95808188714592, -76.13308476996885, -69.85996794494284, -58.59742164688722, -17.405399133131397, 8.193489953991614, 17.60095183221043, -6.422414194100668, -5.800072741169633, 39.363226710454626, -53.830429815423486, 102.03186958505918, -80.32052538719778, 198.49109104384289, -18.23178363983405, 34.662212324398446, 14.85070132929297, 59.999916997575745, 3.542124596851446, 76.74031576724278, 8.169381085998989, -13.491424954855319, 6.103825112274076, -36.29924317328513, -73.78857659081963, -87.20731555836583, 156.35615900850158, -127.17310724636818, 15.153085740801911, -18.447839594118232, -7.829830929692494, -142.13460106375103, 93.48872345136752, 31.85993029860624, -41.30510928592365, 72.36443493887408, -182.79752375444878, 44.71629521525782, -16.216939834896156, 86.7116559690656, 17.23243893541427, -41.13009621432025, 57.97234422089827, 117.25427441289622, -3.2005835739403947, 89.44751829238217, 5.894860501919801, 1.3402430320703391, 82.7609318063323, 48.39222759342215, 208.50099447558154, -43.57861647917742, -31.416488561753017, -48.3251727462405, 85.49377985711973, -123.61139744395473, -169.54753725466674, -36.71200077839478, 122.07128282324774, -158.88359681710912, -33.960897006313594, -93.56819435201744, -16.909727187475998, 24.702941554789053, 30.89108390006161, -24.472721938497948], [-9.265712148887667, -105.1918881167318, -11.192074638774006, -19.235725639842027, 16.193555401546064, -95.73078046896269, -12.477348532630373, -51.02869199975534, -83.45751202910563, -81.66223641590935, 0.556215624999241, -69.41283125526269, -137.20540279555468, 82.62765994054594, -20.001880064690216, -115.88293961054528, 88.19268825958194, 18.09769856720776, 1.626356956510564, 1007.3095928406292, 53.852265533231204, 55.93734232782034, -163.2080839280687, 22.322517098181844, -156.30374201205285, 63.193802203609806, 99.3823918633085, 77.06666809312891, 12.37836318497688, -181.99839947153458, 18.478663345511784, 11.463234545636277, -6.866344940890329, 54.475005451765064, -78.85890207153368, -150.49240903712183, 65.25757887402072, -96.2907696894671, 113.21693007648847, 155.7266547774029, 85.14780386404813, 11.135211218705138, -4.631471202078933, -18.712575699645125, 34.16736434286313, -122.35753742952579, -63.31639925201774, -168.4150761715331, 48.430294858606786, -59.12287108185064, -94.01406236555842, 277.5645250990171, 44.7549470358866, 63.167640951793366, -66.7748778418778, 103.60980467336249, -3.919795937297997, 70.9646666665003, 32.37257996524379, -64.29517633053291, 8.599922378877789, 97.95974699689721, -37.50873276508264, 103.27030045812353, 53.987661242792925, 134.12756667779666, -43.024211311284354, 34.08013908602226, 156.66376489224942, -114.51797873736733, -79.4335854280597, 135.10040691475913, 14.894604458179675, 186.4855934127735, -6.1362258206868345, 66.74113417167335, 27.997947840142317, 106.90034885304533, 24.430066066280286, 209.76761852993567, 148.01835585791656, 81.74196090521417, 58.69518367592126, -162.90123940022335, -93.39015082497798, -50.3339289942946, 51.80852263884192, -56.63484831457955, -27.323136565202773, 129.65003465422177, 111.4809960884788, -96.23053765520507, 140.24490263266034, 49.3493763586558, -42.00062784826545, 31.435214416387236, 63.44181930975026, -122.95875350403017, 76.16365182875198, -26.73107069262135], [51.39061915934682, -144.3880700778911, 29.79130693171134, -53.67421175878542, -77.82696344919789, 69.59174035309488, 77.28467558604021, -9.563841575105352, 193.80904737213504, -19.86416035387849, -39.86925717897358, -68.98450120910165,