{"N": 100, "M": 5, "A": [[[953.7798288238871, -38.37050325659907, -121.53076035094588, 7.499619021390372, 51.3015415388996, -100.52823817099217, -25.503827577293215, -26.982626238544487, -76.11008047592583, -67.68107799659876, -47.51140227458298, -83.82474597654507, 21.60134274882761, -2.2795635725392724, 93.93182736550662, -0.3615126009353596, 67.45365443199658, 3.566970373966164, 66.52786497293462, -2.045826299619939, -1.5216582939479415, 57.70149853877606, 17.727529828966762, -73.83817820262153, 4.1642924670900765, -61.8292589809646, -45.26720196342463, -84.38429932679828, 94.54997932424173, 20.584037042286884, -37.44586141281106, -3.138316286958086, 46.40151382558589, 44.63979214680769, 11.755364440390409, 130.6510135524432, -9.004079553434883, -46.36855032154222, 30.00155467822409, -15.777923387028256, 2.203058269951083, 30.737314622303344, -41.94251382999122, 43.09527435469682, 17.201817401115452, 107.46907849539154, -36.98612413390737, -75.07143718391328, -18.152149023557584, -140.93401548258424, 10.00862788065455, 46.74975945628991, -145.3251481276123, 85.8406918820709, -89.01492896126432, 26.028180203636662, 5.097187411131929, 19.75375086571377, -41.22461782618732, -111.94454577211759, 67.30295227055477, 19.209303023756217, -31.203782576273618, 42.51580707855638, -27.838956015893682, -22.384481583985192, 99.22339003254929, -68.13905049677106, 94.6731642760945, 9.70654297984055, -10.662761348042173, -10.556212502939179, 36.054632597763046, -71.46886104956506, -72.92611188926948, -99.97274733167916, -45.172106063109304, -11.77158670484279, -151.7816578436889, 70.01918596832027, 63.06507938873336, 4.904467390086861, -20.856818505287634, 207.7358305340175, -64.54031552515492, 32.2722860838187, 86.16767178549632, 25.344729292241556, -93.29346374916503, -51.34490556977601, -10.738314902674595, -46.03490543962845, 12.94132164899084, 44.64227836752577, 6.324231917801155, -44.681654691843825, -59.68736667358702, 35.27236613492713, 15.49146706394071, -4.010718729267725], [-38.37050325659907, 996.7383032434116, -58.08002800768534, -45.0244060626102, -82.33830000234654, -135.24595294868743, -46.709344817993006, -38.23146771166665, 53.06171225597597, -38.51835675019906, 100.68335491710805, -72.01467129745386, -5.893112797844247, -41.63288564582815, -47.25203194752804, 77.67328699299985, -45.04545402268822, -11.214161438297824, -57.13016451173642, -37.58487604660348, 115.13574862131092, 71.52883817449987, -78.42280115158462, -96.07302248369344, 96.36987474611773, 91.86593663676497, 59.39366490832343, -3.675740131878206, 136.13960554184683, 89.95816790204641, -11.870428217348271, -5.738970026916471, -7.156082373353243, -35.57155382738071, 113.47811818181923, -81.01130336257025, 120.84775694084095, -14.968281516136665, -19.637887495992704, -2.8101910222919133, 75.78235997894024, -23.067220804199795, -19.36321405569636, 34.80007313156097, 23.30996932643186, -137.62755868823263, -25.85656146795545, -3.6839444143327356, 113.01425178650094, -206.43821820036348, -55.74308616799266, 95.33950762467983, 36.74414505611291, -85.70852821228385, -50.90073703790388, -23.55786235388407, 75.17243599245633, -111.29198787916617, 34.06483821262729, 119.43993324093815, 19.98021996746444, 58.588588420830895, -7.823671568055013, -16.428811764351337, -24.104590008961125, -1.3158545694300665, 93.20252511316635, -17.42420230700434, -47.26948560138965, 73.74738597045253, 117.31944328129038, -9.44048060034831, 71.07178247604342, 54.15356560377968, 42.82106917698796, 95.81188708801682, 28.41878660293516, 0.5501742403626529, 106.35675126551257, 43.72081003626835, 71.44581817706992, 129.95468239586708, 15.333688867480522, -95.64272642975597, 29.762307354278008, -21.236196363134866, -35.166756092816094, 53.216174844203074, 49.65093205067844, 103.94141074772268, -11.36025659829356, -9.721403813429363, 137.98339819280343, -1.1667398700057203, 34.630155713888996, 108.06989831998716, 61.337866855723654, 33.256450498582005, -18.098175942033464, 98.9659287948755], [-121.53076035094588, -58.08002800768534, 1029.6380333593706, 61.52142060748223, -3.104777526532233, 72.3620658954656, 90.95811245321352, 91.33673976916715, -112.04080201544475, -63.51644359923435, -31.318935198028633, 28.711697177260934, -105.17145102456976, -5.115793270272966, -118.35191202575234, 133.16815026732115, -4.647608250541496, 37.53880933218544, -75.8743820035636, -65.23155096434462, -117.33567907667867, -135.21867707991248, -25.481961944207114, -55.01752253433644, 30.031523670583915, 80.9583662458702, -106.37455660307889, -4.817031756722397, -24.228730392851634, -23.743291888099193, -22.742470646117486, -11.224748395434656, 59.29533633816787, 2.8557274810563915, -2.3329563001912206, 132.39984189163837, -23.42337486996257, -69.86298596261541, 58.267787424117955, -62.71075789402596, 72.39536490465346, 97.74584826280608, 81.71793556250353, 117.66157862191068, -95.6511759102134, 40.50464798707369, -81.8388395626695, -96.79261281707961, 33.76263255538304, 56.251538405203725, 132.35250384476248, -53.423921574119746, 4.4315877937701735, 72.39450922058417, -111.0203769433612, -115.64434813255866, 109.0183837486181, 40.925758416787545, 2.7145548801269044, 31.86478664596183, 3.310274806503371, 14.934033558256699, 36.27412305513562, -47.48356576544352, -39.57202273304514, -19.072191661103552, -96.89947039389442, -37.24529482764956, 31.313808553997134, 40.98443340129857, -46.02783276476561, -6.349701746127941, 78.45506848499242, 35.45155270507272, 0.2913168744354126, -81.29588278869419, -40.22691051153552, 91.24550878329096, 0.8394577416836376, -39.476693007941925, 48.82763007302353, 26.641550941142548, -73.0519948728151, 16.561433362168813, -84.92509793270965, -29.288032115130058, 62.03565092831078, -109.99774328599307, -152.4895084566109, 134.52177118146216, -42.08886866661617, -63.31458732450982, -12.97778075283442, -32.759177018462964, 122.40061071758034, -11.523527351351895, -54.84165657833566, -34.53077048194298, 75.53430605131702, -2.685150285932046], [7.499619021390372, -45.0244060626102, 61.52142060748223, 902.1781477254743, 53.86410193057093, 149.4976710269226, 67.15383091358117, -131.8889218210012, 27.57051794271847, -71.64164086422302, 1.7102222112226988, -1.4311264300047484, 93.82008004226759, 52.49467528159645, -79.16887623783111, -85.48786588818517, -85.56863239122255, 33.157212529713206, -2.0625904114227147, 1.439764776896212, 10.594256778474348, -59.06424978892771, -185.35592198159208, 8.149823056827199, -4.110983835634175, -102.03723158135449, -22.67369182508748, -31.312470119481087, 29.143521526949538, 11.234333391916586, 58.86679869225299, -7.613439251882242, 27.73946031107276, 21.582497675550893, -47.869113048489176, 29.494962390715504, 55.452455734126694, 45.79984576185259, 150.65106476293542, 87.62980030221772, 134.42127693684566, -64.6161462552926, 8.028434061961779, -57.89973091610066, -44.987144821326574, 39.1015555836092, -65.79668985014702, 13.843785085726898, -77.57220158478891, 53.33511678333725, 201.7019561920091, 52.11966221531661, 33.51634916613549, -0.2913999468240246, -126.36355687344675, -35.05406098644944, 75.00237305787591, 84.78593116409316, -2.0417561412416787, -18.130287288939, 53.13467281552478, -61.405499647478315, -48.9026390179778, 14.304458393457793, 58.345963017706715, -101.606423804324, -6.150658845763176, 40.687062900105566, -35.501059149916365, -172.32969136522533, 25.77661668920951, -82.16392639424117, -65.03301446600986, 26.400609654062507, 34.53369420341183, -15.819780794564885, -35.08268525994322, 4.046698348905991, 3.29026322137625, 73.21152402879832, 1.004350837858678, -36.64858078900775, -66.36636509620104, -94.97827505002698, 89.28543987702675, -81.02533176789136, -62.956760490442086, -138.22620743846522, 16.86325093724193, 38.1173409607508, 26.820754938633083, 104.07590391421326, -90.52558619651751, 29.903673557941385, -80.12806749017001, -25.439623794797793, -35.15007676014783, -60.354721869550694, 81.60810851917165, -111.47138106904916], [51.3015415388996, -82.33830000234654, -3.104777526532233, 53.86410193057093, 749.6205475221909, -98.42294075520705, -16.17121593135487, -31.391446150733444, -71.95540169956857, 104.69888417529712, 23.616482903685473, 60.82333084468575, 91.64856021115975, -92.80018629627531, -20.316645215862216, -65.07704688884351, -20.324289870949883, -95.24176262328646, -35.79302082800148, 55.29315462365696, 37.69477209989591, 19.71074821614646, 98.49257566581775, 87.08182149034553, -54.98143473166637, -43.13411431329744, 29.635156252160876, 4.704732278802076, 25.81964169960897, -52.91658269145806, -42.998803802225915, -84.54542426246458, -18.289258043632262, 8.934331039421574, 99.06684825980992, 136.41290692435828, -47.30847408431466, -42.948513462965984, -33.54938007296443, -5.97332783659355, 24.040568873711017, -17.52321504782133, -66.94090632087493, 60.90343140691518, 3.8716224610141925, -69.99552144942186, 7.123559418197074, -105.62254017680628, 23.72255284980606, 114.88525485010206, -60.256784450050276, 171.1226443654797, 20.223648103838713, -68.15964531940296, -100.0535436475517, -6.040838310555069, 61.553836812257785, 71.99375545598666, 118.32409605138425, -40.88613488112999, 47.35267687327128, -60.107198589320745, -55.17662010663686, 74.88865036896715, -48.424855913976394, 7.7208914166978255, -128.20021310246116, 63.27200944219166, -54.20283209437528, 143.32510822640342, 20.90675116835463, -17.144283299086585, -63.66147282164477, -58.99970147028351, -67.38045670155265, 43.319500420243926, -112.83349027008438, 42.29641030617004, 16.55355228328927, -6.060360310676197, -35.7551971563909, 86.50350623935802, -53.498297333199815, 174.55006646053295, 176.5867016146982, 25.82553068770881, 74.61220514946739, 77.47755342249683, 49.72430677944629, 53.45729441297693, 1.3019817418264261, -24.44253820247062, 76.57832333921512, -84.82779472828639, 60.441893989596615, -136.63574429043155, -194.75495185943703, 135.01420660259188, -9.15135377754878, -64.02452357558829], [-100.52823817099217, -135.24595294868743, 72.3620658954656, 149.4976710269226, -98.42294075520705, 895.2582464326291, 42.505381037450704, 82.08288329094648, -65.7075161458269, 122.94995276430194, 8.970612574340363, 4.261144910625004, -13.927989973336667, 111.22466187418556, 4.975053082774991, 1.451664017611101, 97.80789308206924, -66.10956096871675, -56.084367318596215, 74.5868421304254, -74.54169170833606, 114.2097048504137, 25.86157615853397, 0.3309102387068132, 61.97791853811987, -126.17795241486147, 43.513565745462415, 92.64308338966295, -44.832438583851655, 78.75031775279062, 63.63801080556065, -24.237782352397826, -56.72645422950722, 71.47063522625132, -108.53226050928771, -49.316370840618006, -12.264996800697682, 48.88779536842267, -71.19088274595234, 42.330711992432335, 48.49791527971895, 27.369864428570864, -55.21524727689577, -92.34993534622245, 66.54780804334857, 33.497629520485454, 30.79548689040786, 97.40785699017975, -69.3224297809137, -10.159423703079405, 76.18925663008294, -86.26472114623141, 27.027284039947144, 2.649627776942242, -20.635934606454892, -40.573491399594026, -13.794290131609133, 45.1586818067406, -0.7440155646188473, -1.8193163281792435, 38.9388197905171, -72.53917695010931, -4.01258940719436, -23.778100054044238, 15.249857507889697, 23.058422530688826, 29.43394827637309, -26.153286292723685, -25.74068168095622, -68.36384428956646, 57.19498306992558, 45.31162738475914, -65.69685949909722, 29.870549986049728, 52.574616242654855, -41.30551487205418, -20.61690598051209, 68.1777379970704, 53.624071142448436, -57.817563114534764, -68.1432087367461, 79.739696949434, 66.9145446610633, 95.32239400285407, 39.46474287435465, -28.06247681627866, -34.80726444993756, -59.929312895372504, 67.95419557396241, -6.604190034835081, -18.751771239336335, -52.39353463586834, -116.48711939814875, 49.54849417508727, -76.7026540187181, -11.173354506616397, -47.84831399108449, 77.02533180402125, 40.13657140509735, -21.363848950912192], [-25.503827577293215, -46.709344817993006, 90.95811245321352, 67.15383091358117, -16.17121593135487, 42.505381037450704, 981.1849183240915, 44.54038625771433, -20.103700739027794, -30.630655142612998, 36.51431815600069, -14.563075581360927, 130.72840148953435, 33.451279253542275, -43.083192663970536, 13.894574539608604, 74.96430694561253, -75.75744952834789, 81.31619571750726, 125.69159126031867, 36.24529885244689, 38.14995961907967, 41.47767457030086, 12.818245912846896, -51.85377302411186, -79.96175599984414, 213.03533134216858, -36.6810782062879, -125.5692742427039, -76.19362163542354, 54.427376043849456, 28.833428994092895, 65.12611150332117, -55.175105228943174, 59.36284869561111, -20.018737976913098, 47.95164583802191, 108.67686516288275, -119.12785731702184, -121.26292338899083, -84.19091761666674, -17.51519435067325, 59.2666637808113, -51.551359157762754, -132.46643559500345, -23.82143928724144, -3.0005393708727155, -29.06378222130754, -62.601851243614746, -58.61394143464253, -50.2056658688124, 70.89811234806314, 79.72311911970135, 18.229887417609127, -60.96144967297407, -43.5284456673115, -26.89982091089538, 10.59282096645695, -86.80578835284338, -76.06263007223063, -24.545680561676278, -51.833730025350214, -83.86093037448666, 22.49793619929511, 37.487850533340996, -133.13783880266877, 84.72190976675014, 43.183531784256516, 24.652303362354534, -98.37518679407346, 66.24215209737643, -79.65045869326042, 90.82246231857943, 56.52397021940009, -26.93436399853589, -106.26249313260617, -161.0087152649308, 52.78098848484009, -93.82668597621738, -108.0125110896332, -19.814447580224297, 1.2938747255728724, -2.9446397493517416, -44.594310334841516, 11.699757467401753, -24.663717139857706, 5.699946997676605, -13.66011761679017, 92.20620594675927, -66.32139741954892, 44.103089502947945, 41.246017687279476, -90.12058503601851, -23.504704512428223, -23.44516961035248, 43.70563432632583, 6.8645786767690575, 21.537697109178605, 50.96868126612725, -19.44661903131212], [-26.982626238544487, -38.23146771166665, 91.33673976916715, -131.8889218210012, -31.391446150733444, 82.08288329094648, 44.54038625771433, 1039.9727603682134, 86.19794281997164, 54.101395605820066, -73.71738083672959, 37.486876087719175, 20.59833798916762, 5.849100396237851, -44.80413557933962, -44.222547357474006, 67.7627282413435, 38.47050260359826, 5.540096647241878, 20.632840820369587, 59.40779205363304, -5.598885440418555, -12.111669451002637, -31.351076015574552, -27.16890278680064, -12.36698281537764, -101.54391425103955, 84.8576512541548, 114.62674650060721, -46.82138455577917, -31.018095311383373, -3.9362356183752794, -2.163243016877569, 78.24214359711011, -38.33178844659692, -50.812985080310995, 2.407317271863168, -173.70009403053004, 10.426750113799516, -41.21045441793419, -127.80409732432042, -51.15640048702679, -34.707144152780955, -78.23283996197969, 113.18844878570408, -117.0466249826346, -178.36197242864452, -126.0374798478384, -4.527949067223856, 81.49136778659346, 110.1664340982125, 51.76093908856431, -128.64227102446318, 38.640636714668545, -8.46720103867705, 13.44289279461419, -9.448173871364009, -43.37008318415273, -5.348546445145825, -100.08201390949128, -20.507957071892154, 43.89795196964739, -79.24778831399756, -79.07815243319142, -35.7412333385206, 73.00711967305321, -105.38330038274233, 10.869988632883082, 24.47853944017592, -164.60928174033918, 30.559488386748257, 20.441006633934123, 74.08536014484775, 66.50630950007546, 180.04714011282076, -124.13268318725979, -15.620303756283585, -90.52253881681918, 2.1239987237189157, -129.28687662389146, -55.67463369705957, 13.972388963768273, -56.01394605740106, 90.71341964754318, -42.936666738110056, -106.73317913903425, 73.1232231744221, -96.9617659437221, -39.992202762320936, -112.54958019295624, 47.924757422887744, -42.91711830572242, 0.9982092446732396, -17.498763463300826, -130.3543860546562, -28.11637668163833, 105.84262668404952, -32.833297433669706, -91.19863744756071, 60.99331335389704], [-76.11008047592583, 53.06171225597597, -112.04080201544475, 27.57051794271847, -71.95540169956857, -65.7075161458269, -20.103700739027794, 86.19794281997164, 805.3118878166458, 58.68561731611529, 9.459225678791647, 69.85055823308338, 34.20294401905592, -74.60496794084752, 51.33961085944289, 42.8552261235218, 90.1036787794217, -20.519799768979457, -8.537058962597753, 33.741947609861334, 4.94320986386598, -83.59030259156002, 66.77411455272876, -20.88815873664494, -18.11008540431502, -2.979545160643116, 19.627247867328222, 30.72076265733928, -11.13854279448885, 35.913825458256156, -17.09347127009277, 73.29434099035699, -29.308596916030734, 116.29104693497568, 67.09995174715849, -48.07466656552832, 19.534453196950267, -34.55728992678847, 156.87451090859108, 18.254565168108574, 8.803245228699792, -45.72178516207485, -21.168621595712544, 47.57290342184554, -5.793500686747262, -46.05151122488466, -104.69982091942579, -36.517158271037374, -54.83174100354572, -70.61501373504119, 28.857677251951507, -17.269677672390493, 81.83477359805711, -25.6277226345255, 80.15125115552023, 64.98307745285145, -185.84102168060548, 63.184554816637004, 73.80183151171919, -8.89219727715774, -64.93665712874221, -29.221189655106947, -57.61833585494846, 11.8291151557428, -50.604404974932564, -21.61218950747933, -139.22817714274495, -17.445139662539543, 57.78555426648077, -14.845177911119714, 66.09823127719429, -98.34337675497643, -115.93516569715005, -60.388343015544756, 35.52757549409221, -60.514099694663315, -64.86059097463932, -99.0218875545066, -90.1793896988832, -17.239579477699394, -9.372184585103529, 155.2379895744289, -23.102324298820726, 48.28483906085144, -73.91431919924219, 86.99146590296792, -138.7818960144455, 97.0255806268557, 127.56512739920106, 90.7899909348513, 23.698423842834536, 1.3022426127133644, -94.09483104172531, -40.86402490385889, 81.16701495593975, 65.89747422836237, 87.99455498042619, -62.93277479429708, 16.418435470041963, -10.465291537573107], [-67.68107799659876, -38.51835675019906, -63.51644359923435, -71.64164086422302, 104.69888417529712, 122.94995276430194, -30.630655142612998, 54.101395605820066, 58.68561731611529, 775.8679006302127, -41.96118595419596, -36.64232840447408, -0.5816153004496819, 87.91548109545252, -63.116359707904216, -43.75408330041654, -19.1879911897868, 28.244644082443717, 54.59566434530116, 44.152077640112125, 89.95343823177723, 3.7564009405432133, 82.9839647393048, -58.456851399128304, 52.311311769222335, -192.31014346187217, 151.7243458333947, 132.82862569844997, -19.28399723243894, -0.8197755127173697, -13.205479981584546, 38.04448869947413, 75.74989776100978, 91.6714472261415, -41.43178632279645, 9.758012156403398, -36.136889334600674, -80.03045196051659, -35.57839432998663, 21.658620726018242, -28.854265870275036, 27.86767459019481, 29.74660876390493, 8.901651049711496, -12.148044639027587, 7.824153044026697, -8.357293225101497, 8.590400360699816, -97.25209484528925, 89.22274172011807, 10.316634649469716, 69.15865159261259, -89.16795054474186, -61.13889444217452, 74.30974012321686, 24.402233811336814, 87.15329683329273, 32.21112816122337, 71.67241432481168, -40.558496966075204, -30.98698693747421, -190.34942872885708, -73.43533610361565, 70.54939509542433, -32.20329289440094, -43.61310681389492, 28.96631288699682, -57.09938791670688, -145.72842624176528, -84.24143765132283, 25.57626971151174, -42.56333095968164, 2.698110297858315, -90.46335900510917, 8.401322007803955, 20.49423832230018, 80.55129349996409, 168.7856164293428, 9.219233334405205, 57.04551820019539, -91.89529076389718, 21.038807515239952, -71.5660654601845, 40.15611655331636, -23.41306014203969, 69.85234783606306, -140.1774099717072, 28.081683421522353, 69.25182006100466, 41.10469457405701, 103.73791992165137, 14.020535956335712, 13.296232937335528, -85.24747400790717, -3.7917533046595104, -27.12725800794875, 76.8355785058385, 112.27946436076378, 102.17891943827495, -16.66854737578413], [-47.51140227458298, 100.68335491710805, -31.318935198028633, 1.7102222112226988, 23.616482903685473, 8.970612574340363, 36.51431815600069, -73.71738083672959, 9.459225678791647, -41.96118595419596, 839.2221885845518, 10.079323792857108, 75.86756508634205, -26.79762366778445, -23.45512855260532, 80.63769769096479, -38.884216827605414, 73.0648296397821, 0.6826708981737456, 118.26665301176364, -34.83164465343288, -60.599608688023515, -42.30952241847722, -15.332209813115291, 39.910166568918086, -12.565454242594603, 17.08052993573296, 9.20591940262838, 27.884027437343473, -18.13566253490223, -12.480263285278474, 7.214581183972201, 80.54199739017221, -44.47332881668661, 67.77625635527014, -9.720172055590323, -140.43618241329267, -42.315099489938525, -16.72030018972547, 49.258730795885064, -34.09176030572686, 62.19101044228985, 153.66401735930225, 32.24886305891317, 39.719008994059344, 38.29578488594494, 7.882238456617462, 53.07145675395465, -7.195555702692661, -95.45902023362595, -106.50265739925055, -30.48580704601499, -62.716887626555625, -130.45027642733422, 86.19608150119788, 36.03824025582689, 69.15453601628406, -20.341055435547464, 64.97202578395397, -48.48548569375337, -11.171384529855528, -37.572337637317375, -66.4219716639317, 30.257676985129837, 96.18101666465869, -74.5014080692451, 23.37435855747972, 130.97846366008, 12.577152322342707, -23.81848617782482, 12.785026101350587, -170.9343805648051, 26.10152684991689, 91.17744611455083, 25.718559052108507, -56.46536433384376, -134.5971314644826, -17.55506028988264, -21.554915511160846, -14.257741521690942, -27.59273012253766, -2.1468512888894895, 55.27363539955946, -56.11991655591576, 12.228430059596537, -42.02509951503225, -17.643478136242855, -13.345056481084061, 80.71055393950338, 46.96025520667259, 69.96646308597224, 109.65724405671953, 42.99296120476692, -47.24346194686277, 160.77545165335405, -38.74601441052646, -124.02311697948748, -151.5625889842247, -37.48460892874472, 8.361492498135169], [-83.82474597654507, -72.01467129745386, 28.711697177260934, -1.4311264300047484, 60.82333084468575, 4.261144910625004, -14.563075581360927, 37.486876087719175, 69.85055823308338, -36.64232840447408, 10.079323792857108, 876.6869611107325, 94.57956252013514, -60.88424499541052, -31.001825420166398, 25.14668367659006, 107.39163133251552, -21.191113836595484, -23.483107619517998, 23.20243427658579, 64.03433995365575, 99.52944265771895, -23.429012732520086, 151.5063960892835, -13.515581925199083, 1.0534359353960079, -27.684583113268452, 7.568329113266808, 73.67349389451144, -29.491507779956255, 68.18688749260832, -48.566733700357716, -30.396114535668712, 34.007224510487916, 9.936737247665683, 41.72866455044964, -162.21627171009015, 31.432032309893096, -28.461885447949243, -10.520069999331092, -26.11644741804395, -38.16482768543172, -18.382278727927748, 55.01132367636498, -50.9793786483126, 114.29241428611327, -13.45219794234462, -61.103101479217635, 49.71435926961367, 39.34336745614754, 45.91877901610442, -52.80771073752404, 38.46231556844202, 94.52414816782057, -31.118841789318747, -100.24446754267363, 31.456556433812274, -140.29763728826077, 26.11640217693378, 25.33164484652117, 86.51945999203673, -44.739977398227886, -4.845464370196235, 67.32811197941744, 129.9026888827359, -146.88591720936776, 41.23554727839794, -48.975715604631695, -12.51119845172009, -58.810636818882685, -74.59280716492214, -115.7899486201461, 31.39557445314267, -89.8901407650099, 35.88070510394646, 74.68588204877058, -43.42175523139062, -38.0855262632599, 77.53950261297352, -117.59430945856813, -28.241280408410617, 117.5423665156759, -122.22872613906061, 5.37435245262181, -113.22491840006478, 19.217332834971202, 192.36234406399814, 23.208077517039722, 13.360945356791426, 10.142246677107666, -132.80814820480998, 82.63777419387549, -26.034213286144393, 54.87477540390248, 55.09234074572541, 101.4006601390857, -13.18198749325838, 98.39763523467315, 2.6324682897124516, 0.5101741995913701], [21.60134274882761, -5.893112797844247, -105.17145102456976, 93.82008004226759, 91.64856021115975, -13.927989973336667, 130.72840148953435, 20.59833798916762, 34.20294401905592, -0.5816153004496819, 75.86756508634205, 94.57956252013514, 1038.4658176639905, -60.776868113449545, 73.88987082143731, 11.433134881562157, 73.26981457089455, 14.074880857037755, 129.02396987293605, -56.78488918546607, -165.00316221192767, 64.33335770373901, -108.35835038732874, 28.28808138836218, 75.13677516839614, -14.902949149376715, -33.798843227513984, 97.96718851770265, -133.14398910069434, 69.57845919084191, 43.61080118389376, 60.241098023908016, 56.58842959432285, -73.45846848543852, -113.1492701414461, 137.81541941339557, -80.60618863228504, -59.21071387514545, -121.60145637081077, -63.414585440879016, -17.306050047406167, -184.9852726500221, -37.625416481232286, 23.86855428477985, 98.44441908502763, -137.916665872906, -24.63300658896501, -0.6710878428255176, 96.38637519534765, 49.65965407032427, 48.162803471004295, -34.26231492483857, -120.99502644061752, 86.31097730376536, 1.4600607362072784, 3.698648504047616, -122.65674585360647, -2.171180810781546, 27.499164291996763, 3.6635956274688466, 62.748049116188, -32.98086227907091, -42.32454513332756, -20.47753330884344, 75.8281324538257, 17.370800636281615, 118.49744753503397, -23.694441564136092, 10.893920452239161, -86.28849907463687, 132.4193140385691, 56.6221459642344, -26.721523278512414, -98.67496783287528, 19.7434748402456, -69.86936769762299, -24.66471380819744, 112.39283071475317, 42.126815888288064, 0.980210092014775, -98.4001660183862, -26.16672345448492, -40.36608158838145, -19.65085232653363, 4.884287799043558, 61.959940409388935, 46.194269915250324, 82.22128086185062, -80.40792427732141, 43.89563103168629, 61.27776220865765, 40.432206991509524, -54.42871965509547, -23.10648480572432, 8.401680674957152, -13.16118427007807, -31.72164375862116, 28.852089040367176, -19.507160167985635, 23.651731440720493], [-2.2795635725392724, -41.63288564582815, -5.115793270272966, 52.49467528159645, -92.80018629627531, 111.22466187418556, 33.451279253542275, 5.849100396237851, -74.60496794084752, 87.91548109545252, -26.79762366778445, -60.88424499541052, -60.776868113449545, 848.2503391296008, 28.500166996970695, -46.20321185953106, 64.7629688101507, -23.245809569389742, -75.89505243376347, 112.00366547891939, 7.770462522296731, -77.590091357651, -11.081346788253155, 58.22888479874837, 119.29382131905176, -45.850356532600706, -21.94104725894093, 21.397833226018083, -52.67936679624668, -112.58975694198072, -62.12489602234151, -49.22364188417047, 148.30483249259373, -197.0982831672427, -50.85656269551848, 101.93581530160058, -49.565679313397325, 60.94318008700298, 23.650978124345862, 2.557039478910586, 57.37790700035622, 29.46343382942166, -12.773492813216805, -8.78703168137418, -86.25574485480013, 126.11679932125598, -132.305958469852, -23.22924753840378, 47.27687718915649, -68.22565921148025, -167.86135226067447, 58.11531414605638, -75.77207855559172, 15.524210973299656, 47.464800162096836, 70.77395128759854, 58.43125373550464, 110.40794997317278, 31.506241689099774, -19.86059153601821, 96.99692872595104, 48.0044499968146, -16.53388993925918, 37.26344195710381, -83.71094513071542, 79.32648709204565, -15.824574030394135, -62.597382107207906, 11.303100389148495, 79.2346822726258, -0.05480622995362385, 61.67974784466027, 72.18444090047943, -2.1223477784832983, 93.62952906508146, -165.1594975172533, -19.762727685985045, 40.472246467834005, 47.348807216047675, -19.399082940497536, 128.61606825652174, -14.576026479830954, -79.58585536341076, 90.10094609994778, -105.54376410115708, -28.13014855497875, -165.4133301369397, 9.705840573670189, 15.791998642245838, -65.14959831967636, -76.33681031448735, 16.250967836762587, -47.560102873047164, 60.83509577538432, -14.423568585938636, 120.97092867355097, -47.28756055826611, -17.98508524498955, 4.3506174521112415, -113.97767324754456], [93.93182736550662, -47.25203194752804, -118.35191202575234, -79.16887623783111, -20.316645215862216, 4.975053082774991, -43.083192663970536, -44.80413557933962, 51.33961085944289, -63.116359707904216, -23.45512855260532, -31.001825420166398, 73.88987082143731, 28.500166996970695, 932.6968331819854, -2.037898323389755, 19.87246722802543, -83.58458099588057, -6.44091536855908, -70.34735848339692, -73.22037901777014, -37.31372809254895, -40.0546585824968, -33.84725152616867, -65.03598518029467, -10.184013776987067, 153.54874609791156, -29.18108531607621, 15.836472776222477, -3.5355786122134685, -9.975564554511708, 19.14047839310476, -133.1222918476074, 83.8458900161794, -84.87210993302787, -11.241013614206315, 40.73190805846339, 11.18476184379978, -159.7166724546445, -139.08575215686432, -117.5302734929217, -44.160286674794655, 13.943625301367055, -107.52356127000154, -16.94619656853249, 26.739379338041093, 21.59197646441315, -93.17272923387056, -13.76512210478549, 28.15425200083462, -39.73939751681524, -43.43296362069327, -118.63387698370832, 16.867296965949087, 54.528517042709574, 13.64805109923903, -26.823488964460267, 83.97212538325273, -31.06354856716168, 1.4511205125671154, 123.20483961338468, 119.9599312463837, -16.464229829744628, -83.94020485284406, -50.38913048512778, 129.42611302208206, -101.45372113709202, 101.48128075550072, -150.056949121122, -18.48933126116553, -59.94162983962855, -58.264766890615135, -186.57132094289145, -123.67758490084782, 30.28949679215029, 21.529575450463145, 3.1703051405366507, 58.937548469147266, 81.21220375894784, -31.00327007917907, 1.2935013725598046, -22.965227088376814, -185.59136225066732, 36.655807712782995, 127.13057209788974, -67.92148747872594, 56.69459978980235, 18.120801511884043, 30.56719174817591, -78.27987591426164, 22.916662449430316, 35.469377631914774, 62.693891103622654, 2.1923416208165785, 96.79896522856875, 90.90019203515486, -31.467945131305896, -50.292373026302286, 138.9141477540024, -35.54452272285985], [-0.3615126009353596, 77.67328699299985, 133.16815026732115, -85.48786588818517, -65.07704688884351, 1.451664017611101, 13.894574539608604, -44.222547357474006, 42.8552261235218, -43.75408330041654, 80.63769769096479, 25.14668367659006, 11.433134881562157, -46.20321185953106, -2.037898323389755, 817.3085766969056, 10.714838451350372, -4.251326513087414, 85.13449578440238, -44.68777859333805, -8.39454364499013, -57.465922916713495, 9.909204857632213, -11.482504903491895, 89.21585577236732, 44.353689051082384, 53.51382362604101, -67.6760240998175, -83.86959589403683, -9.557627254363036, -26.93454181205871, 50.260060552334, -78.68753111203692, -11.247202390060174, -36.78739396718161, -60.058343686583825, 64.6309301114554, 119.0642769260529, 88.33938549061392, 58.1196947531932, 84.3842610138966, -72.58339372434057, -22.69499701146715, -47.65488303844655, -19.371994466763983, 119.03323265615242, 44.348025621397085, -62.92615986004203, 85.68494552270415, -22.88634285315538, -71.7279680674207, -15.160750146569246, 5.308910022147649, -20.663860481395062, 91.3513605026794, -38.895535645618814, -88.10823610593201, 51.551972294304434, 13.05211279700711, -31.586805336451217, -107.81264532983376, 42.20332638315497, 5.8526213342805695, 7.214044665200336, -11.97260698809652, 31.49991867142319, -22.271284366289393, 47.41215608910061, 52.55730221930814, 26.760546229207236, 7.643044986392935, -71.46638688233485, -83.19628806644879, 90.39857573691354, -54.34550492528377, 46.13843566837152, 22.064979151205666, 108.95789372950242, -124.84171444703087, 34.33218657687106, -13.489760110805584, -7.168269849911397, 120.54969976253457, 145.05084612996754, 68.68724485203667, -39.84117507153405, 37.50202040756825, 14.106345913123565, -129.93829447920288, 94.57283814754452, 82.78534147200858, -18.750074825924727, -12.2519976277939, -88.20038728322272, 42.15187906983639, 49.81501757018599, 26.53192011521021, -37.40494354325587, -80.24639750004646, -6.640908452428011], [67.45365443199658, -45.04545402268822, -4.647608250541496, -85.56863239122255, -20.324289870949883, 97.80789308206924, 74.96430694561253, 67.7627282413435, 90.1036787794217, -19.1879911897868, -38.884216827605414, 107.39163133251552, 73.26981457089455, 64.7629688101507, 19.87246722802543, 10.714838451350372, 1044.4547963155596, 49.402286562352174, 17.322704833029714, 96.64440592129252, -42.010267707395634, 84.10944831083947, 80.48764293070565, 24.75667949667422, -96.11085718786663, 59.62587617030914, 63.23902665526321, -22.811783996654057, -11.260932612720277, -12.577009010002289, -25.15931419662249, -14.791205283345743, 57.27941826557838, 21.139605915965376, -46.735234306117675, -58.4365384145615, 101.938230179234, -52.85313057239438, -106.27011929048183, -48.88430176586943, 6.395367008636384, -22.017524467257918, 17.796740890462022, -81.81035145624692, 55.45501380932248, -27.319021056554558, 74.38634655001104, 15.62971495987142, 10.958631917352248, 1.0826632308066155, -48.75360638969528, 24.763073691263806, 60.98641019554446, 30.12109884274115, 47.707251880209775, -27.87886843857754, -41.34457039801675, 76.19251343393834, 63.33739118003166, 41.7331536111778, -30.083164673227166, 37.473687114407596, -20.53005028141278, -14.285691226580997, -120.67113168341328, -3.6770719220851764, 42.765616909649935, -6.694035965892567, 35.466550167176564, 3.735249933335666, 95.74148330613617, 13.412722842101193, -8.054341948338777, 21.714928000921695, -11.660607288819559, -135.85778316538028, 46.20847067239251, -44.67005126136361, 109.08072471354257, -109.34366613803361, 54.649013324349, -80.50967001401928, -104.5589573946752, -88.66488557353073, -75.09651488400716, -98.0750424778566, 83.19159283347804, -46.9144928231998, -3.3921464843671747, -92.69807784115193, -64.40228619505399, 24.61141465274274, 22.255444825425936, 63.84046507873137, -36.036865787583494, 70.77437315079726, -11.085099735314024, -23.779238518345963, 24.443330035315217, 47.65683577717574], [3.566970373966164, -11.214161438297824, 37.53880933218544, 33.157212529713206, -95.24176262328646, -66.10956096871675, -75.75744952834789, 38.47050260359826, -20.519799768979457, 28.244644082443717, 73.0648296397821, -21.191113836595484, 14.074880857037755, -23.245809569389742, -83.58458099588057, -4.251326513087414, 49.402286562352174, 954.4127143040458, 79.66130430713427, 62.98124047779769, 40.342686355249086, 35.13545154749013, -112.85483070041437, 63.712448734096036, 110.77911450015172, 7.6250792565802605, 100.17828801411851, -91.63858831433278, -66.20030276561167, -2.847983961513366, -4.394311396210581, 27.666783683846788, -49.81180329014096, -79.6013841815756, 98.20873016285513, -41.0858664373513, -27.92376335952587, 40.77504293179615, -51.16935126111749, 5.564779330343305, -6.110368749863418, 74.37885095404906, 86.32504226522323, 25.97176093072983, -24.570272412395, -68.93397356283639, 35.90790081952324, -18.433522598571198, -38.61810115438966, -124.46818883831163, -62.08518686180721, -96.80556729061989, 9.014651886360898, 9.156385992428016, -27.94100770343454, 12.3098284280995, 51.8795640235781, -23.49980889188079, 69.69515993112498, 135.03979045598794, -88.88144601760162, 27.23829514423687, -56.73603825325827, -159.32574585732195, -96.31151808594656, -115.62567071441742, -57.46944368383332, 55.74426531341403, 149.28983626016569, -73.8439876422714, -80.29277375341059, -28.59121815774246, -25.79833675544523, -61.215899273124045, -18.68322629010177, -227.59488361045575, 17.01057652869161, 1.7422561228324709, 23.231584130387844, 135.49072759133617, 82.03382553891547, 5.665887678644719, 132.71675930209526, -2.6165818624961474, 47.86392375498453, -46.83877242649735, -44.1088330232457, -152.15149278836554, 89.18696171895435, 62.90604352235833, 132.60243792182226, -55.829232998988495, 20.775957406936147, 36.0585003854799, 4.300452022644931, 59.956178119694115, -15.867657259821543, 25.957917278680373, 68.00362512238686, -34.85386822792816], [66.52786497293462, -57.13016451173642, -75.8743820035636, -2.0625904114227147, -35.79302082800148, -56.084367318596215, 81.31619571750726, 5.540096647241878, -8.537058962597753, 54.59566434530116, 0.6826708981737456, -23.483107619517998, 129.02396987293605, -75.89505243376347, -6.44091536855908, 85.13449578440238, 17.322704833029714, 79.66130430713427, 903.8284078101689, 58.610038067797184, -32.433218702718584, 63.873150320482715, -101.50495819782464, 30.39934898732649, 0.6660423674989541, 71.16705276349973, -31.925224883726788, 25.07382637878991, 32.32578762755846, -82.82011650365914, -8.77820900888441, 27.474768678728058, 44.95364038153759, -63.11744536824294, -16.872488369980907, -18.312144967040485, 35.555536687925645, -26.47674270470071, 29.977651927560512, -89.53136212218423, 82.77094927493893, 19.68921334928169, 28.49528031740773, -106.79722512488185, -39.315437918429716, 38.3810584982607, -21.449829053598386, -104.06930528498967, -88.15139166673292, -131.77974489919907, -24.874797515337907, -23.436143949734703, 96.46595675644625, -20.13047984615539, 3.141352957157304, 49.91845717029896, -33.9457764523584, -66.18567989014451, -11.348615527190567, 38.51182823671563, -63.90311721374869, -72.52535724557453, -48.84119834626968, 114.6186755531299, -19.10965615948701, -87.46568572581545, -97.51294723436456, -39.40766156427499, -24.7611600651999, 28.336367101575522, -136.31000588884996, -32.45419804711107, -56.309190705683356, 69.52697679652285, 32.60006729634907, 118.1539811756226, 3.440581824037837, 95.68376646727569, -28.9885133021302, -33.17954290986642, -58.291355745843305, -20.331591159825802, 2.1421972037248596, -93.15041590479451, 172.37058141050284, -63.16163871271736, 39.534308579245604, -41.27355042946995, -10.02935411004003, 89.30122964848448, -15.002138036854829, 50.05148971461057, -92.46493712599904, 50.48480620120701, 1.319369894913594, -109.19133296562441, -16.896938193604825, -46.38890195951953, -94.63797950017616, 27.485855940276668], [-2.045826299619939, -37.58487604660348, -65.23155096434462, 1.439764776896212, 55.29315462365696, 74.5868421304254, 125.69159126031867, 20.632840820369587, 33.741947609861334, 44.152077640112125, 118.26665301176364, 23.20243427658579, -56.78488918546607, 112.00366547891939, -70.34735848339692, -44.68777859333805, 96.64440592129252, 62.98124047779769, 58.610038067797184, 856.8885633026678, 74.84158193516107, 58.29470438203765, 90.1294526195526, -43.47835224060945, 80.08702359230405, -79.56709425912608, -67.85029807777657, -53.64241934294666, 80.88920151712185, -41.762723161398995, 1.3254884030653342, 63.69432822282123, -8.750902029877475, 45.931247782065746, -62.11124946895055, -19.406848557116223, 109.47218219845385, -18.49141779423528, 17.6143386754505, -38.52155594997313, 77.22278608092113, -48.38089971638221, 92.78825591867037, 32.49644942525433, -49.726096058600426, 5.249927283500834, -19.69192765726222, -29.059159418814367, 123.86846969345682, -61.83221028574788, -70.60301315935804, -64.07632500761446, 56.15922956337536, -38.334895366408645, 6.3065966926211425, 74.00522749597629, -9.937444486300988, 47.59402971863165, 49.77300796478958, -78.29885133842888, -27.461354545091524, 34.814160743173595, 34.83392108043261, 2.250086303657291, -6.342601783169733, -1.9477618233379748, 2.4211762520803006, -58.69463110771299, 14.258284742994505, 16.246485553857276, -41.46982074887983, -85.4586626444474, -76.41108391264099, 17.39420916561381, 56.22512040172392, -8.623314214499157, 111.6195479207325, 45.960028727767785, -9.787049712695122, 63.393052644671144, 21.81949490601992, 62.24179938719734, -24.629769110801494, 72.99670770125027, -106.59501062814468, -19.882805848442672, -96.33093551202577, -61.96519934753915, 47.91502642150747, -40.529307811739265, 26.14157941388856, -54.52980425380453, -120.54577336610032, -183.38086987972898, 120.60637278897589, 195.36897208216092, -79.46496764437948, -8.753979270619867, 141.30235186026925, 19.88809257629241], [-1.5216582939479415, 115.13574862131092, -117.33567907667867, 10.594256778474348, 37.69477209989591, -74.54169170833606, 36.24529885244689, 59.40779205363304, 4.94320986386598, 89.95343823177723, -34.83164465343288, 64.03433995365575, -165.00316221192767, 7.770462522296731, -73.22037901777014, -8