{"N": 100, "M": 5, "A": [[[697.428463219931, 49.67706880458781, -40.76686345199019, -77.0101507811166, 38.1487109666934, 103.04987570901994, 60.79302485669475, -8.05172897752587, -1.020651133540343, 9.728702215715906, 7.241933942179777, 27.29963585713679, 20.330744655361915, 117.41155319068308, -17.150091312688772, 7.410761175105743, -47.73481201694901, 83.45199961450874, -133.19335321767278, -76.16651237809474, 19.44112964258429, -91.57094676552504, -70.5179618036861, 49.44444273288576, -39.404068111282825, 12.651344621921096, -102.73663689590586, -69.92992076148624, -70.87431073247406, -5.343771117091666, 99.96747604196952, 109.9278082305131, -89.41116450732822, 66.77567964232867, 25.56910043431999, -60.23363089877886, 104.44444334139592, -88.74373826181268, 6.6112603279390845, -52.3004646724234, -8.317863711191759, 8.19886527099415, 87.04268634387545, -80.66187106775612, -112.91046750919891, 21.935414186418235, -88.06537713789308, -4.846103697236703, 118.41752561467385, -63.490441210863615, -76.83256867475401, -64.72238955657556, 47.24292510297911, 65.29505919588722, -79.94263576257705, -107.97576809795774, -30.33449474354276, 29.585301472282648, 30.335538744415455, -45.217395720314386, -52.04802495223822, -56.25032662948882, -91.30362500630727, -12.115099969450762, -54.14454429467734, 13.693414860148712, -26.434943656257087, 53.279843258668706, 61.47463655981269, 12.305799885428591, 168.24845782104913, 40.12799123405559, 38.31713898156927, -10.521898571715461, 23.59486528081956, 27.319110254296866, 22.49667514587683, -22.395086472685698, 9.155823247940699, -170.81033473114255, -46.11365176863606, -10.948631068685147, -69.69839846622666, 24.68279799264707, -64.36492284825253, 14.687972038790795, 11.646623847668591, -76.49250354778454, -27.24073782404296, -51.132219442223935, 44.58580171813652, 75.9637611939949, 28.623628236001313, 35.965635680974515, 25.501838746303463, -111.51835160122802, 66.51706069957048, 71.59783067703678, -5.85301522199351, 32.83713234627658], [49.67706880458781, 668.8850868739978, -0.8905429529587174, 27.448131797667813, 67.70170367532154, 18.50155118432084, 75.35898956741893, -46.01194854812483, -4.757038160849078, 11.924065882992718, -5.891746229435922, -129.08694779804006, 44.805127042875824, 153.46753559368415, 10.628813543238065, -74.48892432762312, 2.3280794313547073, -35.96142076598768, -51.86234060701222, -43.3182529751963, -20.307969521863367, -100.7139477409953, -10.749096772337573, -102.30698383286916, -70.70224902151541, -16.726333466886686, -15.89103948659631, -47.19223141262159, -2.036133397536914, -8.948991923784614, -17.98549142434459, -40.1799866931873, -19.97262314556936, -64.80646384957731, 2.653070417277805, -79.75733780790416, -13.363582633064107, -0.39347284267647026, 57.63364751030341, -156.75349790987127, -24.819641530860416, -113.75546284172052, -61.59270467067357, -30.612647162304803, -30.924569725730912, -20.430255935152577, 116.16392573260825, 39.73292412986425, 86.06497074565307, 7.52205708072743, 73.25400030348129, 55.58600477067978, 58.181020765637435, 119.77195124448988, -142.614485864988, 39.666768345350896, 20.733026582133117, 21.70499991383005, 99.3231010079729, 5.809856437775001, -158.50068418812432, -89.41896360996537, -71.74102993639062, -35.12423594499437, -31.924215800488465, -64.7374253477783, 37.10017658549654, -28.44033926774879, 72.15987175387507, 39.15443742218878, 52.87061686462462, -24.57974285716155, -141.99183872311772, 17.701556537308935, -79.82546684770746, -17.50895663568726, -107.94712417245154, 24.76344968285577, 68.87127676350482, 16.47988344265224, -40.459867244806695, 32.061943945244224, 25.74329893274938, 102.92411278599981, 157.03123467318076, 27.148545542098965, 39.77044801736754, 48.08644197810012, 56.40063920859493, 98.33536934335051, -19.760211908133176, 25.75938861511159, 146.60985575842435, -71.06795885223616, 38.185931138366534, 28.06343361653179, -108.02936328288993, 112.32725523311618, -13.451900299560306, 5.158765539827658], [-40.76686345199019, -0.8905429529587174, 802.3409062732704, 11.52086760943392, 39.51907617135861, -88.39277624751824, 14.293444692502785, 69.51390679609686, -5.144078260651138, 41.04925115577257, 4.530459994974078, -63.77172556870348, 34.49941084502824, 38.090600942261034, 28.5907924230081, -123.96665312085464, -6.209471317536003, -143.83234596958508, -45.98445881585045, 83.00095370937557, 1.565089302167559, -35.05614609766625, -31.793098862034714, -45.71026301091234, 14.688722652956658, 7.465915604515007, 8.729737807042678, -86.4937923375717, -1.4070428034465927, -66.91190515403503, 60.3790410893909, 25.373742492027173, -24.518360719986553, -107.78323326937284, -0.319604024584438, 172.23266544750484, -43.572980304603476, 36.82727327772142, 43.850773384822055, -5.9243006405384095, 5.560556982508417, 105.635376619156, -204.7532649642582, -81.94662989172596, -26.409051157698112, 202.00337262374862, -161.0745908540887, -15.250502517383644, -12.070841091226677, 62.107942432880066, 111.42367836179551, -102.75306804152886, -95.22280165224117, 64.49095595064087, -42.11116572713617, 31.83611180427154, -73.4188485366763, -65.04982289930054, -47.11558383528667, -121.48112075247916, -82.7561038309175, -3.6641505962828314, 4.663307272709542, 89.79645086569708, 157.0293938984564, 34.59592893163681, -109.69847196945551, -200.41062257407543, -58.11661674591461, 61.247926669037454, -37.3730661799181, 13.455640123211705, -86.2325697873896, 5.188519832417875, 133.6369898692084, 128.59555244535147, -127.73320214763942, 41.53004949191238, -211.29837158674817, -3.7515779500151964, -58.157976449448974, -73.05918838733969, -51.80885332286466, 41.65486839618751, 72.00265792150208, 153.30624234720796, 34.19127325835815, -69.78355593500665, 17.786534580568507, 29.528824219055405, -31.07313559884947, 27.147583185196197, -0.2751683198028026, -19.59717347113955, 43.00699263411278, -138.87605131585468, 58.33614397546526, -126.0619179818681, -168.155199626607, -18.981800051284225], [-77.0101507811166, 27.448131797667813, 11.52086760943392, 676.5818232673232, -97.89830836619599, -58.742858697253546, 84.54135985671174, -131.2309526641747, -39.854432510825625, -82.54825544724672, 21.608703856735147, 1.7931858530777782, 72.3551859858957, -10.960429850207857, -110.64765065258919, -61.1444106450883, 65.52044834486607, -65.93727037252106, 51.08334027692191, -0.07515125174444115, -98.62285287585567, -89.6407504521252, 48.70140038933404, -126.02888934346659, -72.94134165447842, 16.643002831462507, 84.0618006397869, -41.130992306612825, 133.92625023337183, 28.406647274222458, -112.21105205534413, 71.58571946071869, -94.71845765718297, 139.7061916294205, -46.77817748433473, -39.54799986871903, -57.27416078558687, 28.82183272820827, 46.130530744935164, -162.90540271374323, -23.446839317872406, 37.350664797745104, -96.90169561062427, 104.48811539473616, -57.10859324789388, -33.929815202848594, 3.628184416880805, -67.65085552529273, 28.08752924979016, -25.581967146792387, -2.7606448688693552, -60.62568863222716, -17.565456799755108, -103.19914162091231, 86.0550634835671, 85.00448061897454, -20.35803029401942, 46.51912390404915, 46.93850753687802, -11.789534208840466, -28.420267473145255, 82.54258547762066, 183.28161324928453, -51.63322600103459, -81.32940779211016, -74.25139659239356, 47.889926877120395, -14.187419374095901, -40.540993801780445, 20.086141216654926, 85.3915483995294, -120.46452118763013, -30.82435480540925, 54.171640208890544, 2.8333912255348004, 38.41448008000189, -4.710261866150772, 16.39057704781418, -113.86582899708291, -136.45196849216515, 10.259109859406717, 100.31522129908966, -73.41438889756404, -38.12582644613254, 23.437585741726892, 11.780883813559337, 105.1161886898674, 111.53410597977576, -135.55086035416633, 5.146315803338703, -0.19849552777785295, 60.023348668752384, 136.22203915623996, -62.64238080290349, -24.29926665513626, -0.7434532963370011, -21.590849194076466, -46.854603962275455, -9.578050915518228, -37.18419543476441], [38.1487109666934, 67.70170367532154, 39.51907617135861, -97.89830836619599, 668.0590238797811, 96.52583363168418, -78.8334350216293, -75.13172687751667, 115.15853782530371, -19.313547025575794, 8.298737867637055, -12.2397992932651, 0.16161019219967557, 9.090272115771477, 125.05486240408975, 52.27568710208327, -27.341159043197028, -87.58956330730575, 67.91203096708927, -109.82258332056873, -92.83231283994319, 9.608307534790173, 45.14691481498745, 45.37785081056683, -80.16763580369218, 62.64603917440308, -18.464630004199073, 1.4732479583550675, -83.98556050250835, -42.69224365821732, -18.759337328649163, -64.71972549741277, -117.04819650729095, -22.04011712118442, -26.2260159081556, 41.958080154539694, 18.184274340239288, 163.27437130007084, -8.48904173083952, -8.88461909311794, -106.925573321394, 35.352765699369726, 7.078444067107933, -159.33852127706922, -0.8838624936888955, 33.09661121458161, 27.36197740371784, -25.251593982289034, -52.56970988545343, 50.04413897745777, 21.826000657391255, 25.044007554006843, -6.339756124708627, 84.43716726431761, -38.3699576409915, -78.00480936299287, -48.516084383647765, -60.50022336742608, -53.39264984897104, -3.448705042968199, 10.841180293664308, 29.169052678528285, -106.63253027612538, -42.78914711265822, -37.59411913773016, -0.35458934094301653, 23.726070927854906, -20.371249325768563, 36.38583475528589, 28.100956689556803, -23.705277272800444, -74.76176054831237, 161.4860394432816, 71.93903706976107, 46.534001338643414, 107.77193468970302, -158.72464230872146, 41.002628266693705, 74.6827875746797, -74.16868563675852, 89.18716277372297, -86.14923988053224, 17.74113020687678, 22.127050512818368, -37.02232764901831, 48.851064027128956, -109.91553722548193, 17.755928680748514, 143.83483769416895, 93.88242706597708, -23.209403604913238, -9.193904047549962, 29.61946658192154, 64.62015346233768, 89.37390128508596, 15.51702372164927, -16.901584278270047, 31.796652896568418, 55.68644134768698, -26.781509049617316], [103.04987570901994, 18.50155118432084, -88.39277624751824, -58.742858697253546, 96.52583363168418, 866.2642941259152, 27.054446398560483, -96.65453972890154, -59.26807746262866, 1.4118459620721053, 49.95500608609217, 164.65495102106163, -39.84600836627765, -57.629416473506915, -47.84772317799401, -42.91031646443661, -22.602148592678166, 56.4845436186673, -115.72413058290125, -60.19016329576822, -119.2847353358008, -90.5505872536698, 60.87668681198553, -22.09954686941118, -37.776273418593284, 20.52690019800727, -59.411388612886974, 40.3525431646131, 7.989511667040576, -2.934016284439303, 28.89773767144954, 77.35371003023899, -28.93755476640672, 55.82994796883987, -32.13279082588038, -8.38589823932221, -97.19809700072364, -24.323731626730677, 27.204816996481206, -106.91546184008106, 22.985933373378863, -109.54386760297733, 62.346215279482735, -148.93956218862832, -82.97613176489014, -42.70241368940161, 54.86854489170173, 50.628814486556884, 16.16280513192082, 66.71694106782586, -17.30508421631202, -33.7649416212687, -101.12998848052669, -23.990252939079646, 38.16674079393714, -8.182795547364089, -45.94533415828658, -102.30869450129684, -11.490471388550814, -69.47544506676262, 162.72852032612346, 170.34885587951663, -69.16330926136357, 52.13029584309713, -17.448942266447485, -89.31857332878823, 53.61555967477, 72.36337562048227, -131.94906421575976, -130.13442364409187, 47.996903062183634, 8.504403730163332, 13.030638658083623, 32.814676162173996, 89.93788390419073, -45.57569336775472, -54.83312176191314, -49.83982500800485, 120.64381380038742, -29.78055786422699, 191.82731792224607, -63.03057811092456, -87.76522156762275, -13.287338666026157, -47.279403456936365, -9.332022808884243, 121.31455145020763, -14.59246149465875, -7.334509741117736, -23.098468427026813, -135.74431556834543, 44.8913797498924, 84.96625672936861, 139.03446126694882, -132.07602318910463, 94.93123614285648, 21.728533127038023, -44.16376430827446, -27.964667621643787, -6.926086419298813], [60.79302485669475, 75.35898956741893, 14.293444692502785, 84.54135985671174, -78.8334350216293, 27.054446398560483, 714.9780431601288, -49.36050750771998, -29.966013894114877, -1.9465125223145567, 155.5136613949494, -63.78720950213421, -41.40895401591162, -49.303562079981965, -140.23138523512617, 36.28903365632178, -52.68641229655167, 31.88766115813889, -47.2084979422828, -39.72204230091578, 103.61756255595289, 79.07499227967348, -5.035706450042769, -13.363801539999782, 18.79507661804723, -136.24233962013116, 174.84520897886748, -118.6274368580131, -77.6919326600734, -4.837736328533337, -29.424596898781548, 106.37802057718272, -30.14919266008658, 87.77197081147003, 58.457977543535875, -59.088404268989635, 38.304833010283446, -79.66764837259956, 10.478785628681523, 54.480423697310215, 71.13980816549027, 39.38482670844108, -37.9099339782011, -43.64635355619975, -24.50388666444444, -29.175513290190395, 81.37200559637023, 125.57331507268098, 103.62696000409282, -88.00951055831301, 73.76704059362673, -28.69196106103377, 76.09858064201345, -50.5221141544015, -83.42687905464642, 18.64950430559954, 69.22772670520266, 51.170338558306526, -83.43053546679819, -57.90935061143695, -98.43213755581753, -102.48494158185186, -24.3408730560156, -125.47701555545699, -101.3437543409741, 20.57837403437032, 14.886733938849297, 61.1150583163279, -71.77894860313215, 220.26268321583677, -22.298119674472996, 28.95628862880146, -93.4210938511506, -40.127405477691326, 82.86253394701572, -20.847617427326178, -10.919280550728981, -96.60873944331541, -196.03437003273424, 47.114301096587134, -15.205462279474673, 69.3904093783778, -29.870841225180396, -25.598195617270306, -112.44953201347877, 86.19049726873511, 65.86610106766136, -94.66788758543422, 38.853364470118755, -1.4981985485460183, -102.94988407065415, 2.682740254935474, 21.585126428348904, 54.225596881022014, 97.47803983856942, 29.006375990594467, 65.32334795141816, 52.39249980799151, -43.59732467763543, -47.861573990779725], [-8.05172897752587, -46.01194854812483, 69.51390679609686, -131.2309526641747, -75.13172687751667, -96.65453972890154, -49.36050750771998, 818.0392237222112, 28.705400870120872, 70.14953330357362, -9.657356494366335, 20.22571908911651, 49.91857166955582, -1.7053697184708623, 125.72465922873923, 65.76065405731495, -139.91519282664154, 6.783492008419984, -54.98232472326883, -38.28530282581242, -26.302609823811856, 6.7575399964418885, -33.20237311750815, 77.30872509615526, 6.782466680081921, -55.3539411598139, -57.116256986594394, -126.91108879281337, 111.41961876801813, 38.54767190199222, 101.628426874557, 98.93557374032835, 85.45297092634621, -25.87425078447693, 0.7550171426609266, 4.645137897417967, 224.26054633529762, -34.51079829165956, -143.47939708916428, 52.476076042676965, -1.7963957721153634, -38.96737922336622, -59.88626960749453, 105.36749700343849, 1.5036737898762906, -42.06384521023621, -78.81695855458882, 31.28526298789552, -10.818262567032447, 58.79556000452915, 48.27966137818418, -17.334713439547148, -114.99503964668608, -89.74394266079247, -14.309225417455755, 82.24470888259697, -158.10848838166203, -31.98049107170605, -90.96880264007964, -102.67314546857986, -64.59084025495116, -54.11039061285188, -11.649906691707454, 14.126690439968339, 28.612919649359096, 32.23932722515208, 15.022474520512667, -8.136994245957236, 28.42777625126399, -29.52002284738923, 66.44080740922874, 93.73710768700347, 48.025824600201, 19.02520220428553, -52.20474264985203, -42.55689686291949, 5.114508594153412, 62.5590043586719, -19.981863996798097, 69.56202683365524, -8.619191569617517, -146.70519402158908, 43.31551883303556, 86.43259249023643, 61.74792090553617, 2.15297751869329, 18.11530439886406, 16.36914157170518, -80.32359930343287, -111.4569970372064, 33.087574372724575, -13.166419563500247, -120.61885389243417, 37.1426764425784, -5.21985768267167, -141.0095134506528, 63.33015923276213, -12.402124003588456, 41.02407391518067, 76.6240969318842], [-1.020651133540343, -4.757038160849078, -5.144078260651138, -39.854432510825625, 115.15853782530371, -59.26807746262866, -29.966013894114877, 28.705400870120872, 646.0817068537618, -59.76707573862453, 37.554972718789955, -113.07919577258373, 69.2515639442796, -1.2639163207822393, 78.99493167486769, -27.12647099087311, -57.152200054642314, -87.83653425647734, -53.54681765530553, 41.61735527574005, -123.73005901891482, -145.89608777996202, 8.490100969968863, 34.65265545414587, 59.65413745003296, 92.27485537268208, -179.94921117828378, -4.287995829292305, 6.028244550016936, -75.27516966014194, 29.05742030425495, -51.35921523550734, 145.35349751489645, 93.52647433029051, -69.1109819294561, 61.59884614228128, -21.911564553117948, 81.83883020373128, -163.49137765930078, -38.01623568709666, 28.706579870550446, -37.93110147801913, 42.613101917504416, -51.783743001792715, 82.34196815220655, 106.43685816973779, -35.6422916490835, -82.88161644393831, -24.203473744875946, 77.03735190065129, 35.576367471111396, 99.4467377578335, 6.710047694064173, -22.29752973985289, -146.46903777940065, 136.5049782973385, -103.03530291677166, 25.389333113659664, -104.69347103347542, 71.83379155570584, -69.39014505750909, 88.01811736776683, 30.005109508633144, 12.826488162603555, -96.59400585612845, -15.207970833614493, 108.608698766281, 57.970705322242374, -70.6269110442159, -9.347566707066484, -10.462622932080288, -27.564361913850956, -50.79631077272523, 90.45610042197136, -41.15106906592459, 0.45711233746847435, 46.09103330920124, 19.348915287938546, 111.07124678589469, -6.880297024988638, -20.08233409274834, -4.159453877170817, 102.63699812476709, -24.575065830219664, -36.09191261029592, -22.49622576442253, 22.176327111480013, 29.83566076209143, 88.18351977971217, 79.12040205679403, 102.73110548568859, 60.9164260397558, -12.354639838317087, -75.44977290627483, -58.94668302737094, -3.5145806542555063, 1.709831591457231, -30.27591638336823, -98.19287772391677, -68.9399646056677], [9.728702215715906, 11.924065882992718, 41.04925115577257, -82.54825544724672, -19.313547025575794, 1.4118459620721053, -1.9465125223145567, 70.14953330357362, -59.76707573862453, 629.0838383930417, 133.3766867767184, -91.85648986534198, 82.09608442157834, 30.528657579650677, -8.395337410087647, 55.49414916882513, -26.96612353464278, -90.75521358303837, 99.32946064736672, -80.9019958652568, 108.76704642270244, 80.8522060167248, -107.36828535436113, 42.48663814095379, 82.94382281809254, -44.53519974346974, 112.09708780766304, -53.70881865224267, -9.912487639324649, 42.7173772223663, 18.038031123657102, 34.617861203223875, -94.69331345930112, -8.353496159144678, -4.097562915345913, -132.9875167568527, -20.90019445998565, -10.802913964249127, 126.2024405557847, 34.198528084726185, -5.340820164615266, -64.72909543543558, 38.86591609290309, 5.553425801586939, -26.22365035622365, 39.7631962184576, -85.53779356322394, 45.0392268974269, -63.36012332239098, -72.38723416081547, 86.03473383865659, -28.91001107812928, -96.19805390269633, 159.040418199505, -51.43979258766439, 9.792213407655131, -19.90460352472726, 140.20853658646115, 55.86879918797454, -75.9058662528402, -43.828616670088536, 17.772708888670188, 43.023292074722626, -4.280258005847172, -55.120418686115485, -4.589232859975077, 167.95602169905644, -120.67685580101639, 10.861401327173139, -28.946779856439306, -50.05397698605724, -72.34103430158456, -28.624620024602002, 96.16242885429203, 72.04807486087378, -76.54755657174857, -43.33245604522997, -68.32728151227309, -9.375854388556904, 132.01174179513643, 83.88882405259297, -65.35549279736996, -97.34007190393716, 48.973311240003646, 0.3475280928306827, 33.266854031355386, -79.83577615414559, 94.39438040459054, -8.561904751074447, 32.75718343080991, -50.27446546468601, 0.6952926528986206, -120.73055726894448, 57.5004373272098, -11.23271939969632, 49.38900394989023, -28.991300086023863, 67.12668532710872, -5.583100995199124, -80.50627024888725], [7.241933942179777, -5.891746229435922, 4.530459994974078, 21.608703856735147, 8.298737867637055, 49.95500608609217, 155.5136613949494, -9.657356494366335, 37.554972718789955, 133.3766867767184, 686.7850786374801, -145.42060455958205, -47.96955021581872, -110.61829280865312, -85.52171976912464, -36.59235808288361, -107.77499859433722, 45.83331510248556, 15.37805357706159, -155.2293142934716, 130.56230238194118, 39.510845722140196, 0.32386852265134436, 10.509476580285508, 130.04957415270934, -20.4832516485671, -49.21741835109632, -61.04642211992454, 42.14183293624238, 29.00187677000005, -82.86131233804343, 204.68727185945085, 6.141710328826489, 28.631388580852846, 33.66772127268874, -23.79244684116122, -25.81711658877541, -23.74305848225692, -36.18394398139596, -18.980704841887768, -41.45219580015634, -87.71078519448788, 96.91862952531656, -17.945747908341875, -43.06737384231866, -42.54101717593553, -107.57396258585757, 33.62478095749926, 14.071352079659798, -179.19523906346174, 33.462951971285754, 5.58955515076073, -43.94984017598063, 63.51605495856089, -23.02949024034557, 13.7458545251284, 20.430277914057044, -3.681902935761769, -97.84857703461725, -107.5578130204484, -21.89029487917875, -93.99795541408876, -51.20588866028919, -42.062666145491434, -40.69992775189925, -18.18844411384704, 102.763370382534, 124.11778161864189, -92.60884365743716, 74.17833081217256, -129.79172714070086, -64.4332333792418, 33.60623644575938, 153.6987474036829, -52.68479718698463, -133.2241914578758, -42.69224902072183, -15.76230141098754, -54.58751605760311, 30.997518777890175, 26.53502740221325, -25.01873944549964, -38.318530671158875, -0.35549134667860177, -97.98063390696282, -1.0631784973673275, -1.2506578633298473, 82.04353297637672, -21.741548278813852, -99.90547214382282, 53.314629452387926, 15.267348772883617, -50.03174388019319, 135.48814558011816, 26.32670669066484, -89.5929352839276, -7.603419111343763, -72.55461705220756, -28.80169071199242, 75.44391283392304], [27.29963585713679, -129.08694779804006, -63.77172556870348, 1.7931858530777782, -12.2397992932651, 164.65495102106163, -63.78720950213421, 20.22571908911651, -113.07919577258373, -91.85648986534198, -145.42060455958205, 793.3894252935249, -133.4076887215386, 55.33191597768592, 107.11239857915288, 45.251147639297194, 102.010030711779, 41.828719431095465, -79.2766370961571, 1.4821591681436856, 21.549157679423086, 34.43501393969676, -109.77299026694538, 70.75966384805322, -26.06471518903943, 101.4716655366299, 77.23090235733846, 162.68452528728517, -3.7438633681741798, -22.324908604117276, -0.24924002917332966, 148.07709877900584, -153.47600854113216, -149.08426045187045, 10.004948598605937, -2.041649492739538, -2.162803742723743, 27.826768767160523, -14.228487613373916, 94.17143278108408, 116.91188423301814, 65.02903754185529, -85.75090007318285, 43.08122550738825, -62.11871812338154, -46.2309857054106, -0.5957124131902594, -77.53761728271041, 41.13598491593095, 4.854310583093868, -142.37994647216274, 19.00032734822922, -65.18193501200595, -100.47277413074535, 76.70420516974424, -66.34939792113985, 7.612882721794924, -69.17909776396662, 27.222732501883904, -21.97303369954059, 71.27303808519439, 33.85405132296209, 81.59091877193008, -7.1871083648049705, 58.01304944044636, 3.4215719075019626, 9.697877218827541, 60.66695179020679, 143.62820437303802, -151.0759942830476, -19.3755930277763, -175.85743447600248, -5.670311631652153, -48.01152225757043, 46.0226680709015, -27.77050543206008, -5.252904579915621, -48.953561973252256, 76.65565154272996, -11.076688157402687, 38.58130708944285, 31.97671011046924, -50.79141673265536, -64.98755873842507, -55.619012191576495, -7.917630732894005, 50.80176242026743, -66.69211450443728, -115.13726018335437, -113.73077552839288, -4.834549595303486, 95.55656095732468, 125.63183150954667, 47.1417207789695, -157.33610848741924, -42.486281750611546, 7.088068033646327, -62.13482902178439, -27.6967294183711, -2.033659303447927], [20.330744655361915, 44.805127042875824, 34.49941084502824, 72.3551859858957, 0.16161019219967557, -39.84600836627765, -41.40895401591162, 49.91857166955582, 69.2515639442796, 82.09608442157834, -47.96955021581872, -133.4076887215386, 844.6457711366392, 86.33335273913531, 69.37021773213328, 120.51320455577446, 2.119611871554596, -57.248062104652135, 22.45881143046036, -33.3146910501734, 38.699164268485234, 84.8603546251941, -35.231912539167816, 70.5478496298378, 77.3248229430033, -135.34713788490018, -88.78821175829712, -46.65698658925425, 159.46482770944513, -150.23082193576562, -3.23502458673188, 46.49269441442511, -27.971000243174757, 99.77414849964492, 51.185323223040015, -127.80633560677855, -82.7033055701839, 25.876855002536495, -115.4614339596116, -61.64699828771018, 19.106642649617786, 67.29810598971721, -61.5975341888027, 101.98202450836983, -51.827082318325836, 71.706340150502, -73.80747776908558, 86.94482109669627, 169.51459665569826, 54.74942481208521, 58.08804222853055, -11.829583513969862, 74.77853855551932, 152.0505805622653, -90.78136851354796, 177.88610327192106, 47.12350468401115, 157.92833268624173, 4.6311160420956865, -18.545807432751854, 31.405747635665815, 112.4687941061302, 98.01700793643874, 61.23885835133554, -2.3826659516654525, -65.70979740461425, 26.11253790191645, -84.41385641207658, 107.2692016427741, 72.28137469222605, 96.87641362679864, 66.68447012707254, -20.656658000853994, -44.43308850229998, 53.13781544365872, 41.82218531246543, -101.19268503137512, 17.522773649754804, 162.69909018333303, -34.997996038867186, 13.610538651324642, -46.314827011947834, -10.954660615780455, -27.577628129311286, 83.707297575926, 39.63327225201154, -79.58352452630926, 61.214702621790266, -152.10469664433876, 48.78366814438088, -35.84278021790729, -153.34879466077984, -56.58932823533235, 35.3970298362791, 3.5052125308553106, 104.21749983985833, 34.474013665566666, 112.34048051646883, 35.571045559718755, -28.4805801028737], [117.41155319068308, 153.46753559368415, 38.090600942261034, -10.960429850207857, 9.090272115771477, -57.629416473506915, -49.303562079981965, -1.7053697184708623, -1.2639163207822393, 30.528657579650677, -110.61829280865312, 55.33191597768592, 86.33335273913531, 901.2592076076878, 12.370938424614916, 7.332390721682927, -75.04038007417579, -32.40459491223306, -97.07519634922599, 50.098201601491034, 60.90161027368087, -21.57382233530522, -47.61837389224151, 54.689041583261876, -90.8809864557939, -108.17308754975357, -193.8670001633076, -94.6283159833692, -27.21342444058346, -11.257867771298342, -161.55819422843217, -100.86973752696042, 21.548653491918778, 39.37968706646803, 49.255930366153926, -96.51454371033985, 73.31470842508817, 159.12720592159633, -10.708168866245753, 86.72281539257247, -78.9489170882382, -102.40080775213171, -113.10636336460333, 73.0004541915291, -22.44811449123816, 67.15050521381599, 55.42848373148345, -68.7507493446063, 14.496828145537009, 12.817890015176985, 47.7867837388755, -28.713223888728738, 19.120686484122608, 78.35307064358162, 134.55025777912238, 27.845476475402506, 32.277582683763754, 23.199627449023815, 6.617890522800635, -28.931655730086998, -44.07168122890675, 12.588919216259471, -115.78057914058387, -4.499323439253478, 102.35623072186846, -88.46386578868889, -114.83873521891186, -30.07856526741318, 129.19889845194731, -8.38770362229416, 223.0647101708161, -25.035100039804803, -114.06812660035614, 42.85290421177163, -135.39261859977552, -36.3137154533499, -130.2612648473227, -86.78653687541258, 67.94687347765301, -63.989761444758265, -34.0858662634946, -36.95658690593288, -154.6860643764227, -34.78967574165857, 23.836193348789163, 174.58670044032377, 19.408864233056708, -152.49966652181436, 96.85938452254422, -237.8776152168334, -60.122238713590136, 36.941388475740865, 100.03692807126187, -141.79693891541137, -41.23425171419853, 2.958993665662501, -20.05088934284164, 67.56432160222386, -43.17211485603879, 50.63029021889153], [-17.150091312688772, 10.628813543238065, 28.5907924230081, -110.64765065258919, 125.05486240408975, -47.84772317799401, -140.23138523512617, 125.72465922873923, 78.99493167486769, -8.395337410087647, -85.52171976912464, 107.11239857915288, 69.37021773213328, 12.370938424614916, 1036.5150660150236, 121.01206799123203, 55.10920005714591, 60.02415915331344, -228.36629464958668, -45.01103694010205, -196.21399059550106, -81.85452273785147, -33.13130497689075, 277.5920250163547, -16.511750468065497, -81.86536093961259, 22.845065880447063, -141.00080524001336, -56.42216329139783, -2.8004233013717985, 7.677317756150166, 117.16852825542517, 82.89006136618826, -143.20484020051657, -56.55619522499064, 67.03660088904151, -141.90372383503728, 32.919038273931115, -84.2388277973976, 84.46290002211234, -77.76797496856422, -17.3980311344356, 71.96864862400692, 114.53849513221655, -39.370821402115254, 85.77683540791945, 62.15014427458484, 22.599201360304175, 69.799191033313, 94.93743651242673, -90.51828888381087, 89.9874484225135, -9.903011270471524, -67.85778073974886, 48.27795680654127, 145.46814016785115, -68.89879663256521, -12.982203748090141, 136.40416679801632, -81.82129226513351, 130.64059252882782, 39.891559955649754, 82.11720336665043, 81.02966514433646, 115.02851765963536, 73.08197186975846, 49.539938439011415, 75.70279272052178, 56.763578759450255, -26.79870960463773, -21.10255294588826, -58.75175643674543, -85.08125313564024, 0.38047463697043177, -1.6174496710884818, -12.593360986455508, 25.739119642051413, -18.263480450848608, 97.46822852564154, 132.7732024104289, -63.075559931627495, -148.40086798913987, -22.46806658510638, -28.8774417841318, -31.746825860080666, 20.423827272418162, 47.288003138934435, -57.14245602420015, 30.697278460559684, 56.65054232788822, -44.48214898642659, -5.5793933779065945, 43.57317208048821, -8.002437934092612, 26.787751653848474, 54.195149980062006, -85.1847742821844, 183.60867317765332, -87.24144640356721, -2.4530349799009636], [7.410761175105743, -74.48892432762312, -123.96665312085464, -61.1444106450883, 52.27568710208327, -42.91031646443661, 36.28903365632178, 65.76065405731495, -27.12647099087311, 55.49414916882513, -36.59235808288361, 45.251147639297194, 120.51320455577446, 7.332390721682927, 121.01206799123203, 634.4357999367938, 15.484378333654883, 64.83574186722822, -25.806605629389775, -115.78741100807243, 1.1962154167553973, 65.82301631389036, -51.87927636992654, 166.15783449115833, 7.422496911433191, -70.80574530012694, 111.95753676847161, 12.926486223180026, -72.6469326638911, -87.77247573086173, 25.630420238467494, -51.80699707945809, 4.7057243636009884, 3.96582812510577, 27.473497752063576, 31.213636889016673, 48.90327460371803, 28.217446323991812, 6.128369021796279, 40.393841950723626, 9.160968702232484, 40.69924608402759, 52.56675235287536, -30.605420366702777, -1.191296880218372, 84.26257296203599, -47.92994519736038, 81.35584055468743, -53.91639069786245, 68.1660364317063, -81.69776403575982, -85.07034159662742, 88.51431817376674, -17.204526750554354, 14.488958156940052, 40.43403889003245, 117.65477302951727, 121.45709065991133, -5.891043225910063, -73.53950832358184, 93.07778481491194, -22.827521105487534, 42.93101232021419, -61.83045595644161, -37.20877156272303, 59.63061697578187, 92.05322376078483, 19.54382726430148, 52.23572509205242, 60.69228787320719, 12.844934879038878, 89.21666817087902, 100.08786612746, -73.27266340962767, -63.23314082499401, -47.84337246102512, -12.034576427792484, -33.95932841353019, 9.081427058347023, 71.2657555157709, -51.37103641499647, 42.05747375807816, 62.43991856422685, -40.822058576311996, 12.412837291569563, -29.4527252065055, -68.95862646063259, 59.94274364055633, 59.684638857820765, 11.349365730141914, 57.72858592628835, 67.89829703404946, 36.359627281517994, 49.54389917888525, -17.7393573770081, 57.69845557127631, 26.319076220699035, 71.84253408381889, 22.567735264272176, 89.2461029028794], [-47.73481201694901, 2.3280794313547073, -6.209471317536003, 65.52044834486607, -27.341159043197028, -22.602148592678166, -52.68641229655167, -139.91519282664154, -57.152200054642314, -26.96612353464278, -107.77499859433722, 102.010030711779, 2.119611871554596, -75.04038007417579, 55.10920005714591, 15.484378333654883, 694.134143892262, 112.76930775798935, 74.05162593472289, -88.75335708584788, -44.7527292143237, 22.946493800088483, -18.150130051325867, -95.77924887817518, -71.25965259109952, 14.881228174628083, 29.240281641795335, 26.657597630815136, 1.54375171017772, -89.30264374122922, -81.57408610705569, 116.29442015292986, -99.69520546823253, -48.9288563995165, -71.77296932950131, -57.58319567487491, -41.39585106099458, 99.07778780183878, 65.53185336316639, 52.021845676820824, 132.6435410614411, 54.208433816298175, 114.71240409863661, -4.123612046239797, -83.5207111633499, 115.36555773195026, 0.36333987994030537, -10.850158843302877, -116.60154663479304, 46.24269140884224, -22.6460473395033, 70.01090022317707, -11.831326106479853, -75.64715065649422, -12.146514015077038, 53.570500823365045, 98.60500225676651, 157.22060462390783, 81.48884994341692, -135.32349742357124, -38.97260152026164, 102.37150076625056, -59.74146116721724, 70.83963921520075, 90.43368255716524, 50.106303586921335, 5.149995765365075, -42.80050637238305, 16.741084182768105, -79.34354486864993, -24.175315082967096, -7.552945576738783, 4.377227331749557, -20.926774873402568, -71.02390106473943, -46.62990849422931, -12.325434088540305, -71.2885671864545, 2.7864279016708693, -11.3393437073112, -32.37431226956386, 105.02502228879447, -72.60765427472232, -131.1268673573669, -23.38919937955259, -21.158047573055327, -34.50233518617866, -54.99480529623097, -91.83895353377575, 35.376208463659985, 2.0799300792481974, 38.539693370539865, 43.946490218841866, 100.4371525511305, -83.25420451922636, 39.5546568190619, -11.24842624924432, -140.00348948578574, 47.661871009902995, -136.73974165228537], [83.45199961450874, -35.96142076598768, -143.83234596958508, -65.93727037252106, -87.58956330730575, 56.4845436186673, 31.88766115813889, 6.783492008419984, -87.83653425647734, -90.75521358303837, 45.83331510248556, 41.828719431095465, -57.248062104652135, -32.40459491223306, 60.02415915331344, 64.83574186722822, 112.76930775798935, 728.8767091905154, -223.67845254464862, -78.46484183785316, -7.793132022878946, 60.277132157126225, 80.47842269341693, 3.536900989565956, 145.77855388947648, -23.02748927338324, 96.58435514080031, -84.00972315203458, 0.9104574872368587, 15.86504975373527, -38.29559845020845, -14.5095496816722, 64.22886633905497, 100.45926657405725, 23.24852089375757, -17.360734111828265, 122.9913562863442, -36.24443947584693, -24.289480839650253, -32.91574841480973, 3.6158467011757627, 24.31541644683299, 47.13071522841532, 98.64537218155529, 1.146376845751452, 25.80959123757506, -26.475683324485313, 25.859578108374713, -6.755666398994761, -57.49184943819864, -5.509594750087489, -2.0209413210677853, 76.66485563605761, -67.35090583902988, -143.63324609699592, 31.487501377147396, 65.23670643550176, 7.353998081645964, -37.69946860243618, -75.93824553994207, -68.4611436534374, 146.89706908124626, -40.88304762876045, -17.805259750811842, 170.0611401131609, -41.14651900584609, 68.71764283315353, 33.747161210061776, -8.425444295703828, 60.6395904020674, -35.89680702680541, 80.54935834560132, -19.128036777644667, 57.17434310384318, -4.267542309250109, 23.41748605577931, -57.68538684937448, -2.9193469734359807, -95.30555204339743, 27.815528542695635, 63.01345088474111, -52.91672695615491, 126.20369172531501, 32.061192610428954, -51.93313146292733, 29.62488448858459, 39.14880103780978, -124.08138086053985, -34.64133854086543, -6.512187931416818, 44.655403574811274, 92.72117913587611, -3.4377118417337047, 87.53361990449102, -199.3553415806843, -21.452857344266103, 3.5525186080824525, 37.78510190093151, 25.186212149170643, 61.89998533870175], [-133.19335321767278, -51.86234060701222, -45.98445881585045, 51.08334027692191, 67.91203096708927, -115.72413058290125, -47.2084979422828, -54.98232472326883, -53.54681765530553, 99.32946064736672, 15.37805357706159, -79.2766370961571, 22.45881143046036, -97.07519634922599, -228.36629464958668, -25.806605629389775, 74.05162593472289, -223.67845254464862, 803.5148965262548, -102.71507792553321, 109.8416018268627, 74.17283216632802, -70.4090362292238, -35.12298958493391, -21.446670404632282, 108.09267570933973, 77.6577212587199, 66.64751631933636, 108.57938207931677, -58.20414345235967, -58.62470025420758, -120.28436183716107, -18.641877850502034, -18.144314943076893, 60.095904247841695, -89.47737264874593, 15.27665822855051, 109.68490929226647, -38.73627125155332, -78.55443585871258, 16.773757820700506, 109.03301630478684, 29.718589940906213, 22.350518843880806, 114.93524142963447, -144.5772260424388, -38.59574199257197, -12.152527085545776, -110.23406905650667, 92.02115408625627, 8.147004430011318, 35.14321828417762, -87.00921114588529, 156.24096923657203, 15.476647830843634, -95.25962321122685, 20.258497325998132, 59.04146358799875, 50.52484305146081, 111.82042613560873, 3.1101952416689196, 63.17034276829399, -35.900305605886, -37.68453904516046, -50.162099156493994, 104.46281852922328, -104.38677969520651, -109.84284014832664, -59.26339628995957, -132.90805910560243, -13.040416776967204, 27.56849312390793, 54.044033632988224, -91.55116558075962, -55.082443805760754, 34.92487427176449, -91.7451562216256, 70.574490717396, -54.41881030475179, -23.980041567138652, -18.204115202966314, 57.13142883273543, -47.575160958977996, 24.90859703161298, 85.65927550687329, -6.996620675621149, -55.65838861531951, -20.632860680430475, 31.962596922344428, -87.41775325111743, -74.22118100758566, -52.14980916235776, -48.204561122731334, 59.36070050883248, 70.33883297645053, 52.1654416193751, 11.2609974098502, 19.90179450214773, 106.59664393441064, -98.27303268957888], [-76.16651237809474, -43.3182529751963, 83.00095370937557, -0.07515125174444115, -109.82258332056873, -60.19016329576822, -39.72204230091578, -38.28530282581242, 41.61735527574005, -80.9019958652568, -155.2293142934716, 1.4821591681436856, -33.3146910501734, 50.098201601491034, -45.01103694010205, -115.78741100807243, -88.75335708584788, -78.46484183785316, -102.71507792553321, 961.5672850325037, 54.05287609648577, -15.873003579843905, 57.232721821119654, 57.668684465054284, 42.394429978856905, 0.96421833895936, 9.119117901089146, -2.3309037718988903, 89.56701158626122, 112.02667503969387, -135.66679419448204, -234.40431754672198, 173.24118155581772, -65.17634342880542, -34.34871476836821, 3.8000726044513917, -13.145273051007651, 25.280846106463468, -31.9517330148134, -86.52171880720525, 47.88261800991451, 89.17859282519778, -35.64494575510866, 69.36314191958613, 24.41378636095873, -14.922400327284153, 22.939433850546838, -1.28684557866413, 188.95683488606403, 13.553615606910606, -32.68417394067045, 59.790136620689815, -75.41035499032539, 13.162848603215112, -29.066829047737738, -9.845603220789801, -39.41195746867096, -150.3228777283851, 53.31652286047781, 18.30545928858725, -12.875958437517905, -61.46847222157534, 8.370825950047251, 168.3438971974319, 134.87144353506986, -17.458821777102393, -52.02378139271505, -83.18765006532527, 82.30505517148454, 26.156191946595104, 76.21174202768974, 30.044995412123836, -43.46934966345255, 18.439403383431785, 10.783101243059022, -101.72577776864556, -6.589312835649242, -44.98219888033178, 27.295996835185015, 41.70434960039909, -128.28267058636445, 75.11033165209854, -5.895149172996353, -65.01952251784428, 44.01216840192677, 79.89231990234602, -220.8663759398596, 11.67449472438005, -20.50233640227342, 79.30008841899297, 70.66701315790175, -42.95208385814167, -24.010191181907913, -75.65634550093401, -116.8452411064788, -105.71889525408811, 22.243762019837863, -64.63314445833932, 21.82424943483056, 36.495547655130224], [19.44112964258429, -20.307969521863367, 1.565089302167559, -98.62285287585567, -92.83231283994319, -119.2847353358008, 103.61756255595289, -26.302609823811856, -123.73005901891482, 108.76704642270244, 130.56230238194118, 21.549157679423086, 38.699164268485234, 60.90161027368087, -196.213990