{"N": 100, "M": 6, "A": [[[725.4120825552441, -85.25425613207665, 64.5782097168817, -21.847379074668886, 29.64404675048522, 8.80093841425401, 47.295163003920244, -23.80460671131592, -14.100935086504249, 35.71691680803159, 72.35698575169725, -11.298544760349108, 8.103432685317603, -37.30166301915467, 10.694153513513715, 41.22256212900755, -64.10832027856613, -29.155865368429406, -22.16348115577169, -156.30059116692973, -92.49814422082108, 2.9674830513240056, -8.308531036345226, -68.03794685103723, 3.9808452365927853, -101.97239873076899, -76.98424071443455, 105.269123135363, 52.12855314083485, 16.233581667020843, 87.47627878619512, 24.74552096264541, 16.246986681945042, 39.26565585326943, -14.61939387878523, -30.36843419249005, -60.366096534137554, 1.1687748727837217, 18.455054774340805, -24.31261251743052, 153.4692771694281, 74.03609392928769, -41.55050415511384, -97.17009919477974, 37.27961811211943, -67.28875621761951, -14.567046348482783, -32.23686699166008, 49.79711734734621, -36.6432888833119, -146.22074001035813, -105.22637314062602, 39.127222212725144, -3.2053511978255598, 58.19365254487686, -26.53337816736783, 85.243082298382, 76.34892581599735, 23.83828868803862, -122.56220491466841, 57.58696942769092, -163.80053115392158, 1.4033810872146688, 14.292417688588499, -61.01399448833019, 75.86460475338781, -35.38680892147755, 80.81045811998605, 48.96619441881399, 105.05004094374056, 102.91041874806662, 59.14959582718292, 4.9981565942636035, 39.917218743884035, 29.53692922331836, 290.5856703238561, -5.6090157074472495, 23.52438282927057, 7.597671419924486, -4.175857024456258, -185.81674214206745, -45.62062655773202, 45.39502509858153, -32.122553466237754, 24.867948989279565, -55.38961446608128, 26.911484301358662, 74.27666643067515, -8.831563270339045, 22.250317598092227, -26.87134722466592, -1.0976027564444717, -46.181775236186596, -51.50644271399749, -75.32247700396591, -46.17182641442838, 101.96410269181037, -39.283913146859724, -65.92385557970997, 85.39550269706876], [-85.25425613207665, 881.6339455316856, 67.72055041635666, -146.35974080395516, 154.55975750311944, -117.53250751614834, 48.981835018674566, -41.77107657913841, 45.098738942760235, 89.68760925392384, 61.99648046520992, -11.579486097110827, -86.20623927696775, -13.321286825598689, 70.43533978029421, -43.99238874248795, 163.0395131508439, -64.19678401854775, -13.32941837319282, -6.9165785299646005, 113.08054991292686, 83.52097989969576, -74.62860537357454, -19.226026227411516, -45.336242576811614, 4.178048591317516, 64.15765428673889, -76.94536541139834, 85.28966709504718, 111.4088881278886, 3.6486607394439483, 60.121131570784776, -151.46774270316183, -115.31506982184906, 96.2605878107489, 49.66125542620523, 10.200195026055644, 18.791037556523072, 112.90933860849991, 40.877727316633916, -65.7723359561107, 35.305183635530774, 62.60113939382988, -25.99723148109605, -29.436774778793755, 22.306792424367856, 3.6850597988260105, 0.8113265754369033, 67.64054163201541, -57.06266322043003, 68.86094408508654, 6.857513739191381, -42.62796795489444, 8.19172801554287, 3.425684658491319, 88.38918718275637, 65.32463020007808, 2.496444422247879, 98.53125189553755, -39.01395707413507, -84.9303705176529, 21.573195947712307, 92.18604634934287, 99.26446760506829, 75.980898163247, -80.04528350712818, -141.36903104872087, 53.59648314802085, 19.68262625374797, -130.06720633677784, -14.32745858429818, -88.99870088017566, -23.039538601999716, 37.52032163146379, -101.49814633156703, -137.39523801930804, 28.040656536784937, -25.013570630695646, -35.67940458788093, 19.310645393546665, 23.552824296420123, 45.03627069677326, 41.521079321875746, -155.90761155189892, 63.93920537836985, -33.44467510121315, -118.53953640679224, 53.90394412892796, -25.51550948530937, -19.275741087471076, -22.174294761749813, -32.695209940606546, 39.59617353453059, 86.83860518125617, -110.90894559911962, -69.31324466159043, 55.72902179603988, 9.558135548911496, 13.675479914959126, -114.83046456360503], [64.5782097168817, 67.72055041635666, 889.0699166682649, 86.28703513077933, -70.91602150352219, -155.54116227702283, -38.96761910866162, 18.569035861932797, 30.682354041096662, 17.734861156775523, -110.42486726863883, 43.20153145096217, 69.5990785974828, -55.28579802158315, -18.474210897409733, -0.7758153386366441, 7.088554818831264, 80.58312412354343, 33.49802135202891, -95.63124098590211, 54.775414418029534, 60.444132974556275, -65.29991003779675, 13.413358197268352, 119.62596172778598, -11.459028919804627, 21.273686472595028, 20.486489897805054, 130.67512033997278, 21.00678712903566, -54.29427565377265, -13.554744188845135, 109.16451863799875, 19.588713006229575, 15.65205556846495, -38.868379161872554, 133.18336592030894, -61.21670186386487, 64.3434199629929, -7.026203330319639, -62.95466842170144, -95.55043244632489, -35.466899604474925, -84.27250234311076, 59.79699206459413, -6.080974070530234, 3.986074406530146, 129.4040270118318, 16.391233256548578, 138.32542650899083, -209.64239354918845, -3.870294799775625, -0.08131607385365269, 35.90525166166451, -57.71507106338465, 125.32393411956836, 107.20737449156726, 148.47020047855491, -89.95940855181237, -51.09578350886785, -30.900566424514295, -17.516222571275694, 29.335149133162634, -14.367660928199804, -24.673279770856233, -61.21065301724032, 71.50383659789395, 95.10905655353785, -9.648461747495329, -62.8418346683551, -131.49798206837266, -56.55532048403281, 56.9202390295482, -130.29801822746737, 24.46251674597578, 4.196681807332616, -90.15663501101943, 107.66298735310332, -80.25746179103648, -66.77532326689968, -44.062196622326624, 82.56289196949069, -21.10710322072952, 63.603804385592426, -100.16050582061798, -52.31628517185235, 69.86124077479882, 79.4741590813042, 57.47604684804862, -62.22919402077099, -29.263717555045307, 29.44045724756426, 48.12957605738912, 36.1252183621264, 83.27302604825901, -5.319737913542373, -42.21620400748854, -46.31537855108695, 25.257518355584683, -100.96418205086387], [-21.847379074668886, -146.35974080395516, 86.28703513077933, 1020.6811156061781, -38.89257424109665, -74.80605796534957, -95.30860083616251, 37.16892948737083, -2.8709425902062966, 85.1015451827778, 124.7772725098534, -106.43363216957815, 46.129109593771915, -93.53533587062158, -26.81452314458598, 82.78835424494454, -4.5361343533647585, 68.15915195962727, -161.13845120834378, 119.3958698161607, 26.301655937437527, -76.27495068529127, -28.744792172226553, -89.65046222661364, 64.17687036520924, -177.14575085602254, -11.21100383484247, -21.084589579073672, 98.64117560614363, -82.13284060160291, -43.46998485844253, -50.58614066857096, 154.6372608060244, 91.04385215302398, -61.875011315112864, -14.94374025087695, 71.94165807776173, 24.501568142687567, -50.8479899122947, -96.6142346541085, 71.40562472870776, -2.7409823066101104, -40.44243539956388, -2.7825177690806737, -2.5515670273838045, -61.96048176879537, -15.599267120905056, -2.565267250955872, -63.76374147097906, -11.917651600483989, 62.92672015495446, 28.773556240586963, -81.81361175484734, -21.018254365827794, 15.686728527794081, -74.92282845314723, 24.37015648720069, 40.795692048806806, -24.959991857616675, 102.472221480598, 21.028023366296367, -75.65190701390475, 29.2457983334723, -83.18573544066054, -59.55317699800399, -80.09299328876655, 8.348371998017184, -35.40191374571656, 84.29576823425367, -23.687634923154437, -45.90955255583468, 129.46833381318106, -46.348345809712406, 42.79862278509242, -75.6392933886914, 133.2291306117064, 52.931678250256056, -73.14130448508755, 5.9461180530013245, -56.64694621822306, -29.28574717871794, -136.90447554055916, -70.676144621666, -52.92304699594285, -149.65144167662038, -159.09923609842008, -0.378326610213769, 75.7576901566619, 39.529979632211116, 31.72131003738028, 145.5725356802024, 51.03185423942123, 132.14485827075612, -35.75755838548378, 77.99109848618286, 103.87912339979634, -218.3820522930371, -9.290427521067045, 97.01514625555016, -36.69992572217493], [29.64404675048522, 154.55975750311944, -70.91602150352219, -38.89257424109665, 773.7452067069031, 6.606628082491781, -42.73165518009372, -47.203667668777, 47.545832566521895, 105.97043651395434, 115.36732642631874, 46.907317979768926, 106.53624239258855, -63.95098988285016, 144.76074814337514, 146.61333998098834, -132.98618427614718, -64.98410821086591, 2.400808691876406, -57.86254184435757, -0.6125096855692185, -22.378966708993428, -85.97200337672918, -17.14617275520098, 5.885762497095147, 52.32342291966986, 59.726543838194054, 28.457812464466347, 59.64761702247142, 48.52314485012374, -119.21153094119876, 22.92762714120792, 69.38459341054707, -90.13471580904097, 165.09089430572223, 35.3891954474615, -113.40591003954587, 25.509678784920922, -57.372594492144884, -14.951254375001676, 100.4098955121452, 111.03041827382567, -7.766629311927064, 18.298183076277343, -1.4014900666077243, 53.93497917216273, -44.28218927795255, -97.01809482657866, -172.70588849977645, -5.19012509719948, -36.951233133500914, -17.40221274171103, -59.63288048103929, 38.89092720085585, 92.54674444089163, 105.23039784857278, 45.4291829409605, 51.72063703686876, 120.05564828184625, 123.44017076407891, -63.436995925708224, -43.23822597694036, -50.97347938919569, 138.1731023618493, 24.595815859836218, -32.7316145446298, -39.560799751536706, -177.38984771760596, 8.736060293994694, 11.713917707862137, -131.33402928684404, 95.04306469603884, 99.78585158345062, -40.29089019968793, -117.34653761141357, -90.9266418541779, -151.71426690715072, -19.17843362641892, -5.813219202296404, 272.0710606167755, -55.81166771657031, -47.4686203225642, -11.588282741331632, -23.962136479225734, 54.8044036379617, 17.267112288063498, 19.775805456629595, -18.96508862038833, -10.206818584801317, -21.29857138330273, -67.09220931092956, 27.612027812296905, 4.210942761031813, 114.73575256734411, -120.81733348445182, 6.539516938992776, 45.711015195563355, 45.938734560651135, -38.253489205748224, 26.554142603427792], [8.80093841425401, -117.53250751614834, -155.54116227702283, -74.80605796534957, 6.606628082491781, 747.9256496327378, 60.61522219367161, -99.93527059834068, -98.46975866499875, 4.686213690669606, 15.731980891657143, -1.0114545788593483, -49.62199148808042, -8.509803087842625, 71.76515212626177, 3.3146387987526715, 60.8655140194769, -60.68938513389104, 19.35700658940001, 137.2054247084731, -67.10413330104502, -139.25268450708796, 60.21055315574344, -5.402415548307045, -18.63607376347812, 116.81076141741065, 31.22300276279523, 104.8176942455009, 1.8087742288395825, -22.739955292341747, -58.55758281607655, -28.66409873742687, -75.09688959757457, 6.739420274181243, 67.44485725725005, -38.76407609572653, -77.15326815037793, 55.61498876691339, 14.107594760002357, 57.08121952048489, 62.84368485498902, 66.9258993347341, -17.050884382976815, 14.54537036836525, -170.10676773508766, -26.001351120608263, 28.829104539619525, -38.735415170267395, 69.91439132273847, 44.74152377857532, 88.31243072611355, 18.233732706556292, 91.81222873930601, 24.48709508424789, 59.48652013911165, -17.34429657120692, 95.44464211176752, -15.011003857846768, -1.0900834866615838, 111.16585631773245, 42.510923535256346, 32.20597142321937, -87.87694622903977, -94.3124085334604, -25.47848962699578, -4.208089985460942, 34.437729462085116, 71.2499534940122, 94.60190002239422, -57.77435937400385, 20.152657366091706, 33.99743329881687, -74.66469760697692, -14.906625976667566, 41.02038050155215, -68.06704924603476, -17.645867279006513, -8.998966349005354, -5.87578121134139, -99.23812359793637, 36.967226858987296, -97.11863812285682, -25.413876995158805, 78.66924169362011, -85.4331031145616, -68.39045815197777, 42.16984377220838, 4.547308908038864, -140.06729904983982, -65.03996946798094, 26.934356704165953, -151.794743637667, -43.70415664289345, -105.01408228814535, 46.77148278510404, 18.307379825475625, 136.372602198401, 23.9727300605559, -85.16773682711859, 172.52640018523218], [47.295163003920244, 48.981835018674566, -38.96761910866162, -95.30860083616251, -42.73165518009372, 60.61522219367161, 755.9139594834833, 6.636844732063599, -69.30465244518888, -0.4640896852548132, -77.12180506045925, -24.997500119056, -23.62432507111268, -126.68694290283167, 26.353408125758424, -48.440401960265845, -15.914558914775773, -130.51105540733653, 106.13476853493846, -31.538172252378374, -78.17296789985078, -43.21237852418903, -2.295165472563523, 55.74164949375052, 84.34525135131709, -175.28995122017656, -39.880715824010835, -41.372626303035375, 14.765528320071098, 47.77979660845912, -61.738861253637864, -20.97865059456739, -222.14702711260244, 104.99852879239002, -51.69452574230844, -70.4028338335403, 0.19249152983902154, -72.6978781118903, 116.7055263068586, 68.84749433782358, 152.35206696990485, -82.90514414922205, 50.19778648673774, 70.49028197356485, -30.336531329321435, 46.36041824366125, -54.4792004540899, -17.025606271514118, -49.893735257584034, -79.41087521841582, -3.729660366907852, 22.563965757580547, 127.6605142585355, -21.715212983388394, -40.13812272687403, 26.72235749007949, 33.787880196351345, -13.16337926640046, -26.063794976221, -19.60443457739983, 78.63177279904554, 30.545578598302296, 107.86975088533762, 43.42098781172222, -65.82727166007805, -58.19237305358189, -52.776892040504286, 125.71096880347203, 100.98487317642729, -40.58728126950405, -21.513613641933762, -68.99005230840235, -86.14210526863073, 82.88006187977328, -57.501394948172454, -54.2496476343053, -11.255747643439946, 107.56499237762752, 50.303711561171134, -97.55615929540642, -3.880946158654206, -96.4828895108302, 54.607446429001044, -28.69069626152291, 15.039552786287675, 18.157623416467157, 68.24350868108557, -82.20753611400072, -104.29454879033786, -25.176657788766107, 75.78109603955694, 149.76270042074526, 65.85791353055562, -36.219561652807215, -94.80752546416109, 12.176612400725492, 23.040598454418234, -37.49768771686312, 19.663181447920746, -181.3985662777349], [-23.80460671131592, -41.77107657913841, 18.569035861932797, 37.16892948737083, -47.203667668777, -99.93527059834068, 6.636844732063599, 711.7194321546818, -129.75680924862394, 79.5860912808919, -35.3462078819713, -52.09703776080824, -85.69195076644996, 17.98475651266404, -119.4940739696233, -29.822055116197635, -151.17727167527767, -45.934679063039674, -45.44594368838227, -21.911746500829228, 0.24668256861863638, 59.58462871923736, -4.926436586170747, 4.489712198254853, -11.793762816948668, -32.65349555482848, 44.66394478132297, -21.579031071014157, -162.40201828877463, 19.922348995057302, 30.609997688943572, -65.78888774259542, 107.83513736663947, 23.145242904495337, 45.76444601131031, 154.42731385666158, -31.86476077839383, 29.00968201866436, 10.981297434408656, -16.412290587294066, -52.8235365508043, -135.7282630345048, -80.43755822517139, 56.17672228152492, -87.6359006268787, -14.085468907482355, -85.86741846557767, 17.656120198989008, 190.30619586504503, -74.79483913074485, 48.0500142270554, -97.25138642227051, -12.899446111047624, 7.345805641406882, -5.572669799319429, -39.2538613535284, -59.612655946278494, 33.075239372710236, 106.07130453172238, -24.425818163128397, 25.94740564224719, 61.475299108500344, -7.517517261922472, 7.766229802310667, 54.077378624127896, -42.535320641759874, 48.96084517392781, 47.690299926323235, 72.18932635187569, -145.56001562893354, -124.86044764854428, 4.171671419969436, 24.186121690822652, 17.533297130019605, 62.92755936364256, 113.92215925389705, -83.34519488854102, 151.58026123329307, 30.553353655305905, -27.35680237384419, 116.92354491966553, -65.95517454988725, 44.82267618416987, 30.055006912397083, -36.219833618120866, 58.14950951183314, 11.179549894664612, 24.861916338839023, 115.1200861739723, -41.636469792891404, 15.589386867203542, 62.3326395119982, 30.540166899652643, -8.146576249881292, 40.02207079335122, 37.50403886709248, -57.74632541678007, -39.578126195289215, -65.01790070537544, 115.92553715518909], [-14.100935086504249, 45.098738942760235, 30.682354041096662, -2.8709425902062966, 47.545832566521895, -98.46975866499875, -69.30465244518888, -129.75680924862394, 865.8216728736872, -118.07179095414162, -27.44525053571563, -89.00558042308974, -16.29378454023268, 18.83628156928246, 29.20499644886519, 51.87842040349075, 12.890324273882158, 71.70845394283074, 102.21288248550661, -29.085961594169365, 24.174675946580987, -15.078549238521823, 62.57578312255373, 22.844222622285894, 81.03322367924002, -22.386253570378248, 122.50500505359605, 137.25243979296806, 31.096750644203983, -94.23811333968813, 96.32621570161272, 52.790974413269225, -124.02068962724759, -3.4254787169808902, -45.708638799619436, 75.00290088698122, -30.95070228436613, -18.939042510908692, -61.63019120818363, 56.67900516412122, -45.343988240361504, 16.94094968911585, 99.13822256496441, -6.304612799116927, 31.135795043472477, -45.13281891876099, -47.03465049198439, 124.27295638321417, -39.93917833276147, 65.43873639074242, 17.32364656225584, -66.87924496826518, 83.34994861429423, -7.001672851872324, -22.876575960085518, -2.27247353586057, 71.0261839074714, -12.94687963624223, 53.01300730749761, -21.293249038822577, 45.48942641047657, -29.56604874711069, -27.881596030663268, -3.5025006114949138, 32.31003910010329, -6.256328379656219, 30.443652576145702, -17.414492956204832, -76.5559263863187, 59.03026820481202, 90.2045561207642, -85.49970109879068, -28.47540266823596, 17.247628715763362, -13.998993034514314, -32.69491597057191, -31.10621328381602, -14.765813665476935, -78.8615491171523, 37.86051621542259, -7.176048425640135, -73.06139729807241, -36.210869367068405, -9.524599523021024, 109.09646792938993, 28.39740236284337, -47.13260964150662, -3.3123423342559537, 10.543424067709125, -210.00608750944622, -97.2895627800214, -153.0643937807255, 40.18209906502301, 38.44617808989635, -93.09769614856512, -19.763232824020918, 14.679146505684663, 39.487582319958314, 3.959460810118865, -57.57247917035182], [35.71691680803159, 89.68760925392384, 17.734861156775523, 85.1015451827778, 105.97043651395434, 4.686213690669606, -0.4640896852548132, 79.5860912808919, -118.07179095414162, 999.5224304055536, 54.52497475913546, 22.864402617304695, 30.72842341734284, -105.40348003374899, 58.94361679697062, -108.13273902354504, -23.22445734103918, 36.39954718602082, -65.3627834082636, -51.98123853016721, 11.256636921539272, -165.1518181145149, -50.63427309596351, 25.435872206113764, -13.476003048528192, -40.665979070487495, -87.29971180853555, 70.45750902922313, 47.01967902351844, 125.35051615229963, 20.685743831432184, -20.975873324508544, -3.4537763320610697, -24.459803278702083, 78.84398386477311, -53.24359065396312, 32.02752244888915, -11.708718983386971, -108.31285494484511, 94.33050515939158, -60.180313015691844, 41.15772334547977, 74.20114941952077, 99.1362981960208, -109.76332956159695, -153.52669141184012, 170.66772971255247, 142.8910211414714, 108.77050419977937, 18.402971353927207, -8.35670146111859, 92.46349998456402, -44.87093842179963, 62.781082308250724, 129.28029539961, 85.77073430834913, -44.455270009978605, 10.603593319425048, 49.453870250129974, 98.29805303748525, -199.3333648477062, -27.92689916551408, 88.0372060599006, -48.27837095557303, 76.93293473485551, -48.975794033405364, -125.79588414360987, -22.125793755279755, 50.48775946289074, -54.64710042771467, 36.09147232980606, 127.00738296237661, 55.53755056641063, 44.534018481126516, -29.038219117311787, 96.58071428684688, 166.4061768922925, -107.44980019773854, -3.2553857415499374, 12.397308787686708, 111.79389790055369, -0.22974253345287005, -57.873133495169874, -73.64714788084602, -141.71693013815488, -17.104918433399366, 113.69130573655215, -12.79412833528711, -9.239883381316892, -21.43048688323267, -176.52892083632815, -10.231423670573628, -13.995301453668407, 103.29714404616011, -52.736699732187, 17.99271794489721, -7.2011683038766865, 12.75603274940208, -75.86062709078941, -34.64732129757543], [72.35698575169725, 61.99648046520992, -110.42486726863883, 124.7772725098534, 115.36732642631874, 15.731980891657143, -77.12180506045925, -35.3462078819713, -27.44525053571563, 54.52497475913546, 805.6582412024252, -42.49874718953457, 29.490859805090285, 30.395145874857224, 19.483812006685493, -55.54974404480868, -33.99539686969136, 52.637226008037096, -86.96260966609611, 25.107396658207474, 198.0683669672087, 131.07070106742174, -4.638739858252991, -155.60375589940398, 50.56444608019749, -100.14427561455891, -58.942841895550664, -95.15738930645504, 23.83466234587495, 28.52290191914264, 21.187188400278856, -11.40142420911984, 151.83635267857733, 153.21417307032792, -16.859629144012445, -22.037638342332393, -77.63565056700193, 75.32683065694046, -15.66671051123261, -52.25554677724655, -24.165462994698807, 21.89461442209878, -1.8861323106607004, 4.841836783685705, -29.650385487123497, 56.131682121151115, -76.80669905050618, -73.62299251061485, -158.04938309282008, -73.34381012930588, 72.24180695921196, -27.976146503271476, 119.18424264033295, 215.18907025496225, 44.408090077883635, -133.77326459195993, 155.35610016391436, -38.56489159942002, 130.3095513903984, 23.504320235345965, -88.9602773984288, -88.89439955267498, 37.18455267214537, 4.797282879363937, -61.61600316805987, -65.06584827417433, 24.833782775374335, -163.4983793174375, 27.377269508977523, -40.418845566532426, 133.55399588382906, 56.00323427271674, -43.07728236478904, 99.76161215105063, 61.4393718700568, 135.4678921325718, 1.4042273128938263, -5.7706498881011825, 75.63649254732061, 37.10926744812135, -77.62693177629488, 22.591903622662556, 104.99178259586958, -141.50252690581215, -131.36405319849445, -91.60823531295314, -66.77941835366954, 44.22689629673625, -12.430963707572303, 125.33370323695245, 46.37062294884952, 73.69316463330634, 106.19529404777067, -143.6468762774416, -138.82377924294576, -70.86898394867258, -51.00068672186466, -34.816432605028815, 34.01034084847142, -10.314590065127762], [-11.298544760349108, -11.579486097110827, 43.20153145096217, -106.43363216957815, 46.907317979768926, -1.0114545788593483, -24.997500119056, -52.09703776080824, -89.00558042308974, 22.864402617304695, -42.49874718953457, 801.0437327483659, -15.167424162140316, -48.57644397159794, 155.35693284259108, 86.25429139312502, -88.50083827963738, 48.9029978324167, 25.919752858199775, -123.14658988427107, -79.3288162089372, 90.57228166167673, 61.21933581022703, 69.78372234802536, -14.342579770597384, 52.78739758035021, 108.33525252243577, -4.881106666696798, 80.8386211236145, 46.11650155490373, -1.1083798073073536, -135.47145893231024, 75.84992646841783, 42.02434477095584, 101.69022422581442, -158.84216601830397, -42.58743632426976, -1.9936522405474486, -15.34258471322151, 84.54944571358413, 10.56803576522553, -185.51843316641921, -26.10471057811326, 86.43866131341305, 19.930594471380328, -74.9652559910563, -4.618117705741733, 93.09030592031365, 10.385680405984456, 71.4054873942536, 1.9760098920812779, -38.07767106702279, -219.9625213260294, -18.98732232816109, -43.49313082628267, -79.04027389870949, -13.977289003191135, 55.46594910905942, 107.37688252216532, 132.5806077327147, 12.015647981279965, -74.28982551910903, -3.2402807476612145, -68.19181096481012, 65.36596996686987, -122.17801588412188, 64.600336689706, -37.942277268239046, 9.6456346668359, -86.99045198131138, 19.144211292742494, 21.674968222348216, 25.713769614204903, -50.51423376351006, -79.45476473881067, -8.407340206074787, -39.95067524187467, -36.65464451204934, 89.52187161004495, 56.68137344430942, -164.82742981246713, 28.104481326446532, 36.87279092903099, 9.981262136330038, 31.59553508916121, 29.28439387895123, -98.29723601139268, -56.59597221594571, 148.22744526137265, -24.891694553672433, -101.53604821374333, 27.775377476241665, 154.89681970840738, -64.28941234386949, 45.061380464947675, -1.534048017789824, 91.53846744510919, -69.778205152431, 177.9051063359911, -40.773547342446136], [8.103432685317603, -86.20623927696775, 69.5990785974828, 46.129109593771915, 106.53624239258855, -49.62199148808042, -23.62432507111268, -85.69195076644996, -16.29378454023268, 30.72842341734284, 29.490859805090285, -15.167424162140316, 707.9633256204311, -2.0090189649916144, 110.1143847398744, 137.76716126765731, 82.23178193605044, 106.11161348971949, 7.548366429944206, 13.121001776317923, -22.38611461279503, 35.35133532776411, -82.44741364321494, 85.7942799518143, 96.94759396222864, 54.083369566618764, 23.482548367058474, -40.36897125265056, 44.36120420886927, -1.5552456066021358, -98.80333208735016, 127.27134241405484, 45.537250471202334, -64.92701966820063, -1.6747259114768027, -30.756452919649586, 22.784253238034346, -19.604819651250686, 35.89181580498562, 103.6344721371095, -6.247080469916454, -49.15090885177031, -84.38745815530211, 0.22130642567345318, -128.08099799909343, -3.531804122853837, 137.68970306821356, -36.22263101316465, -194.47353891571635, 32.22453650140315, -2.6503883898436063, -4.1514288376646356, 32.63129377059404, 94.63653820056085, 135.5770330193048, 42.265040724634815, 73.37711665260923, -33.615605022839816, 41.15919188807441, 52.19596469300084, -21.53091814435719, -72.96620850835423, 6.866004135585087, 73.85298358743468, 21.515003456772355, -17.3172339094662, 54.46737516690701, -30.170126203109305, 8.821221537719152, -148.70928459487672, -173.87668352219202, 16.272936040547947, 57.81907496313003, 17.470560213289918, -21.83224337811494, 60.10059988597145, 75.20742223068532, -84.98227968152202, -44.741635713152796, -83.66357154483572, -8.581282218740752, -41.58793873153229, -47.361111378060755, 40.486239208320676, 13.875920937365912, -11.473293485262202, 26.6217519937133, 29.953704436298544, 24.992084836092502, 29.125310965453103, 120.0235636382434, 23.608726248474774, 2.6255762433022913, 13.670403254541434, -65.60088562017211, -25.11814660017244, -72.90811201658285, 60.33016307319435, -83.13133531820179, 21.895939767893164], [-37.30166301915467, -13.321286825598689, -55.28579802158315, -93.53533587062158, -63.95098988285016, -8.509803087842625, -126.68694290283167, 17.98475651266404, 18.83628156928246, -105.40348003374899, 30.395145874857224, -48.57644397159794, -2.0090189649916144, 756.3171104755982, -32.66882590226765, 82.72635857456734, 62.588810225733795, 92.14749370851236, -103.95025267071192, 21.76349023113846, -85.97626580337726, -137.53812428626014, 198.49306880531904, 24.77841920204037, 0.1442455482147453, -56.379339137527516, 27.05690568246012, -13.905032999139115, -45.64203099670903, 90.06480673717094, 59.10053648692661, -29.90863967570304, 48.22848526161628, -65.31501994618004, -125.27324344012541, 74.49600113001107, 15.970441983384351, 52.086833838290374, -19.26082902306534, -2.2615931589771523, 15.117255888835485, 57.15766303759478, -127.44141481105365, -91.48729788136319, 116.05030176443304, -19.38645621534564, -78.60226254456066, 73.14206952091163, 82.07165975987657, 4.224327331274582, -39.61067401608732, -11.373901349378775, -43.14112760590143, -86.0184531226741, 65.20982572378752, -123.1375157332898, -80.98105081410618, -52.49086436083252, 31.739942139021608, -83.768069547329, 55.1799831043152, 20.988884401857963, -28.296882216052893, 22.368763455213852, -12.148466439924954, 133.32389120064116, -36.21283254489487, 117.52130222896305, 26.114596457649306, -40.747888074768376, 4.0903331049901555, -122.15925445609984, -64.41539334197704, 90.96093519921021, 93.41023414977609, 119.59042076363508, -108.18520311858957, 22.67998559977907, -27.676151130139722, 77.68772486403198, -69.75272181640786, 19.893104585886228, 6.970199023614311, 22.853004107665853, 28.182771863673842, -42.42835260876057, -97.4495248787876, -19.402899359202095, 83.01404458298795, -22.560862757797658, -44.15463712825421, 162.8303668492481, -60.7996050875641, 6.076138773007343, -44.813985078026505, -5.4701348126542495, -55.609317702784224, -31.25899844101907, -69.51699689412897, 48.61088769447272], [10.694153513513715, 70.43533978029421, -18.474210897409733, -26.81452314458598, 144.76074814337514, 71.76515212626177, 26.353408125758424, -119.4940739696233, 29.20499644886519, 58.94361679697062, 19.483812006685493, 155.35693284259108, 110.1143847398744, -32.66882590226765, 764.2450291009742, -36.61951198597592, -84.39440743463024, -85.93975715473152, -124.42320518196573, 54.77927835810948, -32.60043206918147, 73.27543843217789, 92.29604323599699, -55.995397029135376, 100.96178966225408, 61.78851661056819, 143.2767930974314, 82.90230514791001, 60.4141393622991, -38.75049526067422, 56.574313032837594, 28.273766498249056, 54.630578701754246, -149.81259597986357, 118.72778045362821, 83.57380191115196, -42.46309155373897, -105.06029067878609, -12.666160834110704, 62.29855478705945, -97.76817756528018, -50.048123869739015, 124.07846697463641, 99.36645207856013, -93.13126640918634, -102.34403468238044, 44.94752078479878, -97.95998974159912, -78.29418951675626, 112.68599257050835, 52.311591846186836, 10.886473510728324, -25.79382007081378, 44.843921519047406, 79.07470096453896, 74.20554309659865, -28.760360492028397, -40.17487016280808, 149.2896822643149, 183.48597433528525, -62.19045427212505, -130.52173125343214, -132.6662636700252, 19.69663220769572, 11.645281504913614, 15.832162981668468, 175.29575804299168, 30.93651078957974, 12.953351014505532, -63.64195167000769, -58.15341515902277, -91.86738905593678, -16.214597757004285, 14.743274065215957, -79.23067668445181, 73.39306767929843, -38.05026052731063, 11.237744943283381, 24.04618993723121, -35.72256791023878, -127.27169939589987, 28.5246532547951, 60.1066954302307, 17.89270251176297, -19.004342492829103, 122.16213109179645, 69.08156911129896, -108.61590218781319, 14.637503063323955, 20.869932620381267, 4.8878398105828875, -39.94508124921248, -3.625260087455863, -49.681653746349454, -133.4664002012895, 16.8111374301164, 100.36346796412298, 22.06388376345376, 47.48516578426537, 106.26572940033795], [41.22256212900755, -43.99238874248795, -0.7758153386366441, 82.78835424494454, 146.61333998098834, 3.3146387987526715, -48.440401960265845, -29.822055116197635, 51.87842040349075, -108.13273902354504, -55.54974404480868, 86.25429139312502, 137.76716126765731, 82.72635857456734, -36.61951198597592, 741.0453935358858, -42.00122710492618, -91.30953028482462, -58.72497474684823, -99.45852695474065, -157.76028110190813, -51.035277851858126, 4.348039142518948, -42.416059786593756, 44.22266589531974, -33.849296888679234, 30.991089905370007, -38.953012254543275, -37.638335615761775, 43.332356257379544, 7.090398205770041, 71.33119351677567, 62.72471180967847, -8.564388206197943, 13.88567396204239, 13.926143195164364, 86.45639958540801, -21.39378566556461, 19.8719170727684, 21.58027815235065, 118.0021456558024, -16.73768528720567, 25.422890829208125, 81.29103937604653, -22.024757548742834, 21.38849968283123, 64.96867991600182, 37.6300317916636, 110.62249857356481, -28.550463299863978, 8.35757966224413, 26.267388940367987, -53.50703247362719, -75.5344019879214, 6.3152703174149725, -74.93705137933014, 158.07510858413838, 100.71753645834069, 79.04247834394734, -5.869784286067335, 74.33513143979052, 70.2074995712097, -14.439874787045264, -79.43823758204626, -81.21234567286665, 48.17768411294113, -2.3970231769372896, -25.97378340409269, 41.86307493397021, -18.197018772328256, -75.44133750200456, 14.352802685671557, 89.84994777465923, -58.939897044906125, -51.09443215320687, -60.54975374063474, -78.5793540102405, -41.25311764590684, 44.40242367788037, 17.0883538222534, -95.68131996618392, -182.45532429760354, 102.0991818664264, 48.952636948719054, -7.521086897421615, 34.11322785507358, 6.294417624812913, -165.9367002621181, 99.25229642112294, -0.4348018690484485, 63.7882296251461, -31.29002115674745, 31.3292188074533, 32.63977268241352, 37.49000783866522, -29.683263650989364, -53.13676801004927, -9.45520807634079, 74.61559791167784, 22.22484383863545], [-64.10832027856613, 163.0395131508439, 7.088554818831264, -4.5361343533647585, -132.98618427614718, 60.8655140194769, -15.914558914775773, -151.17727167527767, 12.890324273882158, -23.22445734103918, -33.99539686969136, -88.50083827963738, 82.23178193605044, 62.588810225733795, -84.39440743463024, -42.00122710492618, 967.6934263131351, 125.37503244651685, 2.157637374289044, 71.48589943412725, -135.88855110150712, -119.44067392029153, 35.939846320033425, 52.425685046983126, -20.231384584005806, 18.050477770655192, -99.70330473439107, -61.64642971342442, 85.645476497159, -1.6372797778872776, 19.68760620267466, -48.23621918998305, -67.2160993203206, -178.9161204817098, -92.88872510693598, 93.48386851007592, 82.94888318380612, 53.09614819224074, 15.903372801982627, 73.99737459080761, -117.25597409643586, -56.21636639193929, 8.116172794830984, -149.47829915087755, -27.02930232901639, 90.13825023963307, 4.650116191876269, -7.072785223803954, 45.45860136717547, 20.67959053440547, 44.56771837914203, 43.185738063783496, -38.44045216814041, 128.20626997993733, -9.14929428143491, -130.501635832881, -74.47865004874704, 81.95168425271444, 23.795151295888388, 76.52752765916215, 43.35082841085636, -122.53346824671236, 28.16256263841884, 60.496288269659, 45.02938645738637, -139.0099112831901, -171.6991346927574, 91.00236545114016, -30.317690806712452, 44.25584658230256, 62.91477193743454, 36.88157812897288, 7.100665737294805, 88.8783731024909, 93.86513166466999, -3.3776227009012194, 15.564123433977635, -122.83979078281958, -41.665910749222554, -181.58784793707, 155.89131271146508, 103.61308967957052, -1.1090509351436262, 95.54327589674797, -27.025062199031066, -73.20504479777249, -64.88333209359574, 81.93527082014766, -89.42803204713266, 68.07940842290789, 122.84232358278894, -53.64478706034943, 18.672007005040573, -40.28468395624343, 36.593162468345206, -130.6567207754714, 13.332782563778236, 98.18622378071036, 16.61320126488194, -56.51787068266703], [-29.155865368429406, -64.19678401854775, 80.58312412354343, 68.15915195962727, -64.98410821086591, -60.68938513389104, -130.51105540733653, -45.934679063039674, 71.70845394283074, 36.39954718602082, 52.637226008037096, 48.9029978324167, 106.11161348971949, 92.14749370851236, -85.93975715473152, -91.30953028482462, 125.37503244651685, 855.646767878827, -41.11302395171244, -50.718869904290656, 67.94624582738597, -39.048399174476515, 101.29697627556985, 77.00140817656289, -5.831527693977174, -6.5403462769753204, -76.35794489762345, -111.49929936197456, 128.96200133542533, -61.631219290460606, -68.3705512334624, 8.742425562922596, 21.144785694366757, 42.833925291277005, -124.30048940431757, 109.59673007159859, 101.96750586198561, 36.90521373484947, -15.077905406096438, 63.5392527137981, -92.10084792283018, 21.112598661079915, 40.35133325743393, -98.34194516210417, 64.12921651938291, -136.60338163073644, -45.48158002822636, 105.50290880557117, -23.774584024383664, 16.288609142242386, -24.106392656579995, -42.22059271267192, 121.29572130608514, 200.29822270139647, 102.90427694487002, -50.34543378243356, 45.40860804799536, -57.172755027374365, -59.48640514062767, -56.3575967888857, 4.634655785110432, 84.88105509833707, 137.40789774964955, 17.15860074043555, 43.43254103858979, -28.37893467911189, 14.167580014720674, 33.98276616299607, -32.934153080840645, -6.009561940124966, 12.239433316874992, 20.80868287386729, 45.14658939437206, -31.192296248493275, 14.706148829061348, 148.64363632648053, 64.82604830685992, -55.015818076444546, 37.90355344331926, -0.12912762589561746, 8.143254690132881, -14.332078819657601, -82.63236223276186, -74.87863649805571, 90.64010921743507, -56.61390581358717, 36.29465990438653, 9.356637249015316, 31.825163347083258, -62.51541269331824, 17.553812090604183, -14.927117580867481, -72.21674043512371, 25.35445545504529, -69.19354217123778, -84.66719435069407, -19.81528519248352, -160.39028104307965, 49.719094601468164, 27.52875483498656], [-22.16348115577169, -13.32941837319282, 33.49802135202891, -161.13845120834378, 2.400808691876406, 19.35700658940001, 106.13476853493846, -45.44594368838227, 102.21288248550661, -65.3627834082636, -86.96260966609611, 25.919752858199775, 7.548366429944206, -103.95025267071192, -124.42320518196573, -58.72497474684823, 2.157637374289044, -41.11302395171244, 838.4244363154925, -5.637354028869137, -34.35122201797563, 79.08673744374956, 20.001393196608433, 84.63232380920637, -204.5246763500937, 167.43846910015267, -82.29006499693818, -2.35821335726142, 35.93819341902761, -40.96875426661344, 20.30142958067819, 100.20727242201545, -96.85208739894517, 17.625228233443742, 38.337684505572625, 112.18794167338964, -12.59293783055997, 12.5512102358278, 22.965778237186377, 26.706084541710606, -19.3584518111257, -73.49472561603068, -140.61652765649566, -61.42887058027606, 152.38338027041826, 42.76470165374844, -93.81094943383064, -48.89140723020265, -239.32274366766876, -68.71794660430008, -23.462901564681285, -95.25600545938867, -7.141121781103867, -118.76755922931665, 16.720292665946264, 24.424366171185596, 188.53240419450532, 32.94928414138369, -73.61122152687864, 89.23435267269764, -12.940963848605268, -50.68965563355023, -31.161362843004277, 33.356351417152254, 25.365506172220673, -42.1543388332724, 30.616953206644876, -4.855881708524228, -21.554323328146477, 26.479349240086812, 16.85245911169952, -40.786418660611176, 52.79937924231608, 32.573815236008926, -26.08220431192858, -109.92708988742496, 80.39991071640499, 73.91592621048481, -60.095583305531534, -54.20656426129096, 0.7518025957805464, 72.72725014924453, -103.80514915376406, 43.09124420505686, 92.56626418627278, -47.15444451723226, -70.8090787849914, 46.21388113247644, -10.56954843044461, -51.25772868855978, 5.690048493095131, 116.7845772924267, 76.26277268651864, -83.18622462521743, -15.126971530598802, 43.8863872209626, 56.065276665178764, 110.46843345091553, -34.74530656269302, -22.63474758363642], [-156.30059116692973, -6.9165785299646005, -95.63124098590211, 119.3958698161607, -57.86254184435757, 137.2054247084731, -31.538172252378374, -21.911746500829228, -29.085961594169365, -51.98123853016721, 25.107396658207474, -123.14658988427107, 13.121001776317923, 21.76349023113846, 54.77927835810948, -99.45852695474065, 71.48589943412725, -50.718869904290656, -5.637354028869137, 922.7589045947029, 63.56633488082276, 47.31926000828357, -90.8382984551499, -60.30902533150341, 121.67646219860904, -83.93474120895624, 16.133708994212025, 131.53536768106804, -67.59747213392544, -108.19244641263981, 10.106349277235529, -179.09550842856063, 59.88609243491449, 1.7170224346593508, 106.91883763535873, 31.883625572367716, 63.656789581330536, -60.78122601347851, -39.71643307002699, -100.66986750719066, 97.89726229905668, -13.793741053248276, 57.05696671253165, 10.44340650885258, -53.94562901194632, 28.262730417306525, 46.523960340565154, -38.82947604297458, 41.20423800242984, 49.56543001476634, 69.69701150376349, 39.986142427633425, 180.37249352852652, 115.8925018383535, -45.28422962590557, 21.284464954476423, -71.93527500869808, -15.736973832315362, -76.99278985338393, -16.389180458517863, -21.704579324572805, 34.35030470885795, 121.76811377331249, 36.101419449456216, -51.22159803438839, 15.76288727773737, 179.6866576463682, -35.82424509654951, 28.456990533681612, 65.91138601543942, 22.740931819712596, 50.61408838137727, -7.622849463321549, -98.21897056212981, 17.148414669211505, 54.491992475421156, 31.359616699635808, -38.11696735911379, 5.142123423409358, -149.78839728656658, 191.0627760431179, -157.69282770986786, 48.159119955315866, 27.342659201175827, -33.648871156141, 170.28703131229727, -202.60287303077135, 117.89174985764406, -73.90450508168945, -32.49919709354955, -114.59689260192816, 1.3937430844062049, -64.10909375468384, 41.344613597359, -37.10159957621503, 85.13419001042888, -9.587686598139383, 152.02860610027514, 68.14564913230507, 48.633935778593354], [-92.49814422082108, 113.08054991292686, 54.775414418029534, 26.301655937437527, -0.6125096855692185, -67.10413330104502, -78.17296789985078, 0.24668256861863638, 24.174675946580987, 11.256636921539272, 198.0683669672087, -79.3288162089372, -22.38611461279503, -85.9762