{"N": 100, "M": 9, "A": [[[827.0757767792044, 171.5982358517641, 28.47933664668973, -84.49519778953294, 52.837290606374225, -12.689049861697299, -10.305910211119409, 64.85581846831101, -114.6548067707166, -4.183913363367626, 45.71994866115776, -82.4178309724153, -56.00368607146479, -31.06537277625964, -83.44251719909856, 96.22074466057155, -14.345945284818711, -103.91574847754279, 10.774629401346427, 97.29538668900148, -61.05033572216848, 137.0452277925103, -197.06269029131886, -36.699657092966376, -110.59509994496199, -1.0820803922561968, -18.25367697469418, 13.865909434227524, -10.055589648708695, 143.68407450230987, 26.168916174931613, 51.2649932384805, 34.0415697181039, -2.767668483812645, -115.58469148521543, 13.411284560674119, 149.5614971762304, -87.17160601202755, -81.04685939432473, -18.577612806717177, -99.36298758135925, 22.32421693797644, -5.047498504203213, 26.276554982059356, 40.556490476592465, 7.909479410345498, -94.70340054081272, -4.706264697765933, -17.513482522095334, 26.87093890459384, -4.618002394395654, -6.129751368138514, 44.786533370476164, 145.34083808081678, 55.511007817844394, -65.15223600601152, 74.77652774796813, -95.6794687950228, 137.39858298639493, -123.54101654864226, -19.71792321106152, -41.07307834025965, 23.919561211409825, -101.0488044469659, -76.37751371146746, -66.72572373465096, 5.182745920136961, 186.40736098414195, -40.266554155956456, 116.34003412808933, 16.510637173161943, 13.098764339318901, -33.77949494388824, -77.57790178877272, 45.10001714409482, 21.92115401140772, 91.1405979219697, 78.36797424427363, -12.347199955417079, -81.12787860050568, -14.1608417134283, 69.66552264737989, -10.774047816300099, -104.91871610793328, 21.92833589890635, 20.81050638512061, -93.20876439627291, 51.35148955013467, -4.623993448208014, -52.706398664310974, 22.206969233064015, 26.340055293230613, 127.18232089895059, -26.73517864055721, 175.9897287396867, -26.04246990545388, -43.40999029106112, -75.16217713774427, 26.254747822476613, -10.262959047920681], [171.5982358517641, 972.1829164818555, -58.93314895754162, -15.954913075427111, -26.520196224358656, -130.2085756371656, 50.93853311958856, -37.95966261062976, 25.264156675052178, -122.95303668161118, -64.06522664652269, -30.84349042360162, -53.0011263471372, -65.52674818976413, 32.39694486018065, -118.99340697414922, 10.699237815086322, -118.2501310217674, -43.01438331597058, 283.357009728, -106.94497737983203, 100.11043427242906, -5.500587901267382, -69.07882108533933, 35.24768942901608, -78.5262372552866, -41.43469767483684, -90.0261127570436, 16.5686259852227, -36.85591623210635, -29.541463592144243, 50.17202448409628, 165.01121829221012, 23.6874165366207, 7.847725527250744, 229.61468229087097, 126.30886557581927, -80.69974928873805, -98.38219096679684, -43.611865189898474, 28.297424091890637, 94.02026615399726, 65.58057639325132, 52.58621442431394, -4.511062796557345, 45.716986880307516, -41.12067785339412, -42.40864972554923, -103.25691584945945, 4.894718110586458, 72.26236748274373, -91.34457342264378, 94.16626084186215, -102.92956823101686, 19.23629643723729, 17.841336303953128, 22.50646987381789, 135.63606227207478, -94.01767675097445, 36.93420406444322, -27.273872517326314, 58.24862505605555, 30.10736120419133, -43.91416126373531, -47.44449781071077, 17.25765475659484, 6.758172416679244, 15.85405511468191, -23.29528661451181, 141.35057935985773, 125.50005577756485, -179.9228366506594, -34.6118369717644, 111.42490727541113, -96.95022392995858, 5.577768649350493, -28.174877481377838, 17.850844022364985, -52.09118726939109, 122.67946439611252, 66.75582513569148, 123.09272414137395, 40.771969551816234, -121.3201394795966, 61.63710053280461, -45.28502120630629, 82.1787157857277, -36.56152685821733, -164.28582606001714, -125.51130383184893, -17.86240830469843, -13.611975138378991, -76.55338243222297, -55.165767681178984, -25.428737196931234, -95.16703139981004, 31.306912957230242, -76.92326311913325, 53.632397148847076, -11.158468279574105], [28.47933664668973, -58.93314895754162, 1184.465200436542, -22.16977686770018, -18.147637141486072, 66.18312069948503, -44.06456523769608, 43.860476800885095, -20.488860749625537, 56.18910581878079, -37.3668665989616, 61.28604520210574, 127.47857811422634, 94.1733774453656, 53.72874974380752, -175.89089232661206, -29.387409308461105, 4.872403803914076, -179.23369346643224, -9.88042474613341, -250.38246043387608, 73.75481102695393, -143.68366807889493, 120.08874240870671, -124.64133023769871, 30.6552584023516, 73.89418865506045, 86.18525994571027, -97.12909948413773, -46.92106009524674, 40.29769648131763, 68.349176370694, 62.169783981421865, -26.56129338235058, 113.916729701019, -1.9131203357829043, 29.326573728766704, -16.487418748583124, 47.054466138950154, 126.99477595686638, -71.09998708704663, 151.52815975044672, 123.43117813374641, -113.44976417511718, 27.327093386577392, 41.28120991688004, 76.78293478349019, 89.14666382774348, -242.75133723913564, 12.51632459553266, -33.22355961517487, 162.36538533283493, 30.74298973609423, 107.45950318531948, 52.6515132769598, -43.28539933767593, -44.42868373832804, -19.665238223040674, 145.79373863204017, 72.93636682702855, -61.71471868667727, -64.12347987556544, -44.5949512553483, 112.64404710305679, -52.71815446588563, 27.52283829066659, 7.070601197833011, -37.40869092977758, -51.235833101845905, 49.08398233419275, -62.614666598290896, 96.36761750089804, 1.2071265282504462, 79.05116234948075, -52.573778868373154, -61.5345181308685, 89.57132430104222, 153.13254983763775, -83.96084058258678, 182.88854401038037, 18.984771898655772, -64.58279377799862, 50.213271320129394, 70.2423808682537, 141.4318425211024, -115.46767363302243, 102.50729245896682, 2.8828975126848753, -11.227886872018246, -26.180777515779486, -19.641559722552575, 46.48764146164732, -56.86155366876366, 94.16667229502677, 35.84339132868762, 78.80911327040141, -83.21854736606625, 2.52662397011611, 6.762709429168778, 37.17051482274493], [-84.49519778953294, -15.954913075427111, -22.16977686770018, 795.6531270501064, 67.33460287300038, 124.12111163624414, -22.405282832138866, -6.8626614539985535, -27.182553807411647, 20.866194437005696, -59.20118045251145, -12.164608632041984, -120.31062925607337, -40.99950228642115, 136.68731618612946, 28.184903178311014, 25.04093090295211, 26.300005605502825, -97.88784846632717, 25.785936512286845, 73.85996203220816, 0.6477538746819079, -72.65933877056948, 12.575907904963703, 123.95281091348167, 113.71146712155297, -84.55420594728506, 32.05997537494119, -71.98139300717777, -54.60712714070207, 138.77288989685314, 113.69208649444529, -46.22732241048243, -111.12583089375637, 8.215634485071911, -57.60225549712642, -7.113446450104722, -33.78594775752655, -54.3669988725592, 156.19308193756422, -16.489947513620123, -104.79962238027696, -21.89367347569515, -124.44524463456305, -47.30562291756234, -12.215352009304631, 10.35250609400457, -26.932636583801113, 94.41439694185486, -7.0460252644205115, 11.916057646456016, 115.76045767770829, 15.666604087294138, -33.8662327679268, 17.70961014199731, 4.481275929666915, -112.77365624755062, 133.69150274916365, -12.702586105218698, -25.42280145133255, 1.261576753047664, -2.770923608422026, 9.684255199749524, -32.442735415639866, 54.39859178402419, -35.24803568898314, -109.75677655635333, -30.478542755291222, -70.92529530287985, -28.41671262035909, 9.752936217325159, -24.696587689408098, 79.7050285821066, 2.7376771746564272, 70.2374125032661, -41.21978176793775, 64.9659939822447, -81.9322218808947, 28.420004600787767, 41.268618298774996, -113.96158502827139, 93.33037131850506, 63.027194677746145, -39.49736039959064, 58.41745692829805, 1.8700077199175733, -12.987396414424557, 11.634958163432893, 15.763410352771416, -19.002723709285643, -104.71108453519335, -53.02366241365146, -71.5639235115972, 30.829528755831518, 3.035748774065371, -40.069293151978826, 86.3376694700144, 46.23212069555711, -66.5853467082319, -51.00497188214309], [52.837290606374225, -26.520196224358656, -18.147637141486072, 67.33460287300038, 816.2240081232279, 49.56503356914294, 87.63298988291857, 91.55254214165669, 42.76156654675007, -13.073901532319374, -122.75077993663835, 25.922443918322713, -108.3051767391269, 105.1199704621985, -28.207086347062706, -147.71330204144928, 104.50883676891654, -38.54772029948823, 90.04928461012499, 8.954593664547147, 88.78621747953822, 34.213992317872986, -70.96772080612226, 80.81760683859027, 223.5934183647998, 69.18829013843897, -112.56961970916167, -6.093271129947503, 45.89177396634696, -15.892514613770732, 3.2512994646238766, 40.60858322099963, -20.824336382452493, 26.70477237923631, -33.22041945161429, -42.84145082926149, 73.77456708640274, -17.486700731192332, 104.22370162294402, 95.70729543460297, -98.77364054065484, 27.295282499049208, -95.41494015808907, -79.02599456182008, 57.75499066739394, 131.77774562817723, 164.54565677220452, 98.98644611229481, -56.03086125147525, 55.09193958525836, -1.5458824576261203, 139.43895288803242, 15.802009332626966, 83.10116656906509, 223.10737682663196, 36.50410240793681, 145.93631672550046, -71.67546709441903, 48.22007723788958, 31.54187342152781, 46.587358209742106, 16.374096638856, 41.822723822255135, -98.77519681996405, 46.61608207166383, -5.270644457237126, 104.4431521199028, 137.13670640841084, 21.800730792034678, -95.36569237304428, -51.20926004448317, 6.448165279463305, 24.79150847076985, -17.59595193178746, -26.295418900187947, 86.44246733715208, 3.3057661211038525, -65.65663576900596, 46.27203701465513, -19.100751003137155, 42.568200369515985, 6.784645209497168, -35.50863449490996, -41.33037712875405, 90.09834758286758, 59.020019994523615, -60.149608353354175, 61.73843042707587, 17.6978651567754, 30.50933767438179, -177.37553552621836, 18.103944355308432, 30.532280382028155, 89.93092890962167, 6.830178957678421, 88.70442701082315, -21.161520755360723, 60.4840559022143, 22.247446392921475, -159.90284383821302], [-12.689049861697299, -130.2085756371656, 66.18312069948503, 124.12111163624414, 49.56503356914294, 868.3683787682546, 36.30315011496125, -101.84435881297107, -14.854925703230792, 76.4754442608565, 115.78119145901724, 46.68407925606728, -22.23338206955887, 65.43228054742082, -54.86129085744909, 8.631720404444808, -57.43013603636467, 126.94366120870467, -25.798925754060058, -3.344423546708772, -9.812941656736118, 31.021346485577784, -20.524759618865584, -73.91697006402849, -89.72527121682246, 56.3913491783416, 25.536742322557856, 64.01472233364835, 108.78694534557934, -39.43591065240726, -150.62586467997443, -6.307050013984582, 210.79396237554025, -163.7747780131692, -6.406850421908021, -13.307895775074975, -46.88347667364581, 48.22869247530989, -114.27950140549704, -21.196606354257955, -107.67727672331986, -77.97927114336825, -64.83992415178824, 31.36671383377914, 55.03782118014752, 44.164805997168905, 2.580704001714167, 50.73632627074918, 153.63103217237264, 9.082827834931189, 93.4824768867761, 59.970231947782516, -64.8529971426343, 107.59454889454345, 58.13709405973088, -206.1028492617522, -59.740599653769564, 61.04243446556469, 11.684617362387748, 25.956502148727424, -88.71318954740495, -60.867310142185644, 79.25480880143395, 87.1024296308534, -30.191150042370417, 20.76138781732595, 36.75911910166533, -61.949279443153145, -2.4636265712559218, -32.03013253888328, 8.257326108430393, 40.99489933348271, -40.89101527887602, 35.52411850483639, 125.51281760626442, -7.982095336387209, 24.29536424658271, 183.9212214745873, -18.73746941537929, 45.85125697386595, -96.51379167647286, 14.413381280439635, 109.82534847140823, -96.09098488183763, -13.126162250585276, 27.417769228146355, -24.827037250995243, 93.33852543118351, 122.72819044363953, -2.767672949787735, 40.22538332521546, -110.70162608250568, 92.76157367494076, 33.300145678913154, 26.937883511676603, 53.18371884864502, 135.05205157197716, -33.92101068003251, -18.810055407950916, -97.82532214756525], [-10.305910211119409, 50.93853311958856, -44.06456523769608, -22.405282832138866, 87.63298988291857, 36.30315011496125, 913.8254183749491, -25.621748821206747, 3.682831845228922, 54.51635120793741, -122.00916413177934, -12.119937257989937, -45.21782024491684, 230.61482110998847, 19.49773285951371, -16.750185479768266, -139.96156871625607, 5.191935231580647, -125.45653791747846, 32.39368310645838, 167.11823195842345, -4.413742416299264, -19.839465998545514, -6.314310635066283, 106.87456222063807, -96.87292344850484, -71.35302141215715, -54.679322423431174, -25.392673259845665, 59.240927109215, 169.3706540409882, -29.074916126012468, -18.909034636200634, -188.40768174353443, 81.7041602867327, 54.04043113935335, -4.736592050807828, 56.71370164688738, 44.23302525282035, -98.42988246564884, -110.78862787713497, -167.11398710122754, -98.56646709282015, 29.88315113942587, 105.3882059691882, 68.00995158488574, -99.92467700786794, -37.44590929973389, 135.6609926981972, 156.0534818488169, -10.776284262825099, 87.09337504252495, 102.1989815614488, -20.872206054692775, -43.237583644866874, 12.482569550103902, 106.19813710475147, -126.02765615420815, 104.74955167339859, -64.16353950315563, 77.8210853858023, 18.901093687748443, -111.62282659816412, -31.892510104405535, -73.70922843798493, -99.54859612774484, 74.89944217835334, -89.77170013566895, 33.644984383824195, 22.466295407763287, 133.86227423073015, 59.804219768073935, -22.01337358160176, -83.48202421249454, -0.22567060436960995, 113.88385930714024, 40.17733377212263, -118.31676872449523, -69.69731900612359, 46.749794869036236, -26.240668203056607, -16.09992569540362, -75.26647001989852, -80.48760101638578, 63.07091782896945, -74.50883049952054, -68.12011271582573, -63.0811066449724, -94.59280501453115, 27.62745287569797, 57.445576414185986, -38.91464679526038, -42.30905969328435, 47.50488456241788, -100.62991780551978, -79.61695844774198, 92.44377037569154, 55.77973184980142, 64.84276495012553, -68.35740848314347], [64.85581846831101, -37.95966261062976, 43.860476800885095, -6.8626614539985535, 91.55254214165669, -101.84435881297107, -25.621748821206747, 880.7634643358524, -93.53604619804113, -67.71566497890359, -70.51431967354124, -6.506509797346884, -21.590912253470393, -27.628312157549157, 53.739191399016825, 12.36657126861955, 54.289288430168526, 51.291648942305635, 98.28960165514688, -37.68020151487457, -0.593500214753103, 25.152010429430003, 30.47126746864271, 55.17041802227914, 2.0701215349092044, -20.51910039427866, 118.4646202794251, 19.585481430725064, -43.751470738516865, -24.74883052727579, 83.45246677926261, 50.066191999069474, -159.23079388784853, -10.363299167967108, -31.04870228645591, -22.929506453574454, 96.50867995512166, -91.22849673692676, 21.772713438944773, 97.69680701028035, -100.20606674337836, -36.4521518077887, 68.72381633458852, -8.787949335816256, 85.88518412043322, 40.39657421376887, -35.39076198233533, 84.39572295612635, 106.9598210300721, -134.50544112639795, -45.5475636905734, 69.77552510182264, -51.32537126642491, -50.29493893477902, 1.3276545614546, -23.446514457927908, 210.15091483462592, -41.363494984279654, -74.24147980744613, -19.079911011162682, 85.62708012542201, 0.5036358076599409, -12.925501717901051, -122.82029390413287, 84.7484478867325, -4.27675779271713, -40.21017603193146, 83.1844726595856, -34.744650993888, -107.36212585361655, -87.40076240899688, 30.105544442911743, 89.59200194817561, 40.3758663530381, -26.82535189932052, 61.96988017365518, 70.38183087262831, 68.74540888960516, 12.416162363232658, 116.95547408383587, -100.23805917007475, -43.19952810678662, 109.20300401775603, 93.68401249343361, -25.706595899212136, -29.440583415249478, 221.75539042454196, -33.171291805983515, -2.6820309069864763, 4.337624799418282, 38.83810803253194, 78.97936782730605, 38.69394698281941, 99.97170672594987, 71.59298958302587, -84.89417195309262, -48.295756017293364, 28.10321277523564, 86.46373084357619, -10.988704020897373], [-114.6548067707166, 25.264156675052178, -20.488860749625537, -27.182553807411647, 42.76156654675007, -14.854925703230792, 3.682831845228922, -93.53604619804113, 705.4857806091403, 31.597993990804916, 6.154027744020364, 35.77521681932147, 7.966818397864649, 53.25490767769621, 33.54641690016582, -11.81731543470566, 126.05460950966945, 0.19119197609589728, -11.85353426490557, 9.228915287714177, 13.258681223830264, 18.62227072395851, 85.21044052876405, -54.28329584462179, -28.19790115861701, -75.67256791090529, 14.208062188716063, -188.83889164450426, 2.068031842674884, -57.55692455267797, -127.64420944156959, 41.104934864391225, 57.157523300246375, 127.0407268655989, -88.80963862888476, 16.473138797094638, -101.5915838993758, -25.40188812617034, -113.5955927187377, 93.01551005336376, -2.4259176796730095, -29.968167958933176, -8.078438983843073, -12.499121007541758, -53.11385894726834, 28.21025957376616, 116.19714047405948, 35.800446396934625, 73.21348931879282, 6.254161372025263, -102.26643903242238, 32.07824392651054, 122.10040742280593, -38.99398863771064, -147.27411233601052, -137.19514060977514, 8.77986499709472, -88.53147804112402, 7.023452812050183, 83.89592710139434, -68.0006847461226, 20.62423175557137, -58.0801533195251, 25.655245982337266, -61.347843672573504, -58.20086063673974, 31.54241437427452, 35.30470761893351, -78.13113257733609, 0.8255717196280187, -0.13829177365618542, -8.36054435567876, -115.59449556179672, -163.8801641755385, -3.3401514854564303, 9.895816918746451, 77.65547763820754, -24.744672570043637, -57.18357954071514, 26.3557411519495, 112.40487066618218, 1.2678906680770845, -162.54723466782025, 69.98475565777005, 38.672285282386106, 61.4929821047199, 11.861603577155071, -19.00059701509858, -130.3548978453944, -67.41500146041793, -43.07220306194001, 121.55383764828518, 133.47981017490076, -81.68373190678696, -92.19076670894647, -58.590995765476826, 19.3036021293868, 109.81710561768398, -18.613418124875633, 89.91755055892207], [-4.183913363367626, -122.95303668161118, 56.18910581878079, 20.866194437005696, -13.073901532319374, 76.4754442608565, 54.51635120793741, -67.71566497890359, 31.597993990804916, 677.2063747379644, 125.60438610923056, 1.895897825755565, 178.2590937448891, 34.742750525518176, 72.88229334512282, 81.30902612339834, 111.14156936589467, -116.94421449964669, -25.403814662362496, -37.202006025537145, 92.51261240448835, -127.39761209387848, -57.48007446644389, -33.61135502157685, -21.692847096408407, 64.23016577570618, 93.26594317256854, -9.550265163345834, -186.42393017640407, -7.983689076676055, -53.73181995985816, 58.01007329200881, 38.32044968081917, -27.527873315038725, -28.16240851699913, -7.714382967468655, -97.5913971435481, 52.278942252695465, -34.73174946388266, -68.33332996107588, 4.458100458092372, -41.95757051725651, 65.48146141989237, 47.78820726461861, -4.057712156481714, -49.680228056070234, 53.859293927886604, -101.40305534408425, 49.57018332559441, 144.18407251851383, -0.09860349851195856, -57.25914673907497, 105.3591960071529, 102.65060444062348, -7.16105059740357, 70.81650299732914, -148.11565884215324, -91.93815281348076, 124.45914399969857, 16.146910033007714, 44.94207241813081, 39.190540732098036, -141.18009463226116, 40.019529141072866, 110.69750239628027, 136.3893880584567, -48.91618665406103, 6.115978765513579, -1.3750163762320373, -11.158211243821194, 21.339400763515638, 68.92636543093994, 1.857590397719284, -37.71543857062713, -53.729620051540856, -50.75607226116509, 73.06277518301948, -67.69484889079935, 26.30608594559251, 7.733369247155537, 66.8517086674327, 29.62147075537151, -44.168086920748074, 2.621284379788698, -104.79702519286018, -40.336116596244786, -3.0193657436054377, -97.8921768250089, -3.180740569300409, -84.70400172160745, -106.69848106483714, -17.83105387244632, 6.387310697738975, -40.855554613949536, -7.012505143960927, 35.26593099430679, -21.29037166623749, 122.37164860502256, 60.400630175290125, -58.32675124165608], [45.71994866115776, -64.06522664652269, -37.3668665989616, -59.20118045251145, -122.75077993663835, 115.78119145901724, -122.00916413177934, -70.51431967354124, 6.154027744020364, 125.60438610923056, 730.3073202259891, -41.46635000335964, 58.64687562860689, -85.74693536930222, -38.07184475162041, 19.69876346844618, 63.13163741315196, -21.445270735639326, 16.590285213969953, -42.10705058647866, -42.374212830375676, -10.51770056530906, 61.09032031509982, -33.25786622606265, -83.9792037059688, 125.0082490113106, 74.08699738344059, 45.42759800209021, -6.694188968904646, -40.9079254493461, -9.722842288531268, -156.42642441331066, 98.84422527782297, -6.369959136536156, -0.6279546145379133, -25.951414646923567, -14.48453409141968, -16.293986456995484, -89.62468508533097, -200.11151099027265, 8.680355107983367, 5.831237698624171, 13.671007752558932, -80.79707874577772, -17.415355314448643, 105.45533740728365, -38.97011269316807, -44.16998933472956, 73.07827821901941, 16.587730347726087, 114.29330411177241, 21.258656199611366, 60.44292594439654, 115.75509757290195, -14.19163113213525, -120.87973735591709, -66.72290736591907, -26.913410327830093, -110.8831618459001, -120.96046603810059, -50.306964474657626, -14.05956089357315, 38.725865605796656, 45.50882474912357, 101.92455077454136, 35.23222861000445, -30.722042633104703, 33.42513952308957, -74.2417807666749, 50.18024511852659, -62.10955706610645, 21.204310670053257, -23.92879538344311, -98.40730250504505, -123.84893388622521, 65.21064479916132, -6.847780251954425, -1.8697111903751753, 250.31464092534264, 33.56375652006356, -17.97202738213046, 34.81145279905211, -87.73600815811896, -10.999632275479273, -125.78365963176208, 123.91999414418217, 3.901542708346621, -25.440637524012356, 51.721732989253745, -123.52335612326301, -21.792767199677627, -2.047746080228529, -7.196373162306044, 80.03059020827853, -29.435327552041745, 65.75904926929391, 47.89707268190648, 36.36208497788909, 9.871080578026548, -142.98162474629527], [-82.4178309724153, -30.84349042360162, 61.28604520210574, -12.164608632041984, 25.922443918322713, 46.68407925606728, -12.119937257989937, -6.506509797346884, 35.77521681932147, 1.895897825755565, -41.46635000335964, 871.6812500028358, -61.093336300112796, -47.59469998316698, 5.026058022732332, -54.51314777687422, 10.705350270404377, 35.58371609460831, 29.76644847349319, -57.9865286501044, -81.02252162806958, -37.2408917826996, 29.281556801419782, -78.41535064193508, 95.72939365694171, 47.34183437063324, 28.098131686973943, 101.93865553357259, -119.24319205832178, 48.009083192701276, -102.45956677390348, 5.402079220824656, 41.95112559855525, -112.49647967833025, -37.210894335899596, 163.17643722635898, -50.65040785364514, -35.1977775761775, 21.313236080748453, 89.12813773899008, 52.27002525863192, 96.44419517727614, -32.29863678146488, 102.35130124375624, 48.664339643049495, -35.35004637343343, -169.4497863845423, 97.18373921282802, 1.408320653496649, -43.078159984272524, -60.23059842716315, -12.783441208641271, -147.75704475547693, 8.738606400501665, -21.247262552829728, 245.8032054366173, -22.774677508908415, -94.06907252609575, -44.26154871419505, 104.69836001896653, 67.76858231891137, -144.58810461680204, -4.92232629931232, 18.98468335123594, -26.669975754381127, -42.170656338747975, -111.33667659797122, -53.71599929052345, -11.836203076453158, 191.79747374531533, -1.0095047138757518, -39.231158380182805, -55.20659081640275, -86.8813020673133, 61.06273916784488, 80.57028500737535, 84.54074909327989, -29.3538561590691, 65.39265318325728, 9.652113347124452, -39.11143405004487, -121.24604492433309, -14.545701583706794, 4.532457405281925, 94.7260042158271, -84.04673773734719, 76.69309153128243, 77.24824519578206, 110.55299949953056, -25.44162509043, -57.845479117182194, -23.518933720444824, 55.020320011325786, -59.09290907771051, -17.15830979015783, 31.23836301303646, 35.423296374129464, -37.50716706877843, -60.119118291090054, -63.35143741614507], [-56.00368607146479, -53.0011263471372, 127.47857811422634, -120.31062925607337, -108.3051767391269, -22.23338206955887, -45.21782024491684, -21.590912253470393, 7.966818397864649, 178.2590937448891, 58.64687562860689, -61.093336300112796, 714.5390618649373, -83.94469980272684, 76.4363271541714, -179.6665119841326, -126.85203548486558, -130.3089351666324, -103.60609563360296, 76.3220986878278, -84.52159406934804, 68.58998691983099, -22.767610461718526, 130.98671569502022, -81.96798602591487, -41.02894818821334, 29.334166446970112, -91.14920368576792, -26.725578910087005, -24.34307799950666, -81.25979729046243, -38.182511687670186, -32.33402667663016, 47.27640538167729, 43.692000507942176, -14.784839129571841, -46.3570409595547, 109.74266324708955, -12.00428552099844, -97.29952210681397, -41.49821803129139, 33.76117444387261, -5.745014013737741, 145.88428157393153, 21.765710592549848, 74.17264175634821, 58.71648823485733, 42.92775415274139, 22.848291354960885, 16.113768885771186, -75.87588692359579, 5.414711637464737, 82.55372609400763, -81.56008229833111, -59.04747364945619, 57.22018054107668, -53.80700532863948, -49.4120483955022, 8.114887095882771, -50.43132973523542, 21.27111448462976, 35.781475333443325, 64.42420045721933, 84.26788824043665, 69.24082120272497, 62.8931232882953, -62.423231284036056, -21.92943120116848, 43.11976856357933, -1.11674564360084, 51.4054647338463, 51.847010149917615, 102.20133179811937, -60.466214282397246, 51.426721459897244, 13.775192443925704, 19.048031123240115, 96.07082751843514, -36.39191134835728, -36.15803221014842, -3.999423124125617, -35.05176399132435, 162.18623513345963, 49.96131025661523, -29.291359375778683, 65.62743614231286, -85.22307153478603, 34.69401281811606, 43.4003789898597, -39.30709214251553, -3.613395441035609, 30.85976253279518, -118.74635509363452, 44.062976433632734, 42.62539702129362, -29.594588830274226, -68.1854921142907, -15.195439902165026, 87.53280315672134, -11.477994607434882], [-31.06537277625964, -65.52674818976413, 94.1733774453656, -40.99950228642115, 105.1199704621985, 65.43228054742082, 230.61482110998847, -27.628312157549157, 53.25490767769621, 34.742750525518176, -85.74693536930222, -47.59469998316698, -83.94469980272684, 881.64542147726, -86.55437463668102, 117.73125964671013, -123.86614995320447, 15.06084400979832, -68.73605912282106, -6.252852195907445, -64.49753560998525, 57.107196679858085, 76.33167780324489, 56.498454084262384, -74.93839418941549, -76.938791406621, 59.42817048337215, 52.38891457748453, 7.212102275220094, 24.796445790399513, 97.72597704207766, 99.73470590482141, 41.72742465598427, -159.86301661398625, 62.95236417055524, -11.993665916147359, -89.34861624456916, -26.288309612930124, 160.21624665585497, -28.629666809581437, -66.98217584423497, -9.688891044183325, -50.23836007826983, 102.52811770899463, -55.78749896613335, -20.966400065124592, 85.24251698975384, 8.229311480323135, 53.205446769904036, -131.2492850798979, -10.357318894448428, 9.932730732425185, 119.6223568856053, 76.4930622857227, -148.04794490825935, -12.252988262694869, 67.77546706963254, -165.52863631658747, 20.51387583635676, 6.894811722563892, 103.6785119271255, 71.6424350170485, 64.30062673696484, 60.50006067849566, -91.64916342514574, 62.9532324918998, 38.070008833332466, -65.75682493856608, 137.27707123022228, 26.350049384797398, -21.75654083058432, 97.41813835029241, -92.11776633708591, -0.06928268314837463, 69.27973832610114, 45.71592535661634, 4.348806761180615, 63.95354872849412, -63.979535116270625, -10.369320153197776, 66.61698851448473, -5.379544282071817, 53.46470558083738, 129.32368971870338, -11.858514432271635, -16.212376517545962, -2.4555840916827076, 83.96550935926655, -27.237979338054593, 59.623832682701845, -21.589309233880055, 41.76354079327624, 96.24281654668681, 124.56157897586404, -6.49713313630077, -5.864888336802118, 37.33533093316215, 26.058373794414344, 0.629753596262794, -45.01797078190792], [-83.44251719909856, 32.39694486018065, 53.72874974380752, 136.68731618612946, -28.207086347062706, -54.86129085744909, 19.49773285951371, 53.739191399016825, 33.54641690016582, 72.88229334512282, -38.07184475162041, 5.026058022732332, 76.4363271541714, -86.55437463668102, 751.8837184120214, -75.10478012722457, 81.18152594635974, 73.00650582408862, -145.4262701033593, -44.79302313993316, 137.9706360492164, -93.49709637820547, 49.26099387229262, 61.10465472919372, -115.58571439919689, 79.96531768291206, -20.988972715573407, 17.959574636493677, 42.623103301418226, -127.23126836424164, 39.24752305384916, -20.200931238831963, -81.76493875087915, -17.821456125249476, 151.5549856182302, -7.695364941540484, 0.445287583607104, -53.39677846711626, 177.0450056820613, -52.35636169737285, -42.34028466589282, -176.27122887929877, 50.21300351853272, -117.33607151178292, 78.67228585489364, -106.93158381820058, 75.28246586038183, 6.0879037211734035, -34.045803762083, 43.74333019639827, -5.550187283933659, 50.74737460033673, 45.20313034007646, -21.167162841494534, -104.2808120572531, 94.0007181809773, 43.96079862374874, 86.62536757440719, 151.19465724305044, 91.21396282028675, 45.03809039874486, 32.52475792361802, -63.92476659806288, -29.059128394966777, 13.515947175383964, 9.389914558049279, 14.217685685798017, -27.981328373188653, -106.32595363577721, 78.06946539714879, 20.1337720826198, 18.299682590642483, 30.67385093243492, 18.654972458144268, -6.9449050259653475, 59.21210815044157, 135.95046013153507, -65.97106855524942, -90.04075657345535, -29.483146129910637, 17.62991981641823, 143.93176141947208, 70.49233410514532, -83.35582466207728, 22.959650026359824, 35.95154723266747, 45.2809076620288, -28.2574051596712, -64.66018059488538, 79.23083090032507, -69.37167610426137, -2.5078707576581607, -27.08336313749822, -90.01101737980696, 42.6326197761, 14.168143740949056, -66.87551138970889, 91.99898442728357, 160.0059828814178, 83.30444666391215], [96.22074466057155, -118.99340697414922, -175.89089232661206, 28.184903178311014, -147.71330204144928, 8.631720404444808, -16.750185479768266, 12.36657126861955, -11.81731543470566, 81.30902612339834, 19.69876346844618, -54.51314777687422, -179.6665119841326, 117.73125964671013, -75.10478012722457, 1016.5040162824266, 67.82116881913144, -67.1041451865944, -50.11489025655166, -81.70365618734625, -20.808005344427382, -65.11404607492692, 76.70674735643648, -37.948653105980846, -27.554843709443748, -5.561733649433392, 71.76098107877631, 81.92949829037374, -18.618006648375978, 123.72478920484687, 10.181986002126981, -56.13255467977893, 126.21629909198802, -1.4407601418946043, -85.15447372664774, 41.01535153944713, -174.45220348304437, -183.51642485246364, 82.20179633705843, -40.372853890384384, -28.31805465258317, -102.90865478367647, -33.66410289571181, -3.47148252880966, -62.397416425665504, 41.99125447609943, -49.787952045332744, -18.297914052503877, -71.74864915206696, 67.42891170895203, -0.8818118955553993, -10.70462378292429, 50.241005170189645, 60.53680478962393, 40.68452481839269, -158.72336613501767, -3.155686542501787, -48.924955559543385, 23.697305974772235, -114.50107497107138, 69.2363444536533, 115.35601505766229, 1.4364570155554084, -2.416657330819868, 54.22980475652206, 46.542348315747695, -74.31545547999197, -120.63935024706738, 0.6571079512253405, 10.13635234566163, -17.742857806437517, -95.51917851055933, 72.50940665084964, 66.59884513853629, 55.04664994618055, -210.18196485557178, -1.7893246205821343, 15.444049212816607, -95.78818987277818, -69.10572461040124, -21.007152241871935, 8.22754734731315, -48.27646290471622, -9.047150632594077, 70.63751577909859, -129.005322766185, -12.205887993999857, -152.35099977840844, 45.71723829229989, 6.8639547985971605, 64.00157498448243, -20.426218547391418, 93.87539874456876, -121.00901049397157, -8.408842290837683, 80.44259193110348, 16.977599351872605, -54.623273089000946, -208.00772126582555, 24.886478633841477], [-14.345945284818711, 10.699237815086322, -29.387409308461105, 25.04093090295211, 104.50883676891654, -57.43013603636467, -139.96156871625607, 54.289288430168526, 126.05460950966945, 111.14156936589467, 63.13163741315196, 10.705350270404377, -126.85203548486558, -123.86614995320447, 81.18152594635974, 67.82116881913144, 960.8981533152362, 2.1505283130434876, 105.48922603352557, 38.014619135286644, -8.84089580848708, -89.38273417448968, -31.629479630194826, -51.27053771973784, -25.893992201185196, 92.02705678136954, 62.631469038226776, 110.31893660458977, -48.37538175581861, 101.94980835913319, -94.29797832222984, -155.7053261545445, -57.31435595822967, 8.177198324986882, -50.657263795643786, 50.28384175925259, 58.05750326245992, 47.591135577707036, -64.07719388352477, 39.44764766328775, -14.84776647707731, -71.36950864561506, 125.92814115256438, -6.152070892160288, -22.30993050026456, -134.86089891226712, 58.206680518226754, -30.151117261924238, -35.95390468901569, -59.57204158623922, 90.9858469711081, 30.505560208367744, 66.65200150591755, 112.9783640800431, 71.45116802265368, 71.73022913084408, 134.81845022006075, -14.833292494958823, -45.25683433255624, 61.3909046786863, 35.932630197601874, 10.517617773308164, 11.334142718738287, 24.09195632809888, 129.2072833014242, 39.41893132333362, 23.61620728519753, 33.43154852849504, -212.49348402398104, 0.2572219409712538, 163.6291922725472, 80.92157961467309, 51.86058083175707, -41.01264763346569, 56.46719189984971, -72.59502244924671, -73.67301165640643, 6.063064380200972, 55.77058811831146, 51.64231988452239, -6.556603443337518, 14.969164026777069, -37.83203606673441, -8.212482587772833, 0.9555773708071041, -20.222826317985742, 82.44661495764367, 7.4652106299615095, -283.6581727730576, 46.14826756414632, -87.94085237024844, 49.67879772253982, 217.30641076581378, 15.35343319471868, -117.49437579850351, 33.34148620221408, -120.170641330007, -15.94877148301823, 46.57476960511961, -66.94297396597737], [-103.91574847754279, -118.2501310217674, 4.872403803914076, 26.300005605502825, -38.54772029948823, 126.94366120870467, 5.191935231580647, 51.291648942305635, 0.19119197609589728, -116.94421449964669, -21.445270735639326, 35.58371609460831, -130.3089351666324, 15.06084400979832, 73.00650582408862, -67.1041451865944, 2.1505283130434876, 1035.010786884105, -103.88793931736495, -137.12244858745618, -64.95640986199155, -75.38727547845934, -74.85563938816411, -8.074056498915466, -111.73355900877715, 80.45689394714621, 62.61251247675801, 103.58195453959235, 21.953919808318695, -82.74786942111652, 89.94418552798149, -113.29421769773651, -123.85729852836245, 1.957280201514155, -88.72241984017792, -57.4253301559877, 141.50672431821033, -29.84034746812979, -1.0672769112536613, 23.121336677189845, 86.49653535433002, -95.8667264442915, -42.96679564169509, -25.54543503062012, -83.73490340928046, -110.42428143119265, 12.456229004648282, 89.96198603715601, 166.7266000699874, -103.87193015930343, -21.395186366930933, -40.63030519896284, 40.16957401449586, 91.18281404427128, -78.99122656580431, -32.256933203994116, -137.94773616177093, -11.949850156233497, 31.36849388794572, -32.284330918988054, -101.10786996588283, 58.20165403042085, -0.3487061582603799, -31.873877301633435, 10.117291024859453, -108.02962350317851, 13.049570428902308, 38.47507466497153, -20.40829471379802, -148.21630939778794, -3.0286185189660864, -113.576965418183, 37.434949022107745, -118.31800616459417, 34.746296465818, -4.727995289951765, 11.77306091504073, -19.75006603029415, -107.17150431083711, -140.15795917503132, -4.9536442263024645, 129.1124408550373, -16.28826413418561, 81.63751511850694, 47.263583096220174, 73.68024682360027, -16.552771660544945, 16.017647967410696, -35.783673847482135, -40.42098597458856, 28.845818258227013, 20.33456190881706, -65.09752592598765, -54.20331422384921, -146.24018859153284, -149.2199788124905, 73.08123149282814, -50.98596011647944, 103.78645305750901, 67.08009295305581], [10.774629401346427, -43.01438331597058, -179.23369346643224, -97.88784846632717, 90.04928461012499, -25.798925754060058, -125.45653791747846, 98.28960165514688, -11.85353426490557, -25.403814662362496, 16.590285213969953, 29.76644847349319, -103.60609563360296, -68.73605912282106, -145.4262701033593, -50.11489025655166, 105.48922603352557, -103.88793931736495, 859.4082672522716, 38.23550557553898, -58.251017083980734, 110.30523659275073, 116.1286979679024, -68.20371437673694, -6.832586093896569, 105.23097859778568, -75.71192561435514, 9.766491378908839, 43.68153893240474, -9.996832788051355, 36.588848385818096, -37.6689591301269, 5.831632995075453, -34.99036786219555, 50.27260528692386, 18.90712140121221, 40.85079776585234, -7.223826743555968, -52.76904113017158, -10.229469874718767, 17.657841355161082, 90.31087107716286, -67.12226080470712, 81.03468089512134, 89.42006923308128, -100.3581578981584, 10.256208257749968, -80.28428371930656, 25.670395401408356, 58.52935282704574, -10.079715881371873, -75.54491226507803, -155.22961138347645, 80.0296273610434, 17.860412193003494, -71.20140786554175, 38.57258383211357, 51.89713488713836, -106.37350783203281, -100.87778843013596, -129.21994854070567, 19.17293956821701, 16.440817128924817, -32.25307605474609, -77.30156593465395, -26.497794737799996, -137.5798284043644, -2.8230896444697318, 24.569214745539604, -197.710642263152, -85.63670397275143, 0.8730513316677845, -182.14919782529074, -59.376658974727945, -71.10137009772319, 69.79791130778965, 10.600914504450259, -34.43831372030771, 66.78630834005007, -20.750109451590202, -86.674684072391, 5.354653746473051, -27.503774569128105, 41.572525712108934, -151.0735232100396, -43.63672670824651, 98.468127416724, -1.8524070693135082, -35.51212225571417, -39.43717202637701, -28.00778401172401, 20.73517594345636, 42.707516341826775, -125.67909426463527, 54.54771609696411, -28.14562648508309, -28.39351366771957, -39.143465246171836, 47.09573025945026, -34.14727859691654], [97.29538668900148, 283.357009728, -9.88042474613341, 25.785936512286845, 8.954593664547147, -3.344423546708772, 32.39368310645838, -37.68020151487457, 9.228915287714177, -37.202006025537145, -42.10705058647866, -57.9865286501044, 76.3220986878278, -6.252852195907445, -44.79302313993316, -81.70365618734625, 38.014619135286644, -137.12244858745618, 38.23550557553898, 945.1158865771796, 8.757733438738889, 45.20676833338221, -21.580280791512305, 48.36556112792115, 1.202185463061515, 15.997377287974277, -95.58454701396157, 16.581342867637748, 165.88852225551764, -72.007729049565, 4.339348419162927, 30.7609793303525, 144.8793543908745, 4.6478943849346965, 73.47435443023576, -12.895404517281303, 84.07843549985714, 28.53782975497344, 47.19257599633146, -34.79771633501942, 7.236961725897932, 100.83390598195966, -64.21655508319824, -24.84245606158394, 30.253597870192696, 42.53058414312309, -136.51046895346025, 54.89027633865457, 57.07909525287614, -131.73416221214734, -0.6258532788236773, 167.98169404974493, 179.24669835563233, 2.6112033717273104, 119.41406325640646, 84.17839461550123, 114.38181438305891, -59.81867607205782, -39.04864144369904, -1.5010330826985872, -81.52857924448237, 32.4942703993422, -26.79880779132232, 60.08422435103559, -122.51613667012278, -6.833494885627675, 12.129510157768348, -77.01747250519111, -17.088810984519526, -6.43132269627542, 87.95623888857757, 140.9490867337044, 96.85232859263044, 40.160548753485315, 60.5890119663894, -21.689598910710448, 118.29377010522163, 124.82659624996343, 82.43152387272052, 60.28200456048047, 4.189276001130534, -77.73012898263381, -5.513575111379402, 2.6128104867869366, -183.04985444681347, 7.020174175556572, -219.09129389201377, -57.73013479121926, -18.557630044030656, 91.44510165296337, 87.04486385033442, 31.34036702497381, -31.526452715357536, -153.08055119999557, -99.40312471803045, 61.04322818423004, 14.323564576265845, -80.49345634513323, 57.07787214136658, -18.84508300100309], [-61.05033572216848, -106.94497737983203, -250.38246043387608, 73.85996203220816, 88.78621747953822, -9.812941656736118, 167.11823195842345, -0.593500214753103, 13.258681223830264, 92.51261240448835, -42.374212830375676, -81.02252162806958, -84.52159406934804, -64.49753560998525, 137.9706360492164, -20.