{"N": 100, "M": 8, "A": [[[893.9876497949002, 97.98370614677488, 16.8302007624749, -76.75153478046616, -4.353073483654294, -68.10117274329184, 5.745889861674198, -30.888473347581098, -6.294382906198103, -13.462790209484192, -105.70121528345328, -23.73843860924414, -7.958522231652398, -107.29939017963083, 59.256651147382506, 144.2870287745652, -120.0829466353355, 81.11778900419453, -63.4891262323409, -35.51870660199273, 69.90260934567758, 81.86506839279048, -53.58397327829706, -14.556117957376975, 196.8677264145679, 97.36068754963087, 41.685145260864395, 75.4981072648784, 85.63294634287183, -11.772216674343339, -26.584139745700817, -52.9570124373949, -135.3921033155459, 29.646221014798925, 69.75936967240521, -41.4987001096629, 61.95313760388801, 51.06470350375837, 10.051834195972935, 66.49708795500143, -20.627619570147676, -172.25440907553494, 43.205079315269046, -208.92124113926482, -24.4708821117863, -58.090049181638264, 3.3999333050138065, 97.98565232500151, -47.9617046944174, -86.3314530699587, 12.846526439911646, -3.2598807410974575, 165.66962972033133, 125.92815629924229, -85.47154454715108, 43.70191255576627, 62.100409205917195, 95.86075886118262, 18.50669635311604, -13.695625135044788, -88.05392058882008, 11.00424792765909, -42.16818042981755, -60.51410482718686, 94.89989500931509, -176.9055906766633, 11.681288789110189, 23.90959064565481, -42.85973972922159, -86.66297844198822, -103.30126308179555, -15.946303912564023, 6.921427386388691, 71.0486600649815, 25.794480350706323, -90.53329406544687, -56.65113860306578, -13.792835750317243, -32.28176489297126, -9.575411007268992, -105.16621417005685, -39.277582621779075, -20.69747775325923, -37.51982438009066, 144.74177725476235, 81.26747654348485, -16.887733576928216, 50.086268391613345, -113.60468495349075, 136.75171251875545, -103.30104204955998, -33.55028351931298, -60.83797059017121, -43.091267711225846, -134.87292011353574, 40.167216051246434, 91.12564986494165, -61.160217617965884, 118.74389805056273, 19.9622398487419], [97.98370614677488, 800.3597021421537, 19.53655070046754, -5.163337211380867, -16.9558353205591, -23.722515795770992, 27.373051365967648, -113.77499879666966, 108.7729954566705, 12.411880770762988, -75.20965333986925, -195.4498563906686, 9.767450876739474, 9.978925995677834, -95.4485956660691, 114.52802498211075, -112.53555364440841, 51.448268932238555, 112.10408959501154, -72.26827111216558, -112.20799656387025, 3.500634475261746, 58.92400140376132, 40.17484330705496, 11.510527279457081, 157.110643660694, 46.303229896555294, 25.994763999631807, -53.17968322713334, -58.34880592459429, 28.843689804237997, 40.90858922196999, -53.61017251351344, -77.933788959868, -131.6369288052242, -36.95805150662871, 45.360525237494436, 94.07896228312049, 156.1179764350575, 16.01597440561692, -96.95745962144406, 16.55712995361333, 104.14071615203684, 50.99366884147574, 88.61424117441264, -18.66905075236435, -54.754975036640154, -56.62629759797808, 14.333193403118461, 43.197647758715824, 61.7700467638092, -126.70535451615787, -47.13797954942707, 19.719434404254223, 31.108356498172153, 48.84803870364941, -0.21115142926628985, 30.649985766433936, 46.95577387640935, -23.850130238891854, 12.016644117841457, -100.01354262523719, -154.37881005218742, 120.73958064528097, 7.058681378054476, 27.508162330289682, 103.58119608214481, 34.181201537812285, -53.662379845659686, -12.109603592482417, 13.729302134986256, -9.908619354806405, -82.2465061513967, -54.17914538519746, 84.62565154725743, 33.54225765955841, 61.404279322098155, 76.34104507401013, 5.283151667459852, 126.74641925355473, -20.639995745539018, 34.1943108676105, 4.298995153847853, -36.78935020202913, 54.22736112703263, 6.532513613380606, -87.41469308701788, -34.30129594240617, -38.15221626243341, -69.52991700773278, -174.01938120662655, 92.31316449081359, 0.021707904073520076, -62.61122105446282, -76.58652460004248, -92.37939200425119, 123.37731490349839, 104.14893243899893, -27.134744207238263, -102.99020133891358], [16.8302007624749, 19.53655070046754, 847.1874250868191, 115.68928744607496, -54.35815589181107, 36.06588813991385, -102.80342714514819, 138.0793488977288, -29.20253796201894, 102.23283971399606, 2.4871453755091446, -66.23980845809047, -12.907070278561491, -24.65714841952124, -22.097175012380564, 98.07930062742857, -74.61155327538246, 28.490772863884718, 27.14513817584839, -10.257652701597221, 51.22594873866687, 13.595567543828592, -32.78153209006613, 52.90525571917394, -0.16885389486916114, 91.54681104005937, 20.657858682109005, -2.261487196241977, -67.1586074655813, 151.41691663159648, 20.909554834157458, 55.436636664589905, 21.227504758708506, 85.45035054247073, 4.630333987146325, 54.65358767862389, -171.45912652938134, 43.39695638424308, -215.2091138417348, -113.63564194494785, -79.92167802916065, 6.113542177217491, 70.22550864409584, 1.6720743519856458, -88.45876498318017, -110.25018382563984, 24.012643841180108, 21.814254970972826, -86.32025672001409, 32.35510004162573, 34.33923586146316, 25.715425355028273, -0.4251581027501594, 29.796730530066903, -36.42311232737859, -0.12351002683895405, -23.309694836362365, -25.122609964315263, -17.022867362785757, -121.3881860153183, -106.86579695794913, 59.601991147230535, 109.34705660651544, -4.974307481025319, -7.641838212520206, 74.95140423448116, 42.26674375649136, 39.848118707040925, 45.930433464956934, 99.48774633550613, -68.3540054161807, -38.98874950695966, -0.9462445040567476, -38.83089719263734, -34.84962167095616, 186.75290751889932, 3.6586720283593865, -86.10501741093499, -69.31391323607284, 150.34905586450162, -59.819186150046846, -15.111409371282896, -15.878921009585966, -53.60284840430861, 57.712422077631814, -55.9168189331772, -25.941309206019454, 53.43965088559685, -74.96442903513278, -73.65703436803966, -161.3980272208776, 41.17230477003646, -2.385398003937224, -127.5307687481923, 86.30113544264785, 84.59071178927584, 27.362390242991605, -37.44795730948401, 92.80315171630038, 54.65028258710315], [-76.75153478046616, -5.163337211380867, 115.68928744607496, 771.9304085350587, 62.842947816906474, 45.025203772410094, -5.219723023434167, 194.42584154787855, 32.52208929936287, 70.980263709544, 65.71776853542283, -100.02672377563992, -119.28711987806629, -44.24572138148211, 60.666381880186634, 64.64729552738014, 17.087026610291193, -6.895625621687356, 36.42759892480442, 69.61516580122097, 40.63003830450498, -63.03652996886441, 60.82311234772531, 82.9382085062263, -52.075091162256484, -79.14016916331927, -100.78476162205585, 1.0633584444366917, -37.372338475389036, -25.454403902517566, -32.136664285035394, 203.1884523252529, 122.3333714140345, 120.51737882346494, -41.53727900763091, 23.45835242396582, -60.24994905694331, 91.97562568415962, -34.748879768308306, -33.853529230863934, -57.77211235402142, -117.05370496607162, 6.560238796211315, -106.76564025590267, -38.63489343049494, -134.25905062352112, 47.6610461483195, 108.39358675486557, 92.79434515223808, -41.705384155803394, -25.703533850596244, -25.81517776458968, -147.67562739392417, 41.16859580786205, 19.33925971328945, 4.168012840289668, 94.92069659716542, 136.64132176834386, 39.57889881131163, 100.32565132555168, -58.951653921080336, -77.87232308545138, 40.082244951295934, 87.81706992965749, -107.44142746666985, -29.756084391643423, -34.56660439358508, 0.9659206736819058, 113.19084977067567, 48.85310412068155, 137.85097586700067, -55.75748849870208, -25.693578331386256, 9.936943700943456, -24.06536042959062, -181.51896194517312, 91.44697816945659, 79.62992434789331, 10.617592190765043, 121.20369677954268, 4.616568436565233, 93.93831105826536, 3.8079874165559073, -16.41103909872399, -59.29681664887302, 2.8988122318796843, 84.94758980970903, 73.38506483639885, 108.16520726460857, -24.847549975245016, -41.32857251945383, -70.02326653236358, -117.58906971344258, 63.44274846499103, 11.965675642625277, -144.11737650132523, -6.8589089448508505, -76.64452664793833, 16.24308271086285, -14.893378397098367], [-4.353073483654294, -16.9558353205591, -54.35815589181107, 62.842947816906474, 719.8401262091178, -83.2127743868045, -57.06707189300267, -37.02356730292981, 24.427065066704387, 110.4090117601566, 32.654819288786065, 42.09708589769515, 85.81039208660764, -78.66256250917753, -13.47741739355771, 22.096680647372597, -6.043918562145175, -18.597517785588277, 106.48388404302023, 172.25132678832193, 30.876698010178124, 20.29956794070283, 88.6087907576144, 72.04367121981124, -31.961858662890624, -74.72198562829112, -31.90785498843696, -101.91959321403785, -130.00159367572294, -39.44605483053973, -48.0010410663849, -10.674973147102772, -28.019699660067058, -97.66244356710921, 138.11070255710797, 38.0346504602921, -22.335068773366444, -50.07674434870624, -5.296608393772363, 36.404861874669486, -26.65023516991683, -85.86767585508912, -46.16925465680151, 8.548462065228176, 39.59613503255668, 105.15135444986325, 4.93241730391044, -39.9103111308654, 92.0407541054574, 64.80149607861254, -46.45936864093768, 15.916506191687832, 28.75232219138839, -27.889523093644446, 0.7895023830063592, 106.80439305679545, -49.11332513432224, 2.9364339402761557, -32.74291645500972, 9.137880335157021, -107.56227054671292, 30.7773427636607, 6.770820372366143, 92.252477120848, -29.987863874612383, 39.33506030708892, -130.64487480764416, 45.32614018020133, -29.885030358693445, 22.30285634392326, -200.73110130733508, -72.51693657976713, -166.0081923606317, 46.17022992189424, 8.023351823121702, 26.602669318767887, 161.514965503799, 12.989638862459914, -159.21929880461155, -9.412326856969287, 8.911652849039385, -51.38299844590077, 31.81387554227861, 53.10850203759695, -173.21146742077045, -27.5220243288878, -58.102478937803674, 53.67308673031588, -80.54423608297637, -38.62796260840174, 21.830413118290277, 9.484469725821619, 45.03450271223474, 56.42576692044455, -14.14001142004244, -88.01815450649266, 181.98400802844216, -12.948336491782163, -8.525237603285875, -82.46382046138226], [-68.10117274329184, -23.722515795770992, 36.06588813991385, 45.025203772410094, -83.2127743868045, 789.4948692056774, 1.0632994642442846, 3.664750630315244, 134.11406666268707, 22.872814384441362, 21.516374803128077, -40.26964361040167, 92.85446060627439, 0.4869120633239305, -61.61460197081655, -50.52373924827073, -14.285571574200354, 167.8588858389102, -15.246984828931986, 25.58622454629365, 56.49072483238011, 27.651401842672684, 16.96719933406771, -67.26334839880123, 89.4614085087586, 14.39075191198259, 113.15502720193044, 66.95092992975741, 71.09575186016811, -22.8471783106823, -132.1718886827998, 91.05848091430845, -13.523632000834901, 77.01190074906148, -92.32155711255535, -216.2409996090739, 110.83129340692089, 33.98180979918189, -121.63596264229986, -106.67935754333159, 72.6542838779456, -4.123574432480093, 67.45800033485655, -34.07862317657674, -41.68768201841455, -86.21276300696701, -40.789892764438946, 58.9429208522608, -17.793519303485233, 23.756096256224517, -17.88325162542055, -19.064271427109677, -33.299313668421235, 4.816331032291848, 6.48831283552772, 47.47209437633289, -25.288660544118542, 52.35846984254854, -98.23317397811779, 45.48430139371423, 36.95626995268225, 71.20949125449486, 21.559554367809223, 96.59830955744098, 43.99173006285901, 96.41705993339234, -42.73789947279581, 91.70719406435376, 56.16480346169041, 11.6259658090646, 183.58729346012447, -53.5988881218281, -64.3470986315257, 111.25968355260527, -45.95355229416351, -144.71569354329606, -87.81935196479625, -121.24915486025323, 128.16438321848688, 85.44846329093632, 43.12989021366706, 5.098155728669652, -77.73873443820351, 15.931906303047903, -136.41011549785605, 40.66697196854069, 107.79112342963407, 26.190807644523748, -67.965307421332, 45.01187150438842, 30.99894076145786, 14.197806776923978, 35.797186728032095, -14.875092351275677, -32.142432204460306, 0.08235722581473214, -127.81283485212568, 11.322220001169164, 68.63158775729087, -42.937172070647335], [5.745889861674198, 27.373051365967648, -102.80342714514819, -5.219723023434167, -57.06707189300267, 1.0632994642442846, 926.0279700017036, 61.77832099419258, 155.98880956106765, 157.41095858003507, 14.684206961592025, 97.41948507185674, 44.134204851376076, 2.7354659563688184, 112.7892593265243, -17.16551231007522, -40.402448412740014, -100.82178994591663, -56.671203742812025, 67.28687035688533, -112.97971027362136, 104.10685053763525, -142.763005943848, 75.68866699034594, -22.590511173171954, 79.67467730934482, 88.30086242232473, 44.78878817207815, 113.00189871989805, -148.15237117300774, -32.69374311596658, 47.87936556935757, 43.620628553088935, -15.94474388761739, -74.81376674926973, 79.44191719029101, 15.525972599653189, 36.93965602112228, -141.88007607263287, 31.991204471002817, 85.3535813137573, 4.308841439329002, -104.0637333607924, 46.16410553137748, -71.33363016322485, 43.85672272689461, 22.846648495311527, 37.75640731440551, 3.8785389771613303, 26.706738337928197, 64.65328124390915, -2.9916170368520962, -144.01805634410545, 21.6019410705193, 35.68700223960272, -187.93903644057158, -7.792793746973756, 20.099777888802464, 110.31549631612882, 106.34789739339688, 30.430369591463425, 40.243439607520386, -9.306030097127568, 11.444423218287827, -5.954632446817676, 30.176732728246744, -118.63684542325981, -36.255184722194045, 94.9888495314586, -78.66207364837186, -1.8141026802857814, -82.92826642430371, 19.803551178113814, -31.953789502100243, 32.83476462865112, 1.7583276992970671, 106.55320156524404, 43.105011274825664, 38.22737102940002, 80.97132291570088, 150.3980266149487, 35.40824036113066, -124.7844069870421, -132.47245358841437, 11.397868139713252, 80.52236928863313, -111.88896260169703, -56.581359960051515, 127.5043380527973, 189.0416165003845, 2.0118324580748266, 29.047074481034443, 96.4130342015435, -129.92795876989774, 91.57420365029684, 125.4724995531523, 104.94358256856773, -98.71945642881735, 23.280624906488562, 88.73354543381421], [-30.888473347581098, -113.77499879666966, 138.0793488977288, 194.42584154787855, -37.02356730292981, 3.664750630315244, 61.77832099419258, 999.1041210100342, -37.943684984375004, 175.92065197072003, 118.06369488606637, 79.75100566878373, -72.8403656090264, 102.16085745292848, -100.75997306283116, 94.48306509185173, 12.939427895923684, -91.71963506315623, 22.11327373400772, 61.98690721832783, -3.859398376796659, -110.2878480137084, 70.58408030229604, -100.39494704377849, -40.05016864566447, -108.76310656442944, -92.21595752030599, -56.020832508458156, 35.88146738932727, 25.23539805245894, -54.176474160761465, -21.538193229979534, -74.60539678336315, 7.779325889309828, 19.039668356304972, 13.09512552072092, -39.20463415482576, -35.40150249531394, -52.56244241208833, 6.80438520449675, -99.45324462353591, -115.34287718993734, -287.86211854185086, 79.78434920989142, -145.75198510052886, -201.2933018310838, -123.79305311862348, -10.813326161900644, 1.396288879392854, -57.64335952218343, 121.10181228396598, -107.90493494042704, -5.248458843517451, -180.3100814146518, -54.331797041060334, 67.93630917945174, -42.55124772778406, -64.93202639419117, -41.51860711830745, -93.08328699731113, 55.65656875685996, -56.55309757216695, -117.0516702331297, -89.77608636680695, -100.53333483787537, -107.46283008763976, -60.03083212608839, -9.90777357711019, -113.78944910808656, -37.039575888073074, 2.7648217094397145, -15.563224220127829, -39.71778332925414, -101.54791209951445, 2.3178372261907882, 56.10670392271448, -20.978833260917536, 21.126248507645645, -59.60078002077814, 43.96450811093158, 55.27850497860939, 180.1661541897042, 59.95053402039192, -114.88920729484761, 87.7686071080172, 69.7545879586134, 28.448132459797876, 18.868903008203883, 80.28771249179576, 62.401732696633005, 7.144256677316763, 44.280610335843384, -136.80741083920924, 2.709225868549489, -79.89327735603723, -87.17420774710584, -103.90357023822267, -95.54861005352284, -32.49926451827282, -22.829950377568583], [-6.294382906198103, 108.7729954566705, -29.20253796201894, 32.52208929936287, 24.427065066704387, 134.11406666268707, 155.98880956106765, -37.943684984375004, 750.713087752965, -2.7453756547884156, 8.723909061058194, -150.83354617798304, 69.5996361990861, -3.5888933320642744, 94.52788382430222, 57.712684130105, -35.2059121313875, -39.91119818254922, 1.8821448528049505, -42.93034099589056, 2.8901134149794165, 44.65080501469583, -150.37831623162413, -56.53034698977009, -65.53890056278995, -50.743978503043586, 27.25288319461117, -18.742132530137532, -57.45078475773475, -23.496774375817523, 77.70690126119976, 6.5095274545713275, 53.427982824229474, 94.00154160722002, 68.08662986840442, -36.724501999970094, 29.58176733605776, 15.897266791781673, 54.51357897153842, 39.001481898889, 75.07695194235247, -74.68682771385795, -25.298898677288523, 17.38728409817851, 10.71769920165125, -69.13142060568346, 1.8331888303436459, 71.56847661300979, 63.98015527334704, 44.09394391416995, -92.26050688921433, -60.22122957888414, -62.54846086246991, -74.90883324656677, -68.20341711817244, -85.416339983843, 24.220109048841035, 67.98531052796076, 57.09171482167436, -39.22610837785689, -65.21324334486918, -162.24470357482448, 14.323087540060842, -5.845861821097677, -167.47157748512683, 87.7275336912835, -70.8864971545381, -20.05885665228368, -155.73979192912267, -30.23060675330817, 116.01617260418752, -62.70066184193068, -103.76963416738785, 9.946057289624749, 43.408643630413216, -2.438909996175597, -10.701398810409795, -48.459417235248594, 69.81325170898256, 97.17137875090867, 1.0959807435165114, -13.18355941062998, -59.55663509349475, -22.605032527754553, -69.86211573599856, 102.24443939817776, 40.798166299013204, 16.914840120424103, -60.08948857726556, -19.97712861558181, -19.98450123574146, -60.64414041988061, 189.8131528518574, -84.59327652664915, -106.89655277047339, 180.10877468163113, -12.198004100208015, 61.6387064482249, 86.25754581127961, -130.84869401416785], [-13.462790209484192, 12.411880770762988, 102.23283971399606, 70.980263709544, 110.4090117601566, 22.872814384441362, 157.41095858003507, 175.92065197072003, -2.7453756547884156, 1059.742989729679, 51.789931699431754, 164.4370713506351, 69.42154761608076, 46.114179822438054, -150.58106896671075, 54.55846334546403, -31.848703325400006, -98.41022103949354, 95.83980295095272, 59.958334602128275, 86.01887585307709, 153.2991358028696, -60.467120714300755, 79.38766570963799, 9.553608496463136, -61.77332055068654, -78.74878955223602, -35.255588348443105, -56.751384165164986, 5.901082854800031, -19.932515267486668, 93.66847130587418, -63.477914178913124, -185.35941794647485, 41.40477977938109, -19.91859229923598, -22.558651769331853, 47.64588479219136, 97.01869804173597, -65.54094131980654, 75.6801238145773, 29.5644197197833, 138.34732593415146, 54.69556846750789, 51.72842427920122, 72.94766925491878, -111.2334694327827, 76.37422510141074, 164.52392315036514, -1.9646020333298377, 36.809886470051595, -192.66795774563104, -18.879196304938947, -72.44809276256579, 96.59205387514625, 170.33705576852594, 106.71764437125113, -21.832132405966696, 106.36590413672431, 96.61697021877787, 69.92765175153559, -113.9066905638757, 21.234156927022145, 95.87041735807202, -103.92308861210428, -27.300362116178363, -75.42656635371226, 10.653478528416592, -36.42114971787207, 68.4027835099248, -0.0077623930011099795, -74.8451331331501, -69.52759391770988, 12.01127690228612, -27.776545708797737, 52.66710646977333, 10.986490370067044, -166.57769345373407, -0.8643322572633475, 114.16194473858515, -29.655765284014624, 127.20403973302558, 156.519116003694, -127.06803668988123, -35.23183740801229, 86.07160637491036, 17.047291865048766, -96.79912280134282, 78.15688872976258, 11.19898766284123, -79.89467044509678, 118.8129284940663, 57.5469067543089, -79.80526002154961, -199.276688802983, 67.33652093647521, 1.0992892184104865, -76.15888479639389, 53.48931005488771, 202.57309995095991], [-105.70121528345328, -75.20965333986925, 2.4871453755091446, 65.71776853542283, 32.654819288786065, 21.516374803128077, 14.684206961592025, 118.06369488606637, 8.723909061058194, 51.789931699431754, 718.2096440667069, 21.50197499529315, -19.37588007206775, 20.120612829481896, -53.87189863958914, -80.20279067311736, -17.485355539951165, -41.31996112217, -86.1732446179116, -71.0990691176029, 40.55489501371444, 28.72304922314052, 29.78044915380243, 22.49536009689717, -20.834617410036827, -46.00797705893984, 44.14351889176388, -109.65195886912554, -73.08915521747727, -97.01125275498086, 92.49315136742183, 43.87686495634192, 1.1335017506611609, 90.5293289366399, -17.176567485298808, -89.61052468069506, -108.27801251985592, -58.79864949192946, -6.600165650142096, 52.952506179508205, 58.366016293146046, -144.5519239257707, -57.41092944493111, -28.068341545477328, -53.84417483980838, -1.5897095225593583, 31.634111400230516, 102.09402135772424, 72.38851087099113, -60.29277049727818, -31.211965001586705, -52.092785711738394, -58.51623245649031, -228.87414952482607, 56.23579753066462, -77.8364628175447, -79.37657436089367, -29.449331939063075, 5.131684125834353, 6.21848038474236, 34.39158944027618, -116.64197173245442, 93.76533421070368, -22.966085252920156, 66.05183534459258, -20.11719704044053, 94.9576588154654, 99.5884875617198, -2.837919092415993, -79.18966053198645, 59.03031664854194, -162.8474509710926, 56.488740156220906, -4.695640135126838, 55.08611492189936, 134.3935153358811, 94.20549268417388, -149.95214771735007, 91.99427844431963, 55.04163254106749, -8.797268797653075, 82.42289188329036, -30.49854655549825, 14.11041980199596, -23.811974177563897, -84.78456042603683, 53.35336987743855, -27.915863987649576, 155.6241770433803, 93.39317268179215, 84.69432426877748, 50.3780281249495, -87.64734732839497, -68.74733640070623, 19.853314776973633, -75.1671130932055, 21.85723938246118, 55.760275094606385, 61.701005119715695, -4.740618438920733], [-23.73843860924414, -195.4498563906686, -66.23980845809047, -100.02672377563992, 42.09708589769515, -40.26964361040167, 97.41948507185674, 79.75100566878373, -150.83354617798304, 164.4370713506351, 21.50197499529315, 718.4393863076846, -5.947769263459472, 9.56937981700513, 28.076860229529, -46.54223029409628, -78.3882340270413, -24.245177945428143, 35.273339392256304, -5.531350923551333, 56.99706947306854, 82.60527997058006, -3.8692167124520376, 24.94017324913642, -25.563369572778193, -67.16282772557022, -35.54599244486591, 4.188549659543267, 63.28324197127125, -63.561701135431385, 18.27541098360724, -21.20744803485816, 70.87851019334413, -56.4956560076499, -55.209229734620656, 47.352900567627564, -13.238556767776599, -79.04928141673892, 54.217901670371944, -18.628730945055306, 61.909528386523185, -71.43755048738929, -19.55955492497062, -44.85868709171646, 17.503250144722088, 46.79762227637952, 61.884963220178776, -75.24623372900255, 70.93333748366292, -89.89720923203592, 41.68596419849335, -53.908426550444844, 26.853225440311835, 90.21790982418833, -49.64745996621769, 45.00440660752173, -4.447212349622258, -14.32243885757754, -28.493440694332218, -137.51302277072503, 32.0583121526013, 62.459146642646346, -113.71955919137991, 9.557705545804785, 28.69019587543533, 136.8628411268574, 97.0631935410255, -17.438869500379898, 41.29383633957734, -19.618285949086317, -123.53843438158565, -76.0969320693647, 35.87721265551216, 54.72347013820105, -13.109723338570262, -103.10281510528227, -7.356715735421652, 1.6387827105962685, -0.5045892377659477, 87.64717574966116, -100.9073016929184, 48.96322205721693, -44.83097148872168, 18.039408853952455, -32.27014562372863, -29.916195142244472, -4.8026511333972195, 63.90725430171456, 95.58118634630449, -11.461347763934226, 84.6895228378743, 64.2059932217181, -75.96286908305851, 65.00489837071265, -62.40937127427545, 52.69130924995428, -51.110287296180346, 167.00745566450587, -63.985911755471626, 20.263797784320104], [-7.958522231652398, 9.767450876739474, -12.907070278561491, -119.28711987806629, 85.81039208660764, 92.85446060627439, 44.134204851376076, -72.8403656090264, 69.5996361990861, 69.42154761608076, -19.37588007206775, -5.947769263459472, 642.2080421727447, -103.28564307827087, -94.88779421402394, -49.134591703632175, 63.106371632664455, 109.52628397940624, 22.77313890455919, 5.4089633907711, 178.07376411324512, -114.27486027299175, 47.14521155445891, -81.82195732473706, 107.980340744093, -12.258971678084716, -23.418126319222743, -47.447493325649326, -17.976041590016774, -76.0735672506668, 14.557297264827142, -98.40384739249075, -96.95227259561193, -20.264079000007186, -71.3009541147515, -4.56465128498785, 33.687711914006826, -41.60930734859216, -20.914740751454183, -37.009752474756134, 74.31249232932042, -7.574624932060868, 46.58474633527426, -127.1498073736359, 18.26052430777288, 61.38253076006038, 13.211624417933432, 41.762327387024754, 132.33805077817263, -138.70465580570183, 3.450369939438035, -45.8188751746919, 12.770904144958731, -8.814073757398273, 38.59587324945077, 114.4520323436576, 36.04913510969321, -48.77630000212052, -152.98150675612334, 8.72835096077178, 44.123161226863644, 11.27207048183985, -33.59856895272164, 67.85927419791011, 61.95438288436116, 98.96904812576038, 20.990689531376255, -58.86419202428083, -46.21726747820398, 51.631123106108824, -47.97534397345519, 39.87535258296839, -53.49810152077521, 86.99721235853542, 95.52463178643288, -28.472354985287065, 78.08403534312285, 16.13947529861719, -164.32277150136346, 36.29714699026272, 36.55405978979221, -8.685468259400194, -36.74059572283467, -139.80169482915937, -7.4576379135136275, 18.071820927242058, 39.79750554595814, 2.0618412304324423, 15.895731390370543, -76.57089254996073, 37.72331253312134, -58.145907197108336, -29.239797551786374, -53.78674231125419, -83.10489939881651, 144.5197193323163, 16.252489180382405, 69.91641622808305, 99.09569074356325, -22.57801673616443], [-107.29939017963083, 9.978925995677834, -24.65714841952124, -44.24572138148211, -78.66256250917753, 0.4869120633239305, 2.7354659563688184, 102.16085745292848, -3.5888933320642744, 46.114179822438054, 20.120612829481896, 9.56937981700513, -103.28564307827087, 762.1380358682474, -105.20217226033527, 145.0218115847929, -132.6085974837315, 22.710568848128315, 103.494028406169, -165.75011326999353, -30.439435399162758, 102.11665380710569, -45.19602447910698, -49.22786630208682, -142.5201814018151, -74.60243168499845, -6.0062449456699465, 26.569018889828193, -69.96591662739078, 35.766034542892584, -98.0991841250758, 27.679868949179486, 29.710053966144535, 43.036340765849246, 32.3066545100371, -37.84907210637433, 50.06528936052069, 61.193487583714, 130.15996062738466, 13.297715051234997, -35.280260146381785, 67.28945860488727, -40.02043235714471, 2.3201193060351724, -63.27229298362739, 91.92934159894874, 4.551612061629998, 60.477901582950054, 53.80991032508534, 121.67558636122558, 112.22495732785511, -29.807566077502806, 22.847648843201863, 24.84015954962168, 128.54308344998637, -19.277248026120287, 69.88400486031742, -77.30605597572249, -13.42589629241402, -5.0537774572094545, 34.86242749482287, -125.49790611839161, 17.015185676959266, -5.717743373919668, -100.7455544207752, -49.43039577971624, 6.241913445328418, -37.761961038994244, 102.35847343984119, 12.395301896677118, -73.47308982120592, 37.56301964868613, 98.17372732638384, -46.6702170792345, 64.10231947243093, -91.63447556528118, -123.02603344942555, -69.40946947480262, 79.59572993779356, -15.727124082524142, 56.41864340947502, 99.2829884157768, 70.95773728088534, -52.349771688329454, 123.39149741576514, -85.15261518300144, 25.399299790293245, 24.10669808469854, -18.043049233282833, -17.622477164045286, 132.7950554195521, -10.219894625632405, 83.7127808540276, 119.43197618182408, -6.718470728892941, -111.34800004066295, 67.30950597553269, -12.157519976237186, -85.38927898797297, -58.33053181209158], [59.256651147382506, -95.4485956660691, -22.097175012380564, 60.666381880186634, -13.47741739355771, -61.61460197081655, 112.7892593265243, -100.75997306283116, 94.52788382430222, -150.58106896671075, -53.87189863958914, 28.076860229529, -94.88779421402394, -105.20217226033527, 958.5013051169436, 38.76037681410067, -94.68190729828993, 5.826340270855089, -172.09203568575148, 81.87102872925604, 74.51602444862635, 131.28043660220504, -0.4557088584720491, -8.123513566689153, 53.32709440513281, -38.16512268006452, 12.200320284699554, 59.803242572948655, -0.6019198985732479, -175.7021978001912, 8.563711698921855, -4.859079233547225, -62.580021785864744, 16.02387218738938, 101.82321374841577, 57.75776851050916, -94.33624422559095, 26.676552123519063, 45.46051240357569, -50.29857145764892, -62.47862376515296, -83.87304354849459, -141.83343660831179, 46.19626738585209, -209.4082970361186, 5.998659165154638, 92.34757612325039, -68.1533230688224, -38.14556852388558, -128.5054114071459, -113.3397924347776, 8.985735970339867, -140.7508038104053, -28.32918795067591, 57.94551953660177, 60.8355714455649, 10.412648791028772, 74.10560828843639, 61.393373903996334, 59.52215522936914, 65.20543748466625, 54.45931884310322, -8.853996251938813, 18.54453199070258, -4.944105500149771, -115.06860808320445, -54.11941472448857, 54.57767125583533, 68.94549010063179, -134.47716881217147, -54.186004747969406, -50.68402383021738, -82.18541457146952, 1.051456250538217, -41.219776917042076, 25.558091798228727, 52.72238068014824, 82.14790229421685, 105.23316150473347, -148.9529115278103, 96.2047677321712, -107.16855166427389, -12.80053235731647, -137.94253205891744, -45.86070234402259, 37.45016744049329, 29.204682943674552, 29.441606967712822, -71.81556775695256, -38.25521854090453, 3.355138485547786, -106.06836358009095, 128.66124187990394, -24.89663138694683, 71.18365733528029, 127.1553043349036, -22.487680339201454, 12.01344422209226, 4.572014380189539, 117.59976664383392], [144.2870287745652, 114.52802498211075, 98.07930062742857, 64.64729552738014, 22.096680647372597, -50.52373924827073, -17.16551231007522, 94.48306509185173, 57.712684130105, 54.55846334546403, -80.20279067311736, -46.54223029409628, -49.134591703632175, 145.0218115847929, 38.76037681410067, 663.8811356080263, -110.26324216811277, -145.73373061397436, 4.067901468640824, -108.5017011667426, 41.157986106962234, 30.255872563397684, 8.536721394936501, 29.82586778760158, 7.614760836423192, 42.21510074386995, 25.916100062782004, -22.206653762339613, -5.784458262950588, -31.32277111328174, -7.464050786789375, 20.69516217911978, -70.34538942082877, -31.28681133717833, 63.00298907157848, -36.7784380187273, 6.73219904284099, -38.4471620411014, 6.139663479713654, -123.50759602550596, 39.362277142218595, -105.57243640045216, 37.74313344279123, 120.97484651879924, 64.50531221096206, 66.52492980084185, 35.9719158698589, 34.993255739255204, -106.27720041845367, -99.76148921825997, -109.3746543424923, 23.58073714498307, 59.16539549373185, -44.60333467753815, -75.46802169795181, 104.50478344393537, -19.99915741358883, -63.98763870511497, -43.19714535679977, -37.07547895186345, -7.989455448281192, -19.299806097586455, -74.87824299858403, 48.70536257772663, -91.41385763258472, -33.60978203573647, -81.30696860970532, -85.94480307031506, 45.99071773596698, -82.25969861456211, -62.49527778213893, -22.43915991683006, 62.11932572101004, -50.927004943192266, -93.57839071202517, -82.42088859803938, -60.09150173639343, 48.84895507329306, -58.29486647760896, -117.16803502616841, -12.32147845686485, 97.46439965374006, -62.185787991635635, -63.92101221814593, -36.06714343520607, 126.24193380665707, -3.0285751852043, -5.999646613121145, -36.563769442898625, -21.94832098188406, 3.1719725284538205, -107.18744559725454, 34.94765389038418, -1.2576327487602048, -103.73201618313685, 38.89587289602745, -51.35464269892778, 79.34773552013687, -52.41716916666862, -171.70699014983887], [-120.0829466353355, -112.53555364440841, -74.61155327538246, 17.087026610291193, -6.043918562145175, -14.285571574200354, -40.402448412740014, 12.939427895923684, -35.2059121313875, -31.848703325400006, -17.485355539951165, -78.3882340270413, 63.106371632664455, -132.6085974837315, -94.68190729828993, -110.26324216811277, 691.1890632915562, -51.586663948457, -60.24467718373647, 9.820773614994085, -56.65390453221037, -62.70954826935387, 81.58573827938856, -20.731397392433703, 151.04462090836654, 42.81715253843717, 75.64734309593186, -176.41315977572378, 34.40697004650893, 81.5553841870849, -80.90197876296858, -59.02560482159795, 95.85201526323732, 64.87235907350838, -98.09491345009532, -46.985054181027216, 24.32004356795694, -58.3281391578198, -61.52901273412287, 54.657710939056884, 23.71419548163738, -45.63148857529232, -63.477847056490646, 36.462716014141286, 139.34616017270983, -17.839540830548707, -12.179138951044003, -106.95143531273308, 34.27691807075378, 13.883615255675927, -61.82702409383419, 84.54517592515123, -115.26947505599394, -110.66573043451996, -51.829144809878166, -199.74157374417834, 32.34808862514558, 41.598583536438284, -42.78511105286607, 44.21809521019095, -7.8653589980257985, -33.875713739805335, -18.839238528402042, 48.75645103201115, -1.5563733460708924, -7.252952080730975, -3.40837374367328, -4.902793642204742, 4.184655177936037, 50.21234784712285, -17.16145895111211, 91.00642827176588, -23.925240272619607, 13.186835945969833, 57.29326080067026, 26.691348770558303, -1.2654477974321432, 63.16956138029465, -26.22488429022625, -61.99692746009798, 115.60962624701206, -2.4693153735519884, -31.05510621029189, -21.022710353567, -36.433120266891024, -41.45284072257216, 105.29892512833788, -60.92943669106735, 185.82541892175075, -120.90004055540359, -37.449712449653525, -23.484758997961958, 20.30454876169865, -19.120156975335668, -159.59186630396064, 71.45840124239761, 22.780931118855158, 0.2885447724879955, -22.866668872279615, -5.615482061486542], [81.11778900419453, 51.448268932238555, 28.490772863884718, -6.895625621687356, -18.597517785588277, 167.8588858389102, -100.82178994591663, -91.71963506315623, -39.91119818254922, -98.41022103949354, -41.31996112217, -24.245177945428143, 109.52628397940624, 22.710568848128315, 5.826340270855089, -145.73373061397436, -51.586663948457, 838.8940683088699, -6.166960615058927, -5.344231693282261, 11.135578449704944, 43.81700724765808, 173.56512560721146, 42.52170094505054, -25.005541604284918, 29.09002551756202, -88.15259555770392, -50.99264848350985, 43.500917365758674, 80.95475609797911, -57.80270225030857, 20.280878321821245, -22.035424698097497, 61.828422585777346, 9.66641614549743, -71.53368453078293, 70.15521528285754, 213.73321523458893, -69.50679678800327, 32.59602734867541, -42.38067121571185, 68.66497414427165, 84.6545647999227, -118.92747207006734, -121.68209217849012, 43.25898928737967, -128.8109655221822, -160.88694701950476, 34.673846718230195, 2.51628246848247, 125.32801774906258, -63.09169727371769, 18.821928742611103, 146.89254337501046, 94.73317127144831, -20.229809308339064, -39.54277792136932, 105.24249959571316, 66.02072266661105, -29.273471200005574, 39.92983192065508, 75.85705141312675, -20.191116837344445, -35.46743064469136, 119.76995193801477, -72.38951505063964, 76.8993743257075, -36.69234927424753, 22.620672650576623, 45.32583706816672, -80.11279487543716, 27.152723607504576, -7.723331682937852, 103.62628724789037, 78.99389559910578, -113.58896956140424, 71.99173886399758, 85.5256850557829, -44.57825451335345, -51.0764591674585, -42.13605617906181, 79.7356481735825, 49.58284900054219, -176.08096755538372, -5.4615924434096925, -94.06301974504788, -1.9770146989733581, 57.55872803142623, -49.8553106592306, -54.44301284015062, -5.893178934912091, -27.803322892416965, -64.39346573228167, -116.1075220923379, 11.544609517938701, -17.9265908801589, 35.77964993335134, -22.578633406254784, 103.2023466992818, -31.385350845894262], [-63.4891262323409, 112.10408959501154, 27.14513817584839, 36.42759892480442, 106.48388404302023, -15.246984828931986, -56.671203742812025, 22.11327373400772, 1.8821448528049505, 95.83980295095272, -86.1732446179116, 35.273339392256304, 22.77313890455919, 103.494028406169, -172.09203568575148, 4.067901468640824, -60.24467718373647, -6.166960615058927, 752.5778092299554, 36.33484779124153, 70.70147574350014, 95.29756320568646, -79.062140776526, 0.5671793470133187, 21.56627322456521, -123.88931468307462, 55.99602626023171, -24.219592724805754, -167.16042715138437, -92.97385505934939, -10.178628459517887, 74.87166413565312, 16.803078616405912, -87.17519437701944, -15.37092873728203, 23.043115129120935, -59.011189222902175, -76.18256965806165, -55.534293373273066, 34.13958648831974, 15.940100414435015, 47.06382805160823, -72.74621506155543, -87.11890686056962, 21.335055930137667, 15.194033871167251, 78.41322466719899, -2.4482772882374273, -45.2557062294738, 89.16635620677052, 193.75232755442917, -23.21998325532271, -15.994125253144386, 12.63782512506072, -34.76143340706798, -41.85298529679229, 39.95945482692308, -12.747267395252445, -19.486618011884886, 11.006181351281374, -156.68992969738235, 3.5899104236056076, -50.14125352746384, 52.34601109163628, -72.44980642244234, -17.640426474746274, 20.91651128977965, 50.91744949962192, -20.217789643915918, 77.97828752313124, -15.283161819290791, -14.331119982629211, -68.00156604904559, -59.510370409461686, -30.464318181843694, 151.66988410421408, 26.399778832098022, 3.7839962361399593, 49.88732921943532, 49.60991802273373, -44.260695557483935, 52.516680671145494, -28.22185132384789, 26.974623347147578, -21.024939337018253, -49.19343498020316, 81.5491904721551, 28.49722863309601, -116.98258498102508, -62.8934989695982, -127.09112404630822, -83.9914438555796, -25.581069228079176, 78.75260131755851, -2.1948264296258326, -92.22627150429872, 22.107659562419897, -0.6090270786578679, 118.51840872666551, -75.78622733285168], [-35.51870660199273, -72.26827111216558, -10.257652701597221, 69.61516580122097, 172.25132678832193, 25.58622454629365, 67.28687035688533, 61.98690721832783, -42.93034099589056, 59.958334602128275, -71.0990691176029, -5.531350923551333, 5.4089633907711, -165.75011326999353, 81.87102872925604, -108.5017011667426, 9.820773614994085, -5.344231693282261, 36.33484779124153, 861.4340234314876, 26.537282558414756, -167.8246458953099, 47.51141778884112, 35.72461930127424, -101.00764293575979, 39.31120321370753, -90.19954965874457, -90.73404383452726, -82.3046739787155, 33.48209694878159, -45.7947145005097, -9.167188006484345, 77.11375299019822, 12.062840026359998, 118.45939845077818, 166.47948165338232, 12.66411759707341, 25.75818405463355, -12.92945654758768, 5.0412123375891635, -51.328780933781744, 7.916157132551716, -15.114400347099155, -38.763467001909405, -66.16361670355134, -65.84284179135146, -2.819688608802817, -88.88680272118152, -106.18080314836067, -8.052947899128998, 77.02395584335896, 77.33300775654675, -69.12998927188538, -31.327020141227337, -57.44310438881752, -61.29122973803131, 183.24734696012996, 47.59178121792777, -57.34155278534562, -9.037217607713355, 54.69363123190656, 72.94828351489618, -149.93180153942583, 7.875940055546734, 48.411695023329095, -39.30396809540488, -91.81463298505662, 81.47978137555465, 96.39967568367649, -73.59284974316925, -26.165919636161203, 71.71785586756725, -132.0690338453188, 153.64889982217434, 103.16803796079196, 94.70339729616742, -55.29644405093057, -27.79865540097228, -20.08958962502458, -78.93459617594998, 81.50470635190177, 39.99704517255858, 17.482317014355424, -29.755231332720694, -73.92253274591675, -125.88643219724804, 43.50948347009624, 16.431557530147135, 35.61172783784254, 112.1079326307824, -106.09809732973987, -16.0832831197868, -20.178589097057834, 33.16100399402494, -49.476518438935024, -11.848528537577142, -13.668877870038674, -35.621333365099716, 50.655493980331954, 62.07660080499791], [69.90260934567758, -112.20799656387025, 51.22594873866687, 40.63003830450498, 30.876698010178124, 56.49072483238011, -112.97971027362136, -3.859398376796659, 2.8901134149794165, 86.01887585307709, 40.55489501371444, 56.99706947306854, 178.07376411324512, -30.439435399162758, 74.51602444862635, 41.15798610696223