{"N": 100, "M": 5, "A": [[[622.5739078929337, -84.31819729648102, 71.21078042904331, -119.88074630482514, 98.90829931056902, -80.30040836107459, 74.62098289179909, 117.79277390046111, 30.714919028099516, -92.95331230912271, -14.878507195178019, 63.577307363086426, 52.96843057448242, 93.36309408797322, 38.58917632022213, 17.615769148868534, -27.927049345045152, -49.85824622718568, -123.42472451919407, -65.65119091460276, 47.78598967804371, -76.19809718213884, -14.57263652975213, 142.0472612676685, -202.19649911865605, 104.22884227389525, 97.36646541807313, -8.401196900007061, -63.69188918907244, -58.55678075153277, -33.17290934785968, 43.160398669243015, -88.8682737482958, -42.15420181146384, 77.8038204219699, -54.01405740019497, -110.09498058733503, -3.9857778579909158, 43.883226848123435, 105.92027495171943, -23.876473103707813, -22.007724492520797, -34.06522155658245, 41.22117913946621, 42.9243587048218, -61.72036023692469, 11.161937336230544, -154.85429164030336, -184.69292221883677, -207.78810798499896, 165.10399068210194, -45.76211845743869, 78.42018504600054, -68.54436073317487, -49.89158895763395, 26.312366339751744, 19.945538235616116, 46.07783600375578, 120.36134092210807, 133.57606630636496, 4.476041764116945, 36.85578981326705, -44.1453085791011, 8.241102939631924, 78.6823378805948, 37.560515184525435, -31.32750338546453, 34.82812383108577, -28.03221662708649, -122.77013905100002, 18.52584926680411, -54.852821676541595, 109.43541982908069, 24.91252578449752, -41.33291738897241, 34.38436833680834, 30.504954536774, 80.39240666068835, -171.46248051793282, -92.49985082080774, -54.90064022120548, -96.73958155464148, 3.884667591627598, 101.17202068557371, 32.6025538133608, 36.312538555103814, 17.11975929892401, 40.176867433976, -0.6943958748581501, 41.673281333687065, -53.03724378338773, -46.91453994061041, -23.796960010129855, 123.14224604995383, 33.507815810566115, -109.62066843396852, -100.06754969368973, -49.590170603368115, 2.5536087749523713, 18.8834566769106], [-84.31819729648102, 827.1844098254171, 111.37086947640917, 60.13697590774726, -142.1193200565306, 17.311046790151067, -45.55800386375391, 89.6403349821614, -4.72771158252085, -58.31617110357532, 67.14046047764839, -41.442878783935015, 2.354220794951522, 68.97025289105832, -15.176853761552092, 56.95401232861566, 128.71355855933172, -31.347129552821052, 36.90867882660561, 98.53006327816185, -2.007579323291048, -39.21559162808517, -74.36367656126009, -94.79031972722846, 118.76268431419588, -89.9875840262955, 35.16801285878489, 116.19002790960712, 22.405692880065367, 23.398040622828876, 1.1212736287105325, 50.70560058558765, -84.4329370105328, -103.46680360266545, 73.38973075104978, 75.7281927865649, 42.472220878207935, -16.264521976709283, -76.07434532637535, 24.91742588595488, 88.30025033089926, -93.30897951560912, -77.66535031357606, 19.97445747585648, -16.220215554253606, -14.312515929997536, 23.676805861357114, 71.8693108306923, 20.452960371003595, -30.90082089590898, -4.793817249727872, -15.303143185807826, -60.5705924872827, 111.19223134914597, 101.70990878474254, 161.2048496737952, -11.067599514680667, 116.67819435882728, -2.0343738048913593, -29.905641115492788, -121.69841549209471, 100.3634743458303, 21.141806093923616, -69.09877176904685, 17.745984190170024, 143.96158608380472, -2.7090382513092726, 68.44067565654952, -24.019098103295647, -69.07282666643519, 0.9377097652464076, -25.407922363059704, -7.703592610041962, -61.902992119082604, -20.950149527162715, 39.56535897176843, -48.73886864922517, 80.61223285342456, -27.618125718321433, -86.51756167353064, 122.2706898806786, 56.050393073507614, -22.469813259360354, -68.5354137106932, 75.06127494511608, 72.35059070927417, -66.8831202825899, -2.2954945454119517, -86.2059896230282, -19.414902332283496, 186.586572310027, -42.97754275092879, 21.460838227019856, -59.32281084429181, -21.29345460408062, -19.625696961106424, 3.340939619801407, -109.95985942884917, 35.60376877255691, -173.01368423170692], [71.21078042904331, 111.37086947640917, 905.9749481032395, -59.974453125112994, 190.72662626437486, 82.08755196911179, 109.3767917109361, 48.00157989580802, 54.912948583404, -123.66448319888272, -122.40130005165138, -54.181806605394165, 70.97688828646086, 26.22581325812055, -83.4396633772782, -120.59277037917592, 105.38519729085759, 32.569890981256584, 45.49137371581865, 197.6342394543366, -77.40501453444149, -38.337044464681256, -141.26644721560984, -26.335823975334765, 24.616581144568606, -65.2167778643762, 132.71333122190575, 97.43668085953634, -90.60657587104612, 120.48567121226188, 104.176130642649, 5.320180773887685, -131.07147881297573, -126.22255421604994, 96.05225256443305, -46.28336392305052, 73.43160402225564, -9.246901059270742, -62.186271696819645, 56.167576339908855, -218.8597491368754, 33.25281739613061, -100.71630436927765, 19.63063112558795, 13.30571415487218, 106.4478249586132, 55.76226360782319, -73.64403770950354, 79.4807130422657, -139.14490015018063, 65.71664717105082, -93.31855848780498, -122.37107738792852, 34.12071452202225, 44.329317350239286, 18.273451731465997, -103.06777174235854, 43.02615925350661, -79.73710966519455, 15.777968034611726, -54.66770351476121, 39.36911432145563, 10.31824904642324, -61.91183089723753, -63.231146695263426, -86.94866012001577, -47.47177007067735, -17.173365858354334, -90.53689669458093, -91.89093837472893, 79.17648350093668, -44.26513445391578, 90.53006013407152, 42.55333921358414, -6.737856049562367, 124.81797100755543, 41.0843867400748, 75.59284698382703, 21.040290047520788, 42.0831150440529, -140.1667969136798, 91.29291376004917, -48.541279108215775, -78.1566435497509, 94.21521559106006, 72.16753260872498, 246.16940132104617, -52.52610004898074, 42.55595239853622, 10.952172277957278, -98.23335150996704, -0.7741882854981349, -37.377605195904756, 67.99483138790491, -92.3779729833407, 102.55240649424212, 1.5701815607195115, -20.342761154911845, -34.7047080611, 90.70368616491315], [-119.88074630482514, 60.13697590774726, -59.974453125112994, 792.0866431573456, -59.92660031446724, 55.84006346768089, 39.43724801410037, -67.49329495053523, -70.6773876910843, -51.00703422507038, 14.653229044448954, -143.27055284893126, -106.04779213155534, -5.477193821842632, 31.608959768354318, 194.36806279378263, 52.83202875046012, 11.716807496325748, -52.13160623963455, 80.2456134932402, -61.70120545000298, -24.90039677083052, 142.42611873814798, -32.2673885869649, 32.97933975754984, 13.585754585522775, -2.7660653966130377, 11.980604930725598, 101.40603597281215, -51.41338318399125, 32.75755420675727, 20.228940357334206, 153.06778297723162, -38.65525227588869, 50.603570620645804, -86.65146616234533, -15.182196465563008, -97.64321321644951, -60.86364683245151, 53.9677288849883, 22.740219992744972, 22.51136364318, -103.2568890574862, 37.432775216776335, 56.668126268865116, -21.505074069146144, -94.59346580603777, 64.94548987175169, -1.4891120154293964, 104.63085683027418, -263.43488420259814, -1.6292601044634083, -12.717528161208252, 93.1881928832981, 86.31204131128843, -24.28809919643265, 113.63595606540352, -14.818218274036848, -183.30147809252423, -81.4302944300152, -23.91896244673118, 115.78014037593076, -16.013151682986855, 31.557542846847873, 32.465570800999075, 57.4666168223496, -36.06285574362387, 12.487246363647348, -10.212636711274204, -56.40458707121401, -129.69474350462082, 26.345124426944555, 16.803766674588456, 66.40608686138705, -59.07956676318452, 3.893530088867364, -16.66623241648437, 27.598292496303117, 1.3116448958471194, 36.075011723448355, 69.91135912730122, -25.853745156591096, -132.91060388427854, 125.45214664083733, -46.770780603449936, -53.33726765397448, 74.39171499910606, -7.745652335701571, 63.51060650822359, -23.670420365758858, 71.40185555177712, -149.60827129642362, -81.99296964009594, -64.2189686998201, -41.6396470835641, 38.45399480593659, 25.926589909606893, 119.85578303189583, -94.4403657880858, 2.8990782864302633], [98.90829931056902, -142.1193200565306, 190.72662626437486, -59.92660031446724, 922.6967995074759, 78.6811862612109, 4.156442616718495, 57.2891782041707, 11.837954795659869, -2.2855765807551207, -5.066978340286137, 13.771571662271551, 113.72679255793783, -100.42628549121427, -21.42558283415331, -5.691316618217134, -40.4767317693208, 43.44253480933213, 19.369800836485147, 32.960803614553335, 15.809096875475799, 36.900061053407995, -150.27209021753518, -61.32635785204195, 21.077370751586557, 13.363092823995169, 39.52518285785174, -134.91837338275025, 14.414101765394944, -45.2811642483242, 68.74140558287566, -7.86796116066991, -115.88286124156444, 93.72051169484872, 159.047516422516, -12.88637804381656, -14.961180473517691, 71.39484682765142, -134.95176959474077, -29.16397094029029, -110.37201994608357, 125.16519063295763, -56.81349549302597, 28.849484438693015, -83.96985765267519, 56.39634082951055, -82.53677861529772, -7.74747649488646, -45.84429176443218, 84.35129669366638, -96.62629812448388, -42.62420137892401, -29.818940337297743, -7.863649378986824, -0.7524201096297315, -47.78884832800121, 77.86420534165721, -87.57547381061119, 18.81900904560462, 99.87576716330973, 9.355853685807693, -6.85080048731711, 56.9607748055278, -107.24522454341475, 95.09401294205158, -0.8862880125812443, -46.11145907063714, 42.09868191840806, 77.36726132144692, -43.17492593516485, -53.89071713613446, -78.67176665878252, 143.34087128503273, 37.50658601209905, -12.380137554820289, -86.52064784566365, 23.926727364775353, 1.653937531084229, -58.25208901997691, -2.8168637827611076, -72.75676049241818, -20.175046689907045, 169.74705458927514, 38.44338817883062, -17.735359312538087, 2.6775081818689848, -29.587505757947426, -53.4157841253286, -5.692663870032862, 73.41968992563977, 54.539299356951155, 218.00316874787947, 7.896726476652922, 126.90617144533843, -27.672098910351, 105.17711656275942, 20.385064612645834, -33.54491554642401, -22.92052040286156, 59.06564002560881], [-80.30040836107459, 17.311046790151067, 82.08755196911179, 55.84006346768089, 78.6811862612109, 743.3291234103021, 177.69883529618366, -24.92588499437097, -6.8789840749726014, 63.99690655289685, 41.60982768489202, -4.848748899333999, -4.496968669478158, 65.55080911737308, -48.22563103631833, 21.66131079506262, 23.017379280696716, 124.83692352285838, 178.14535128799736, 24.50479311748629, 170.77697967803715, 87.42313866340373, -100.06749387219422, -28.87861691390132, 120.51786963726362, 65.06138351668046, -51.059944759392856, 146.4110363873013, 103.18930750133836, -56.054055609796215, 41.99151369402729, -44.0463113856242, 65.81108566364681, 20.838241926831767, 22.78819846417576, -142.02495936391264, 41.55253664155324, -29.146532550931386, -34.701259315292624, -27.115692749681845, -230.59216571582292, 122.0247366539457, 56.499401475978544, 10.207484384606385, -19.790145288155944, -1.0594792851096404, -58.445017090813614, 35.531365792738654, 171.909960435296, 85.8701737650771, -87.4856424432987, 35.214380298670314, 56.16359883960857, -7.853397383490501, -28.714137543884835, -73.07652575652219, 110.66893298320845, -18.85701407680454, -95.26916646315212, 32.58991587596214, -38.44136860627376, -24.265964272944682, 36.29443416914622, 14.736305959434985, -155.1404531697606, 129.1349363528803, 50.773026567068214, -18.95090185645275, 168.54276654815456, -70.09090552738648, 11.759971190781819, 6.259028829167079, 24.236820225510446, 93.99823591199754, 22.438317863846784, -56.231016653161845, 18.038257592641845, 14.3584254755697, 71.40257021180737, 11.32831617837606, -145.24708792146816, 24.936290835219946, -7.2986749655879075, -51.05389487237768, -6.012206243214687, 50.07616352182301, -48.97653849695737, 26.36436078949272, 100.25863277115347, 134.38629320398738, 9.873425135726066, -8.750379395019689, -136.06286078406526, 85.33801088620311, 111.42285116050147, 54.58336309504732, 168.90939508156933, -0.9414938155692253, 94.3524653444366, 40.635061095552196], [74.62098289179909, -45.55800386375391, 109.3767917109361, 39.43724801410037, 4.156442616718495, 177.69883529618366, 863.774238762258, -10.360646059491797, 194.0160661473963, -12.580241143350971, -79.7894973164746, -11.572707756989855, -138.41230760926382, 71.7687569805954, 50.87988588604601, -22.756999249739614, -51.17260694991483, 12.058082156538495, 41.247183320805945, -8.50879407357089, -49.05939558614645, 2.9088040589867465, -140.65853118807618, -19.396703817697976, -122.32211079479085, 47.82667445829727, 117.83142818468353, 83.27837933512973, -43.08127063134017, -20.344753086367138, -13.153234217523801, -3.7327619240675074, -22.765578011555725, -139.10880089344693, 27.53930049821606, -108.262013192052, 83.12308028270382, -21.856696921742902, 31.445092379556872, -143.0017727817422, -42.960088940033565, -2.477617262200095, 84.64848523675815, -36.2021585371611, -35.74440144624961, 42.438050368056615, -44.00563189204952, -128.51921336478657, -54.69572721916705, 28.54607924706923, 95.95866140655812, -41.54202774759934, 86.8463641533503, -68.49340474115975, 23.881859289879557, -50.07149682873001, -14.100049302808811, -10.306970469708025, 82.08008732278714, 3.7780275966627825, -77.7200596043425, -3.026236573480459, 125.34849311986886, -17.862560511428665, -151.9546916900248, -6.368164890896622, -37.50963824396397, 63.4197856337116, 111.74498936773874, 66.30768802299477, 5.245691064649821, 70.4303572493064, 18.668176112528986, -31.15189844434072, 0.6041496012515558, 62.24511013557615, -33.107264439602616, -4.887634206482695, 89.61621136096532, 13.43557518890063, -17.315077304829266, 30.520255283014322, -89.35746541886667, 67.75127703418872, -5.268212007696201, -63.1729651795052, -70.09858258424168, -57.83235333643422, 62.63986999508682, -51.77322464962702, 11.318354091582238, -14.23414747621485, -48.620297912380764, -23.966534626264874, 157.38137610576638, -50.96769093717856, -137.49534398562662, 61.85161434580068, -19.662737948628134, 42.62700176507153], [117.79277390046111, 89.6403349821614, 48.00157989580802, -67.49329495053523, 57.2891782041707, -24.92588499437097, -10.360646059491797, 638.0674646837223, -117.8192380148792, -50.55193000813328, -123.08649022877668, -60.06485011695272, 59.12506851317301, 32.72988339710472, -108.2031246772283, -116.21429980417223, -22.01266801024425, -80.52954352031092, 78.29562102155167, 1.0151132385844353, 85.25298972979382, -35.80474425699798, -57.770588670887136, 60.23293115526056, 98.55355524125902, 194.50694108849416, 130.65386060003414, 41.27095911255476, 16.84012821552234, 36.91932282235406, 143.34056758459883, -44.31234907446454, -106.28023078099318, -38.43205315603439, -18.030388517239068, -14.071482155152278, 16.410013503584725, 43.32052394782606, 118.61452323909081, -91.21251002741818, -82.79977021641947, -89.83804898474074, -85.58090278258486, 29.884996735933534, 29.96427811895973, -91.24280748944572, 40.32912820304642, -14.734605711598554, -51.776935828789576, -28.45490171971702, 43.9705461451746, 3.2213314077413395, -0.994698753984618, -122.66505885925781, -27.088826222348295, -31.34835224028744, 107.24589949943321, 103.177650656421, -30.803863612593517, 8.26499625979079, 26.211547686383987, 49.612386191488895, -1.493225881306776, -23.00992631836119, 39.38230676543151, 44.19289972596861, 25.793868332004408, -58.67093396349103, -48.154775204723386, 42.878313256594055, -9.268359504359344, 96.77424009898806, -5.925961448841104, 86.92222551078564, 240.3476708781673, -62.28096093162498, -3.780037290744491, 73.56945155319754, -163.33804292643453, -43.467124486424744, 87.89817069284099, -7.657272097415855, -50.18558137209171, -88.67005895187239, -38.52225204871448, -76.43226840359226, -106.44015211657118, 11.725172229214829, -62.58621178265103, 60.95988116515409, -107.2326557526433, -30.161999965464553, 54.20904141875754, 59.749627801446614, -15.868808593333172, -95.32109954534614, -16.288574100625723, -35.1410868642359, 60.542896854332234, -29.5657287398873], [30.714919028099516, -4.72771158252085, 54.912948583404, -70.6773876910843, 11.837954795659869, -6.8789840749726014, 194.0160661473963, -117.8192380148792, 626.2246428070923, -50.49288687286037, 119.82509710234021, -41.09934216124671, -3.778011910129295, -20.563187405159105, 87.35031736083523, -114.63840450013652, -117.66541270598127, -90.84459543059731, 43.509353518082726, 45.986553131501566, -20.862271687790265, -101.58370235348325, -7.08325881968026, -60.92382310073532, 6.589182565168724, -35.47454907101481, -0.5512869137906541, 9.515574180281039, -15.216806644430019, 62.28566514100222, -125.27159663821755, 6.996519007992159, -34.58945411120246, 40.13322011825505, -76.40110339583242, -0.14143440827854664, -70.47397409950085, -107.59222029875826, 21.193198589183567, 69.40850161840535, 78.94434362372441, -109.14536548171452, 160.61214643048822, 43.81932190984169, 96.67960425297983, 98.37920030160599, -37.26869523105111, -72.07453016463087, 60.00353782121214, -42.86951785252784, 47.83232579647017, -65.00043879591432, 49.69723384014834, 132.4217194589612, 17.813949634985367, 2.937668324536216, 22.27257863027096, -73.35789415712088, 103.9019196885853, -6.467903404873939, -72.87047217268707, -36.119635831154895, -35.14393391889634, 14.11091786474301, -123.95036269334638, 51.87987827121299, 43.18248144047185, 26.44745776683371, 52.04406744102906, 92.54007612836232, 27.999572017551728, -0.4953741986434927, 17.53324982467808, 30.467915838256783, 0.7238848520840723, 95.70565460017615, -38.243299916085036, -0.9560772091917082, 145.60826445461237, -81.55231719671715, -113.17733816960917, 34.07834967126573, 16.355297072859017, 8.93695188046492, 63.276060443883004, 96.86332447027786, 14.577912461699103, -132.73280057343308, 2.7521996912403828, -24.938140434454052, 80.69909593194353, -35.261807912456135, -30.492782840898023, 36.591819260794544, -50.581196197954526, 6.950258462666345, -124.5445783148569, -8.963865800069865, -31.597238441471948, -51.27558054773632], [-92.95331230912271, -58.31617110357532, -123.66448319888272, -51.00703422507038, -2.2855765807551207, 63.99690655289685, -12.580241143350971, -50.55193000813328, -50.49288687286037, 638.0287525916984, 22.57322613455311, 27.758325107181165, 31.127588744242928, 119.34531350153064, 44.42117680977949, 4.866623488321543, 76.86369077897666, 79.02931364234398, -37.357329140578436, -95.09771718515792, 41.6115314628455, 63.61379646771797, 139.59556005953442, 52.14271394274708, 72.8965591881399, 91.79026346082985, -91.31976156729522, 24.40208403620026, 33.980325243771794, 121.47690282649853, 29.745842206782253, 41.46006569993858, 54.58943654312658, -4.342003030216178, 43.02142635507435, 39.16660675862599, 1.1065511905524168, 38.06562928861141, -103.87538888107272, -32.112100633929614, -81.30922658657968, 26.403381875576073, 10.652599159653796, 104.60835456474982, 6.582204916288286, -26.068248566019545, -24.844134842356148, 38.86277344122619, 58.43776510618011, 84.67237546599577, -133.24345288922143, 31.04877375056292, 32.322691766336845, -13.201296753172409, 7.321955724453998, -28.771860967632044, -142.39258366519633, 46.018321597563244, 113.00636959428911, 66.64503794752143, 125.99207800203703, 4.697570935261813, -20.82240802360553, -32.62136064967116, 42.874644572703644, 49.86090169081608, 30.900548363029664, -57.79083852406565, -110.55573545492851, -9.233909071951345, -3.2021429000701382, -5.518638580529944, -1.5827435515033828, -6.928500478203598, 99.16207155294346, -114.1622939919655, -1.3837586082902953, -12.063540068068479, 133.04283985524327, -24.108553974847844, 43.691299979422155, -12.62449527942831, 61.66538381027457, -37.32719769357459, 39.11232070240381, 132.25530928865652, 11.241635449793533, 125.72371120286014, 5.947610047177512, -32.95197431601892, -19.40874163872766, -129.263056024826, 71.25344323212343, 71.4110590197863, 15.566192494052226, 31.65652742731824, -91.19045701472315, -20.501297317400812, 101.1515845079871, 25.37788067468368], [-14.878507195178019, 67.14046047764839, -122.40130005165138, 14.653229044448954, -5.066978340286137, 41.60982768489202, -79.7894973164746, -123.08649022877668, 119.82509710234021, 22.57322613455311, 862.6184863414387, -26.659323343590277, 83.19376004237984, 7.960913702262235, -37.06473143659556, 14.746098639213454, -10.805058783967162, -58.60922476877222, 23.373095066654045, -29.92215811889593, 183.06657539941514, 31.88638823552206, 8.495938261282472, 26.286733462346774, -43.28476921027847, 23.165071273413552, 21.583588329710697, 82.44445661936658, 112.01740912829717, -47.331266480791804, -89.02126622083935, 4.039115638286728, -70.56006194044255, -14.193065825647619, -1.2981019258728372, -2.483759690797089, 36.17628681380556, 66.4573984962025, -133.74821461619578, -1.9619981511155202, 168.09835877428625, -7.330636219265216, -29.668580612542367, 14.93759376982208, -45.48768083304786, -1.9172221725028964, 41.95211250380282, 134.18693896325954, 106.11377593674439, 41.33327364800267, -10.404095439015915, -43.94434227644125, -16.642056430872636, 82.91935107307545, -42.64719553474025, -21.792572704399298, -82.30718604142045, -35.201382721014646, 76.59677415763821, 137.68683084663772, -21.175488339156708, -29.09462890854065, -108.46829593650942, -84.7564822573567, 51.74261290327741, -34.703699706034065, 53.19217491253744, 17.71286357064482, 157.29250786549335, -20.023136231601008, 20.794470310532553, 7.79710208651566, -88.27635683442433, 50.19005814548059, -43.00544963267495, -39.43166115575832, -16.0637346691561, -59.679501326602505, 95.59758524187018, -28.235724901177722, 135.44655383660046, -19.999162985957476, 29.566823339963566, 67.56165922593011, -90.34173876645745, 22.110032172687053, 59.88979446265206, -61.893644271871416, -162.07975758825268, 107.18203957011904, 160.29541018608515, -61.04422301238075, -33.408204546320505, -8.594734833421215, 56.72592505374244, 94.50588979003682, 4.431227835816644, 39.41720019704316, 91.37719522608921, -54.22800774718872], [63.577307363086426, -41.442878783935015, -54.181806605394165, -143.27055284893126, 13.771571662271551, -4.848748899333999, -11.572707756989855, -60.06485011695272, -41.09934216124671, 27.758325107181165, -26.659323343590277, 816.3805655406287, -12.029050898918829, -68.84284305244178, 111.85879050389542, 69.25275804300138, 132.5244378105752, -98.6062557056829, -138.84007266570833, 139.2382422048236, -13.931738197542273, 81.97474705470475, -26.46103616418891, -61.12150724753844, -116.93976551321026, -156.09385696826172, -76.71384965643631, -59.38569876619043, 12.97342314476423, 65.7706289755678, -62.143144047426546, 108.64135530632839, -31.547302117783335, -0.691932857077781, 45.62424638547719, 12.462886575343152, -86.81950856308913, -10.581229999102431, -27.315119008899654, -60.478743848840814, 70.08168034472968, 62.422878712755164, -0.6593096394557268, -129.359234795087, -16.967507186889115, 11.009685136652257, -13.830972193566584, -53.18911260915567, -47.40460068074208, 11.967535993355563, 42.3410996684521, 42.12037301221762, -55.972803452573224, -109.38248100286948, -21.19605597534742, 28.089030906850688, 69.59765054809596, -28.02948109532484, 75.50082793386542, -7.417766689573687, -50.52957828206548, 16.521369303705253, 67.2982061792749, 123.43331516414071, -82.10433575528558, 49.14443416118374, -98.95551258688425, -51.91836897104023, -64.44186149342366, -85.08555890876902, -116.37931925166701, -1.423172641758655, -67.9137127594733, -12.365402983820537, -23.223580441386126, -94.1004146610484, -83.57680117084404, -27.966083015716098, 95.12518408966065, 77.51510487563728, -54.92325949553172, 113.84219956992183, -4.120024749946206, 55.24407571252558, 82.90840573199463, 12.242973203938037, -68.17502898280092, 60.34143502413037, 35.35786767958288, 1.1052889355008104, -18.433409081020816, 1.3229264259396605, 62.82887416658285, -39.20226862061449, 72.74836300139985, 49.7891940290968, 25.49027025215938, -98.44298136885665, 66.4407989388916, -32.062067125079096], [52.96843057448242, 2.354220794951522, 70.97688828646086, -106.04779213155534, 113.72679255793783, -4.496968669478158, -138.41230760926382, 59.12506851317301, -3.778011910129295, 31.127588744242928, 83.19376004237984, -12.029050898918829, 698.715357677316, 83.37953789299027, 71.10760737876056, -5.2664395235229, -3.234308769179506, -5.281868132621251, -69.7405697312936, 63.75119395870448, 32.112252403736505, 86.46817050829407, 41.555721743932104, 133.7509053446907, -1.5457630579713908, 83.31875462369179, 60.19337336659002, -17.12111730912357, -130.2115604270372, -23.542589071706423, 108.07488060433201, -45.657866022854854, -116.606195250743, 117.00506119052399, -68.34536604674592, 85.10873415982876, -37.390495694351, 48.129248073817266, -46.46452012030818, 103.94330685115037, -54.697086955530146, 9.044428859406489, 55.83868278538258, -151.39148533994623, -64.47485059567632, 21.939208265571583, 17.934114625151384, -24.673655576984324, 32.635853341116054, -51.29817459415297, -30.616929807416284, 100.9165688638213, 43.73173168832965, 90.28758042862727, -72.50005913318653, 0.9352580812739366, -56.03852897939541, -56.49291789610284, 154.64982068884856, 8.556439564427942, 0.40305637153900314, -28.406707662865916, 57.75775934245861, -1.984879408017693, 5.943598041074383, -13.782666155526439, 41.4587905233498, 40.104861150116285, 85.46391968277251, -9.314541421719715, -68.5329538088234, 104.41190804618462, 5.741378167069715, 122.05381748148605, -0.9513634331973617, 72.34950700665983, -41.956242776995445, 1.8646814313558262, -172.77339513673724, -96.26957618601777, -20.00310540221732, 54.10755897494632, 119.33882949095833, -148.82153244681095, 82.7421283260524, 23.002029825841813, 42.4387331044942, -41.30237757700884, -114.97288503510545, -125.33722266519744, -22.439533069174473, 39.509340387110775, -13.552063082147175, 87.3932559309946, 53.10249330976777, -34.15455047265065, 55.94303843662657, -74.64122097379467, 124.02198630806409, -26.30824519394155], [93.36309408797322, 68.97025289105832, 26.22581325812055, -5.477193821842632, -100.42628549121427, 65.55080911737308, 71.7687569805954, 32.72988339710472, -20.563187405159105, 119.34531350153064, 7.960913702262235, -68.84284305244178, 83.37953789299027, 664.7758966417761, 76.05168872345108, 90.05969108064917, -81.06022060882052, -6.8947151508517415, 21.736450976163958, -12.20807783292087, 19.693567912587305, 49.78246030352821, 93.27824107519103, 57.582048816513, -33.32256892588973, -19.992201245490982, -31.251592313773607, 105.6324745166632, 21.680063698138053, -55.786346871694924, -14.932585882713287, 105.28741369609372, -5.354090768437846, -33.945184011014675, 42.095580453630284, 20.411069935554426, 94.36236527266949, -42.19415743063171, -46.883357394373235, 61.404531554591166, -56.49414273583372, -21.34403887223516, 0.8215930728481836, 33.379515121938724, -12.931355470154728, 98.15581356244154, -56.14033123962189, -75.28468154295591, -28.72877561110357, -118.03655176061764, -1.8688944661757685, 123.2882958923867, 65.96399842417182, -17.985506558007824, -25.414939562340525, 92.19544656298689, -120.31637816406406, 150.2426508459329, 48.92856809462152, 60.240243438684416, -8.153065436163876, -15.207756017586847, 63.83626847204011, -55.20046089300009, -51.32830361077041, 93.43072395708676, -73.51026950091322, -153.46963889885052, 44.35452068727056, -41.22583484973947, -81.40422251351144, 57.321856691378166, 49.575341181844855, 39.719340941623194, -16.790886404899034, -33.3890193312149, 9.8864161462939, 81.82202733085413, -8.8835770464284, 20.924710436008915, 37.233878571559934, -57.7786594085918, -1.8572608982117569, 24.751697187595287, -5.562055870704763, 58.02500585758147, 94.55533721840864, -8.25400701856829, 95.22051104188448, 37.22493567372723, 24.957714594959036, -141.4318770351829, -7.956899086796056, 140.66986929518828, 102.35431634699003, 77.67386769074848, 28.736275910219454, -17.807717641201904, 102.99761925080793, 61.66453811670395], [38.58917632022213, -15.176853761552092, -83.4396633772782, 31.608959768354318, -21.42558283415331, -48.22563103631833, 50.87988588604601, -108.2031246772283, 87.35031736083523, 44.42117680977949, -37.06473143659556, 111.85879050389542, 71.10760737876056, 76.05168872345108, 821.623669431265, 50.25316514102781, 6.262154334596044, -33.308539924534635, 31.913149892126665, -81.03843429641881, -23.112838158113913, 97.71361571748507, -40.48221458933952, 97.34249810452201, -110.20104902021151, -63.40350863555454, -34.91331786849425, -32.52934006976861, -46.74368629591272, -75.31615216774756, -30.645090868041777, -117.40240110288448, -35.44383255493202, -183.43824622363908, 108.588725165275, 35.66450605360545, 35.093937593475154, -12.099938494524531, -87.60167990247643, -51.58273655205988, -15.514558389838951, -210.21728868469643, 111.92770374914235, -26.751882138661617, -78.45372635376759, 97.53843683639688, -65.85612688966215, 1.5016057109004508, -105.26956853630996, -28.773065494630963, -49.55279205354708, 46.85410553282479, 123.86178265722295, 126.56949768799296, 108.86344923616784, -83.34003479118478, -102.16319832981739, -34.77414348171587, 270.71601550879706, -61.34315057207809, 9.341566080811404, 72.90420473836663, -75.38472550747214, 110.96580691292012, -93.73599108211708, 38.196246449407944, 5.12320078191126, -52.04386516310032, -66.64706612646211, -0.594051123497223, -44.92508434447475, 23.688952717410753, -112.49640908158011, 49.8878673272706, -16.05727275282719, -128.37691212359348, -50.38012559110393, -68.98124812733427, 21.433032433374986, -93.06207170851619, 54.411177606566206, -64.2751464991889, -77.54442193257788, -70.69410088517414, 34.19446787037881, 62.898759999020534, 114.14802273516378, 132.20283534703452, 19.538983944767885, -2.224708364155941, -2.422294824075704, 32.03137356094684, 48.4601099577483, 88.26607891645317, 86.23055279876259, -100.83002074797997, -19.13523905395345, -46.85476917626226, -74.31680448885415, -97.94207640320471], [17.615769148868534, 56.95401232861566, -120.59277037917592, 194.36806279378263, -5.691316618217134, 21.66131079506262, -22.756999249739614, -116.21429980417223, -114.63840450013652, 4.866623488321543, 14.746098639213454, 69.25275804300138, -5.2664395235229, 90.05969108064917, 50.25316514102781, 840.560725905768, 1.0911932158430446, -164.75868855128064, -39.26050548437018, 70.21626307048619, -4.707414748201016, 151.307079540239, 3.3122399511709086, -135.85913815023267, 5.85890112718719, -44.76912314139769, -52.9807846911547, 101.45706608894322, 70.20667353162322, -44.99163618444286, 13.543153865029048, 10.934251314182337, 111.6187778377235, 32.9241274009286, 91.4979770834136, 81.81069896809169, -101.93713962186695, 98.63752329895054, 28.52188135210165, 10.459629641684517, -19.83042634288863, 42.26414867338288, 54.84470999633743, -5.374303113201881, -58.27984879775871, 59.49373459627395, -147.08063600045497, 7.114840837481818, 129.13489897193398, -42.758076664653835, -7.833214392961777, 54.18264577088176, 67.3069195804613, 13.325989327330799, -89.98986197029754, -17.722714121767293, 79.78645862864296, -17.35905190669823, 58.73026863680052, 9.590829701531609, -71.77825329109103, 58.32269421147165, -13.252566842080846, 54.61917329459556, 209.43292659610367, 19.503141663116207, 0.9336648042468554, -46.57045677670248, 4.6878417675760815, -125.75132211312739, -115.46064584445283, -230.15251876110284, -36.446338300829744, 112.27818263995175, -67.22680671773648, 34.016766946810144, -48.52275956735456, 37.43275324698721, 27.284800268782774, 72.0884695973894, 209.02940456754348, 40.91510251675451, 89.84456811745004, -26.120976246281465, 19.202152083340327, 23.04653451407931, -36.59637353181172, 1.276650086396409, 69.46463951110549, -40.06495917949777, -38.822001564917485, 16.535474848912013, -81.94218349436856, 48.00141284021069, 101.36221091502694, 70.42871903345309, -46.114412360663074, -104.54012182718384, 7.1108475182584785, 33.62266823042848], [-27.927049345045152, 128.71355855933172, 105.38519729085759, 52.83202875046012, -40.4767317693208, 23.017379280696716, -51.17260694991483, -22.01266801024425, -117.66541270598127, 76.86369077897666, -10.805058783967162, 132.5244378105752, -3.234308769179506, -81.06022060882052, 6.262154334596044, 1.0911932158430446, 709.157074814949, 89.19065180229516, -3.8886306327250755, -29.031863671514053, 16.222278421590904, -36.414316150951706, 68.05356318170168, 68.0347754536758, 58.04631205837866, 36.716582463650084, 59.78660714540585, 40.99507185700138, 3.648570052859864, 117.12396861565648, 52.46164060394028, -11.453878135617257, -85.55400318567304, -99.12425648040364, 91.97702838203813, 96.43413245940005, -32.779400748169046, 31.088350172670665, 48.16438926985886, 43.22049232415035, 14.823844977491364, 49.98902725372848, 3.174322454644402, 0.26715988577366073, -3.589762429712695, -39.85007487380309, 8.760502435142387, 38.301873619781986, 6.897460079849661, 73.9567927436143, 90.3976176872925, -43.73096189172332, -107.67056312123555, -53.66509206485483, -4.39033471307171, 109.23920527315614, 40.99513460254136, -32.24633555221661, 22.826140707955126, -63.19812287523788, -41.090357619697684, 26.648682488101315, 2.856933791147293, -8.350935204049856, 51.52620027152795, 45.59012063286045, 96.25858390132714, 55.804504452156515, -23.35260828152215, -85.9974890082371, -107.11683975061477, -69.93887360249119, -103.35570941276795, -77.29290299993917, 36.9894184041249, 79.80273806520115, -46.94470445457792, 26.50047755593553, 20.103993256863088, -13.947247531730792, 84.69273443934674, 94.0642640806188, -163.29220571693705, -24.279744751391345, 63.160546918839735, -5.1388297084307535, -38.95898584326377, 77.32958177217304, 76.06817802785092, 29.327835569862778, 82.38892757147866, -77.68459402432379, 74.08350561302892, -39.765684419291226, -43.227845425797796, -71.76994379871272, -22.756519821748842, -23.528628788783855, -98.41797734159053, 8.751542360051978], [-49.85824622718568, -31.347129552821052, 32.569890981256584, 11.716807496325748, 43.44253480933213, 124.83692352285838, 12.058082156538495, -80.52954352031092, -90.84459543059731, 79.02931364234398, -58.60922476877222, -98.6062557056829, -5.281868132621251, -6.8947151508517415, -33.308539924534635, -164.75868855128064, 89.19065180229516, 785.7603617466476, 63.94069031995029, -178.55790561725587, 11.187464370277382, -77.1545854665569, 165.789724972577, 5.448837634664193, -31.094050647259298, -96.2604342879679, 102.68934154135025, -47.12490889956632, -84.08471635585869, -9.321773077092812, -15.125639840359668, 19.461582256392546, -103.99019758394773, 29.425487951622273, 40.3288763375326, -24.34600249934583, -39.221879059176, -81.62875265264155, -162.3376238601141, -87.34794582164565, -34.371505482051894, 79.76598685595182, -41.56190963665986, 19.79522472303072, -148.22321111442832, -15.118266333259966, 69.7697686547114, 32.13131445753655, 29.75308116871536, 66.91251106722378, -89.61120878634527, 79.7055123804148, -87.56449554674735, 12.734815915737435, -8.149237796554187, -92.60613693550589, -71.21279535301547, 42.70363060401677, -148.9535399789125, 38.53809080004534, 7.600323510690365, 89.30453841834945, 101.31616685110836, -57.028605868671875, 78.31949463004445, -32.870169574411065, -9.582142264503613, 77.45616201090571, 64.50383950078256, -5.139994806668108, -60.06701624554449, -106.52487892988937, 38.48530717965725, -24.639365289023353, -23.301746056924653, 0.20697582203519255, 59.1918935163771, -32.752611627283166, 47.13811832097554, -80.43318638617234, -62.80275778435478, 22.955763671177476, 22.242215544764697, -24.334141683866726, -45.69111986463441, 93.08870938707385, 13.354271895999169, 115.60849401668716, 77.71371243657244, 35.97878289199834, -28.82361355969529, 93.79289843121406, -87.85546806705904, -12.548485104874244, 43.662156867734254, -53.856058925088185, 140.456482427192, 70.0762884779838, -6.496745873191364, 0.6196392788621388], [-123.42472451919407, 36.90867882660561, 45.49137371581865, -52.13160623963455, 19.369800836485147, 178.14535128799736, 41.247183320805945, 78.29562102155167, 43.509353518082726, -37.357329140578436, 23.373095066654045, -138.84007266570833, -69.7405697312936, 21.736450976163958, 31.913149892126665, -39.26050548437018, -3.8886306327250755, 63.94069031995029, 733.5367285216831, -22.297791103337403, 79.91494220342146, 61.74018927188917, -29.322422251929698, 14.046709798130726, 127.65344368091152, -10.880141266005854, -20.554097677798747, 58.49375498695171, -24.797369211677104, 38.487979567191275, -70.91385104310838, -47.859830031911045, -83.35773144614139, 89.14354440265791, -37.4922361548835, -68.66851156851388, -14.093981941895962, 102.54163754737843, 20.97935751357471, -6.994783798378735, -10.414249246511027, -72.1218454209256, -6.963847655650563, -12.417189392911492, 111.69619381705029, -39.923258505648235, -155.47680399593582, -10.971406085409209, 30.977570705798584, -5.476591726702955, -57.02882862194701, -29.81987860302374, 120.00072143570713, 106.04526354155172, -23.568353071154025, 39.80974287608734, 39.8561767387221, -22.36976531729554, -154.77757408728448, -16.524137443667648, -27.779771405858266, 13.248420800737572, -27.73494154496889, -18.56441810810646, -76.16931354656609, -99.04182120263127, 65.0264688873596, -169.15309828939348, 38.01898107746321, 21.66461330660748, 70.00330683548368, -89.29175811742587, -0.14640186397563837, 65.01684915683586, 51.8647359605997, 10.725064447504527, -83.58402310836541, 39.55381121945487, 88.23067175261825, 36.598312665355245, -31.81972984197655, 22.748264843227773, -17.64756960209808, -158.01066382131032, -87.65397084764798, 6.683092371055689, 19.92112396903935, 52.11723203468659, -113.4758661798651, 20.309782775342633, -71.40854367939129, -13.500284199922726, -177.49234365090064, 144.10453822525216, -130.2662459636815, -66.59154218933617, 11.094616238351865, -4.402809419762298, 64.32226760852619, -42.23841670139577], [-65.65119091460276, 98.53006327816185, 197.6342394543366, 80.2456134932402, 32.960803614553335, 24.50479311748629, -8.50879407357089, 1.0151132385844353, 45.986553131501566, -95.09771718515792, -29.92215811889593, 139.2382422048236, 63.75119395870448, -12.20807783292087, -81.03843429641881, 70.21626307048619, -29.031863671514053, -178.55790561725587, -22.297791103337403, 862.4343122821613, -42.22982857008303, -20.489140910376403, -134.50343078869594, 1.9098930235760638, -88.65773518687412, 64.42794683013496, -145.9762416443117, -54.7385118690147, 22.417200803763745, 74.85202545275256, -16.99016972314736, 80.05277126529339, 25.149943182251487, 50.49792925663788, -27.218985442176873, 94.77473932833489, -52.87787709859988, 102.64864537524866, -27.2343805446893, 23.77989626108551, 56.95266532878267, -89.80246225442349, -34.6980125094654, -51.18245172928212, -27.517004756476076, 10.02941834876161, 5.162020141100687, -88.26380660361747, 67.0201331677756, 35.264627577299024, -47.113268766632395, -12.951700428831273, 46.38929870611646, 26.5665086958314, -15.158348225130977, 32.36292185114812, 176.3033487364134, -31.2816783919604, 11.30787446240282, 56.291969521634826, -46.310899767212426, 28.65277167012444, 112.80126739757793, 20.53233322692513, 8.504986323723065, -48.01762279288432, -45.04634263607709, -23.70373222962075, -81.82634521102254, 85.12703726658238, -8.904100017822978, -78.04228057924377, 8.727604956937355, 130.6381092100437, -40.29507168407362, 9.553050562699534, -56.20987117086547, 124.7883875331257, 47.8837124571729, 65.96610985654623, -61.912963629204555, 8.894256713482566, 63.768977061319724, 85.55637793980048, -14.959976226835412, -34.12758685418029, 6.260160841891009, -74.10413696189958, 115.52931064989964, 7.680121390530871, 90.58256234802417, -61.35511740485266, -30.9404646305523, 23.894202194018064, -73.53512424185126, 69.95630920582728, -59.61199777898803, -7.75739689578924, -39.08496352318532, 41.73885534631116], [47.78598967804371, -2.007579323291048, -77.40501453444149, -61.70120545000298, 15.809096875475799, 170.77697967803715, -49.05939558614645, 85.25298972979382, -20.862271687790265, 41.6115314628455, 183.06657539941514, -13.931738197542273, 32.112252403736505, 19.693567912587305, -23.112838158113913, -4.707414748201016, 1