{"N": 100, "M": 9, "A": [[[824.7229986463366, -3.023579473616589, 69.34536732482498, 97.41248764539068, -27.3858745740768, 104.8266399755469, 63.188830926124304, -42.991718709148024, 52.84771669204174, 84.41832076215495, 19.724391466263715, -96.4563839161065, -91.19237991321425, 45.14329711111126, 135.8563653897861, -45.47752450232863, -97.05926724548033, 83.63933138018425, -24.581779629677616, 77.45418179567827, 43.23780498742538, -113.28943491105512, 66.15533102593099, -75.93037336719482, -48.57502778418713, -86.67920443899978, -80.08550224521865, 92.53944581450055, -101.38324483274658, 10.135832619800917, -122.89841662675165, 83.34112651611224, 41.08248013598359, -108.64187088401965, -17.957783722583237, -73.45164685571609, 74.3129072391846, 77.72871263535174, 47.046981918069285, -32.019387403635406, 84.65864685945968, -119.55990776401866, 10.760081565916865, 33.16658999659545, 152.58835319528313, 46.178157021939626, -97.940776035958, -76.67675789370546, 61.55332184031073, 70.85537769093602, -24.96530935082389, -129.45783497176714, 38.21577506482163, 52.45567562798338, 30.879213877301748, 53.820236701273146, 120.70435263656006, -16.61718055166821, -88.45146386486581, -23.290450582708747, -11.014819325021138, 94.24226306822287, -27.18616184392556, 26.408968483585305, -12.30985861871583, 43.25600162663061, 51.07883655143246, -3.0985695849320942, -16.11176809869947, -2.78061039644562, -66.5994121162955, -56.57216103878231, -60.06416757957043, 13.64547654478491, -38.02552125752751, -57.96651735468866, 105.42956300613248, 68.86980104457662, -147.4166594731855, -46.702585435089205, 159.67968345050167, 14.396609552918267, 21.446083401753924, -105.69887038298268, 33.938874665255156, 79.99258551186608, 51.385975872000856, 46.81440577921379, -38.276706350244844, -45.114573506472055, -55.41196587895838, 10.113791282594802, -69.02837194258099, -84.32048789993976, 29.27507992222497, -12.956353746546256, 85.46450250304329, -61.35921408803635, 56.00463790412607, -75.44605051573625], [-3.023579473616589, 797.638272292896, 21.71788575919287, 47.396733120811874, 9.712668364855048, -83.86425036544944, 0.30984747500258825, -18.10467327833576, -110.55980397942014, 41.86577160777572, -109.66171259153327, -21.496525272348702, -42.30266100049727, 65.67562564231213, -0.8631072616600308, 37.44215104046963, 171.11534602673152, 64.6385000895187, -41.886219539700996, -63.14592030855733, -140.06126817047718, -121.21978347196884, -19.90604026540872, 70.1646712710263, 30.229283734604845, -22.102701847352435, 75.53427262848949, -101.72893589296949, -155.1973785113249, 24.6119778333736, 73.52703730685744, -40.19334337574808, -6.277513373600438, -9.233921082084395, 103.60820796163183, -6.605758942705553, -64.86095345844706, -31.23651634405424, -66.10102103311502, 20.852677860801982, 123.7901133280156, 23.206556507471756, -143.5104609562183, 27.352246628515132, 56.42482046475121, 16.41815124808288, -103.68906471873619, -1.141219700023176, 20.89540281412542, -29.803239345292884, -2.355169954980978, -18.252189586541828, 75.96990349882213, 71.2968486297315, -38.164829584989604, -7.593856077271264, 171.52128616574944, -0.88119985222275, -82.74816708875807, 9.304890370753093, -48.77167641635073, -53.21800204940256, 14.556386770280934, -62.610559617171795, 99.97348960107799, -118.17001477363159, -38.09756023538329, 43.00667728611709, 10.068231857459631, 4.014672888756317, -83.3241052506301, 73.00434650507394, -59.089729164774596, 1.4231026956452195, -54.7798750362227, -53.007656727160516, 73.17041577488895, 39.24430064909389, -71.46354548284387, -46.38685116167314, -5.058965383745629, -1.133252026010051, 92.59280626770924, 48.69665963143191, -64.12517191511469, -17.022047303197986, -52.68828625473461, 85.9971601609921, 83.46819257853758, -74.96561010671833, -0.21422336150251078, -29.800013150896635, -69.4945454690061, -86.19277055569349, -10.870258505485618, -33.18899386855232, 44.83909419605228, -53.973821925197804, -109.25450855247017, -7.96945404396554], [69.34536732482498, 21.71788575919287, 706.6724750282922, -11.937568521632437, -17.3850813875577, 75.28493437551816, -39.95956096030494, 40.9018848560176, 125.88085180583326, 14.74545874467571, -102.53902779335785, -7.975782429578269, 59.52483009863512, 55.51376906337499, 53.643461686799235, 21.856977594395197, 127.47039401447402, 107.12042474599902, -5.542655688566965, -81.27784320588462, 40.90680047006858, -22.4107640655703, 71.27696851257276, 112.85846708482366, -94.91192170559087, -13.625613644506137, 35.38499529396969, -139.81242254002936, -2.118718203336794, 53.54474252312525, -10.123980585690353, 2.5302366872653224, -101.7143631501357, 3.395015719917701, -62.16829840254579, -22.471747417180467, -91.26905372201861, -29.084371841401254, -32.23840113307268, -69.6906317631635, -66.41746527522433, -51.45143914609812, -104.02068441244974, -155.9378895849425, -53.60128073812047, 4.454122378196483, 15.111076000169852, 28.281151672344492, -39.84144500321351, 7.292548476271319, 49.20696798491661, -25.994206235013415, 24.08227877020111, 90.46626589990143, -11.60769904461572, 60.79781062443755, 91.69001498092409, -21.342901500047994, 2.4259004173302876, -13.075411659715357, 102.8690840739709, -6.100914557934867, 55.35874472665475, 117.7306490027423, -1.40195147850005, -33.33336894072012, 65.2505094266636, -5.140161191917281, 103.83038253101509, -2.9257117337189613, 1.133082106913767, -144.90401006510652, 68.16779480836321, 83.99402822188408, 27.31303956664818, 130.93251164945033, 94.13254501544027, 88.75896537159232, 24.27090210941754, -5.620207735418026, -116.36455845046287, -69.4679642400254, 60.94500557050989, -120.8019754457015, -73.34051236059257, 71.40467522276906, 67.20614619836934, -46.86491564210524, -12.768084551106083, 18.338960816881308, -55.77224914060342, -47.8578967759357, -29.467934742795357, 14.854713048394785, -134.98444524747123, -3.4378823804601657, -57.08605494233738, -8.010880997327746, 44.67778175764249, 6.463469633432633], [97.41248764539068, 47.396733120811874, -11.937568521632437, 942.8274333591131, -0.8336461283876205, -49.08759106516426, 6.3525182721687585, -11.767262963466658, 11.20646772419394, 8.445896352075723, -75.4937784432845, -68.04821968598323, -86.58233752154476, -39.70551770319396, 57.772722392824605, -15.27836004940174, -0.9269457407085825, -136.7616739959124, -121.1135516857032, 4.155813341988922, -0.02291560440230691, -30.18842863133215, -5.923703573682875, 40.007386724505885, 1.690731148241205, -28.762189771156933, 5.8575646863134985, 28.9563682177755, 12.614607345919774, -135.25698851691502, -14.593981018265643, 135.14838976992496, -65.35772748880639, 18.173366476464054, -64.40687767654151, 69.0817856589375, -62.43384133785331, 222.00215804604883, -85.59479710081648, -115.86837772305819, -105.73639319784796, 19.520850254350485, -42.50531374767217, 19.293510065467327, -34.76583716514498, 35.38496197624623, -23.40643632875546, -11.1217109574618, 98.42271155167113, 15.8309997788124, -1.8514963828700346, -132.63243750362258, -33.78980408857164, -62.90325271503804, -3.959800336038172, -24.883284296569535, -139.7594374038102, 41.29673035822264, -30.808725186164644, -11.482425917821315, 37.00126281816222, -11.671604077891287, 81.73009300652588, -99.37991405344671, 80.18949867954665, 25.403128248054276, -84.63860666290257, 94.04721650193527, -0.6368033301701171, 54.41169549020369, -103.53127632687921, 56.199780085994476, 22.43800782202874, -150.20789617205608, -37.80785325407188, 134.43315676589975, -26.77632208902055, 51.25554276870672, -139.74951786893794, 61.973809947623174, 65.53745634353422, 70.24823905617593, -23.89744535147212, 21.180516758315147, -18.104030288298006, -25.98480053225713, 52.13534287814061, 2.1111473423223233, -37.73451254158834, 64.17401131076791, 64.64441972386562, 10.138424574582046, 108.03157493143839, 110.19512245510711, -46.16366580993986, 94.75489746687687, -92.0588107092895, -65.38850465864748, 42.765837668432816, 31.11822592652406], [-27.3858745740768, 9.712668364855048, -17.3850813875577, -0.8336461283876205, 672.0650766161212, -133.58366669583242, -66.28787045438327, 25.913579452911797, 61.045824114280826, -66.74728896734894, 74.97191181676843, -44.18572347093838, -70.1958863930998, -19.16848319901314, 14.559785351441159, -76.58237157940064, 34.955695638924006, 118.92429633633357, 0.3912469579563902, -95.04576191880625, -22.246954789619863, 51.02062305721771, 96.04473795723412, 21.10006593982411, 3.168075383231958, 82.44302547886922, 81.09420999996524, 120.93278659670553, -64.57411108864665, 16.870513665080267, 28.021617754248496, 4.7998611811906615, -17.82197945618399, -44.65178803669758, -22.310272253044584, -16.694638178486503, 71.68852062430813, 60.47576090655115, 0.7960859172207949, 59.05848018979731, -98.12505764477619, -23.594823504020546, 54.54917392816696, 49.64144294254477, 1.716587680531954, -3.481907860888352, 40.42775200331027, 2.945661322596026, 4.762642652098638, 47.196938548316666, -4.412833125089917, 30.50639874500592, -18.647643766651978, -14.842576311405479, -35.5211780320488, 29.096512884084138, 64.87130237235498, -101.81908615342665, 74.01160029930935, 78.15511612216018, 14.461776695360687, -99.89666504856801, 29.45739168496444, -63.495001909272055, 7.041476332727307, -8.445718726177985, -0.99564716178501, 0.28706369774632357, -44.63899585226284, -49.124992126211914, -4.012846880763952, 12.561369005820662, 53.43198273610253, 14.460659236956909, 6.7758592915547755, 6.909093944606365, 52.75406803296828, 2.6154067621161006, 84.71136888033807, 0.7440517050132429, -3.267557835490917, 25.537019398959774, -126.16756785647439, 0.5200038541255267, 146.12901216532566, 0.1617120218448755, 84.86773290468582, 33.31876415027875, -104.72332992937537, 59.29621083058908, 17.54027647652632, -0.7691312658153485, -16.656265979459686, 46.91885413065903, -24.65048461918265, -19.711542966172434, -94.13525169289478, 14.19640468778571, -109.36465316055606, 106.51423385481874], [104.8266399755469, -83.86425036544944, 75.28493437551816, -49.08759106516426, -133.58366669583242, 838.4676974485232, 203.20496049436122, 26.3512381911377, -37.5756888815466, 63.73925732648112, 35.380854448913176, -16.544116996968043, 58.115418060351466, -65.30798228140365, 75.39412306526732, -60.47231321504912, -36.91192014332823, 65.78677973457519, -144.01554117110305, -147.04441101437993, -52.60414743925754, -5.177072306325983, -33.271908994732755, 21.693374643058853, -5.450791788634253, -163.4085859689402, -149.11357547687984, -17.360616572906135, 39.879555567259956, -36.45383606468009, -52.4679111502817, 30.586305975812383, 39.10558873651443, 29.487768636712687, -26.090772215719454, -125.0888502559891, 112.02244152614726, -113.1416551082534, 97.58987573927281, 26.92065904084638, -57.22018793093063, 53.14297388969077, 54.75429028013312, -60.15486535232473, -30.886990603648368, -107.14422452295591, 2.5178850778069752, -22.705635093902117, 52.917514127964985, 11.187767908371312, 45.34700323625956, 147.53486155968537, 49.96467235577125, 48.791131515612385, -65.20052068866107, 42.03573494864165, -44.94085289686015, -61.010764159708934, 26.32611336248391, 86.29693852771959, 85.09850948525411, 32.642044727069, 2.49842069900588, 29.753344126634243, -59.22080708222548, 126.46279085541458, -13.408560759217877, -93.58373331388323, -178.37848650256794, -31.058152567698084, 3.143783957454018, -28.65557982753595, 56.851741810554635, 35.3820091001829, 65.63935139275414, -40.35966657716032, -27.757963115304776, -23.671608190752053, 11.327123691921669, -32.03360157619346, -95.14015166656232, -61.031026374858584, -157.08177858843138, -18.81563779343883, -58.41126299783722, -41.64166049228463, -122.86073567449137, -57.48555680101862, 20.923102285936007, -68.46055725251219, -29.27320246082948, 43.40828734200182, -56.334749945766006, 1.4452864599104671, -4.5188299111313635, -48.71896017325356, 76.6137034322711, 86.42368579085921, -12.54995589395669, -100.03216663458417], [63.188830926124304, 0.30984747500258825, -39.95956096030494, 6.3525182721687585, -66.28787045438327, 203.20496049436122, 844.3370125880771, -29.67847722602915, -78.7745246525962, 49.965296412274576, -13.1323380304268, -74.80094384950566, -53.589694060311395, -163.292198231802, 4.7348084418503005, -134.09491184929382, 37.8036977305109, -45.23741992254663, -51.544347405951115, -116.06117017311436, -53.529426215544895, -110.51356692212455, -124.32223484536593, -60.96417727159015, 98.95532565350723, -42.41747811890107, 50.32167346471059, -23.402061202072247, -121.2937337129774, -83.45759930299397, -132.51885933100274, 48.78283645085956, 84.48727325879632, 19.81121392219638, 139.07771091275032, -37.866992016887714, -5.984139481518815, -92.782465196617, -80.63786126082118, -43.249851296047204, 82.13144314597268, -65.05746835898422, -108.46463381080969, 18.04839434212833, 105.73164427424172, -80.80467499829273, -174.15381285468828, 11.318861002493152, -107.43388301505094, -5.030635191650565, 24.330473036449348, 43.233791957771395, 101.95969889064857, 13.677033278472992, -30.88553290050845, 73.32548564414127, -46.33641889182474, 59.123020333891276, -97.3183862103975, 89.86378731447621, -98.85572342451277, 36.57247401773463, 23.589915589297657, 19.078172393444103, -56.763230853463334, -55.27470738660273, 49.69332133857598, -57.26401762105219, -74.95221166534562, -90.18869045689858, 122.05340551948383, -41.20676161440658, 147.56238460721934, -88.0087876247515, 39.974380026952694, -60.12297814263672, -89.42706100871807, -29.971723771034775, -39.478283430382376, 19.590973016007684, 64.34397807929001, 22.23416802969513, 23.20366481353466, -6.339280096965637, 51.974178575385196, 78.08271309967941, -67.40667753404517, -61.13955611085118, 67.46732645252692, 25.600129068601987, -40.472631327528035, -111.3799131343455, -25.013061315635408, -22.676641668169285, 161.9450685956325, 44.21546734915361, 205.84103794933293, -8.282556886059888, 14.746323007171371, -15.939524547659504], [-42.991718709148024, -18.10467327833576, 40.9018848560176, -11.767262963466658, 25.913579452911797, 26.3512381911377, -29.67847722602915, 799.8615393874719, 23.698183150909912, -123.63702386685836, -34.47864386474834, 55.90114255373036, 60.97734964823701, -51.674165463100415, 72.34810942612437, -82.37628675292832, -119.83551906412364, 18.210103837635955, 47.77710393868148, 63.59472044279959, 23.635232309226804, -114.7832681211747, 57.94739305994273, 43.59697939818881, -47.09934912761344, 17.091492635126123, -34.8948564021538, 69.37224180800794, 118.1221042118268, -69.73198026043468, 49.16743290423969, -4.138853730182093, -93.109287149096, 21.63278538064997, -49.05105289514642, -64.56454684639563, -28.089979676918293, -12.17775708908183, -8.291032877055322, 129.873736001357, -41.29191778578177, 61.508603423223114, -6.995069820949105, 26.500417276295178, 32.566373698935934, 9.419241166838486, 76.67333169749026, -18.778043078387608, 13.199991386149996, -10.956227640857342, -57.45970637190583, -25.605869315683783, 4.326864574794456, -38.181648356002256, -10.943603638234295, -27.04330142799226, 60.822124123304036, 4.295216385969899, 90.18758274570865, 22.696044330411002, -91.60868068600703, -60.99246305435332, -21.2848047873543, 35.7641866852593, 2.401485238507439, -8.89007992753808, -39.22825922866815, 31.28282254717426, 60.67277162511428, 74.21749181809462, 7.554991430479941, -34.706409155218836, 50.31488085419625, -60.08434807817808, 1.2524255172521084, -94.2381239473807, 17.606996097078284, 18.75411768946906, 37.29152635082544, 11.247854578669182, -54.13404631106891, -27.568585862930778, 32.98822838204469, 67.75271583249135, 74.2526708802337, -51.70554696034101, 141.92650330499853, -71.23510811439331, 101.76316373508035, 24.870519942138962, 38.73336985173784, -91.06200695841196, 111.05645294104018, 105.45388153672431, -14.33617512180347, -3.2948372300234885, -9.183992103393594, -87.71614929322394, -35.17664651319193, 80.33561845917956], [52.84771669204174, -110.55980397942014, 125.88085180583326, 11.20646772419394, 61.045824114280826, -37.5756888815466, -78.7745246525962, 23.698183150909912, 908.7722646907707, -8.326618081918552, 78.77018140497877, -14.179378722836121, 93.34305134817875, 14.564563233266266, 137.3845521206076, -65.01034166797987, 61.17762916785217, -20.322806781734876, 32.79800391528677, 53.43008895269673, -16.07362859334344, 52.16252766519422, 18.61927952432864, -106.10542278496943, -160.76234517947037, 63.819918211292766, -0.5518197858391215, 91.93675591237762, 179.96191306229315, -31.379590835400336, -8.791499606512929, -74.9958191268061, -127.08060933015858, 92.35798090744309, 27.45341183687793, -144.0492046314268, 85.79026230676101, 18.40111386710422, 39.15816416320107, -10.063112210435724, -50.144326833489465, -52.02330403197298, -80.81773976877362, 15.592970574647811, -100.17908015959696, 52.451115549097025, -110.39698740028231, 1.2274014675505363, -49.06156448023926, -23.41249452853316, -16.979117287306654, -72.44336834033732, 9.116619190979398, 5.665191009401091, 27.317115949341407, 7.549530302263758, 63.614320084302584, -5.359630071764369, 107.37864131705958, -104.66204576492005, 18.348855044182613, -68.02131454746272, -140.99440301491268, 44.222627550136, 41.367544210826274, -8.435405979748806, 14.865700440138498, -13.770346114449374, 106.29691907037049, 17.809185923499324, 51.341451363247074, -117.29459461896559, 19.860665213743932, -72.6285583176917, 192.92203572914946, 132.03055728795633, 12.686693279554504, 93.0653505063174, 95.78549328467935, 93.9939193156819, 87.25878183495223, 59.37143727454494, 50.527828797699854, -24.152584978524626, 31.033019586068228, -22.77700941106598, 32.54487545552666, -52.241412065889186, -90.44374853892282, -14.999150027642138, -117.31103326626113, 84.49507628166127, -11.876122818326055, 10.478518564866459, 36.9116499606386, 19.219725712415702, 3.7050174496338695, 37.48011617797499, 186.31392305825588, 50.089462984233386], [84.41832076215495, 41.86577160777572, 14.74545874467571, 8.445896352075723, -66.74728896734894, 63.73925732648112, 49.965296412274576, -123.63702386685836, -8.326618081918552, 731.6801596646816, -100.81746969183602, -109.54427895946341, 115.76495918492877, -108.35782773314568, 127.83003314173752, 15.071674520162084, 81.69470915369868, 65.35402908312541, -43.842746569565676, -71.72431626807767, -24.723268880697873, -69.53244357723824, -57.60486263648373, -51.44700200726615, 49.28351099938841, -120.75154016638251, -26.998930388223467, -23.599092274038465, 108.6892193203056, 67.76278138495627, -56.65859620821101, -71.18548723831051, -62.11970529592965, -75.21707293919877, -11.581410199706275, 21.147186598179868, -14.295450728900795, 21.645355992717658, 31.390886124019467, 23.91064870521721, 18.003901806838677, 113.99672689949476, 46.39696388354186, 12.66062645581834, 24.10894322800138, 13.329869541880056, -83.87258345660673, -43.71482951171793, -36.03635869089656, 105.48809451833456, 94.9067936298836, 93.43943482383906, 16.51599585133309, -13.51646176319867, 25.285826105938817, -66.87314555917742, -25.96299664226021, -60.489620460260255, 12.616578126538085, -139.74859849130613, -98.04950613121758, -2.195416869961002, 51.02122056692608, 163.098705328243, -126.05591906911147, 6.233748997508195, -58.981264213349334, 44.534680766394835, -13.798467204938802, -14.173959557411195, -94.76073344811488, -38.30068409196671, -17.73642361706663, -68.66250343768839, -17.696396077473544, -37.95715406130403, -113.82360413241643, 31.469253537521418, -110.20423393187927, -51.50929840405171, 14.591531627710365, -75.42643829451873, -35.485883706591785, 89.65303738520197, -31.19390984710379, 47.02025185457954, 96.81700080167934, -40.14671940030148, -126.6735222475101, -29.201782113210264, -106.83482212165607, 144.89945242201222, 26.674384418791863, -17.78260054732032, 63.3243724146537, 4.3655585390079255, 88.07849149747898, 67.98934509302966, -16.008993291232166, 113.72364312253778], [19.724391466263715, -109.66171259153327, -102.53902779335785, -75.4937784432845, 74.97191181676843, 35.380854448913176, -13.1323380304268, -34.47864386474834, 78.77018140497877, -100.81746969183602, 692.4054329109905, -94.15437137416185, 15.98590696792084, 17.875983009802106, 2.310257912289714, -170.86524462022473, -20.069300765161778, -57.7444231030751, 56.69636226609251, 121.04010859389884, -9.897536923610271, 83.02512440063308, 34.17990417138533, -24.102600130225465, -37.18499914165309, -6.3166571401109595, -152.4472154218944, 13.733031280723376, 13.08393791077536, -28.354849884926253, 1.0166447780836554, 15.602316279055314, 5.448140803897617, -65.79103090683608, -60.49271634352542, -2.811110137575799, 58.34657747174047, 1.6564082198005514, 61.63490997913647, -107.40214043394303, 12.212964403859651, -1.394504324802833, -9.242213341698971, 81.10283690079778, -48.27549738766576, -99.1941088961981, -9.354984664512553, -10.703045809560011, 87.65972150393402, 86.55065665791656, 5.401493479690122, 97.64770595369475, -34.80591943071914, 35.30016899923337, -36.18358631409081, 63.693313721199445, -46.19536294643089, -25.586599776819487, 48.60145067721884, 13.177549642267408, 10.219689250550239, -11.50445706505939, -27.255266816732266, 29.393332725742006, -72.3151578654726, 7.773086847765351, -18.975956593317825, 36.44960138556335, -106.348607858158, -99.98267422554356, -17.882710509453005, -84.61748123818649, -50.14410245756614, 69.37193202657473, 26.061342774882938, -111.43618340897146, -97.01163387039888, 12.342970023503126, 30.399980417472854, -3.6227252932856318, 97.11014818357765, 131.72834298076805, -65.87780359121142, -45.48147196611558, 69.98969955766935, 89.70641489140887, -46.89602143036809, 123.82143048853294, -111.08984387386732, 29.614524898973254, 64.68457147086967, -56.904247431324364, -1.0879679848364374, -0.9064515193759722, 65.1697824517937, -59.59255414246491, -43.547053256908114, 10.138482647902014, -18.579246613292124, -36.20023141239415], [-96.4563839161065, -21.496525272348702, -7.975782429578269, -68.04821968598323, -44.18572347093838, -16.544116996968043, -74.80094384950566, 55.90114255373036, -14.179378722836121, -109.54427895946341, -94.15437137416185, 859.629342135565, -61.710157989842706, -82.56256950388416, -19.136350477425655, 25.488113597992555, -82.59013228556839, -50.806240575493106, -19.199701146821866, 49.84021272002177, 119.00142907233418, 27.65482304965743, 35.97937038811283, 107.9799862671099, 30.44506277852202, -5.787613857733963, -31.795235180034606, -51.94751594381708, 85.85067056785795, -44.74422482513616, -20.95924672121175, -38.06866183423682, 202.29562872586578, -99.44571513135641, -10.800127499441222, 121.02920405951761, -22.57088854330167, 159.67325427944164, -22.251577191716244, -74.40658702849215, -67.23237003850198, -80.60670196972795, -17.18827176917389, -1.6247560034048534, 78.96576046226897, 57.790237470269915, -37.47743473388238, 13.029933495912779, -32.34145683222965, 55.10118302215831, -13.814347675154783, -224.21526554525346, -91.33912539590288, -87.90577125702012, -17.590512769285663, -33.857755979924626, -23.03260446978732, 25.74486759164942, -65.18918402763418, 57.32714733804423, 68.42786387817513, -55.98081624873997, -16.386920370151437, 78.21597030679474, -84.31890073075327, 48.382214629456726, 56.20818928670152, -24.717230299622994, 14.974187449644973, 37.54102350385016, -43.87839344030719, 33.54540357559196, 59.98607021472853, -53.99378602802406, 36.15990737516763, -75.60624408221992, -19.942456389282302, 14.351448886384047, 132.61845861799134, 86.70878728739788, -47.78089797510805, -33.25952706712034, 18.87408396371175, 3.824139205187623, 18.33182920184835, -37.38446426502923, -1.1029667698555299, -22.091458776192802, 74.5839741510877, 7.664998321049231, -156.1982110821324, 105.15460735543941, -25.08123911768055, -40.65158132805641, -48.70861122802262, 89.65865874417409, 50.91588518811524, 12.694485890797809, -9.03900592407901, -176.20773855289227], [-91.19237991321425, -42.30266100049727, 59.52483009863512, -86.58233752154476, -70.1958863930998, 58.115418060351466, -53.589694060311395, 60.97734964823701, 93.34305134817875, 115.76495918492877, 15.98590696792084, -61.710157989842706, 990.565098062273, 89.96595202234428, 74.63033070546416, -54.01374339417139, 38.25600116695845, 102.40023191589496, 34.48974281602524, -63.83468087007087, -60.07612598099028, 54.776078367356526, -16.661042354083296, 25.409181256423935, 58.66842909991832, -60.79367188021627, -5.532441324205921, 48.51906996803316, -38.790478231662156, -24.583738201707295, 16.979847159119114, -22.22313010005651, -8.408413531955192, -3.289420411751357, 12.900066060134336, 60.93117918391777, 145.0648684591385, 61.023181187711884, -2.1735355303070976, -0.5175313810340848, -51.72144418142651, 47.2134684758051, -17.935893668755032, -21.22512838151751, -14.39395978853167, 21.43994545329731, -39.87387238863517, -64.77038645421278, -30.08564479516044, -47.27426415877047, 50.85891342856467, -99.31020187205094, -130.0429840967152, 113.87423708258547, 16.53653693955231, -45.12469708543141, -71.97061766970954, 7.093177045740417, 69.53087657326995, 64.2004267880056, -117.3509701264756, 9.83698056304646, 33.45654260948499, 87.39949357590064, 8.277893995587123, -57.504153238853156, 55.41487169440094, 31.532639286794314, 79.97026172513738, -4.4274235219911375, -30.452186870478005, -123.80784974352686, -25.119354141572973, 89.58539624569056, -21.00884359949726, 20.260215382424196, -35.82763933606874, -61.61502667189393, -47.75444905153589, -6.055690100301312, 41.12233078222598, -66.2479129218895, 31.373693629705606, 25.799821800069076, 16.31717282729168, 12.925679014292824, -9.619297378408243, 41.94324312262093, -14.092279484549795, 75.4583660035546, -49.79677080818423, -50.454155522064646, -42.728388835340795, -15.198792979354899, -98.37828158138142, -42.41585837074326, 49.55218977044182, -54.76515990191875, -119.95205961453517, 2.00489164388794], [45.14329711111126, 65.67562564231213, 55.51376906337499, -39.70551770319396, -19.16848319901314, -65.30798228140365, -163.292198231802, -51.674165463100415, 14.564563233266266, -108.35782773314568, 17.875983009802106, -82.56256950388416, 89.96595202234428, 934.8052991719709, 136.0578354680807, 57.66549182147596, 84.85768001205325, 21.847852412283068, 92.12009662216417, -101.7785783297086, 67.1695773528918, 71.75167893238667, -43.859883695580066, -2.942714743978853, -5.705125121570287, 119.79504020290693, 8.996772787772944, -118.43744861133551, -76.67596734792254, 35.01689992693913, 27.823262140397333, -25.360799638872454, 45.45361153516027, -72.56404615038615, 110.65137957626575, 4.657306596483378, -42.044512382144376, -50.99755143971627, 22.15754723350344, 178.07896761995374, 113.88717974341755, -47.490641073935016, -109.73486206169254, 36.74933715973664, -94.50193200139547, -30.38376347388556, 78.62904990953102, -35.390306093743924, 80.88140613289892, -15.132589013357023, -64.02412614030229, -48.140505513711375, 30.156466429911802, 9.32279210406865, -4.091469613847798, -46.578074554934275, 29.76077826216041, 104.44520439864722, -22.200115460043364, -64.9736664013972, 213.74870371770862, -44.61229974331371, 40.71939723906242, 106.93687322338731, 88.39776287073806, -68.19637097530853, 56.60374973589597, -37.212459534734535, 25.249521748364998, -24.301063057035083, -195.71140744504316, 66.53090578471733, -93.01596011020493, 61.93028569528913, 20.151623798601605, 71.94683717129713, 25.55015755962292, -65.40753367724352, -48.0447428321224, -65.6230383113105, -84.95641431167373, -57.69495086702387, 122.49362200837793, 19.991797116595762, -78.47639956026879, 6.294243761888573, 11.990697742293607, 6.966958918366376, -7.570810337350769, 46.083943318790425, 78.28456250846781, -0.7847945309943098, 18.356435166419754, 28.518733558181488, -133.34323311763885, -39.21102407572754, 66.90102101885859, 5.6424152394582165, 16.804100195398792, -62.18532772009187], [135.8563653897861, -0.8631072616600308, 53.643461686799235, 57.772722392824605, 14.559785351441159, 75.39412306526732, 4.7348084418503005, 72.34810942612437, 137.3845521206076, 127.83003314173752, 2.310257912289714, -19.136350477425655, 74.63033070546416, 136.0578354680807, 859.499057518948, 17.675597163805282, 23.247045321267006, 205.12280817495684, 8.382575393296742, -73.2174809476006, -81.28967026663346, 69.43359380164851, 39.87195767410457, -119.84447496157988, 77.50491350934011, -40.98965558651901, -198.875354456335, 68.78434543533086, 136.49164945696677, 56.788822469982165, -53.4645597998504, -132.72950822770832, -104.74795209134346, 55.037382626391484, 12.866040042457861, 144.65524633101856, -15.544898429003316, 112.03176239115055, -4.801583111360532, -46.30102345052002, 62.20004694807515, -1.8151199344850295, -76.67951172307885, 90.5598493722064, -110.37949639047976, 53.35735603005756, -49.98049697800744, 3.9031989206301145, 29.86306917795095, -29.487233819645027, -67.15836233408471, 48.664729056558485, -35.19386993395135, 11.574699891048882, -5.4083609406781905, -60.01493730359664, -95.18981528537553, -11.838068162791897, -10.543454752847895, 13.388120570565974, -66.29410144460994, 89.66392088327802, 37.24981497565199, 76.64754253589896, -4.4494688764028805, 72.93090093206989, -98.78533318521636, -57.37545495509851, 33.867601000307786, -13.58177660549966, -114.18946810125215, -89.43715877347523, -17.308355277369053, -9.806284624821206, 27.816335986968348, 23.633255694009726, 60.48984252871091, 43.53981062142845, -66.94006965152454, 21.879918482002168, 38.15681772651467, -99.70993923421877, 35.30191492904761, 106.47517485846002, -59.01861129138348, -131.73741492092952, 8.366370842072568, -173.92223946446467, 41.68064405257427, 30.090116852723316, 88.64661022101683, -65.5433556110301, 52.51457727702526, 71.70909967043822, -24.29052336126164, 38.14542152715363, 75.12870557139482, 133.34920201231054, 81.3953148690698, 31.030781107241598], [-45.47752450232863, 37.44215104046963, 21.856977594395197, -15.27836004940174, -76.58237157940064, -60.47231321504912, -134.09491184929382, -82.37628675292832, -65.01034166797987, 15.071674520162084, -170.86524462022473, 25.488113597992555, -54.01374339417139, 57.66549182147596, 17.675597163805282, 823.9062606267205, -51.444195080950486, 57.436064812810514, -3.3849425741039356, 80.86460940522002, -31.496698702687016, -48.63787761399578, -31.026163727371454, 12.952147086435993, -7.251207957013045, -26.98653837765901, -0.8526529219186139, 84.60217813352853, 145.18368871918867, 58.90642680284469, 108.29877234777314, 0.6834628962559037, -16.568808220443696, 21.976962648658464, 43.55362398764973, -65.78900676593646, 158.44007865233257, -84.06311695044897, -11.244182425742558, 40.67452946402635, 56.68214503083586, 117.191653375647, 48.63447698946163, -35.206699519719464, 4.006516816572296, -7.794488664223943, 25.778650145038707, -113.31607105355968, -78.58027189846635, -49.76121018500665, -23.326569019319372, 124.25476133595912, 20.780850606553514, 66.573041450196, -24.306087653756602, -118.00536893786968, 54.147599768085975, 2.1327871667722573, 7.427854186247611, -44.510759132816105, 16.798987739272395, -20.42757607331844, -47.90480738191108, -117.84564462239773, 148.22321326659636, 34.51805729866149, 121.34496708658031, 20.20056431861283, 65.27393166221084, 21.465787615100403, -66.86753410467226, 33.96949834799766, -63.6460050865945, -109.61827355878056, 4.551011758166374, 46.678665146741274, 47.449615706677086, 80.59760469869073, -19.049644801022787, 18.223069895773705, -65.98585102340638, 112.91314945525798, -18.85222166068608, 28.614616716321972, -43.74141786577174, -90.01496869342013, -4.678481663461709, 47.108936726586684, 46.48265422787783, -21.64826219852244, -86.54070680546901, 2.5092406695349814, 144.76185032773685, -24.11115281588048, 26.758298240834424, 5.869311259629335, 55.42708479277221, -4.691893153963059, 59.210484936834334, -5.651176821642593], [-97.05926724548033, 171.11534602673152, 127.47039401447402, -0.9269457407085825, 34.955695638924006, -36.91192014332823, 37.8036977305109, -119.83551906412364, 61.17762916785217, 81.69470915369868, -20.069300765161778, -82.59013228556839, 38.25600116695845, 84.85768001205325, 23.247045321267006, -51.444195080950486, 809.9339596946745, -3.4261459895293407, 52.43509914781012, -37.34514743792964, -158.54972251649278, -24.893518873472992, 26.660369445044324, -23.705936321741788, -10.574220013138437, 43.10048125442982, -59.20324372108533, 18.430449576984913, 90.38159196951094, -46.6829501018783, 29.19082213832127, -65.91281452021983, -87.69012883120223, 84.73989954694244, -24.377806445976933, 21.28157152058191, -81.18805112295861, -20.5032966163745, -43.854702446629446, -80.06078672006623, -1.2118457506779874, 71.06327930871862, -129.86767742264243, -81.69157300432518, -11.367589670875608, 13.000973940962869, -104.06908693743273, -29.05008381575229, 13.060395049689525, 153.46764426562567, 179.0764070026415, -33.590122554643706, -79.73859927901393, 35.180118179425094, -16.93456243259751, -64.46184092729602, -58.57984443669569, 88.61278220026209, 27.12894492856349, 60.073379802645015, 27.864753852525165, 11.911428455372926, -1.2200839731952666, -96.64054822155677, -130.56386789323182, -220.27511171790115, -108.06329976847738, 43.014260094478836, -122.18757627716009, -38.27675646494689, -39.32317212123395, -242.78265311746102, -37.98883951440787, 130.85740057009124, -96.87034846702396, -14.53960787068256, 80.62065405827515, -13.429767202272028, -33.07803517605661, -39.60684517385439, 71.71638368971976, 26.925884853311693, 87.18875766790451, -44.479752294668444, -23.754095694941135, 36.32896473605721, -0.03081491379410955, -74.93933989414704, -48.238514735382765, -32.85965465157948, -8.755423895888057, -46.47594641840921, -32.46162315698053, 1.4464889938135266, -56.70808590975141, -143.98700325924713, -114.5396858676428, -27.16584942320101, 36.02057555227627, 36.60340175263458], [83.63933138018425, 64.6385000895187, 107.12042474599902, -136.7616739959124, 118.92429633633357, 65.78677973457519, -45.23741992254663, 18.210103837635955, -20.322806781734876, 65.35402908312541, -57.7444231030751, -50.806240575493106, 102.40023191589496, 21.847852412283068, 205.12280817495684, 57.436064812810514, -3.4261459895293407, 1005.956768683913, 52.871600110524255, -113.11208823061524, -67.94530865840099, -36.874970242630596, 45.578406519415346, 23.710399290433024, -39.03781060989031, -90.47756619417453, -80.46968793259798, 75.97107763131427, -131.54873786623594, 89.26797902807239, -48.69504872041968, -7.8416539585331355, -159.19833172138053, -113.60045607139982, -5.2428651775355535, 20.46282392635392, 24.479696407863294, -63.04556249282643, -26.155264798420756, 12.91956842724585, 57.07194012313522, 54.04166118025193, 227.0571789614511, 41.68179331408371, -153.68606787446043, -110.70677508542143, -0.3020614143292137, -66.27493841160496, -18.959992172323307, 81.64012771168082, -68.87937832844052, -28.88676845825297, -161.73580748358617, 31.18938603997483, 41.11955261864746, -105.2146810192943, 4.794357624264478, -140.25070246365627, 64.64368510099462, -44.48708622313004, 28.103482327339922, 58.40403042618546, 133.71584315639993, -42.79135243307947, -14.0948326529246, -16.543275466962534, -11.408871630449879, -93.72139850643323, 68.038396481411, -100.26059116233583, 37.23960124516056, -101.41847143250078, 96.6803902223993, -24.657886711271694, 89.00124867562747, 5.279963216874914, 125.82164705754225, 66.74833275536069, -137.64372300651345, 41.07099956424458, -88.47449017800037, -72.18031954633257, 3.145335290871019, -45.65656648391928, 14.458318533236337, 21.451692576593206, -92.26829426767586, 172.50982151955438, -16.677900599423353, 24.65705711691872, -68.38471740263996, 27.09271557938156, -78.41356141337046, -43.384616833843175, 35.41015855905829, -99.67324087398711, 50.44951592974853, -3.038030444840934, -123.54572045872737, 84.66449292757001], [-24.581779629677616, -41.886219539700996, -5.542655688566965, -121.1135516857032, 0.3912469579563902, -144.01554117110305, -51.544347405951115, 47.77710393868148, 32.79800391528677, -43.842746569565676, 56.69636226609251, -19.199701146821866, 34.48974281602524, 92.12009662216417, 8.382575393296742, -3.3849425741039356, 52.43509914781012, 52.871600110524255, 698.0534115054714, -31.562031923164405, -12.210293221246939, -36.037198568941406, 51.12868551823955, -34.177225215573706, -3.4308810028306547, 126.13957522451324, -60.38761808915757, 34.10989324849138, -41.65684086323675, -101.04799275840557, -54.07888957704308, 3.630825882040474, -143.84400637444034, 27.881172409493207, 5.860856035927045, 35.54664368952817, 3.6192602539378504, -62.79558832857175, -30.988293241121735, 13.328341828771805, -39.02457208787082, 35.78657812759198, -59.05653130390518, 121.19168857141155, -11.91343550839663, -53.57012983880951, 90.28695410276458, -91.92825278870465, -56.12029433623463, 61.11180623244882, -125.1828771325021, 103.07037075095545, 61.13045505581138, 10.644568882062485, -72.53223615152241, -0.04512681727437189, 16.184759000934886, 104.84431971650743, -2.3298674609927383, 13.30014803423809, -51.3217129699661, -66.21946509062718, 81.02073273219658, 71.15456092911091, 30.941087970436833, 88.31328065443033, 50.503178828795825, 13.845518446890184, -1.8838913093047944, -56.15228938024127, 28.80979414071986, 68.31110688851899, -63.413193576212706, 76.7503269724697, -11.063204140962503, -31.446497977182986, -36.544367164566495, -38.7768616077854, 62.62369841969666, -70.32235716181685, -34.97938715481881, 38.4910085475623, 116.38676923731438, -26.317730625124536, 75.55610947958614, 88.57326821692904, 21.361349458910666, -91.56150220489555, -100.55065584422258, 154.10949482412005, 69.41825362896319, -77.84153317650072, 5.3650534748430925, -142.12060192349105, -119.41057089722317, 105.22896227574634, -58.80282915612497, -67.77056310397049, -39.995767001782205, -42.38648252437155], [77.45418179567827, -63.14592030855733, -81.27784320588462, 4.155813341988922, -95.04576191880625, -147.04441101437993, -116.06117017311436, 63.59472044279959, 53.43008895269673, -71.72431626807767, 121.04010859389884, 49.84021272002177, -63.83468087007087, -101.7785783297086, -73.2174809476006, 80.86460940522002, -37.34514743792964, -113.11208823061524, -31.562031923164405, 931.4802647972444, 73.81329248838311, -57.06313607003514, 38.97650098034625, -47.289264570314636, -35.24224095399331, -50.55252813095809, -109.68339646745619, 60.71893054350706, 45.281196578793114, -43.67033997823077, 41.8141046314831, 118.0033036063401, 91.10047614698185, -41.840209669913435, -95.06404893762509, -73.61040583505412, 53.71059308125784, 29.28230899650143, -14.537745139219059, -57.06574583640239, 57.49850193479865, 88.45195087444141, -13.715251802566366, 8.443247902043167, 105.24861144041938, 12.950019527834796, -55.00698819516227, -55.4484820182784, 14.408878883851903, -109.28840368311684, -45.41289249999365, -42.96256363039299, 7.391572877348097, 94.59706852938777, 37.88684738418525, -15.505516240437775, -85.28848062548406, 35.876521712321036, -31.733238824168254, -0.8978082514916799, -0.24651779250452127, 86.96893316717431, -111.04457857347788, -8.479120860114078, 18.50250108372976, 102.718522763289, 59.564410582605646, 46.02932571594, -59.03954996257924, 67.01141729907046, 123.16410529366438, 103.16442059147121, -31.45567280197466, 24.404222855179796, -0.5011843728480224, -37.91101731800706, -32.65420132457156, 7.12611078728983, 86.55760604299917, -30.231080926959084, 24.512585747209496, 56.098173661955975, -87.4972318053637, -17.03896685864218, 112.94883784132834, -30.914541056628757, 5.4995469021536785, 44.4583977720479, -144.786921436571, -77.5442685542325, 46.65883178477777, 10.431662611141201, 63.432942318516496, 26.69233768884729, 104.07629088499225, 59.06439397565349, -114.5292032657225, -19.6184248094441, 8.332812708263056, -92.8917046667285], [43.23780498742538, -140.06126817047718, 40.90680047006858, -0.02291560440230691, -22.246954789619863, -52.60414743925754, -53.529426215544895, 23.635232309226804, -16.07362859334344, -24.723268880697873, -9.897536923610271, 119.0014290