{"N": 100, "M": 6, "A": [[[630.1846372272096, -136.07312354394605, 143.32756509941655, -30.9327596595419, 58.47532140735885, -16.31286563754199, -2.45445274420953, 51.72543308310086, 66.79132129214331, -54.35821689187396, -3.6407962058449805, 67.78545210005427, 35.88169585926892, 16.25924687726923, 103.33430620540817, -35.908349063705444, 32.1194899984898, -78.08466896336105, 5.462647210471826, -57.99263340255161, 89.80037329606718, 34.05334552395121, -13.369451851512435, 62.53216843098279, -14.128258566951597, 36.24134194014131, -108.60798485601833, -98.08588399819614, 112.86211869066871, -116.83593123796653, 6.122547372121118, -103.56598421672244, 14.430770639602379, 9.14449006842606, 4.676863437023441, 41.503121588210625, 51.51997848760583, 110.59790624206184, -114.05282330167803, 48.27273759576879, 38.592889648804665, 42.72370994824955, -32.30858990021399, -34.868139024541534, 78.90421423741321, 44.40560394645687, -22.609381806320627, 129.0903696728351, 25.59478401393162, -57.34095110128218, -26.20407366208855, 13.658853235969715, -35.209612313213555, 42.69638893246687, 54.679580517345684, -21.679591637572575, 7.687445270270129, 6.448524495261258, -50.289135768450656, -83.322079793935, -20.29981352726211, 42.9461651793532, 35.31516994503336, 45.409077894876994, -24.11336559571441, -16.59925824547321, -5.585872214661603, -26.924691116274357, -30.748134249856022, 1.8887862205734847, 13.896488066772935, 24.51259384898422, 70.97554647727006, 33.2724609635331, -10.47487384346169, 21.933633138735512, -26.16159252771239, 66.98507388754385, -58.5167694228776, -56.3379208445045, -34.9533584455088, 83.56718538793716, -30.457188965284804, 5.533937693582335, 13.778574681720013, -67.1827424392543, 10.09135056328016, 151.57124067606523, 61.831764363697054, 90.21790507586103, 29.340754601634703, -21.949353489271637, 28.473981332017907, -126.63122662071504, -104.79999222551338, -14.179384475749078, 41.28838917253269, 42.07485523487319, -61.54091834345914, 40.54137187146614], [-136.07312354394605, 837.4815872216456, -10.09206449468947, -53.08290942004772, 30.39362425040672, -75.6703155851111, -169.0599274762919, 4.472148620666901, -31.44031762837291, 25.729077299556742, 89.65876650067219, -45.04878490801609, -89.22399957773119, 23.931024097194463, 34.43229595623285, -16.403182834241527, 3.606193441294618, 63.667475156546026, -97.2518584376883, 53.089280283240385, -123.75960906406787, 81.85169939605493, 1.7148201599420645, -47.71472002535907, -16.487247050037816, 93.97633437976953, 128.1491262060754, 72.44723790979788, 94.70495991981093, -42.746622335910686, 31.876786077383922, 157.2177633603269, 49.583816654551065, -82.06355302220616, 5.0944990133169386, 10.06721778983711, 50.754823895650716, -104.08565856558086, 66.38343730326028, 44.44261950634984, -111.86795495517083, 62.42493436433882, 69.58323770108932, -6.394690717153899, 5.84265101545544, 44.465705897177955, -39.690776915017885, -32.132080304329506, 110.82295367257873, -48.132267161323405, 50.46354507290966, 96.90420580760383, 98.36603444936068, -10.701766154474491, -38.56717168544166, 32.28111855572304, -132.81910037067144, -172.90630277267832, -19.962616083445226, -1.634417494674517, 86.59020367408571, -42.39404985684465, -33.37039673486027, -5.4452367856130826, -9.084839333782924, 56.04452559885019, 76.24101839246116, -16.279646837039326, -41.876497539473284, -177.7602159579681, -36.62466438623684, -89.381046854218, 18.311141883988498, 72.3345852257743, 130.78641456133812, 111.17579220607234, 65.11445981582116, -74.75597665852496, -32.04891063203029, 20.571256820532923, -35.859923811749745, 36.55785420330244, -59.4074290837123, 64.58773544871353, -23.290806879430445, -1.5229561267676042, -115.37626622922251, -15.4753643507653, 78.03668298482488, -63.225821793929775, -187.65442881062634, -62.206624138560905, -67.28508421066073, -4.018708781832806, -78.42733638078924, -64.84697079787207, 22.354696389563593, 92.5180686604883, 18.749258621184726, 32.724917407581955], [143.32756509941655, -10.09206449468947, 951.0981375821984, -101.09980321321741, -21.805446712141336, 63.68448030935929, -64.19327227935956, -0.615664878014396, -86.29748145164866, -12.984882541029917, -131.33332602873426, 91.92277372530894, -92.67522000895899, 7.560798155143803, 123.682086124198, 46.368203130595425, 13.78286996737305, 29.954592258463997, 65.4760469315917, 11.218867622721685, 186.72333162993522, -18.888008926407004, -24.124231933137068, -39.96421232452652, 57.40935107945506, 85.19849237223877, 38.8486019445956, 36.867626297523536, -83.76218625487688, 35.40929596199809, -73.15197272005213, -123.5984299485516, -25.721282315295593, 28.978839838353363, 18.186671010958843, 157.9882618640071, 45.90419164413286, -48.67118571476011, -40.50246714569454, 70.60522760731257, 24.825876040111194, 168.2314679561411, -218.79089998785108, 51.888949012679696, -106.55545118408178, -121.47625242081669, 17.348332354517662, -0.9394880031669692, 30.359269036175597, -56.53706736480095, -11.2547931297107, -82.84275460464282, 6.6800836944916915, 14.1500014412376, 38.060862298459625, 127.9945637238469, -39.17627626216352, -64.03856502690391, 26.25267660851046, -97.7187410937286, -95.61586650593247, -34.27093208715153, -9.967009195607645, 93.75699986277903, -50.473197977005576, 46.72333590014027, -9.24532681470823, 72.13330098899709, -46.077269448766216, -137.50250676118006, 68.5395624575356, 28.954058576401817, -10.983213435996023, 48.408825236569626, 144.72834499842875, -68.99708586794719, -62.44459626982318, 10.47062370284416, -95.12041194428681, 122.53405112634206, 23.926943033353414, 40.08278814840275, 107.05152954003707, 51.39800024866672, 39.41151812611091, -25.160070901262323, 72.94370235392167, -31.508374773307548, 79.74852073752106, -43.58661474057407, 27.58244101216459, -105.43658152154134, 111.14635461253287, 83.554565442445, -18.387587191046478, 127.629689744926, 63.41415843314658, -86.91375686125625, 19.757221957478016, -0.6220895073689887], [-30.9327596595419, -53.08290942004772, -101.09980321321741, 789.6576513709198, -20.242923605363316, -87.23218871390849, 43.653738768493064, 62.48554122151987, -92.29731406036157, 94.01784508729753, 36.24111135775503, -90.75133735830445, 38.50336831800431, -50.062081064137885, 75.33041855049035, 2.6688960551891445, -122.08024122369669, 4.577328335991796, 18.512269980985, 64.16937209417374, 9.331266592109895, 7.979371515470857, -90.00310388179213, 143.99940250426297, 6.396876444783077, -10.41090430874816, -13.20553082144347, 82.26800509788417, -116.4429434475992, 95.83451676582077, 81.6356021290955, -97.5870619510043, 176.52990957769003, 130.35710535063663, -49.38849717409108, 8.906845032867361, 154.14398388918679, -14.46898697929525, 38.509574609483785, -8.36346548422836, 33.31404644169805, 41.6788787142553, -55.685460400585555, -45.03815460890176, 85.87721932203722, 29.653124299020263, 156.09810105866057, 10.136439393398511, -129.094292302947, -65.3350492339624, 13.637579663102583, 37.17470276365179, 69.22305091346753, 108.80653298469956, 9.802843353509637, 185.33691140794014, 8.103336067263397, -32.36983231962118, 149.58629169615324, 1.9146232957874567, 13.903768401440058, -45.16889720722559, -119.00897540513908, -57.92726670539503, 62.1667288270759, 27.327242730601824, 97.93588904400625, -145.1710055513422, 126.46506672616589, 92.68947601347821, -143.43859774085576, -29.902429750876244, -10.362337837613707, 54.48032854276507, -112.60430861333293, 70.77937768763242, -57.19147278455122, -35.275014629260426, -31.083149073341836, -53.58036956186487, 109.00289128552978, -118.91526472777426, -53.71028521891667, -42.23266164740328, -35.47281135884498, 2.79855248455153, 71.6240198016761, 54.3867594387802, 9.037852688946229, 17.62646921913884, -48.66605453733942, -1.7307862050722773, 37.702294670301534, 75.8305164627715, -14.388231727251435, 54.77736105373401, -18.362957135282436, -18.19539218482625, 45.048138255525686, 5.655824504999131], [58.47532140735885, 30.39362425040672, -21.805446712141336, -20.242923605363316, 887.4819438299892, -22.025455830623983, -38.46481650722173, -19.667680544012963, 30.066421585411813, 92.16840374722503, 42.06705799389672, 21.98503407982922, -17.041640772210435, -48.07284498225564, 88.78210912114363, -132.81279418183615, 41.014263272332315, -12.20214017143191, -69.8586071565783, -84.57673474739212, -72.51502831944595, 57.41274394075329, -51.87553370496092, 53.370382294004486, -59.29294034133159, 109.16826305797642, 83.31141591818334, 0.9987445077869027, 57.79812235212181, -53.443077929803216, -10.563533576847803, -99.31369534844445, 45.362755537348455, -46.03441123534034, 80.93150010192815, 6.488603394624165, -43.42128470773813, 79.30017034953318, -140.24252709403362, 17.915285536237697, 51.156794154794255, 24.01694220182297, 25.792855619954892, 10.825557164851286, 100.9372928474036, 66.07253471567053, -271.10199561136375, -61.27031059329432, -16.650347434820024, 162.8587150040097, 49.52041749589245, -44.31714614689263, 69.70459852213048, 62.00128486546005, 73.71204041953955, 65.21129182118702, 52.74450502968455, 7.607533956905935, 35.860910994817694, -13.508943432947921, 53.697983438306046, 39.45728165012447, -66.8597645457189, 32.46030400741488, 16.770624870706143, 78.53025200406546, 55.992146794705604, 15.402869060568918, 68.22323933834514, 32.990484111255064, 124.59853745197375, -50.42676848623516, 117.25790117186085, -18.94988337052412, -101.21332532525297, 38.829098156996, 34.95843264598772, -62.86961239332008, -41.6979126460808, -42.50282894599098, 90.38414490535997, 8.496522280614935, 42.02737348580592, -135.53761048330713, -5.611599389603402, -53.64278227880606, -66.4033236703002, -10.732629965564742, 66.46471403045594, -102.98881719161318, -103.30430647600733, 11.908372131486427, 15.314092480017774, 34.64081765378634, 57.86341818907833, 6.924327678514673, -91.16973235456535, -123.96633591115784, -55.36598164795591, -42.11114761927643], [-16.31286563754199, -75.6703155851111, 63.68448030935929, -87.23218871390849, -22.025455830623983, 861.919662867385, -68.57107884771796, -51.62205483957309, -3.3135232849504703, -57.45761921037261, -8.527986431986434, -59.90131952633815, -4.218040852320697, 81.23985105740637, -62.546633710791085, 14.90366718704023, 13.488240280734859, -22.575899363581257, -10.662429517155536, -47.29533511700829, 25.34434589644703, -38.29416457516192, -84.23425816185237, -0.32341778748106, -33.50951233475532, -0.6932950167273669, 40.2600528440194, 5.047045407643984, -37.42795039416878, 36.25974269912118, -14.119648500386871, -5.115130604760356, -27.597705746499447, -40.5813246763526, -69.46248957812709, 61.7955762372413, -24.96197441545472, -87.10232082786385, 36.109870346621115, -95.74951388334458, 102.74823143488972, -88.29929860909687, -32.525281091056016, 81.30197149449846, 77.47116163105854, -32.49145565077657, -46.24965581551557, 106.22551485656491, 0.41319046146004357, 71.73650406977552, -17.60592960773199, 131.64339990585944, -112.22047185729265, 82.73080742114985, 19.29841486631178, 47.149882791600085, -6.608268820240407, 10.732269925312009, 33.34155599796356, 107.47736023732155, 46.085559023728585, -39.98505175511359, -26.30566864444176, -0.6186136122855871, -53.63907720636569, 72.96195216571957, -26.77443892878884, -87.86952290650687, 20.446109480403496, -29.51640181486721, 65.38968637291408, 72.54605133868407, 66.97272756220119, 36.489500231634125, -129.61430609019797, -59.39981588096173, -73.30974748227011, 120.15540626041458, -3.885814229833322, 20.81044155522796, 5.596213105617376, -73.14383290307492, -47.75113367110437, -19.581747453301418, -59.290686720460045, 4.287700238081385, -28.581879720394234, 23.976086623229573, 56.41534735443336, -2.347907709428399, 93.14673642392444, -91.15221814410164, -28.98132510301817, -1.2237974088163692, -55.239022289896816, 194.2108345886293, 56.12638533010887, -6.316305654727412, 13.373121991919945, 88.2526086364172], [-2.45445274420953, -169.0599274762919, -64.19327227935956, 43.653738768493064, -38.46481650722173, -68.57107884771796, 879.0557207871375, 106.02463480029324, -45.21223857355492, -24.876219174978317, -58.686897020089745, -5.5018523790830915, -205.52798873633017, 78.39337588403122, -5.614519133198013, 2.8663585517572328, -133.14651607208754, 56.43713497555836, 64.19830030369741, 14.769893244161784, 13.2346420961023, -70.53768081958445, -37.64373120068513, 16.516360525123712, 36.158703825715655, 83.38917397682688, 52.65403253342299, 88.42835066204353, 91.33334943326791, -3.832204357295341, -22.955795033153496, 47.34371237012137, -71.21351027055663, -75.51636168830812, -33.11434126150232, -119.9938029587911, 99.79770615376128, -70.17727949547516, -16.060850732606166, 80.66394663880854, 43.687894293130945, -99.1478411790884, -31.79886838028522, -3.4936186584350244, 25.222766996357, 29.79525103113984, -51.55658421351424, 37.73925848374851, -7.139629082438461, 5.677993814960152, 45.19899727716636, 2.819990237033467, 96.8467633077707, 19.989712031329763, 110.22640881075306, 19.256220050127038, 62.9666601127923, -0.9655237281278429, -3.200736203408397, 68.84521970397324, -3.33621023596881, -8.440847841649465, 88.92847177193492, -172.72311862480242, -27.707939173518245, -27.56560619320482, -8.09740659978636, -0.29518347258898936, 77.94173042245167, 37.546424477764994, 29.8178305163136, -145.94779991690402, 76.96918728409354, -55.67739336937001, 60.73154394245152, -73.65760002226044, 33.42800524744049, 47.29178599434627, -7.1784558811934, -8.384377103804635, -121.89456434613759, 121.71330722881804, -166.04312493277965, -13.394629839113783, -49.44540502877255, -98.56079760021017, -45.58988110302681, 146.47555720533433, -109.02634983338929, 26.14717105879851, 103.98229737865444, 50.36187406616803, 29.063606908601137, -74.7417805605895, -37.710358001482156, 56.776051644447605, 37.52752595037349, -9.491452609173912, 77.45944456057993, 107.50775125346695], [51.72543308310086, 4.472148620666901, -0.615664878014396, 62.48554122151987, -19.667680544012963, -51.62205483957309, 106.02463480029324, 934.7683853330378, -6.961778608141177, -61.49335242709109, 126.37493833217408, 121.50294053362656, 48.098201671520826, 31.33527874869993, 89.53100991914253, 16.333253859835455, 43.45956145543493, 69.45143411805958, 41.38170154036177, 79.69292398589907, -36.52787401028509, -36.49810009087774, 41.20494649649461, 46.385712625180155, -37.34657793301891, -29.948617462151752, 79.2634178946301, -57.830000306573574, 5.570976575342365, -96.63291983793222, 56.21758628109742, -100.11420794551894, 95.64879960825009, 86.89749478786845, -36.421703401113504, 42.5648567328113, -115.50450033170912, 39.50121882196269, 151.26771609071332, 74.90985595209976, -127.12176663792637, -62.473361508589115, -20.145995148845184, -66.26682561813404, -123.01623222120368, 36.51998311619383, 56.59707857081071, 2.2885153889364775, 38.47128692503806, 39.899853855395946, -45.388273898692134, -55.615270865530405, 102.33963172524047, 97.50923747518408, -42.37858271441888, 14.561970153745042, -46.57397408997859, -43.340329823454965, 4.740682950561015, 28.151285459604363, -47.46918706561382, 99.78748217691167, 52.356746334344244, 107.356903247451, -190.46225656284543, 11.975799137409117, -83.95859667881456, 66.99426393228387, 59.164957816618106, 33.19638302575546, -58.82368012677489, -71.61576306807774, -106.56438463019926, -41.632547613370996, -70.70532423596117, -63.77868870210207, 27.798930066988998, -57.66732356375328, -9.249394384376615, 36.14755160925946, -63.726873700084234, 51.93702473025088, -115.53634037951747, 120.37735573956284, 35.531198303077296, 10.423923297808997, -75.34583923496251, -28.56578837304883, 44.41492532637852, 40.443469318153035, 27.048993192092176, 28.80508466618598, 41.08423580381625, -124.40210789105176, -138.03338293042233, -27.206279346707916, 109.03632678183625, 40.480634954836944, 42.31858290105355, 8.028851462541342], [66.79132129214331, -31.44031762837291, -86.29748145164866, -92.29731406036157, 30.066421585411813, -3.3135232849504703, -45.21223857355492, -6.961778608141177, 847.1481709212276, 68.31339320378417, -89.81990834305999, 42.24924695459892, -65.42304789697681, -92.67461987837598, 1.6504321974947855, 131.83353062129464, 7.279672831704394, 28.89393463059442, 120.68673279621879, 83.68807904724932, 52.141058521431454, 6.922542323594183, 78.12531935901673, 53.05373261430697, 30.304620731235076, -136.30207275654357, 0.781683662310817, -120.99456931409053, 64.2444155643669, -31.875104253015476, -64.02483461084337, 74.27818528974971, -14.835367120396869, -0.32567806990628456, 32.20378535914493, -127.20294661482261, 3.501377962208236, -3.2413254889863374, 82.2021640854019, -5.339981504666458, -56.742185136201, 42.841729316462775, -15.282833693447504, 51.923227455882554, 18.77204278783924, 18.488077450210298, 74.23577066714682, -77.61169157780195, 59.53616416340319, 95.6808099988216, 7.043017896914105, 68.71714875291585, -11.356321687735651, -48.22421082502872, 73.86445430547585, -159.6599716159898, 52.04832997509394, 82.17482594257582, -53.19111444957183, -85.50659035609529, 59.66907638784058, -5.432653606051577, 31.108027928677018, -93.9119615894516, 37.837398378744496, -3.3216743302669, 140.93283164303412, -91.36695424336658, 2.620415711049825, 126.3369860156143, 91.8167708711674, -117.9445017883822, -68.07261771982306, 116.68532924243578, 50.0978125086647, -33.89063251522649, 31.20621560448276, 67.53903598599634, 46.89785724128279, 63.8833875651227, -27.014874602674727, 91.6509613654223, -15.079760819330737, -51.342757447120746, -37.149635653959066, 45.34855811613844, -114.45056067120888, 70.528341700325, -87.67268847306836, 13.352714586038639, 25.211151207253174, -31.33098380130194, 42.06313140751012, 49.230234791794004, -79.38425604307459, -16.049721253853857, 76.39273923203085, 53.378478881444586, -90.01057304311513, 159.59502247934944], [-54.35821689187396, 25.729077299556742, -12.984882541029917, 94.01784508729753, 92.16840374722503, -57.45761921037261, -24.876219174978317, -61.49335242709109, 68.31339320378417, 1010.2226147592302, 52.234583912487885, 62.910585670953964, -7.65917089315331, 0.29505052443160323, 71.50695317326515, 35.03575252056553, -127.05105624614704, -20.93445741356393, -66.52802626915879, -39.83428636141475, 12.886604333391237, 40.02642525569593, 93.04273594620938, 101.90502580331265, 12.194782456896217, -18.951591692185332, 165.5170766002888, -94.83306335775163, 68.07616488879793, -66.96975483711911, 4.442257194102317, 27.664572976313043, -62.3668143397499, 122.89768114130563, 35.88294678665806, 2.0443645275829874, 140.51815323746786, 22.005177370675973, 35.78581728998469, -79.46330128973328, 106.2603866282993, -5.872032262704751, 7.6859838092062525, -136.4565285466346, -146.93401915661494, -87.77077386849554, -79.90929083693142, 101.15871965006941, 33.23742433765134, 67.96591016621669, -13.278571997930445, 80.1257497788957, 191.3556499444256, -120.35078374588831, 51.95874412234915, -133.40226036987238, -3.4240873132717375, 5.0258556304274355, 60.1977287572865, -62.15797646943855, -20.538015618228364, -32.798261918377406, 83.39522940023389, 43.831232404246606, 87.10705555569893, -4.22634392908686, 139.58118483025095, -16.01970650233522, 119.37226181822288, -71.47243252635882, -95.77265647346107, 85.0593335526674, 60.61245434619992, -67.68461148098145, -34.1923958262273, 99.21727133317705, 146.61175940178614, -83.58663992057855, 45.038569672634246, -55.31932203685621, 123.09031649350213, -29.57649212121284, 52.946864831736015, -54.111881960712886, -1.471733323220045, -137.66858790066243, 55.33506265320272, 8.962844560161425, -79.23000484087261, -34.96822449191098, -71.5536690121481, -122.62732773578432, -149.20817554442314, 102.41581680517255, 126.61185492931646, -13.726413263160671, 28.3862696823472, 119.06602201181418, 24.546344014437498, -68.67820260625246], [-3.6407962058449805, 89.65876650067219, -131.33332602873426, 36.24111135775503, 42.06705799389672, -8.527986431986434, -58.686897020089745, 126.37493833217408, -89.81990834305999, 52.234583912487885, 924.5429927426669, -55.32236152310408, 71.9467764405726, -38.356243685833796, -6.97788966083626, -36.27788648326754, -1.1588637946766038, 48.03763651536043, -110.38143908692517, -23.723254921375627, -18.859647916647745, -31.83941755921698, 106.28772732815503, -65.1494402032494, -37.197013042132454, -46.9487509536442, -31.04386052330221, -61.38844396417165, -79.12256411320806, -49.70131100862127, -38.23152320426926, -62.44279494929903, 11.918340563580273, -21.213233309214445, 1.7947097750948158, 64.0476149831125, -111.40350148610804, 73.51511868402731, 81.90936972995068, 59.45126539927268, -70.24376587609, -92.81666458144346, 56.97055160707389, -50.111885251872984, -56.88253785162259, 41.427390785459664, -40.304197296149304, -35.38685146887515, -41.0791788256142, -141.95728913344337, -10.401635822398754, 25.028125108856546, 24.01422689660657, 6.808503597721968, -78.87401313364765, 98.67800162921968, -47.17594914538925, 25.00120885554535, 3.5405336374301095, 116.31297641134434, -109.45889833115983, 1.0511125341580922, -21.78250388692933, 83.33961664795329, -92.74314065975344, 34.14836576392144, 173.92634780898535, -25.740916601153383, -59.69750106889884, -104.7007439667495, -5.382810924671701, -7.239025432823017, 45.63823026053447, -21.863311987424616, -22.23179354063019, -71.42127628325518, -29.071399983738864, 105.566474815131, 227.4496046249825, -13.168019833387984, -102.63530649663596, -152.28129344609138, 74.2615579347624, 43.1263399952476, -45.68047003584571, 45.72136544289325, 222.76122874288484, 65.80618679043616, -40.68642316789793, -101.74853361184825, -22.18577621719928, 102.17737735904093, -57.55586924286525, 3.844517838410514, -83.41103447972198, -140.91655985611922, 16.845273078024423, -56.22384141328107, -15.730978545794077, -60.32153626615733], [67.78545210005427, -45.04878490801609, 91.92277372530894, -90.75133735830445, 21.98503407982922, -59.90131952633815, -5.5018523790830915, 121.50294053362656, 42.24924695459892, 62.910585670953964, -55.32236152310408, 978.1279046971108, 37.39010117311264, 89.89816080758037, -100.22935441983633, 75.45981812577912, 61.07374919759686, -51.35458760210186, -38.305703794331514, 43.0948762004283, 97.72450424124973, 5.814923958181118, 4.137477604561666, -12.275124234572942, 54.372561861995635, -127.41313693657291, -17.854283414371434, 14.39769224752574, 21.11596244204499, 4.543587260538453, 29.892884947247826, 56.16134440012908, 33.400443187608076, 55.702960674841236, 52.417898480714754, -53.410545543071954, -28.73391427861206, 81.1979948577307, -60.04608019557081, 51.76354041129389, -11.3560544293213, -41.507915179507, -168.75343798032006, 39.13842107181777, -167.2471546071494, -193.51244299785512, -109.20688493019055, 14.666992451841113, -41.41249297648181, 64.12400872641174, 1.2693740709643453, 26.059437424992627, -6.261274881190362, -37.723326789395315, -94.57585829804898, -71.56399493696384, -59.66622064043244, -112.28265615680797, 24.135039767551177, -112.68423330406459, 42.31456544461011, -132.46302601563644, -94.37500674121989, 27.905954465991844, 103.79972548159076, -50.9357067133469, 71.53922157037883, 19.636896469151814, 68.43859134291434, -62.511826431045066, 31.187709244318707, 89.23684749330835, -38.068658021456436, -88.33749075363333, 79.08447341251309, -4.5097873017215155, -81.00090213090132, 37.62039266730277, 3.018522405528284, 95.14524680622867, 33.122565438087896, -96.06194256966225, -1.0015329300067433, 107.10398193201554, 3.0258252059020987, -141.43130399762595, -3.8638742417239804, 65.15020045084016, 68.78812449106071, -188.85636668455732, 27.932931477481134, 12.483040291305489, 46.80096407603819, -15.342701166313248, 67.03621691026497, 105.38199363565032, 44.08228571935236, 60.91647668441183, -22.010290272675153, 112.50287446346617], [35.88169585926892, -89.22399957773119, -92.67522000895899, 38.50336831800431, -17.041640772210435, -4.218040852320697, -205.52798873633017, 48.098201671520826, -65.42304789697681, -7.65917089315331, 71.9467764405726, 37.39010117311264, 1021.6416584132849, -64.27458735105255, -14.894819348918574, -20.115021972471933, 46.06476542245842, 46.0755629175215, -33.47047151626979, 34.46096259374125, 66.3896001306677, -2.8820515039557764, 141.76120075642962, -79.41552452508037, -23.180938187462957, -105.14824244731665, -89.10640998600744, 10.979789256714472, 62.875881127103135, -69.95794035899515, 68.60937332086885, -86.540084903034, 23.53873251813445, 100.12919393072819, -63.351186670268554, 57.23503767856839, 32.90144127559153, -10.749644915746153, 192.92745532046146, 2.0713950372997263, 28.50228177679471, -99.35568029334257, 0.21047152029062072, 65.63086302710524, -137.63719891572472, 195.81782722898512, 83.10057815821338, -109.74497229148187, 131.52170879051852, 81.71968396285527, -25.972041557369693, 17.485485885907508, -107.90819003749138, -22.46109733057198, -46.3583971144941, 70.85628734511184, 83.90476334812071, 161.03546307645544, 28.2463617090512, 26.001268689989818, -94.50900029301745, -123.09645648917025, 155.18528382005786, 6.98052659839176, 24.71400227727392, 6.980706445122579, 49.805635251670736, 46.58538080621981, 32.97839282990332, -5.990832916282998, 31.405602554508544, 281.37665138997664, -143.31523911373716, -9.552315540944791, -36.81623200182908, 48.3265352911298, -190.57659787515576, -88.36457160822988, -47.07240873166775, -70.15033712626196, -36.487101200503645, -42.33248460773402, -4.799120343828785, 51.555643668355394, 33.66165954018509, 8.957884804732105, 87.22167333318693, 45.151566617931024, 82.33355228909603, 63.305066129420936, -104.45909209713551, -105.42652649550483, -1.76992739032952, -192.52245630283352, 27.53221066684595, 2.4872538024239526, -77.45985041896759, 53.250240955766884, -59.34486719053836, -118.0516167033445], [16.25924687726923, 23.931024097194463, 7.560798155143803, -50.062081064137885, -48.07284498225564, 81.23985105740637, 78.39337588403122, 31.33527874869993, -92.67461987837598, 0.29505052443160323, -38.356243685833796, 89.89816080758037, -64.27458735105255, 892.5232986473787, 91.71751793383984, -114.71079057735649, 29.650144383631556, 2.193729585364403, 90.51703902251694, 38.419577095133434, 39.89957355186852, -81.04761363866022, -99.6861971931225, -32.276271829927055, 7.353198051226561, 3.8352632334866787, -45.277308559737854, 92.94048874155183, -16.882288937649072, -51.930931423506486, 70.473436948409, 5.614302290774421, -12.606740305171297, 52.859420703477646, 85.52447283358306, 48.287208525797816, 90.72220234702903, 85.35601766214538, -21.55695134836171, -117.21219711663406, -72.95538860194748, 56.144716485103494, -129.11512010441035, 107.58899743223742, 108.61011152347295, 23.971408809149917, 0.3668887569889304, 101.68519303205989, 120.66502073243306, -4.300245929500566, -120.74065820258586, 66.98330807066536, 87.59087549374779, 5.4761761404923295, 7.86585435457714, -13.601818446345876, -66.97371538676614, 70.4906925178299, 45.64831900655903, -28.858645881569345, -40.95768703203321, -4.274972695774896, -16.201017444930706, 10.942196523436339, -78.26272924047113, 48.62253335120804, -16.418131800641216, -13.982250604947454, 114.37649940519385, -43.18579512399264, -37.64685341844114, 72.1277033393799, -20.994024221406104, -14.825935751674363, -40.661110406813094, -47.54659309627598, 114.83471798380995, -49.611860859385175, 26.72382104953995, 2.8137258540974606, 105.60708326176918, -15.656674630640556, -114.92877119731168, 78.80408376961668, -6.178899659842863, 148.48565242304613, 31.209462116424255, 65.32170024019842, 12.20980547235026, 24.350765968173786, 19.836545083654038, 24.47287969099089, 6.252895379825947, -106.05977283290994, 25.74403518938195, 52.63370325458878, -80.6372606265121, -28.642650404862376, 60.639770769358805, -4.325564851180228], [103.33430620540817, 34.43229595623285, 123.682086124198, 75.33041855049035, 88.78210912114363, -62.546633710791085, -5.614519133198013, 89.53100991914253, 1.6504321974947855, 71.50695317326515, -6.97788966083626, -100.22935441983633, -14.894819348918574, 91.71751793383984, 958.2884556521337, 34.793376704838515, -24.011615569121105, 58.39294132795316, -96.87072273322514, 1.3942539154246492, 20.252137702629337, 42.03843251703829, -15.65139038702308, 119.09689586832754, -103.58410737291233, 89.6194932549574, -33.575422726710904, 53.6339000486107, 191.62569308575334, -141.55316071488048, 14.844911021733505, -51.08160333343486, -27.337718263763872, -11.959319164169314, 23.464773274707202, 37.27139327413236, 71.294018113504, 35.68413525156718, -19.100441903366082, -29.825801769408006, -35.08298843199296, 29.247730695968507, -42.55218706518008, 14.590338822583368, 3.4463672245323993, 59.78671186983617, 22.904545014707182, 116.8163946236931, 28.256051942736704, -16.21890286044248, 56.62731844746478, -65.46963536147022, 15.136430265623927, 108.09405140066801, -13.18516149015054, 98.66116170750034, -32.121597626964295, 87.27908612906376, -15.578523556630385, -24.191875110443835, 8.630182565851058, 23.85102001730533, -110.05108313009524, -3.6102145523673523, -80.09080565679757, 28.549956549975082, -68.7885596642008, 3.1184177482188837, -15.905785680620703, -72.90520539375959, -116.31237164462135, 69.68758540188354, -73.73817804171414, -113.3107848864803, -27.047213612513424, 16.44055839263239, 75.47468077965202, 50.21672912957009, -1.2191156635994738, 81.10120815109649, 28.951456265383896, -19.08741776271325, -104.57832811670919, 139.13080909639817, -44.21722416721342, 77.1242149776601, -45.1120740996645, -16.06584884948396, 4.856267637935195, 65.25800306940538, 4.4343850517234955, 60.384128475491366, -121.14779399036772, -97.79133764669736, 95.9103628468076, 12.47688429493363, -40.36139290405107, 82.92173611062626, -86.79206665344448, -20.15145876169547], [-35.908349063705444, -16.403182834241527, 46.368203130595425, 2.6688960551891445, -132.81279418183615, 14.90366718704023, 2.8663585517572328, 16.333253859835455, 131.83353062129464, 35.03575252056553, -36.27788648326754, 75.45981812577912, -20.115021972471933, -114.71079057735649, 34.793376704838515, 906.9389350450531, 8.356096099200926, -59.67182889821642, -17.482569463441887, 23.412688482581224, 30.335053179018036, -74.47681334121347, -123.20954300589982, -65.05660829007256, -35.96138139205313, -44.61129951532956, 33.220268918269724, -187.47894797942428, 110.49832251506747, 125.74821221613065, -123.37353061339829, 124.9815688679066, 22.883337971898342, 11.356291323385868, -40.51231097418423, 35.1602427027507, 22.577399312459356, 64.78527292301602, 22.69855170514247, 24.190254776644835, -25.845680754768914, 125.08563986763404, -42.294212839294126, 65.60326405624943, -57.64657599421368, 5.195033603245269, -24.507588864059677, -92.25507648643155, 140.9739491195565, -58.81465139527705, 98.13411625837614, -53.2981931449971, -102.12598232377647, 48.651771410462175, 83.52881819095337, 46.27972419086031, -73.33200763579197, 34.27141759355931, -95.84202100293213, -76.02717090966806, -79.53692964456648, 6.573533614131333, -0.22815752829425703, 15.176068336874296, 55.2556916923289, -75.0546709134983, 38.21014687304755, -48.43100118185524, -94.39785107310193, -18.246495860075623, -9.531954806344947, -50.949107799472294, 15.794576495089718, -29.3268956228113, 43.20055276281686, -46.97956252872697, -49.14108716373376, 10.450714137886326, 40.19056695138436, 139.65207254807743, 82.98257932579757, 64.16886705186319, 23.400535706258353, -154.32180307678604, 89.65070857246116, -121.45714126751714, -28.654146683400565, -105.64469930414403, -30.418080179658713, -101.29232475463918, 60.82812363079401, -46.75436380590415, 22.800787777985434, -115.07404259248517, 9.45837297409985, 70.47544223469087, 44.643806869543226, 12.27843595727211, 88.07412168823352, 85.70560312615454], [32.1194899984898, 3.606193441294618, 13.78286996737305, -122.08024122369669, 41.014263272332315, 13.488240280734859, -133.14651607208754, 43.45956145543493, 7.279672831704394, -127.05105624614704, -1.1588637946766038, 61.07374919759686, 46.06476542245842, 29.650144383631556, -24.011615569121105, 8.356096099200926, 931.8044827758533, -191.34785056969542, 124.72131738875514, -88.71826583477988, -30.02889215443656, -95.32351962936536, -49.030362729647734, 39.937876035429404, -97.77304715864481, -7.842709744847632, -142.64161024378896, 56.07409362869124, 34.173085839822335, 7.1888726365981475, -22.489052290389147, -35.26737149416568, 156.6082068626104, -46.08021089266531, -26.21332369683769, -82.94816450846115, -16.442892855678114, 113.10091471248421, 46.4065134856968, 22.391490049677543, -92.08675464115888, -133.80460937080704, 0.3107813604204572, -14.86675954203933, 5.208219950891074, -17.97037415777649, 76.75023573592973, -17.362988589220162, -79.09441060859054, -69.98962542495934, 14.600857809864637, -12.057800652015779, -63.55954541333235, -98.50344574571074, -21.58417841491595, 32.01626011915869, -53.48084057888725, -18.441547381819742, 23.634845829913093, -61.38983282052851, -11.922237854878626, 34.177977240059754, -33.76004829963943, 48.625940429510514, 107.73506869422084, -42.124078853514966, 47.630616230343975, -4.182159974239188, 43.03635029320877, 121.4705748667107, 10.22586959028586, 34.384952066423544, -96.0652781525744, -37.618854241554004, 77.25449746504322, 14.60445074650732, -16.103411928690583, 52.44933977465984, -126.31343674772305, -49.53556380658846, 66.73995331970295, 6.790766421175363, 47.749950136670996, 110.83548173388373, 20.823084703868915, -25.633974717267698, -16.76285400139353, -13.726283918101664, -63.83698276957463, 23.04003422684533, 59.88179003116266, 111.475748656981, -85.68859675420143, 75.61879663099067, -47.198413815202976, 34.46352845877177, 20.045869805740914, 99.63907697868366, -168.05566579998867, -24.348323654079728], [-78.08466896336105, 63.667475156546026, 29.954592258463997, 4.577328335991796, -12.20214017143191, -22.575899363581257, 56.43713497555836, 69.45143411805958, 28.89393463059442, -20.93445741356393, 48.03763651536043, -51.35458760210186, 46.0755629175215, 2.193729585364403, 58.39294132795316, -59.67182889821642, -191.34785056969542, 1092.961388997911, 50.46101795442471, 164.952237153273, -68.4924481260108, 121.55432154156266, -23.149409794276934, -94.14844420881784, -68.11902545165954, 89.25796254772317, 62.49806869202646, -78.36823983607812, -48.33632546274946, 39.88009696704158, -52.76756717979267, 5.291650905450638, 48.82043767501913, 62.662885810379244, 2.862371764511992, 48.05949194005602, -73.72497155388417, 2.612045247796588, -30.921495777397634, -68.80324125571566, 30.32671011512998, 48.800259975696854, -91.87037979406163, 146.81533596424327, -118.34604012500569, -47.39069761832665, 47.113014554915296, -114.23009437771437, 13.460031478109688, -31.95868877375968, 97.86182568836817, 41.30518452747545, 6.2984519010404245, -108.59478512565619, 75.63538069510517, 19.49550684213895, -42.030000056205814, 20.616351869279654, 0.8424846955639069, -105.57785326037057, 66.64556584737655, -80.39192813055477, -80.84449072326805, -73.24013496900825, -83.18868316169609, 8.387310311464256, 98.65335394821231, 44.789217849992355, 104.17020681967453, -11.75825229013417, -36.81832357747576, -43.43983420252937, -90.30611070181592, -59.866292105726984, 123.65069231646325, -53.57045219785357, -149.5958115689683, -6.038820522011731, -91.48516104588165, -18.090821306441732, -14.788642602037038, 69.02921998983989, 86.41231554643636, 51.21003095791705, 21.92385611222057, 124.55762682953377, 23.073704174767187, -11.211980894698732, 28.898222144313962, -100.70548508807592, 27.989077622576076, 20.305185550974716, -204.30988721186486, -76.96703348188613, -37.12523541105576, -46.67547725617824, 29.849910199212054, -45.32864302790047, -63.96549692312586, 100.12692960089312], [5.462647210471826, -97.2518584376883, 65.4760469315917, 18.512269980985, -69.8586071565783, -10.662429517155536, 64.19830030369741, 41.38170154036177, 120.68673279621879, -66.52802626915879, -110.38143908692517, -38.305703794331514, -33.47047151626979, 90.51703902251694, -96.87072273322514, -17.482569463441887, 124.72131738875514, 50.46101795442471, 832.8907363862089, -113.35153795979734, 92.43540130937807, 68.90331863481576, -39.732679692830125, 125.20091431605086, -59.43631415609513, -21.335859123821773, 50.60351520581594, 19.77226417647528, -51.481293429803046, 31.699102869007312, -170.2221217783507, -36.788494034580104, -88.05052201194151, 49.07601387243651, -40.195139807464884, -92.79749949723778, -66.49323583935943, 104.70567001004983, -23.04299675035638, 30.218441913317925, 5.323103118125689, 74.69969049820234, 104.08202803777212, -40.20366301417547, -19.43410695245663, 54.634170204173, 83.12031675781927, 32.32649988788236, -18.024101906941866, -93.14522372279986, 84.36358606280335, -17.642190933361974, 122.70195173122418, -8.523371906104602, -60.5037962855181, -4.593654490275927, 50.062339482081214, 14.944972909439942, 23.32723212388262, 13.879895405124435, -26.883902874284587, 0.7929053648304797, 19.749290705167102, -14.808323869748884, -25.044621096946052, -42.85792503201638, -23.13100813515241, 48.831351015631334, 113.50505113629661, 14.34889986153446, -63.52031669431893, -76.1298108801542, -70.18571574593004, 46.74276501189316, 2.8841732548558316, -27.836223033289734, -59.92147824584875, 26.269694783319437, -4.4910983523708055, 45.61686757117537, -125.22522991506123, 23.48672412211582, -8.33123447619852, -1.092324830667037, -94.5974225741192, 18.07590613102749, -148.0345774688544, 23.97388486531918, 57.67695774127792, 28.040746935420362, 86.83684174818882, -72.61046073955423, 22.673584294406467, -35.61966029586737, -52.5834730505547, -7.937326297976104, 54.72773030119994, -65.76456448928573, 37.358379309085585, -7.716140749415865], [-57.99263340255161, 53.089280283240385, 11.218867622721685, 64.16937209417374, -84.57673474739212, -47.29533511700829, 14.769893244161784, 79.69292398589907, 83.68807904724932, -39.83428636141475, -23.723254921375627, 43.0948762004283, 34.46096259374125, 38.419577095133434, 1.3942539154246492, 23.412688482581224, -88.71826583477988, 164.952237153273, -113.35153795979734, 878.714591466961, 37.07028426233365, 101.21767084360003, 160.74639922726882, -14.356704222244746, 70.07351812329536, 61.47707652048739, 37.30612244013165, 1.8599101917692027, -24.33652653633635, 0.32234854482311065, 86.4976523230558, 88.76992210634411, 156.8054281323484, 65.91811718045322, -98.50214499574481, -7.423036225795213, -50.0992797566712, 15.235380168617137, 48.66534116306331, 25.014348984069965, 87.33384654624153, 130.67216523374856, -91.48584450340562, 118.98531948939458, -7.174722070837113, 100.26779347827079, 40.38799638010294, 29.095522189738666, -39.08243068537624, 50.658274597787475, 78.91964267798137, -45.168854663925345, 14.197277777576858, 6.800854659905433, 17.080709744348095, 1.6822197853240315, -52.28302892167917, 117.78186462127661, -59.75893097953445, 11.822046216406621, 73.2709893178708, 165.01344918857626, 24.54346006575234, 14.190373198483636, -155.2151537513179, 56.36071037260644, -44.337469875940805, -101.62072646857082, 74.34437573040509, 51.65393632437764, 29.65221207399672, 35.169955671889866, -49.4627206459036, 10.855371287833828, 14.942517404964844, -122.36823980116932, 57.45133778195217, 16.69164613422869, -15.658345418590395, 95.48251392287966, -28.58254236422998, -60.65440763152727, 43.27046629060739, 54.06304357617508, 107.35349260800052, -35.24958705574636, -21.49202533444923, -71.86067346938069, 83.10646597911766, 56.97259820897675, -72.95034280853424, 32.582933107783475, -0.8976060848566819, 23.64344961389371, -33.32136269981869, -35.00857025431246, -81.49569911899222, -76.77142343340223, -18.32487495428506, 94.07569097870379], [89.80037329606718, -123.75960906406787, 186.72333162993522, 9.331266592109895, -72.51502831944595, 25.34434589644703, 13.2346420961023, -36.52787401028509, 52.141058521431454, 12.886604333391237, -18.859647916647745, 97.72450424124973, 66.3896001306677, 39.89957355186852, 20.252137702629337, 30.335053179018036, -30.02889215443656, -68.4924481260108, 92.4