{"N": 100, "M": 5, "A": [[[725.0116470739504, -54.75992870499113, 8.264517593597347, -19.246434213447152, -94.41217455351608, 0.12356936903148544, -30.890403772256857, -38.078239167460495, 106.95839875680561, -26.136203151092587, 1.7902933191575297, -80.89511034709017, 23.722230032312225, 56.76131528312419, -72.9199835565953, 92.04206836960178, -73.76722622505339, -13.915277692648793, 34.75335720356585, -21.12475971695817, 77.19988666783233, -37.12838729784957, -34.41450051562463, -29.37028591666755, 61.866294560232085, -72.1880909283954, 24.36107668253476, 68.86753934992537, 24.69411303591929, 61.94723099835034, -79.43119136161619, -91.04114490146509, 15.765679413542296, 40.07122387613348, -44.021639750369346, -11.671563715220405, 27.51233601688368, 126.91946790542235, -9.068830904384646, -115.4817278210355, -25.098656325727283, -2.6936228069279866, -4.9556239324002, 107.44766963572644, -32.477230539732574, -38.49755425868737, -12.370284023067663, -51.20855490864387, 6.174499183328478, -63.233618338035086, -30.82978403035185, -22.930344764066753, 102.57574926496093, 13.627523151440318, -72.21683427461147, -90.18767165180952, -146.6053150293289, -124.49517304368017, 72.97898395263626, 28.55867492600921, -0.9653327244452393, 79.42844859018467, 0.07825012960164252, 33.60596179879671, 32.58557734991349, -52.22590384969974, -117.79561279357569, 2.251712490406164, 31.395282928143732, 60.36022584325207, 5.527284923078406, 22.483215889382667, 100.29606070440477, -22.99567940914271, 24.52800721744619, -31.920862823015945, -41.71676397551902, -38.84645530195225, -35.13561106402555, -28.386216184629735, 63.27138975516377, -55.383272140927964, -38.39280389838752, -64.66752701942467, -75.85141257180031, 29.097222702751214, -42.5234707828637, 28.03913528009941, -87.72381831257567, -17.695961717177042, -89.98509375192076, 2.298720917923645, 66.49930768203451, 70.08385209122717, 57.91633608925406, 52.96205980469149, -45.72982956729265, -30.812734093570647, -48.917954753212975, 78.14884071626733], [-54.75992870499113, 876.7322217892582, -127.77647792633788, 25.317906425168744, -41.903704039302454, -19.24962721610752, -17.991927104334305, 108.75152620617557, -136.54444430494576, -19.74857237138006, 74.23414246176097, 35.55986333515148, -73.0012841291554, -100.35152041080043, 17.60399497958074, -37.83013583395002, 26.550261993579383, -98.72708037866869, 109.27125720743919, 15.693142285999327, -19.41702435236376, -114.68780975405224, 135.27876335530425, 65.2816322111338, -35.209479983888826, -4.339813710365174, 50.73060747170919, -29.801564306572008, -114.68144153440092, -56.83631496343886, 102.90767926757549, 89.71822726400327, 13.329884604943992, -72.41382927346447, 84.33381246884689, -107.17843891727813, 12.99730266882846, -40.29542209539211, -31.078923389870113, -73.64542847902035, 63.84967761646964, -64.2464606480469, -8.631646319831555, -139.8078318718952, -48.88076967544319, 65.94441398615625, -2.5173819687815158, -130.6119065944793, 65.14652520862337, 46.53263856153043, -4.691509760912467, -7.18323971687493, -72.29705798429563, -36.408231306233766, 146.3077576501534, 8.169230165458151, -101.15410350377621, 43.85241072528831, -76.2516339528179, -120.49733482516645, 150.29631246376735, 100.50315645994833, -14.95525372222408, 126.70937927993533, -118.08918419440117, 77.04829338707565, -0.7793880251491597, -53.50643876865599, -157.84429413319813, 162.82373433893034, 18.900591130583614, 61.11718055984553, 56.198476253601854, -48.93410394692022, -22.881714912094075, 23.36876218516663, -71.8587453112248, 97.39031450493292, -80.2299194220038, 150.26149952305582, 63.874350499309855, -57.32718029268398, -20.723919934070917, 51.757505463693306, 91.47933680386515, -91.88002357596855, 10.755526641000486, -34.916342635912194, -14.229893689333144, 5.776137831225451, -89.77260151923534, -71.84086753384359, 54.542041376469804, 24.447276890839674, 24.79103978009852, 169.70402075088577, 35.157625902522824, 41.86337643386913, -80.09597079570887, -40.33861831050854], [8.264517593597347, -127.77647792633788, 831.3488474914388, 65.62114874911069, 125.08208546917798, -15.862930338234067, 15.542500013783961, -42.51568981718086, -23.76430717657214, -42.9752425393064, -122.7032116134278, -48.26228672937175, 3.537532547681425, -22.32738614289506, -17.033749736281163, 62.33798373936101, 87.32888645712389, -103.38708006180971, -59.19819730480586, -24.79367362069372, 65.93866510412647, -44.85484742971048, -37.74516896055813, -62.192625964222096, 23.545454766616107, 1.6273444263387822, -117.73457630796197, 3.6103638723455496, 41.58605509506559, -2.4902577954843195, 36.26117141516693, -7.807007770240283, 25.68017940431249, 47.24518445953812, -40.56094463641557, 17.186434645325885, 28.967257408030218, -50.39803171730653, 11.227993123208268, 135.8105058154638, -16.88149251147343, 5.763629628916464, 35.35718641059325, 116.12419724674407, -52.78096008566247, -84.9309038841703, 8.132367277150024, 48.77672784621632, 35.86433004711626, -40.58893771146101, -72.55513987896644, 1.7485076434148765, 123.51621862479458, -3.10116630661275, -43.95052174998474, 48.50948665032859, 55.88352001582069, -35.01481458375697, -29.012557080682537, 11.497385814030421, -31.173371885722315, 6.793316227061059, 41.51202405441518, -61.96149428053764, -17.372529864986888, 51.27808657515033, 19.703976246054367, -25.05093123179236, -35.61389771738142, 78.47748308959154, 41.98514242942359, 41.95141577255745, 46.19731233668344, 78.36782994228406, -17.218473660658738, 1.5446049578579515, 96.25682393292935, -104.6217704718491, -20.166871054305602, -74.09121348270727, -151.71388504954115, -6.688968153533576, 100.87236403690366, 12.656090526584904, -53.77142700177373, 81.47628790478852, -71.8581986786882, -136.6591972444677, 1.228050055401495, 9.908535253137055, 134.80902078601792, 55.0611845643558, 45.13742728521947, 12.120186694081397, 135.39974001918387, 112.2077219452278, -84.06649468563315, -69.7900952486854, -37.03295728995725, 71.31463534916293], [-19.246434213447152, 25.317906425168744, 65.62114874911069, 695.7770310697371, 46.592842260336226, -47.486132150064314, 1.2503241764209767, -107.73933051477331, -18.16521367493113, 10.149198668216938, -53.11533594495354, 4.039720343349829, 37.04687129758933, 12.945284003312036, 100.13299760094253, 12.429455782667, -46.639558041514036, 17.249140348496493, -62.101464549729315, -89.90217680255716, -60.391033282407946, 21.505799926138817, 36.86446218882283, 51.8201605604318, -74.2658026666436, 15.937792319528345, -150.362464795486, -31.464512998097515, 70.94921572405892, -152.7363958650472, 71.32268348586162, 48.19579911127273, -90.56981878508802, 25.346911080145553, -65.25258031993283, -53.52070129829744, -150.0356887878978, -9.601241421392425, -3.420889555653212, -115.86186803839563, 67.2708661268061, -41.398595525508156, -44.371604289267495, -61.65060695620177, -25.338096851896015, 81.69147418266012, 17.082065060373104, 79.12266470847096, 219.87182533574926, 129.51570067161097, -30.741088467214652, -19.774245696401085, -59.51394592012627, 79.80320364370867, 101.12492095086091, -45.8792996207138, 27.10595522249502, -54.27878224754772, -144.13027145879258, -69.70908431411345, 19.01321516758271, 96.64886931379199, 32.24366472078915, 10.749001149571713, -42.21022107269323, 5.827309219504156, 81.34299996611487, -15.569176519901161, 36.90315630468163, 59.958457267076305, -28.26627256809394, -39.92350051119788, -28.10668416337547, -76.9604414064211, -84.89992567567651, 97.87045861104798, 63.2336232720657, -98.883730383681, 1.2401163435699891, -17.593639850317324, 26.0380672908144, 31.1477218895865, 58.730453143840414, 8.590099017660659, 0.16596298428961098, 5.724016819220098, -15.920630681104155, -138.42105240833016, 62.765413453864866, -51.080608963881545, 24.873012971257463, -41.171444494096946, -21.318228880251727, -103.46657064477111, 35.323932569483645, -9.48625964382459, 32.846455644426214, -14.19787162719804, -198.59643232012837, -31.33457689557395], [-94.41217455351608, -41.903704039302454, 125.08208546917798, 46.592842260336226, 1053.8708937510821, -98.13039491028505, 34.118955043306755, 0.6722208422291399, -91.08162850736772, 49.25976551504546, -63.43165074566789, -7.252597429194651, 30.10696886904842, -17.73119272014261, 61.939940923065606, 61.40197461098609, -100.93213247395951, 30.997014975929734, 66.83879939903784, 36.65262241908656, 65.4298503358663, -73.78238788787691, -77.8908226908374, -21.046640526836423, -52.0108277193555, 54.97962125025392, -22.776488088284935, -16.935373189597527, -23.412693636936982, 50.82678324199933, -7.652915211971077, 181.4006951718668, 60.90296392319679, -31.78830767463642, 87.40177786723818, 98.36415401118876, -60.58397533821505, -77.70207585949558, -72.64540176652314, -72.58912587533065, 2.1912868271886468, -16.131481712885602, -49.081932867740306, 34.281084055225406, -153.61668898841322, 30.145498451365334, 48.369725077057474, -97.38683750991405, 88.6793215208493, 93.36294954211641, 17.512997790739714, 16.823745180197857, 64.1750321429241, -91.33249835516075, -61.090902357702795, -57.0685008447177, 55.143673841217094, 21.810070410827795, -81.59005331838527, 44.58964482512388, -85.73041541820452, -1.2762071251080722, 91.36321342155732, -149.0952352789492, 38.425800687108186, 113.63252929043077, 5.339107729239838, -59.8435746028613, 8.079599270557829, -16.74734468217139, -60.363653729261465, -62.8199763418384, -85.1218985842196, 28.69914591891023, -13.893600454200568, -94.66476337880229, -12.860306355342898, -96.05227351521111, 58.86265588875376, 89.50776459813952, -157.19919116023968, -136.57385214892975, -33.98646360472171, -135.0849013642486, -22.102104394966105, 151.5844001369222, -94.05423587708374, 39.02148604426215, 76.2936844379283, -6.789975023372213, 18.60495887105466, 53.4351385048275, 53.55838080780136, -38.112415271307924, -94.43960624458994, 96.31080213834022, -82.91642855410775, -98.59680940240978, -56.109314223245185, 150.87136169562777], [0.12356936903148544, -19.24962721610752, -15.862930338234067, -47.486132150064314, -98.13039491028505, 960.2281505967385, -0.2737875354760342, 3.810310134984973, -13.73606874439219, 147.74007981668888, 47.7520018508813, 19.397585260536896, -12.841848106328511, -72.59195803858606, 43.17618062148824, -56.82397746055893, -3.3724098985433213, 77.35837253878594, -66.08421952600753, -28.618883038880817, -38.67217407797474, -36.409778083163545, 116.81419443781397, -131.55904490375184, 129.143947431586, 176.98804538174863, 49.09253058158619, 88.31401878730836, -116.67618283796779, 126.0297802367791, 8.195231451401263, -13.402746328132084, 18.25549706315841, 75.0838394137683, -15.544985637578401, -86.28869945075219, 120.74599871218355, 103.58611821252096, -17.455975115194754, -29.067330984452788, 80.00180053378861, 33.8835245659722, -95.46712028845205, 18.427490186419035, 154.39738656405652, 37.95892860947577, 66.17819958376856, 12.249721423665589, -16.704170843760558, 78.39079899139492, -104.29010136558439, -14.180126531862786, -141.62632861095378, -23.409331557977936, 78.22233183753652, 57.622368601539165, -58.113214645203705, 13.279364372500757, 54.76669091748682, -76.4612943872812, 37.099958116833605, 79.15032947097676, -161.99829105739053, -24.29603923109952, 2.248662625608143, 4.033171095718632, -86.4764418157769, -81.67114000724035, 9.815299329563043, -9.759490981610542, -42.486551029843795, 180.5392996763338, -31.497846289330724, -69.3172019038415, -21.181323180251407, -35.95791967052377, 10.895816224208602, 107.70747115885317, -12.57130802035502, -1.9357799649121543, 12.558068321296261, 132.06772311518893, 30.314691439580706, -92.29995227507375, 37.10678619540917, 143.9077903876766, 94.98821254023515, 90.34691351774204, -40.19110189032598, 80.70912385651313, 99.90437735321073, 5.078885842193463, 9.547291628042307, -21.48274546664328, 48.14916094025903, 117.92452018301769, 78.24419410498305, -105.7439450492286, -167.15605813435963, -39.563473073611846], [-30.890403772256857, -17.991927104334305, 15.542500013783961, 1.2503241764209767, 34.118955043306755, -0.2737875354760342, 744.9238921992555, 7.065979144101997, 26.290339580740724, 51.914896045194276, 9.408944091676599, 38.340464546197, -13.419752333081664, -25.24486167176567, -93.60916004119987, -31.828418056895007, -142.3902963201185, -69.23673462494283, -96.23893964177621, -47.99363790825924, 68.74784826025267, 25.70686525365725, -15.352499750326036, 74.60403224050658, 12.658870960369205, -108.16223596356771, 26.2433510840497, -70.95741873945602, -10.307465929765554, 35.8608646350549, 67.61248640926428, 5.244059775218622, -124.26787015123861, -59.674029286293916, -23.20193218742539, -99.76946091712199, 16.2576993719626, 73.33469644156098, 68.68229171568855, 22.05353403752159, -149.4770254109752, -110.21747681851903, -22.637333221312037, -143.12448529961182, -29.051818502609944, 24.11765037748123, 81.68755418985191, -75.44166888275103, 58.92441018124863, 50.44423962756211, 27.483683936495243, 146.11766562760081, -121.77090911103457, -45.87126934218173, -50.916995272408315, -99.0472269998862, 36.40128083736654, 15.994321532206623, 0.2551718564825369, -153.3775733460345, 91.3860577538437, -21.469435639198064, 44.014284997821505, -1.1073963321565425, 10.657430475557009, -30.212206852533495, 36.53821923221115, -84.03089466373795, 100.36603888105002, -24.382981859669048, 57.765484492200066, -9.17171694391566, 3.979375995232953, -34.15363582409852, -61.07151725607689, 16.43201067913206, 70.43822961320481, 16.482974988694476, 18.430129455965155, -74.96758050837308, 6.398111656239552, 54.8891598446029, -42.318272196998194, 87.0107273701882, 88.0204755341875, -94.04253358242809, -76.02031488015699, -5.84515635272225, 33.66454734120223, 83.59443578857055, 72.17352331354371, 10.659007201493857, 56.02449180336625, 4.936573142041885, 120.71950933354941, -25.53856827906082, 23.641457059019544, -152.32047561520037, 3.7583522776040015, -1.4005249877654369], [-38.078239167460495, 108.75152620617557, -42.51568981718086, -107.73933051477331, 0.6722208422291399, 3.810310134984973, 7.065979144101997, 983.4613314539416, 21.06432952507478, 13.32273680540752, -30.70367084155173, -23.27532791821926, 29.541527601661652, 71.62967250074627, -13.522606171384293, 59.72267435860947, 46.096561451710805, 53.997065295568, 16.41528557664337, -50.0628840004068, -17.0589624144953, 47.05389374024357, -35.68330199307914, -88.02285796020348, -98.64849118173835, -41.18485257189151, -50.77903776001663, 33.38336202048224, -46.23397119049923, 83.35102228601674, 37.764784643266864, 86.80524547133128, 71.06493159472078, -78.10609695840516, -185.31124965972964, 71.21007786554185, -67.3338447265933, 38.41285694205931, 11.794935719754093, 5.023915870817796, -147.25742310411565, -40.042811854140204, 15.205159836228681, -69.79843420236902, 76.71804399926405, 62.92182333104985, -8.489552736069948, -31.118689618461207, 82.99767503878108, -100.16182912482223, 145.88732514162783, 59.41480939091837, -44.03672857471626, -33.43268514813629, -48.950862355511084, 121.85194832863682, -2.730315014134309, -38.19686449439288, 19.044805352783584, 25.76625216539201, 60.81669268821075, -48.98509888195567, 14.172860182865524, 38.013498676570066, 141.4338587459874, -41.390124133872376, -78.6141757245557, 107.62501843121697, 88.00489620962874, 24.828690530993175, 106.33159860995615, -1.725149186218619, -74.22429547898163, 130.09435486299913, -4.727172811976177, -37.669556084352145, 97.36727683067956, 44.52087842669849, -22.44979854157369, 7.795677631572729, -179.31341340768702, -37.95724781642499, -70.02642152720011, -91.35061581952597, 48.00174621257377, -90.36391810296777, 59.243079384975246, 33.1548418118917, -49.35115976434543, 18.55985045705432, -74.98745455249008, 17.05504720669693, 120.37950866572764, -141.02973096905512, 97.49506753012317, 84.53860102397489, -63.75790848469399, -49.41264123142989, 32.2470422049302, 36.86854626992617], [106.95839875680561, -136.54444430494576, -23.76430717657214, -18.16521367493113, -91.08162850736772, -13.73606874439219, 26.290339580740724, 21.06432952507478, 892.1087406766978, 169.2331362281447, 17.966463922016622, -90.91405324029836, 20.912234991570404, 32.68554854409833, 16.907798457488166, -62.95676981115514, 46.377034114567834, 165.06989850275957, 55.651607259108296, -55.89581807369032, -98.80527186939804, 7.799892751297584, 67.78456992509746, 113.52232355746735, -96.27632993253594, -161.07540337083466, 23.435631896075392, -54.03274853895654, 84.50217940888437, 20.69377980794484, -20.38836593007922, -77.11108173321786, -15.279019278694808, 64.09751309466279, -37.30133890460188, -130.24942366155878, 128.76074641620687, 59.92201312480225, 98.49521014383014, 0.8822692231420866, -78.73568166801235, 20.0590011463779, -7.986139332033708, -126.06743339023791, -54.92245245316309, -44.64148414193078, 19.407940931413556, 99.48498277268342, 4.857261952705158, 127.04315075248721, 71.59126311335432, 22.129354838476804, 152.70882461719384, 44.030293499268105, -21.515026076104753, 61.18183089669171, 81.92027480339586, 19.82894449480884, -15.104516503269116, -50.16430917072895, -108.37701267646771, 21.049282473653186, 132.03339627320022, 102.96594861439236, 86.6992744361328, -57.22406803778784, 75.23306207483806, -0.4296715319491216, 45.963592684956694, -56.235391430713534, -10.821411762082722, -7.187709641702332, 51.23526214912187, -113.27131116610818, -29.7953210315285, 67.05410614394987, -83.92973137977596, -25.53489762825922, 62.81590945718367, 88.27368363933012, -32.05585889010944, 4.182362478863621, 6.569490452692201, -151.1894153987962, -99.05452698599683, -56.41497426900863, 6.002449910838159, -85.43978898575249, 44.86046612100702, -12.853628101284128, -74.69922025513468, -24.84916484688351, 34.44677696241191, 141.7461687967463, 152.6888269816002, -17.6031137743054, -94.51935891084459, 58.57725756835513, -16.683555425644396, 86.80356726876323], [-26.136203151092587, -19.74857237138006, -42.9752425393064, 10.149198668216938, 49.25976551504546, 147.74007981668888, 51.914896045194276, 13.32273680540752, 169.2331362281447, 704.4405555734976, 39.835254870380936, -62.2584468789834, -47.1989816221796, -13.764050958261716, -12.929622622501054, -58.662568165100666, -43.14533179441104, 50.89646069010117, -97.09697524618412, 73.85914627167922, 8.105923563777914, 57.405683108209075, 20.63133224356637, 101.88970824459977, -73.44161566172355, 45.27168863146704, 62.981283055077995, 29.87088359878503, -73.72746194611044, 71.61064094856245, -52.909735726643525, -54.599502985840054, 91.1049137100896, 36.02557204816664, 55.30853345199943, -59.46804392528034, -48.073699481146996, 94.41134801901525, -44.952931635144424, 41.57495064065897, -36.76551215690157, -7.313621224912487, 21.782195907486873, -156.03397273606572, 21.94961935855326, 18.277745815228368, 8.155498540114333, -60.38354385280451, 60.76847307200249, -24.1917113677825, 11.117162219772744, -11.282304671233797, -35.769201546114694, 62.283700453943894, -86.65603640063163, -56.038924966306276, 84.51172301499497, -93.08451360562184, 77.35207605360537, -49.91409393510062, -30.315188419102096, 44.10755258357217, 72.22984581549287, -61.07293401717896, 80.026284950575, -68.98601238331165, 17.123820534931422, 49.46426332485683, 74.56115452316203, -58.042807738895426, 19.378520111337714, 64.27907269455854, -59.00703956517562, 8.268085127327927, -19.211550265577824, -31.928311385571735, 9.669283160377068, -84.25629671718157, 11.804849808935248, -6.086629492039784, -85.38956160587242, 16.981690653282715, 50.335089744142444, 65.93107798275376, 74.1663584872131, 118.96175462336913, 90.85826014637317, 4.361902307529939, -141.6669719479001, 123.9018504313391, -15.78096002230511, -28.90951149800015, -9.350340838127996, 27.252032051944216, 60.32660077990172, -7.967094350539903, -50.04091614172683, -73.78590046706869, -97.75237012794135, -36.504720320648666], [1.7902933191575297, 74.23414246176097, -122.7032116134278, -53.11533594495354, -63.43165074566789, 47.7520018508813, 9.408944091676599, -30.70367084155173, 17.966463922016622, 39.835254870380936, 907.2076038429464, 7.674942236625392, -5.411863461600211, -188.2404045773333, 72.37780649540139, -50.92915922314761, 8.88368983487951, 2.9633140229113653, -7.345415589417338, 40.781050026511586, 35.47491329569847, -48.8492360551726, 89.25707363030425, 19.13056329913212, -104.07996563891517, 9.843309718860887, 26.37809596444459, 150.8466337337793, -45.53651975967282, 56.5307745879868, 61.321135301508725, 9.916429141412006, 6.162960007449158, 67.54832028855209, 5.992777365035244, -8.5399659268348, 3.6781683934115255, -98.6962088048065, -103.92291745073723, -103.32044844531323, -29.332825798850408, -0.367066667861679, -7.59762716305581, 2.385445916245225, -56.857693188577265, -76.80126445649556, -70.79187909874032, -87.83968784895613, 61.72972612928159, -41.815637766603004, -85.38682641438815, 54.91303157387357, -5.306651686688471, -7.733597782250382, -29.28454024407141, -54.74412940123336, 2.686036874781479, 43.957527010074315, -6.373365463065869, 2.816411157459573, 7.186212026536422, 1.32518675912207, -47.9724839516494, 83.19691932018472, 37.868424202524224, -89.81520752859747, -0.35798900403969225, -0.9986036449545865, -35.86725672660296, 26.70035605386325, 32.008252299903695, -62.988849172905915, 100.11032484851803, 154.11702554703032, 17.834180808133116, -46.56072117748159, -49.39525232767095, 75.2219525999632, -30.7111589451691, 25.959605448575502, -18.101750694937444, -5.175751054255495, 17.87882773402719, -52.850633887862074, 3.1083506673134864, 36.764991860380995, 74.82231303764286, 81.09825300808846, 28.35587222878311, -82.03468532610732, 29.82083255519172, -20.6723246002358, -33.565057185073584, -9.804786893143506, -3.6184659713162484, 6.2656425165362135, 8.145774848916046, -98.28294850204414, 28.13986962868358, -131.52260119076414], [-80.89511034709017, 35.55986333515148, -48.26228672937175, 4.039720343349829, -7.252597429194651, 19.397585260536896, 38.340464546197, -23.27532791821926, -90.91405324029836, -62.2584468789834, 7.674942236625392, 681.9547125453632, -44.705407137034626, 69.35162410036479, 39.22076848259428, 58.942634785855915, -32.27100343587945, 4.971912651374541, -47.93993921477342, 0.013346292988096151, -135.58428114320355, 95.76220926286499, 49.339774066692044, -76.35871083348484, -39.617264879351225, 69.37350318211809, -10.669659216636852, 10.138841593666346, 18.617920621972882, 31.168677883137544, 40.07215740362251, 61.53376900635685, -51.4401485502376, -2.872477228819366, -72.04283060063747, -9.415764156932614, -72.64938176263593, -60.630496172086026, -20.49705816136007, -115.28285359881257, 12.348117800834274, -24.294214715403378, 79.5308223547938, -8.407294103193758, 90.15776173773064, 36.292102129343164, 52.42369341143229, -88.12750344127268, -18.969731203426846, 79.53476628846822, 3.3366310911192287, 42.93522826260602, -81.8259322144395, 3.911897894549792, -5.175199253635825, -32.24043836282742, -86.64411012040453, 21.425023564367596, -61.13207460691677, -112.79042619321744, 24.695630470822127, -7.757171975996146, 38.05866704302174, 85.76855480463844, -114.26925139751928, -20.12551227931594, 76.66964383150572, 22.596281914823802, -47.22413302312215, -18.16457114260988, -47.338973996105665, 18.840319104239555, 54.26731925245007, 33.02169292365505, 30.000145661109045, -96.2317084467754, 41.41166725140443, -46.33843348803474, 71.59894533754789, -144.1414777662802, 6.781878738577562, 67.01986444973625, -12.240487260396854, -98.48880830918799, -19.156612884798893, 14.726381201645633, 37.82915799494917, -48.202211366498204, 19.728057780648736, 77.65494877333849, -53.380162354466684, 49.88919086078551, 87.63942633760686, -4.965431113240639, -45.72144194634188, -12.380252072152352, 21.07013950294185, -21.454193262220084, 48.73922164991364, 121.09290205602477], [23.722230032312225, -73.0012841291554, 3.537532547681425, 37.04687129758933, 30.10696886904842, -12.841848106328511, -13.419752333081664, 29.541527601661652, 20.912234991570404, -47.1989816221796, -5.411863461600211, -44.705407137034626, 997.1673646108142, 45.21338442241627, 96.81610277035328, -12.097766413479313, -16.189251730100988, -22.562750372502425, 5.384732118829992, -4.39847447877624, 59.779621578491295, -138.5757192323155, 37.350741495764765, -15.96724988504651, 111.29125273859286, -50.69635027892632, -5.8572287089983135, 67.5927960736732, -110.68165363789085, -92.91381441166857, -25.275845961869262, 116.29704490138269, 13.551045291165028, 55.14517043229517, -40.68804482735354, 79.36620563265241, 4.895030349655093, -15.37779675350992, 81.47559839520537, 47.85407071721922, -13.238766957070794, -0.7913989099940243, 80.5936726764775, 120.31610068677391, -52.464532879206175, 66.87672174484611, -46.73414096470271, 71.5950310796061, -81.44077436946837, -59.68393943221996, 33.94096656548644, -20.763838965848098, 7.356865733192418, 123.06045910187292, 9.891147147833614, 55.81055606417222, -6.097029301861639, -46.696479579441345, 173.03439150783214, 12.977733049838118, -86.0400205453607, 9.852441230128385, -0.2850405506471897, 30.67503851810974, 56.158865749570765, 45.515902736751784, 54.170610693349325, 9.325537052992857, 116.97918690176712, -182.51077751481705, -144.76583785253627, -127.16262254635286, -193.89471140135484, -72.89522035098186, -50.827574834112596, 27.116605426206963, -0.6471720300034959, -38.67066302367912, -27.463858569146012, -12.889319426125654, 62.94028991161817, -69.25004106121163, 16.206431075679426, 97.3448238748144, -117.080610617313, 96.63708363798173, -99.79659463631158, -114.67664268050189, 48.20660195295963, -44.979703510071346, 109.15862304383121, 26.458924713405555, -33.30761584458181, -100.4082779830532, -126.84914916075111, 219.5278737276461, -42.00507087394252, -54.709445801329686, -65.14078191945781, 72.20609433495201], [56.76131528312419, -100.35152041080043, -22.32738614289506, 12.945284003312036, -17.73119272014261, -72.59195803858606, -25.24486167176567, 71.62967250074627, 32.68554854409833, -13.764050958261716, -188.2404045773333, 69.35162410036479, 45.21338442241627, 975.230463232242, 119.8429191918443, -37.15397016958431, 64.26328411551839, 99.72677466616447, -75.70381234635107, -51.52730364739222, -69.4666623184535, -37.64128682136088, 27.449577824736263, -59.392730197104584, -116.65144796680792, 27.515308294578254, -87.78675823703499, -127.94352319660324, -58.773574397937686, 51.22311516166871, -23.297420254351756, 24.779004834939403, 30.982329220603994, 30.64608780301222, 11.723185740000766, 67.9459659725194, -0.6965728067749398, 69.46943587342821, -58.3249894096551, 15.961340165200854, -21.5509003015853, -18.982563773882, 37.70516899918292, 78.54216042580715, -79.35054370867101, -160.76108658453933, 159.26297603325173, -32.30781117821938, 48.07420076160461, -81.94643635246756, 28.095669334189907, 75.20812660877033, -17.531576546153794, 83.90849470755387, 52.99020904978814, -0.3593234697904255, -9.794375950701768, 54.56778810249386, -47.68925620083784, -70.01820037447953, -76.17541037173164, 1.415935988287407, 40.83719459723746, -75.30371007418245, 6.62106745021083, 0.5561931753977192, -68.78271197352304, -12.525551599400824, 43.49382536376985, -89.04128224993843, 38.861728010801734, -100.03310242193064, -23.46531547567483, -167.63671791378948, -15.704678923410334, 56.440336763117, -61.33876198062473, -64.44346202757058, 102.47726684525672, 17.897519807729918, -105.46939959142301, -12.888649972082115, 0.5508601106275784, -56.07591698887542, 146.47024010654494, 3.7051912157767246, 43.6067463923744, -140.53932497665565, -21.320253812427772, -13.70810802368923, 18.17937613488187, -32.22962840305388, 46.83658669344931, 42.763323355626135, -66.09626073249002, -22.204514159983468, 137.01418486258, 65.75957251969653, -38.51606910553781, -49.96773897293242], [-72.9199835565953, 17.60399497958074, -17.033749736281163, 100.13299760094253, 61.939940923065606, 43.17618062148824, -93.60916004119987, -13.522606171384293, 16.907798457488166, -12.929622622501054, 72.37780649540139, 39.22076848259428, 96.81610277035328, 119.8429191918443, 956.9144436159223, -40.304844028394186, -113.59781455267023, 75.42673630379349, 130.6113250388364, -127.38649579089883, 43.75142718703041, 50.98208603432362, -22.291981212105703, -24.485787976005966, -114.34341638007103, 111.2041841212407, -35.60105632719241, 13.781290654852668, -37.75430197578489, -14.08429732766793, -66.85829293268762, 1.3208134291714517, 78.92663260506247, 0.43506332149746696, 16.15191064698077, 107.26765972281163, -7.147900009353748, -58.18652416665599, 0.12860277189082722, -20.247734626530896, 57.38532464601081, 54.13115489368237, -13.832194128986835, 78.99603685772131, -134.26572768119735, -91.49951412564451, 154.63883485984738, 119.17381853557089, 58.55917489244893, -11.749343812149597, -2.8988179875137314, 73.63191882402886, 93.7185116400976, -36.16241318424846, 35.68816239869483, -81.52968275692963, -51.33838390372526, -36.12757527873225, -38.548025390911626, 49.317873798330204, -90.88136032055681, -8.017984904331799, 75.38612270469262, 25.314403727147493, -31.49855979711101, 83.92432675941149, -100.31050699282275, 132.0865048808362, -0.6545456200958525, 1.7993689073541925, -85.25183367062148, -137.14365796188406, -66.06558911702355, 61.456612074174785, -108.6167455163337, -4.680106930021015, -51.212763563763524, 4.777833744744587, 58.05035200040479, -39.327413777343466, -48.79756455070036, 74.70632909799045, 36.00750121629559, -11.81007345454544, -73.70657747878154, 63.86819961128734, 23.153606579530805, -65.78027102400243, 105.36481261200495, 1.6856273288674057, -97.4616328875468, -14.534061595449515, -44.48959527456407, -113.58086300199164, -5.259102402282573, 16.521653049039987, 3.7626148402846313, -115.3020653392543, -34.435293114530324, -52.22816573575219], [92.04206836960178, -37.83013583395002, 62.33798373936101, 12.429455782667, 61.40197461098609, -56.82397746055893, -31.828418056895007, 59.72267435860947, -62.95676981115514, -58.662568165100666, -50.92915922314761, 58.942634785855915, -12.097766413479313, -37.15397016958431, -40.304844028394186, 849.3052477872609, -6.592869681346162, 12.773285670674639, 35.41187838497708, 54.8260102905446, -59.79629614505206, 53.36974187164013, 97.13973680373573, 32.25618276421981, 0.7238592011028419, -21.99923974803528, 7.590104351414601, -30.659829980104472, -100.82790490360583, 98.21809873127214, -1.1592681557480713, 73.60337812802752, -39.01843314535648, -13.500830185596904, -43.538697166783976, 0.6282510272904089, -44.710692064870685, 46.046813577945656, -136.5001978317501, 55.01179417010077, -18.087933271615015, -52.85543594630131, -119.74114094874707, -89.84803903754703, 115.00061665425146, -110.25865829474901, 5.629872652165901, 20.927233967604675, 105.55330570435078, -73.76763615369171, 79.10057801077295, 72.08271130115118, -76.70667153985198, -68.07296728931578, 0.7738558138383451, -97.25049402898709, 12.567715089191633, -5.493922906246258, 43.197340204084625, 7.520596160732724, -190.82527728978255, 67.17171180848968, -49.07301998427543, -6.273478186008091, -27.00801489472228, -52.87681586440494, 58.487069989477625, 88.40149713282067, 49.899224217955876, -1.0801629492126565, -61.36251521158439, -39.885523732094256, -61.80077969345437, 47.743604910904196, 140.676500684083, -34.597599913406924, 51.47290866531855, 25.32889273518252, -1.6564282252596878, -78.41608223567094, 37.25652910556306, -5.892603783264153, 30.736525903675048, -43.49984782349633, -37.08361561179597, 23.829833068108197, -90.09087373069806, 17.67013364259067, -29.37603778320713, 89.47164853369752, 45.87073534253147, 72.73544065473392, 11.302423205154133, -25.184641651786755, -10.739070110554458, 138.53567772583636, -125.69176693833754, 98.93759541173249, 77.49491466631011, 73.96592689583944], [-73.76722622505339, 26.550261993579383, 87.32888645712389, -46.639558041514036, -100.93213247395951, -3.3724098985433213, -142.3902963201185, 46.096561451710805, 46.377034114567834, -43.14533179441104, 8.88368983487951, -32.27100343587945, -16.189251730100988, 64.26328411551839, -113.59781455267023, -6.592869681346162, 908.4374555711032, 86.55230904080551, 77.18059590580806, 68.89012358412937, -113.3660003318883, 9.105937300167486, -66.95975873607586, 40.832730323189054, -153.93515087982985, -18.523519671675547, -122.40942070277566, -46.99543038535933, -11.23118145413424, 60.81157669071511, 49.836543861647925, -8.147740866772862, 23.35979760485243, -56.11394459895467, -65.67296880515514, -98.08592936349154, 17.009529315506946, 108.86128868654407, -113.61362045651238, 8.373432148777532, 164.0876727477492, 11.677182814350191, 89.65275336277219, 42.49757973507648, 116.46995657281512, 139.17655685033407, -40.586765620300845, -38.20949459330011, 50.63917849176351, -43.84033140347034, 15.10533916811951, 10.492153017145501, -118.58811089920793, -97.13317559783324, 42.2834586560871, 14.561495707765491, 40.05684019150877, -87.86052760536892, 48.81205407092842, -108.2112405602882, -47.72335961150386, -91.83059436169896, -22.484875702237247, 93.94524173687536, -51.92815164898523, -71.3176216125178, -104.97941429614836, -81.79117028040206, -67.43888198506586, -6.793885517393598, -87.37466207239126, -20.067311365853687, 29.10448619043774, 37.51941106388361, 84.1170181267788, 19.033002461747767, -86.05834995901651, 13.789371167532636, 1.7217102980256467, 175.08049573668808, -62.15665810247932, 80.15818856510985, 45.151856836345, 70.03344740501026, 0.3622817345810575, -16.507109597132533, -6.155969008719344, 4.903420567169437, 80.35801872563206, -53.77135448557602, 67.21687591561778, -52.892956438112606, 80.35079311797355, 149.50381736218714, -20.320250881318874, -62.740914648415156, -60.78951496150355, -121.85953023077278, -88.13170693347482, -9.868220190485033], [-13.915277692648793, -98.72708037866869, -103.38708006180971, 17.249140348496493, 30.997014975929734, 77.35837253878594, -69.23673462494283, 53.997065295568, 165.06989850275957, 50.89646069010117, 2.9633140229113653, 4.971912651374541, -22.562750372502425, 99.72677466616447, 75.42673630379349, 12.773285670674639, 86.55230904080551, 775.3617562542528, 37.31533584042249, 14.14010999398792, -48.60953002330702, 8.369988561129144, 8.955071368008136, -29.573912665834982, 29.687147818083243, 40.78466564615912, 82.89641015680364, -55.06434089816401, -55.76085366100125, -22.51266992975163, 63.15960876697559, 25.357461702844624, -39.575932123884265, 113.47619338987711, 9.525154413603234, 28.353519301462548, 77.48594285986186, -55.541280158248505, -95.8266774411556, -2.541644875028294, -152.134733153297, 197.9559003511709, -107.7440624758954, -96.45642736218701, -29.46738591098934, 102.89048323946984, -29.758054412993662, -64.25558376553691, 59.830635270349035, 110.20021865994323, 116.8722629578963, 59.4485575825109, -63.3640366636894, -125.16585644827627, -57.18455878171706, 25.186355114667837, 82.12805426831186, 7.974442074137131, 38.188192675050644, -111.92832659341994, -45.69942088618244, 29.840599180448322, 52.779548467249704, 82.93895144836091, -23.369716807683165, 49.332301803399595, -76.94781538633069, 12.18339057230508, -12.55577483369945, -90.8715770868404, 28.654382283500258, -27.967250432591204, -16.337358479887534, 69.6477420042725, -132.59504945710458, -79.13187589358975, 7.136913707727683, -26.08554906804041, -47.483377250007315, 94.30939573125055, -32.51312967519355, -41.58499774568638, 64.76095141897743, -11.613354681568417, 14.929004384772256, 50.05969836514474, -115.35813251055968, 100.25062815733398, -10.828937989686471, 29.872872523667382, -8.73741466988723, 41.36594391486576, -27.052552861468172, -71.10949916748777, 22.64762351662143, 5.429948482899348, 33.867748254763846, 154.46710848349898, -86.41782968370602, -80.62161864211288], [34.75335720356585, 109.27125720743919, -59.19819730480586, -62.101464549729315, 66.83879939903784, -66.08421952600753, -96.23893964177621, 16.41528557664337, 55.651607259108296, -97.09697524618412, -7.345415589417338, -47.93993921477342, 5.384732118829992, -75.70381234635107, 130.6113250388364, 35.41187838497708, 77.18059590580806, 37.31533584042249, 877.9468826561658, 85.73514227829268, -67.32159767052943, 7.082058238666193, -3.079163788111763, 21.217296808423526, -36.52496795757515, 43.07215382279452, -26.125549636724983, -87.27810186959978, -11.442474598216293, 27.47246469994211, 86.0568067220165, -29.27360663423694, -4.963459864227235, -84.20329424750192, -33.664630505619854, -57.52198072799808, 113.39360280907931, -55.499936748892615, 31.399288632817715, 44.8468815860257, 87.18460586849608, -108.30632601195528, 39.40266530904681, 51.56511575678822, -57.85715706082033, -20.379180688590246, -68.86439289514239, 100.58020616953658, -12.119036796901272, -30.442436648882516, 26.881786272605392, 0.07492294911927605, 13.953806744176672, 61.27036677006356, -17.793003800831137, 51.23447249872557, -68.83450201935833, 31.828010622819882, -7.706879859234321, 32.09346088795514, 91.86216514782893, -81.76673575719859, -51.209264932198664, 68.29227851609491, -58.807003710883045, 126.90092233468562, -137.797649095119, -95.72022692378262, -140.60798848800601, -34.300145869905535, 58.362627877751414, -32.22372302874391, -74.98940795202904, 59.36864391484894, -116.44850618774728, 16.850868239400985, 118.76724884948399, 90.98634478140762, -20.078478069168515, -50.67429647855677, 35.834959807669954, 73.90030298680671, -5.178775027549218, 125.6923641009889, -127.15204703962333, -12.620006490971036, 9.068376009936769, 38.477800668476625, 74.32235232417518, 55.49711768862703, 28.005862838397984, 29.84258907687461, 53.358637461700084, -30.51292181819653, -5.2244675850147475, 116.42480323842466, -102.46818485172538, -32.4953263244057, -9.254936572544631, -6.633063108794981], [-21.12475971695817, 15.693142285999327, -24.79367362069372, -89.90217680255716, 36.65262241908656, -28.618883038880817, -47.99363790825924, -50.0628840004068, -55.89581807369032, 73.85914627167922, 40.781050026511586, 0.013346292988096151, -4.39847447877624, -51.52730364739222, -127.38649579089883, 54.8260102905446, 68.89012358412937, 14.14010999398792, 85.73514227829268, 1035.8251144437515, 57.46887162585144, -76.7527169158628, 146.6611598378944, 49.50485265890956, -193.6985097489161, 127.21304727788502, 5.370698316446542, 116.1122806737375, 41.64537402186693, 119.26916705888105, 116.39772517377764, 53.071254159754936, 131.10291722743682, 72.65469368134309, -50.400609587241306, -35.778986963469244, -24.377304957506222, -14.17729426194578, -4.909840051708732, -44.61395814853387, 60.732561889645616, 32.5561846191287, -56.927683387182185, 119.60674088306696, 1.5187226041459814, 33.08476139469106, -111.2347833831831, -42.109908850915005, -9.528081933936294, 53.61172631274604, -56.062853866289224, -38.436937536376114, 78.0608960998699, 19.75073660913525, 21.78138496854655, -83.77861757225803, 1.6996985338434891, -48.602726475673364, 125.38330457981841, 28.237157100402385, -65.89313343289902, 98.72428678333249, -32.89610675075523, 51.75270312006412, 70.61804042324768, 82.14781037090637, 49.46690290907416, -34.4753575120908, 14.186495712744556, -124.16252134526842, 25.506094781946526, 94.6381862305577, -28.71491727775489, -52.12156995866608, -41.56783529339706, -115.86332243196323, -16.269942989983274, -73.91553549930353, -26.642616093298773, 30.617064902951768, -93.390173600341, 73.49336195527962, -57.63932883644638, 49.64389633938743, 0.8480576905519244, 49.89804860762337, -38.87875290561319, 61.45602028932949, -57.37553800343293, -176.03266873361153, 173.24841553754786, 83.71061016956763, -25.70368477742904, 0.32620754816851566, -29.25388975988452, 74.36523605592932, -29.0331863987528, 9.69825040820451, 102.75231871533545, -153.1864197601448], [77.19988666783233, -19.41702435236376, 65.93866510412647, -60.391033282407946, 65.4298503358663, -38.67217407797474, 68.74784826025267, -17.0589624144953, -98.80527186939804, 8.105923563777914, 35.47491329569847, -135.58428114320355, 59.779621578491295, -69.4666623184535, 43.75142718703041, -59.79629614505206, -113.366000331