{"N": 100, "M": 5, "A": [[[964.1533122360825, 179.18616492272267, -108.76801870177613, -123.53678135996944, 77.15603526298457, 44.105532518702105, 101.97961095401519, -16.648212553429808, 69.69179390191181, -48.23374808868101, -41.981661954120966, -63.919273075614896, 48.33020335096493, 80.21010340580217, 127.43196033213408, -69.78567017936214, 35.63086760768513, 22.869776432783862, 32.115780390441145, -29.594333399718145, -21.846587967321977, -60.18955391750349, -124.20768935659326, -29.446483130831563, -82.02406676880346, -45.17392884035747, -24.05559488075881, -57.12049757822295, -3.9852403478262546, -26.363034863729574, -99.75586410526972, 44.825981726789394, -41.21233238405199, -47.08714263389655, -84.5420303248668, -75.55689701779043, -98.63714453532715, -84.49514264070872, 65.50501130858194, -65.4394139303298, 42.45114939163478, 2.4597235872951146, 16.43983797650421, 32.209045486096905, 61.70761997592744, 68.97798334508761, 55.06639725779626, -26.691462504490435, -58.19718999714449, 43.41063081569771, 22.561708204937425, -90.44794831264055, -32.92162655888759, -53.67737130395643, 62.04834287816427, 83.65706664869299, 111.93135121569215, 26.704532324253247, 26.666247021993264, -106.50892593960378, 11.967792643456445, 8.656611977866783, -51.37256084537027, -21.951470519656382, -93.07197807250776, -113.29839619871042, 159.33993310430228, -33.646244719953295, 21.612653909186676, -3.0025374043458903, -70.35956702105548, -45.98688611552927, -39.887136141653144, -42.21828562316277, 29.161948102752092, 47.79223602298709, -44.77707708188364, 98.77983123320362, -54.57097975327742, 6.73579560905139, 20.494271881179912, -63.26100230766857, 60.35886050494602, 98.65738861002221, 12.089148354798946, -16.91203949425782, 95.04787828849122, 51.22437935028619, -74.12794208168076, 22.107309499259348, -9.998496320877653, -3.2470573754108014, 104.59598768617921, 150.88594100809016, -72.49289504079523, -85.66622694211067, 15.806830146309498, 36.33416553279891, 82.5384278434827, -19.41798205832813], [179.18616492272267, 896.7293320640799, -33.65804019652736, -28.965866479296814, 8.153835717809407, -44.54113210059645, -136.23411432329644, 43.36236058287416, -0.9721659529864322, -115.4823302976274, 43.99063724848016, -31.05897572520104, -141.2193482476873, -65.48158697042024, 85.40401682789, -17.52499269501952, 137.31298386915785, -15.185193103906819, 44.93555954562476, 18.148784772701063, 57.1232829587463, -76.5247096462356, -54.287870998303596, -22.687408089098593, 58.82042628174005, -16.100734800692862, 27.533577925392198, 28.122735340064363, 32.40691516451927, 25.15279208696028, -80.98109802996804, 46.681300820478995, 57.707680616829045, -31.680291768252868, -25.47813932848142, 44.37601784393045, -77.62695868008348, -35.50960727255016, -62.25619395582522, 136.70000260460446, 11.71300875047334, 42.64356921627641, 58.436656880543644, -171.63110007975428, 35.26617415973106, 127.37475090708557, 99.68322332315856, 42.87539513105636, -77.76250519930899, 59.37054455977534, -56.6029793316524, -216.75043712093898, -15.517560722870467, 53.31502645215494, -56.182453452874476, 67.29987368645318, 8.685777192558136, -13.677552329030622, 53.47882162866333, -165.97964653795918, -70.82833681829275, 22.63657299889662, -16.255429475502385, 37.791645730713, 111.45676066114984, 83.21934921904824, 46.70770176415089, 89.40739881397224, 33.72849971603295, -46.01453371685523, -108.22579832219336, 192.3769374759409, -142.99609171497016, 65.10233256248047, 44.519015473145444, 44.50206919504275, -49.402384921849404, 106.94951787007649, 25.43841795337791, 10.744242121550442, 94.57697437193315, 56.5699676237239, -30.924940820563048, 58.477361349825024, -15.876038279227172, 9.436467521388805, 36.26732903957053, 36.61510698482425, 44.39391182773012, -128.18301723676467, -50.99300495190858, 31.377912034124684, 12.813112487595781, -9.51964175601533, 21.674569227566014, -8.709512161825064, 79.19793926640739, 45.916021725504045, 70.42052812938962, 92.67836943860685], [-108.76801870177613, -33.65804019652736, 1132.944861490653, 112.64846466884121, 73.25900777667104, 8.7749846158789, 125.44695743000868, -31.505366090288767, 21.666981613372595, 111.05139376511899, -45.74865528846405, 4.675674807117835, -46.854775876176724, -50.49622242920325, 38.77676426834686, 85.2314596833915, 74.88854332942628, -56.41519954053538, -45.01284069021946, 81.74928434713323, -23.66265517898459, -0.13344544129866007, -52.76379031348835, -200.47403253770304, 37.28245785019502, -46.608281662000444, -25.235426116737703, 16.70490809031852, 81.24628438418698, 89.6069428479879, 1.168820446661022, 141.28553006199647, -64.08104778534488, -113.57533034916163, 104.39547787451208, -73.45211843411472, -90.64141041567358, -50.846239415523705, -92.03320910634564, -48.17027734428815, -53.54124331384213, 29.37116362916475, 66.35498028570458, -8.9679228275611, 64.24195907300994, -93.67208676625552, 52.86565882724863, 126.67383719856134, 86.03446805431787, -56.488608941434336, -21.407078545504096, 13.677649757713581, 49.86574006359583, -33.520107872677585, -61.07149098771548, -121.19278357974109, 24.271335497820214, 0.6624950324283774, 45.930755772022465, -50.43771805727615, 42.19125745811286, 53.56988086880209, 44.333364341823014, -34.793348593123106, -4.995272307300039, -20.42156274727739, -116.52512033774653, 28.150933718226764, -55.181504446843434, 2.7508770030082594, 156.32970930041358, 98.48370583816218, 36.88374270497272, 93.68815691063728, -166.66891049306338, -37.03158901177775, -133.55259758444174, -2.6099394070348962, -70.40567225055518, -49.802567587937766, -103.73618894528786, -15.55791632464354, -15.518575096059378, 24.054351412918823, -27.383632094603673, -26.443694336703143, -63.92312517779555, 26.821072020582626, -59.05165874773356, 10.824136146088891, 98.89816181981874, -71.29737610945583, 44.00140397279758, -1.6671452553303692, -33.31406021227766, 94.88936231558363, -12.240021838564978, -95.46811059866548, 10.435262583721794, 108.73833283899657], [-123.53678135996944, -28.965866479296814, 112.64846466884121, 863.117962771907, 19.708115613950064, -45.85225122885671, 136.69527696227448, 120.16554796250311, -48.298534980342545, 24.27245140628728, -96.45388362160448, -92.63679542194662, -165.9821325037087, 18.685720432053515, 101.42477642593093, 66.2167532881539, -51.93653662764432, -5.876227825994986, 47.607878549662296, -26.636242150908476, -81.81158802520636, 119.92937250638059, 38.71525963430756, -73.39182424101767, 82.26606056913361, -65.56704594223899, 42.3861674993833, 36.54326770021326, 38.6154433059959, 69.21412794920666, -17.81752567599792, 16.606235964748965, -20.597755463421098, 126.08368838815251, -76.85719453141672, 57.63794339292297, 62.13523535187724, -103.81709464342153, -70.00352586047656, -40.68186252442954, 56.46931283112301, -6.459752601780299, 30.006275426525704, 51.400463712484395, 19.220939828869117, -2.502133011963253, -9.879302475527526, 28.141850714037925, 69.08433393173352, -125.25213551680406, 23.075282322539845, 23.081306667731646, 78.08030488849859, -2.729044005087315, 42.93113169526025, -139.39895612932628, 58.72148943553702, 26.396828555693926, -53.68990457451905, -47.65853528071068, 34.895911188581195, 45.131691973892224, 3.8294907987630746, -44.048690266153336, -0.1724524223113546, 82.96711745774341, 47.95383387080659, -18.829900138000795, -53.44242621110271, -31.617974170007887, 17.023708353859554, -16.520118046599475, 11.592767520272245, 53.19335949786831, 96.54206110445979, 54.35247338328851, -17.644230996149695, -123.74275062739608, 80.34054497414039, 86.2142082605042, -64.18661228637619, 4.664879212814676, -53.66981061490671, -27.63284433891982, 9.235447785157938, 20.936380739349495, 10.32381877057853, -42.16668102826467, 55.147919987834854, -44.61837223385041, -59.12789807831819, -24.51197162386605, -192.78882485142097, 31.16350853867362, -87.4197522888659, -15.644598732688642, -18.34335327993988, 54.65313500877321, 115.41666001610112, 142.80437908911065], [77.15603526298457, 8.153835717809407, 73.25900777667104, 19.708115613950064, 839.2200904855334, -37.681318801151285, 17.321961837377074, 21.70957575791488, -21.498751857626868, -22.972994327294888, -167.5442872248609, 40.5264352938706, 24.640087013855297, -44.30698067182018, 110.97940179459499, 19.619715183740926, 70.6060843882735, 16.618784335014883, -29.496497218648113, -46.40932012136836, -2.944935313056537, -50.39839734456565, -118.11635239621631, -68.24241449594147, -2.2332652065166467, -19.267398316954953, -75.2945144673462, -105.30720966823576, 39.865403955806144, -118.07468697699525, -9.673451703634127, -41.265218120163645, 1.113921051206055, 39.83028918016858, -36.092354949595546, 5.567115562448758, 116.60627238568942, -29.202889152204865, -39.97704914782378, -79.8261104953043, -149.26055494873515, 0.4972942534390512, 39.92069360778468, 52.381427832043904, 28.51746354320584, 21.268335825093097, 6.058425595311512, 96.43193554506509, 93.59935181593812, 161.97873536264763, 56.39534995714725, 129.8001798877192, 61.81957445712618, -67.89393978732919, 70.4286054806732, 4.976914502371107, -55.58259848964085, -39.57351358704311, -74.2112757138473, -63.528221283872035, -30.39535365417233, 26.940241582654608, 76.72352103189286, 46.70652633351142, -98.47480864939715, 63.38774690613308, 101.62221377614772, 127.26550495864127, 34.379546200542876, 30.772405273044775, -86.53550812609735, -66.45008816201577, -30.515473051217185, 9.871509906453424, 41.87417089772581, -93.09849246801608, -44.22692613966106, -8.704631348262648, 71.18571164347183, -220.31104118713762, 27.168464527914583, 59.952661619670046, 79.65490118535759, -67.32113832892543, -14.019781616813372, -38.891721878873824, 34.100290386974294, 39.48223569668143, 2.2424329946911126, -69.10214147951604, -6.425775793813432, 64.2622901604219, 34.93256103993829, -4.9297442662387825, 42.17343445712839, -82.43600056654905, -10.913945226663943, 126.01372839713727, -4.34285615439034, -15.998772435976004], [44.105532518702105, -44.54113210059645, 8.7749846158789, -45.85225122885671, -37.681318801151285, 965.5800183991641, 16.631216831689503, 50.74465787941756, -37.72091015468326, 64.03142834987635, -91.84147338644416, -9.374621223040915, -43.2694776651484, 81.04641087480735, 100.27600110676029, 16.764760746529166, 85.6885679055195, 75.41290270754077, 64.15606616238868, 70.48205453590526, 59.420856998919, 121.26787867882442, -87.05916658225036, 37.3297180508858, -100.818153962058, -31.530987385321826, -66.28567271822789, 40.20542002326146, -126.62043152579116, 26.187205346111263, 2.101192499432084, -5.278618953852459, -66.4772731058844, -60.514483886358974, 28.62966468479925, -176.71441513729195, -99.62211387287218, -65.38714208479246, 1.0455785395283743, 141.4142762412654, -3.141568564728465, 69.52962902118558, 110.90223815599113, 3.6673856842762644, -29.83607087101971, 125.01025000200332, 90.91601442902451, -65.19470891642214, -22.45348354006649, -112.10023571243875, -75.79803898624274, 72.65004010302245, -37.646339183026164, 99.05403723244305, 89.47400962232484, 52.31921588214777, 122.965363634041, 19.9130730008077, 115.55098287996061, 54.13152967644953, 122.94475985013914, -59.96099030786225, -81.51831113169668, -103.14753360358709, 112.80252520146782, -16.12085007454428, 24.87836753756531, -72.66189253599758, 74.62636692878634, -21.708866398933473, -3.996801116255861, -86.42306534490017, 14.806555882359708, 122.40304145708797, 54.32969875671007, -194.67311740231526, -70.61988517865764, -91.47426123191316, -167.77633914045592, -31.411222877648672, 40.32367482235612, -5.8559645939660925, 5.0010852230728275, 18.87419270668458, -99.8302698120079, -84.52155518156745, 12.736988210645105, -61.091756999919454, 24.088185485552856, 106.79328670530035, -21.825549269983743, -4.212263382675785, 4.334693520396539, -37.048407436557746, 36.92621878713077, 47.479719613667676, -3.8623683157245106, 121.91617048075321, 11.434484923691656, 79.6818818231609], [101.97961095401519, -136.23411432329644, 125.44695743000868, 136.69527696227448, 17.321961837377074, 16.631216831689503, 881.7872547405689, -57.62380535705139, 110.09301783717015, 28.711110957695126, 75.81868813080922, -17.15889783954995, -12.459510562910145, -18.636825365640277, -132.0403737853915, -20.92945933982385, 91.01436636086433, 68.63080307328578, -37.08344253634598, 50.29280279479987, -115.26509531097055, -50.41184772151176, -134.4842356376957, -16.641756432500042, 18.435044049883462, -81.16598710377644, -62.65307220858467, 67.26548061150343, 34.08216450554639, 45.49924204133702, 60.83871338582063, 4.952218580233322, 60.63363074407243, -64.5905731940764, 92.14514391704438, -67.37061673959319, 9.044758061628361, -71.6230540440866, 55.46616987876934, -31.299311448771036, 64.05279078917611, 22.8311187514844, 22.067461044984004, 138.85013327740313, 83.68491588444301, -14.045353843326447, -2.3945939828076934, 109.81826503257922, -39.822477273857935, -83.47626166537314, -69.08790213863608, -44.40271417077833, -32.36584048384824, 53.54866110669532, 45.80052271269121, 32.417190785753085, -62.278952324053236, 110.8804440861012, -1.089337655467121, 61.10980734451629, -20.55423896026856, 25.240800418743312, -82.72813626054757, -82.23269210058639, 50.13145140895754, -23.598568232392118, -72.14670700269521, 19.523768790852706, -12.570213888779278, -68.81215986239384, -175.09431549817543, -104.70514855412527, -33.42380786916715, -110.33550711411816, -34.893147415480506, -5.654515812594896, -8.670032195343849, 68.29536563171959, 151.21326374709741, 56.18760104418413, -32.80791030248504, 138.5788997485956, -151.71111472901777, -63.4434971274199, -16.332167503268533, 158.6227335750302, -151.72100368912945, 92.72855787090054, -18.521468322827122, 96.81253108073454, -96.82693294599085, 7.431239819273525, 48.5410140275563, 78.11096111884358, 56.28454511938862, -7.505507041124892, 108.3249060341329, 18.89529514943162, 34.45597804960941, -114.59886152573311], [-16.648212553429808, 43.36236058287416, -31.505366090288767, 120.16554796250311, 21.70957575791488, 50.74465787941756, -57.62380535705139, 693.365606905196, 1.2183149380987828, 25.551049068491913, -13.21427311642613, 67.1923654168815, -18.125861213962274, 55.51635852605555, -58.627983449938355, 120.81621418720077, -41.923397166636185, -8.625837253736842, 67.71993292624121, -40.79049016417819, 18.406043626498377, 111.03304020494194, 40.186502729939605, 60.70991051162398, -1.6045589835655805, -40.41093684233402, -12.741658708085856, 67.45292828523375, 114.61518288596045, 57.086979930129175, 116.93604026022032, -55.7786618984876, 16.26026472676889, -0.4076778573427323, 3.3323464879870652, -95.39472261101017, 29.908974340888342, 16.245653677585338, -36.02041657944398, -56.08697166178342, 43.61181189259692, 24.84842615642149, 30.03375836476608, 184.69145147775902, -48.16234751534296, 0.9138874023600843, 5.669488977240891, 120.83793060998995, 2.384994115584687, 35.660267437079675, -142.66874891172492, 21.18680377312732, 38.98578733320824, 174.47789068168345, 33.319038610699636, -3.276743701109601, 17.970493561221016, -39.4882962515684, -45.598440132184095, -68.72787367966282, -42.675227872896045, -76.15708988321889, 21.553868441105127, 97.03719317052645, 13.172889136178181, 57.22492677019611, -16.32606669472329, -60.68339356258245, -12.712708303997534, -141.02052182260184, -12.735700176313255, 115.96696195993947, -11.114535944605722, -50.280141974046664, -11.475562115831588, 29.46908075759634, -35.977195329118246, -26.8632771527772, -75.82339973927623, 68.08905291500662, 12.643502303705754, 12.77382739327872, -99.75217888895368, -15.598320088211674, -49.01204892913565, -10.257689933147752, -22.590894899562574, -12.241479165516605, 51.26949717532134, 65.04291957989882, 12.459981140135424, 17.81775617154287, -23.30003057069089, 19.389326804258918, 78.44239496911194, -40.83843743926986, -152.7851883963516, 2.5165563909084425, -71.46474317867282, 31.455458937145067], [69.69179390191181, -0.9721659529864322, 21.666981613372595, -48.298534980342545, -21.498751857626868, -37.72091015468326, 110.09301783717015, 1.2183149380987828, 891.9689900741434, -42.4544882486132, -170.9588761035722, -93.84472336431392, -16.02773637587591, 166.99923971241122, -90.31055553388568, -103.34731971351312, 57.495427922471805, 52.362629730902746, -56.67289664153151, -96.47130305478393, -112.00401515706366, 52.91592654891442, 26.36272164743989, -66.9594482842877, 59.38888377661673, 18.302690165464124, -60.21547925453066, -99.43844921408778, 3.853350311821905, 87.52577892476953, -83.24989350911926, 11.511033459272172, 136.88735382095373, 43.47542503641844, 158.28945625352875, -12.940919498962154, -67.80257894096619, 66.68847382420437, -71.19525197424714, -156.58352027597707, 4.401901770589903, -11.510521066415713, -43.32378038177262, 62.40759151813948, 35.64177661073114, 104.90190909458147, -118.13608050806596, -122.18817899919077, -5.626666900185675, -15.762429176205085, -72.79936306414636, -20.703941549997378, 67.3293836696222, 16.74333398118887, -8.078241929480127, -65.90942347644842, -0.002601469694870732, 61.36425574824533, 12.403900124847201, -118.322772517046, -123.11954232107497, 74.49621970485298, 37.226703768014886, -157.96847242395776, 114.88225358632914, -82.11669053856838, -6.9514297398735305, -29.883165760372442, 88.79738141395443, -32.7864868304194, -79.83196900715235, -29.755747440509918, -91.07864584385834, -73.89841224523639, -135.1783308682805, 125.57136462701173, 35.68965487421444, -22.236805216123265, -10.065209692335175, -53.32531008658486, -72.90434268000772, 62.88120700995659, -33.889814688673226, 42.62109120109444, 23.11183541204867, 47.84797132762287, -40.757630310142176, 44.245840133101254, 151.99089261334987, 118.01496084038318, 118.83537005577772, 48.31460975473116, 117.15973796936004, -124.73743484786071, -9.794118776184657, -127.61242509054283, -56.30177008273711, -153.54864976738182, -34.74880792669426, -95.48047284479264], [-48.23374808868101, -115.4823302976274, 111.05139376511899, 24.27245140628728, -22.972994327294888, 64.03142834987635, 28.711110957695126, 25.551049068491913, -42.4544882486132, 762.0263378322155, 15.220965468070233, -16.86324676526173, 48.03291405911488, -26.0113338031657, -13.02315326799011, -62.048685945416445, 1.5693324754540723, -59.41652399013605, 73.35515213842585, 0.21325577879249002, 153.59990675480952, 56.430360710986754, 31.028177387655262, -93.84423156544757, 85.64809943676836, -159.07605489362555, -57.28665098486855, -0.2548594251879396, -4.5779121386253525, 36.5042288708776, 7.242680848375313, 87.35552315145033, 55.706145216767844, -74.69722979783322, 121.890615198707, -21.438414524283157, 59.67678272236963, -39.07578323592054, -31.669747249278977, 124.23858411667003, -5.907263859638923, -13.771284183868179, -25.17770337304677, 161.06790856549188, -1.63336566055649, -108.13265534054857, 50.76656892101329, -38.96207314874709, 27.823406084130703, -75.30224510244774, -72.24834790077894, 38.17392741388517, -25.320253669132573, 68.97026886048738, 74.83263703961283, 26.47841902697806, 48.46294412768487, -125.47521013249424, 0.634706616660635, -24.664934406847458, 146.67121337899763, 76.62190021852581, -74.12233379491347, 5.83185008177481, -18.148651369267284, 69.55883495963477, 25.751584645727515, 129.74615415252643, -54.3045915170435, -25.596521229133767, 7.0762072272917464, 62.32538546102055, 50.24719482883279, 33.44790724420861, -21.043064802036415, -24.43225408461362, -11.006347593002328, 89.14448869051967, 6.96895235193536, 23.69920537974536, -75.90451141761021, 27.34792979841332, 56.44832385365064, -46.618587481892156, 13.206116875669816, -52.62748710397001, -30.482488689457863, -77.27661590421272, -94.40289346433822, -0.10138472922185403, 67.61965845949898, 123.23144353329381, 58.89809291305534, 90.53854859664509, -61.22380346158064, -123.74388621246912, 56.78039651091044, 17.459933482004573, 46.565296479720004, -15.1179164872346], [-41.981661954120966, 43.99063724848016, -45.74865528846405, -96.45388362160448, -167.5442872248609, -91.84147338644416, 75.81868813080922, -13.21427311642613, -170.9588761035722, 15.220965468070233, 1100.7619214807683, -167.66410529294018, 49.401177510192014, -127.50847613641002, -78.2704049103858, -32.89892582185718, -49.75637431479829, 32.684200304196864, -18.02564935852064, 107.70953437260314, -47.651597196031304, 57.552920902770296, 43.99535757491384, 15.107132796458103, 43.645661827309794, 115.19230692556778, 16.749119360934408, -62.4844095900741, 13.852567115860072, 16.22010414259471, -0.46261639161677703, -69.53485409983391, 88.0739014701756, -3.0646582261097377, -70.83274997743874, 43.032624317886075, -77.92716547703897, -24.254559944329866, -7.237618145228263, -3.0322420553780027, 126.93633922807308, -92.96779276553067, -58.02978002688361, -153.15320271972058, -71.28306410416737, -46.48530923969877, 56.03908670405282, -37.30660448344917, -104.1557858026952, 91.95525609034094, -36.54459866993668, -74.97022973376619, -153.50230935694591, 46.89744216456898, -72.47891719099628, 84.59931242013128, 198.53851979936184, 27.754050941564408, 64.25310674302405, 110.8774144692224, 101.55917359247275, 62.62800850910596, 73.1260792437217, 65.19832925629338, -22.433777215024932, 23.052191732057604, 25.122426706814334, -26.493664743837126, -52.51989634535328, -33.37785074204864, 46.185168637451746, 78.53690985393281, 79.1932305700447, -52.80753172909095, 82.92106542357367, 59.511964731254594, 59.66036335288123, -22.768241878835973, 40.3928245128193, -14.85258432229623, 81.52663309729357, 13.406444212798434, -133.9573718343811, -95.77197805082399, 5.27324079533241, 16.092481403861242, -110.12530889431953, -37.62137468337495, -21.741642490686647, 33.76632997012912, 107.58286560015556, 60.74720238897874, 76.50409460443281, 69.1552432529036, -88.99516141640635, 37.60438231696448, -48.565742285651154, 53.5696326127069, -74.50522537533297, 27.19851671106266], [-63.919273075614896, -31.05897572520104, 4.675674807117835, -92.63679542194662, 40.5264352938706, -9.374621223040915, -17.15889783954995, 67.1923654168815, -93.84472336431392, -16.86324676526173, -167.66410529294018, 939.5210051800054, 85.57863929930048, -63.695033599670346, 104.33011943630517, 85.02299736572462, -22.762143142782207, 4.424450055122856, -62.10803849683704, 35.47158105433028, -60.96179520684651, -150.1866928791827, -7.462735801912514, -13.039005952192593, 35.41890555968275, -69.59289990081862, -3.8657733883259215, 92.89122906840366, 106.09624843702525, 99.322014602757, 41.20610156173814, -81.9404309169997, 32.74068538811243, 25.325351602640698, 21.785668356874933, -99.07882626253586, 153.9660762034593, 69.6311929874544, 57.484842660455136, 75.7920695995271, -47.91293420723546, -113.99506868955197, -21.606828369014995, 177.2910289151359, -24.966744237298826, 26.735468859812034, 79.80895606489592, 38.35169528066936, -57.23508743877675, 108.56155244253408, -16.044695213600946, -15.206623421114672, 149.98723486973486, -52.61041629246772, 38.14873077408359, 52.94204453329943, 69.45310857512865, -76.97287329325682, 19.543630193884024, -12.13573335124506, -65.17544120172137, 77.34266484693819, 10.401283340652677, -58.83094526399809, -113.50429982377531, -87.73386349184375, -17.296883447645605, 80.52748624655503, 51.881618171810246, -199.57371108958856, 91.97088447052059, 87.91448765307901, -84.25431834686411, -19.572433142511855, 47.78884012962305, 32.17147239225977, 21.42080091183526, 12.451817879363968, 50.166007451961214, 28.036519131030097, 13.787231235894613, 96.09577341471663, 121.70073068143913, -236.64160389117075, 2.6606475517361123, 52.367217338695134, 19.20756262731039, -82.6494597094519, 9.010149531477838, 38.4277063976201, -47.13721935705583, -64.19567513571688, 34.96034680996775, -49.245941170517206, 10.95980565477112, 11.263042802854935, -62.050878670415244, -56.5864398340917, -66.75991563920014, -79.90597694963445], [48.33020335096493, -141.2193482476873, -46.854775876176724, -165.9821325037087, 24.640087013855297, -43.2694776651484, -12.459510562910145, -18.125861213962274, -16.02773637587591, 48.03291405911488, 49.401177510192014, 85.57863929930048, 881.7239846084457, 163.29585405666836, 8.011348883954316, -136.59272900210098, -165.79865606292182, 106.0036695182761, -22.256353446745617, 64.87341299178098, 81.74242774273556, 67.07795246733752, 143.2342265558557, -86.78784612443327, 56.95880723676667, 28.75484322066644, 36.11868742747706, -26.10000333402459, -58.4743472286879, -125.23485126879666, 72.76727794174617, 115.60120493178769, -37.480466363870555, 73.92291993995667, -96.39730497517077, 33.0176834855405, 98.22929629129615, -21.694873969472205, 16.38281733538208, -94.23351847459124, -134.7011801259312, -0.43405147287940604, 115.39597189837846, 66.08348413184362, 43.85233193074553, -48.619862696279796, 128.88779975802123, -81.79311101528089, -35.13248973641053, 49.86371064891779, 4.448064058977302, -42.80676411875277, -57.99422305182679, -24.64458520045924, 16.626734618536265, -82.88944750149564, 42.603358055969835, -20.80121634579397, 71.67839562307812, -32.42528385258916, 22.532198900927202, -20.566771748466298, -90.89985290403568, 5.801166449318357, 14.176001259501971, 13.32162941721762, 68.9765782321675, -11.301382930537931, 154.3335932320404, -29.393708293297806, 147.67973251955397, 49.75477803095581, 4.675928282508105, -114.11441199835762, -50.42304409605172, -43.02848917210524, 91.84549831717334, 80.32539720236701, 12.673925342153277, -163.00948748301676, -31.79082697210962, 32.30651892749304, -22.346510979547695, -78.3150388548158, -89.24132247602566, -56.388316153977186, -30.596614952654534, 201.41641381085415, 7.200751998155473, 81.11988263145368, 7.368816831764302, -49.319425435218676, -83.86681199491522, 85.17071638205513, 14.406617533668589, 53.56748008910086, 33.71904840732578, 183.31410093081305, -23.44048299729416, -66.40114580747364], [80.21010340580217, -65.48158697042024, -50.49622242920325, 18.685720432053515, -44.30698067182018, 81.04641087480735, -18.636825365640277, 55.51635852605555, 166.99923971241122, -26.0113338031657, -127.50847613641002, -63.695033599670346, 163.29585405666836, 1011.1306641082248, 39.66257981529026, -66.47844714819385, 73.63995836586582, 26.048157883686663, 74.117025427518, 49.62420974819966, -12.671494073609376, 94.97237207137432, -47.4642558533876, -50.709983220540614, 29.320798811333574, -107.49390224420846, 65.44575018982319, 0.9747716613230152, 25.91995868449979, -24.112815558805945, 16.858488582071132, 142.87954206944516, -33.41648064689714, 30.11947361975399, -14.753997047047246, 50.632352018680464, -77.26387036658288, -0.8307706401467989, -81.0578630807075, -100.33800781373523, -68.36857815464512, 19.716040570369355, -37.367703435719044, 118.29211502160192, 6.106000412372884, 13.601926616933861, 67.61526433763659, -1.5584802054051163, -201.4687075682092, 17.860896570165316, -124.40987002138611, -16.446801634455948, 41.600307287378996, 23.67865354895655, 142.15990716718784, -97.70134018851856, 31.000974853820832, -27.072893876098806, 91.79675577434809, 51.3466180258293, -11.472205909703817, 26.91213363457833, 60.255277767739784, 0.2781907592981385, -52.59565293166631, 19.256898288071483, 122.60394246882717, -43.24419747899192, -114.80798237880117, 14.806187992929596, -130.96846609311555, -3.3243945133582717, -24.14033506349906, 26.016197799400608, 3.5595665016835607, 33.70160655612447, -111.2486173996628, 54.924446758836666, -39.32545013660615, 93.80161384590184, -64.85389998408802, 74.0293802929288, -6.424148134151293, 18.734303776749375, -90.17432185773191, -128.84564022562813, -6.413046174668842, -21.547500913249177, -206.38196492024656, -25.893342617022146, 15.600957053676948, -88.6893926074443, -63.973424363507256, -51.76868838713921, -114.95097675355608, 82.94846684485752, -10.102573126750647, -10.346362502935753, -206.09353509244696, -3.660863846893578], [127.43196033213408, 85.40401682789, 38.77676426834686, 101.42477642593093, 110.97940179459499, 100.27600110676029, -132.0403737853915, -58.627983449938355, -90.31055553388568, -13.02315326799011, -78.2704049103858, 104.33011943630517, 8.011348883954316, 39.66257981529026, 998.0731688240512, -44.538672876981884, 62.934956316466966, -37.149831110168826, 55.15288165170857, 144.73996804101265, 49.561536305936166, -141.68402626492824, 13.357581507697821, 13.651568616834485, -56.23804558029515, -31.246189954427173, -178.29270942986977, -48.88113362428137, 44.468806259662955, 32.995670438066995, -51.155571791056346, -142.215512508717, 10.887152501049018, 67.73606204194384, -53.29634694754362, -3.125276327132433, -36.4353783936265, -116.45854189894108, 45.71991509486306, 105.81443231707136, -42.68812221680425, 33.861250701616555, 75.61551616192337, -3.5390493671583285, -35.19181397572579, -25.883893740990704, 34.08942623426734, -1.5874735592664646, 107.4949328244413, -13.43468374791552, -145.5014310887154, 17.5900279221744, 75.29024209584676, -59.12348066488948, -106.79205069101599, -43.64147611361713, 14.038133956379092, -75.98284226393228, 45.75311587962898, -93.08672615951859, 17.18725128005388, 61.71679431490413, 2.4441060210781114, -69.25043362408822, -40.834302153388975, -30.49311404310689, 65.34832977496478, 166.26306314201392, 51.91037536705167, -42.96160021832041, -34.455134235981326, -69.54575935987927, -92.7417083222853, 3.518135266586367, -64.9721660870034, -74.10856700982023, -26.231770578927538, 40.82005873375267, 60.4092605429746, 2.8888582118394703, 35.28828147122303, -33.47167207947454, 99.81456589152006, -3.953920289244719, 12.660904563949833, -39.429811248000426, 26.643079959727146, 26.84660882947741, -114.24543691881873, -3.3680751743606283, -83.94474229215014, -20.56390224736928, -100.18123953266475, -62.60242660690345, -1.9232852688270243, 13.375990826689645, -50.7195206538287, -70.898511952663, -120.06038541067298, -72.9875516784388], [-69.78567017936214, -17.52499269501952, 85.2314596833915, 66.2167532881539, 19.619715183740926, 16.764760746529166, -20.92945933982385, 120.81621418720077, -103.34731971351312, -62.048685945416445, -32.89892582185718, 85.02299736572462, -136.59272900210098, -66.47844714819385, -44.538672876981884, 932.949319395484, 136.48426528913734, -62.404163113295596, 13.70434031236483, 172.82772970081598, -98.69395340257543, 42.57557453838182, 26.905470727407437, 70.15474875033006, -115.306581930344, 5.725648942253746, 85.09193416641996, -6.173572901151928, 49.4634890040215, -108.3830346889863, 62.96634975462496, 56.42693632870989, 54.6291212172729, -50.16304841227588, 97.17016081339577, 6.74222717999848, 125.3661304262072, -51.305024342992766, -78.7248875959416, 7.5431580158905325, -103.27983918654517, 52.42491072308149, 39.33694484553511, 142.9656424445214, 28.24907335333044, 12.344813055410526, -7.936560141812464, 0.5034835463673902, 57.47173002575997, -122.90099434561733, 27.803558433895628, 111.45978486808588, -37.88251821542123, -10.467316423361257, -56.2666126404726, -34.3368424722935, -122.76349349934338, -60.02720366586007, -34.14431344882931, -49.320560410714194, 29.88583761180101, 22.39127499439824, -24.66993536174142, 87.79749140281425, 55.43878899992765, -32.84588391229082, 44.332861322577976, 60.701610711454094, -14.367161907629846, -46.58644835029459, -96.77042348485647, 88.05969871479647, -40.14306900588074, 95.23286706292032, 30.39430753502844, -45.92221910530542, 34.24692066586354, -66.23653270794044, -43.4058100219602, 45.01748773298107, 26.605626510715478, -78.86434673187468, -40.70101203845876, -87.74597241481464, 17.772178974296875, -6.855923854872275, 57.39048720403191, 15.018950102684494, -4.5479343857105885, 66.05116592534627, 4.7545758176129365, -6.174462285588178, -149.0395958326807, 32.48159150856982, 106.37351663771469, -168.16877366338835, -58.21348904678137, -69.5335285709639, 20.10234004547381, 37.83284221584019], [35.63086760768513, 137.31298386915785, 74.88854332942628, -51.93653662764432, 70.6060843882735, 85.6885679055195, 91.01436636086433, -41.923397166636185, 57.495427922471805, 1.5693324754540723, -49.75637431479829, -22.762143142782207, -165.79865606292182, 73.63995836586582, 62.934956316466966, 136.48426528913734, 891.0856810029794, 26.02560810632615, -0.833108463092514, 180.11672709073542, 103.64041829494018, -88.40568188198533, -35.922863586011104, 33.879908079798156, 25.53666725629463, 89.2369859084414, -70.12391966556686, -51.76498337166247, -89.78626283867247, -3.965692431867599, -65.08394717285921, 14.834030087809271, -20.423312333026637, -85.41697695807558, -45.54742969549215, -22.134638399685894, 48.95721585389266, 84.98280288578349, -58.85009975226146, -33.17648138338082, -55.119639572616684, 165.96347201560664, -52.227666500661165, -1.6774953850141494, 31.76881036310391, 2.9721671964940777, 32.52325700399673, 61.46507642432669, -94.25891143401283, -81.80024491921634, -76.07484302987777, 5.928121657434509, -10.748275597545483, 6.477010264722906, -62.3645026762793, 86.64895195554878, -0.9290416065578367, -35.53900148578387, -35.098748235836915, -66.09956889326097, 38.41343859900644, 122.06677281596828, -1.520774057910133, 62.669122525758475, 122.87307846806758, -110.19379917320585, -8.408204234454207, 84.89763240106961, 18.928028153279275, 158.3122967542618, -75.83731721672929, 92.74466905510513, 13.938423668666104, 66.75446373643997, -68.97870129400629, -30.11553339867689, 147.6726547260969, 17.49358802489105, -93.39851197115533, 28.794113127146836, -7.728620647446128, -27.949524465637563, 4.542580201910279, -27.130956569025187, -67.4355293999299, 39.73425540618867, 73.75762163642477, -8.388984112823525, -91.76646747302951, 30.224540035428834, -20.923200791957463, -81.20605739163616, 77.72007393352612, -51.595511796430394, 156.98337162939123, -91.98662009194342, -96.7447926989754, 107.8790461509658, -20.93875496758293, 28.57606837896515], [22.869776432783862, -15.185193103906819, -56.41519954053538, -5.876227825994986, 16.618784335014883, 75.41290270754077, 68.63080307328578, -8.625837253736842, 52.362629730902746, -59.41652399013605, 32.684200304196864, 4.424450055122856, 106.0036695182761, 26.048157883686663, -37.149831110168826, -62.404163113295596, 26.02560810632615, 1088.278044407346, 110.19848597432994, -14.655206195349338, -60.38623442821172, -52.49108898763885, 152.7228267025243, 73.62273737279581, -61.6370089195962, -43.12720084615498, 119.27679882834384, -55.880690163301885, -13.216674961553364, 71.01047725744814, 79.70257916570291, 19.230147442502457, -21.782871192394563, 29.45769372652988, -25.300878882888462, 58.9065841419949, 21.63147530000238, -16.185606668447978, -35.44843624531697, 45.45687227601846, -52.03786471910498, -159.50691962925455, 73.49678623553218, 43.752894965361875, 26.384043140989945, 12.76214893515999, -37.158286578475156, -38.62850447410528, 78.51554575518676, 41.09918337686363, -29.568820042484322, -124.5427827099536, 48.37750292924486, 107.42488576765008, 48.822182420880566, 58.30193414121925, 140.73448921797265, -6.171353902814628, 48.38358978061906, -3.7719540643553473, -29.306037495603523, 24.008219162434827, 76.62134025977906, 124.98979839137218, -7.0857283462446725, -66.11198804985152, -74.74880643101552, -104.79237547553063, -19.91569442562534, 45.351114744027576, -34.185813168434564, 4.9044286981252965, -11.282371608590395, 68.00576020596435, -13.696281548152449, -88.9289675500118, 153.0863661073639, 59.03478963314226, -106.10896876678254, -65.73120721792857, -60.90204252284191, 8.034221721968644, 66.32018791502519, 47.61403615324362, -16.562586243000347, 45.76998139957615, 61.96846978650637, -62.8312551966663, 28.3935452310158, -24.955933267196407, -50.91769324967587, 71.44257481817272, -31.373826329589967, 195.32698301225403, -29.669438328861382, -29.987279539351697, 6.051957798363195, -50.104360034851915, 7.106590853751737, 99.85476092799811], [32.115780390441145, 44.93555954562476, -45.01284069021946, 47.607878549662296, -29.496497218648113, 64.15606616238868, -37.08344253634598, 67.71993292624121, -56.67289664153151, 73.35515213842585, -18.02564935852064, -62.10803849683704, -22.256353446745617, 74.117025427518, 55.15288165170857, 13.70434031236483, -0.833108463092514, 110.19848597432994, 791.6181704339823, -1.8173929117264322, -47.20247134080302, -31.209823809316546, -125.17102969486741, 51.69028765909901, -9.24791608065863, 24.406685833356384, -19.294111191775897, 9.086832813409757, -66.74385939201684, 66.15744038190631, 97.90464377341013, -41.74484849931039, -32.05017345915093, 78.03324492860511, -14.475486557764718, -19.76187762029313, -31.071151769236945, -73.46163689601278, -25.048051791410842, 20.95271656584297, -11.646763852963218, 73.71563239382525, 12.324450724359297, 8.502421157646964, -86.25202909173026, -74.46680097665751, 12.66374908223031, -57.04772961506048, 12.951530054732117, -13.093756308986721, 14.36696685503643, 76.82848156866575, 15.371246265979485, 67.19791530899408, 13.46318670719785, -87.21890378748364, 120.60238382333273, 60.654851654170656, -53.663830413105565, -22.015146780006194, -4.032170132677954, 24.122368366934488, -7.678868606507806, -16.321326186071087, 97.18538780927906, 20.10894953767278, 151.66032069962992, 91.85005133260539, -1.625897280402462, -67.03018032741872, 35.250817840379064, 51.053510157214816, 63.09452816026421, 84.60144001715474, 120.62861461953334, -69.60749217328176, 16.919547321422623, 103.87141713279064, 22.892249450224522, -95.48299208495571, -118.27332493807552, 2.0317970170397976, -11.96689637798929, 47.741222572890145, 19.891551956175633, 31.732524019103604, 98.55546245912342, -54.14309776078036, -145.40966017909122, -116.36529591504295, -98.08755366596333, 34.05041700692768, 11.550842089599254, 2.823175401296532, 73.01964842146519, -105.87722103428601, -66.10205665510411, -85.03083353438251, 113.50860247234878, 16.421570250314083], [-29.594333399718145, 18.148784772701063, 81.74928434713323, -26.636242150908476, -46.40932012136836, 70.48205453590526, 50.29280279479987, -40.79049016417819, -96.47130305478393, 0.21325577879249002, 107.70953437260314, 35.47158105433028, 64.87341299178098, 49.62420974819966, 144.73996804101265, 172.82772970081598, 180.11672709073542, -14.655206195349338, -1.8173929117264322, 910.2950128592274, -28.274952964958775, -76.89125609934862, 13.320591991300523, 43.508667993629516, 48.26128821839743, 27.772469872158194, 41.306259776988746, -27.9011909792363, 0.4990680193384788, -66.83512621345714, 50.85066775991969, 67.30710880178837, -2.6315623194576365, 0.8696988512224116, 39.947150501740126, 16.757415416645763, 96.66928704456797, -79.8664073878178, -6.24565419530426, 14.414331670238122, -6.123860566530069, -1.2980799059793824, -7.236739340995352, 50.32895525922974, 23.24963019873629, -31.31047774065518, -61.80069567841811, 5.4728207610612865, -86.59990015897186, 37.85282760876438, -100.26592204698392, 86.61904634732934, 16.792398626944, 21.164825583224623, -126.72159948654298, 60.668826884722115, 80.26657084553375, 23.87168979018396, -2.615731268426718, 28.646045211735256, 158.7374287961596, -124.99823003005265, 16.237588149980915, -27.24702449623613, -112.71486772389937, 57.24666051571543, 66.68852988434489, 14.55460937536253, 29.542003781088706, -50.11215572821602, -62.93695849490813, 17.466396182710156, 76.53693820633084, 18.4135355200379, 70.43167952829585, -126.17248349289777, 37.56991184825639, 17.526286739366647, -44.946131636916405, -51.18913939907313, 49.98020023914971, -121.59325698946598, -97.6343632990349, -12.901384981932168, 72.22152251590066, -9.52329431883318, -169.710909711016, 37.40586714160487, -83.4742681566238, -56.42561500425096, -53.45121210882167, 25.33550473768893, -57.19701545707176, -106.17983137163829, 65.00712204394891, -3.5970531215892203, 104.83845026885581, -35.02685724155817, -50.82872014357445, 24.230516563211236], [-21.846587967321977, 57.1232829587463, -23.66265517898459, -81.81158802520636, -2.944935313056537, 59.420856998919, -115.26509531097055, 18.406043626498377, -112.00401515706366, 153.59990675480952, -47.651597196031304, -60.96179520684651, 81.74242774273556, -12.671494073609376, 49.