{"N": 100, "M": 6, "A": [[[652.1232149811416, -14.853422304303049, 75.64228600172696, -105.55319720607348, 109.76572165354689, -97.5335553408462, -186.54044417780696, -29.88020152695273, 121.32721894491367, 68.06049432809391, 14.230758406875522, -16.95397936161645, 70.76037199914109, -37.427082296727356, -51.05599566215304, 12.109825904708087, -120.35371177077462, -32.878993566540046, 13.960759389775417, -48.14998829443444, -56.81195732110196, -10.396300247089496, -36.49734915626272, -19.592552097272105, 56.119619791468885, -51.99774729032181, 50.88887832169923, 56.09324142552556, -76.60711284835149, -36.91896174173133, -76.03194702777245, 20.41694232011992, 16.15884732516047, -52.33347624176044, -86.35344456357288, 160.7990489553809, 139.70241774541566, -36.78922173592243, 68.33214155141633, -12.051263415878758, -99.82141626987844, 37.65248907969991, 2.1711016007691843, 62.99089259249029, -41.74109686153441, 104.1721020524797, -78.24591679646197, 114.66939420728502, 90.02431865209371, -14.40654908621662, 97.46878422925322, 30.972045401293972, 35.42167102209248, 55.37316375426774, 9.756563627940695, 3.5438295131058464, 65.8497274125385, -75.3681642357302, -83.726894592634, -27.21358762750996, -137.99734677577365, -1.1912927021451487, -39.530872148931266, 62.73139817730006, -40.09197620161158, -68.20323297590393, -44.64332961010184, -119.44738980395846, -21.229096135026968, -87.24624479686811, -129.15158946619644, -70.83691633926516, 20.81557481228239, 50.29051074245302, -56.43919149846437, -43.19018542790728, -63.954256516240875, -82.79435583441665, -56.87257495017974, -8.888676628637672, -12.05752486452232, 16.98734167711648, 27.431125879117037, 107.00910490952603, 103.77093825048952, -65.02138997527533, -49.59138464870141, -62.17131181483292, 86.28413085802045, 92.13395898288098, -23.313272563356684, 11.647611910433467, 5.910948655796157, -20.076815463280774, -3.137942240529967, 88.77155003733802, -69.0195021377333, 4.80148263748704, -54.739529482044716, -74.026984685544], [-14.853422304303049, 551.3445509080466, 39.02702254648042, -99.13076391585736, -101.60461800493053, -42.19168176574368, -44.97738739350456, -49.677794285151414, -23.742861290677563, -31.139853279368236, -7.9269338113574515, 39.854076220479996, 57.85753248381879, -64.4300688168696, 49.99304080815565, 46.5836262466964, -25.091481736411012, 73.17769144425556, -20.85999156486118, 34.059624598173414, -28.21344596386559, -88.3082086476648, 78.19502350864398, 78.85309935549205, 10.784720025518423, -29.702554827476845, -22.81035911485512, 1.785439984536011, -29.99686463528359, -34.22860911044831, -1.9139245096404607, 86.61991589129174, 28.356393810834703, -5.3775106988660895, 42.522005668559224, -69.95545103045801, -19.006564895063292, 9.656041457155933, 128.92691575202366, -49.862437166189416, -27.71758790532051, -20.312076741160343, 36.41646879876382, -70.38477848276098, -30.90113957196074, -125.64443161011626, 0.28934469598016044, 20.68546847502812, -30.138791265421002, -46.97562078923831, 64.71622405071541, 17.403227525983176, -40.04106987547449, -39.57780720613377, 2.292292583213765, -66.83991623204487, 27.911281630773207, 89.42632837370046, 3.2055671466228057, 13.5704222675487, -45.80491685612967, -59.56402577450435, 53.75988302463702, 88.10442037220753, -64.97656042134206, -95.60251389836785, 12.388029082019235, -78.76973492117817, 22.50264273967696, 71.3520824505779, 119.2473283014774, 77.87730888868451, -4.707145335294036, 35.98933979355177, -40.77287047838257, -10.314446787184721, -124.60403781234284, -35.70959413101985, 13.82863894102333, 31.18252567607909, 36.60559138088124, 53.83501074488186, -191.74014316062969, 24.32273542699717, 132.19310969700655, -73.12496638303712, -34.020617823060704, 34.095015209259536, -113.63023497942288, 57.02072288697033, 32.60656236137082, 53.90956951974637, 40.258774514153984, -36.81351106441295, 16.129002291023717, 119.76501468770763, 41.40182616976095, -13.168751511266233, 88.5292228992828, -50.15270989460938], [75.64228600172696, 39.02702254648042, 598.9843473324494, -78.07423732642337, 120.024073369976, -0.990387360938796, 56.157314730897404, 109.84334682053742, 86.17463301395529, 19.192963225226887, -35.19427287296489, 56.98762103036642, 5.643468622295776, -14.49292205803289, -85.50730292522498, 24.04451496308205, -73.40664603732985, -36.745098863247605, -43.58588792677033, -13.434960735270755, -57.10306173076286, -40.456939571647126, 19.292246720174074, 16.013860799168473, -42.355576205111234, 23.907030231629548, -18.595236778151516, -15.9585699602986, 0.39434904218172173, 47.419568562180174, -23.651055125345962, 42.491942733892394, -1.1632052955238852, 12.879053919090698, 28.358273203589675, -54.56411236562899, 59.91155276463982, -61.91878376086653, -22.075196124859914, -41.01908638254809, -12.132920257980016, 54.55879482275931, 72.16160674946201, -12.39099627245832, -30.156733573022517, 55.007164051587814, -106.03422355007731, 11.54732956957086, 47.46611152747921, 95.15715242572475, 84.43112548092712, -43.05390107502495, -79.47336201478129, 42.405616540085674, 14.63211366096576, 17.18702414737723, 149.30462187187783, -22.798742086198224, 14.452062458194199, 57.23606471125202, -79.53007461648531, -48.466491182577826, -6.305182598888149, 59.77676491049827, 4.272066354227991, -16.27830066900489, 103.9427633296577, 12.674393223299084, -47.28750781316621, -70.73079593316616, 28.78449289730351, -156.4900409902213, 2.5766921217773926, 8.95886088179786, -115.65916323376456, -52.524654899051306, -26.94799441773361, -60.90186976022618, 80.9501059919128, 52.167736690688145, -9.282614769587923, -90.57396377119015, 9.302952089711596, -57.86785792756671, 84.80518267664961, -60.06639644682615, -103.61051025327662, 48.98006577578584, -49.85692155839468, -18.013290128733946, 21.9468459208, -77.98785522306892, -69.524625175208, 0.7446418721947488, -66.72325712443046, -62.162796518178936, -39.808145983421824, -22.80862079257623, 47.41794515492613, 16.471708605180957], [-105.55319720607348, -99.13076391585736, -78.07423732642337, 749.7001525571616, 114.20287034266678, 62.60206242189046, 69.0864994138646, 45.737867529147984, 22.134792800148443, -15.547469741695611, -76.60923388922414, 46.205732752550155, 0.23761181250506322, -73.81560641985874, -79.24930022162991, 46.63082495826532, 37.379925201741855, 11.801276351077892, 17.137437616246253, 18.128724635653924, 47.11846330183365, 61.483044204114954, 91.84604013998457, 112.31287042354882, 69.44572968554523, 42.95058882128581, -35.23037389665961, -83.35445771315636, -52.631623246902166, 56.85604303981365, 33.91632429083498, -106.41979619101284, 107.94025986195632, 0.17496121381538923, 39.44227026168915, -101.59994024952888, -80.8972949674422, 48.44494448090329, 136.23705734013686, 127.81865282087789, 35.99509286603812, -53.93456557940632, 59.34283437115864, -30.384846983684533, 153.74244135745204, -47.21530606025033, 23.00531911045233, -57.89076776415852, -35.48750874218016, -62.981880191379815, 7.182035879332003, -148.84724055045095, 42.19516658748839, 36.507369655579375, 88.73922281925509, -70.69213825676458, 47.044468192315364, 58.56759283383268, 73.43767305021093, -28.667294992741365, 0.43857010079552033, -35.508243789528166, -48.46615137850607, -62.94917404922632, -9.516770581413805, 117.372150826416, 18.86429162990358, 0.28749896313673695, 73.61958020289624, 139.06090545902688, -70.07042432663377, 106.11739053700258, 84.02638476617324, -39.97128498968637, -25.326220338935713, 88.21407030351132, 4.652222541829456, -46.60047205086232, -42.02281635886749, -5.269984823316721, -45.69824316634437, 59.14459686208458, -102.75257506834413, -49.602559694091646, 40.67431261017049, -81.24255408949493, -3.175001361316464, 77.8312192369513, -51.38018026918375, 21.859096526963746, 82.03759434774507, -94.70709270768593, -36.31915885118923, -60.7758585364637, 5.631540307864299, -43.63932092007598, -197.88550205300922, -46.97347796392395, -23.021120924866906, 121.23693435581848], [109.76572165354689, -101.60461800493053, 120.024073369976, 114.20287034266678, 837.9129959929269, -29.44279834949676, -17.26214728439764, 51.2295904183976, 88.79543594560725, 57.38834444761121, 16.56487633529057, 53.53777627878104, 60.352671411751125, -42.987909390677316, -49.85760875285703, -66.11486938898526, -45.784009128961316, 25.07600399723561, -54.113495991949755, 75.83269426572781, -11.702028467547557, -38.902039143095074, -64.34073121188649, 162.65356717311386, 82.81872483346149, 2.4485718587624326, 71.49583047058886, -71.02819302808066, -15.270168373263576, 15.299112487211593, 9.776340863763481, -86.86883011265023, 48.618977620263365, 18.458894205492772, 123.31396992104706, 14.535885171587553, 20.479023360520262, -72.52811614280209, 31.60875901534482, -18.259768893216798, -40.53726825902137, 53.07584104547709, 153.654940447893, 64.11800912317067, -11.747745654225861, -10.770641886970585, -104.624587433718, 111.55393412833912, 81.6488903795252, 13.956046502564364, -22.296891401202664, -4.130642773038924, 28.915560236265932, -79.00008515492985, -53.26257922163407, -9.51229547427427, 13.689801676283375, -80.39513048350491, 165.7229189731141, 3.8064374398164857, -82.3165587833893, -10.81507410951011, 75.33655745039323, -70.34561187698189, -11.283997436967235, -37.89638458609712, -59.09603738680472, 5.259943761206724, 47.696960640122434, -19.94993018610853, -132.0304491468711, -10.57809901841208, 99.16316055379781, 3.6554413798430407, 51.20142913257632, -44.101942867450674, -6.961864875008983, -124.06239361474434, 25.812650516571704, 26.694618510786327, -138.17704039051253, -26.619548799748834, -15.525996752244934, 7.934381885793187, 52.440622539801424, -101.6393275610941, 3.3892193621558997, -29.244564963271046, -47.920840754062795, 53.05748593690607, -24.50299085440444, -67.55579005203994, -5.707600882558176, -16.306960824461314, -71.52468655454705, -9.264005864661467, -61.87542978010794, -22.79581040302266, -131.2380643444112, -20.489000898443482], [-97.5335553408462, -42.19168176574368, -0.990387360938796, 62.60206242189046, -29.44279834949676, 697.2461773485265, 19.570881232143407, 84.8678522517859, 29.143664459237446, -56.14158119347859, 123.80516825878816, -18.890631861030165, 74.72838065036757, -104.25824607635035, -45.880633964615654, 27.89219396678137, 34.06554806407496, 17.079793651818292, 60.50985694910757, 58.24534906426326, 81.66654245461255, 52.902632457538765, 33.36722260905913, 29.181404824494013, 43.50547393223392, 73.68084609542554, -39.80860270769906, -17.01726648627531, 60.960577513110806, -59.99086161846146, 56.94140160157923, 101.89544175841857, 45.74701929068673, 13.519910334829722, 110.49121042488885, -57.895297449521294, 20.976556196734965, -0.7583157203296934, 9.579794130793847, -96.21203221086657, 48.722607836923586, -40.528418221473686, 96.32451509295213, -60.60017968693474, 41.18875217936271, -17.455632577736647, 61.50023654742786, -1.9318476668143068, -98.69528881565479, 35.29368690030056, -11.005386616518336, 56.656240712723516, -15.041554139969179, -51.85416063604228, 132.26837214781253, -38.75644237291667, -142.88445330097548, -13.046835906778314, -128.6830275495834, -35.153403273592986, 67.92332312847704, 65.09028935597455, -24.88917923309466, -16.603516762138067, -19.085511830418508, 0.1711339382242744, -104.35601859374472, 4.839582137250869, -70.43249341066965, -53.492949441787225, 88.41858866172188, -20.624967498505118, -1.91767904100084, -130.92642837012392, 28.975479162963147, 59.79265572773811, 84.15447062734202, -32.05736918762801, 6.066624262315432, -47.20692667482157, -9.712876191320781, 18.177740765673605, 19.49916413465205, 1.9528051392826085, -114.1755647048623, -102.33677197943118, 54.10080702612085, 38.158207695116104, -31.93032302909173, -82.43664533175908, 52.059042656579265, 9.426867407029441, 63.77058854659739, 29.74377166944887, 36.99657293985395, -12.343401455528944, -110.02499906188811, 76.745254483206, -24.85816372660491, 50.088141993555105], [-186.54044417780696, -44.97738739350456, 56.157314730897404, 69.0864994138646, -17.26214728439764, 19.570881232143407, 791.1932571717599, -36.736315878029714, -61.35278551713499, -9.630875663927307, 26.327348257458127, -46.289275760719484, -81.23064721713703, -119.83513754036507, 11.197917379867803, 46.20297790284743, -61.44111733881577, 24.701319084026295, -83.23283560265304, 37.70217705115146, 5.553760630228614, 72.42422030273828, 48.2806622594638, -146.5972754693451, 35.14839135349004, -30.358501697625332, -13.217052664604138, -1.201121126558644, 31.21129272300997, 40.03874128228599, 64.41079206297637, -21.135656127047845, 31.957432170210446, 5.50085282895792, 44.77358640278515, -122.49620797810334, 1.3255056341819762, 59.944345619129805, -52.01156082697361, 21.056519622364597, 145.00229579375716, -61.35098581549945, -125.28730774103606, 13.641040565226588, 20.01233899201853, -156.25741774060302, 48.08746889687861, 29.50738587631188, -49.641290278305576, 59.797743417740364, -79.38446996009974, 59.71774010069449, -0.7788250741056665, -1.5777588265467597, -37.835272924613896, 61.94483206270011, -97.82983503789238, -39.22903115878031, 5.6031762061896, -95.96438176259414, 48.208279946845494, -106.37469178356858, -0.7284583798957065, 17.639958973929787, 93.37250614690743, 53.02231254519092, -23.51255213886497, 39.33627403331217, 136.7106455631946, 53.01422099518125, 27.553679988903454, -57.15577693456055, -71.04299293941858, -47.53115738528247, 2.294992400471793, -28.627807646665882, 128.76566036175853, -71.88151378500477, -66.04146563845272, 23.592486485240613, -36.071848104743175, -67.92475948492212, -61.14910479112916, 57.15261854340371, -224.3865629699266, 4.4565409912926, -79.40774924586036, -51.43665808120903, -57.26685086494877, 51.67142952710133, 195.86476143785083, 35.97366404192301, -50.590879329643414, 3.654197729734817, 40.16121066542592, 37.66285079669875, 59.11568268902343, -13.286014510868375, -99.7552990215467, 16.756575104131098], [-29.88020152695273, -49.677794285151414, 109.84334682053742, 45.737867529147984, 51.2295904183976, 84.8678522517859, -36.736315878029714, 888.7464778019281, 23.33301827710575, -29.548347711284634, 2.5272794280234065, -18.001221935178425, 24.837174790999633, 49.77633821108216, -109.23369611074396, -106.63596074110121, 63.98413281438178, -31.369205580199246, -0.9491849111599978, -19.9946291276113, 113.09556599569171, 4.687282178097263, 73.65074470889247, -14.109746549623805, -118.82031611027675, 69.3837485327032, -5.248557620818415, -57.27299443310795, 77.34078303363468, -100.13005026691395, 51.95998557043615, 67.32493907261306, -31.397649559642325, -58.89695079550778, 5.7852686119053205, 128.87691077047245, 21.815360052229575, -25.806578264869948, -1.5155689080055241, 118.48168100829753, 141.47347541389198, -49.80638159875076, 23.515165762791817, 76.4549553903082, 4.930761912187787, 16.360772151275047, -44.7965392426736, -98.94680015214892, -94.55550575348765, 38.74859172582445, 70.4239691268845, -38.71738404687224, -108.92871168499927, -77.71657025692797, -29.299963860817094, -104.39960556179064, -25.268795777916967, 23.634586646961914, 48.52321957631249, 100.45142140324567, -0.4298109470503204, -32.30068159057118, 122.85173062741895, 0.48416820735547594, 77.82258556446305, 22.084150971646793, 87.80247125579112, 42.546935382122754, -24.095334959302072, 66.93506952440579, 43.27399886927677, -29.12756705587585, -81.68589743374906, 13.594716856138977, -30.403061327321257, -83.06611659546599, 32.51104328355434, -90.84106519156617, 21.258092010489275, 27.827991253830493, 1.24876489431722, -110.35042291364529, 64.62117641654505, 10.915980634023823, -89.51364865081531, -199.30720049438943, -106.04682371796757, 41.491713975394696, -21.946158403332877, -119.04099795879137, 12.473278046264852, -107.96836604875121, 51.081382148445456, 120.84231980442847, 134.86368801796672, 14.815641181686452, -142.88998789711414, -14.357815742992514, 90.0988454385357, 18.923296416806043], [121.32721894491367, -23.742861290677563, 86.17463301395529, 22.134792800148443, 88.79543594560725, 29.143664459237446, -61.35278551713499, 23.33301827710575, 780.5586004388647, -28.2495494352969, 31.083145381198452, -8.972642412279848, -16.79429078175536, -117.62516428684418, -15.349167874824229, -18.343056199441406, -3.0487203978850186, -29.016001508710353, -81.60652419310506, -67.45293624062275, -13.866432273009654, -75.52089591505748, 25.168511296918656, -15.14775245129948, -21.412033156700172, -95.68719625659378, -66.93602469477067, 64.17888031913076, 10.724735826048372, 44.45317033838552, -1.6089590232438644, -19.20102964547073, 38.89893669375808, 7.03047167922458, 111.38213273355412, 39.518300593609716, 48.69299649175387, -10.812169466415119, 66.84822332262821, -20.727173226209064, 71.15922782464008, -58.73182444778907, 57.09789208769215, -41.47575328281829, -37.747062806604255, 129.56300428442455, 99.71008681777334, -81.20249252468085, 64.42579816939181, 26.22296723446441, -53.79316793869534, 45.48056628025791, -23.958010567819613, 58.31102832529387, -34.15552519443392, 68.34631169552505, 49.38598489522596, 33.624674044189796, -44.7481817283992, -2.2261800857186276, 77.15097002765695, -137.0066500533639, -28.97362499675676, 45.23709193880865, 26.22991317420548, -138.5787573538903, -0.11179922424429771, 30.409042373865102, -17.39715846439178, -53.67659891468799, 4.327241318102358, 23.375284337407557, -158.57574733246997, 72.56573336828082, -79.75563341737907, -72.73096813349665, -8.65211668924261, 52.0681283117774, 117.39597767798385, 78.77915027429165, 71.55016019994865, 70.82830842469029, 122.77674214636718, -101.47101502330685, -20.765377270493158, -37.004428166762644, -101.05067627959264, 104.49057235035477, -46.363194947753534, 6.854184558133859, -59.53504647088447, 57.468018806938986, -102.45270059367333, 27.274508958982107, -98.79662740256317, 81.81986251552622, 47.86028851384485, 25.645546716902583, 112.18564749742444, -52.24128579441331], [68.06049432809391, -31.139853279368236, 19.192963225226887, -15.547469741695611, 57.38834444761121, -56.14158119347859, -9.630875663927307, -29.548347711284634, -28.2495494352969, 717.4034656283991, 64.47635480970392, 97.48623088774715, -35.87861759680167, 80.68925637585193, -49.49312488886291, -55.352217292565896, 36.71841358030929, -18.658910917600828, -38.464264520339675, -74.96903937206558, 22.76703520637959, -21.213840218650407, 14.474297306472552, 29.086640918298475, 138.19506241113757, -22.21450912282939, 53.44917165767254, 116.5347165338165, -39.58239450883263, 21.632126140448435, -11.72819556501365, -68.73178357826751, -30.523112434315472, -67.70997130240279, 86.31121650531918, -54.12612950414667, -124.53407530128712, 93.65435000983778, 11.4822008408405, -0.41605708701443617, 57.30536439908108, -9.676837333064723, 52.85103928485001, 83.88594285040396, -75.03015160628144, -25.937812914911028, -123.5318959517174, 138.5256278718113, 14.207785597392384, 52.74911741658957, 44.36117339066799, 99.13345925889944, -28.1141937141393, -106.80557017397327, -36.239284963932484, -0.4177413754507197, -66.08117772117876, 64.30830487102466, 54.998047619440484, -98.62856254469476, -46.93532464165032, -214.6205070832716, -3.0108068393243563, 76.82806066602673, -33.17764274154727, 35.87019033645235, -82.00344691463405, -36.09236307685467, -34.214898811483266, -52.04011830839028, 3.089641578000915, -30.37117022113539, 2.3504126504950724, 144.3615856733829, 74.49933736528854, 18.99988376044453, -64.97141161941805, 64.28299914597754, -7.3984627174930875, -73.37005136332908, 15.425579489021144, 35.92951009017106, -121.40170794333534, 7.2610173775636255, -42.03922050848241, 53.54095590277497, -1.2530111756333613, -31.66549617510492, -69.68987955759832, -0.7461632511533395, -73.71092903331402, 29.954929840420537, 173.0355015845713, 21.602095860943876, -51.12817869680811, 11.306887511808252, -92.24057840153945, -18.38993693643195, -46.73084387609412, -79.46364260464402], [14.230758406875522, -7.9269338113574515, -35.19427287296489, -76.60923388922414, 16.56487633529057, 123.80516825878816, 26.327348257458127, 2.5272794280234065, 31.083145381198452, 64.47635480970392, 638.5490078954939, -47.16499605448408, -83.1839787698171, -27.784341099681132, -81.70955471523621, -91.94880435645895, -56.91446581837587, 72.06980828997105, -80.09210249042543, 10.626496181528074, 35.78197060315574, -1.5567364425112538, 35.848300757927106, 20.35866894731918, 75.72031657916443, 29.08238998101474, -131.556598332135, 52.86331436632815, 57.16928276241466, -187.25033950963635, -48.42836203725037, 122.90178395029291, 126.42792519669891, 29.01194927537092, 158.10264350932385, 60.754719965113495, 90.19888343869196, -34.98427921083008, -36.77789069854115, -52.87182332154588, 74.73697167507083, -75.05530813267202, 10.093381861223921, -81.02107780785003, -2.6441126126257766, -43.908103341501665, -77.53630724323224, 87.06292467010539, -40.38248009452814, -109.21752849015344, 40.53888942804059, 92.7881838586459, -57.85711434598938, 4.843310633919206, 86.70434783412827, 31.2940734501068, 8.532099977038241, 4.025954220488593, -22.99909024146384, -33.07341120101002, -7.991391003052731, -80.84645993615406, -35.433958781535175, 34.90601394826792, 115.88131713280046, -10.302676671519302, -186.09299652149988, 61.35464067141581, -2.4839373717524182, -161.95153548505468, -6.8807896706246074, 35.02567413526347, 17.717933790348518, -32.56242858177714, 37.000077896822916, -34.129113266090215, 102.80946413873194, 11.055535483292909, -65.13360540058392, -99.95396255842523, -53.567705062875895, 6.305437491189735, 79.20819574799714, 62.5872207907995, -82.68075279488131, 6.442523879464865, 88.44304519374256, 0.2480780193218265, 90.28082800172812, 5.72628810807553, 14.593637085999564, 12.916959978510034, 138.739865179766, 50.96876280831187, -85.49574934565291, -7.422694015111603, 65.68835147988453, -15.410363815462304, -83.29458118691997, 0.48724650266543096], [-16.95397936161645, 39.854076220479996, 56.98762103036642, 46.205732752550155, 53.53777627878104, -18.890631861030165, -46.289275760719484, -18.001221935178425, -8.972642412279848, 97.48623088774715, -47.16499605448408, 671.0305954363986, 101.8346881446585, -80.93392616619089, -96.91820137752093, 28.912979343400835, -52.69921711629069, 146.21749768181007, -109.00942915526905, 61.10806793495027, -128.93083072899933, -35.139260287274936, -8.306084128268177, -15.429651175073882, 134.2874286087928, 14.03797145035782, -64.42138133551806, 45.25638481059025, 46.19038337010966, 191.23841853603557, 6.1600403480312025, -79.4112204502914, 42.9057892385873, 16.425381989782036, -78.27801658056542, -129.34552151952613, -52.021433882976524, -54.32392813219222, 5.8494400099791015, -65.51726312517043, 14.873941034729523, 56.214462652148626, 90.00165413627276, 39.899271427568564, 21.286432988491796, -66.14364325254773, -63.56243563821731, -58.00544788518274, -72.93452499279788, -33.21684994157129, 98.32328520177958, -22.951842630778344, 31.5502398868662, 12.743080085089472, -168.70295361408793, -22.12658674659534, -40.4526413226018, 55.531602082318315, 92.9989355104105, -14.266158157618225, 20.264435986846195, 10.182374495557642, 79.38254290940654, -19.587451439694135, 5.280233305223541, 53.41928422625559, 16.8564528813979, 41.5557636073042, 0.5881857133953642, 40.80893097742696, 29.032086393670735, -95.00627716252826, 34.53327113685553, 94.84271204398682, 91.08760710810935, -87.98012089088213, 40.10855168144818, -26.540503288253355, -16.420297208132183, -7.585616458264482, -143.67362027635087, 84.18404500075346, 13.141451070360107, -95.72440942044709, 79.73688042290055, -51.54469422692027, -3.488582819550693, -41.68641086195912, -36.91672787334062, -79.187194641238, 46.91411612299931, 121.35961220531189, -59.89718589349313, -66.51241159037107, -145.9972937246162, -55.17404980978588, -121.92971328851883, 45.58251183053756, 122.21694362324047, 57.461092622113654], [70.76037199914109, 57.85753248381879, 5.643468622295776, 0.23761181250506322, 60.352671411751125, 74.72838065036757, -81.23064721713703, 24.837174790999633, -16.79429078175536, -35.87861759680167, -83.1839787698171, 101.8346881446585, 736.6978352427427, -48.744564826091136, -47.42318686382126, 152.13870202345336, 114.45319337384274, -109.86477113297516, 50.558389557125885, -27.006319848445454, -57.295396562766484, -16.704292295070427, -126.51010383203239, 14.116954219512342, 57.7151868052658, 38.002191057829876, -56.169196651377106, -19.65831601667171, 24.447716087447745, 147.3314854520147, -4.948956784559124, 71.09599632626339, 82.82899195012546, 74.90914667743642, -14.728614171806504, -25.406242155834402, 5.045718307678754, 73.7493596187954, 35.09362661056409, -51.97465743315562, -115.33975472616514, 10.58237529022024, 23.357726236137662, 77.42294532451066, -58.90349522354922, 4.234282850227968, 57.94293246704464, 20.65447526160914, -146.34329327685796, -15.30722862967104, 74.35560452680213, 78.18746055193108, -44.13407510546915, 50.21876918692557, -78.34865058804407, -115.55323362255932, -75.00165934081718, 54.55562113788234, 117.3014305410999, 156.12532207669358, 13.52265826511156, 33.190961582663675, 5.1130241134987005, 104.75465863848667, -5.650914646903316, 54.40409244086939, 100.45174578185997, -1.4024238831394509, 75.38624129720304, -20.747126405553793, -22.840631694832286, -73.7769339163956, 149.70276024975473, -34.510980678440816, 56.83874058193168, -67.55861421521172, -77.90351504109734, 0.8432253717764253, -168.97273996966365, 62.25098953700854, -12.40625674008983, -67.49044900800304, 25.479477084910506, -54.25488951492487, 49.70401100768578, 66.2385982066898, 43.38026705081718, -98.99964308539931, 48.79252900631625, -72.39088202519359, 26.116019523147244, 15.241298666728593, -37.655730622487, -101.80776381669781, -42.26638121877359, 103.36018122008555, -49.80577911459004, 64.53765490172913, 74.0340878565079, 42.00012548773344], [-37.427082296727356, -64.4300688168696, -14.49292205803289, -73.81560641985874, -42.987909390677316, -104.25824607635035, -119.83513754036507, 49.77633821108216, -117.62516428684418, 80.68925637585193, -27.784341099681132, -80.93392616619089, -48.744564826091136, 843.8579129986903, -24.458092056272896, -40.63399513348837, 11.095797342501138, -125.02529327319795, -26.015088032081792, -23.76484917105259, -19.91302291946134, -29.39507190035523, 23.06901409420566, 94.14673027350733, -67.88610274025585, 87.88197747697123, -56.65283242612946, -69.69962397862159, 48.965445789261956, -81.22761069624238, -177.2556106365275, -133.90054073553074, -95.02163408865874, 192.23222228067823, 33.55818448638678, 94.08466934964315, -33.487510366612966, -37.854193830413834, -140.85825173711243, 72.22457825213196, -127.02370818668855, -18.209192739972394, 92.26969893423471, -44.66444510716738, 13.406710001851698, -15.538094575662697, 5.809752442046649, 183.04228177817222, -30.122017827016908, -10.502065605000341, 80.79354905146396, 35.194351520549866, -20.92969618245007, 33.53419607925984, 31.467556282725887, 28.695565257913554, -98.56710648647336, 23.075586271410497, 50.22060377958393, 43.585024031097745, 73.59172934292789, -60.03954097978377, -98.30711573717666, -102.90059642804341, -8.211332441556463, -25.84656048490692, -29.317189085853634, -30.729733734759684, -70.32223306610653, 9.310839551307279, -21.68333541721562, 78.18016392118423, 7.273595430536932, -79.94827272106141, -34.627113117279805, -18.42834515751882, -20.304297672372886, -5.563808705741909, 135.21035682633553, 64.45219790735273, -110.3092364810087, 86.66553060889254, 40.74210079223285, -35.45580819798688, 64.21595211663718, 69.54669113284007, 67.77436507138717, 50.59178063226904, -2.3892050479623426, 41.166266337812665, -121.56136710971951, -22.30874269706242, 107.53591079610351, -21.990123457926813, -7.33473108089865, -94.19175582204278, 105.9677044327294, -40.55542069835664, -24.899600469871174, 148.5607293283428], [-51.05599566215304, 49.99304080815565, -85.50730292522498, -79.24930022162991, -49.85760875285703, -45.880633964615654, 11.197917379867803, -109.23369611074396, -15.349167874824229, -49.49312488886291, -81.70955471523621, -96.91820137752093, -47.42318686382126, -24.458092056272896, 674.4880638391302, 59.581626556540165, 47.43975224481068, 90.57714358714058, 11.998777505328546, 63.35177366295722, -76.20427553056797, -119.61086144503399, -1.818718859293438, -17.38033382008095, -61.007898944526175, 65.58827356533965, -31.38601776894866, -28.22805030609145, -25.01926721831855, -60.74001366485284, 35.389176020770364, -85.662555510925, -108.52842122124608, -16.08983988606769, -107.53698415344071, -41.26402936685463, -87.81667453919799, 116.61465731256436, 30.367139376810144, -33.76167260138727, 12.686203325876205, -97.79802790015313, -10.902670396034942, 53.03053619156437, -6.3167512121779525, -90.93474055111699, 161.29868690671194, -25.043566923455057, 83.2151932404873, 9.435546000689635, 35.17911466735694, -50.880823768758304, 106.09619241614206, -37.99587582890857, 81.64596001673452, 35.95670136876027, 140.83840061628968, -118.91086202105139, -118.09766944660161, -83.25262816680716, 42.012736015240364, -1.684579956024873, 67.47538867967945, 11.383655856317722, -22.15962406196232, -36.6339287025788, 48.378179171975724, -41.248932813453415, -23.220409924477543, 64.16651902482991, 111.51990669503944, 129.19041382532882, 13.972312993892714, -47.755413338174364, -20.081921168509798, 7.04242340921288, -107.40924368874465, 82.92756651716222, 34.927577971780174, -59.097919842621884, 12.35811665676824, -0.8692986062969504, 118.81299576574033, -96.51069292891074, -50.27899443194601, 74.72984174560906, -44.517023574322394, -81.12426752393453, -4.458694156570155, 30.05016901077015, -28.03260198153445, -14.163954438742083, -48.07072734172107, -47.3979349631675, 5.225470943323496, 110.02206937021202, 30.868937281553084, -71.85836238506366, -83.04916156639864, -175.38190609452724], [12.109825904708087, 46.5836262466964, 24.04451496308205, 46.63082495826532, -66.11486938898526, 27.89219396678137, 46.20297790284743, -106.63596074110121, -18.343056199441406, -55.352217292565896, -91.94880435645895, 28.912979343400835, 152.13870202345336, -40.63399513348837, 59.581626556540165, 704.553393642655, 44.34631706419362, 24.216354983028186, 85.28049423471607, -5.209491284316789, -59.900870211194736, 49.950077959430516, -74.86365935096701, -91.34019038788578, 25.716642403215275, 81.65775694305215, 27.310099602906377, -68.97086843824724, 47.56338125381314, 154.21200789936017, -48.70694620853283, -43.12720069615339, -43.014506802145185, 11.486781577147307, -61.997230837156216, 6.686718745933652, 31.254713641825433, 76.01328303524313, 82.63592495514862, -90.46707031312418, -106.92426538489892, 15.961992060746509, 140.7567905380735, 7.085665975791961, 140.81408586679328, 2.9842613049486078, -1.701220939837494, -106.36403087726525, 89.92679761613725, 9.574895057261317, 145.7777807496689, 10.382735275259776, -59.16483644134417, 63.39028317743513, -75.60076936497406, 136.36371929752588, -45.83408912929186, -0.3315950652906263, -4.480644216524777, -26.44506600498249, -9.670834541314914, 32.76465957317198, 38.38234977457986, -109.83815075975808, -74.18696328418578, 70.92295494778536, 79.66551126855921, 3.682604838394698, -20.189256481048705, -34.94981872855295, 53.43184900648217, -42.49700780440516, -4.807936246234043, 62.90017745205102, -8.321652621283658, 32.213871488106925, 40.55168119655511, 51.97723230233925, 26.155695882025693, 60.569957849832896, -11.298401365310506, -55.8089007153818, 68.39820444240216, -13.151669813518323, 45.23467971174074, -47.25402569946405, -68.52566868992108, -102.76236421170579, 38.319268077407315, -126.34186150496785, 71.53468243741008, 19.321875263374395, -117.01730110750266, -7.038684960760278, 31.575286616258996, -39.44672354490583, 21.355856708412446, 11.640783072774505, 21.056568003224477, 53.4486779459216], [-120.35371177077462, -25.091481736411012, -73.40664603732985, 37.379925201741855, -45.784009128961316, 34.06554806407496, -61.44111733881577, 63.98413281438178, -3.0487203978850186, 36.71841358030929, -56.91446581837587, -52.69921711629069, 114.45319337384274, 11.095797342501138, 47.43975224481068, 44.34631706419362, 730.9671925256148, -73.29960761832794, 35.23831884439517, 34.30946259096703, -141.71437795451763, 62.56434584014855, 11.873511810420746, 1.152883319370709, 53.12461892744518, -20.408850016652472, 101.89520223065459, 33.99293878160812, 27.87308348129528, 48.42056183171949, -4.764667663966525, -76.52837819503394, -42.53234476121971, 25.45829816534026, -39.669697232941175, 11.587066888493851, 13.410821645925068, 74.78867912227682, -12.02127335592824, -12.393534146372733, 13.33503817845075, -103.880491115672, 1.79969616338228, -4.611544586385654, 74.64986784360728, -77.93534577598462, -22.08992507485232, 1.2302819471002722, -73.89468217490374, 26.030993421883622, -11.553053115615846, -17.42904201261875, 28.589858018127924, -111.61244339598625, 45.12586273041055, -41.319490463451835, -148.9795315211695, 64.65076828134343, 53.83730319961111, -61.65305762618338, 14.042242101446186, 62.2728429801427, 42.584736139729294, 0.2600433760485523, 42.96398709294863, 20.902450862353326, -38.08632248240605, -42.823521207334906, -41.029683490916064, 22.537957339011403, -6.499893062333103, -61.489381282250704, -59.29141470717213, 4.177773600434477, -88.51552717879102, 13.967726988102365, 214.2145873868091, 116.87801052425377, 29.623050053541355, -1.7974918503459494, -28.148318375209445, -83.54135474470307, -20.795435385204442, -149.46028561518355, 55.00617169915663, -3.903980426150495, 40.303058769189974, 29.95347918929641, 82.84436061325923, 10.444579981959851, -44.200477999449355, -48.91751791320909, 89.20223531704615, -6.398446105729974, 22.420980221179292, -6.372365918952341, -14.656231271161303, -88.44992680381336, 31.728867812383818, 0.38585514033798124], [-32.878993566540046, 73.17769144425556, -36.745098863247605, 11.801276351077892, 25.07600399723561, 17.079793651818292, 24.701319084026295, -31.369205580199246, -29.016001508710353, -18.658910917600828, 72.06980828997105, 146.21749768181007, -109.86477113297516, -125.02529327319795, 90.57714358714058, 24.216354983028186, -73.29960761832794, 804.5522580368754, -0.5074960852995551, 114.1335648181501, 143.26605735097718, -71.18460652684416, 111.04847053871411, -2.1205041527039126, 21.0657497283173, 39.4615691489494, -94.09183496115993, 31.145714334104817, 61.068603986367215, 64.19035927325987, -3.3744538548671357, -39.71017262393032, -135.12387256739734, 104.10296832162703, 12.463358012447436, -75.02366971289037, 22.338652541555614, -6.528584959057707, 26.047183012745304, -2.3754282790958543, 21.47924692269629, -125.35381312840788, 72.05583796906029, 69.83122830209479, 172.5556033068246, -3.3641847525686246, -36.27803653972353, -51.441634624927524, -22.23965431051321, -74.23127843944134, 78.95929401159329, -73.10764650043392, 0.9072609484371741, -36.237282856341515, -16.197142489301804, -29.292302006894708, 100.92256256826214, -98.38765147532413, 0.39009652164362174, -39.55799544458043, -45.9828463125914, -41.09676025626978, 59.89619224519013, -86.67288596053679, -64.07194701506283, -97.24945093808977, 39.169846513207695, -152.60589208543433, 58.08384890861974, 115.88694399058835, 84.92794960973985, 142.12929984172825, -137.53614310646458, -28.477803933652314, -8.480477112884078, -12.644638505523158, 24.76075812665335, -76.42057352912823, -140.35336487195002, 2.742559095167245, -70.13910584349313, -33.78337342427723, -144.27204119654039, -20.834951592415752, 87.19423550957826, -75.90101360256332, -123.06261946299227, -20.319468148070545, -42.678408878316695, 4.810703304894177, 147.5605075828908, 97.67346107682658, -10.783384447469931, -64.80001265389144, -8.745364801833233, 45.992711588294306, 39.425613983605885, -37.123491374446594, 14.225528308664423, -129.3324214802146], [13.960759389775417, -20.85999156486118, -43.58588792677033, 17.137437616246253, -54.113495991949755, 60.50985694910757, -83.23283560265304, -0.9491849111599978, -81.60652419310506, -38.464264520339675, -80.09210249042543, -109.00942915526905, 50.558389557125885, -26.015088032081792, 11.998777505328546, 85.28049423471607, 35.23831884439517, -0.5074960852995551, 702.8116324962532, 40.56192916856557, -11.343868566182216, 32.82220453567086, -93.9155252331455, -1.5885083013110675, 57.822735353341656, -61.46883513074352, -9.80682484779094, 25.404261064179373, -26.873404345412588, 6.778045006530994, 20.150559993334422, 89.87394671746468, 33.54152627978647, -34.28522544171713, -58.4411108177044, -5.335995321557103, 73.20841578652342, 17.41499437681785, 123.37932331028009, 24.078323573915885, -31.82742426241872, -46.364672285253704, 8.81262327215651, -90.17435704880502, 85.13040646427064, -95.49190519936988, -7.07356087467239, -100.36431054659681, 2.6924646319223955, 18.79130030613125, -49.14440870524068, 5.599426136944341, -28.270004824046747, -44.467731764290285, -21.067165086281573, -53.70696208218046, -63.65057148671197, -155.31603269914805, -53.3978905328426, 6.766399639101124, -35.14843733238089, 7.644477351909793, -36.3518259226444, -31.08036327965362, -16.603681181069053, -46.58154282534692, -83.9958541644574, 3.2946283645588066, 127.67983175823436, -56.65633823523403, -42.04270145392393, 89.29204584011248, -12.327576313197888, 0.07893998669425809, -86.00621198283643, 66.4196099731621, -22.34098960260278, -6.013924266713649, 3.2327497253790227, 50.90676024249406, 123.57581997552195, -29.640467570494216, 43.16679183271565, 39.07230563228984, 15.01427861017332, 27.93560028812723, -48.13345502620646, -89.66298040461969, 72.64881486035394, -23.16698739455488, 16.078977682911706, -16.424035081686913, -54.2959266022443, 35.21361758194885, -61.09520694682846, 97.55469733487072, 44.92198715791055, 58.30658534579649, 32.13072987082431, -11.861113649617305], [-48.14998829443444, 34.059624598173414, -13.434960735270755, 18.128724635653924, 75.83269426572781, 58.24534906426326, 37.70217705115146, -19.9946291276113, -67.45293624062275, -74.96903937206558, 10.626496181528074, 61.10806793495027, -27.006319848445454, -23.76484917105259, 63.35177366295722, -5.209491284316789, 34.30946259096703, 114.1335648181501, 40.56192916856557, 674.1206502601034, -90.16133603736598, 27.81609187550642, 14.702026662125355, 22.816774480423504, 30.37101383388052, 29.545047539645825, -160.54367773154559, -78.12216562780885, 21.415434392937883, -10.790292758191612, -31.337340013775943, -41.74976636125128, -118.190002413521, 80.14717935544637, 9.26726530257923, -29.069807865025208, -21.673908494763985, 67.26357257329371, 50.09011089794309, 140.51971044276743, 112.0610824046701, -86.02028580464086, 6.997210289121145, 87.40229906757827, -49.54021364333931, -47.55740097994407, -76.01664619570631, 41.06109638102773, -52.25726677443246, -47.84338520694017, 114.98392905226453, -50.06489099821371, -66.26427109804497, 9.806957199085632, -36.48424141539818, -57.56707503754983, -82.40055194934826, -78.14588113422286, -119.163819845863, -51.305005835128995, 26.519690011815868, 0.4916155589199973, -24.413738439834997, -138.000511405339, 7.2905919354200766, 58.06623402865779, -54.26954499616131, 80.65363233064713, 61.87722612184902, 64.72433570393896, 44.9044770425988, 31.946328622796138, 3.2891980374828624, -99.37852103977116, 22.98214791313206, -39.73429794660165, -25.8486951114257, 68.05281288609751, -30.983985003300603, 60.595827131403176, 31.044886726156648, 1.2328054312915602, 16.22677145204123, -11.755043971470563, -34.17329681943369, -75.78164316786037, -30.537319085253298, -22.478628942400892, -75.28191201748578, -72.78076059738564, 22.429502183423498, 67.52757381761344, -5.302161678527804, 117.48715509234322, 16.155439912962002, -89.42354948150343, -29.02251650050105, 43.5776350684821, -19.866779081323394, 124.26417807323793], [-56.81195732110196, -28.21344596386559, -57.10306173076286, 47.11846330183365, -11.702028467547557, 81.66654245461255, 5.553760630228614, 113.09556599569171, -13.866432273009654, 22.76703520637959, 35.78197060315574, -128.930