{"N": 100, "M": 4, "A": [[[945.9001220745714, 67.0185337669873, -53.28676563408696, -124.02428650375789, 80.44940992693296, -6.468258515263359, -0.21153233799948687, 56.03128068499582, 26.172009678216366, 132.936728943716, -137.2447844288277, 8.409257209780295, -3.7687736795310127, -55.16679726629766, -109.97381156203421, 52.64376458818665, 28.47354490363831, -142.7937521711566, 50.185530459553085, 54.1584832138621, -50.58723668120306, -77.43799126482796, -46.60621236981396, 8.251954050213563, -37.57085541593477, -57.109537654362754, 15.552550627156373, -5.463730509855393, -67.13371648996066, 112.20004271055984, -120.53607137506336, 49.78797835912778, 149.10690401257054, 51.83129571182207, -70.78774899206314, 23.626470340319177, 8.709098076340016, -137.67409581413, -62.807592220065516, -77.04169067682736, -24.971579964858993, 31.00180640450096, 39.42782473291846, 99.82275762124586, 73.09597651661453, -117.31528030518173, -22.634055744911475, 49.011027532877996, -117.67854304426835, -37.72258585893472, 15.306981162554088, 45.165860643411435, 49.61353744119596, 93.33786958846713, 30.589597922402447, -138.76914821736054, 18.48251476916236, -8.467747927481012, -60.84132278529663, -80.00765458246565, -97.55726415104502, 93.42490188599258, -57.54338082808759, 37.406933092576956, 134.1703279025268, -25.745052888085525, -67.92821916353552, 74.15974618633732, -3.12005364896718, 55.39419807385355, -90.15421535945815, 151.55635997297657, -92.5230461893876, 54.16586736942298, -66.97076491133814, -135.1719424142844, 57.00709838566624, -135.8829829488459, -87.71378251058258, -43.26751332762139, -33.71112575935449, -34.95153177151724, -8.789453544942765, 45.40594045178269, -14.825395439906107, -134.19786974877138, -31.3514193560775, -149.43276294323553, -7.744864676426583, -213.82379462249867, -92.98914393655778, 27.95437707677418, -49.980484871176, -68.59945639444197, -49.17699550490811, -43.22312904613587, -56.45607224848403, 98.39835651898348, -11.242093244830688, 61.17195187118292], [67.0185337669873, 664.1762834623594, 60.757547282381964, -0.8046269082175601, 73.50222960314358, -172.89197935838175, 53.72033669224472, -131.34083800669703, -100.50310187668725, -98.67142856334901, 38.012216057964594, 52.76593427255798, -88.67752089327598, -65.61984653438131, 39.49460001020943, 46.2803296469256, 28.95725874725468, -20.041238487259477, 136.60422992506417, 33.80783874093871, -31.352794587306853, 63.451389163163626, 11.022226079948512, -62.194055165237195, -98.044216060875, -58.601351923808394, -3.7093852585502107, -54.52877441449096, -26.436000676595757, -13.22897437097414, -64.53429088148576, -205.8607825814414, -36.1486126564636, 6.240670273092684, -68.30072110809779, 64.91893532409642, 26.240570861774387, -49.86861640748671, -193.849611760384, -126.57348074804142, -23.600728711240027, -155.651482987016, 29.830347122845374, 37.95722510078448, 5.3521937300682945, 3.247271069394159, 20.210833910160417, 18.501700961350583, 14.337673806018298, -116.72552079561306, -113.02658476031496, 93.83732062725043, 15.44913446138824, 12.79195213613481, 22.518100645974265, -54.954399711836906, -40.578758874782444, 37.656664263368974, -44.634103874472615, -45.92735483969509, -58.98667264267102, 88.86134557933298, -26.17433646370162, -30.316986871036253, -89.55050312276425, -21.968971654993588, -62.94937896422127, 22.32514308339968, -25.22214877555104, 56.08819768353156, -17.697187947598902, 50.45167847404394, -49.340360281264665, -23.565155549053905, 34.29478783490103, -165.3017854428717, 101.74696308115752, -103.22725942573516, 49.809415307450564, -39.48913380745236, 81.07384843775905, -30.185730937981827, 76.92870356960225, -119.47262450224257, 129.10405787386253, 39.06216056347954, -15.168465818416816, 14.213009742325658, 128.20039985970786, 46.134696712182354, 27.159426935166902, 1.7984158169157902, 30.75539516246686, -20.740082411421902, 6.722741669663498, 18.996760368583566, 19.362076137310723, 90.92179782364761, -133.86984680647788, -4.919588283508879], [-53.28676563408696, 60.757547282381964, 869.8788494015591, 37.056803714198395, 44.571972680553834, -38.50832689202533, -23.914440041001917, -18.798371887323153, -59.69615472482305, 81.11047115346709, -130.58217079975034, 22.840238607341124, -22.6944632188702, -23.394611012884393, -12.4076185630833, -31.997069324414824, 104.47624308118552, 138.3768521125253, 111.80598973687212, -1.7042256674805851, -20.152131880382942, -9.469817455928881, -35.15836671877287, 93.84616214280025, 49.41193440500555, 108.79435547347008, 52.49048924035628, 64.774458038017, -37.488950440068386, -117.70061298440245, 55.67580909802466, 2.5071483133954597, 27.726033803993303, -93.79922162671768, -73.7274576052608, 49.00153290500931, -38.30405082245667, -0.5196028518687772, 93.31992587344519, -11.447004314562575, -28.24652591273819, 118.78517783765268, -165.70334458330862, 18.969450435284948, -46.17301044735442, -36.486869290945265, 18.25703140813611, 6.228096202387333, 14.255040863809542, -38.21584488924826, 28.3913951533525, -58.024385971566005, 57.18828253013075, 21.817255751988295, 94.80765433994146, 60.229506640450694, -68.03220900179343, 137.95433320039103, -153.91347752370936, -55.094838561854885, 12.077224617813323, 26.94022984178444, -93.50945558200051, 226.01540345589046, 86.27632789236179, -37.53019291167617, 13.81523336916105, -77.50360290890318, 78.45570863608631, 40.77198884482375, -119.72852061108284, 15.659505912533797, 128.71304289306457, 86.7064355632945, 158.69432768888007, -22.983638275010616, -59.010861631759546, -2.2978627503673237, 121.71982040011574, 4.005636904184507, 30.817631159586387, 32.226331479412174, -92.66837918717327, 180.3273131515776, -23.6039718257972, -17.164912129601266, 101.29164649567312, 25.077971807513766, 19.58303827873262, 40.36173099730042, -67.73657263522797, -55.06744716195692, -126.38097802683289, -19.86282290633105, 40.895275060269874, -49.895113896672804, 89.87816836794978, -121.74040436511895, 12.606595794331174, 61.54291793847774], [-124.02428650375789, -0.8046269082175601, 37.056803714198395, 843.308965460976, 37.23041362477978, -58.28928454543944, 118.28044181518999, -60.49954884220999, 73.49704551657521, -45.582389387783806, 1.5696030386332065, -22.673153881134247, -5.731219569109692, 1.8051064234081082, 53.82883118459879, -4.945542634326802, -14.14062429856714, -49.42097219634343, 58.68794074073991, -105.84379080802339, -139.09401182352588, 8.172043998422254, -2.9346405198996717, -28.876427364463048, -78.98622800009039, 66.04749457303289, 13.396092297916372, -48.99068711962773, 70.00128405323079, 1.3279617603204645, 6.500637767610261, 109.80322403536093, -15.111343016749432, -76.01542611025384, 78.79096932886719, -13.920976095958112, 31.08776588832748, 12.490333583483775, -55.7882458889096, -67.21114216816096, 38.00623846333691, 9.06954293868917, 39.11179590018106, 11.64644604179824, -67.44170709756985, -36.04046010592495, -115.99174459043775, 147.73215638367162, -23.393537461705616, -77.63690643342672, 53.50321486006516, 2.0712670313681483, -54.643709946027975, -82.48997275359716, 36.907441759103506, 115.99603981115933, 79.2834525937151, 68.12027008383338, 112.48522753863404, 25.937311891542855, 104.12507929463801, -110.51971852997794, 53.475188536946476, 64.98651562280598, -3.8587830248650175, 115.59722499942917, -27.434559919130663, -51.40702011130323, -20.782674611304895, -7.047819516675768, 59.24798844004603, 21.398288548682405, 5.988437127686533, -53.243724303468184, -118.43307959321477, 165.03338054493935, 75.73596426900383, 56.71139117113412, 103.27948424882722, 136.66905992756207, 28.641733049707515, 75.02282768589296, 17.665564102859722, 30.54949568429028, 70.96813355383127, -34.917047946736496, 41.59462389100009, -23.438677348819127, -56.399514635303206, 54.248402811062796, 157.7519798246207, 116.2842115927068, 81.78920415336043, -150.30172354779552, 140.3603608884557, -65.60396168502034, 12.440780070731108, -5.116478514867181, -5.796722596574188, 136.10943951195944], [80.44940992693296, 73.50222960314358, 44.571972680553834, 37.23041362477978, 1025.7171720358722, -52.085487480691185, 22.505320167554924, 3.6016625229447374, -11.175079154985784, 170.14864205878592, 19.533781914333662, -71.89186915699847, -16.99743773096296, -30.12050516534862, 57.774896684699826, 39.38013478465183, -97.6572507774662, 1.9698083552095462, -159.87994218603666, -114.46911591790946, -35.74953290900814, -58.82189920403078, 61.309687248002724, -42.57528170071021, -96.32660286686594, 44.1980597116034, 46.1388438733002, 82.81893506917105, 99.43777490839545, -69.72403602301607, -6.588005830313093, -206.4648607666905, -28.08381843143207, -135.21675472709052, -68.1943764304989, 23.327636153969877, 134.89416552573866, -27.018681621216984, 144.11662224059103, 60.51628365687233, -2.8340496244389364, -118.9708246180797, -71.47718310937992, 158.33199473508822, 35.65185630290623, 49.219676363478165, 50.36045576531818, 250.64055786489348, -32.745553385726474, 19.757366306108352, -55.37427835543125, -3.411136865501938, 34.782665673216734, 84.57790312075493, 130.45454556008295, 117.13551277317002, 20.646629231372255, 54.5420368563349, 30.437354211532675, -15.272326862696412, 99.94821652480715, 86.52750632672809, 9.731578725497643, 80.27237167445999, 80.7828452820036, -92.4469522677113, 121.27031385544372, 116.22940504469001, -143.5155027832257, 83.36240181009534, -76.73862793921319, -21.013307986223985, -103.16437582741733, -67.761362549928, -93.68759433203464, 94.86510359802548, -63.46162115027124, 61.310173131416065, -31.350778531731294, -27.99664838599425, 102.44687978526159, 43.61699527694104, -69.21760285373207, -65.50175619592343, 30.883636872049273, -19.345408630169054, -68.27303548426755, 59.08733300283678, -125.45520846641986, -72.00769046239803, 31.178024353170894, 239.67444475496734, 92.65975795514929, -152.3229725389473, 69.07868075393365, 41.01267082223399, 39.51523218331392, 142.64407495246203, 11.434709025387196, 8.379435218183614], [-6.468258515263359, -172.89197935838175, -38.50832689202533, -58.28928454543944, -52.085487480691185, 931.9892758159913, -36.3954316710554, 121.87155844549784, -69.40400195206323, 133.24487699991366, 81.83125341894718, 40.2345115847802, 11.846494492075607, 116.48136883211822, -8.89694389133498, -120.9477378189798, -142.35902527569908, 99.32602087043227, 40.53154826060943, -19.873062501958945, 20.825318330845732, 68.84335300438815, -10.969302513261955, -116.99355623412296, 63.747241197102895, 129.88863199995475, -4.88581924091306, -10.533732599521288, -55.111025388410944, 76.68643887409581, 7.992788969916126, -59.685127555447714, -109.3591188558075, -59.102386124345564, -88.24852490116628, -52.463172385703906, -47.02246055681537, 172.4233390207133, 144.30200752775116, -90.73430245067672, -37.075420425630774, 31.95507259167795, 17.019375555988702, 27.983780425615123, -41.62685483230805, -59.26276768380516, 65.65555373706836, -50.57648363470036, -9.890065083996369, -88.995993547491, 53.828553649565144, 25.214242699476465, -6.588018881396766, -35.72074453695415, -23.113548946044574, 89.081308188986, -111.91103214285907, 4.491013563986093, -47.76172588085414, -113.89375023727146, -40.33841454757332, 95.23199963471492, 1.6123158221543172, -163.2788727704723, 64.64858687719047, 70.42130991952324, -48.43647941321893, -30.04808276912901, -96.93794067407711, -35.14845293921035, 43.06526575837266, -59.04407009577529, 93.65990998359625, -34.70313295449615, -72.57687487439586, 76.54499894962682, -5.544889573515541, -70.37098115367178, -115.83914639332654, -117.3647260163183, -58.178044330805726, -34.20386476358195, 13.461293175255278, 60.834470448973796, -99.44370319980047, 174.71380950365065, 20.085168515420204, -27.866520902587027, -37.369712461563566, -15.244638296235914, -33.78770074219722, 38.082720336891306, -75.31978994704376, 25.974822412757156, -132.6375611605133, 40.725997178220766, -48.152558842868224, 35.58902193187693, -65.8386431622561, 98.07372297951008], [-0.21153233799948687, 53.72033669224472, -23.914440041001917, 118.28044181518999, 22.505320167554924, -36.3954316710554, 1115.5809098340983, -124.4989602522186, 68.78678265371249, 5.248847462037499, 144.30357594706598, -127.11715687798528, 32.482260388497764, -18.013397889486455, 184.3708974684665, 96.98541822479143, -23.04292518290738, 39.99504704687108, 123.12225487407885, -22.311965970937145, -62.70619464751084, 24.080463068968797, -28.47478208934001, 98.05221238088085, -45.76619630052946, -34.08678254940461, -25.409186104483037, 112.04230811402192, -37.52772648539567, -81.80251620319466, -67.9955358258461, -34.86064675654466, -13.060247791192852, -82.94978224702496, 41.976604804982, -49.316218041416995, -5.018742461952376, 40.41109196984749, 90.47396644989297, 17.51547312355521, -52.50117933523824, 55.36602845801501, 42.02491406039184, 136.01667516557828, 264.7948084601755, 180.41201191833608, -65.39914717595902, 110.27476072574825, 80.4196246998042, 42.48049973005867, -85.57873237880085, -84.80068653649161, -16.282962842462307, -17.39801069574527, -86.63314240480261, 56.88094021112847, -60.96181466289853, 122.60640546444364, -65.15344238524897, 22.115010019800295, -57.611869621149125, 15.862179391197213, -108.4614861834524, -45.77739089473563, -159.5206477362801, -13.72377646372278, 49.922556448124745, 2.8541791727722425, -1.8395304575522138, 29.73121748174868, 68.90426945490819, -28.08813789637444, -145.70218766748724, 5.322366108836977, 11.843476920752932, -55.645846886919486, -8.864418335252179, -133.13590890653373, -22.125322456722532, 119.4594507514367, -46.99878442175117, 107.55906034063639, -63.139388241244674, -33.87561588875053, 135.22701121656726, -183.55894096723546, 116.0378343030306, -1.3837155973018656, -47.14434531235529, -83.65724509820248, 76.02405300046054, -150.3904798146053, -5.874633719070779, -115.19389004266795, 14.483615680343746, -27.249422584399472, -20.141346269797594, -152.43524472403706, -62.02168412614673, -38.559836734768815], [56.03128068499582, -131.34083800669703, -18.798371887323153, -60.49954884220999, 3.6016625229447374, 121.87155844549784, -124.4989602522186, 944.2467975779422, -8.741863805253374, 95.54848687592269, -22.732848987045944, -6.856989806295386, 17.369694518482255, 47.72707574933498, -127.9288558643816, -57.07009998350993, -131.0950202134976, -7.047824564994037, 62.14197902154362, 9.24941930392298, 33.7387649262337, 38.89374394234515, -69.91310818761723, -111.07080564306203, 39.17121448196374, 26.970811054112037, -44.73048816464514, 43.15418210141808, -68.11403253384573, -20.260999401253486, -129.4900133259951, -16.741358834070418, -10.410673555723536, 50.10718883278897, -94.54758908735214, -100.82677165635003, -63.64258197829643, 37.809956634335904, 19.18614816056179, -75.83892893837039, -4.417391715282362, -79.95584619792766, -58.56261390291815, 152.7375091955607, -39.28282120155603, 22.59064637134735, -88.36187449877112, -12.565372203044584, 7.953270811611911, -80.67106978781618, -70.05648803841353, -0.2745012312056012, 33.125177729901964, -13.597485482764379, -9.150562878095633, 82.53572865983578, -67.89102818288946, -30.12281146595369, -68.09609440085839, 96.61561009406225, 40.97997783830756, 127.01103487369924, -27.740513870447366, 10.255129744599559, -143.94114735354478, 62.14680427133438, -10.044077075720244, -19.430819715007484, 22.67626108215979, 111.39407230449058, -77.56943110588557, 97.53635143336767, -162.7870711345586, 65.7932319461737, 57.436825505007064, -56.505168464063736, 64.53223967609928, -3.703071950396577, -18.974220249295122, 45.722155326641285, -126.0324072031893, -177.3447867768458, 188.72129789959104, 77.2986658161537, -14.832085936128827, -86.61938979590504, 32.52737692087553, 220.8524173847027, 46.43369535569735, -78.88196050203986, -96.82753268354756, 0.11485137339390113, 69.97622030023877, -35.35368646865179, 76.05334252217612, 28.414834387971464, 118.00567936945123, 24.304098172399197, 27.998022448867154, 93.11870707254013], [26.172009678216366, -100.50310187668725, -59.69615472482305, 73.49704551657521, -11.175079154985784, -69.40400195206323, 68.78678265371249, -8.741863805253374, 920.8161929712682, -20.73069478475953, -133.64208666332013, -34.77159807823674, 20.483918714258067, -5.6840744715567215, 188.44566320935164, -51.53622653498292, -170.68473879303494, -12.86799555702464, 79.29608089242029, -21.00429081946236, -3.8034703725876318, -84.67155628035162, -54.112758031317256, 91.24283199705515, 145.95309245467718, 2.5582908758543668, -3.0383221297440186, 0.7923300548889516, -64.10338451130518, 1.4937314631745187, -101.09301659873694, 83.23214501280093, 95.65482250065995, -72.17222918059169, 10.882988129413311, 112.53587329605851, 46.15115233368788, -0.3600932911103022, 43.25616086242249, -80.98165347222294, 127.95161598943456, -128.84034198520004, 14.852709377582368, 25.96453494679954, -3.366176547315391, 51.495790953028674, -6.593586398806166, 180.0922767139476, 64.85175978148325, -4.274858803277025, -11.212559664719166, -11.036119965955475, 6.739513263512231, -49.952336144168676, 9.50444231018554, -32.39045179230773, -64.00334293966267, 98.17049427339427, 50.27614297283012, -17.623587313622036, 78.45096997494014, -28.36356332886674, 157.5397092330755, -84.09349275768515, 71.17587619933997, -27.947306557444136, -114.4846089266772, -113.78456551825948, -123.26600906762712, -78.68662633667488, 1.0133933918784366, -70.3844919655929, 39.00126682500742, 1.1749232210752374, -65.86878144687067, 30.38468364280395, -142.30708348480007, 31.652731714586377, 68.32310776753127, 16.066033214925046, 10.636104714933573, 14.582169136895374, 25.782362092996067, 14.215848508604276, 51.992141877659144, -0.19062069102668713, -84.51628510586032, -87.58625504883449, 39.88207278354572, -49.20974430102849, -52.38806423371835, -86.50288278329143, -62.41474040716325, 100.45641385050592, -44.645869441209264, 98.0816914078388, -54.004460976584426, -67.41069269352158, -71.44497789171945, 12.592350095709332], [132.936728943716, -98.67142856334901, 81.11047115346709, -45.582389387783806, 170.14864205878592, 133.24487699991366, 5.248847462037499, 95.54848687592269, -20.73069478475953, 992.8403220785301, -40.324317326106815, 21.83809252846793, 20.588614699893032, 68.39225062773235, 105.00087753546798, -16.767678880758343, 40.02376727844623, 107.35601508206378, -21.731788871917452, -15.403716977084454, -81.54240258677905, 48.425086666955934, -39.55435091445692, 100.9117858185178, -28.985845967921193, -109.42701928087199, 21.19746662363798, 15.100332117810702, 100.1815473634771, 50.7055470726091, -58.027527720558474, 63.041384706045775, 107.39036136773001, -82.84183566366778, -61.58229236955984, 84.1869531804749, -2.8601444987443836, 25.378985604099896, 80.24698925180887, -55.74351793641035, -105.07853745935539, 45.96246409516466, 41.230842314911165, 39.109152155505576, -65.44602656284702, 65.86464776707764, -113.45353863363373, 11.130726769992153, 60.69697784744248, 133.92041481537714, -110.54388144288198, -45.3187361899273, 36.62311050575354, 177.8365395361023, 52.79541572721809, 2.95952068710218, 151.63447714773125, 5.330740040777113, 234.6177443803398, -0.10116902567023492, 3.854469759106089, 112.68807027673759, -86.6039434111724, -41.23778440896961, 8.54398458624877, -107.60040954371746, -47.84857910817764, -77.57949163753726, 32.08959925179176, -176.03106166001595, -49.47915578181144, -33.98741284956651, -136.79498829867978, 23.954392280726005, 89.41524286065547, 44.509449738917034, 93.43926923243372, -15.966894290572641, -105.98344221906093, 96.7572894254173, -120.17668828364154, 73.21500592128831, 25.20621330224775, -46.57454127004691, -153.14977895918273, -83.58248261811174, 69.78233325640433, 39.660557948493995, -50.87112755320834, 45.39230831843348, -73.5240054039704, 37.44441511476171, 26.752098044850104, -15.570993841017495, -14.067942298928442, 63.00921453351916, -45.87366454578789, 18.734229296433124, 73.37150998653507, 0.4934002639748119], [-137.2447844288277, 38.012216057964594, -130.58217079975034, 1.5696030386332065, 19.533781914333662, 81.83125341894718, 144.30357594706598, -22.732848987045944, -133.64208666332013, -40.324317326106815, 703.5292174801579, 19.365662001096233, 93.80352590915977, -11.817592956718887, 49.31384207618878, -0.504563322985233, -62.80208813774763, -27.808513492727364, 47.152575659074536, -51.422597728140325, 16.559326185641673, 161.9463220605788, 10.657335350052556, 66.93759540600846, -128.7956949015414, 161.6158519350833, -20.86776706062905, 33.02441528184717, -30.786358939731755, 47.45159669757834, -8.03798395515852, 65.47525359738098, -158.77062271020466, -87.10874132583031, -114.48754349787214, -19.558691084381046, -33.09406372306533, 64.24893232371409, -142.00842814781652, -70.99704845415972, 14.827804073527656, 77.33645725644979, 17.77388092208609, 73.86182283846753, 12.518977087190976, 58.48623887070915, 51.773236847910795, -58.93350177638799, -20.90109693844535, -4.760470897083571, -48.227943650067786, -77.77911231324896, -88.56526105492352, -57.89476283024841, 54.69570699261981, 156.47611435315875, 5.426164611241018, 9.042416834332348, 39.012071152960985, 225.47657209798618, -99.7985959666484, -11.38644663432327, 102.65886867294337, 18.382816411900894, 12.931902410053267, -85.57101612749983, -47.729333465903025, 28.109963781587158, -17.903201731854498, -8.921839683878952, 93.99388538077038, -30.60015326337183, -40.76060982953906, -9.674946463209025, -33.80426233107186, 6.000145159730106, 56.64823269523127, 11.654414160993227, -21.057034315404344, -88.49490711345297, 31.13054933240121, -5.033136742344253, -19.99047291976298, -114.75814777002654, -58.429193574488764, 105.03068613066608, -43.20689210318497, 45.195696391081846, 13.075186215050595, 8.558214312615366, 35.2621181189737, 24.987620437418236, 32.678631312398316, 35.8406045659092, 51.217859110282006, 58.012610839497135, -54.908926596551986, 45.20068799344283, -19.59042266374414, -36.17137976525065], [8.409257209780295, 52.76593427255798, 22.840238607341124, -22.673153881134247, -71.89186915699847, 40.2345115847802, -127.11715687798528, -6.856989806295386, -34.77159807823674, 21.83809252846793, 19.365662001096233, 711.1391082920353, 99.02646924664937, -7.51176152641114, -0.8496565802229111, -53.93793885299952, -102.64431955520963, 48.528482988476775, -37.80090379216698, 43.61470572604064, 187.38356435918453, -102.12024257343171, -261.97762596485387, -133.21169375982555, 5.768911477358781, -37.021639553625505, 1.646066572622483, -3.141436004705485, -21.156828665244895, 6.617790580424565, -97.00056195336482, -71.84538321544427, 55.94358535088425, -9.103664828523447, 52.77271758400654, 25.42704054459529, -210.15387848026302, -88.40900457121774, -115.75095576687839, -85.4986313195253, -114.94023520752565, 7.3918974275435145, -36.550235053636534, -2.594132373766753, -59.67715337098103, -10.631764152520248, 75.58687927064354, -82.99108060177736, -90.94349377166805, -66.62939088700978, -58.52927142889495, 2.706470587523086, 30.403726903687854, 58.98112216738254, 22.068894018405246, 55.324181781061185, -38.12993260320061, -5.800322577953511, -3.0752463681988877, 28.494739059356007, 75.3650408569141, -95.04023302901341, 70.37285418372302, -93.3156126435604, 82.42951089947334, 43.4996804403853, -95.2383239236465, 3.638204329748081, -3.312260471555153, 41.33985799978361, -37.54057105529937, 19.064576963199233, 18.643135053894216, 38.73475015819379, 42.54789372784898, 53.466432163369156, -109.76712577592546, 41.2348268124467, 40.5463382052306, -3.0040726634501174, 15.57957825934581, -47.296698746412446, -41.80971618672357, 7.142686406945123, 27.4468654516857, -6.581296781641591, -43.339712833160455, 15.790464170932855, -41.18375474946981, -26.68008204068984, 10.733357596891027, -72.9367892193645, -106.80922454290898, 29.262001786264484, 5.845387258135243, -140.92980699313605, 98.03146386674733, -30.157956823084827, 1.447051801882873, -50.421314967808556], [-3.7687736795310127, -88.67752089327598, -22.6944632188702, -5.731219569109692, -16.99743773096296, 11.846494492075607, 32.482260388497764, 17.369694518482255, 20.483918714258067, 20.588614699893032, 93.80352590915977, 99.02646924664937, 860.8332657820114, -31.75002113709655, -112.914902517411, -27.93768741936135, 71.73373463438041, -5.701462392404693, 52.79435121587782, -6.65139420504227, -64.63141339308348, 36.53848776038892, -37.16681183257452, -12.931912678999268, 26.270815649766806, 105.89988172747147, 142.0484659870173, 19.131152419059543, 55.50210253960897, -28.130100399999932, -90.14887277601142, 20.381568672677634, -12.981062938939278, -44.09423209797762, -55.86885116854824, -43.760193364952436, -31.82658715617092, 112.15155915838658, 33.95245208845471, -37.04792877681293, 30.200459207161913, 49.116490292691466, 27.506604858942865, -8.544058941862204, -47.81973834911957, 56.364885145426086, 20.231176099377386, -7.3782510052514905, -49.703280297523996, 33.649337551051715, -117.87623932927511, 83.16817403993299, 94.51326346693304, -117.91550415863557, 16.72214655324664, -25.3400854804574, 46.950935378460755, 66.5998763024284, 12.786920340582242, 150.50148017604903, 19.557243834959927, -63.94770476836865, -32.21833403357624, 14.02584805766874, 77.26653960668494, -104.6735754601215, -152.46651791829794, -1.0171368807382153, -17.937801247579564, 4.636068035234685, 83.76534922731713, -115.14517258191108, -75.8082700237993, 34.726518561103816, 18.28104978630052, 118.69426980624561, -21.896849228790032, -117.88236156961375, 18.546268335725124, 14.182410740339307, 74.30841552768335, 3.6330249068130662, 13.022715994029022, 198.34788866173204, 22.179471107708427, -67.34132552689687, -183.8037903455534, 90.20992146354041, -26.5663714743713, -13.192593547864707, 59.166132716540794, -21.500730516887604, -129.67708108769222, 18.32858763077561, 37.22215066968412, 116.33454781173901, -5.7301376843513525, -65.76491975423365, -5.358373781477337, -58.58753755996368], [-55.16679726629766, -65.61984653438131, -23.394611012884393, 1.8051064234081082, -30.12050516534862, 116.48136883211822, -18.013397889486455, 47.72707574933498, -5.6840744715567215, 68.39225062773235, -11.817592956718887, -7.51176152641114, -31.75002113709655, 683.7355387619772, -8.57249379339721, 46.3054170297213, -191.98637396563313, -39.74796425321428, -37.24434643987355, -16.15599117796051, -47.025103494273345, -35.07486778731857, 89.4381607806371, 1.8942366406938598, -37.86271061641044, -11.470149294916691, -3.0438985771911478, -58.10310735404149, -72.37427084494095, 65.64652926260901, 89.57481303303518, -42.672911497964094, -175.19450767917422, 93.38220460846314, -28.215328466431, -8.157171843878155, 42.94549491359013, 70.96737726426919, 24.191444503340776, 39.38635965056487, -76.49425701230548, -17.18965646742024, 6.373309248564302, -46.03090893337905, -10.171803113797036, -35.94137682650399, -12.815058212554494, 56.68965705160012, 132.75322422972863, -63.80536242443132, 28.7376493776011, -102.58915741894869, 13.26641725045198, 106.61145121688999, -106.62119905437144, 119.82570384441131, 47.804875337131634, 25.112806565356014, 51.9740333694515, -25.837922180031363, -49.41625551728899, -37.18721809813838, -2.8818809775042475, -25.095512713919312, 30.57989785764682, 159.32409200368366, -98.40280818059867, -89.9123876883013, -82.30037806517727, 24.724954209282345, -44.48501961501481, 13.032931830223328, 44.79128533942965, 31.58551177183066, -25.757949058618046, -2.50474540639753, 66.05331360872503, 33.17959376850196, 208.7037241011439, 51.81762243100403, -73.7318423336442, -58.03791275677789, -140.92041774286824, 31.829812871555724, -154.28793034255645, 21.90122242292457, 102.47321577211503, 31.876214505769312, 19.442150996998343, -73.56380994277328, -29.248883262657117, -24.13480583980814, -52.3440813851708, -22.011784651863444, 120.73019868847494, 91.65498500171222, -90.15831592749349, -36.940657841073, -70.8772016864895, 24.40567852656104], [-109.97381156203421, 39.49460001020943, -12.4076185630833, 53.82883118459879, 57.774896684699826, -8.89694389133498, 184.3708974684665, -127.9288558643816, 188.44566320935164, 105.00087753546798, 49.31384207618878, -0.8496565802229111, -112.914902517411, -8.57249379339721, 848.6759066568297, -133.5643120618974, -118.19618052261536, -27.621359214779336, -5.422615489989633, 3.9889613130123647, -103.25116260700649, -160.10459493856274, -79.70601577561786, -2.4454551813683993, 47.81927454132777, -98.90098207248771, 50.16626942222521, -17.921358767032622, 18.048040017377055, 64.08366906883681, 35.68394574721409, -10.138316804050417, -13.830875793922331, 13.119093610826443, 6.91208381744586, 55.86533436451298, -66.62094760074127, 148.15067709538425, -36.138241652076175, -68.1229396939719, 13.463335491514842, -5.419152645596056, -14.878647767089328, -159.3136997047601, 33.47745956020445, 63.94943355202382, -152.39063967096465, -22.89959441011837, -99.15617685200033, 35.7834529327987, -31.312386872008, 77.06112506904883, -0.6651231582188701, 51.36370950154009, 1.6340478073896942, 18.473582185934372, -10.078206806980234, -51.7079648640187, 2.25986235323676, -168.82614871131025, 49.75993319988166, 25.483024578878048, 101.12233380431269, -18.79077815230567, -52.92652995655005, -196.00486826392847, -6.970925085605913, -12.118993004475334, 26.677322085877115, 1.5909760343374304, -27.612404988636396, -27.69900875287665, -12.936982905071346, -83.96700510805105, 32.839390352204404, 11.60679765896222, -62.63551806961619, -14.75815449664645, 56.11177729642835, 18.166541780117395, -39.79884418664367, 124.37899702487276, 32.69803142401846, -68.51138624159769, -138.3700788988584, -21.81902028667722, 35.79461620748427, -15.133027000813666, -12.711486050256763, -73.57491701007591, 0.35086464471937023, 22.174596673308272, -13.450370387379559, 125.74719014903638, -43.388694400481874, -4.8095258254105495, -115.68935750938, -81.72544955022977, -97.46745292112517, 5.209387296629699], [52.64376458818665, 46.2803296469256, -31.997069324414824, -4.945542634326802, 39.38013478465183, -120.9477378189798, 96.98541822479143, -57.07009998350993, -51.53622653498292, -16.767678880758343, -0.504563322985233, -53.93793885299952, -27.93768741936135, 46.3054170297213, -133.5643120618974, 887.4383495350594, 74.10707354267397, -34.473808966005834, 18.906608003518375, 24.806003853106883, -42.593149069947536, 45.912364842428595, -52.60102715172726, -33.78036933614696, 43.70390483460687, -62.87293155646696, -28.806967960511425, 12.417606945010608, 37.522764640073476, 68.84306724642575, -146.58253184535187, 50.546729730758244, -31.45772398973796, -55.27626910936392, 47.18920868401785, -11.411355927904026, 18.047788366839892, -29.228106462158095, -47.60240517340358, 73.77707708950331, 84.16348780394847, 78.2119114812054, -86.03620143650802, 122.09601504968154, 20.626107491614505, 33.41898462194692, 34.74102406209188, 49.48661171536628, 85.09000563650842, -46.29172852526514, 22.074897731156142, -41.288343602365856, 70.2772033886198, -89.53596195909535, -24.895016911866712, 84.30863756205126, 146.10477812449332, -29.154598342330353, -75.75825712737333, 37.57223786967957, 38.93757378349465, -68.80064886134764, -192.4275681514367, -59.8161417745852, 121.3108588746134, 18.356295129981255, -25.824125767954467, 66.39329923912659, 89.3408519800563, 72.75394453529981, 105.03905973481629, -39.36199960033742, -238.6923458910421, 223.340522016344, -74.42771209687238, -13.064004610780163, -33.54149771057773, 37.28386763016464, -70.73113192516634, -40.43094656601911, 19.916423387866644, -120.8680187334843, -28.631504195697563, -128.6793019664416, 13.048726265352492, -21.494608841158264, 27.00134811789662, -14.666158870183315, -17.888238299844396, 12.117013465570293, 5.858682866112411, 7.718942226079962, 81.70887346287574, -101.3605252057129, -132.285891483733, 24.70064664519266, 76.09657612979585, -97.3779582032226, -83.84569754998992, -168.14801980983825], [28.47354490363831, 28.95725874725468, 104.47624308118552, -14.14062429856714, -97.6572507774662, -142.35902527569908, -23.04292518290738, -131.0950202134976, -170.68473879303494, 40.02376727844623, -62.80208813774763, -102.64431955520963, 71.73373463438041, -191.98637396563313, -118.19618052261536, 74.10707354267397, 792.4179017950079, 153.26660291560017, -77.21745312408281, 4.0721249817587, -28.853575723891577, 141.82786302794577, -52.87701657720283, -72.41945490492999, 35.52450870776202, -69.64075218027543, -29.407492130327846, 88.67994506794464, 103.87838748582084, -23.201894112283203, 11.529588044363347, -20.021350526417876, -53.15920710350272, -56.295303168578634, -15.680355692002292, -78.1182953783614, -48.20203326964394, -98.365055783702, 45.08766298121908, 24.68785247785088, -20.332929324036616, 190.98271749205674, 29.516655683205897, -21.090956582088875, -52.29727706660093, 71.89581751991567, 81.8582332462274, -85.32655695145829, 130.31953063750285, 132.04572368705644, 48.1467037725862, 98.92923318074219, 22.099914749716483, 80.27618319007682, 141.83611995300024, -185.4197827821335, 18.662387319122338, 19.631662097403513, -119.23686811433849, -92.9839233599205, 100.67270504131514, -83.46263237513374, -72.08306654144371, 89.37107336356058, -17.46837868694187, -0.29600225256810103, -31.476183877914632, 80.34934413761508, 84.74765270660421, -160.29348147786536, -62.32713949009723, -118.09381075723633, -202.28670242117272, 18.703833454188345, -61.2738665497777, 44.89924815320117, -39.58251559835537, -165.87008294933432, 99.79406324493502, -101.04756244027813, -27.15951386788146, 110.30167526580158, 86.193748973714, 61.55966451140272, 29.59254062673137, -32.170919543931774, -21.908183784121512, -42.96669132547768, -45.980532617685874, 0.7272781843211192, -102.84162080849764, 40.14740988574002, 31.851186197796476, -20.56538012101393, -14.144259173372408, -69.82782272097677, -71.40043619755019, 35.68847779103004, 97.93162251478135, 18.805555455241212], [-142.7937521711566, -20.041238487259477, 138.3768521125253, -49.42097219634343, 1.9698083552095462, 99.32602087043227, 39.99504704687108, -7.047824564994037, -12.86799555702464, 107.35601508206378, -27.808513492727364, 48.528482988476775, -5.701462392404693, -39.74796425321428, -27.621359214779336, -34.473808966005834, 153.26660291560017, 860.8895624814041, -110.25335706957098, 46.44543030569419, 93.03111604360595, -40.298589215842824, 94.86259391498984, -4.8904520308084996, 57.72920405175494, -21.16153762757067, -76.84498986842522, -40.68754150054848, -0.5904340444573571, -51.88510018617916, -25.67261834886865, 50.14666014434678, 49.899419929786326, -27.75301620359491, -100.4735328944952, 8.199857523848852, -30.419007457150624, -43.97893865469265, -26.891221742029273, -65.00393891922268, -111.53715243936544, 104.58320016855087, -73.27004269851805, 70.91251932123674, 20.257066501217903, -6.806792428554851, 259.29698730345865, -13.486161716046055, -23.58721905586991, 28.753466856311015, -39.06262635413435, -114.0678886898315, 70.69400091658287, -115.57594318066074, 157.78799676608213, 30.930671904238217, -27.707147309188862, -123.48804164109595, -23.142950552721917, -21.016996706969703, -94.7077405719848, 21.475436022120387, 109.27480497891972, -37.309294268266484, 25.917741572186053, -109.84444432918377, 106.45285091870745, -54.88524998569878, -17.637106900407442, -71.59977007211423, 10.551479636910527, -119.52531397744792, -5.013731608732288, -151.5071146707824, -62.65298731708919, -65.33653335901445, 53.86923324820429, -140.5425253660357, 32.915411906748346, 105.55920299093161, -12.293798374570681, 79.46698232607724, -45.1927367962507, -16.48601696176696, 62.2929341758581, -66.88795333064006, -62.70374966295413, -147.05273582335465, -3.5286570946866602, -5.1551915755710285, -12.740477150066157, -120.32859365218656, 175.0348342735854, -130.5443991082983, 43.236862315391676, 8.620517281475607, -22.133111443021182, -71.49210163289978, -20.823549670627823, 19.814176563377455], [50.185530459553085, 136.60422992506417, 111.80598973687212, 58.68794074073991, -159.87994218603666, 40.53154826060943, 123.12225487407885, 62.14197902154362, 79.29608089242029, -21.731788871917452, 47.152575659074536, -37.80090379216698, 52.79435121587782, -37.24434643987355, -5.422615489989633, 18.906608003518375, -77.21745312408281, -110.25335706957098, 923.8603035369933, 92.18297218954409, 9.58533656645243, 59.979803962409875, -55.28244225368132, -30.41471700762202, -19.370411808902798, 51.69929780860649, -76.82950219104468, 60.63045810946523, -130.50969610455553, -32.77444031244524, 1.4732596720707825, -42.350752772395126, 27.52767428703086, -147.19062292241517, -2.0592476744976707, 11.731562562720379, 28.174069857254008, -17.50383196834801, 58.28826520872899, 44.47785168149676, -80.85998341584828, 82.98461500055727, -27.775450083373567, 45.51720862949477, -132.8989939292161, 7.648744074337834, 9.791556631931968, -0.43257389607322694, -120.62750019939477, -103.11964794682584, -80.16498409606042, 121.32565579804978, -12.546295713434047, -130.47720569549162, -164.19541633449242, 14.298688533767297, -24.485133256235976, 37.19936841506966, -133.3122786375213, 130.7155289724863, -0.7787887124176938, 90.05784184497453, -68.94161645562015, 60.05444694287301, -56.7435602432809, 37.32177430698051, -124.305818884162, -12.010251766367498, 11.581547396344748, -3.8722246414484274, 93.2643315414328, 38.82136778067374, -46.77853794242959, 57.27002341931872, 81.17751239472425, -32.98951024527944, 5.6704659905485935, -93.74378762404906, -73.46497094407731, -30.94885620273236, 150.01332517891123, 25.352467091667446, 51.00835029704123, 94.03047641029134, 102.8889237268223, 57.22975305640278, -38.106937970000054, -69.82759741609925, -121.36685256778456, -80.89679114198664, 66.8565143704556, -17.655966320622415, -24.797206059858517, -6.193052175239097, 108.4286214255279, 204.1753776764808, 55.23762036546463, -41.15595957690862, -215.89148523102932, -63.79981274562571], [54.1584832138621, 33.80783874093871, -1.7042256674805851, -105.84379080802339, -114.46911591790946, -19.873062501958945, -22.311965970937145, 9.24941930392298, -21.00429081946236, -15.403716977084454, -51.422597728140325, 43.61470572604064, -6.65139420504227, -16.15599117796051, 3.9889613130123647, 24.806003853106883, 4.0721249817587, 46.44543030569419, 92.18297218954409, 688.103002171088, -30.445572441103888, 22.973036247393107, -128.0679169929734, 48.461814686122985, -70.28374195385874, 49.76752424590134, 45.061546473416925, -43.9691174168406, 26.01474591157783, 29.338332865302377, 79.50713155864987, 31.34166535504962, -29.149715261859203, 71.51703971414696, 20.912485599355517, 8.867494988616139, -124.23975366465885, 46.927745340023144, -155.81521341591684, 13.988518259699283, -49.0957058966807, 111.3568532242241, 31.75914298297462, -102.04547956418862, 29.897059674961817, -6.5199705840226345, -17.894784415342134, -123.18046717767074, -86.85942117575068, 90.56255936808144, -38.682883828718225, 94.57055880534072, -17.91347379768597, 97.90569163718816, 56.28837566798036, -14.327353821508424, 30.838459088205422, 107.21089493318995, 71.21806304392841, 95.24709058850112, 31.91296189614983, -4.631039135185467, -78.9435244816945, -59.08565511698331, 87.62573608723827, 100.04664563978329, 8.825724115175788, -4.75603636429844, 43.58550107617246, -4.705713037323355, 58.818731004591406, 103.6071933217346, -11.47582580647547, 55.043758090134496, -32.115966362592026, -13.61381560562626, -0.8953244319621873, -42.30515785855791, 33.449325866299105, 60.327262001887, 2.795516497139743, 12.217607147892233, 77.95697109479214, 34.74036931850407, 56.15228857302494, -7.473984587759122, 29.861892881882536, 13.947236573735136, 37.1484184067447, -40.39511025688164, 31.905458334838944, -133.93831373645432, 18.723686563637283, 9.763687955196561, -12.845981628949612, 33.482075259031845, -115.61579768252254, -30.743615410194714, -51.21123434602859, 18.975809371190742], [-50.58723668120306, -31.352794587306853, -20.152131880382942, -139.09401182352588, -35.74953290900814, 20.825318330845732, -62.70619464751084, 33.7387649262337, -3.8034703725876318, -81.54240258