{"N": 100, "M": 7, "A": [[[709.0099337242029, 129.4748754885015, 40.40671782811823, 17.230967591282287, -67.58257423061701, 129.80860982419404, 84.4411144079933, 22.749474441577327, 126.81969629566507, 10.60936358611774, 9.424447268896042, -22.385411961487563, -38.81807944418583, 48.51257280093268, 12.286200753097257, 46.36663729436999, -15.544206880838214, 42.93495292834695, -72.86051026409778, 20.634455745444974, -45.302342541214635, -199.36048194821544, 82.13467339097438, 47.647487171084286, 66.29179440298869, 27.553781756282028, -83.43783515579975, 22.999163961766182, 97.41377060239755, 34.6391764982478, -62.35506674110138, 26.527058622304196, -78.77677372773434, 19.586940810205682, 1.9064988812984456, 44.40793769154402, 14.879820808283906, 110.91585630601153, -136.85054450940407, -87.25716492090311, 40.76216426224637, -40.470670423719454, -59.24884812824471, 75.95076727586185, -87.43745981539453, 2.5677401718791546, 77.28712569956733, 53.27887907473021, 0.018047023693073677, -193.47113451745665, 29.567993482878958, -120.59632097795158, 47.14349086563808, -3.7629155910927023, -9.705661910797158, 9.617684133143806, 77.37079948438233, -15.495357300690934, 8.453957280846312, -183.18972896575994, -185.32693686645632, 71.30314262219368, -76.32276550327056, -135.10099747989224, 79.8047264137092, -156.70057681037326, 69.56443742393338, -12.627086819012264, 83.95013151808234, 12.029654923090515, -0.28315667408261186, 43.91271407518871, -9.536214034649273, 9.489930408232496, 21.14055213173482, 106.603240488194, -94.11286298859652, 78.01369376553033, -34.254619751701306, 87.9530392639461, 38.83896830531396, -21.136822550411456, 119.34716955214763, -114.12707817083108, 87.18522291307774, -115.81267561601027, -103.46205706339659, -75.9730498203804, 69.67549355800385, -28.21519610642759, -98.9749825054154, -87.04089193694203, 83.08424734044665, -26.80194539829701, 66.40541321975545, 111.31169817346792, 56.92317842439453, 18.937015792127752, -4.389485902619798, -24.09497621646084], [129.4748754885015, 789.4851364941372, 34.62989694432785, 32.316559570379525, 106.18064633878498, 67.0257924925741, 87.4066578957037, -41.511964497636775, 162.82591798679678, 74.66376714347452, -65.111528615857, 19.579561635293658, -27.226333306835095, -12.544428810470254, -101.61176475752359, 42.70931848735696, -13.424774437471212, 73.15193078584868, -52.7235279814288, 71.50098603869338, -91.91142013207372, 8.468760230665245, -101.72694329253976, 9.603692923457363, 92.05052011950988, -124.75393732530404, -65.45566523918232, -72.22305816187155, -112.79346920628022, -66.73531753393596, -11.159194007127835, -2.1276097058044496, 96.45658526811377, -66.8284667644925, -9.131567428754074, -23.264149748058866, 43.661076468368265, 101.81711927771066, -181.25417435477928, -110.74789526557305, -44.128652064148746, -35.91564584209607, -152.17037236880395, -115.16902591486743, 70.60506566716437, -122.17919433476378, -24.06108424209786, 0.6683550523689309, 83.65157347157766, 35.565830535660325, 8.50055427280753, -125.30426633230296, -47.18135288388612, 100.03102954239837, -107.08060992180064, 73.9466833027937, -88.23497087248778, 144.44695995951133, -9.294155491752399, -6.898108075538757, 142.97676884589836, 54.8803481956952, 67.96804057144541, 23.321782203142757, 17.78300054224208, -215.1132254452686, 31.03989692649086, -45.6477594011067, 12.201707327927314, -11.551345892787221, -12.268257829318877, 114.62884679749824, -125.92142990723228, 21.036209372210134, 113.21876226357448, 34.78245117286318, 23.67783874616443, -15.382599787141377, 122.5548942189878, 20.41622661702724, 9.997724240747045, -69.49150991248158, -52.891844386281434, -93.68613368667776, -44.07897720573572, 28.935193635553823, -61.84067800615788, -48.095877900287945, 51.92757363433401, -75.07718998029293, -62.30384304247579, -67.04670693787368, 5.884719808073734, 71.21129041319534, 140.65668927924528, -28.37026979596207, 90.03492155096735, -149.25911039034798, -19.103365279937847, -67.39198767548353], [40.40671782811823, 34.62989694432785, 756.195166915994, -129.92117886637357, -35.62704195482848, -35.70023508571822, -37.36178588292184, 11.970342881467964, 16.546774396355296, -27.5685172606885, -10.200115396416788, 74.30759244768724, -73.50235478859285, -4.767242230898838, 37.86144002669725, -71.05798810981558, 121.20293700194406, 83.21105910803651, -63.39972550636948, 74.7147615890451, 92.4655050520946, -6.275597268885509, -47.64742340079598, 28.15395772667445, -76.18735045632683, 42.96902940824602, -104.28261035794155, 7.624956456419273, 64.3095138946299, -52.08951169510678, -51.63103823308839, 3.5434699337342526, -134.94281895949695, 31.587151836691884, -45.34219497183945, 79.8520787784312, 15.867474623445037, -61.46672451865153, -81.2108322357551, 72.33554284532306, -135.92882419117495, 85.98608259253562, -17.727175884342387, -61.35330271015224, 26.672232862413153, -9.765238456393972, 7.455855742434584, 57.880314271335145, -69.61379184086256, 96.05495373149137, -79.2916750871788, -40.20149787104258, -164.29507718318305, 12.956277990030822, -101.18933297986607, 71.56151270643313, 10.571011317460133, -113.21780386405031, 18.050006995261526, 54.74351929397337, -27.23791424655194, -149.09286014328424, -58.599106348441325, -34.39367348889567, -25.606183210366556, -58.963692922581835, 41.9591419251944, 102.32154474675666, -118.82338322948819, 36.94133031646253, -143.0409656476497, -73.47860539670353, -16.086063886721874, 86.56661874248024, 51.76757495149807, -56.83066337972627, 5.714240935674053, 99.87728162107739, -33.53538681811246, 2.8825033174219623, -39.75823722830075, -22.628966094761296, -7.009211494173026, -114.0237727809834, -45.216971208884495, 47.34636279317007, 84.86855020725251, -25.753974170049414, 74.46336184750261, 48.46116429480341, 19.339108146434246, -33.231717005145995, -6.134953375443961, 12.252922737485079, -35.689066001139246, -76.88887709809867, -87.70161401042357, 41.66057088637538, 10.413272615507136, 28.61103693151589], [17.230967591282287, 32.316559570379525, -129.92117886637357, 638.0086887867659, -21.133532378179464, 151.17934205162544, 33.23350238476503, 76.14068471392454, -34.72287096620187, 120.2923923906554, -48.452016327352716, 110.34823525743442, 73.2827046422356, -68.97646491362292, -1.6708335541434818, 64.83506717455684, 42.04813569247891, -24.039241041370865, -107.79322796457632, 23.873844691802272, 15.59801532239817, -7.463415066401266, 4.162075569496734, 20.26629568104537, -1.6238634187969399, 41.28994880438323, -54.06204201655827, -10.288775329239284, 4.017812461616459, -57.07447182287698, 44.78387643653218, -20.68305672274441, -102.43589178027617, 125.56081572375678, 30.1644652029522, 50.84390102715404, -64.63377456746151, 59.52362400667714, 99.43517997589636, 1.4417803795502548, 13.742995719828649, -58.92571673280893, 8.57007090541371, 46.141228530150016, -102.01878234655986, 61.06899433003314, -45.317197111132565, 16.120301361833906, 21.791091824582185, -68.43409219783807, 81.51904000331012, 28.4585430573529, 47.85051551470867, 147.78362453777066, 74.5641046701284, 14.98909978245932, -88.06953338709103, 10.002381955298816, 7.673719405277349, -79.28066455695951, -96.4704304497117, -5.314779816277561, 65.2576673680621, -41.838052756584624, 29.8694429816503, -70.18435796613142, 52.36928493591363, 8.2463411842177, 70.31436029111661, 18.27753177847102, -31.692555803882254, 44.2137252446117, -12.914768039307171, -115.85026818815047, -36.25473259261034, 42.30822051567926, 42.15401497939746, -74.374073592593, -57.94142362228447, 84.65473157783283, -39.19244791844163, 93.48715245000271, 14.327640382110618, -5.557286387142055, 75.77292258975804, -40.3373427114942, -9.589482336854278, -38.276876811148824, -51.93489295421972, 48.046334862193085, 8.259220045348162, -31.877290885966485, -11.561414837506971, -25.121186209176624, -36.52421183925576, 53.496241487215634, -47.36511332634195, -81.01715043075019, -6.463291304118028, 10.949044027637157], [-67.58257423061701, 106.18064633878498, -35.62704195482848, -21.133532378179464, 890.9557164042402, 14.68099962482744, 53.70222817529424, 49.49637286875796, -56.97321635464189, 123.3901109260336, -25.757773997671478, -24.434151782066845, 17.457854242195758, -45.50987817136327, -136.5098770734273, -87.48663196266502, 9.320745189976044, 8.426302340956683, -58.05886840499882, -64.54915318928758, 3.9662799320696105, -142.00120827484085, -179.2219488508768, -9.459582988739035, 40.05088267885853, 45.62578616292263, -25.98590986094549, -42.51691906115733, -11.081972036563517, -5.326211280739419, 137.21125528944168, 8.164746868675884, 79.70078946925653, 58.24122574646514, 111.8657335311377, -126.96799235875667, 18.62115157217284, 83.18641190093972, 32.88576347293087, -73.19023196808155, -43.624582439766506, 8.295075601519239, -79.6227682026274, -38.74531443377856, -6.449262673530646, 72.97622573015606, 48.68376196393816, 185.81768240558756, 38.01447349522551, -14.87896092093627, 19.65213520458366, -57.44899012247212, -14.790398253570352, -106.0308584321179, -108.68779192109065, -49.72406219206519, -16.714359978713997, 10.20213813121706, -94.93687470659917, 86.99118133378782, 81.14797490634025, -6.91782580188287, -28.851505110428533, 27.606938824535966, -21.32266119476409, 60.9886502732128, -49.56451423989956, -107.67267423933797, -38.306133090247236, 76.40100214020799, 21.202218349349113, 39.65812282755383, -150.14325193726285, -30.167492808950886, -4.076906727034793, 68.29169222984574, 18.9144401998015, -73.77797909232096, 84.41727657003327, -77.90580693171921, 25.513639473207498, -157.8649857449703, -23.379545251651717, -153.80658551928875, 86.64444100657154, 198.19813004968663, 17.674697147811763, 0.41260801554408105, 157.7273692751176, -155.09844379452713, -68.74061549980567, 15.566948949247557, 32.95508482270771, -80.44591422800693, 121.45489259769548, 6.801053095717667, -21.967391101748238, -35.590915002037214, -67.85852102359101, -121.06194781658762], [129.80860982419404, 67.0257924925741, -35.70023508571822, 151.17934205162544, 14.68099962482744, 820.7223918922713, -31.783997449838292, 18.637130810773083, 35.8019534861318, 72.52677045964047, -7.040051777776693, 2.484076404870088, 27.451946015561614, -76.75514771315797, -105.15733529964311, 127.07923530914829, 68.05292531425171, -8.186737328070224, -115.93865648003857, 128.75916971669312, -12.422568249600817, -27.374784470117508, -76.65600267629465, -100.29758021570224, -74.72294697830735, -74.90235964928667, 44.47114919174241, -1.3755242840913657, -37.77718000861567, 12.31909851958734, 38.70813980999887, -25.75622445632578, -6.9134710620149535, 63.31960109432186, 104.14381595736863, 8.696780092914599, 126.53709649554514, 65.13595504461078, -54.91720860180008, 95.9691079070862, 95.88121153480637, -5.316213533853444, -78.43047922938007, -116.10083929101887, -84.82387836641199, -46.358736047541775, -9.815627582409471, 31.990613235920677, -34.94400462434448, 22.5165630794271, 60.10706859087181, -115.52470583163293, 134.58813335374904, 9.991699210058467, -12.311444863299771, -27.952609367187783, -18.104217003807598, 21.866601522083833, -6.908152283655762, 91.96674322565606, -42.51812236986874, -13.654523314147145, -32.8820192457244, 35.87548054194081, 31.17614362798017, 41.6738265485361, 37.93298232641576, 113.71746983909891, 108.24871931410549, 42.60192707074073, 53.93872555932539, -20.83436989192817, -131.68892753324917, 16.63410347763778, 14.647331989652699, -150.94351267439717, 171.3777635322794, -8.250604270848957, 10.262621689176793, 40.46650032071637, 45.33264141719755, -64.81277021193323, 2.0175018296703064, 2.2449893964693906, 62.731045772758705, -20.01545740356294, -0.9275766800037516, -6.436206770723476, 37.57102819567127, 104.39740948196818, -59.0695438606988, -67.65141358526897, 132.02018676754963, 66.22061929773366, 43.63106403851053, 69.15311409686075, 101.7341974430538, 62.53565322249574, 62.3979613722949, 35.67404880672288], [84.4411144079933, 87.4066578957037, -37.36178588292184, 33.23350238476503, 53.70222817529424, -31.783997449838292, 720.1043100814854, 35.36026785387379, 78.79314182318002, -56.19947635301833, -5.5841250765545745, -37.968477602862094, -10.544652841116141, -104.69008852169404, -21.485173013695654, 3.3715058222648926, 7.653307000540925, -96.7482468379318, -19.11888374417488, 13.909222066789365, -108.73975779291465, -6.20559031410691, -116.70977742721905, 34.61749186019561, 15.39365983929646, 181.15552596832418, 3.8176311361408914, 28.929482814255685, 25.718694075168735, 119.16232163101597, -73.23367351284503, 15.15031657726669, 58.82925625469616, 11.088854656712353, -47.20595939681807, 91.74102730152035, -117.44358874435869, -131.26768049815865, -77.56840650892168, -168.9244550462315, -65.90370563184288, 84.9394944307446, -40.06785038399649, -55.910965424868145, 26.315448507688377, -43.28595509707417, 90.19486912360075, 16.35601223056345, 29.303596747358437, 29.79807177299187, 27.654887499283607, -54.58789609738163, -12.178372664748755, 32.00859940837449, -5.797697624349675, 0.8438321926337436, 79.65521666684826, -2.483376568907778, -24.96418004296277, -59.71720923546322, -21.61658820389818, 51.03706693353072, -43.02842127956394, -50.4288575260647, -26.63206567383783, 140.13105774942798, 36.81922623167831, -11.169585474760979, -34.384532114522536, -45.99155453779416, -77.38050786752974, 65.5070859288575, -125.60063058186448, 45.67313289439275, 48.65770604583171, 38.548746861007196, -90.96854053508812, -24.68673965349539, 4.198142382429803, -78.9024579917412, -74.78649758532725, 98.9021546629738, 29.51568743579581, -21.913648838923788, -140.85193191811436, 28.802014730589352, -99.89454265328298, -62.4783701001455, 9.679586311231509, -97.6273684201617, -101.60850436370121, 29.349154679477103, 26.241982708443512, -76.27684409931751, 94.65336055416489, -35.92371208856935, 52.56432882421692, 61.151714684808816, -77.93985088889188, -31.11586049970489], [22.749474441577327, -41.511964497636775, 11.970342881467964, 76.14068471392454, 49.49637286875796, 18.637130810773083, 35.36026785387379, 780.445698855045, -44.44924955447385, 39.35510598194406, -5.652552071540448, 75.0126419398546, -167.98215702093634, -71.4711478203823, -32.940754607848994, -102.02531067240848, 103.64021825660265, 65.6790289729293, 182.2461183103193, 110.29062722484116, 66.1892616020615, -23.76800681068718, -42.50612132288511, 1.845017993767571, -75.80601123246127, 43.64873119855072, -68.09228038083738, -10.355170574849733, -58.32388680870254, 27.366368368236582, -109.31347005366703, -104.98775026040775, 24.764666839611465, -61.269639090990246, 32.507292883550534, 8.143790835656405, -114.51478165511483, -109.02256729660805, 141.00802881058158, -97.3455502271629, 51.09449910085377, 29.325916623060547, 78.88876794664861, -135.85231715180163, -25.58252363040229, 103.47894152903837, 49.189100756014916, 65.46315866660632, -110.96993958359877, -22.423387272394173, 92.41040473383896, -34.52827387339693, -25.506133729649818, -48.78103729806354, 20.767620627106304, -84.2370137900288, -90.8668224695565, -15.76796870836144, -38.82078840495316, -112.16816062351339, -95.05669924697338, 72.12580174310996, 30.747710229630787, -11.43585999449988, -148.0681142230104, 96.98731028422989, 74.5917133333567, -62.815785028099874, 58.657454538401, 54.80298169415166, 37.749272682495004, -39.069842610894355, -44.64459262689519, -9.525739728382908, -63.425680787263424, 153.6194678334398, 22.576674246133933, -34.783519153946386, 42.89584123033632, 1.4151675087337026, 56.21838069799619, 18.685257478841482, 82.87887353338661, 47.686375340797284, 90.10827857461865, -124.24408644680722, 16.900311036734546, 52.36559785799303, 37.04919418664035, -92.72235303143567, -53.792327356386004, 72.93165524312197, 1.9532186903344533, 52.46132924160981, 162.49106260141156, -127.48990877915607, 21.05383122045263, 12.511630508324638, 87.66495343379673, 0.1568186910075133], [126.81969629566507, 162.82591798679678, 16.546774396355296, -34.72287096620187, -56.97321635464189, 35.8019534861318, 78.79314182318002, -44.44924955447385, 719.7147841723744, -45.93199959602021, -10.941860878574625, 6.290285992398893, 102.40101232859094, 25.088519135824846, 20.809116960932773, -30.85580942727287, 12.896763552391704, 125.53605772999676, -74.92536322870608, -21.684030175577853, -33.04590472834181, 19.477205300288468, 35.13903969052438, 96.42043781248395, -2.287879684507514, -16.505017382197156, 71.58414776876577, -42.52840448915777, -80.8912922897081, -16.259314460827124, -107.83069094416844, -108.11343292570398, -12.863387937981981, -9.433153897379318, -71.83854338665891, 53.93382061922274, 24.888905596529202, 26.56947746752418, -98.17381390639973, -107.64061788289145, -82.1555389614922, 1.9404264421868789, 33.89234694075917, 41.81928774167285, -10.126951748749315, -115.0454269634971, 90.63399861759798, -66.22876446782531, 56.813181214439204, 42.61091614777169, 53.80484297974863, -56.89328404570621, 14.928612468188636, -15.557112759515494, -83.65368096571241, -23.569175420518093, 13.732344183045214, 60.60305258744039, 49.56525754437787, -78.89131766670364, -12.771685635690455, 20.932019338943775, 160.30488311824163, 12.751348701071455, 69.27085758255251, 16.34039581947262, 77.65688098742845, -15.520861243979844, 47.47591602148626, 56.61969678772768, 11.829744068576572, 47.04778668606796, -131.0689717768311, 27.509335602745633, 56.03939062153851, 90.29543670355417, 64.31492996348358, -92.7920173331041, 146.52073067321652, 1.9821767195369444, -47.81228585412988, -54.59512835493857, 91.19935188717909, -32.686554703634826, -9.318643027497398, 35.75968293583988, -64.22859079723935, -65.35843841198138, 62.05135713895572, 154.58092887490108, -273.5726028586196, 4.557768805470868, -17.50525837474835, 110.7051481823636, -13.588405778464594, 35.32013763166214, -67.07025928409628, -127.17951611824456, 68.025465488507, -90.16836191269267], [10.60936358611774, 74.66376714347452, -27.5685172606885, 120.2923923906554, 123.3901109260336, 72.52677045964047, -56.19947635301833, 39.35510598194406, -45.93199959602021, 673.819421723654, -40.90867159933914, -66.36012850499378, 9.987882774046502, -22.723404084566113, 69.1077759498776, -38.31373760698846, 14.652890781945336, 65.32469510343729, -5.071980296218688, 21.831451283075452, -42.27789798437131, 41.59017038845047, -54.70254194716642, -50.66622285686777, -44.23086213280721, 47.69309670314772, -60.79106175523191, -79.04945213800059, -119.74247797668059, -31.10482546594809, -46.086514457630834, 69.88239884625517, -24.809837673831428, 0.7489207828413826, -7.9503510110475615, -60.846642032172234, 53.92591529270301, 21.11455231663371, 216.89963729096937, -130.439646648537, -17.05493243333289, -23.46071395643321, -82.67362003036688, -69.60576212475438, -153.61608233001346, 86.31042352139471, -77.18544776047852, 5.4183987433809255, 53.33204340568802, -210.55957139630664, 34.638937465399806, 20.509899893254463, -24.8351327121848, 59.80546108953095, 8.556820422184234, 102.65253520584562, -35.397900568508774, 5.992391743900854, 3.7502805808525634, 11.467124388388118, -2.4104279971563924, 20.25644398311764, -50.85580914826482, -142.16045138929783, -66.45897354096434, -28.33086605148869, -174.74536788446432, -117.26227638295559, 111.14624312822754, -42.63689481490573, -0.15886716899132367, -47.32036883186914, -147.8623382439293, -71.94145751604479, 0.9882804596422813, 43.35879296657977, 123.30937425068929, -59.51883541291647, 35.48901139252886, 50.80988964520315, 70.3292553883204, 66.45061697824497, 70.35977891674827, 24.810630543859205, 64.59799323526417, -8.557812601448298, 24.45936748555867, -16.38982806497592, 62.588163688888955, -111.42878222033626, -68.82759994915163, -80.65704892182417, 28.465761456044792, -50.70842344123018, 65.3692812808607, 29.18341649694337, -158.92071967633223, 29.05066148577375, 99.65200208294071, -13.818271435282659], [9.424447268896042, -65.111528615857, -10.200115396416788, -48.452016327352716, -25.757773997671478, -7.040051777776693, -5.5841250765545745, -5.652552071540448, -10.941860878574625, -40.90867159933914, 718.6437721643958, -6.2165132051612195, 12.023775796220514, -90.01464053533617, -95.99705535543484, -10.25238386836354, -110.9387641859757, -16.736640665726576, -26.21638175300427, -21.69524143295798, -68.2438625294595, 81.13446658540464, -65.24415111513787, -96.97861371642944, -9.512441757197786, -17.323446958150342, -114.27611626102956, -121.76322816235195, 25.795481486821352, -126.30913377328065, -67.39668361162349, 1.0008966933355736, -53.87381318498909, 53.981233137164914, 124.47546151737716, -1.7275350853903733, -28.290603879983628, -18.101393503818755, -78.61568922856937, -54.25019857342403, 52.07615203285187, -72.7951974152104, 95.178449829713, 6.966351003349647, -114.91802125310807, -17.418949468828917, 12.929896849265193, 44.54127766645775, 34.773224899473874, -102.69024993876269, -27.500228530215374, -91.15552627928959, -26.963138196941426, 44.8538045899737, -111.19023963404797, 53.69566719368688, 4.157940920740231, 84.39422390346043, -56.51062040006151, -35.56904948046594, 34.06245692297471, -6.057255039342784, -62.309887650976854, 23.762134163638663, -120.36926294079959, -77.32625567263503, 16.62974439589755, -1.562652714050744, -28.762944195954883, 10.330039738655046, 56.8582840268956, 21.35295963840757, -20.068907781682483, 39.75381021729377, -118.04684626107918, 8.088276609437457, -164.53986919349282, 0.0661382132580771, 35.6272877967905, -23.530955356585395, -8.669162494085132, -39.89905712671387, 114.31623720580454, -19.25765446875322, 28.519402659190057, 11.610047635536228, -62.919031327612444, -139.694890103024, 107.15312212743609, -0.39445004418251656, 94.53705734619808, -14.828334083327249, -21.55650208370598, -48.20850789623545, -51.47154919515414, -2.38228422880824, -36.565734154723074, 43.02226555337928, -88.5918044519711, 26.37009953660492], [-22.385411961487563, 19.579561635293658, 74.30759244768724, 110.34823525743442, -24.434151782066845, 2.484076404870088, -37.968477602862094, 75.0126419398546, 6.290285992398893, -66.36012850499378, -6.2165132051612195, 698.8698687547018, 86.50321921468955, 212.20760512724408, -31.024125546172158, 63.691168156557296, 122.26699172480477, 30.327205205391486, 103.797544163075, 9.861752105342347, -3.6848072175402447, -33.48021878577025, -9.898519773558597, 85.22954614569643, 78.59695821528662, 15.70798883732909, -34.822082024285535, 159.3189032968891, -53.958583403407474, 39.99583642965665, 13.204511861472923, 70.94198491376383, -139.79357138497258, 132.74220008347126, 15.144745933543486, 36.55673439026145, -85.928881948475, 57.747096410435255, -37.56031785825982, -0.5182403227708229, -7.753444965734014, -50.89622396286841, -23.547596955874326, 26.430760171906954, 42.4838944021251, -10.965317650778797, 97.62789034229239, 45.47548072526531, 23.938312130650502, 62.78606923807928, 10.834542083183226, 9.216266349781618, 54.331681794562705, 51.72184560023535, -48.75651423996689, -54.28408797914563, -68.17314439085644, -104.23663952646794, 13.694607135696943, 88.6344381455811, 15.858443171792977, 28.286788582466016, 25.13325283477512, 27.92313013371534, 23.57814567060378, -46.34724179332439, -0.9985131111572574, -34.98330977833613, -19.855188920605347, -3.483317360298526, -64.99597925234478, 55.4817900557932, 38.372127680593074, -71.02186937313027, 9.155277017683748, 106.77644276003912, -55.75147084659627, 89.82519092339244, -11.167023285253048, 145.07531575383328, 43.12456370078809, -9.684124466852204, 44.037388006956924, 8.276342147875553, 91.30289122433778, -67.63755366516638, -40.83211953701751, 112.295344176893, -56.28985845320144, 17.201472685584765, -59.835155939819785, -13.731298790680215, 30.678225067419294, 72.22075069856349, 1.6832818594178591, 162.78103335410333, -139.09872518897194, -13.530629308269269, -25.698064459560822, -141.26813674882317], [-38.81807944418583, -27.226333306835095, -73.50235478859285, 73.2827046422356, 17.457854242195758, 27.451946015561614, -10.544652841116141, -167.98215702093634, 102.40101232859094, 9.987882774046502, 12.023775796220514, 86.50321921468955, 680.7701429710656, 43.74418448539361, 44.96419665010146, 51.358339952463766, -21.812169190934366, -130.02336714167168, -58.84278150629991, -42.967271288068076, -8.987294884273032, -42.98686316547764, 12.993707953554422, 41.875279126498505, -37.81385307093865, -46.53709267440236, 79.6679811679697, -80.35296027671949, 3.4217864488376364, -23.391784115775803, -20.927482632182283, -4.740837076071533, 32.70054004195564, 49.786934256462395, 57.57088170957, 22.308065675475365, -34.94997976631044, -9.841926485578528, 71.20624852603278, 31.259966384026114, 2.2073656821748084, 52.54707159827294, 77.83440585420908, -5.126239691289567, -89.25941874043698, 59.139750397846775, -18.706393155185303, 129.87586621437032, 56.40362992495762, 46.08840645327709, 19.75953770799323, -29.908946823124197, 11.096025332473147, -34.32901785214888, -37.32230854343298, -70.46400022952612, 45.05654663415685, 79.61432449492436, 102.88129942204283, 49.68039131650943, -79.35958020960847, -3.658115074937249, 76.13034603667714, -153.02941884461475, 5.552935136927893, 60.982044347894885, -34.28540574303554, -1.1685881490329364, -62.421353816710685, -31.537095789208582, 71.19957584449193, 28.65893826457823, -13.914053972597982, -145.12168585158386, -25.138071127725496, -88.08211259629218, 21.155875808926663, 11.754449251218082, -48.60894265887413, -57.8597066866519, 37.2903071952167, -99.35595922446244, 96.18327364187269, -75.5854486333592, -1.6400699819605042, -85.85849593704053, 44.86129494252109, 51.661914930520325, 6.755510477833368, -20.650139366860778, 26.307028589110914, -9.06141525456553, -108.87014604945942, -1.574081695338538, -10.521400028305132, 7.120997102238498, -19.216294526257677, -5.865112402667614, -38.986612765890314, -63.6770496590877], [48.51257280093268, -12.544428810470254, -4.767242230898838, -68.97646491362292, -45.50987817136327, -76.75514771315797, -104.69008852169404, -71.4711478203823, 25.088519135824846, -22.723404084566113, -90.01464053533617, 212.20760512724408, 43.74418448539361, 728.5961974699021, 206.16496439455116, -3.5741632757378845, 80.99786210502816, 26.732154300038957, 1.7236267189419066, -3.4031170233559065, -73.5781606606381, -63.82064398930677, 65.54927668896973, -26.91270525284865, -0.5482632254040871, -22.17963071935696, 37.753650900998224, 48.35407027353227, -61.933695059555845, 26.904970274183057, -35.46647612354443, -8.853915113529986, -1.035798508778871, 68.67445508986303, -45.92105322426181, -51.77883934502367, 131.0313003055705, -6.708675103857581, -86.10520063975243, 42.86089856955212, -4.961624774828559, -31.588731346298406, -19.3025869296055, 142.92102445847894, 54.625997107195275, -57.59711626520967, -46.15475015123384, -20.360704559108147, 126.29783720512646, -5.432920818329998, -35.55273615468254, 36.78369602264086, -28.73215025178671, -12.072711616304677, 67.21246727201746, 2.1742720818975525, -3.1559595194134316, -76.76068687237407, -49.487599912785434, 56.95921323085357, -22.4567413329156, 55.46507515761651, 51.023612140070085, 71.07311715216206, 107.89729978197778, -20.699050008847067, 32.34744012353114, 5.745734453680399, 98.4786899979884, -81.40362781485354, 28.94113287200623, 67.74290006148351, -28.817251122864754, -52.82178312743716, 9.23575289708308, 33.27166992991902, 52.7915009924002, -92.73176499715629, -16.958954308391473, 127.88515807089811, -25.637512251687333, -49.11765629953495, -91.8493147048199, 57.40898151561568, 71.49545648369293, -22.684092588151415, 69.50516136813032, 44.19244136134812, 21.144615658867536, -38.29605023223087, -79.3841554699408, 30.79167876159689, -75.79938949508853, 118.60711606201002, -126.88657699237291, 67.21706535223606, 3.013715785050978, -18.75028888895777, 23.404367314056024, -147.43366647850465], [12.286200753097257, -101.61176475752359, 37.86144002669725, -1.6708335541434818, -136.5098770734273, -105.15733529964311, -21.485173013695654, -32.940754607848994, 20.809116960932773, 69.1077759498776, -95.99705535543484, -31.024125546172158, 44.96419665010146, 206.16496439455116, 797.931498453023, -88.41717043399655, -36.166310913124796, 60.29596353139919, 41.91319214933161, -76.96378016270756, -58.18062762407854, 27.206710396751717, -28.25999368683883, -175.59199696769255, 24.52431723350065, 31.1104070046844, 124.78115231048524, 56.21876866504385, -85.09640337043083, -12.841219170530563, -58.57664167946931, 130.95517165465495, -85.56708116841092, 14.255131836317021, -153.29537933056028, 48.229518861598805, 12.002560651874449, -57.44129069677248, 24.559891710821514, 13.730563675344351, 58.63754188434899, -82.76999135075239, -58.1597403189038, 27.637771646479433, 76.4306103230353, 26.86600107032482, -51.27962500696601, -67.03066245469545, -60.676354088696726, -72.45357609332336, -71.84549322947186, 84.29480140878516, 40.503029349960975, -16.427044093411777, 60.61196867577519, -105.33827392102761, 5.975029330190562, 9.114638666921554, -10.733059773929055, -3.152552986395882, -109.86338157857121, -51.06711390537477, 63.60338988766293, -12.224775041879617, 19.55687862319364, 36.07175470138961, -75.99843775541852, 36.38178169129217, 21.485864299016452, -64.6637798543038, -41.689428981363555, 49.776173237883214, -91.84674997875435, -104.78544931930594, 79.77633148382569, 120.57559107900006, 104.78083178820854, -93.20805868792439, -127.19783297791696, 115.13919306900223, 42.953615407828735, 139.7052495250353, 33.26148394158997, 52.29033905238383, -19.53495468103877, 36.8956215785589, -52.84553907384578, 1.7633296003566212, -44.5118943364159, 42.72257898462932, -69.77561112324094, -17.274252308657722, -178.80148448224145, 54.99197222459038, -5.21054967441506, 24.99250020270115, 2.9336413446450944, 60.317535712554914, -71.2239713851397, 68.83556299229646], [46.36663729436999, 42.70931848735696, -71.05798810981558, 64.83506717455684, -87.48663196266502, 127.07923530914829, 3.3715058222648926, -102.02531067240848, -30.85580942727287, -38.31373760698846, -10.25238386836354, 63.691168156557296, 51.358339952463766, -3.5741632757378845, -88.41717043399655, 774.6509185761471, -33.14287648175408, -20.57130830362703, 3.6336233990822193, -26.131483542765352, 37.606439964915936, -143.1474228556831, 35.20441548129693, -75.57672982596357, 64.94721582518531, 9.238260451842772, 14.474625824997768, -18.687683723015883, 49.68077521959627, -32.14443740481069, -17.481272733180685, -7.6615082640017915, -41.41696700225067, 9.230173938814898, 64.13593653396264, 112.18815928754812, 62.63256590449451, 92.4780222792991, 9.865755865214851, 9.080748267896192, 73.60173425194913, 24.68217160711083, 44.148430589164725, -13.366515568525607, 94.40894485452733, 1.4859905333864043, -105.56129469993103, -64.98957800946964, 25.379372232142185, -156.77415179735777, 150.27383949225595, 42.626634544188335, -56.500919709416834, 70.10252836800117, 39.78332317792501, 43.7883985033883, 99.44674611960312, 15.995960835292053, 71.43670289531518, 84.8397772798472, 95.57458433000244, -14.873127545010993, -97.13790649448357, -19.619553704203913, -48.720712710441376, 87.86117951130962, -6.16994229435132, 15.465408725124634, -10.566986227020557, -62.42139538034453, -93.03314197739712, 11.31623181393596, -10.54860144198866, -18.38508485716509, -84.06891471339392, 13.229967885539018, 27.790421084663716, 157.1688641925283, -29.449260243663932, 19.640992404905145, 4.138671222230515, -9.393597585837643, 44.049457612414926, 52.91779043718492, -9.478941110421422, -78.50580475691996, 69.33557789673519, 19.401411703628998, 82.96811724917156, 37.769690353784306, 42.98151897618765, -42.26198919404866, 87.79289535584039, 79.30037929942308, 25.400428472239284, 56.531490165513894, 65.4690808845782, 92.20772581632748, -108.45994437786571, -35.73200820317807], [-15.544206880838214, -13.424774437471212, 121.20293700194406, 42.04813569247891, 9.320745189976044, 68.05292531425171, 7.653307000540925, 103.64021825660265, 12.896763552391704, 14.652890781945336, -110.9387641859757, 122.26699172480477, -21.812169190934366, 80.99786210502816, -36.166310913124796, -33.14287648175408, 706.7106140788427, 24.64524061334365, -18.34648072474211, 12.866808443651289, -94.54967973518183, -15.529578216647554, -17.51281693452771, -75.78115282006983, 31.42899069724005, -54.36425033427719, -14.453566747332342, -22.39264401554701, 3.410982942933135, 9.989277380571775, 19.710249495948137, 81.55905300914702, -81.26273094259801, -32.508547928223905, 51.26468866909959, 96.7695647897866, 5.793325652095431, -140.78839770922696, 11.627285375744963, 11.211938561883018, -35.4273621280208, 19.09611643870486, 18.428130185801646, -155.2109704975506, -42.921537424903065, 7.804817386899397, 133.94512604674182, -122.47465527554871, 149.13824650769288, 112.61944788660072, -52.79388126003893, -62.83750050553096, -19.826249571160737, -100.78265886684589, -23.478680133532567, 33.3944530379155, 128.80447498256564, -134.29796840995598, -30.04963863256716, 60.226174685546255, 22.11884346229176, 93.93963861399251, 20.626066632679247, 0.9205562295140176, -155.51947142448947, 130.58528192112595, -43.5949498359716, 21.712681680335397, -24.293568703605033, 75.5281878407913, -68.14766241771956, -28.78722436702544, -32.24907075566715, 22.19019505890319, 21.335358822115598, -19.24880384449898, -38.25843416348778, -57.25982349593278, -51.02849464316833, 74.31785848276544, -10.880335042003491, -91.67844256641612, -105.59355915155983, 36.4119044747193, -50.38723958963106, -93.63946776721268, -1.6257209078228745, -4.590011760411126, 71.06218280775124, -14.420494407967038, -57.788193606891966, -77.56849169022269, 23.949489862855632, 53.32682348275402, -88.86611813544872, 111.37374097110312, 119.45777647868456, -115.91488416496897, 133.78521804682407, 33.169899301957756], [42.93495292834695, 73.15193078584868, 83.21105910803651, -24.039241041370865, 8.426302340956683, -8.186737328070224, -96.7482468379318, 65.6790289729293, 125.53605772999676, 65.32469510343729, -16.736640665726576, 30.327205205391486, -130.02336714167168, 26.732154300038957, 60.29596353139919, -20.57130830362703, 24.64524061334365, 801.6485452198256, 24.890657709184737, -12.302245283590263, 29.875881988241964, -14.642633928205516, -12.755350869253972, -100.90794822598957, -48.74583736336338, 16.185705220759107, 36.31710089289544, 12.377677853891633, 24.608194074176225, 17.94592314921798, 8.892716732538648, 57.358111880512986, 13.21274112136931, 66.87956501286358, -5.773284885921024, -79.68909654353801, 51.20950071484523, -49.97465221483133, -57.909282845696204, 24.608296326518197, -11.973373880078226, -28.12958850631022, 108.32689822409637, -30.336146564948656, 32.18191790098054, -63.33963762854547, -14.178075072985378, 20.734613040137592, 106.50822853576567, 27.502954262107476, 11.738669140247444, 89.00490692909614, -202.5836463886595, 6.748348373294583, -95.863052410735, 131.0689646608541, -3.2365147795779254, 78.85753714527617, 20.682470337262135, -17.330713655751385, 13.03957086907059, 2.4804301474387893, -0.4938332095041799, 4.906286937292025, -57.248993405659235, -10.651146121554062, 149.25914801380165, 8.57264823156652, -2.1332197661701207, 4.648870497401543, -1.4759012316256952, -63.428291935738855, -29.793054970348006, 115.94470643407399, 11.473047074651301, 91.90004318230844, 57.317307107226505, 33.294920711477246, -9.952031134832868, 64.18165483617267, -112.30886548037458, 81.57695947702787, 33.67431210117544, -24.040564442335786, -98.57630125801502, 29.26877955649328, -88.03064670046037, -14.353084593429363, 47.89808093782964, 6.337643785633349, -35.31862758736051, 28.572105276333872, 53.54782344592325, -48.21115958351529, 141.40227784681807, 101.68273185764733, 33.79467097243686, 8.50432010361443, 84.35541793973015, 15.202579601436863], [-72.86051026409778, -52.7235279814288, -63.39972550636948, -107.79322796457632, -58.05886840499882, -115.93865648003857, -19.11888374417488, 182.2461183103193, -74.92536322870608, -5.071980296218688, -26.21638175300427, 103.797544163075, -58.84278150629991, 1.7236267189419066, 41.91319214933161, 3.6336233990822193, -18.34648072474211, 24.890657709184737, 758.7096390524824, -110.924896247207, 7.520196445215093, 86.03153459069969, -20.163071417839696, -9.99905366752078, 7.164915542270033, -4.292160754702273, 37.24449572271743, -54.50109659667931, -18.724305375243585, 69.8302787457994, -48.65715840309806, 60.954548874794, 20.447351701900583, -41.403453605872684, -53.71272483613292, -92.34521622640806, -127.00312345668326, -10.226249193403131, -63.60780552283585, -156.0308049349928, 13.11663661120215, -16.78905659922884, -29.899266852918352, -107.45686223433715, -8.198689047594783, 17.717949789561263, 18.12365686451203, -6.097009360963957, 5.4031810770079325, 41.30287649173699, -107.25625101831315, 54.52177894510291, -28.507685723387745, 12.008431357320523, 56.49938513286878, -56.11972821037773, 56.44699633442855, 14.785243427206595, -65.65226519851595, 16.905004035772915, 38.08788583115285, 16.657171180949057, -36.80115181085377, -17.93249348440994, -39.71270010304648, 217.67154154870343, 67.2249509278718, -55.620874984359446, 81.90479329510028, -20.05746884152686, -27.38165101256224, -20.52312167203553, 43.2640908677711, -9.093870978361101, -55.811784875726175, -1.2118813155961452, -38.34647000685766, 154.1562549333125, 30.397291692970196, 96.6394423827308, 100.77894379260064, -2.1013848589812336, 32.9803967402205, 123.32537242617894, -27.208784640363273, -106.964388977509, 31.13651565959738, 57.037623995848065, -181.85644757939352, -72.71739944383216, -0.42366706052113384, -14.396614227626374, 89.30814188702395, 80.43403370229206, 80.0662625777509, 52.12417913897885, 50.80336343057528, -18.44743892452723, -63.54189776197259, -24.670245270726223], [20.634455745444974, 71.50098603869338, 74.7147615890451, 23.873844691802272, -64.54915318928758, 128.75916971669312, 13.909222066789365, 110.29062722484116, -21.684030175577853, 21.831451283075452, -21.69524143295798, 9.861752105342347, -42.967271288068076, -3.4031170233559065, -76.96378016270756, -26.131483542765352, 12.866808443651289, -12.302245283590263, -110.924896247207, 644.7111693441321, -92.46092069483365, -42.118759581946414, -20.074165039081045, 88.50658730646573, -63.9302673208973, -30.46991913472186, 12.528348205775458, -53.34869034029016, 17.00340788737343, 56.19028685516119, -22.390550435271734, -10.35194843408343, 0.7385220967794373, 30.771937980112874, -30.531491951899028, 9.133990473670277, 57.79729118180954, 52.211932183210926, 9.722644491873686, 112.98373391538718, 55.07940915939003, -87.79891053575663, 26.4734005449291, -26.48203700734798, 10.677306132924032, 18.842823021675564, 59.906681381961526, -66.82286780674656, 56.38370241457177, 41.467727852151, 69.84696670166731, -96.17615217089772, 33.71830526243589, 10.531373604186362, -14.784634157343007, -88.38751381824942, -6.164069101364902, 104.82589600083408, 15.229452972500313, -3.122171574554827, 16.07128832829522, -31.182216898676387, 32.878794960471566, 18.39963852940926, 34.96726933817904, -33.95343179189368, 104.56028483709557, -12.312827885036835, 119.01875485304306, -25.011577210460835, 24.769741574192178, 22.918662957946722, 107.17596196477535, 75.48682615707973, 76.97447273103975, -44.032783288011814, -2.0738908826337226, -52.01122571281057, -44.68093097950109, -113.47767684144537, 127.45875291331305, 45.649675565930714, 158.47915706838614, 77.07696915307501, -14.972409013772237, -26.999336464350655, 43.843311273001085, 8.473791229877486, 40.18020894158363, -109.85707775217003, 120.72766776761594, -2.3886909703379415, -2.0484058732775443, 119.3028289926972, 42.47513547650591, -102.07254586919042, -29.85545709991665, 47.136253088864144, 56.9974961554116, 33.15186351902982], [-45.302342541214635, -91.91142013207372, 92.4655050520946, 15.59801532239817, 3.9662799320696105, -12.422568249600817, -108.73975779291465, 66.1892616020615, -33.04590472834181, -42.27789798437131, -68.2438625294595, -3.6848072175402447, -8.987294884273032, -73.5781606606381, -58.18062762407854, 37.60643996