{"N": 100, "M": 8, "A": [[[853.135934154801, 142.71936802385426, 122.49316225220528, -52.395329474152895, -37.74858162432641, 29.631961480351833, -29.208328101708904, 5.357319996288945, 60.80608185342654, -52.14229030436778, 72.45022026422411, -196.53616215288727, -46.99866871561634, -6.845015631388997, 16.705489455145337, 143.54914938426603, -32.509409413002494, 11.76469245370324, -58.90623471002291, 105.66062253783404, -154.89310810877652, -27.758947633895122, -97.40208740547925, 7.1048693594433034, 149.63920965567016, 118.0484851603406, 38.81815289875619, 18.791738427296806, -22.461139964144202, -21.60608305290506, -49.37884980388429, 19.54958404925107, -40.53140845384594, 121.63837924352421, 101.38008235440702, -35.98519182109139, 47.26833360296853, -106.57574302859827, -19.029063487880663, 45.64685718367818, 112.10279663326457, 16.751687775061164, 25.510066324810605, 108.81105291845299, -76.94836517727983, 152.93089051787675, -21.300550369655006, 13.22633785727815, 45.25523192331992, 26.101384629240382, 34.496218852057346, 26.280955770221354, -6.616435686863091, -46.66023320289739, 33.23919874671493, 54.87813228905429, 49.428744512895015, -9.324987330626403, 13.341801770837286, -112.03559712409722, 7.576069949933174, -125.91102720374369, 71.44121612360712, -15.996099044934903, 14.177629475819067, 114.02792912382341, 108.90448928863083, -25.585844247045294, -13.093955831720473, -112.82595350705165, -18.32461454410968, 37.62732954199357, 62.34508081248807, -32.29083474630338, 12.297274649854273, -28.342619071187514, 1.3601140278604338, -20.395322450315405, 7.129251626209305, 61.94144805412905, 81.34951324315843, -10.581522120215947, 17.523361438165413, 7.770047239908237, 5.990982636423791, 8.930236258614686, -177.23477917404676, -10.215366286719206, 57.69342007471954, -144.79883364566723, 8.711580249747275, -20.303579660351534, -101.07116131643416, 7.888686524558615, -22.548513204529463, 13.440013006714745, -68.87810009825519, -105.35800593701072, 38.74697799108067, -21.19900496680471], [142.71936802385426, 766.160442167855, -154.11364102736627, -5.450064861252436, 12.368534098967297, 77.27219712035637, 67.98918863584397, 36.168263938588844, 54.851635511982764, -5.12971103730223, -44.5011610206884, -113.78452526292938, 70.1658217872546, -69.48615357838716, 126.9772386957087, -82.15309937182573, -61.35609901622712, -89.48594380261969, -28.028963044363838, 50.3486957504519, -30.94399078782993, 79.71833114145011, -67.83182198554731, -5.44614866040686, 25.304765421312293, -79.60688305742366, 72.34312760153921, 123.01107671128416, 2.9188955054032975, -127.50000976234553, -30.060780812666575, 51.83489284030854, -25.140967148282698, 78.84269490931092, 126.11233159333307, -18.542147307377338, -28.12107479278796, 59.870925120260964, 8.356491008739239, 116.44383097171755, 11.325228986272814, -108.27016899984352, -98.86675661864243, -0.9086389062230278, -76.45380527632341, -129.81089959845573, 112.50421913984928, 71.65265957982011, -24.228066095140885, 81.31114952530339, -126.2050299193324, 82.91669088237275, -92.4241073074044, 46.46748452639803, 5.679243284405453, -26.409779051910387, 0.18695279780821272, 87.80509775777303, 55.39230269006383, 24.815500778652897, -42.98950983232948, -5.151072314100452, 97.95114819364763, 43.010431950913805, -105.37432281070824, -15.364583473042371, -34.745872091696796, 113.1251243391559, 57.14477451560852, -43.47202616089869, -106.34350563845811, 15.860283591116765, 79.2919336551312, 60.80748711535642, 98.23076007796911, 84.68548245309206, 124.61862019239607, -6.053347313111641, 68.9410348113279, -29.722698406049147, -43.68515782760063, 4.828801847552384, 35.00079112382344, 18.963883448732375, 18.407736735236902, 56.52350637849063, -8.451270280216274, 45.685593060924596, -38.60578328635723, 38.10612551431667, 17.567640585981103, 44.689825100252506, -37.14839561563847, 15.401521828712358, -116.0862554102292, -72.67580184662579, 96.37439443339277, -46.84111414936738, 122.00830354942067, -1.9578634496783942], [122.49316225220528, -154.11364102736627, 803.3602562523051, 53.397681418405824, -107.9373249948395, 40.97636641813024, -125.44397859372683, -14.156301952473141, 162.36302934806199, -24.087124311116753, -19.89657659117775, -50.82548740187344, -97.73544459857617, 12.179000818186589, -44.54292402819356, -119.98185955870119, 39.5263913170892, 12.46372882735584, 93.89377123511464, -35.12841835503805, -19.28292426722236, -13.27518417267669, 23.904663217145146, -36.06307686763394, -2.368868107263429, -53.14002987482602, -2.8968131502490704, -36.64782460326281, -84.5734868204587, 39.24640249176594, 68.29179424890805, -1.4388342352696368, 122.95090578413058, 46.163298166838516, -71.78148859322322, 98.1565671375725, -6.126403927890992, 43.771065142614475, -5.259807098513033, 57.97234821760451, 22.881650931746453, 114.27188177729204, 149.9572404198143, 141.2141342187516, 110.19853641476315, -9.793067786515493, -32.85655267084615, -71.66373805128192, 52.85399792999546, -33.29841103525864, -104.54231579600422, -120.24321058848707, 178.91246653123565, 66.31361071873735, 11.941370393282806, -97.7483506425868, 103.38730218953683, -35.651725070999696, -6.295417209814399, -31.711639351898974, -78.41666563344728, -17.851356308509953, -170.17519995928296, 80.93658426038448, 46.30725416375875, 13.28426457248961, -60.986288299392925, -45.618011353059224, 11.227973274762169, -18.39334142769522, -39.20980192769224, -6.878470818963616, 55.56144468888667, 32.535633732887206, -94.04464999379366, -6.8390757833572104, -56.225622833248025, -46.92723100276143, -99.9245773881624, -21.003128986367205, 27.947514630875045, 21.55628095357439, 49.87331438630244, -20.769727326689768, -23.874354649444676, -1.092907005054719, -108.2563596103316, -26.705475580718527, -56.57424379857653, -24.01553680976489, -53.94453684223902, 90.11115253335262, -53.734780067121065, 77.44261586333916, 74.45793320520643, -16.495019216436784, 62.52017573945049, 19.03722883531818, -93.88829883430941, -65.66444384243654], [-52.395329474152895, -5.450064861252436, 53.397681418405824, 731.4164031231196, -68.46052001994323, -89.65965936499147, -53.41565567372278, -83.29275148960771, -15.364002386702891, 73.02800270724971, -28.38430499725846, 95.2352635697905, -40.34345302746552, 20.032492992306665, 30.531753037734596, -7.051810783345174, -30.752829805035265, -135.33810662623853, 54.14951290620558, -43.55122375901182, -38.10110713683313, 56.33746467771387, 24.105128179585083, 46.232511731311114, -32.452877686588394, -46.094398933231695, -25.844481413042054, 55.937662159265486, -148.08547609280592, 11.937341628069916, 99.60671193077091, -228.2848782454967, 128.17669576949598, -67.35031741847484, -107.99100133536207, 104.86473962039679, 53.83413897697228, -9.635337752402018, 41.12888800172339, 81.96848858286444, 56.288911083097425, 85.7184650666459, 3.3342925734155155, -33.023808380958485, -30.22511161980892, 66.90852615456622, -6.422709495693249, 54.546165762939495, -17.968862615722795, 81.12255851570302, 19.304087264766423, -21.58478597706239, 56.78322941776185, 13.533540552692715, 101.18068103701158, -99.14234631121514, -6.137776750944109, -106.31035836670152, -63.86667072799476, -18.50669409498692, 121.1507263285945, 32.89055209446099, 95.2175329960087, 52.374343129551214, 30.51675975216795, -90.50077443627733, -97.59034590139007, -85.64787961678819, 82.69546450544244, -96.24212230874865, -56.722096539254906, -108.39734613739714, -12.01420417904553, 39.03815675016369, 110.27861972832281, -48.70323609422948, -13.299544551157798, 112.34919923578451, -25.840565921182158, -70.24222268964232, -15.326375525478502, -37.35517175846152, -47.76439322616539, -24.41956148326576, -43.93578161931464, 45.41585524201088, 32.07960777962104, 100.61946175168299, 95.0136054646097, 0.41289298563208526, 147.78295195807922, 80.69139729934058, 146.88010694929113, 21.39110192328039, -33.66744957000637, -9.574112762541635, -8.573903848884555, 75.3585262850087, -52.76684583841347, -27.47740690144376], [-37.74858162432641, 12.368534098967297, -107.9373249948395, -68.46052001994323, 850.9314600724538, 13.38426010646625, -131.52786064642729, -122.03731734033474, 32.76688959353879, -32.30587905076646, 78.56981875635438, -14.29747116679475, 120.95700279754027, 59.679440332684095, 138.01269104751665, 18.54018183755726, 30.24313363615503, 69.40752976838321, -94.1890782258273, -16.78868948219982, -55.07468252576013, 128.54737058018532, -67.31448333156554, 86.44307431719021, -37.14850890192668, -15.368715293784817, 20.776932049499564, 8.844587672150451, -15.518698261820411, -35.77533812263757, -60.07622927421287, -17.783985729475425, 27.977824242088968, -83.58616260181988, 159.62838880539488, 63.1335316877163, 66.71422483712708, -140.69875643425806, 29.781934055777494, 5.97936664254802, 32.058087228771186, -18.24887628207391, -16.647112169746475, -14.889084632957482, 22.975953728035975, -9.38391336286874, 11.456123044945492, 84.48636711407586, -109.93403687924801, 40.87180626633641, -63.73085676437722, -59.303584219663506, -64.9765436529203, 22.50195825117971, 108.54256740615226, 13.288688417616113, -80.10238418386936, 71.03718718242622, -9.822681171405781, 26.480909103275945, 78.5835662696102, 44.716802837951995, 74.4299298919102, 142.7829571816279, -91.15033244832298, -64.7539354996902, -103.68837176256632, 34.26074767755063, -110.51685675595654, 81.3817924393055, 38.79853013630094, 28.62495611353267, 101.27199559226513, -76.17151631512597, 14.428134120260752, 75.68775265286709, -71.62903736136029, -27.529583998015635, -46.27170110337918, 141.47891523595257, 35.63322684398863, 63.75767198568469, -46.953240595382574, 44.95015002099518, -12.508605034434302, -33.10000286891947, 59.35756353393146, -19.30481817545511, -156.6190700206825, 40.094654218152314, -127.54088053273513, -28.18743030481043, -117.08440953286727, -84.27553982717882, -48.49242537985777, 82.19736590371475, -31.93242106407803, 38.85648059763558, -30.245752865656385, 172.98399884566777], [29.631961480351833, 77.27219712035637, 40.97636641813024, -89.65965936499147, 13.38426010646625, 756.2934511126697, -29.82187173540747, 57.965133697251616, -3.626525578571452, 76.8807385976631, -117.61554021816895, -1.0139452862284324, -11.427210003377148, 39.51899062003151, -51.02744732900696, 14.509593424110346, 27.781956425712075, -59.74951721892588, 47.93282665862896, 27.384536101889413, 27.277946779074608, 155.1512242817146, -14.646344047619932, 9.75400531267175, 99.6954063295388, -117.08497457728981, 73.52486441472145, 35.045113188317245, 59.78084456902345, 65.71634458658933, -4.536093841847047, 111.41712344145895, -40.38635159998795, 165.69568907296153, -62.763042521253695, 60.715476638569804, 48.40150284108812, 25.780253184824637, -85.78902381534638, -93.18296672509113, -72.73944069328311, 30.055612729050058, -41.306206554005335, 7.865493401326122, 83.93171742082113, -24.873503110600137, 13.092058074644877, -69.58187511049199, 52.439916799922706, 58.261986023242464, -51.01350190594357, 99.32317655499264, 44.32433568734913, 3.737916182423128, -1.5495511757460576, 13.799134008812578, 18.7555716244914, 87.03558578825984, 106.94325300998543, 39.39842285084832, -84.45137464026318, 6.636711523936687, -129.50402269953076, 20.892415206614096, -84.8979578797384, -88.68329238322201, 105.16437458097802, 35.049710642471005, 58.308029590443944, 77.60617972856477, -46.09812931698188, -36.0808542370748, 60.89243903928847, 79.28035340567337, -103.54111359470103, -33.98143204909773, -8.564818526452662, -185.37636572780033, 14.511951051332183, 103.33248635193335, 32.84576429733329, -73.28082140951672, -60.597110540191494, 40.68769256012112, -5.349330686075631, 38.80731489309358, -40.606660276742545, -16.328283241499683, -70.35573873625378, 0.10054303326074894, 28.131888336030215, -79.64993324876806, 72.03643418992698, -89.29801121663432, -18.04256535221731, 57.954328052427016, 69.91894463234796, 92.19954437393069, 25.405199283578934, 18.248049085247715], [-29.208328101708904, 67.98918863584397, -125.44397859372683, -53.41565567372278, -131.52786064642729, -29.82187173540747, 860.04571989595, 30.754292099754416, -86.02636920438532, -105.29672927804152, -51.36852206542625, 3.5560145645102157, -8.825028080097852, -52.351479826214714, -32.7630594671378, -32.64590731650244, -35.758836921311016, -52.72749369002631, 100.13840951971993, 17.139533768769116, 62.75941449068372, -14.200516788933509, -27.983461806642723, 118.05669604658348, -132.86678883570562, 33.78992546325102, 6.198271136846338, 32.23761138682376, -3.329813640271216, -21.042744050881048, -84.70166464623898, 36.81879848167268, -17.75583242117502, 52.28235247919503, -145.57319219473135, 23.008340320461702, -31.28199166950946, -62.69638389774937, 12.581934070904733, 107.73573322593188, 75.87101631871968, -177.54900207019492, 119.24972646606382, -36.645261918861166, -8.101526648274982, -72.18750779413186, 29.536122021920033, -35.03416864289808, 34.02319381054974, -104.07202302237239, -4.394963503235261, 69.2591644006304, 14.652246245133291, 64.11315071776987, -0.242341319305076, 34.35304768555773, 73.08834135233776, 65.6056685446292, -59.38708457170472, 46.54804295637572, 94.78226823221844, 83.24705549192683, -110.18837026404888, -8.8914363769931, 107.23502908448123, -3.884532389820878, 71.20888303232618, 0.16980806477718788, 16.89111611756752, 13.073414670358977, -24.126968347315877, -24.365697522112402, 92.2547415951719, -33.93484930147997, -73.79049184182098, -33.15949628406945, 0.9284146392717959, -28.131697501703847, -53.73853795983672, -125.5152442280987, 27.34151119056693, -22.41707012455197, -81.60522650423876, -6.53199468415239, -55.64241396448337, -4.671266804510893, 263.2043716651185, -122.0489627458821, -81.01053691433108, 34.05257422647153, 4.481979458735426, -40.385128325009546, -107.9900465811133, -33.29036758609744, 72.6629061826115, -105.9542250784046, 22.27977874104849, 12.301870601256352, 4.134671316890175, 31.2259863727715], [5.357319996288945, 36.168263938588844, -14.156301952473141, -83.29275148960771, -122.03731734033474, 57.965133697251616, 30.754292099754416, 786.4966846090932, 78.95063053553373, 4.791729759006848, -0.5684775346314543, 6.83828210358307, -170.91316872253768, 76.07792159946918, -102.392442762718, -45.29154538201692, 11.964042530584004, -52.62937465994021, 27.923414682982376, 148.01656988337803, -12.004500676228217, -22.78409169421216, -151.2293549060391, -68.03291036702143, 89.35265115199742, 55.49672794812631, 52.5196091491304, -50.87327274946807, 46.22990729613653, 49.01340445755818, -71.82009131595522, 122.00232222606782, 84.33112400158265, 63.00860736436297, 25.737748526209664, 58.91441955310931, 40.831101706793135, 37.13656592559, -76.10606614490521, 24.147564150906284, -55.44209136408179, 26.145717824252213, 39.899488926520284, 48.1479948781662, 105.22039424325062, -122.33234936133162, 133.5158884589249, -21.787652984897875, -23.97603107113401, -48.63559990898335, -48.11808040678266, 82.83533839941974, -87.38918996399484, 36.419871189373126, -8.64685214538932, 2.9189577359168535, -23.476988899477927, -6.150558630690172, 42.70405054788724, 5.000487504231865, 61.23440204576137, -74.48608603247348, -81.09975542198816, -28.209044005131968, 67.05092242745344, 46.02232014672307, 74.02422514953453, -70.3949667924688, -63.88701259888569, -2.423273179818039, 9.762727889008849, -178.18841557309216, 83.69353437842977, 96.48352238127079, -15.588194446600806, 54.755731634499824, 31.892469748720824, -20.695723884094885, 93.0404849306487, 4.380994013594282, 26.337663499289782, 11.769163019515583, -23.377787807876416, -3.602890868473555, 98.63108210508143, 83.29544289399892, -24.959625127823557, 2.8709817146308776, 110.95586716390807, -0.998968758077913, -173.72551296196278, 27.829869180477786, 54.69830589724205, 91.0556736947148, 75.62958829063598, -15.552196883659208, -84.63412755459329, -4.589397746600445, -112.81866420544654, 20.035794019317034], [60.80608185342654, 54.851635511982764, 162.36302934806199, -15.364002386702891, 32.76688959353879, -3.626525578571452, -86.02636920438532, 78.95063053553373, 625.0939804558549, -124.65437648463713, 22.531766051998815, 182.08890144633324, -61.51445521337809, -57.665448576179294, 94.77111928770083, -45.03981582899403, -78.21220918661086, -69.54999931548127, 32.857660617825886, 63.964623685049965, -42.17777811645512, 77.32197232973749, 46.38176936051112, -49.43256359128988, 17.283997370045892, -78.08787962984836, 95.8442828873234, -37.89237813379209, -81.63500921598389, 7.687205086951724, 71.60815302526925, -12.970205113378716, 67.34228507860605, 54.926022150887206, -71.98872340597336, -34.65293943938915, 102.0807115969244, -88.5858554513268, 24.18680603103218, 45.55489151493401, 77.11240421637635, 71.45009157625098, -48.59098843316757, 23.782692970111516, -30.142452167319842, 55.47368623575152, -61.975903093753104, -46.49014109819298, 3.0840197256551467, -158.67876438720873, -32.34167399237233, -103.97379236561193, -40.05474371699765, 45.17527837826146, -37.176269049292586, 98.00321524173496, -43.6353823124801, -16.264400598264693, 49.6391534803789, -56.71812913343875, -33.69600905822032, -37.16761531870114, -23.261168902537825, 2.342347335011211, 28.442750810207887, -23.809549133002438, -7.445138516031289, -124.6424467033237, -73.78182264470136, -14.933750174284286, -39.06389091831173, -64.00041922384807, 74.69391383618597, 59.725956253128004, -58.46377660629461, -3.568035138853067, -60.71235146678884, -13.191838499811606, -107.11106583290191, 40.52592833969693, -93.48459792947595, 2.7507014723653405, 88.33553963888497, 29.714853532654335, 122.58972405498554, -14.046377460886008, -26.61828960280036, -57.49583352775026, -26.728100554988497, -4.9317829152412855, -44.28394775390279, 46.2542373306169, -62.446967330069775, 58.053674964838635, 79.44121793917171, -18.533784680641453, 84.7153557295479, -20.47252752635188, -115.50877609247499, 49.52375003805102], [-52.14229030436778, -5.12971103730223, -24.087124311116753, 73.02800270724971, -32.30587905076646, 76.8807385976631, -105.29672927804152, 4.791729759006848, -124.65437648463713, 694.367740882192, -82.75955128306464, 23.365788265289986, -14.923385280142787, -91.02033147526802, 85.58596101027543, 14.902637249495124, -125.35434047103084, 59.92039028103776, -9.337173960852821, 100.71142589857796, 23.055728906430275, 166.15902875127978, -100.74344362812958, 60.802296056854395, 12.547884272426002, -93.5065605203332, 30.64198206282328, -29.443193208352838, -17.26715651535927, 84.45957253087536, -31.57251907401497, -66.35935961999728, -64.2279793187406, 76.93433260948848, -2.516121872411033, -89.65675743784186, -27.314318914235848, 19.74686427382651, 94.8338505631947, 18.26747042366571, 28.228156321233126, -11.282985430421961, 51.36958920134411, -9.374353804327866, -110.97949216650095, -16.49277425103341, 27.817331916164786, 32.346214043873026, 62.33482278669368, 20.508233777857676, 134.75735074012968, 86.41747337119097, -92.5466698896258, -155.49138900777504, 36.619248200234516, -23.8364195283252, 4.680921442488758, -53.881810475655364, 88.91831191202887, 28.79950477961341, 10.666430773696579, 19.542629729809217, -59.23074185499491, 7.044691932959071, -5.787587318119671, 59.68363296817844, -72.0039200549038, -23.139424156473407, 55.27227166956649, 13.845008294473363, 9.860872891543993, -7.189576047308027, 109.03903364461027, -108.39508206767277, 33.51849685527494, -110.54649435102101, 41.39980053460921, -68.10782282775206, 189.29562995771326, -17.230159793435963, 166.86105683437256, -116.04342228729438, -29.109389723346695, 44.145862946372574, 80.17795460460022, -14.100168978837988, 2.7894316878941097, 3.344115643243493, -7.961143856353397, -85.59035792842786, -86.19964968749551, -71.7222770554845, -8.931360536675287, -37.06961921968515, 58.813809903701234, 33.195221427227196, -70.94064956139285, -24.91258329136427, -23.079945504568744, -62.725823203297416], [72.45022026422411, -44.5011610206884, -19.89657659117775, -28.38430499725846, 78.56981875635438, -117.61554021816895, -51.36852206542625, -0.5684775346314543, 22.531766051998815, -82.75955128306464, 794.6465918053177, 31.89500671801033, 99.62238695158895, 18.90104682704883, -36.86657903138962, -4.31896580093537, 12.791803538423899, 30.14856396275146, -50.04371529911171, -47.70420282318944, -198.20558112942328, 53.188009586202384, 118.07555719568377, 185.35859818209138, 33.83080536499046, 24.43097225928893, -77.02710445216054, -110.64097403189459, -27.735851759831082, 24.65680504458321, 69.15071748335208, 34.139478302854236, 69.47318235761158, 83.57588727959335, 29.038702779156203, 37.81768922563734, 137.28849286449844, -151.2874672643839, 3.772225123023281, -17.627769028435857, -76.3670296053584, -41.686593294957675, 37.59247979946435, -23.636101516584443, -11.430502282505119, -21.70778663273373, -23.400221524502008, -59.463985048308295, 6.588094611934559, 10.959568595710932, -24.0775311741364, 73.81267293048644, -21.412767868985934, 148.63892641583195, 3.3977721112511827, -126.89197594481544, -24.21336481311835, -174.33392934566848, -61.83114151862408, -26.20939008353162, 15.026442836588586, 12.966163824788214, -57.91921275985197, 13.823288017233077, 10.2343398756886, 56.265150286521006, 22.102874988087905, -147.55602255452987, 21.928551579458258, 46.16638876042277, 77.44035532782559, -33.21379270728563, -16.7678238568015, -59.49833014396918, -58.78828971226029, 28.833646563211097, -66.76822656419955, 65.69951466521728, 12.141207444822049, 3.4584288219324133, 47.80878242861229, 110.18622954877729, -42.25526980802875, -86.31478984432933, -39.90543233100633, 90.34444354976067, 34.055413363516344, 21.826305705938598, 95.55756705700776, -0.09661959378457702, 23.682674223503344, 22.914165089271528, 40.81771057268116, 33.497503584456965, -216.40661785274733, 0.9866265788569998, -119.09421609051189, 52.31277551250489, -45.70131618356769, -29.09635922766457], [-196.53616215288727, -113.78452526292938, -50.82548740187344, 95.2352635697905, -14.29747116679475, -1.0139452862284324, 3.5560145645102157, 6.83828210358307, 182.08890144633324, 23.365788265289986, 31.89500671801033, 776.582623244707, -39.085618216512465, -74.02518910616267, -4.583173851247021, -7.116162515313795, -88.29471383877102, -6.002659164768133, 107.58605814720525, -80.88731729611993, 74.56081843906419, -21.671540348146053, -63.64068003978881, 93.13183861913163, -104.65015462695028, -39.87093332530616, 23.643931677022632, -32.91159133147818, -79.4269235743644, -49.28579360628698, 7.04044917412551, 4.163183178572062, -35.47489492530095, 84.7843021528314, -99.41423169557046, 19.88144863375407, 81.95301663702207, -78.94261441938346, 24.679147328871583, -49.502990936434266, 24.971463726870763, 49.5277350488857, 48.04040887577877, -64.10191654360365, -43.45641906807839, 66.4150837656585, -10.302476150241088, 40.906661743514576, 39.857604430831636, -7.94171570421205, 14.917265127792847, -49.064140247720644, -63.79421492598267, -6.753173248998301, -113.41415844030517, 84.93742552907878, 20.466915142593336, -40.620394117852015, -100.38187366822855, -90.25747269598926, 65.24766596484237, 6.753002532466779, 62.64209430154705, 101.088467150328, 58.24448975662879, -89.52826480699088, -82.48885286596257, -96.89570155927397, 4.930672042918678, -119.41247525683086, 90.11344261476154, 2.265710646028531, 14.878272902584603, -62.659786316851225, -57.55501907274656, -18.42502886638811, -74.10669749914837, -85.3907365587176, -28.646479618817402, -62.92018964084833, -68.14744233686217, 39.61926202986802, 24.70203119684188, -12.54036402320852, 37.65049310785264, -70.54177490396862, 36.292839916704295, 85.41305587212345, 97.86270729140863, 41.725420221055664, 36.74602640787317, 133.96115585458773, 96.08955102566831, -74.66145865367021, -96.2664587047114, 136.5213404262617, 94.47739077604682, 44.511653169037054, 4.175377030595478, 14.817063027232436], [-46.99866871561634, 70.1658217872546, -97.73544459857617, -40.34345302746552, 120.95700279754027, -11.427210003377148, -8.825028080097852, -170.91316872253768, -61.51445521337809, -14.923385280142787, 99.62238695158895, -39.085618216512465, 801.2182050321345, -130.74342067668547, 46.93668772314435, -9.088378144953873, -89.03102455548103, 76.83234037499075, 65.52672548996894, -32.5083381576771, 78.28214246787032, -29.651705018296457, -40.34349972974022, 25.636883356797348, -12.466981506534939, -97.60842885228723, -38.52089074170602, 2.853669622037952, -76.36192437777123, -4.107797087714651, -34.104538811204556, -13.187723036826426, 8.99443876676177, -82.20009782057625, 117.0095333587944, -122.79759429162391, 57.10023447916082, 33.71945262547029, -93.87633082996587, -53.76872323779097, 33.20032253134156, -121.51912098929976, 17.862400578716002, 6.2910590705826, -88.97540738988214, 56.95084187247387, 127.0137095254297, -28.162239363761206, 70.25538044933249, 32.79964626336639, -131.09598408022964, 68.01821254837323, -46.34452174388367, 42.41541311766608, -69.58397250370737, 18.88906534366874, 6.245619015438751, 78.14104353502434, -7.598140651636915, -78.8489147412706, 66.54802434895326, -111.183413035502, -119.69440121693577, -121.2601056393853, -43.754185128627334, 16.831347732692542, -55.12006518928968, -74.9269590927287, -70.74233798582517, 79.3112382074796, 7.10745318005925, 86.77940862549974, -87.50794826501875, 49.57092245511048, 48.21989265325471, 0.19802936953321904, 37.98203667576209, 94.93534506520344, -61.93411372639571, 4.095193622024507, 5.344232786679092, 36.35838654080361, 96.731907220671, 64.48928883517132, -112.91440413635068, 55.117618576981805, 23.240507990804563, 121.8270875455236, 39.10227484517298, 34.40095795295068, -3.3101458814481846, 225.41661803128784, -57.68821811775063, 18.768440599672665, -101.95016745246559, 15.294063701219725, 174.94735058133307, -22.699153504164933, 32.355976039141055, -57.16969640895443], [-6.845015631388997, -69.48615357838716, 12.179000818186589, 20.032492992306665, 59.679440332684095, 39.51899062003151, -52.351479826214714, 76.07792159946918, -57.665448576179294, -91.02033147526802, 18.90104682704883, -74.02518910616267, -130.74342067668547, 861.5451579529043, -85.90519699815316, 56.7105744469956, -81.81211757595857, -36.36062276808136, -45.97145602516157, -68.09272729194926, 5.492968628522329, 75.7096710656174, -78.21160199881834, -102.59605000151019, 41.43643873863816, 39.83114262709833, 30.238218383764465, -72.13803215556857, 56.624357920104075, 23.755376271395434, -45.472034552975586, 16.71704626193804, -2.5182283099497567, -66.66663402204223, 36.984028966680434, 85.04610914396032, 35.01635829203151, 104.6913014456278, 58.6239197140324, 36.96535266293164, -70.71203247429995, -50.399767783801636, -57.246139726754656, -92.42949719852476, 4.420575268210576, -117.66771871653037, -10.262775107248926, -27.545021005553433, -70.16971693950458, 90.51219322342581, 160.03931892530616, 1.7090514859839445, 94.58122205967122, 36.60295001190747, 107.9967167706781, -59.147794770394896, -65.71938165216461, -35.80302555177918, 99.79792407444236, 45.30496120299665, 115.17858179530158, 27.081187895472738, 5.680324579886832, -102.69249301187159, -141.07980482622744, 0.1935828869396385, -53.59055768215462, 111.68376760611243, -74.46233004773522, 33.271396050103974, 38.52057234144801, 69.36450705293456, -9.7208080599139, -58.01018269515381, -45.866160815052716, 54.81172210268141, -129.53784189109805, 122.96222715233044, -64.03950410787141, 125.34799665934986, -110.48322952772061, 5.908353271082157, -6.415142639325081, 30.247860639501873, 74.18372445304702, -38.74310017272572, 12.941061169607622, -15.15666699308455, -20.559281406537398, 33.598380948317754, 57.50668473025734, -82.3397121430984, -64.63747310865595, 2.6804973447200076, 19.030919287080426, -20.462111153775098, -52.05480987055043, 27.153571978007346, 52.98141815670674, 104.63288588496326], [16.705489455145337, 126.9772386957087, -44.54292402819356, 30.531753037734596, 138.01269104751665, -51.02744732900696, -32.7630594671378, -102.392442762718, 94.77111928770083, 85.58596101027543, -36.86657903138962, -4.583173851247021, 46.93668772314435, -85.90519699815316, 698.4953839670045, -100.34909888405622, -47.710357795319375, -96.73565541434333, -57.954015396337375, -20.68924412433991, -68.82800800054837, -54.688160173434696, -146.17297458171944, 108.6573296832793, 38.77151264148487, 5.005460354361467, 81.19755767458521, 57.36823187578176, -73.98245762578661, -11.56479733912492, 0.08534317550617805, -73.35193719359724, -85.81130314819146, 19.63392337706009, 38.184027123840146, -84.86712146100703, -60.030775484098605, -12.382000580010056, 22.47510386226576, -27.94607235329365, 51.58443539758292, -75.1721457977163, -9.138602694078937, -9.173601553223813, -123.93479812518594, -0.4461520897577421, 104.99878094053773, 15.526529908182239, 38.24074395543597, -17.58358804627639, 2.054540641079879, 88.63924059166851, -44.51886547881117, 31.579105554687636, -48.030646921478215, 56.66580952123933, 114.89117196505188, -99.57021566636215, 143.8944979962316, 23.13820319068417, 11.447034882895569, -74.285694662057, 40.32006302379033, 12.553134289171108, -47.17305712342119, -112.7781358889087, -78.58872417184335, 5.66621779981602, -33.50034781686859, -4.062470866822619, 3.719757336406694, 17.74040870216042, -84.94952504480591, -96.08791854851933, -90.83693178118945, 6.751877025000217, 92.72744908664278, -35.01832327950053, -17.67230851662793, 41.31057701270879, -43.60650859548952, -67.07746333318373, 82.14099257872634, -7.445479521249119, 18.935759563089558, -30.13824266336218, 61.754444115889406, -115.27444488109897, -20.013351951609415, 86.71358191884288, -17.091330175984506, 50.66301418123784, 45.3007717865662, -46.07862087767115, 23.537965564169532, -30.668265414843592, 53.623852674725974, -31.175666401557184, -15.738230438110842, 90.56637487692835], [143.54914938426603, -82.15309937182573, -119.98185955870119, -7.051810783345174, 18.54018183755726, 14.509593424110346, -32.64590731650244, -45.29154538201692, -45.03981582899403, 14.902637249495124, -4.31896580093537, -7.116162515313795, -9.088378144953873, 56.7105744469956, -100.34909888405622, 823.7785635904542, -7.82602993714683, -33.45178162894396, 25.29778491729478, 17.240667139549217, 174.4959852321875, -132.1484659144813, 152.5644455464735, -21.48194550322437, -47.98144845015251, 42.18930554392445, 4.4839723284543505, -50.66687120578189, -47.95876314237168, 92.48819585162035, -79.69244667160575, -14.752426208194343, 6.617497257495627, 70.34851546636054, 58.02158849338236, -67.74932591662873, 74.76574973255751, 2.3220715968087857, -152.9733858605083, -96.0065589853307, 72.8730302570764, -19.274640297662778, 71.23902147372779, 5.304803953125881, -72.41784204142627, 13.345124586665829, 100.66510720432987, 102.4584836085706, 35.817260678096275, -17.656746417968126, 43.763854108396025, -110.22435574994597, 72.15456173734619, -31.486415713666595, 58.32171866230656, 51.1360064100927, -100.73482871081727, -50.155294102315395, -138.64823915198915, 149.88974414535414, 39.90346079753118, -21.64779695574132, 89.79727914937719, 136.21440163102642, -17.737657553450962, -13.611111153552976, -11.442142852270702, 61.50286274778268, -74.68413839617517, 58.5393019045244, 13.838255070142951, -93.79599974176928, 8.184973775996848, 24.053857358338377, 88.91692143852532, -20.992211245360323, -89.3987919392081, 18.72324582604522, 92.21127756313683, 48.04886151109584, 93.80545498247052, -52.45748423723638, 65.59580599549622, 76.11409286815518, -26.59899750098977, -142.30363267366934, -62.961143479528964, -6.031869314169185, 19.02337741577838, -15.933910634261755, 151.55831654576633, 36.05259279754644, 94.7381255560945, -32.03762116913353, 149.6167240026909, -22.38266738663975, -7.885204183556152, -17.429587413775373, 84.5326631090332, -11.140300896728533], [-32.509409413002494, -61.35609901622712, 39.5263913170892, -30.752829805035265, 30.24313363615503, 27.781956425712075, -35.758836921311016, 11.964042530584004, -78.21220918661086, -125.35434047103084, 12.791803538423899, -88.29471383877102, -89.03102455548103, -81.81211757595857, -47.710357795319375, -7.82602993714683, 686.7612111276004, -81.19287332888275, -134.6582690612334, -9.655130017583527, -55.914192881961334, -85.86321289507835, 50.66532298299619, 24.691763208740625, 21.598625669910074, 48.86491454080581, -10.587279177665165, 49.35667383756406, 57.983727862175144, 126.23650440774571, 12.373155669834087, -17.762472088017628, -64.65139523725175, -125.06700245629132, 47.022692813024, 48.70046089633882, -32.398509718261685, -34.64380329667517, 14.179863951130567, -54.62203202910662, -58.72196076049737, 90.02582763801325, -50.7593350051125, 69.71455840785147, -96.05332513991041, -76.53663518990106, 38.33746369323058, 30.61858838717584, 68.43133929939768, -28.52752766487556, -71.38807485378851, 14.437414367292497, 57.37776666008752, 46.15140626059349, 15.082598427356778, -70.91712224639797, -58.378232177987485, 63.67287090349909, 66.03119931537299, -179.75750864116156, -127.87575649492705, 91.30332892549943, -5.573406926639665, -46.32162605792123, -67.79288723382533, -32.862248596392135, 60.102338502980146, 40.153087692421366, 89.31118251343226, -28.766731715533417, -49.08425617266386, -51.70153053391982, -12.822857228597133, 85.97068299763518, -57.04529875375876, 0.682181683808596, -43.68223550707742, -49.91150334753479, -26.143970578104213, -11.78498154943322, 48.53213176626236, 66.05760733351761, -171.7074963338738, -32.733187570145425, 21.7938347793034, 4.95775510949586, -9.058906387750998, -52.1076362837517, 77.59221965438178, 122.2283726467231, 9.037255961542325, -58.70481663653581, 156.0598642157781, 131.45985088108893, -45.381041513256136, -118.06031125732773, -110.0201434316517, 32.94146772995678, 81.3447547710382, 139.6824647412862], [11.76469245370324, -89.48594380261969, 12.46372882735584, -135.33810662623853, 69.40752976838321, -59.74951721892588, -52.72749369002631, -52.62937465994021, -69.54999931548127, 59.92039028103776, 30.14856396275146, -6.002659164768133, 76.83234037499075, -36.36062276808136, -96.73565541434333, -33.45178162894396, -81.19287332888275, 813.9339663617718, 28.123773125351605, 63.57093754439547, 14.314608070978158, -49.45265926169701, 17.578757864582595, -32.77426025132362, 34.35995189964925, -23.834709770108162, 107.63967008904956, -65.75041096996365, -61.20170079228323, 0.057407118437091904, -107.94988453176224, 25.265785051356247, 45.09292206904439, -137.7086805134599, 114.68653522138324, 16.229800567199163, -27.38950176657456, -78.56710617298839, 39.74028912339647, -139.14649048320229, -134.42916093770918, -94.27205722631133, 89.63984781933773, -33.062158694619484, 24.28949149756195, 70.9667216547985, 185.44620798692412, -91.55046234849861, -39.175172726857824, 54.07836167345359, 10.532189923331204, -81.84297469300304, -50.49364281510687, 78.52544688884686, -135.12460249851955, 76.74669763099605, -187.02177932512794, 46.8248893980823, -34.51357032323304, 76.42171872091474, -9.560549190540355, 64.14461029359227, -21.81218060904072, 0.6812898020159901, -2.113558834518122, 12.76338178556272, 52.703482118777906, -78.45979491329275, 65.44971219642184, -12.569827029131917, 20.107115054926926, 69.71381565093851, 19.353087291599063, -196.96534158927878, 34.8982503199554, -185.8703830259978, 0.647456841544609, -67.95034653817682, -30.51496942375504, 75.68304208510321, 88.96338607321107, -57.62880515717169, -55.738179778577276, 19.87930535785173, -54.93498648246819, -20.448794495005956, -7.7092447254962275, 79.1547381998198, -75.15407921345167, -29.46633750805521, -5.265045601303725, -103.62680812358154, -101.48795742057997, 76.45116175029631, 5.234370242238274, 134.68252938306952, -49.07563082095628, -1.9399480594637675, 102.6469882276981, -39.16425854046744], [-58.90623471002291, -28.028963044363838, 93.89377123511464, 54.14951290620558, -94.1890782258273, 47.93282665862896, 100.13840951971993, 27.923414682982376, 32.857660617825886, -9.337173960852821, -50.04371529911171, 107.58605814720525, 65.52672548996894, -45.97145602516157, -57.954015396337375, 25.29778491729478, -134.6582690612334, 28.123773125351605, 653.2986344161142, 40.71718055961465, 174.87179278425882, 1.3508881444883878, 12.766101827247802, 13.408377194847713, 57.637149807142755, 31.763085796079544, -11.060914470237236, -18.166440870653553, 49.15702558362585, -168.82004611331368, 93.9943537999517, -13.968410169755355, 49.37620896570342, 65.05376531834388, 8.26980763013033, 51.01615832578507, 88.9547624008658, 24.68838182120633, -99.84110416646811, 23.58935719237623, 98.55572333616985, -49.34635865248001, 122.20573040735108, -51.022102725312955, -38.05789291293788, -79.96214594783977, 51.106134322861635, -66.74331268750488, -18.784199675263924, -30.193340764924137, -17.13085040039668, 48.25898832110207, 80.90785307416904, 76.77429050792954, -9.710426255701778, 106.46005177603752, 85.48370132858601, 31.82135163185866, -74.44004704172438, 118.58820469155845, 109.33027720470665, -72.3086216319783, 71.8332285669253, 140.3788335320804, 39.166115545250385, -42.99538565083965, -34.63859542264872, -140.75292124667538, -30.588270982378972, 100.40082329663932, -25.985843850626015, 32.40057352339445, -41.868153560858325, 68.1314427609012, 110.43432858685645, -82.72259747259915, -66.36514456081437, 41.59910798624679, 59.493577336825304, 41.6286878320508, -63.03274482280618, -144.46775496654902, -38.77406098635033, 19.314701202516154, -9.785137188314451, -50.79596024180389, 17.13118885538169, 65.32422078572874, 49.67988860552519, 55.07148078549664, 90.35005681620537, 31.76910599670666, 28.5123506569725, -61.93191855662553, 69.76236624933487, -42.680975058011946, 31.644998955069937, -21.45085617425504, 41.301454462179336, -85.91154110493562], [105.66062253783404, 50.3486957504519, -35.12841835503805, -43.55122375901182, -16.78868948219982, 27.384536101889413, 17.139533768769116, 148.01656988337803, 63.964623685049965, 100.71142589857796, -47.70420282318944, -80.88731729611993, -32.5083381576771, -68.09272729194926, -20.68924412433991, 17.240667139549217, -9.655130017583527, 63.57093754439547, 40.71718055961465, 869.2839226975553, -48.28238350461708, 58.3779316113246, -11.46261692191945, 32.25624806237364, -70.38361112129897, 31.869146148965548, 107.52624073629805, -126.03635476818559, 24.328201036910038, 42.28021757926596, -86.46664116956322, -4.556551199121198, -4.569584049511202, 108.16707915689382, 23.29743467098788, -52.45943997418864, 4.817015962155966, 3.1255597068306242, 70.68954201435383, 39.6850640956306, -51.09217136905206, 21.56113207492352, -15.784122688527606, 35.65622010779868, -134.53216558712094, -109.94218820275461, -34.356126843566976, 10.94509860956068, 45.58192153071001, -127.97312968230455, 51.68533668582553, -17.579494697976923, -87.59303323106946, -72.58626939320774, 16.43048392018249, 23.840944901429626, 78.36505308176066, -25.482943606139045, 62.03105981416326, 52.95599940158763, -110.53571512412769, 43.75330472490664, -38.28472107321622, 26.484163180063447, -46.03488515268687, -1.5250487533820345, -56.15800856679558, -105.6199604923981, 77.3253379824935, -80.4836377573399, -50.05153605453581, -55.0985272206431, 3.537375875581908, -18.877471081065558, 31.76699635732568, -8.566602701182841, 93.85280170255004, 9.832510422317426, 3.9592470831683473, -31.466628624713884, -19.779328413979375, 17.688776524588675, 68.8619356105373, 141.44411374259084, 85.53992090527461, 6.035106219999981, -22.047272705195102, 82.0417508660457, 98.37145596332846, 134.53723002781223, 80.75951876221168, -65.53009131325062, -128.24870918916005, -31.702596566073293, 19.265621490252794, -167.04402334454295, -121.12429218993793, -8.042733115390842, -56.110008267316374, -107.37203456070462], [-154.89310810877652, -30.94399078782993, -19.28292426722236, -38.10110713683313, -55.07468252576013, 27.277946779074608, 62.75941449068372, -12.004500676228217, -42.17777811645512, 23.055728906430275, -198.20558112942328, 74.56081843906419, 78.28214246787032, 5.492968628522329, -68.82800800054837, 174.4959852321875, -55.9