{"N": 100, "M": 7, "A": [[[1098.283633241964, 64.00968202146642, 43.28591098353352, 57.87210288656125, -50.94982375815863, -58.65586769673508, -35.159884869082916, -40.77861358694706, 91.63536510741612, 141.51900419492753, -21.034502097297374, 30.07708244410172, 56.74837868421228, -76.65056876935869, 84.6027365383678, 159.67068739444574, 38.643729367281345, 61.655516033114154, 84.41499316220532, -91.81351507007129, -20.501513510256867, 105.19685074101915, 53.34014955652308, 46.62598360570008, -27.382440077234573, -12.698992141332639, -20.61528646186147, -121.7228080276122, 29.577400848891255, -3.4109351337848666, -76.7951507363422, -193.64416964591146, 4.143904097637337, 53.80219978113603, 6.376343202971424, 70.47437666438512, 125.5555064990862, 7.542076099152289, -176.70203124091216, -45.67796038169094, -93.012527290159, -7.882186528908868, 70.31666032667556, 97.82444524109026, -21.531502388496634, 12.356283889444372, 103.93330836122037, -6.581610816056149, 77.41466804049819, -131.40378746943088, -94.79521416739865, -87.48806176868739, -15.69764267638705, 83.88746764439263, 1.694236670413649, -20.060810239926656, 39.153669279498224, -78.69815047556652, 101.93915857797407, -27.413204813645617, -22.662215142714384, 69.75390685760846, -104.48848210053843, 69.63908750794842, -59.23667994307314, 18.725108579898624, -72.29728512910356, 134.73977961649672, -35.652270293370265, 130.9197141635959, -18.306507753524336, -86.29299609440208, 48.28337176571698, -60.494391605801304, -48.05363201827365, -25.279665933400306, 15.442750539537299, 167.11031079150257, 118.22636141101337, 122.35630638787967, 56.725481646710044, -67.82398048188992, -82.60347877080643, 154.94351197944877, 10.008536318481216, -101.31583013052446, 71.19667788053248, 47.097922246591445, 27.52544733025448, -67.83751879956897, -52.02256325577175, 103.68509359389174, -13.926026106040654, 11.965800052174977, 2.620472374850722, -100.45137402904913, -52.61985312940683, -25.91879848574105, -55.945044971013516, -12.969786222153934], [64.00968202146642, 626.2795036111274, 11.447232092057302, -50.980535322986306, -61.18416499082383, -20.54353374550648, -54.42044975141882, 6.105963172612065, 59.658675201602236, -54.54262942471158, -55.84535128036788, 39.40392131021926, 22.40378765504474, 15.015578496543492, 12.822689792200022, 19.547657686960765, -4.958194899215154, 92.37711922772634, -47.385190816769175, 77.27784423810175, -43.497202888698354, 18.50139465334869, -49.46461277160486, -64.30899009557037, 26.94172486920044, -4.679712340567593, 42.64281286167873, -129.26298865013797, -22.48851783951936, 29.572604134681626, -131.36028969869844, 39.74410131103516, 107.17698685513815, 55.261679155653674, 45.08107787180715, 53.366906368050344, 34.6130585899738, 48.26739686010261, 52.389558045877784, 14.853776317201017, 18.74984797265021, 19.978558611713865, 71.28385378846679, -12.849515794821428, 17.890212362532793, -29.187393670976512, 130.23316848879452, -71.4160112502426, -17.94575492809203, 32.15790677741496, 0.9846179279571188, -19.6547699106905, -39.90151481507695, -21.713378143566995, -25.814373631244337, -21.351619916934535, 17.77531486856367, -5.8217338734791335, -8.22809133464548, -44.51886412461489, 13.018191717057412, 39.98705426747131, 10.724417601117802, -2.984123296481592, 37.51465947694121, -15.803479089280675, -20.482281206091418, 60.19039033858785, -81.67510698999286, 37.70593419902558, -3.1926103653529885, -29.17091350251525, -5.523714915503222, 109.32197669094299, -62.8284379723618, -67.50830889243696, -66.46164516000428, -49.977641292674306, -54.25135023587097, -11.81333124663995, -40.816021742111126, -47.09712179893904, -30.38633366148856, 28.91535814043064, -83.94613731480787, 32.83283867756536, -26.19261228541321, 3.0504165341563843, 106.80924860977643, 26.168521903092973, 76.22377642642536, -25.887918001411347, 15.719565560110977, -126.91222027324066, -45.35173958080655, 4.711958510878488, -16.970060934191096, 9.432532680044437, -41.15576150169052, 143.90938950576376], [43.28591098353352, 11.447232092057302, 756.078327999487, 15.162128948031217, 13.019711618405996, 11.256157773486242, -8.767222462303494, -0.16834878665099814, -33.951245703146895, -178.32876663560353, -37.044800306899965, -116.74899568781548, 42.57965915745191, -75.04504673940043, -39.13595984137114, -28.879230937037402, 124.52545340632344, 55.855558612332004, -38.33636046519399, 15.969263360499543, 40.96177320937244, 108.5711678056957, -19.72068235647689, 70.03261148679157, 56.42112090127776, 39.046263840325146, -22.38291301575207, -35.35693530967463, 113.49349913205909, -16.340437680593148, 75.50521616499549, -19.094936543758056, -1.7351799970786108, -121.65592013079724, -105.10985000270743, 51.04297492690223, 19.672494194028335, -5.090569147348036, -120.36879977554386, -62.514625267348016, -23.455425201364697, 32.31902991280961, 149.78920045834326, -12.553413394678271, 60.38245095792425, -19.713404982210747, 70.8977224444201, 110.41550490059333, -26.176716678547347, 39.69854725862316, 28.285057118615953, 99.7124807453289, -16.52529836856108, 122.30342652162199, -17.223108043933195, -122.86638464950428, -68.50417269487556, -99.53901440850176, -94.3347480628553, -69.81540923430462, -10.995813073774498, 44.68111882222049, 58.8627986658302, -67.35477121754487, 29.64092529907009, 38.776027211523335, -56.1816208416449, 19.750462073065226, 61.48865741667724, 11.25213255379792, 77.73569304585003, 55.2499163562897, 115.25353034069325, -34.27691257740909, -108.90409894831508, 12.38831899899735, 46.923869190980845, 30.550462242185755, -10.294884638532276, -82.68630948518557, -116.00407418543314, -15.24824115722042, -38.42908676671685, 61.71819769404355, -6.309420176509854, 62.033293219228035, -93.94394437244743, 134.33945286811223, 73.73708734629095, 23.31602247631361, 22.32459462290285, -23.65316782159429, 53.99111077460352, 81.2809680685609, 33.360153869106924, 79.7492798617991, 40.16759198363277, 52.5302720640136, 65.66418463515197, -80.9454555387412], [57.87210288656125, -50.980535322986306, 15.162128948031217, 696.8039628578639, 68.45803406844402, -7.6729710740624775, 37.528739495514124, 75.140426688608, -56.79736664550432, -12.90472381776082, 43.70694779808084, 37.75386250457368, -45.40180934505217, 50.657463680498644, 68.98932686303056, 16.964711742587138, -154.00349656323363, -35.12427061035763, 2.6728188910272217, 95.13465784839428, -69.83409253857806, 44.49322750415108, -40.86915877295507, -53.642384167125975, 52.34091327835544, 112.6952765568579, 4.594313363257921, 8.204704373313236, -154.1099251516968, -19.78983070784185, 70.52468209121996, -57.893844909236506, 68.81414761969191, 35.83478900534958, 34.450776083995756, 16.27208172198902, 173.46861618442077, -16.881926114306893, 36.92186470643267, 97.408972065084, -31.33142784526937, 8.823341812646794, -48.97077278351173, 108.01479059062744, 71.42817638470737, 28.54198283268076, -114.74507721679844, 44.74638971494235, -17.71634790237781, -69.89220513080362, -30.405257761087736, -59.04844218496375, 7.095107557326194, 220.5599459774796, -55.32968192066716, 4.492438112140342, 22.16653268804522, -45.57742032348174, 82.45682807196805, 53.64300749285963, 73.78190165654344, 5.595439047741287, 100.62742194859551, 32.981453980773786, -8.105806766311296, -17.371930877122892, 8.107622218893436, 77.24430067120909, -4.940771504898638, -45.840402867690166, -34.948471108913495, -14.712243253079128, -124.52914178230003, 28.808729109634708, -89.2645179438407, 11.762574342124584, 71.37459524022941, 64.3100973833457, 0.20122814457545196, 23.18617472338974, -32.347844251072935, 48.93978536077773, 28.5630313699518, 71.16070693871934, 8.497591451875733, -24.603189329768515, -12.613639638430257, -43.92795705795417, 80.09164105023476, -97.99677140831155, 42.627171898318345, 10.688492515755454, -6.856922278574287, -78.51844947348495, -3.535578450106576, 88.86572999822083, -128.74424286291958, 110.32591740372942, -45.238269253762276, -52.71304321784402], [-50.94982375815863, -61.18416499082383, 13.019711618405996, 68.45803406844402, 756.3779551524285, 51.61881320502043, 0.2567411339937279, -141.38228198498726, 46.95086649961098, 4.3104077748870955, 60.34988030530861, 81.09024219694767, 92.17077172903338, 125.81787240673589, -56.26444915332126, 1.6104388575725266, 46.53747550873103, -95.73698489868755, -60.451192981641945, -4.148497702459043, 113.22039178147318, 74.44647824663306, -80.67096739045147, 87.63588240044528, -17.842697225770465, -16.49985092236294, -67.11604671141001, 39.4580362821077, 94.97859799818426, -37.5808910049552, -44.232107364138244, 47.91594760992532, -52.56795470702767, 14.059633289295231, 75.20105892072216, -13.807413967622235, -22.99136090582405, 25.344789582751456, 113.0445885487838, -62.27541236798673, -30.11440445066857, 28.350167208614103, -17.67616029454082, -18.242411777282918, 86.17543629246865, -121.28161399329294, -156.14183091766412, 90.75471297959632, -92.37222015030041, -26.8121096509098, -37.97348997388594, 83.34493589152687, 42.31662037978916, 92.41286577826291, -42.97152742493011, -40.484094879434, 28.006153661889595, -53.16115112726211, -26.42966879453988, 46.4015729221023, -87.48555364700587, -47.434108437465284, -74.52981963972341, -0.8103050555162558, -10.483947667947042, 51.89296769462759, 75.61421354179227, 2.8628398142472133, 52.72203365590771, -21.33097256133551, -21.62353997182536, 51.937336404862194, -75.77385333234191, 65.82102991907746, 0.8576244460119262, -113.07853829704246, -27.155133643197583, -118.83369800187593, 35.416475751255625, 48.89562965710794, -71.2517160243506, -17.405561655740417, 109.25491830137585, -8.640580655339225, -7.455744086009314, 33.429370380444546, 103.9808790046954, 91.78108221346356, 84.83112944430097, 34.884007559390824, -57.06090116764742, -145.96861384110758, -22.40412723761673, -17.374280069971622, 5.636982603826674, 148.2045648495757, 5.319729127716136, 26.558138962926538, 26.596677652255043, -0.8585693238389167], [-58.65586769673508, -20.54353374550648, 11.256157773486242, -7.6729710740624775, 51.61881320502043, 638.3054508757552, 31.75627926034691, -15.092420228328457, -76.3091252094571, 106.76875280974815, -10.866818196748548, -1.3135928150177845, 156.47194502482475, 42.179511536611024, -43.775294400247354, -16.311044723967203, -30.019430737035236, -52.94231682685113, 15.904489012126142, 50.39666524770919, 135.43557432035453, -25.184491024878692, -64.56178561237486, -37.97215901935009, 21.650999079431056, -5.032824787237407, -15.216339959924442, -71.60410071167529, -7.615925248087947, -5.120335266189107, 14.024403793374338, 10.472955891232, -60.13405016228771, 14.907388220738087, 18.221143671099632, 23.22078218723959, 11.084579950102812, -25.82086437343392, 12.83374621399041, 24.094019156005203, -33.69679857994634, -36.197965902704105, 114.62034295129949, -163.50037421243945, 41.56615272222381, 90.01567527056649, 39.499120925562565, 40.893502949876606, -5.761421529477581, 0.7082279020336365, 28.62422475692062, -71.71068034487723, -2.1633044160623873, 9.449115132710514, 37.84438412462247, -86.0822101185739, 37.59580175623587, 13.007603763939414, 0.20973273164881423, 52.43448372067753, -39.63788835075156, -112.36491783523611, 83.00123355057575, 11.713571528361669, 81.82944986254766, 66.41375182011416, -32.13247681862306, 57.25762020491867, 19.464974792230503, -9.935535974924578, 130.6437097063608, -14.422921243309206, 29.52853032054754, 30.852656236526986, 36.809118998966, -48.66952423822039, 110.93345517768455, -50.66841280617507, 87.95284329766064, -29.72288144969364, 100.84136734099607, -56.02823041131485, -60.86125012245167, -8.723728354429584, 94.29028857809574, 19.617553270877725, 26.50932688184417, 54.210909669462076, 33.66925542752599, 29.650313644413878, -75.51111269280116, 12.394870444766209, -0.435062131221118, -38.4818158753893, -18.002272203423715, -92.3268330950631, -93.26644846094472, -8.187372273224064, 98.93699979341974, 13.143067190905152], [-35.159884869082916, -54.42044975141882, -8.767222462303494, 37.528739495514124, 0.2567411339937279, 31.75627926034691, 579.7594651261151, 99.20381393517057, -21.060366240956473, -29.880398266816986, 81.58013026758834, -42.813290258730646, 76.07425962925751, -7.934736971562637, -73.20624155375029, -49.758760456220934, 11.067917116948122, 20.344726353192893, -34.59464745640362, -36.38868340164935, 27.930756384691527, 23.528133740497836, 81.99323257200165, -54.22772801857654, -38.77027716813052, 32.836051114517105, -6.747433319197956, -98.0337035718569, 3.798352532982187, -34.44591081701775, -29.2145225654341, -18.368126481804993, -75.53608770702216, 82.69504739105902, 156.54698464763746, -16.246020139399718, 59.43124784309691, -44.450280452959035, 10.703731662663149, 120.16899448676104, 28.73049953226235, 15.38478622681391, 30.55044529966449, 140.02645901184655, -66.54412677795857, -170.7451266128287, -48.388146147782656, -37.70591365862302, 27.560328827182623, -62.22382816584933, -7.527780285212422, -6.0894308564172315, 9.462909514222082, 11.599989767231818, -27.02592190709438, -66.66195526115769, 29.511846741757427, -50.50837674649313, -0.29194327263928793, 2.394858537314345, 18.286000113894964, 22.92845235782626, -62.09460817868734, 63.835119257911494, 13.31655049981699, -16.963532403224345, 77.13234362826495, -26.740155325558217, -19.663935551182583, -182.55714592750647, 24.038778540394215, -29.432009173995038, -29.295361146415637, -34.61238648424844, 49.880614973446626, -62.30357636273678, 76.82288159684576, -19.860058591677884, 27.568098313718753, -89.00296398312864, 32.285832973048656, 60.49415209696256, 52.626813328631535, -7.635732736075358, -82.91186281439992, 40.520762277316884, 95.62659389733501, -57.801900229285415, 47.03321063551172, -64.15789264639687, 8.942477785530768, 6.3800815742282095, 26.88305779108832, 21.438784121462632, 31.93814327742051, -65.0691766311654, 28.62139601846366, 53.12235810559677, 39.55379587142762, -0.34351110866572054], [-40.77861358694706, 6.105963172612065, -0.16834878665099814, 75.140426688608, -141.38228198498726, -15.092420228328457, 99.20381393517057, 607.1179174883573, -72.72165533050716, 6.557384292863072, 31.30863218203252, 40.35339632964268, -3.8045022328642726, -29.94503997550851, -35.34183534685681, -148.84537259366164, 16.112674964067647, 109.4900126236619, -70.86074671011515, -5.536788148362608, -43.563704798378396, -96.43910348544522, 21.98431470883536, 44.612499369845786, 102.13199965024963, 99.78433569370883, 13.018000802284002, -31.14008220008246, 14.622358186197236, 23.687411051801107, -61.52086432361416, 39.56046214908709, 19.288610015690992, -35.02281664749739, 19.530449640037734, -11.760915142528601, 35.39258001324911, -1.1612082264851302, -91.6837791207371, 36.29861683026244, -52.75696639104082, -41.44512153085195, 15.674530181617223, -30.539469435595432, 92.99141483227953, -10.017765057901876, 33.916047806293484, -13.50332108077203, 49.07257487953831, 62.215825313280284, 76.5133792376895, -119.52841596411552, -29.62039561805663, 57.295945163318144, -61.98453347692905, -31.37647182282616, 95.98191800761039, -115.7723190827972, -22.44188317756334, -14.269485293979269, -31.18043082281766, 30.302999222358423, 3.395847289813168, -63.87906092078529, -41.28115036515615, -80.69354999258486, -1.6841867787977, -103.67652778269299, -28.08053764601466, -92.11804151751953, -10.716361789471037, -34.20150635696864, -73.51194224251466, -90.26618877066257, -3.8553632097361166, 138.41979555524205, 8.55227548681582, 87.73270349416804, -46.97869515525381, 0.36262249168146116, 116.77474716107582, 4.8707076554874575, -37.77486257148265, 121.79295067517708, -24.516464960575927, -52.47299728542433, -87.16507716383241, 29.994543726262393, 95.26745263317923, -111.16516512585733, 93.01919561478607, 129.6130532623722, -5.327978268345126, -129.13594784436535, 0.1722549163845398, -96.90985971393096, 50.11770542249348, 22.415968643438053, 29.233491474999205, 43.43288621543709], [91.63536510741612, 59.658675201602236, -33.951245703146895, -56.79736664550432, 46.95086649961098, -76.3091252094571, -21.060366240956473, -72.72165533050716, 592.1899907078408, -75.72003290922096, 8.341563901654439, 97.36249191503744, -36.61219742538152, 9.011749664243801, -55.83624607106544, -83.86842071106977, 8.8031860296755, 42.756600077213044, -33.398538033538486, 48.710902347796754, -65.76421350975869, -39.254037136345836, -33.22443044454529, -26.290457544138462, -2.8721883205452947, -4.964157352498133, -91.37050243853096, 111.10473426248657, 18.791813832858526, -68.09371383357002, 83.96299976075902, -112.75257846799032, 31.485862058397277, 44.000072521285325, -19.769444455983223, -20.345759743995263, 35.46211373136906, -63.071215558499226, 115.33534596224689, -19.841756060330795, 49.530004050870126, -50.10647443187669, 13.298422430978718, 130.79499850233503, 0.11235208586253413, 130.15211404778145, -59.354615923334265, 31.224384688010268, 25.788228433457313, 33.381528416649786, -63.88769496592826, 9.41295743271295, -17.17626429602582, -125.35008243897944, 23.95064499007375, -45.93186205512269, -47.80611753107858, -7.7566055008969075, 21.91635864309425, 0.4386827468482802, -40.39075750072307, 0.13933660543969012, -25.804714999613243, -29.194783420455742, 24.009779930994668, -56.320401645747275, 12.310211313464183, 38.08141771232291, -75.88735484924061, 40.98830028890215, 31.592634905341505, 6.858031133225691, 2.0638253775052373, -18.40091566924927, -51.7491495489569, -42.81590830488591, -13.272800012160879, 0.2849318608797377, -67.13166996444123, -111.44102243908017, -3.6570476141652333, 102.17835788852601, -14.458276426275873, 79.07505909277133, 32.98029523226719, -4.845910417596145, 3.790644745960132, -45.05976125653779, -47.44337651239324, 57.408216641001225, -73.22161557011256, -8.217193153257922, 22.844244954996284, 18.28858484857862, 16.892110926707623, 68.16077614322055, 19.949253427044937, -41.697094904570754, -76.70354891603324, 37.350126105203145], [141.51900419492753, -54.54262942471158, -178.32876663560353, -12.90472381776082, 4.3104077748870955, 106.76875280974815, -29.880398266816986, 6.557384292863072, -75.72003290922096, 794.1240270934662, -8.604605706833615, 120.03214043084415, -73.27268529917737, -100.46580924845696, 2.6752457609233633, 127.9269204156192, 56.2438022057945, -43.82168917633217, 31.927478495889044, -1.402637073544683, -38.72902934267367, -28.308837454948012, -74.15900914200289, 133.25303007017519, 88.84736385616658, -65.2081455200464, 65.75867481703591, 10.942319108461149, 49.256971894916916, 23.402164639318617, 19.11664094809659, -28.28253490756963, -101.10456745691476, 21.07825768443059, 12.641484079786826, 85.99896536112689, -29.361229757782397, 48.697781592777346, -13.619364578371462, -100.97217881346583, 55.89433868376628, 54.75789490957348, -45.73759002181884, 35.464312452924375, -88.02210544989745, -136.30139145871826, 46.51612312976548, -10.03482326163842, 99.5909748962889, -27.315665421116947, 42.69317530302839, -37.56715553036698, 52.704262560369195, 73.0547809981332, -36.60733914531715, 17.167476665652018, 45.198866285516075, -12.12175326937551, 57.61964080209369, -42.554623811906076, -48.66508201055777, -69.10060444385249, -19.578284085521997, 78.15088797602805, -108.67193666281605, -20.26996036244057, 42.4464454534286, -22.397994179300895, 36.497061016079016, -39.03265973874491, 20.760651877936898, -47.031951341208206, 6.287066859763211, -85.38562589306802, 102.74262068281749, -42.473494496069804, -50.27896535632777, 88.39878587526358, -27.212231096165358, -1.8499922523131545, 45.54868804556377, -30.36480255790249, 117.69267141991554, -44.631072883836296, -4.037482005966064, 11.331750169859632, -7.231118220332467, -128.86668720176706, -51.44890532715689, -1.279803247536247, -63.59670767790756, 0.9290539296185937, 99.5003542051977, -10.319289501380775, -84.80673952743375, 26.882558131958792, -68.08202943676079, 6.005686826428058, -8.209477579280522, -19.8883799878627], [-21.034502097297374, -55.84535128036788, -37.044800306899965, 43.70694779808084, 60.34988030530861, -10.866818196748548, 81.58013026758834, 31.30863218203252, 8.341563901654439, -8.604605706833615, 700.7701831130261, -33.59855404439853, 81.43274009387521, -26.252412932913032, 13.66597892289889, -17.31196347173332, -6.327028608088762, 20.233770593016395, 137.3447304604036, 3.9789967583983743, 115.92982023628409, 83.64231899986626, 22.571441513595477, -12.24263333016516, 28.5094455022267, -11.642589665196487, -117.55100216431272, -48.46329722979961, -81.48817696545116, -136.75500342738897, 3.8808604428814966, -7.555251767617359, 27.517447409339834, 40.628666788843134, -7.135091126954524, 51.92046320813843, -25.732963325609433, -127.70482127064822, -65.14978037667164, 34.43947084429106, 12.578640812405085, -50.85228546135002, 13.88699522155731, 35.743229790284865, -45.066797522169765, -14.80539484011764, 45.749358354070296, 41.956051341706214, 61.87069745025783, -31.619120668928662, -13.352524771269318, 4.798199184552164, 5.0104004153858, 45.19800721142571, 84.40422074670282, 53.57076403190148, 29.734009806061216, -51.678587681421305, 62.13471669342197, -27.24572811345667, 57.001901197946474, -102.50157234838333, -54.99798326752074, -76.7446311369982, -52.41937219740873, -8.878114289399107, -20.60345090218194, -41.40334130994495, -82.45778504571032, 33.30445811539666, -92.53047220811975, 29.456538672735427, -85.01925537584864, 69.93638393130495, 168.9646690898391, 6.342589100802577, -88.2804940891851, 31.748596079714957, 71.75281089058274, 15.850067128322197, -87.21341195240689, 59.20571603673852, 21.915050185962595, 51.10895724931948, 21.575803155091915, -67.37319378546432, 10.990214886385447, -25.47406350587687, -43.195385808592015, -134.12792550144508, -23.61559156304519, -118.7665932169401, -28.635946602015604, -70.46017574349915, 84.81063682315676, 94.20119797339196, 164.99955255191588, 132.47182086935686, -18.004211334997212, -56.76058770935925], [30.07708244410172, 39.40392131021926, -116.74899568781548, 37.75386250457368, 81.09024219694767, -1.3135928150177845, -42.813290258730646, 40.35339632964268, 97.36249191503744, 120.03214043084415, -33.59855404439853, 710.8252424216483, 22.3665462927808, -13.678005379590202, 50.60647209434864, 41.658151794821876, 89.30949302346575, 38.131633449423106, 22.0302220236101, 10.125733329860969, 2.9057917571575747, -11.900517185226871, 38.972084497485056, -66.10325872819983, 59.01336349176846, -14.079013003016687, -18.34542880211015, 45.39683730194398, 82.44143130742486, -23.369126547684647, -65.9950658400139, -50.871142075112346, 34.721766667769636, 0.4485607054518644, -29.57726807646336, -35.16389912374008, 86.87881269726988, 38.6228339072695, -63.0142186509968, 56.618836648182146, -42.366084615939506, 7.115978220866793, -93.3740948793667, -44.78779422795118, -55.8388859636552, -121.97569673708128, -94.22682561773638, 140.55467266386862, -118.32873192827692, -8.446595811706882, -42.479511868034564, 11.898313044611033, -14.267731378233233, 24.01629319460791, 47.82873654785435, -29.068061624358343, -17.75203502780752, 34.728682398947626, 35.19475057445629, -10.124866487421428, -66.1386933772355, 64.74274871563894, -13.33493859674513, -79.05418374062954, -111.55079813044111, -29.236655720765576, 86.9338741214259, 52.32150515439666, -110.40559320501657, -29.847007353103542, -24.293037696477334, -37.63952800388712, -58.02336833498947, -37.99738159614857, -23.570810720222088, 5.571100459349759, 17.640891387830788, 8.036805541644863, 83.85073727718132, -46.06702232513993, -41.9976535053255, 30.524141163037807, -60.64258585251208, -18.36787444620622, -38.96988413128953, -67.53955540689932, 101.15646539083878, 113.7634876799838, -101.3673772709567, 18.153972827789307, 51.59396263892623, -13.083999765726627, 34.54809440070015, -79.90976424497897, 30.223898217481196, 77.8312399738682, 29.294017856630028, 41.07872775214566, -78.47305259931103, 62.92695484730187], [56.74837868421228, 22.40378765504474, 42.57965915745191, -45.40180934505217, 92.17077172903338, 156.47194502482475, 76.07425962925751, -3.8045022328642726, -36.61219742538152, -73.27268529917737, 81.43274009387521, 22.3665462927808, 837.4842810878888, 14.368547130239126, 27.313118173334406, 30.61872871605307, 48.80626789848736, 138.46479985402567, 49.4464446768977, -25.85908879130951, 116.26964297008729, 49.698174771121224, 0.34622578987948033, -23.258628384752093, 61.4192089604495, -24.648870545401927, -150.96429705928276, 24.429986213074596, 40.89783550466665, -113.91718472776634, 20.247273526378535, 3.9588100665614814, -2.6712680202101544, 123.5203334512524, 98.06482023303097, 10.186985639078502, -92.08125349332825, -161.13848389969343, -175.5755695895798, 30.947396244699313, -51.72922496879089, 159.02960299069346, -82.57844900489437, -94.4084627513568, 23.07329511675454, -92.08301554232887, 48.30724277064024, 35.25497302755548, -13.723113272925383, -73.45329007435149, -71.69019214125998, -2.8028774728087913, 102.15783468445598, 22.863303879142137, 112.6417754604994, -10.977779561123171, 151.73914120724217, -119.32625482827916, -60.029509956693296, -96.53238220601138, 7.043301010420783, -155.298559922945, -28.453428207690976, 9.502891028188412, -57.78367534971575, 111.02023925516856, 119.5892140152399, 112.81957266817842, -63.44481596078364, -98.41678040406431, -32.6860373364056, 43.305919020256844, 15.798934630426169, 113.62332856387187, -0.37808220961227934, -15.963469814139062, 3.17811152984882, -110.22834028562018, 67.07324932725388, 39.253370668911124, 21.259144252986758, 148.3138106282356, 44.21429656644256, 11.944497600202096, 152.66126309123968, -2.809722345266778, 52.339080162004194, 86.61035349008814, 138.51876305595863, -18.19111515372647, -10.543981630675482, 9.219413472138585, -49.01436306635789, 76.2681741302988, -53.061534755064244, -68.74147329027173, 19.900468254951782, 30.353458140262173, -28.034141550364303, 82.87332257626232], [-76.65056876935869, 15.015578496543492, -75.04504673940043, 50.657463680498644, 125.81787240673589, 42.179511536611024, -7.934736971562637, -29.94503997550851, 9.011749664243801, -100.46580924845696, -26.252412932913032, -13.678005379590202, 14.368547130239126, 586.2525379093057, 34.78604670721678, -50.94461996759859, -82.82360563762556, -75.5633901813482, 21.8809205695482, 92.49166170757552, 99.29955137078792, 27.019552757391896, 130.5583076688646, -33.02640846589433, 31.779111555461228, -42.133109059217, -36.47363135054416, -5.038947528438526, -68.18830107290181, -64.00308677027894, -23.915942667751068, -52.30564562314743, 53.47844051433644, -53.10273983156832, 30.9105341015684, -6.284489547743311, 96.74859181928664, -116.70115213644807, -51.86801552347838, 29.320771291750226, 189.89446518519887, -88.03304052238794, 83.36433373449718, -128.83529103498918, 61.00293868995519, 18.498705034709893, 0.2908925440106434, 115.92714823116714, -39.546981959527656, -64.88249386433542, 15.566014154154052, 55.94869906933488, 26.069761238284357, -94.80684328661967, -41.83290947267272, 41.15187821040933, 47.08363573425239, -27.937014705803815, 105.71554651968519, 129.39274876684246, 80.7853280350773, -46.80336430254387, 94.7537837697269, -60.07062575894719, 23.31149260469324, 48.99037467546941, -53.78271247059443, 47.00614876740618, 95.20236242725022, 71.75473118249087, 66.15675550470526, -2.4810656635155035, 55.46635295419997, -32.17223872868249, 112.10291482515291, -86.07793111388457, -25.919561045917888, -34.47868687306965, 29.717226234267322, 91.81986386077958, 24.675148654841294, -52.673662820887806, -55.786024556631986, 82.0180816861531, 56.94632760686824, 59.26203460027675, 45.472578157428174, 4.929713558401258, -31.272314696274233, 72.66796012065821, 146.7103805544346, -16.102548963507605, 91.86079812408468, -173.4752650700546, 29.99671401566945, -37.034675890500765, -54.04576802141988, 6.548170510842835, 54.73567283811188, -19.048128649651396], [84.6027365383678, 12.822689792200022, -39.13595984137114, 68.98932686303056, -56.26444915332126, -43.775294400247354, -73.20624155375029, -35.34183534685681, -55.83624607106544, 2.6752457609233633, 13.66597892289889, 50.60647209434864, 27.313118173334406, 34.78604670721678, 771.0670724495117, 87.0541289015285, -141.23348188347018, 44.02681707708593, -45.190389731670926, 45.360075857657186, -42.96773168489371, -55.93814954907277, -39.91551624249513, -20.645272030702515, 19.583981121345545, 19.09826865758008, -39.23099034001072, 138.26008762920858, -32.234853543690136, -26.907451702144794, 62.91933031328035, -3.07664388762469, -24.515558299219823, 23.352248936973808, 33.49015771413053, -10.496300503306278, 50.72977886978001, -24.492056769983638, 41.81791994218845, -85.03952949306525, 78.28149222368957, -140.4633154765314, -77.9685231449444, 6.472578242409817, -83.42123065195587, 29.70825279631529, 18.46616539929475, -100.00999084255203, -5.995500065588415, 7.036901426868749, -97.13625826668688, -51.67463772597154, -27.167383637961656, -54.925262277073344, 99.09146838189616, -40.35850412227212, -139.5314965242862, 148.56403779057712, 204.48512467370273, -36.51319873747293, -0.2674937805221697, -2.845348211475659, -43.29572928956905, 119.91230612088857, -76.06043199534952, -43.57137019024441, 38.97714502345804, -75.88140933485457, -73.24232189937094, -111.22460339158174, -46.03776209858162, -83.72137143045232, 12.323105216730093, 93.75394057527535, 76.00259545667228, -54.7837248921135, -34.051848394185285, -51.25782545210712, 25.88720337101163, 114.39189273951983, 37.24317821736577, 79.18078341139184, -29.67010251506004, -151.5962931589792, 57.228953357664295, -32.65358898497149, -33.51584685859843, -48.71661400743621, 127.98999856185856, -111.12487796160055, 128.27602093526457, 80.13523753456923, 69.25775217335865, 25.01519089311626, 35.854802091027224, 41.33912152930463, -51.15425947749957, -36.977626425316416, 44.16597813884069, 30.83321737369726], [159.67068739444574, 19.547657686960765, -28.879230937037402, 16.964711742587138, 1.6104388575725266, -16.311044723967203, -49.758760456220934, -148.84537259366164, -83.86842071106977, 127.9269204156192, -17.31196347173332, 41.658151794821876, 30.61872871605307, -50.94461996759859, 87.0541289015285, 627.3599234756325, 13.922130928945505, 14.63775144150134, 80.10146845336526, 13.295440973220167, -52.78573738526845, 11.62136501161618, -87.74120609612217, -16.17518529051129, -126.04197970696015, -24.02351922998032, 67.05293856660121, -107.49381842636197, 45.451557500935834, 7.639552138526972, -61.503001789421376, 54.014406354103976, 72.4093032265904, -89.51587642152691, -28.392557990140414, -0.9046052045546246, -38.546863015478195, 25.854025291492956, -44.97799080145978, -40.62130797111299, -31.60420406783496, -39.24833021673067, -52.328686508226184, 122.86989849543795, -74.91197005780725, 65.31040363871135, -1.8058967769513492, 5.754314999035001, 66.00885761437532, -98.61986407233054, 11.64376631277671, -39.69390145002749, 82.87558874943021, -25.0636759054438, 37.95510397523549, 111.1290492920034, -42.16008799793358, 26.24400594544095, 33.36514320468244, -85.42979167321697, 92.8228837385993, -95.44252392081525, -59.17846336847395, 138.74136974548642, -5.205072711506973, -42.39871722466921, 9.668004383572073, 13.150835029515086, -57.345176337745784, -50.913414109536824, 12.98227549471763, 11.552842534867612, -103.3369898805444, 77.90623813259506, -18.740569899612883, -108.9510749616688, -80.69078050521154, -71.83537539541814, 99.25126186974785, 48.21916472821688, -58.98510605556711, 2.77628598179414, 2.3469372344001225, -101.57966780267388, -7.726647563955039, -52.18200122424825, 13.91721736210404, -87.93652161519162, -38.17686707393713, -31.302244187741763, 40.876705520331505, -84.34417078976381, -44.25457623380654, 38.46381931176197, 41.92321473562321, 106.64523654190353, -59.71540877417575, -46.61868992225206, 44.77906882865588, 15.799829184013324], [38.643729367281345, -4.958194899215154, 124.52545340632344, -154.00349656323363, 46.53747550873103, -30.019430737035236, 11.067917116948122, 16.112674964067647, 8.8031860296755, 56.2438022057945, -6.327028608088762, 89.30949302346575, 48.80626789848736, -82.82360563762556, -141.23348188347018, 13.922130928945505, 691.2903982858855, 36.65538334798146, 100.0944509235421, 29.25439434676205, 44.25523176487445, -35.0962858549852, 117.02498063997572, 152.69552811036326, -22.31006600637335, -67.4424847753149, 9.82726378565263, -49.84177481335746, 9.255973126464488, -43.98905118420387, 52.2851145671656, -26.2525765879943, 21.0804868543639, -65.41680379059784, -62.38092070556404, 121.43657022483531, -11.968233419744216, 86.62394952453474, -115.68589385191059, -22.314397359752007, 14.573828472138558, -40.265177691477334, 11.762842805004718, 26.93481048574625, -83.37350867079952, -37.24173850780893, 34.61094822887762, -0.14575111227118012, -7.718803570198538, 28.80193333177457, 11.42226783381632, -43.45147483944841, -19.874820404930183, 88.2177761791728, -59.10388568294437, 4.547204351756559, 65.4535346043333, 97.28042496110048, 7.880881204349008, 3.7781679128272407, 76.79005270094105, 37.882567351560674, -112.29884629099509, -29.150164187862238, 34.43603089127154, 92.94704984426767, 49.040774590259225, -78.07917798212826, -40.48037004343286, -83.19058721572932, 52.90630089617296, 54.728005374811495, -84.97293807984478, 53.522283065261064, -86.88576187357215, -37.86851653552504, -8.41371206151026, -64.20629246680122, -108.2107092106097, 12.976934882488838, -192.87315675232972, -108.01036640782155, 17.770305938819753, 40.54145216126382, 65.0799732783654, -52.909764471937756, 77.4232689471142, -15.861642576387691, -106.98297336868326, 52.968991851818686, -73.02482439009563, -38.94424336040156, -83.06146972836406, -5.889443692534631, -47.148934561308494, -54.238442192590746, -32.644647130062374, 22.02590621764959, 6.6623815725267885, -13.12748583872769], [61.655516033114154, 92.37711922772634, 55.855558612332004, -35.12427061035763, -95.73698489868755, -52.94231682685113, 20.344726353192893, 109.4900126236619, 42.756600077213044, -43.82168917633217, 20.233770593016395, 38.131633449423106, 138.46479985402567, -75.5633901813482, 44.02681707708593, 14.63775144150134, 36.65538334798146, 728.5657178266646, -70.94861865786771, 37.441778325980906, -27.142593034582475, 122.03443191143492, 27.523852798782777, -70.4348627363603, 11.877021402647648, 5.774599399554053, -16.272717237206503, -29.588864836068566, 9.195039432915841, -60.543832107594795, 47.02256413669724, -67.20961831544827, 1.9672887242187624, 47.86959158102897, -127.03460734648465, -28.932081360060455, -125.44374814710949, -31.06560254225132, -151.46306111434254, -88.89303361444779, 52.69518289004151, 80.22413575475755, 78.20325315534863, -56.20661950731395, 5.418575563938419, 74.42519631545844, -5.083496847421834, 4.974624137603266, 43.83078143115567, 16.451212395267763, -0.8699681697793857, 0.13344660651562548, -110.99060238841939, 41.31329148986405, 122.21065063257836, -6.748930974339166, 79.47617219074878, 93.45368326213078, -34.82471734274481, 11.413184483344883, -53.60678287882442, -137.00874395159622, -51.864601340955055, 36.95617865862606, 8.319181536231946, -1.4739946359628726, 16.929043909076526, -71.54538162721465, -39.043510259114385, -68.31447492150811, 2.5810615400772794, -52.32632748164534, -11.028127642315775, 3.7776122722023224, -168.32426416733455, 2.997086493525506, -64.43287856141085, -22.92333332861451, -66.7378246456459, -29.62498619748806, 19.73483151532982, 10.832015338112083, -45.33551417183542, 122.33101354134972, -115.01318984630574, -44.01159941839305, 5.439023927856547, -9.711083131845188, 56.26620738650019, -72.69714855632726, 140.49302764939242, 49.713791420235765, -71.92577632056862, 17.629383726861096, 54.84152205035382, 25.155005105176233, -7.13347355613294, -22.542424400784903, -60.10306711506486, 63.969073818615506], [84.41499316220532, -47.385190816769175, -38.33636046519399, 2.6728188910272217, -60.451192981641945, 15.904489012126142, -34.59464745640362, -70.86074671011515, -33.398538033538486, 31.927478495889044, 137.3447304604036, 22.0302220236101, 49.4464446768977, 21.8809205695482, -45.190389731670926, 80.10146845336526, 100.0944509235421, -70.94861865786771, 770.5451468274798, -95.57503046008446, 1.8041191990328571, 51.96839473341832, 26.536798743694714, -9.21378081116597, -74.83961920144768, 67.34945335040527, 18.406805424980256, -126.143098245594, -116.0934615522754, -18.2492661391455, 69.0846442346626, -27.359902523938054, 160.1453159730593, -85.27325816994822, -64.85810942549314, 151.71287207669107, -33.62907109153315, -125.32476214519842, -101.30490395207094, 33.1725677381818, 63.28216334420162, -10.778612483034138, 49.82403002715059, 97.05619631454054, -56.273771839342, 26.766812431972514, -49.50196513764411, -23.047184569780992, -28.922983671907414, -124.03120862290352, 85.70450462394024, -50.13761482062236, 158.45386375698993, -63.062641467651886, 81.82497494621146, 93.51166229865875, 38.586328676391936, -38.213193147261926, 90.74433423943765, 18.02710484289797, -79.58344381193263, 0.7127172410146828, -86.52910889452345, -71.59950105156186, -36.87291661269158, -47.89365051205517, 32.06948057545454, 27.766251363389642, -51.059405274460254, -20.967662016766987, 75.32948400099116, 7.852722856878261, -9.315211466946549, -37.67656462954823, 115.07796421783253, 31.043775905367415, 142.91758429382665, 20.774496215223394, 40.72276486293603, -38.166556648607525, 32.86178326338248, -83.13342247070163, -88.8193125893205, 74.21202736932932, 78.8752556979612, -95.02161988280012, 12.132801682018306, 106.26507427211462, -68.84001083964418, -4.226556272247901, -12.23443501184279, 33.77177587919174, 34.12123798005523, 12.792972941484887, -7.218609246163661, 42.76952627170833, 79.83790621691344, -82.91306874093671, 141.07579404007242, -25.684600559407514], [-91.81351507007129, 77.27784423810175, 15.969263360499543, 95.13465784839428, -4.148497702459043, 50.39666524770919, -36.38868340164935, -5.536788148362608, 48.710902347796754, -1.402637073544683, 3.9789967583983743, 10.125733329860969, -25.85908879130951, 92.49166170757552, 45.360075857657186, 13.295440973220167, 29.25439434676205, 37.441778325980906, -95.57503046008446, 730.1047696331982, -37.934452942093166, -4.610871478033362, 96.25454912146579, -19.02981671324693, -65.51183194414587, 43.53507091649387, 130.44849436657583, 21.38458790443186, 7.849817957991519, -127.95680842881205, 2.1841249726617282, -28.299380858230407, 151.3628564361031, -52.722179999487174, 19.367793853890134, 17.354290628888638, 86.30828594043808, -67.00305147341298, 56.81602921546437, -39.15952605193257, 49.24803306682777, -31.22497016479568, 36.943881855330396, 47.68173908745635, -12.305432105195015, -36.4133429544106, -40.624935147713465, -117.88869321515045, 59.3498831222073, -28.479623573711475, -17.098191910758786, -18.13450216190735, -79.96233202477566, -50.636145550454, 68.78403053022907, -100.63401270037075, -103.03758631519479, -19.516879568232245, -25.029163105938277, 66.62543498316106, 6.253986363895511, -46.08319640249522, 34.31189209060692, 100.76863387052967, 11.011205174376837, -36.880831957645036, 18.213606159907584, 34.3234264949292, 3.924899978996304, -14.29293702117401, 89.69048953751759, 59.54623078829539, -54.121960326842384, -7.408089042813211, 29.576139210007536, 1.0644141673101901, -59.51323983326008, 17.78892246872013, -24.093146280584723, 104.29926650301955, -39.50944440086783, -14.566096449860584, 125.94154896554144, 90.66501622752361, 76.86337512905686, 90.96402063899006, 134.74302547315403, 44.075285008522926, -75.51713019572364, -50.694937615328904, 21.4668613400306, 79.64097199480128, -23.335686000057766, -178.42581390937895, -3.5271660057519316, 175.1290023978897, -66.96274847612534, 87.37102458124394, -158.83612750772406, 38.5184346473241], [-20.501513510256867, -43.497202888698354, 40.96177320937244, -69.83409253857806, 113.22039178147318, 135.43557432035453, 27.930756384691527, -43.563704798378396, -65.76421350975869, -38.72902934267367, 115.92982023628409, 2.9057917571575747, 116.26964297008729, 99.29955137078