{"N": 100, "M": 5, "A": [[[643.7597560374879, 105.26938600538304, -46.107183730598344, 31.853300279051677, -4.752762242190364, -3.528558575246604, -20.508468936267324, -5.7747061530961235, -75.71365536233036, -29.295982619600373, -8.738101459630778, 57.154329597180016, -116.5972556844576, -25.131709503793665, -2.326872635110275, 50.66931581104749, 124.91648812151342, -40.74407669466307, 4.216873431124086, 81.80564654788074, -101.2114569050345, 51.706153287821365, -98.54702574448584, -40.78040343702959, -43.38455514978511, 81.13558756364995, 8.503807426641703, -90.25335304738798, 11.746345748239564, 65.54575932905492, 112.93212589177507, 56.6838371568371, 2.5683596980875296, -73.7287097447489, 40.08800611075905, 37.16600906100723, -52.83153737400983, 57.62308324840779, 7.054374737695777, -46.31297361634661, -0.24183314376129772, -1.1981486334712907, 56.07024577213349, 4.641753752930198, -0.4551587978457389, -27.63267385542507, -52.90235626189963, 2.9010385434328048, -96.1107087593886, -154.6359831963604, 5.727976025933825, 30.205103663249396, 56.88522597403054, 15.735802338453148, 132.22599714313824, -19.068782074402215, -64.19426778554234, -104.47665860285738, 89.71940850735056, 47.292125864976555, 105.6600560951538, -56.830274175736164, 71.53054426112959, 38.729078633976, -11.895847450141488, -55.80826142217707, -22.479923200536927, 75.85070605572383, -23.144595721295754, -15.568242058592256, 31.661818338386052, -53.413366833373196, -44.92147364108491, 102.40435210159497, 65.85196063876842, 117.46876952358035, -42.33020627640242, -4.165559505656398, 92.57823821267665, -58.783055200038866, 12.655484345493388, 162.30426817702133, 45.60275621642529, 25.415486994683278, 107.62460210920398, -13.224056000200372, -47.77691229701228, 41.31437635437172, -35.21108450624457, -41.082850746416014, 60.8477786153289, -38.408994355966975, -100.7774220793736, 8.677525047130013, -32.2516846281302, 16.848662121611415, 76.76996108160057, -38.456509953414646, 27.86503344805393, 70.80240560324707], [105.26938600538304, 995.4797926488629, 48.56574667166474, -44.49847003115423, -64.5271308745973, 24.952389712838126, 15.54078538826108, -11.434884300071362, 15.905286647573833, 38.51086525053411, -97.22342889279845, 42.25692269028603, 6.865010628558684, 15.810848814216126, 34.094952925824174, -19.66934392022214, 8.477160324358396, -65.35981269881765, 112.62863699187304, 162.27764221804458, -169.06249732141325, 40.26549280066568, -123.2552624152835, -1.3806691632920238, 52.46972992578631, -3.7109649214082694, -3.984754556214679, 35.70151889025193, -12.577181843043173, -56.417678044783024, -91.66869060897497, -22.592998919904588, -9.417273556255374, 37.88689824683171, 24.573040167880833, -34.86150688922967, -81.23702433160267, 34.294281259556236, 28.139204509348524, 13.531564320139138, 31.75288151359273, -38.53822755001186, -36.105612624711036, -74.35676903795452, 47.31352765679282, -0.3192272149137753, -73.94208410919596, -25.33579755449817, 6.215430524088877, -8.222319661649514, -149.78419146992616, 75.16684803397295, -2.4178926560296365, -44.05719645813941, 99.71608427542742, -12.969214362166714, 124.39279770903767, -134.49511286256015, 203.48240430713275, -66.00923041700268, -12.671147844179762, 44.15491163540044, 37.654817364516944, 195.1525234723807, -18.678458991906854, -75.5490249252455, -86.26472882991396, 10.009846099034037, 42.98106048954443, -106.5246110309362, -5.237375108716667, -58.53959918450868, -78.04687060597034, 56.95842742709022, -76.18791536383289, 114.01341607792803, 87.63748557851514, -35.169112726805686, 11.069874744620565, -169.1209490159604, -4.98909392705215, 114.24856213005705, -45.53978270090491, -15.436406344736952, 25.665170555110453, 142.9568319933372, 106.21766454068126, 10.600814168981133, -35.91879817911226, -23.723432247194918, -69.36394873375039, -57.37846722729499, -82.05167795772763, 17.89741371919032, 65.5522687911542, -161.80361739870673, -13.054566091256294, 127.20442163853977, 49.90131257672849, -92.27996115550401], [-46.107183730598344, 48.56574667166474, 758.8842445802478, 23.862603876702327, 39.57169685422822, 19.56458444633535, -30.651996144707685, 58.81696984832129, 61.94063581969412, 81.65439855262045, -151.72559132490596, -80.96899792237042, 45.116098190860086, -76.4986965053082, -32.54139677711125, -172.7671329242004, 54.01659506189609, 11.306012298673501, -76.93904862951597, 15.47811884753105, -10.15283725867432, 140.55361617579024, -31.271582846341587, 7.718579324382518, 47.896777948810595, -76.15346704980173, -45.196934261485815, 84.89763144951841, 13.214536495020262, 1.4828286354232105, 69.70799849609938, 107.8346925778696, 44.10494308048338, -194.9326638737952, -111.09710037423525, -110.85217456124461, 14.290173714067707, -71.36039172816614, 30.71355736117418, -124.26641976699587, -13.556895783380517, 65.17214572574682, -7.565576569460393, 24.959019952466488, 92.35362410440203, 62.49843206362698, -5.4494003714406425, -48.11756430790212, -152.35868771762395, 3.7485995019534237, -78.97703897500939, -42.55945716458818, -57.089721816975505, 23.55513243170023, -66.34628056404654, -91.3996461734945, -12.590105462237737, -40.205577866670744, 174.25809065297506, -17.889992490160797, -94.58024952468529, -3.277619229239722, 76.92783510067127, -28.999758535276882, 51.69936976239027, -50.976057197728394, 20.496970090168173, -42.18242302896316, -81.82755507124047, -40.26019797512054, 21.846824018343977, 119.97871269580959, 26.34805666353786, 16.421908596629518, 34.41841334604553, 62.34278591513949, 52.05981483664257, 0.3040100432661063, -60.0468453033661, 86.45843860103962, -81.84374936584327, -36.280883666657026, 13.471213069918544, -12.253302683560314, -88.40456301611248, 21.585455419263887, 88.32410373279869, 167.02505862374332, 40.524506060020904, -51.793742554610866, 12.961069845285172, 113.42714228298104, 145.92534838805685, 135.0438654560516, 49.878866963802096, -16.289646950002854, -5.883499432079884, 4.275338290176321, 67.75438330070617, 36.31017889980977], [31.853300279051677, -44.49847003115423, 23.862603876702327, 699.2423459244512, 1.349890434427105, 41.338338778352046, -58.324700990803805, -35.51165158984958, -16.72179300596499, 5.382486006288226, -155.91493975002953, -120.94637836358837, -4.079123812084027, -0.7056536158260961, -0.21828563071657894, -21.96688264128259, 94.79212038673035, -99.05366276463941, -120.01362604759946, 57.636632759715724, -60.54421482876604, -94.90807843849134, 96.7665321058663, -80.49337073615312, -7.649742657147642, 47.01975102921272, -41.80961678302813, -93.07862750182599, -15.105237767919338, 13.060919405909752, 14.828043224606235, 39.26339469277607, -110.50665921040418, -9.384549791060762, -17.133801255176973, -44.11549715873267, 11.150926098676456, -105.14236564438518, 85.30711899774573, 17.707274462808655, -5.1318259487554485, -20.212798704226866, 76.6046995325965, 39.87683550982369, -36.942651849830554, 28.505865483167117, -42.286828218102904, 10.5149182606861, 39.00072557327295, -91.02653554922064, 19.23731148066559, -37.95648544809267, 2.6858869597340402, 32.767625383214835, -151.41528571520513, -27.916731996789824, -67.06367030129955, 42.5901584065374, -80.43141281469649, -100.15985911237186, 10.661540007147835, -54.66854404523984, -90.00143329442417, -29.690041978445823, 153.0343693098113, 38.02524002738081, -42.481308320784045, 35.438387686523804, 146.3731644928571, -115.49759719314919, -46.34769559668323, -28.719774243865682, 111.86836583388047, 45.397130040341615, 63.64291799192194, 15.969917666636057, -108.86792069685197, 17.523881141143757, 120.2332021477449, -62.63771560813094, 14.70522621128301, -104.3155461089304, 83.10364530719099, -13.447135805589502, -53.94681907005604, -37.006263615326404, 56.711842839752805, -117.15484257749448, -12.524795805146116, 148.73723122328923, 14.514961741651893, -40.979263545155646, -81.50671946616676, 5.848953736090495, 17.388207955965804, 99.92669957902255, -6.2385669300894, 100.21922411781988, -127.29029457216059, 7.787411330406295], [-4.752762242190364, -64.5271308745973, 39.57169685422822, 1.349890434427105, 537.2191833087065, -5.39439504095195, 54.318001490053916, 19.082907196944603, -118.23408273491391, -17.10737145358302, -101.83545273848794, 24.29981329156494, 21.347127065583482, 61.32050485762001, -45.9555285012903, 24.999044897627538, 10.011823883596854, 54.44145753590956, 16.550177859699552, 37.18764649155226, -26.819892258904222, -17.13461709218083, 12.482037771558172, -46.34245182608615, -5.202526150768398, -86.03048880409459, 11.825340753214691, 84.03922764696605, -31.057562318639683, -7.771467127682084, 124.427812533337, -128.50189743329904, -58.533075145333, -88.52162807153337, 38.39320356134638, -71.10144743472686, 60.139490250522265, 54.45131623515898, 86.5607849855498, -56.075572253435276, 20.097125955247606, -83.79055892241043, -21.317458578434064, -37.9728482503177, 39.74313137401087, -19.05262105022198, -26.8938003340679, 43.786198562143355, 9.74282966246925, -1.0590312393316024, 15.042274723984256, -36.57390196924598, 66.94466887866876, -40.49714194835487, 25.608521618158314, -9.916393722410476, -38.69145728233657, -16.974021964391827, -21.493232470353703, 0.35307278778438433, -66.80264299730501, 21.566708384520144, 43.27678425458519, -16.49207147589466, -9.964902205697058, 6.2016101596116595, -0.649915818430382, 21.81060116559501, 83.96079283861776, -32.1973377237243, -12.824317169273128, 46.64569568910178, -16.197948840109365, 33.690297326694, -27.42115664057894, -129.61213427720082, -7.5914625198541685, -3.7211974251466375, -78.02233607419055, 27.717439952404316, 66.91427337280386, -24.319435314695504, 97.52727058640284, 31.69013533011524, 39.109505731434574, -2.2341175187282154, -60.441786433420056, -13.412581829586777, 9.885627954098632, 57.84040886750856, -111.47537836985394, 50.25874262724572, 38.5165433670948, -37.16220136168928, 17.74291879726197, -123.04330612319315, 15.96498301637763, 4.682072809026662, 46.786728349547865, 75.26385299083637], [-3.528558575246604, 24.952389712838126, 19.56458444633535, 41.338338778352046, -5.39439504095195, 655.6923135605629, 101.06918479567246, -128.33615092582596, -20.356154143118523, 47.23479273604752, -42.350053043604845, 14.715230908003523, -99.81718184266876, -56.2315188202652, -71.04576343813875, 52.00973784360854, -56.95220364447191, -52.80527336901445, 78.86254980493486, 28.641392733982727, -45.25147237482635, -100.8361078716383, 188.73267054046886, -12.64745485366417, 68.25672535609192, 173.4226129045577, -145.95184102422797, 32.48899582426758, -105.26613541517258, 64.70630746211332, -21.63579770290237, -119.545624792952, -87.39108210606508, -28.51995583187784, -44.751140038789124, -75.53165756063835, -67.34502765617479, -47.29724219884182, -13.642660515963268, -45.03934829825313, -25.110258684103208, 12.166342414179146, 37.38533567453437, 121.48731613890692, 43.34948864295942, 94.72660934887826, -43.66483824127451, -106.13972101947454, 95.08801898400772, 15.2917727716958, 23.941613718295557, -10.139366334429022, -39.27001545121444, -10.695817060416688, -3.9266656180511927, -51.34468288709208, 106.8837232861192, 16.503874111611534, 162.83577246214287, -16.70812752171257, -23.84480916845762, -19.683484312520257, -42.101528078865115, 26.66334505285121, -45.51438429947155, 49.034369401910176, 57.838983010511946, -11.026718131282367, 65.43078016521062, -58.49074646924072, -34.9623642133909, 40.36971400307585, -48.019206167323524, 8.130356299507923, 136.47488952714434, 34.989156324388475, -53.6131164804343, 42.14325771326714, -72.00260057364284, 177.55486826085158, 70.80532126161052, -16.340852296680072, 157.35584973660087, -45.755150548853464, -36.99736975852919, 74.00153690928589, -92.44937889165608, 149.60152630035157, -60.804392819355876, -66.54948192626205, -22.61885027668671, 76.82517103205863, 41.20155758440552, -39.55647361098511, 65.55761136023129, 79.7571498072534, 2.5877743939680298, 86.99852955655086, -110.77576664925724, -34.425464982461854], [-20.508468936267324, 15.54078538826108, -30.651996144707685, -58.324700990803805, 54.318001490053916, 101.06918479567246, 799.0639484781849, -133.5474788230105, 33.74043473275924, 18.963548891026942, -100.83370917847641, 12.272966993839491, -131.97069875928491, 24.62920749282733, -216.0436623940092, 155.91101682264855, -133.789332137461, 104.01258376484093, 2.5306051758160164, 16.100816226031387, -23.460972365211802, 72.20015633132695, 56.66477949605113, 11.831831796633107, -111.45055557833682, 97.17492851510514, -47.948210044389114, 105.41363807057708, 52.33372711714222, -28.74825182289129, -36.66788262216587, -50.93163556937168, 34.43591076002557, -60.28317870125802, -93.00733321303578, -53.02514895397521, 46.29212885197216, -72.8569521011235, 44.34774454776617, -12.708780517381767, 75.32449281928405, 61.25731787594387, -132.10131450390736, -25.120196210008633, -34.263314251982, -48.7464300416464, -132.71187279704623, 115.50127959205709, -87.29170601966987, 23.96494987280131, -26.754246826853613, 216.76010758417283, -45.269248850055384, 115.76094516444395, 32.50550753732678, 73.87595195806271, -27.738623562025502, -102.40974128420942, 109.74428150081326, -54.81119612532627, -11.005408363479786, -9.762095738255537, 124.12857171458762, 22.47735428630911, 36.46707734813328, 66.37559066462656, 103.16043502692973, -59.160832303501465, -67.77491094450008, 142.63270557166447, -78.3737606439145, -44.3043931543629, 37.46851156833544, 40.33391257802029, 37.903981704125705, 56.23604357536114, 28.47849388974767, -18.260813269068382, 11.508040172416134, 120.73060353684244, 47.085415976977494, -50.09043442149892, 86.16764816248686, -30.76612894264307, 28.495068670298206, -7.282998255636509, -162.55563973608662, 78.02121980335204, -25.930124668934234, 69.98189653513799, -63.92657048631572, -49.48313775408446, 8.743290996909849, -98.68121480412832, 31.143856704036967, 9.820925293071198, 77.66646372747046, -86.01688694774512, 40.121868234455604, -57.12418544875785], [-5.7747061530961235, -11.434884300071362, 58.81696984832129, -35.51165158984958, 19.082907196944603, -128.33615092582596, -133.5474788230105, 640.5086239074494, 59.38369179484346, -125.64423179176316, 56.58124924946961, -41.47832616599403, -11.832101984319001, 22.895072561784673, 150.74833776381948, -117.8663218011383, 51.80188280883341, 29.455142650932086, -66.53265292197196, -30.009738537200917, -55.536374562866804, -14.86580931248578, -128.3105723029663, 73.04066113679278, -73.69294407936512, -143.20253463710515, -50.60444660635725, -13.789720587088976, -15.909469028974854, -0.895583488882005, 89.19789512160895, -39.005583957636865, 15.306385087130854, -41.11798283162447, 9.880351086272551, -43.78567932519177, 47.4273959426466, -64.41093554453137, 92.64616267376282, 52.00339616302387, -48.953959362894224, 19.8711991903886, 42.994758296754334, -101.88230364019013, 84.67498987744676, 28.30746413626976, -4.9784321196596295, 67.98127646807956, -27.809880170112564, 97.90378294641073, 23.692899653944703, 10.082661136305372, 104.01653032389396, -59.30422529258181, 16.244550862370712, -31.5445836953056, 5.091198784402934, 17.827954561097012, -60.30155822818911, 14.757628024160727, -17.684315552435468, 115.10010569453367, -30.773666635732503, 58.846437604909774, 37.39237961604138, -48.77118194915055, 39.31572524676213, 7.767611418080588, 38.37319046974877, 9.692830305627076, 39.03645315632787, -30.215905387216225, 20.351434819647302, 6.554516127508391, 22.99478895943969, 84.34927102067583, -39.03537335752889, -15.355343187854164, -105.925656293687, -50.061826563295824, -45.48071738409201, 41.761513684862386, 35.3853745547565, -49.08082248261212, -37.589127624547345, -34.071049079522034, 60.121504229031885, -146.56163554977067, 9.160628306105075, -22.965348981619833, 31.686927610793816, -12.828008625548811, 4.744333324441277, -29.933073922748953, -94.50975055819832, 34.64197852970461, -98.13910196135782, -58.772496276380835, -26.67315195882065, -10.678889226716183], [-75.71365536233036, 15.905286647573833, 61.94063581969412, -16.72179300596499, -118.23408273491391, -20.356154143118523, 33.74043473275924, 59.38369179484346, 704.1676488255256, -8.857712065359346, 8.154033731428179, 14.974363794195684, 88.10777219184237, 31.378778208288487, 17.35853014055515, -26.00626603556981, 40.469629414711896, -60.218442462182836, 38.755025674587316, 6.044280702664529, 21.65340353992767, 15.734584272677486, -105.18443166434844, 131.1041997298102, -78.26211279887758, -57.89977202056248, 60.498946757073234, -5.786099990864974, 100.37709653006702, -53.785995475388994, -79.16374864521909, 22.090336402711905, 11.29904458603042, -54.59084711237943, -97.85149992739179, -35.42198220982227, 17.698902866556853, -5.946062827226733, -54.923359999202866, 55.547342647767785, 19.54364064063237, 33.72740033653981, -75.98501027693216, 43.87220776366709, -10.533620003996878, -28.463535476519233, -1.2466092531943067, 34.026068168425574, -33.00188522195045, 62.173816077919604, -66.05225786393433, -12.169785378016426, -15.959415132532607, -9.445317300718708, -11.52326477890311, -11.077565227038964, -14.03427401977395, 61.761126274703884, 20.216191370651003, -0.2625337177123751, -44.7321070695157, 66.80097656012785, 14.526307383603466, 29.247360966066562, 34.28094000746544, -93.03123905273029, 23.47775263817826, 42.6131144930868, -133.41673648114195, -19.228134036152387, 56.94874424584189, -141.2826493443635, 5.613748876000952, -139.5885627934336, -70.08521246544562, -12.228702371145141, -21.393466962429375, -22.372429826856994, 39.7151271820899, 21.178502001985954, -15.647720096970534, -150.05978498625447, 157.40656657989516, -19.510886000829355, -57.339541883956976, 86.50933591190717, -69.06459728523254, -98.20880873596806, 14.018377059289723, -67.3124566060857, -74.44003992971393, -30.769808117024613, 128.96034657082606, 34.8235329790352, 80.54479672301882, 160.7524367944053, -11.26492431466335, 22.485606758713402, -105.19174697277596, -44.363148248170205], [-29.295982619600373, 38.51086525053411, 81.65439855262045, 5.382486006288226, -17.10737145358302, 47.23479273604752, 18.963548891026942, -125.64423179176316, -8.857712065359346, 810.928360127282, 16.754942480828607, -71.40460274487198, 26.74641084341566, 4.549642797777986, -113.98564395249916, -41.21981430855093, -59.83209789151234, -2.6910898792878606, 12.455647021541607, -25.8421124354464, 81.9077162906609, 160.97677485971295, 82.12463501977025, 14.72854434042683, 17.288637712447834, 111.8091262963817, -100.4708973898076, -67.0763650063462, 64.13199749166287, 17.76451165106127, -45.10683590112616, 114.12024221778931, 16.378790141176538, 28.62511668519521, -92.07658864825063, 32.508476756712696, -102.64817863817257, -61.23233752215203, 110.8430853083089, -45.720768422971155, -46.11336936348533, 61.673176262572234, 17.250621426558418, 37.58942581027731, 17.237131016804245, 37.27548301396123, -17.255437517919965, -72.45943073352893, -68.63144741715936, 104.86015677379307, 109.55038766930771, 57.34762277964878, -25.37678420076184, 67.7048907850938, -4.657421269851884, -39.72783190777703, -25.734001314082636, -112.34709968438139, 21.445649344819515, -107.33540628821589, 10.953447344117839, 72.0452665611179, 102.00489219739956, -216.79270528235608, -72.08570432138744, 3.774601824013976, -110.1898083936075, -39.21884850636209, -84.58279098850508, -16.51086297275298, -16.9431671054384, 41.83971749763957, 57.6785284959713, -50.52152947347202, -33.263941796760015, 76.85142335766069, 96.73626741707625, -1.5877900525082138, -23.087135710019314, -12.947106361073399, -13.49117711575125, 35.588537497603724, 26.44707114809581, -41.01180470602613, -95.21239984395523, -34.891859065240425, 100.07502200071934, 124.19209209385573, 3.423113756809847, -16.220318029778138, 6.24746955961554, 107.72952004967621, -27.06344719608181, -5.66756851411738, 51.04082098996736, 6.173299545650978, -82.1126836971813, 28.9344876841668, 113.27245035841254, -68.13278491695169], [-8.738101459630778, -97.22342889279845, -151.72559132490596, -155.91493975002953, -101.83545273848794, -42.350053043604845, -100.83370917847641, 56.58124924946961, 8.154033731428179, 16.754942480828607, 798.3807850197476, 75.31921736299915, -57.8908050387184, -45.11241431714022, -11.207686129798526, 68.93470808972845, -37.82635959712343, -14.97654964315019, 30.167345752547373, -100.63275012595078, 65.81796817541704, 105.23864555613594, 149.60292148815523, 13.891623177252045, 57.25564289525205, -54.43027010981906, -15.16484246449124, -89.26435927874212, 40.39288307266021, 49.43462101948701, 2.29241913276864, 82.92674490327944, -16.708354199726962, 74.89785148395059, 44.80011856624157, 67.15748680101599, -21.312693190584802, -35.682001681187785, -193.0938113260812, -64.66073762868109, 10.590478185045203, -21.621846110240753, 112.69361605150168, 142.2053791286425, -40.394066293638666, -33.25679990874417, -41.37671672526839, 83.06987878157435, 38.33379976176768, 8.930204269465644, 7.658495439956827, 5.575947361221268, -23.709124255427003, 26.12731039343295, -3.8880738279956706, -11.043270350374941, 71.57541520437606, 129.5338558050473, -71.62015990792537, 59.08375900434704, 32.52007732013951, -9.592138072997948, -73.84302967174281, -28.21721513697223, -89.05351444064807, 3.6534945558399783, 18.13158449170753, -28.57567975568864, 33.50107733814121, -8.889738491690071, 23.127548720626823, 39.31342360157127, 51.14029278532236, -160.30000571702303, -59.501512255218124, 24.60529429736182, 38.7870590821705, 98.96709442737816, -62.23782030276986, 31.3768696529986, -130.75662762992104, -88.91678360788998, -155.5376563065759, 19.83955158796748, 27.51753414667324, 10.15001732314598, 86.10784843393581, 82.59526883547514, 5.992761914460135, 10.925458181433177, -15.812579729882508, -17.953108714017382, 1.476057030791871, -11.376883149906194, -143.44155343473716, -59.855265387452974, 31.140359548912578, -65.62364719316489, -0.27169788908736314, 90.93644032700821], [57.154329597180016, 42.25692269028603, -80.96899792237042, -120.94637836358837, 24.29981329156494, 14.715230908003523, 12.272966993839491, -41.47832616599403, 14.974363794195684, -71.40460274487198, 75.31921736299915, 562.4824830572597, 19.42667373408634, 66.52013714014414, 5.178586466453351, 80.81021124961863, -31.566574217711796, -32.55509162591252, 15.517359397980528, -93.67208285163457, 37.11435836851862, 45.25921284704951, -42.75328361842514, -15.271967950342164, 7.2173408952051545, 18.556950014041146, 37.43600979735171, 28.394438717255, -60.96934222956959, 145.14149018559866, -5.413391267528366, 16.35892298574008, -109.2633498869571, 29.301313323111227, -41.8848889765146, 57.673382692030415, 37.2468235556025, -8.355485857949557, -165.58705941406757, 16.50054455705288, -12.383504336058513, 28.97411823873067, 140.894192899472, -18.502100120423613, -49.85246382367545, 33.86440917916769, -26.908988591529585, -57.31811761802092, -22.225914701863303, 47.93131686489991, -152.107030313663, 20.99387190729469, 32.921478226812106, -47.97865838084695, -53.20600008997735, 2.099980854728673, 57.46378201297782, 18.491676345882333, 108.63594344546752, 48.35512119069285, -16.167547984347287, 3.973078953088851, 65.48897869206733, 36.518808462965026, 55.391587634008694, -82.28640626852636, -49.944360369792896, 18.782295006836872, 42.80783976400177, 69.10346016272486, -31.504509477575514, -66.79563803890784, -89.70971035096896, -41.11596795227922, 38.71985184587014, -108.20521280908353, -50.1808944179783, -13.21124215301264, 17.08526163024909, -30.185807840030837, -34.37720407455512, 54.63821532725302, 41.403980174129785, -23.103214188681505, 12.143343303357051, -42.95613607538932, -40.916952026357556, 13.424014416774249, -19.350927170775552, -30.63735268453884, 10.358587750384677, 52.57188310350802, -19.293430060061606, 19.37903380543091, 32.671608415008926, 51.30184719013827, 59.31663876028527, 84.68198059748198, 19.78807729462357, 45.53813742909858], [-116.5972556844576, 6.865010628558684, 45.116098190860086, -4.079123812084027, 21.347127065583482, -99.81718184266876, -131.97069875928491, -11.832101984319001, 88.10777219184237, 26.74641084341566, -57.8908050387184, 19.42667373408634, 669.8990854400126, 4.5458086992758355, 30.196624252167602, -21.83286693749258, 28.91479853381111, -53.83258516180098, 20.356666060954456, -52.09843699280441, -65.4997082579527, 50.78897313540905, 16.661782656536925, 72.65368251303046, 17.71512596925278, -53.96902143953019, 116.18711298675758, 12.891878725683151, 61.56390688316547, -48.0569412276795, -212.0265418999203, -29.669561997516514, 77.58683632823033, 76.15929339362323, -58.533643421816166, 71.43465514916566, 54.322607387873, 11.78580627347604, -0.5154544877658933, 31.9942791849983, -39.37827839540489, 49.361228936641446, -100.937940019147, -77.82904122958793, 64.6588792083013, 121.0021847583489, 101.59068601869825, 20.257539700111682, 61.47982219699201, 60.22197797323248, -14.484222765398082, -130.40318327690193, -22.355650436635223, 19.009617693372473, -67.53035493961195, -4.329864191029247, 6.4288847227164, 22.885019219422464, 29.845474614838544, -0.7945836842681917, 79.66211319271032, -34.775589287193036, -6.635252861267658, -27.388326764724134, 34.87712774511076, -15.679540708221342, 11.694607762359219, -1.5125400485843266, 57.8249440526459, 3.5734434334633725, -34.27696758336915, 61.09492438716547, -73.21772103078403, -16.70219867201283, -51.41600190934403, -45.189108650532525, 114.2517011520701, 22.614508658241906, 82.96411286800686, -36.466293795593984, 70.59592093609074, -81.15943064844915, -35.48977354357002, -52.145819615886566, 3.78323581388399, 20.031702070903037, 4.110590786962018, -87.91954183762834, -22.393687114201544, -48.651525126435544, -50.9621416209801, -11.306819454793409, -92.81380514259985, 22.822590554295132, -25.825845315337812, 8.173811785039057, -47.33496991489697, 22.234417659933932, 45.21804167630995, -37.791721937615684], [-25.131709503793665, 15.810848814216126, -76.4986965053082, -0.7056536158260961, 61.32050485762001, -56.2315188202652, 24.62920749282733, 22.895072561784673, 31.378778208288487, 4.549642797777986, -45.11241431714022, 66.52013714014414, 4.5458086992758355, 743.3159133004795, 35.417162417469235, 45.14261690975954, -26.75058733739733, -15.40559642299509, 10.028025337866692, 5.822381126553042, 35.16519780428262, -20.989241194333367, -9.96569311402559, -54.78293591090629, 53.66833115646188, -79.15388110877387, -79.85273096492392, -26.18294676946604, -23.151600047124575, -73.9713875320353, -77.21550314802681, 49.165031254765104, 43.941625092094, 107.92017840738924, -26.24271445291332, 100.41878589075671, 0.6524718370910978, 77.0760735365111, 59.46405900708723, 24.40756936000052, 33.784612831970904, 4.81387602693829, 19.400178028575347, 128.72109944071263, 37.934362001800714, -240.3347086706221, 38.09451619730199, 19.471822742528783, 63.798772364413686, 50.08966083723333, -79.03675320474261, -92.95078287237848, -21.176600458765176, 23.109738227189506, -76.45770574929038, -46.52070562926031, 29.126770687764676, -98.29240333514403, -28.163228570400786, -4.3603238140025224, -57.271892156539195, -10.307068250876997, -15.478867678853781, 46.874494744897085, -41.76031412236988, -134.45486559872992, -6.480873765666396, -59.35371973047939, 19.21300582754933, 67.13745766167088, 36.632462627862736, -102.58635677772561, 27.544895647192526, -6.121737816402391, -20.19842904146395, 3.804195534165232, 8.639327208068607, 46.59593289951458, -4.662079809828517, 47.411431637557094, -130.86144005950825, -192.34134712757037, 8.46228260135088, 5.35093071313672, 13.722758064558024, -41.55755144725583, -89.35777599254907, 6.794629626843575, 42.567776036117706, 64.26708372992942, 15.677791471011572, 28.794215340824273, 55.8427611442957, -73.93444616246835, 78.62295557241724, -9.925054042691338, -109.98590105929343, 9.173092841801601, -31.40101941631216, 100.15064851432294], [-2.326872635110275, 34.094952925824174, -32.54139677711125, -0.21828563071657894, -45.9555285012903, -71.04576343813875, -216.0436623940092, 150.74833776381948, 17.35853014055515, -113.98564395249916, -11.207686129798526, 5.178586466453351, 30.196624252167602, 35.417162417469235, 570.8394161083945, -24.462462818855183, 62.23321067531709, -4.7592304673328805, 4.962159103723844, 1.5566721201966518, -18.429014358966874, -36.488729136051184, -71.75234976627092, 28.699181360141996, -45.143249811250215, -45.325860216674585, -89.6504875293545, -26.390571510096287, 44.63539104310061, 59.6351920281129, 33.304911104352975, -37.453468084651504, 5.222269098974743, 33.687233870841624, 100.0646835711515, -22.52471151598787, 29.730418082362853, 83.18196078589278, 28.9047786319136, -38.2717739225923, 16.880077326388, 108.68906885927915, -19.037582209323478, -84.90021757718799, 45.17906471266683, -22.47620953965584, 104.91355306913776, -7.532322345911793, -10.380808820876213, 52.76774225714378, 13.427196467208764, -71.16940251779832, 32.484995140623205, -80.1558449736488, 50.273901815558986, -63.39599621394939, 34.07115083105571, 43.86945282989407, -62.843703578798014, 35.987929545278696, 128.4056948710278, -10.201666921617452, -45.18320441706484, 72.24876273135693, 42.344591319776306, -12.848158258796497, -34.77419200845499, -13.962344615035011, 39.45599872288781, -21.312071488575377, -48.76874126517308, 24.52222909843768, -69.60167736284012, -51.56491046321943, -42.06618994740924, 39.223424403760056, -12.839009040340208, -38.05320588349408, 15.373841819555318, 41.19903229928373, -64.12229815766527, 83.10316621201822, 82.23929364414668, 2.4398940359435377, 114.23637582567379, 12.892574094759961, 20.185818376400785, -105.95170194651088, -24.18761886742869, -16.758645501505523, 82.38267455527748, -38.72640461855368, -36.55112659002262, 72.23689418964797, -44.571503870528915, -21.519818455726835, -80.15792085338627, 44.87919966104022, -78.4088541947874, 24.557792705435737], [50.66931581104749, -19.66934392022214, -172.7671329242004, -21.96688264128259, 24.999044897627538, 52.00973784360854, 155.91101682264855, -117.8663218011383, -26.00626603556981, -41.21981430855093, 68.93470808972845, 80.81021124961863, -21.83286693749258, 45.14261690975954, -24.462462818855183, 735.8906144495436, -26.363492247637172, 19.85881164632296, 171.7060486686397, 29.442512872833813, -51.65924505118449, -28.329979742459184, 25.76834219389202, 31.902960576952946, 6.670175880438383, 70.07904236539127, -42.33995536332844, -5.900591943892119, 35.624177763198354, 55.945758731119646, 19.73795647363424, -57.695037431952876, -20.72759698236527, 19.067139613418863, -35.63560374417707, -3.0933946075346297, 10.088011068146896, -52.65526472243479, 3.474284821154471, -48.51208859703182, 62.09258118871103, 96.30077121567547, 24.48854077476485, -53.3598131674079, -21.38375896771518, -6.281463189635384, -75.95607142067375, -14.649413603243687, -10.60235044372245, -55.20247884517227, 48.585480936243606, 59.50507550581871, -23.63411667538855, -11.341998701106329, -49.25607579352673, -62.61159086057406, 19.54930052953684, 104.6588281083616, 6.420663599472262, 98.82958490239453, 22.832348299016044, -16.87819316822945, 31.495164765790314, 68.04351933976868, -65.5220613164254, -123.8399739733684, 99.910509288453, -41.706112601785236, 31.72301073103384, -52.20887490428236, -69.60522999804377, -112.96180538000732, 10.125445423630243, 6.825589460132681, 30.228600288181315, -106.05190604312695, 61.09130499482742, -55.08164654080796, 12.728639333471756, -22.60710515405299, -68.93178730758362, 15.82122327230589, 30.009820616898928, -58.198597964326765, 74.1678687068318, 44.80479679510595, -19.472406820163684, -11.171476759176366, 99.21135286554276, -10.536885277933985, 42.93341098562834, -35.32066604660691, -23.624199207731817, -72.04566687486839, -73.35442537272424, 11.862969666317737, 84.91695961789674, -81.8838444973902, 65.63309361934921, -110.31840502909009], [124.91648812151342, 8.477160324358396, 54.01659506189609, 94.79212038673035, 10.011823883596854, -56.95220364447191, -133.789332137461, 51.80188280883341, 40.469629414711896, -59.83209789151234, -37.82635959712343, -31.566574217711796, 28.91479853381111, -26.75058733739733, 62.23321067531709, -26.363492247637172, 580.3841710667615, -40.284648816610904, 48.467941110202645, 116.75493743467686, -61.9601400274729, -93.88487494482858, -23.813807099947272, 5.100294561827464, 47.97951045034302, 16.9632780402591, 88.9442078450127, -9.908785606074163, 6.21382667098143, 10.071402583187528, 18.390385482018505, 16.516457643809286, -17.83896362152207, -92.89767394673093, 71.26033721424817, 0.41016614066219165, 17.641366042730237, -26.415671637985096, 74.2010443441783, 2.4043122971357223, -9.808860951953532, -70.16680212227098, -35.82529861873016, 39.60964386213177, 43.17874653645241, 1.2032231035889476, -14.176154055889373, -26.784885167742704, 74.22489910071731, -62.36188508939552, 81.67594649012945, -12.531193266326063, 44.61236139692523, -23.453817510019142, 50.678622124829396, -49.72661591507174, 35.125579322394, -26.110323471021143, -178.659168436556, 46.266277465827606, 100.43574526466135, 101.68439327258531, -25.755613563343815, -31.150219207343316, -66.59911096850513, 30.706737510915055, -43.6110752786946, -12.077802970282466, 18.826520418986405, -10.18854410059028, -27.238725843734418, -33.09581701762415, -59.65184122012694, 51.37689281237799, -8.394173104634836, 49.27635599326037, -153.91883171744783, -30.714027528942648, -13.639757627246878, -124.75045298575637, -7.73326407976467, 116.81759389989423, 8.057156913245654, 46.66321123069993, -9.029502445925848, 2.990346150577067, -49.593440719026766, 16.288874760801278, 10.157756930885723, -94.60877738864878, -4.794739528892363, 42.13203480076038, -19.505915760139178, 4.20779813962724, -46.226473684073135, -15.954617131322122, -34.24792987120709, 41.85076377393693, -0.31880722068368683, 56.238887251622835], [-40.74407669466307, -65.35981269881765, 11.306012298673501, -99.05366276463941, 54.44145753590956, -52.80527336901445, 104.01258376484093, 29.455142650932086, -60.218442462182836, -2.6910898792878606, -14.97654964315019, -32.55509162591252, -53.83258516180098, -15.40559642299509, -4.7592304673328805, 19.85881164632296, -40.284648816610904, 672.7711222558107, 6.771673779773647, 72.6579723160818, -68.30173137544163, 19.350125271306464, 46.77509452011734, 19.392017735179362, 58.65142442192819, -16.006088390057478, 30.761060022923893, 44.18817445574763, -28.507437047428066, -55.58600170870446, -48.741531757459946, 49.87605389642261, -52.55167622475556, -15.531035870918299, 139.45775515748412, 24.48430275897457, 78.02672294576978, -11.817867552597246, 97.93456691731222, -52.444089009731066, 108.6610623798903, 12.02346490188743, -25.752878787968854, -44.03880471501916, 127.11058866336504, -27.192111778399777, -81.72444082961702, -40.9866493683473, -98.76758581540582, -20.159946701303213, 3.6792113620577998, -12.420093910387346, -82.17127827585266, -122.21236172361196, 12.588353352206033, 33.63174290787226, -86.37077219147608, -93.69496371461356, 127.01906505116747, -80.59357722373451, -18.548171073954414, 43.346325133140276, 65.78212118712419, 22.562611542898914, -22.818055652704867, 20.620377866613303, 89.59052397620249, 10.900917671380173, 22.31654747734172, 21.332842441089092, -43.95806227620767, 55.57060960445515, 44.065994451854586, 11.991154663417275, 5.332827437797025, -64.42794357580935, 124.4232692345748, -47.405410778743494, -82.2174760871391, 38.06689380434775, 35.4907609220236, 91.05851266054395, 9.892565404850659, -5.092386371425317, -93.21124067462941, -15.943332035120434, -9.5804111393345, -47.853822095678495, -2.0903155614396742, -66.18948222155355, -87.02117395750095, -24.755747105776916, 105.84662207147899, -86.76015666207437, 180.51694828476622, -166.62073824418428, -55.21761525579539, -58.4999202616831, 86.22246643609944, -70.19358034774454], [4.216873431124086, 112.62863699187304, -76.93904862951597, -120.01362604759946, 16.550177859699552, 78.86254980493486, 2.5306051758160164, -66.53265292197196, 38.755025674587316, 12.455647021541607, 30.167345752547373, 15.517359397980528, 20.356666060954456, 10.028025337866692, 4.962159103723844, 171.7060486686397, 48.467941110202645, 6.771673779773647, 712.8485841896231, 116.65663169698563, -2.034132530376566, 66.60456158198005, -37.62042964650696, -22.42125304713251, 2.250523341851313, -64.1243795698595, 110.66780870218012, 99.60394920515984, 30.894134975888633, -32.15624861594359, -49.55635855266526, -24.08612287328173, -79.00337047101834, 109.56339523648319, 114.32499219423856, 55.298070569648175, 15.67079296494815, 73.89870302375166, -3.29015345846397, -82.4365419537827, 102.32733118386112, -17.948196276325202, -66.70110221527155, 16.600021081230736, -14.521178804093763, 111.73671012013902, 7.906793051295232, 31.286247943243147, 37.273420011787316, -13.773982406859675, -19.886490035003817, -6.06514130977682, 118.78750539163414, -25.128445917134577, 30.169373690324086, 58.57987368176602, 33.56730042284259, -62.27072381554633, -49.02972972596555, 87.17794418714386, -19.175019199931114, 43.65880836815103, -26.242828460390683, 75.0892502910325, -56.07317242989121, 49.147167579767725, -20.208768939896462, -46.59588367911905, 11.128667108022402, 7.71707005201176, -0.8245240962376059, -12.778298576939664, -45.52403751209225, 24.260551074101787, 86.15323679973531, -40.3018564158938, 139.22882384708828, -85.56977527966028, 12.595469144808005, 25.28713581573368, 8.33612018964813, 0.024137055183647605, 31.54105202925387, -37.11623128673553, -53.1220174040885, 75.90104783751222, -91.74120157345317, -9.381722453951113, -67.52211423489824, -30.555175848358804, -131.29737640507457, -24.240491505470406, 91.04246131479631, 27.179130423534225, 4.649588790570222, -116.40432696899735, 104.59119359424984, -33.73543985747721, 20.143316231519815, 39.16910169263906], [81.80564654788074, 162.27764221804458, 15.47811884753105, 57.636632759715724, 37.18764649155226, 28.641392733982727, 16.100816226031387, -30.009738537200917, 6.044280702664529, -25.8421124354464, -100.63275012595078, -93.67208285163457, -52.09843699280441, 5.822381126553042, 1.5566721201966518, 29.442512872833813, 116.75493743467686, 72.6579723160818, 116.65663169698563, 744.819273654961, -79.52953197816404, 7.644679442521043, -8.0449473133069, -43.26604249791315, 54.368601847802154, -11.233572400437229, 47.15929145684821, 58.33502440697592, -41.38219358300496, -65.65582505781629, -10.030492042106607, -53.070699677431364, 54.41431155625758, 7.102362767495268, 60.348563179292604, -23.95289371766719, 18.666459719854576, 3.595836444559416, 74.47248595612336, -33.81382483912593, -21.705750505344504, -17.212284934375745, 90.78807403687775, 120.8791634955375, 76.31130435251845, -35.93966957793857, 3.1657233794344695, 23.147960622743934, 30.515452198675092, -116.15434416389623, -27.770936524664997, 112.59836084676303, 90.0750397321555, -100.12690012610881, 59.079123911764555, -67.36521305743844, -44.09778874085796, -16.70440526319026, -23.422803957251375, -148.04641235154293, -22.321924966859772, -12.211063720158084, -36.62347841365005, 153.7776927818063, -26.149413277613547, 76.38037129635521, -27.818377047378732, -30.831438702185487, 22.280761962296303, -63.09771186384168, -10.223947066446668, 10.457603694104545, 16.125892493300576, -34.979748750053524, 61.224805809623845, 79.82417236339467, 97.1915474390867, -158.93231707620868, 111.78995182776414, -40.775784642067656, 63.71367557585116, 15.06353993059698, 30.459427418529565, 102.21005609875206, -40.740242430362514, 56.42983699447792, -31.896073140721594, -87.30767318185717, -15.701085598955842, 90.22958084035712, -56.79205718982165, -50.603531289781564, 29.241270479230327, 42.27956161121577, 19.5155237952267, -21.950102262291132, -107.14107799062216, 22.652850366702197, 120.46501359420103, 17.93438254598866], [-101.2114569050345, -169.06249732141325, -10.15283725867432, -60.54421482876604, -26.819892258904222, -45.25147237482635, -23.460972365211802, -55.536374562866804, 21.65340353992767, 81.9077162906609, 65.81796817541704, 37.11435836851862, -65