{"N": 100, "M": 4, "A": [[[903.4073405811608, -95.64660203469109, -15.77864083715497, -96.36716623061577, 12.330961309102635, 17.03958540628312, 95.0830145920637, -57.82463191410088, 14.881893295412903, 172.79021087189903, 28.47304133863556, 97.58330279373095, 163.31333530623397, 127.80525097603412, -13.28870182784466, -94.19543320438173, 0.4828889258741096, -108.91546297514367, 168.21359475692012, 16.99329323295416, -115.8914821200951, 6.909627583057123, -47.12559995403079, 23.105964494038016, 87.91354654635978, -188.05359773906156, 57.35194185075322, 29.849241496453534, 55.508075811254216, 77.85146821718016, -8.247069671609331, 17.231194469755376, -75.26804097952655, -30.364348181731444, -19.592087380390083, -25.870274560232268, -72.03857790329077, 57.32651165394616, 125.58347810215638, 5.379373746027693, -40.41141790534181, -176.16626536688463, -14.353912648349942, -60.45775920351758, 139.8656279791713, -4.991984987031626, 65.31760098288662, 77.14881174392592, -90.5829767948897, -145.88804915775685, 113.59693302447785, -61.98733900319994, 84.35571390098933, 22.056760302524424, -51.18597796109254, 85.07499045944951, 24.18761263507313, -2.1021437609960496, -66.72616174826234, -76.4302532372663, -64.64359427157191, -31.1146814283668, 138.7610955493369, -49.42236584800039, -51.268756084249496, -21.630222965457893, -51.404351687368234, -50.97669160360537, -4.3124081004754675, 42.733945042663926, 80.12103655240405, -26.379007691443537, 129.967603168369, 17.3043405971485, -86.44115961680741, 43.894781669712806, -89.2413798601541, 126.86107592768772, 101.808650374238, 87.3462401383246, 0.2894711661567056, -29.22420612438157, 43.59349034803578, 105.13584914259546, -100.44895667939247, -46.12132734944978, 16.090069295460662, 71.3487956374974, -94.35233707650357, 30.771585332123717, 54.15792914773272, 115.7620883372143, 49.37513952418405, 53.711602134972864, 30.893990264003513, -65.0273283906929, 81.26148757437531, 73.70318334908326, 61.11665320613061, -36.08424279969301], [-95.64660203469109, 857.4692284920947, 60.82850125509181, 127.96521132938852, -76.25315641624047, 5.294018769458257, -275.41988725916985, 115.74959909709372, -7.382088808683198, 137.20267436398515, 17.05970930755607, -194.7762235256651, 45.743127138924464, -56.50524834056911, -75.30143000923943, 47.38342913727924, -128.51745546128208, 19.346291347808247, 97.77823524304735, -11.741037662729742, 51.55652685834994, -69.55253384036848, 38.9048552739861, -44.47581281921689, -20.76425144316095, 47.41323713578557, 240.76344557974494, -52.391504671755015, -15.654420763993437, 180.87011005305988, 55.355768145421834, 16.468843629529147, -35.75688347730265, 71.39170056608822, -38.156038955579184, 37.95158791439199, 65.86212229436711, 41.568852278166084, 21.61176233095127, 22.446940913188982, -60.42116361202608, 51.044668014894334, -55.2145021185297, 36.015500247188015, 26.854596413537017, -109.06424360017873, -17.52959496588654, 22.362282980914078, 57.18541345373827, 70.68846869962326, -72.8388747019618, -207.79271898693455, -63.77729576591388, 150.87520424112114, 50.794893823888145, -79.11887277523685, -21.802186398442885, -14.969383829919819, -79.55133867446474, -126.97773123619588, -50.1233490486494, -1.5014799854153789, 58.60755556255419, 126.373700668611, -26.213659574134557, 29.27604285530749, -45.9592583035099, -67.0650533044309, -197.51545014865962, 48.932860028740784, -73.61440996321802, 7.6744087714267275, -69.30329382322397, -127.66415464072358, -82.50483569949556, -51.278756515690276, -31.25124892856145, 92.85305492734055, 44.710547687123814, 3.4823831441874717, 179.7403734195505, 96.42093260050473, 78.20808715519922, -55.46400251993249, -83.28824188691566, -70.51800256858645, -66.6471814806562, 16.227511779886076, 85.16066735741502, -126.47779188765371, 100.65078456281138, 54.183854383082604, 38.650922489017965, -97.06550265650705, 20.091255109534096, -28.28903835276643, 155.18088006429628, 38.80835582311653, -78.6651050156367, -77.2026266839724], [-15.77864083715497, 60.82850125509181, 976.0435490911383, 87.35977756248161, -52.38406631657091, -79.18215382813985, -96.72822966370776, 41.14126301199948, -91.52501005132706, -46.45005342160911, -69.76572467616631, 1.1440040119880526, 57.81513069086167, -136.73194922430633, -4.919314556155392, -123.85697535383488, -14.150271052142257, 8.579215968589143, 25.12720950701012, -79.45267516713433, -58.67290380681936, 111.60878055110939, 119.32558801235331, 76.63214009745596, 83.19828766025046, -141.52049111764694, -67.7479264395677, -80.52039076172794, 124.02338790354162, -87.51058804677905, -31.315792999685357, -4.108113817021707, 7.4279882427279045, 142.29997991699423, 12.465075460424407, -39.452008527235165, -9.718334366451153, 107.74253358992239, -135.16032876562764, -44.22559355422781, 61.20652778014469, 21.02397726428395, -36.864075717925466, -41.86238424582156, 44.86624430079853, -57.902338153704534, -36.55188157354346, -31.354139384170146, -16.72712750713341, -71.36976343875276, -96.78644086776906, 135.6557910120463, -149.65662216671387, 43.255009750227266, 61.594776043173, -138.81981856706693, 2.5779030148500843, 51.49573579983257, -3.4894866736078898, 35.06360677502482, 17.375241024750018, -37.86077433265894, 40.12326654972118, -15.060926569522426, 9.758813720233531, 160.63550541510278, 68.47725455538782, -33.886560391060904, 34.788226460369835, -8.904477201300635, -90.41605781870696, 102.4606145032229, -88.87591953726367, -79.46733201341331, 69.19942382046182, 77.61013427795419, 39.684518881484394, 84.86272080291745, -53.944899580259495, 10.16551471122332, 37.477823021016135, -119.79881677577305, -87.27843774785525, -14.917240537495791, -39.55661017059729, 16.68988139828652, 1.3135103279269151, -63.064978962480026, -121.59109820898878, -11.774289292702255, -2.8477352323589424, 74.9728430873772, -38.149731910147466, 3.4501288883291523, -40.71072966444779, -5.732158075384785, -69.81701814464249, 12.6594135532827, 19.091966902493667, -81.41910704298043], [-96.36716623061577, 127.96521132938852, 87.35977756248161, 817.8201339823204, 55.385394475921906, -89.724891571719, -94.51521635036534, 51.11274263880798, 143.78623913028667, 45.86685842746973, 34.284080357299594, -41.43060518422968, 75.81859672648581, -0.559433177914104, -29.637588069708695, 26.401787570060065, 26.504008956259074, 36.576171544466135, -3.5480261473554884, -60.97361956183737, -5.595670392383898, 54.86329864508279, 39.14422464508773, -130.68687235907322, -21.588563809734673, 71.72557726874449, 78.84360489036459, -49.51268118568564, 35.662913201590015, 55.41403006655605, 81.35937352405767, -104.14274408979087, -73.17573451438041, 89.498223392667, -56.87111188287499, -20.80179618852992, -7.023180378728027, 177.25324650749354, -231.7364666634541, 25.968761122945544, -57.24955123955943, 44.54898402722733, -9.403851047805446, 62.39159285972315, 102.8711142176934, -89.91794591833542, 53.94248679401941, -16.118598103774936, 27.607166975036545, 17.309427029347496, -110.35244875696732, 30.155543770307094, 124.41546583199221, 126.94064795673594, -86.53805111562605, -81.35740328596579, -22.18735677955007, 34.01166450530807, -150.96261040632484, -17.727347942997927, 50.92569702391575, -16.483146087745016, 44.10450994457239, 84.35825560500574, 18.42847273973503, -44.52497326987511, -23.752869853180883, 45.67418986377307, 100.2552926722874, -73.31293237301902, 179.38273532454883, 113.05750197473148, 5.440126753898445, 83.8018351698719, 76.34507538099962, 15.708000946846798, 80.73410333308667, -77.23719798020993, -6.781589182565604, 65.6651279037576, 22.638786144174155, -43.376828913910124, -34.04271434166998, -70.50387575740805, 62.623933442369584, 87.59045899015882, -66.87574029134878, -81.4631312985339, 111.28863180836518, -25.21438015158333, 38.658014780056135, 15.47498358193748, -1.175220780882268, -113.28311465159221, -11.96274914452782, 32.94230691627149, -84.7924725734873, -38.47975035475491, -32.77091290151533, -79.77242046631828], [12.330961309102635, -76.25315641624047, -52.38406631657091, 55.385394475921906, 672.5053360347327, -56.7690805153181, 16.16703020565596, 78.9569896979397, -44.753306545766634, -100.3113773591097, 58.08972939977778, -40.74757359473841, 61.36279012618039, 48.76452038834403, 124.75470218386887, -184.02052804530638, 62.25941418963937, -26.02847372923948, -25.60575962533588, 6.333913458678002, 45.7609354980884, 99.21901682754628, 1.26663760397972, 3.3112109088805073, -75.94848419187477, 2.0824901911573983, -29.428277544012282, 7.201133635392064, -95.60450148765106, -41.07345946437792, -102.84357318483238, 95.03932042583921, -83.3574855037086, 69.18610636068964, -54.85690646886841, -24.808599137964634, -7.967490367177321, -93.87598159423693, -171.44982810736482, 66.10027650377383, 29.740506833395997, -98.26489669785757, 8.96804174702107, 142.2555772078203, 63.60463261483203, 31.498896081849892, 46.889362722249714, -4.482897445757116, 46.27199141840452, 3.714577406137967, -107.92189806614648, -17.37914215633417, 56.19415858153517, 184.26030696677122, 23.732319418321342, 27.54165093940661, 68.43810509131998, 65.26500408295287, -77.08547608273561, 24.763852872441856, 90.64826970055637, -121.50108722625117, -17.8983366627058, -116.31243793502469, 31.961723806989063, -96.82614800437011, 75.63487269152658, -42.82677734136469, -2.9240579250425918, 41.741366389292665, -31.811748748074564, 69.6039763137041, -15.978963133418379, 22.080492835640026, -95.07865833358676, 56.37864338732372, 21.198565892832807, 26.918849240317073, 29.137356598430145, -3.977658350458232, 22.313519655517997, 83.69712053012314, 105.28532818167376, 18.87691296233454, 85.22409449984163, 18.576389424172426, 12.047355319554992, -23.37319221989446, -68.94228460080072, 8.669280495696484, 19.245237656397133, -44.40418949047625, 93.20283961636711, -33.54826479723853, 86.50023263160848, 3.0826632614188623, -73.23641997107376, 17.859724873995116, 100.67007749154563, -15.923151066247897], [17.03958540628312, 5.294018769458257, -79.18215382813985, -89.724891571719, -56.7690805153181, 972.6901467008386, -221.34492086336374, 21.03644106601402, -30.537912836270703, -50.65830963723881, -79.2766808786962, -55.40507591823671, -170.17950406261818, -70.09748408053726, -96.97635432566115, 10.842498460684357, 17.749249505692095, 0.29707664637928405, -93.0849334920886, 73.8173840321289, 146.91739859936214, 14.372699597057933, 3.063479634583948, 8.503863398263759, -72.23328443231362, 9.987959842769401, -17.42761330485853, -52.233092576713155, 28.453487611054545, 72.75496589575994, 25.49072449916951, 2.1392901329913894, -44.67887768713198, -130.30196879024032, 92.14263531140477, -1.680890573774307, 95.78468386071127, 60.81159480052745, 114.86177836088878, -7.421668904340953, -42.98670357397467, -26.829335855059433, 167.15149428957778, 80.98498811515765, 68.23078631316146, -40.564276848929886, -26.714001102798672, 15.123564594834283, 65.8030316001073, -45.45980029540363, -20.43608918543979, 81.10728783794924, 79.46011552519695, 46.73648009797207, -48.33661472683683, 28.817135048590497, -153.29831158578182, -44.60406335971058, 117.18106386598303, -17.02697496680408, 31.337346451528635, 53.464813864898254, 100.94699821982502, 25.69908247398638, 164.9753832482006, 26.95549922469761, -93.84105389516854, 10.493512357332607, 99.07845505338206, 113.35240009186614, 40.331675591971326, -20.023126027403386, 65.82565133069247, 13.592892606820575, -4.98414862028957, 40.733501241811055, -66.58931874436442, -10.887582336059904, -7.431858645147281, -134.24393960931573, 14.188835276094277, -32.62568111061053, 167.40313923534475, -48.10190487645686, 35.30972978409245, -35.180836582472175, -21.557723295000574, 81.06320560727671, 43.515896170035354, -8.221065715836893, -107.76146898646054, -21.35322554157041, 10.594912886113885, 159.201986400944, -243.69126919573597, 112.16137235539283, 62.83592928296133, 12.49737968895137, -50.08142653112267, -30.124199424078707], [95.0830145920637, -275.41988725916985, -96.72822966370776, -94.51521635036534, 16.16703020565596, -221.34492086336374, 1142.7112458913684, -131.86719562240128, -85.54707865131897, -75.2421917311841, 72.15747368439575, -27.496496845665185, 195.29367199084743, -45.19149018148292, -36.49956342911656, 144.75374524783015, 30.62505597012718, 0.8559424080321534, 15.849959355099214, -19.313707065581003, -35.903624510542876, 163.86921358852953, 6.914594587151072, 79.21482784419143, -35.78211830499981, -18.108255268908003, -56.66282850798368, 115.01421143086904, -15.287663008581962, -122.09751436155804, 99.6201407906741, 156.12047091504886, 92.08878356187563, 21.546051110558007, -9.519632849187058, 150.6655063080987, -64.1235042335924, -104.84703345958057, -67.04045655381256, 121.11497111747421, 18.406768810288135, -39.26642123273629, 90.12077563253139, -103.51430655866321, -150.36782683969324, 122.46656852177863, -34.169573707294, -20.347856127796778, 8.125771492642869, 29.77953794535082, 123.56162981986546, -5.763133227508774, 131.89771040066117, -69.22685258173193, 47.283024985667694, -131.86394141811147, -27.228013532873728, 90.47441821955853, 73.4465124317486, 16.227283794112225, -22.0918776443222, 3.6836960826087597, 99.45977178317321, 10.205579032856276, -168.83083724400035, 37.32284561686651, 36.95365102241565, 64.34912013384348, -111.62871529301745, -90.33046026286196, 4.924932945856269, 13.756209246016326, 207.4921967906469, 47.79760181110422, 52.51214091614997, -98.91347175084277, 10.064339106802326, -84.1358019639011, -65.94747656154438, 18.510753910562702, 2.006669342084813, -0.29856123165835113, -71.26174839723383, 156.16912206909458, 75.20831387217753, -21.370618297161798, 69.91479197738103, -53.750870022784724, -1.46638999315151, -12.943700041009752, -100.19293422488842, -94.91474517113696, -37.61463167293261, -76.12210142851161, 85.60602704624327, 149.37110872693262, 45.57299851017522, 32.74793872209349, -56.766597245482096, -26.965013826819014], [-57.82463191410088, 115.74959909709372, 41.14126301199948, 51.11274263880798, 78.9569896979397, 21.03644106601402, -131.86719562240128, 946.9464119829579, 111.87146173696135, 15.288425290631139, -32.827017423917276, -71.92427248670565, 59.455674269511135, 108.91889165865808, -69.92457681834516, -134.71658078448257, 21.662478844663, 16.708442407331358, -74.20722851173569, 158.27307261304233, 42.64132827117628, -88.90996213768283, 171.36555999173834, -10.132280112262734, -16.103206587497645, -11.501510023686297, -146.8683237856533, 85.07956119536382, 24.231968458878058, 31.809706539151783, 121.08857681856972, -14.464831024384436, 46.64596076635218, -91.79595326313593, 88.63225310500339, 94.5636744430364, 186.33182381037275, -32.98072057136964, -27.75935978656196, -0.6715128926687409, -17.112281771425856, -37.283737521515704, -22.70145415993917, 69.82221494932381, 86.34396244027923, 104.40110116605315, -3.6234645344078236, 8.904542403608145, -18.748915734497015, 27.825167612863538, -51.45795844357682, 50.79887497335283, -0.4062336519736832, 40.97698287723482, 8.976271066220056, 33.776463608478544, -18.250380787465097, 8.095911383462914, -58.52126522841691, -93.24677195783666, -45.80630524290554, 34.08073312667788, -6.5270374494422185, -32.46046730388637, -94.82315243253285, -32.64345184721425, -19.822151812321778, -55.91418272305147, -78.41578047783067, -3.654895944829214, -13.440909998280876, -52.807625176173346, 25.527106419984783, -115.87384429974253, -35.80325955253154, -49.971541219631625, 178.2438557409835, 36.96666384286509, 71.29133938548993, -129.45579827298974, 6.72676465772192, -32.90199527030887, 22.750181721120033, -83.04272313119694, 38.69079591984583, 42.28331337369176, -35.420358187353045, 3.2476860240805157, 296.5899346981718, -8.758201585881599, 19.661538110761448, 71.86611102619563, -56.98556917401124, 119.35059302064685, 39.878833059511514, 24.41188275403778, 17.962137597530212, 100.66250799588201, 41.79218879743835, 41.943220069719665], [14.881893295412903, -7.382088808683198, -91.52501005132706, 143.78623913028667, -44.753306545766634, -30.537912836270703, -85.54707865131897, 111.87146173696135, 728.8975007370268, 48.09626977777811, -125.31964572598437, -2.844640966290653, -5.894457394500167, 63.41716374452241, 67.68297745490604, -1.1431574701551461, 157.60474965093587, -114.8846461215128, 4.243155672554707, 35.89394011769516, 37.1967796737699, -14.478582640936022, 98.05638272098969, -9.85210181998365, 117.5942055171725, 11.184941698308556, 6.769259321791458, 73.43762120441515, -106.9984618589337, 108.13055701261628, 63.663645044042326, -41.74854277734691, -85.2387966985828, -71.39962805594513, 83.3011470705567, -3.4774731910219208, -99.59992290001593, 74.38038719079934, -81.78546375621497, -157.65414498937372, -43.68680926510269, -135.0135172725549, -62.85018011723763, -14.053240740654882, 107.46696463727984, 89.21854086653107, 106.18956246217603, -7.765156472654831, -144.08620850214993, 42.62766476591471, 75.64797333535209, -57.68830848742295, -213.70454435724986, -13.007996612813933, -47.035012493844725, -25.46004943401861, 30.990332050955974, -55.932976335925225, 99.90951814055997, -72.81059858632405, 141.3092777681345, -32.66982214410947, -21.157368145466446, -39.30494393914993, 67.92576308850616, -16.63724904465028, 44.83610128340755, -51.51161658384972, 11.117945733329524, -53.67402063245549, -56.166860011715734, -39.389592647360374, -23.55870100225053, 30.83604741933767, 197.85367021798587, -6.728908233632532, 176.56299882240626, 12.789572735244345, 47.925414843913224, -0.5177321636973675, 2.722889748850663, 30.419112482830112, 84.88724902762074, -17.659692666318715, -27.40112232717933, -43.571021311965914, 97.35214672362532, -17.870988682312394, 54.274820279039886, 52.64260157330535, 39.09422452897754, -11.523963631538024, -62.04622880723473, -72.06685949630119, -54.85268949901638, 53.06611748101848, -72.1088382547525, -84.24183009269537, 62.649082159376995, 14.244969350058838], [172.79021087189903, 137.20267436398515, -46.45005342160911, 45.86685842746973, -100.3113773591097, -50.65830963723881, -75.2421917311841, 15.288425290631139, 48.09626977777811, 812.1960082183233, -86.47256505158597, -105.57450252819548, 9.10898721417056, 43.442081635280175, 40.64311829182653, -52.79685736828331, -57.53497874607596, -59.623290242951896, 59.02844731118646, -85.49347336088564, -31.21668186686075, 54.124838398500145, 59.593323176636154, -98.15173869518279, -35.393123258240536, 54.62452548190191, 119.57515414011665, 87.03983523009805, 72.37461547725702, -10.85634850609598, 99.95121342725484, -109.15572783067503, -28.526707039958044, -69.74830308347869, -148.92362608209973, 20.411633797839926, 47.256932163187905, 31.34574536130849, 110.38379415228835, -18.479993699135573, -12.087845057547995, 55.36046596938908, 92.39898960259325, 153.11714717286264, -4.724419758582513, 50.085457295186515, -50.68909516980836, 73.88615586188047, -105.74210731423094, 46.54152458284997, 1.3936589684135254, 133.2799263151089, -0.3298626735287875, -23.31543903518015, -37.496496775187644, 18.066256817114763, 9.003908141787738, 98.38579204248886, 24.31257149513731, -107.98396045446836, 77.81626631161268, -34.785988278677664, -83.52048110121747, 99.24393378840732, -129.08054644800677, -76.50995951560367, -11.828370246791641, -44.13265974030807, 41.79655677359392, 18.829941429542078, -6.019753778226317, -7.362481982943221, 14.034733519479053, -95.12363728017176, 124.5457559705378, -79.07868805558418, -56.680421618385935, 2.63016509542495, -44.97579321874002, -3.728429420022825, 198.03342673914264, -2.1052682420608515, 144.28669314207218, -21.586281577200033, -34.17029573374268, -4.387734052692192, -3.4624421713713653, 45.69211046695974, 1.33668215227783, 53.93390325482831, -65.10945699773134, -65.40227504014074, -0.8079154796284043, 58.27101404206198, 16.180787412297416, -63.694372125910654, 99.57390604923435, -155.24138392308845, 30.635310581455443, -88.32231424574807], [28.47304133863556, 17.05970930755607, -69.76572467616631, 34.284080357299594, 58.08972939977778, -79.2766808786962, 72.15747368439575, -32.827017423917276, -125.31964572598437, -86.47256505158597, 938.4692800807285, 86.13434078517193, 99.04591623535296, 19.92793651648355, -36.542208038326116, 201.38098492526956, 45.46505097067668, 40.97477013453111, -150.23417919505812, 69.54101337178281, -6.076544900584181, -53.62226507998118, 40.27361554255462, 61.73642761524963, -65.92807039405, -18.323687939617216, 82.73246863636597, 49.3573559380484, -161.82452921847266, 46.965709030559005, 75.86659417369773, -44.389834204833534, -65.83388761587148, -35.737977397611964, 49.34565009149547, 155.51336140924658, -9.078468093641307, 145.6052478537392, -49.97284965600921, -16.900933650090273, 70.05658576902003, 213.06991287677857, 60.94397714018646, 150.63582218930875, -43.30218215983218, 10.282869042273829, -65.01283957066055, 82.14444575749607, 40.400613169025725, -21.023617221469856, -145.1828452844599, -27.24786088873179, 23.27618602153724, 59.68362370210144, -67.67527930071067, 33.87013955697013, 38.029858478913624, -81.6765445088363, 108.39302520301266, 17.899407517849642, -37.42293239427562, 24.17607890827549, 72.93346219616312, 156.96138325276505, -55.04128599271031, 150.5322958436644, -13.229113730519167, 49.958092700135786, -19.565917780583472, 73.62812919180531, 79.97061036069606, 109.53799778634884, -59.67463452957448, -19.708754732658164, -90.80759207261868, -169.78809018969704, 61.388812699639786, 46.590147680528204, 45.2266631903252, -91.99737996651321, -125.18597427028061, -96.84028406351251, -109.8117661779794, -39.85767638041262, -99.26185169183005, 57.22285543664094, 56.24689830807621, -24.655022208724073, -105.28929720392885, -97.96474043843797, -43.2915655367307, 54.0364784592499, -9.227782952941928, 72.30269468646749, 23.82956863876885, -45.01514626842269, 104.38952478886287, 17.117681357158634, 110.00760774590772, 41.66319063377505], [97.58330279373095, -194.7762235256651, 1.1440040119880526, -41.43060518422968, -40.74757359473841, -55.40507591823671, -27.496496845665185, -71.92427248670565, -2.844640966290653, -105.57450252819548, 86.13434078517193, 635.784565790291, 73.12068529539847, -73.48238092333214, 128.51861948027843, -9.6006672999824, 23.910920944509282, -32.942131781077855, -24.397589146137644, 24.313536541948487, 10.556128716992975, 64.94316453012604, 65.44846409445184, 44.303434352264766, 177.3529429856136, -27.307955172273875, 35.763538137890926, -14.770382126471503, 33.24515286798386, -105.04268446120679, 68.65182575977549, 0.06774615335667514, -25.521799035672387, -34.178675339587635, 77.33000456278923, -3.10331170868117, -53.03921129462796, -4.980040537286802, -8.921164507213222, -94.29879277381197, -1.697220776434227, -51.378501159344495, -55.52999124769408, 48.743380230198085, -18.2637637590455, 51.68397660810342, 43.06179531012445, 23.79601667962983, 53.96680173657203, -95.63574275778947, -69.08026601209524, -74.4044297328432, 46.295662433650364, 36.16595239140304, 106.58174611609496, 126.6464215570623, -11.80242148152959, -8.45535736121868, 32.62655897591939, 6.605804561243001, -104.67752055259959, -67.82761700970823, -66.56185569058549, -79.5919088081273, -6.42592561540569, -64.4219688759201, 77.55634833189173, 124.80736466719307, -32.886792573090545, -78.72107872986447, -121.04454115351315, 56.03979585151184, 0.23509398548454136, 95.79163154051186, 36.129293265535644, 163.5715917090248, -70.04198639559789, -79.72582965338651, 102.15020450825624, 96.21595885553945, -49.663207529198395, 13.202524516891387, 46.582335141746235, -20.85298017259946, -42.24603286517884, 77.65503622034204, 25.09096949181339, 37.522688091523285, -71.70630867007799, 35.530555483470636, -20.230275540054766, -49.28323698285455, 93.431525141685, 52.66271184658222, -144.945488514657, -79.89680917465986, -77.10047042268637, 25.940601531750186, -7.663505642063672, 16.457324515893042], [163.31333530623397, 45.743127138924464, 57.81513069086167, 75.81859672648581, 61.36279012618039, -170.17950406261818, 195.29367199084743, 59.455674269511135, -5.894457394500167, 9.10898721417056, 99.04591623535296, 73.12068529539847, 937.9184617641027, 122.44102736915731, 110.28975450457301, 47.31549336525104, 58.71242732557557, -50.352420641917675, 203.4097248993531, 121.40439234474903, 57.834729528991325, 88.74959505011691, 48.60585545526439, -54.521486811602266, 15.995847048516055, 9.806524960131366, -53.54345723092385, 22.880648030645666, -14.051256681707086, 131.82661903710724, 51.851457474713165, 23.07796337070554, -53.471218613881845, -58.92982636743652, 33.49476345898715, 65.91269860890057, 2.9467169721794764, -38.197840443886236, -210.9885276763331, -45.20289170214263, 86.08003354775893, -32.26972285428761, -63.349179174602796, -33.76537302134656, -60.07330160871763, -105.00724046150701, 117.79342050931709, -83.99852276187374, -33.18300388113685, 145.98251678946548, -42.47420995651467, 20.557185312141137, 10.742820366520235, 55.55853673199818, 162.58348285521268, -41.86942836929741, -84.27758892196874, -33.80434027854118, -19.754587925919484, 6.792313357963008, -34.3857736575215, -60.912169423031244, 95.28920372944867, -5.166354107784015, -64.36077006256379, 11.021005628306021, 96.49266889412324, 12.076562174443772, 42.69784871306214, -12.709138258198351, 0.9091687621575916, -28.182545843265075, -48.04614077763008, 83.16423521225444, -114.53217678531288, 4.332374319949979, 72.43751796395253, -26.947839837417277, 29.266690453687428, -55.20339411299598, -0.5589029153896771, -79.62020036156868, 18.16321136561848, -59.40977977792946, 80.63817649293738, -14.686522636170569, -17.21697196026903, 68.53643775118545, 18.272218569203016, 41.529240722049884, -163.2096584431239, 149.26598728207045, -10.352184681341257, 41.60436031650091, 152.80132082739024, -35.855437605239565, -46.582825955584575, 124.85822477277526, -90.20260962234032, 16.30406451885582], [127.80525097603412, -56.50524834056911, -136.73194922430633, -0.559433177914104, 48.76452038834403, -70.09748408053726, -45.19149018148292, 108.91889165865808, 63.41716374452241, 43.442081635280175, 19.92793651648355, -73.48238092333214, 122.44102736915731, 847.3608547435782, 169.30630684122215, -78.95166123700136, 2.4079956596911414, 2.653055847465582, 51.07230306205108, -24.524881146957377, 3.345970947288158, 21.991421442316334, -122.45578480938177, -159.25425707157922, -42.82730765796007, 8.895228929392887, -16.998512094702377, -92.52478028123997, -113.30696057377209, 21.396227813555107, 95.71203582850441, 2.4586908513999557, 25.87841379365446, 42.704683307055575, 153.7201861307644, -118.75458608608255, 92.93385255450953, 43.696262940272874, -26.4243149289745, -34.18651466045232, -3.29276789772952, -163.95112734640676, -56.239854605004076, -129.10361050959207, 116.2953522170366, 7.347947134336779, -52.62718864363142, -14.650210653490596, -153.28187971334776, 100.73776480275015, -40.022108493613466, 38.23122344212262, -34.91974469260173, -56.16973910629893, 13.510716836811588, -78.17929658130056, 17.41404608578213, 27.63939414931071, -41.022871037823755, -61.87890281096324, 36.195304638725645, 41.07127299087555, -13.944572265495896, -28.288962570372323, 18.23255132766157, -20.831134021296783, 128.20482256291297, 72.70007669465372, 90.31334305156349, -133.95593760689718, 6.265551989436119, 5.2741795806865985, -154.39961000289662, 81.48936057729486, 3.814955326865388, -126.4324196928917, -23.600038105674024, -84.85308365280909, 49.69442208380352, -31.628044364056215, -21.02250237468686, 58.58653511887572, -58.26799572066774, -142.56797445329642, -76.99055750731583, 10.768349603743953, -87.10370106875264, 20.605275060831275, 61.29802127843478, -1.1439822395583297, 33.50841427933394, 42.296884566787064, -83.18966701204971, -51.75182544381642, 91.63147294830877, -8.815930501695547, 57.510817378616544, -88.92646878154018, -32.91782705253211, 9.32245334855255], [-13.28870182784466, -75.30143000923943, -4.919314556155392, -29.637588069708695, 124.75470218386887, -96.97635432566115, -36.49956342911656, -69.92457681834516, 67.68297745490604, 40.64311829182653, -36.542208038326116, 128.51861948027843, 110.28975450457301, 169.30630684122215, 796.3340100692175, -41.71964529258156, -51.84509584600737, 89.33531703453866, 54.898350824647736, -8.64594933446192, 17.19263388714123, 122.32909456244853, -77.50970962357664, -92.47034669406176, 100.6432183754486, 103.28781119806278, -47.118420346086204, 4.923415543392237, -102.6413101982553, -58.3417490782942, 0.8685736143254522, -20.85741281938653, 32.32375578380791, -31.712823869629865, -16.066648801012246, -34.22916893177032, -35.75847064642933, -9.038105117687934, 7.692602242715666, -94.4230577462668, -115.40813616140912, 31.149575439431217, 57.55131185752357, -109.15695416767926, 23.37552242719801, 46.40668653011198, 106.3405180527576, -83.74609283381322, 43.412781279292986, 2.1609191951950164, -139.76853276296134, 20.601752901530816, 43.93210466264799, 78.04957631663682, 76.26914984106416, 79.58703212665704, -8.613940690839778, 35.039064363858124, 23.614824449939082, 19.77133298390741, 17.654676516177325, -111.25412271274483, -61.13093525997905, -84.22799624344724, 12.859556170719832, -24.533991620684294, 114.39820292266117, 146.8910984628804, 33.25881124024184, -172.3674499002692, -37.53895950954174, 99.50280841422503, -16.21454963745461, 46.99652663934195, -76.40372337884378, 8.290856866309356, 74.53813059879768, 70.9782527215263, 29.724304461984975, -87.26454344191117, 78.943927369104, -34.390485511909986, 38.80790250727857, 24.729079838362864, -146.17036072991638, 47.095834928959995, 3.4526536035950173, 4.425803838714362, -24.49264634109008, 4.676901340957602, 5.319293071781072, -49.512332570796204, -45.93208293990843, -79.18122136624895, 65.75562966472651, -55.755500956402905, -48.653715481755086, -88.26397112874416, 53.318735943052964, -1.6373783918133493], [-94.19543320438173, 47.38342913727924, -123.85697535383488, 26.401787570060065, -184.02052804530638, 10.842498460684357, 144.75374524783015, -134.71658078448257, -1.1431574701551461, -52.79685736828331, 201.38098492526956, -9.6006672999824, 47.31549336525104, -78.95166123700136, -41.71964529258156, 1043.4655073841045, -98.87122632617137, -107.50142608485731, -23.080031191557296, -24.870922424222346, 79.5456172291441, -143.4066422435431, 34.38944984737449, 3.3524053044843325, 195.36635520069694, 61.20148716031091, -76.00414520259837, -45.69533474054773, 39.025773854572854, 54.67711989540131, -18.76580652994247, 7.852301595893077, 59.32760185421587, -70.76056389123362, 148.07123330219014, -48.73773369728358, 169.19432737470026, 45.618104515676514, 32.502859374756056, 198.12526176667805, 143.64447480728157, -166.91429729334445, -5.451605471340382, -124.22226624311558, 107.6180691798304, 23.629370987457836, 120.40406707027113, 31.511560372591767, 114.9520145783665, 303.2426672824061, 32.35668879283693, 39.127932819027144, 10.942964266698484, -10.764118689591845, 32.84314668806415, -14.794101389804922, -37.84291317077732, 14.211649785022308, 90.01702309582315, 79.56337208163801, -143.20360283092933, 64.35597732431178, 32.647142996669416, 61.22442490767778, 11.808696489127314, 41.32637946588395, -5.046084247043953, 1.4110742346796021, -8.990385037401047, 20.20281517358639, 62.896104589474405, 58.22283980925472, -35.28471559328213, 184.85230087706856, -51.43561294445911, -80.96301225851037, 18.461791170943005, 54.41292055221773, 63.68631380500904, -14.958460389620246, -89.38542511556908, -14.342573160567403, -76.81321193788678, 21.666574654286077, -180.73492388715403, 43.998185816532754, -36.37946350589495, -26.467830118929093, 64.6275718515037, -136.06038782814105, -74.75287568386253, -163.20288385879405, -99.39215719906953, -249.59813281142098, -9.958314534749183, -23.024138852752998, 88.4662971468339, 61.82027503382409, -101.46907716882227, 13.051137011007112], [0.4828889258741096, -128.51745546128208, -14.150271052142257, 26.504008956259074, 62.25941418963937, 17.749249505692095, 30.62505597012718, 21.662478844663, 157.60474965093587, -57.53497874607596, 45.46505097067668, 23.910920944509282, 58.71242732557557, 2.4079956596911414, -51.84509584600737, -98.87122632617137, 969.4211684968521, -121.19592550878454, 66.09775182160918, 112.88851627151288, -38.20038916251601, -6.889987055329563, -43.851352926353385, 60.08839198881015, -173.49155046151304, 3.13807212823491, -5.3020608381787, 44.546114801460924, -29.40778229500619, 10.640414226689428, -44.62447573078487, 2.4659994529558, 114.29767951047317, 114.64329142982363, 170.16538780499593, -16.73826284027559, -8.822064437355149, 88.514777262895, 92.44150610992331, -81.25591564003638, -20.09076292886302, 22.177559792025875, 9.000642370052242, 83.37059622739254, 157.5467207405158, 16.694819669842456, 127.77013106928828, -111.38019603337872, -44.7719846555914, -36.87156364116989, 75.9276471719423, 9.18955739008331, -25.474448304531546, 181.43828274506413, 64.76191087201393, 166.4118142884414, 6.969382974116778, 125.16849735222257, 118.0499154997815, 28.1383960419459, 158.5509759707215, -35.49801851268635, 14.94973560199656, 169.62245474743767, 50.36750216062332, 103.56648047910998, 43.08152603605501, -27.445447399914098, -87.18260224131696, 27.699425699107298, -64.18731338217528, 22.607484306079957, -98.31582999883724, -38.53254479966149, 187.34760347544844, 2.5677563086942565, 172.11334382268933, -64.09620091968142, -42.505362048123956, 16.377882855239072, -48.3975903172762, -54.16399027231499, 13.212570821596398, 110.94285901546887, -98.4495328876692, 21.416576460133015, -32.67168722525815, 84.45821523570598, 118.09920216331938, -124.10868710341032, 10.27929419022913, -19.332521447678637, -5.139236436952031, -5.0875290000012265, 49.28345894639311, 78.66927209314984, -10.185849909911404, 12.41897012260948, -86.54745655365495, -120.88083380388774], [-108.91546297514367, 19.346291347808247, 8.579215968589143, 36.576171544466135, -26.02847372923948, 0.29707664637928405, 0.8559424080321534, 16.708442407331358, -114.8846461215128, -59.623290242951896, 40.97477013453111, -32.942131781077855, -50.352420641917675, 2.653055847465582, 89.33531703453866, -107.50142608485731, -121.19592550878454, 726.9121140025242, -93.03979223409759, 66.46496270396545, 104.1384158779587, -65.81629391832759, -143.16734441363806, 68.57725236544789, 18.560219024423596, 83.24593505923846, -52.78234686544743, -9.067082457473779, -115.79472857016745, -72.78115472745797, 61.817762465035756, -60.023490027279635, 10.488999261360101, -20.498572598772718, 8.713272703956434, 27.67979413412103, -110.33031502186805, 118.44878305836657, -14.18441172917601, 80.10310868548838, 117.93740915572194, 58.085647805666014, 2.6992693592866446, 28.930969877802514, -98.53905635747445, -41.36661692902882, 67.01007169050872, -14.66355944554788, -53.449161607947595, 6.884735864100732, -89.23185544156311, -32.12500521352561, -95.30758553844936, 177.3971504823415, 34.72002392181671, -80.2857669834973, -5.481188941387402, 65.9412519043704, -135.12621599780655, -108.43271765127184, -32.12386191741739, 71.27432625428389, 5.977290237652346, 30.197076986892935, 1.851480631298986, 50.680807077870554, 21.68300725083308, -24.173117923981867, 2.9899080324664404, 19.13303983411298, 44.54515004889297, 27.93797785039434, -25.201116479701227, -27.527248002217274, -128.72979101069998, -63.274721704153585, -3.852260344069898, 17.44763170287363, -113.76519725632122, -31.92528539210164, -1.344784591072114, -82.43159942075904, -76.96341342132396, -121.9058202487635, 116.28714592613292, -11.109909270445112, -8.100462238913472, -5.2584977054070965, -30.46559217402525, -89.00485184548515, 37.450051127707255, -24.506471532839505, 23.095036494017844, 7.167920019923605, 61.745928721068424, 30.549422542084347, 34.238740097170904, -38.334011342328125, -99.19113466133605, 18.110142789896173], [168.21359475692012, 97.77823524304735, 25.12720950701012, -3.5480261473554884, -25.60575962533588, -93.0849334920886, 15.849959355099214, -74.20722851173569, 4.243155672554707, 59.02844731118646, -150.23417919505812, -24.397589146137644, 203.4097248993531, 51.07230306205108, 54.898350824647736, -23.080031191557296, 66.09775182160918, -93.03979223409759, 869.3409918499544, 101.52851991412064, -44.236822731696634, 71.17591078312783, 105.70708328817827, 159.532679823868, -55.490139856613155, 32.01394296250869, 102.8805358086306, -34.120293308148234, -51.68808902424737, -112.63183240099487, 13.729583492614479, 22.11362614419691, 40.6606494932475, -32.833628262015104, 183.08636092284416, 103.4301735408038, -31.60443669399265, -23.771503221585835, 4.319111261886307, -86.20463173367068, -25.082040776810363, -30.724128567756, 79.12979906121234, -28.75104398706822, 104.03635599921661, -63.145336904055554, 159.34907488519985, -32.561164305259084, 160.66821597619366, -27.635020384019654, -66.5703763697737, -79.48601258912737, 78.76307143376938, -56.46709252066079, 2.663779187609102, 33.71011321411146, -29.34797167639011, -60.132522575965446, 104.07934717113112, -25.12747468890856, 66.56516618412596, 0.2986830945693704, -73.1216039740038, -29.163313593008127, -1.5243641250396613, -75.52587795740665, -81.03210995403522, 158.04085834636143, 33.03193596343857, 10.390656591091947, 132.45014953797138, 14.5846564241947, -44.887569011293536, -56.05216158608024, 20.974488452297052, -79.08762329412518, 16.976927586979148, -41.949376172571945, 20.548200453970573, 170.72372610585512, 66.68525664081105, 33.10558939390558, -24.545378619472203, -105.62614298512449, -80.22750597383812, -188.2326738057197, -52.87061090852339, -27.84854192197238, -91.98941923513887, 20.974110587362446, -76.39025815432291, 60.30810951165311, 108.02038989767958, -41.56090154873563, -41.416475221510815, -18.743563831548702, 58.846305360189284, -52.41314166739692, -46.22968196610355, -83.09369884936247], [16.99329323295416, -11.741037662729742, -79.45267516713433, -60.97361956183737, 6.333913458678002, 73.8173840321289, -19.313707065581003, 158.27307261304233, 35.89394011769516, -85.49347336088564, 69.54101337178281, 24.313536541948487, 121.40439234474903, -24.524881146957377, -8.64594933446192, -24.870922424222346, 112.88851627151288, 66.46496270396545, 101.52851991412064, 747.2502501493325, -73.65613420854012, -101.30149534612318, 121.55750442147995, 64.91891147286617, 76.81983145595258, -44.74142817875379, -49.47293597804601, -19.189658422921067, -60.505246197073895, -38.23672880897945, -5.228626628891402, -91.33107064653994, -122.28094715052853, -32.53953795297533, 167.05535668286777, 217.71977304677634, 0.3605096181452125, -64.60640199452455, -81.03826743446902, -179.02422428762242, 18.494313878570527, 149.81275961594594, -16.042462430719816, 50.24106682980007, 103.99313361845229, -84.99263271425853, 8.564664711645218, 79.2632227817641, -83.85082770198328, 25.843150756001386, 188.07894357038467, 16.68375173512735, 64.26076866219947, 191.26248706568248, -8.061490083665708, 98.28179351260235, 92.63681762792656, -28.12217442107069, -4.566996252500578, 69.73422026416993, -48.753485466251924, 22.446671638374884, -70.71080914352687, -99.35144066310875, 4.982746379835362, 49.0387013300791, -52.232741462308546, 43.019450752579374, -6.489290082132213, 98.89890510842405, 94.39962346319133, -43.40289068707919, -15.334428446456878, -40.48085965566819, -168.18199352631498, -4.881689641685352, 5.8932135980346505, 72.41857443453785, -43.17169624856882, -3.2326927430620587, -9.515282483383425, -52.145452385688316, 43.873021032096645, -189.7475738796354, -67.83068048109855, 105.3499660318952, -6.2142294804785, 97.17619393972157, 64.24427334057445, 44.167177817227454, 23.97433031690112, -48.77578463410481, 59.068017698918155, -39.291047079764844, -40.948905882116875, -80.55151561672568, -79.35120582454064, -42.307641000538965, -168.4031224363026, 92.4977557299545], [-115.8914821200951, 51.55652685834994, -58.67290380681936, -5.595670392383898, 45.7609354980884, 146.91739859936214, -35.903624510542876, 42.64132827117628, 37.1967796737699, -31.21668186686075, -6.076544900584181, 10.556128716992975, 57.834729528991325, 3.345970947288158, 