{"N": 100, "M": 8, "A": [[[740.2072803593575, 61.012571273771606, -52.06285057307842, 37.26083869954722, -125.43240923964623, 6.911919338940331, 106.07771373453184, -8.446809706535644, -59.57517694641826, -60.375672883929404, -73.55961284633102, 13.875054110682152, -12.579469619063115, 21.567793559709276, 50.75463618509558, 31.757558513364593, 69.59224746280736, 29.649430632467716, 19.455671103083056, 123.61579432663144, 51.03041594783903, 40.730752712849295, -64.89645431080865, -21.185232882505005, 80.1241300953776, -37.288832899110986, 49.45917926548939, -24.96255700735804, 48.63215614205026, 75.08012004326339, -83.48919573648388, 34.38719446848726, -53.50745364976107, -21.000066430870785, -153.06590341929197, -146.57513204161322, -19.55351727358726, 80.44637687252197, 18.676265952556108, -48.4163853692547, -154.49311818589482, -40.3871705944744, 6.654763047998663, -38.38762877745783, -147.51354576901485, -49.861238423156834, 89.3092296262775, 12.078194306906903, 0.9151428555647404, -17.326321675094007, 6.137232766909883, -36.939792948728574, 86.29019124654295, -95.07674199783301, 31.86301928713874, -87.76001986554073, 19.245699339528763, -31.05709026817791, -12.077543839424656, -10.657389881512696, -53.28749340435847, -22.061021046621722, -3.7050736082017077, -111.87407380712074, -69.70593494843821, -43.746745817318875, -40.717211984080855, -62.66327599510568, -51.483388335176386, -177.94693490566013, -164.86970952923141, 154.98293524769292, -50.960180339652645, -65.41921765738509, -14.737699917571437, 202.54538078709825, 3.8527000000866307, 70.86885921485944, -72.82937749534788, 48.23613310827546, 26.780973540994825, 15.5840071109425, -60.10575581277897, -46.83731194100867, -24.927938493080838, -68.1257148682726, 45.67878269102085, 103.83268360505743, 71.77198697897595, -79.48919782228448, 41.78560037366922, 68.36935445520305, 52.41977986958721, 55.11560068311613, 8.20123080764987, 10.321228207065868, 70.54685145127294, -25.222321221192885, -21.014205941472536, -241.12544196558298], [61.012571273771606, 1032.27972856572, 119.18389378394218, 97.19769024033313, 1.1499344247152703, 56.163962432553454, -141.21423280852025, -149.01435114941978, -13.210821607010947, -91.49102711608737, -60.00916507635214, 124.40269327727172, -1.196092100512131, -16.420168439048616, 4.594010921796515, 3.817478703588304, -58.75191732330686, 98.88799371132829, 34.636050503374754, 70.0402529421997, -7.332596636078714, -9.057870908805418, 21.632727953844476, -217.25115228758366, 125.09775149698054, 46.913349554686896, 62.53056548458507, -78.5609644085849, 41.956240495356774, 41.83460077954493, 70.76748705337802, -19.274562305442597, 64.8513334960042, -32.81003706682704, -6.16371630028964, 155.22963316732537, 22.535648681697037, 63.93354073513349, 48.075302457671114, 100.23579197140228, -132.20963965849725, -27.247012864725974, -6.788190473160898, -39.80815281655649, 49.662729041506246, 58.108265114350125, -106.92749832153935, 37.20024475840393, -69.03457335870662, -18.997339302591584, 132.02869473022034, 33.344238969101035, 176.43481805455917, -85.02950411693831, -98.18287435599922, 5.895749570715454, 65.30055040671208, 257.21180534260367, -57.41897308307362, -16.07610145386521, 19.166653978215145, -22.794198777653726, -102.98862453140168, -48.87719513783213, 17.444616898976403, -80.25678715814574, 240.15751442479782, 6.908916305617514, -69.31393882012314, -52.937390351431446, -20.33246672836141, -60.89696413401163, -86.19725411906501, -7.517569007518716, 67.64566177663993, 35.55202555219205, -24.088370521184416, -88.10634344186995, -157.676092676389, 46.57928392977976, -58.49250321264516, 6.326633144542526, -72.73699129636712, 68.76532748296171, -19.450473503177644, -5.419229616368222, -164.80848898518627, -36.757746331480504, -40.0065017538265, -158.7153409905533, 61.800847283532974, 255.8153742583086, 9.392405741921097, -61.839239759436865, -14.779129885368254, -2.043555074789439, 32.438989573912906, 84.93775141350044, 81.82260928287471, 26.118362813432004], [-52.06285057307842, 119.18389378394218, 731.4033964135022, 57.247922708580894, -0.7845022341519896, -109.8964873530386, -19.09918570049072, 5.038601822847804, 73.25257166037144, 6.526165189613836, 19.92906498346555, -12.683653247720494, -109.8885595143303, 22.582075844902324, -41.523575917075554, -29.872866381475912, -34.72168143421911, 44.17660208871313, -54.84586099268614, 15.757322232401894, 30.99473188252324, -47.759069244857486, 78.3303782489578, -22.399341810409688, -20.518553126048783, 29.990622678486037, -30.089211995946076, -30.61904731315188, -161.7847102636228, 8.610634983832474, 10.359377862625466, 79.43327110701735, -80.38170092262307, 203.89753046908274, -80.99391302292382, -48.68070176596237, 30.752299013374863, -35.18875540305696, 92.20467819967908, -55.9203115325131, -105.19820718919276, -99.58793043626311, 75.6111639160852, 138.81251831207828, -46.36907346088304, 155.23651541664012, -69.64328603901433, 38.553705390720104, -170.30613589274077, -83.73983154288685, -59.39718080256178, 101.96444582932774, 35.444831373508634, -29.550163076021693, -95.6576219540815, -65.52383987309013, 33.19753285056009, 148.76101050354208, -16.083919616923364, 68.09576931897256, -2.3551126976584915, 112.91128519658696, -42.93817836875591, -57.90756451464879, -34.279998803366304, -75.27040330308238, -94.81047302820579, 49.7326770683074, 15.609914006340388, 14.74931267266311, 12.973768904410559, -70.2575301725738, -30.524242533449154, 11.593873088193012, -131.76875896500968, 9.365050921153719, -70.91063864388111, 112.03438233150028, 26.41632663862282, -64.3961302110904, 17.076006877480555, 27.96294147188441, -7.241622323579286, -19.517889061582697, -23.919649650583814, 91.19107540796398, -94.67668410013441, -50.37076000969719, 83.95469789337348, -33.82419164006112, 79.93480155814879, -39.79072700871164, -138.7315165917043, 52.35698181771303, -31.735411542146814, -11.327539671894383, 61.6999860771891, 20.326720830895926, 192.35036193383485, -62.02659629432856], [37.26083869954722, 97.19769024033313, 57.247922708580894, 887.4155901825885, 0.8286675067900005, -37.339169463515496, 118.54329093121054, 12.096309339200687, 91.904670734927, 110.74406112595487, -88.0867193381212, 147.57658840307215, -45.930417589535296, -109.69920997729471, 91.316578861305, 34.488529882628754, -34.763859453114264, -18.189553595700556, -107.26279808671886, -62.25979943846807, -40.373376880791554, -120.97134442111418, -1.388463457437331, -75.38996029235857, 31.076400727481403, -52.98994588797353, 80.92395002097307, -40.02408383257698, -86.64207735963575, 1.4046211252823375, -1.7386991722543286, 145.40685672484992, -17.597835493245743, 0.7265425986845993, -110.32738328980474, -41.03451050659161, 10.060149463430031, 93.45858695388723, 6.875722447400375, -95.69086640900824, 111.5727236743977, -13.981296646310415, 16.52248079818399, 10.132246582125536, -147.94935829541296, -28.42294629097085, 103.65133335490415, 157.85101212607418, 107.1401507642673, 43.5480888778688, 74.31045901047929, -176.79655751349225, 51.871357447765824, 5.374391584694222, -15.803434491189623, 1.1655964308464293, 13.73435341159625, 81.83598604703016, 135.06431371131856, 75.89866819256493, -41.63534437338815, 141.12848616740766, 87.14129033909616, 213.76909034434783, 20.848431604775175, -42.85571140546151, -25.8977280359751, 71.49941557303022, -91.95176815398649, 60.268133746420325, -37.86637572725408, -17.359555695442705, -21.715341335262746, 2.1387364645077094, -36.412735912100786, 53.95104587447035, 32.15013151335476, -116.14885847705733, 142.103329199216, -61.934271549804436, -126.78138566890853, 177.69149936845713, -14.482014810071947, -9.33957538848775, 142.46406687446185, 42.04175682963465, 89.17178291271969, 45.351714616907564, 67.30368019879836, -129.47388133141564, 21.26318920321339, 54.267785892711025, -11.28538226473098, 20.31872419251459, 166.40824262940905, 74.59540193298356, 63.815480298246435, -11.920871656103989, 52.66689353708831, -26.67896481966968], [-125.43240923964623, 1.1499344247152703, -0.7845022341519896, 0.8286675067900005, 649.3031255040175, 1.9456769230046103, 42.59559275276164, 46.90041317385254, -3.0534537415463223, -88.9575748336334, 57.739874075986386, -9.013754039507607, -44.86019295161552, -111.68590603519159, 4.956100712896658, 38.58573019883639, -15.322855587469283, -45.88752917020095, 10.408950509091778, -70.29432964292478, -0.5737348071026629, -38.2844586296924, 169.7769138667671, -11.040703758903803, 6.33101966899348, -48.74346885837265, 70.08981275998869, -61.00554357261167, -33.529610844867705, 145.15093024377936, 20.723072585830135, -81.95172341976887, -80.86920202686844, 40.199143441543825, 42.563328542689426, 55.888961283592934, -135.69387844193727, 52.79549688239671, -34.60971510610241, -109.34694497356296, -25.747376817808604, -47.56721755883036, -26.0028614126648, 152.0660156560303, -95.42355824081825, 81.42687386774028, 35.51034476135764, 82.69188705329891, 76.61139143364464, 83.05539359353098, -1.2074109236022155, 127.52380728365982, 25.25656339717735, 102.42051849773543, 37.07552402978856, 137.67046574123108, -58.02382815864385, 14.828645836057802, 79.94538233642676, -75.35438876828182, -35.2797918658033, -12.487009114889776, 131.56546384982124, 73.70258277849581, -19.71282347412058, 64.19741652105425, 38.368713055986525, -26.740684707366153, -86.5255476854388, 100.56152637865839, 8.677746184783292, -37.3059909497404, -55.75791212116977, 103.59344698795259, -26.52822846949487, -109.35912999534752, 35.13227833008838, -172.85117909609494, -17.881862321174996, 57.05664178937316, -52.20450688744129, 64.65583967002476, 65.9394569826081, -22.503640214399475, -149.82623910415887, -4.381955655514299, 15.187414299007044, 7.630195723703321, 85.36341832419858, 80.945462417751, 83.74162350849825, 76.9566522490938, -93.91813285222521, -49.35656855397391, 11.657877441929294, -60.521053831785935, 9.73747676354762, 17.087483994185575, 76.17710094657224, -100.69809096995502], [6.911919338940331, 56.163962432553454, -109.8964873530386, -37.339169463515496, 1.9456769230046103, 837.4256605183497, 101.12277298935905, 13.047380307419171, 38.272915710005385, -72.0194615361631, 107.96884635200924, 13.020703646473285, 48.873032844108366, 41.5692657613889, 91.39448225930589, -26.582903701925186, 134.73301800327988, 75.82834519831334, -0.42570141774029746, 14.182365893150815, 29.535277988799425, -8.254709719258843, -26.486814889129505, 56.226154813888535, 100.54783834589317, -64.8292838357614, -104.97428076998273, -69.44591450723048, 36.99690472080228, 2.5041620883601055, 48.157041652229005, 78.41512181679491, 1.9844551228061906, -20.184608472946024, 114.84457616930169, -14.272845256540357, -3.9484790038116513, -62.241164148519296, -106.80788761651553, 105.37615462099207, -1.895766225764714, 84.00873494752611, -91.96585056439571, -95.85247864454493, 226.6327785595581, 98.90392649221785, -61.19846048823497, 65.09480958650164, -10.264898403581109, -104.07830634352871, -7.390239852621534, -67.77875114230731, -75.22047975943048, -5.462937749277209, -48.284783629712535, 4.16895976608151, 91.02196575460127, -76.08627202714179, 75.29886097612099, 71.21385426734994, -3.0315872198386824, 2.5692347904730974, 138.65312145269075, 45.11288392009599, -10.283443859680919, -74.31177039515973, 58.06588589651107, -20.131687174362774, -183.25003360474466, -87.97151926873673, -10.0980253662594, 19.211408966867584, 85.78377245866685, -4.464770236999558, 71.6921791085658, 128.09599947305648, 147.13709199651737, -52.91641073265146, -60.7677922472309, 22.37102730093842, 23.816601150811607, -96.78806059351409, 204.9192390643673, 117.92177199783808, -27.312116889087378, -111.72329155434589, 27.202021794495305, 52.04168057466255, -50.33362639545318, 125.17307529418386, -20.806142400615013, 61.3707843929543, 10.977511171290903, -84.54810992974664, 123.20830762697118, 128.94017932268324, -27.891921784265826, -97.77024380587712, -97.08167225245673, -91.75500650380712], [106.07771373453184, -141.21423280852025, -19.09918570049072, 118.54329093121054, 42.59559275276164, 101.12277298935905, 792.1573791239963, 91.2125051551066, 47.5484286047233, -0.24609795087104516, 19.28282390444906, -112.85870345032754, -47.214433710856454, -18.16342817051645, 156.974554988602, 44.193609940174554, -12.724484213850193, 188.38663280028433, -90.9488037631136, -13.664154187637207, 71.42092276259365, 58.71691720068069, -101.64899883142219, -17.513663434933036, 31.381259491870722, -90.57632622198105, -16.61165850850365, -141.11958806244388, -76.3405310939448, 95.37190241899297, -68.42893412168735, 12.501480509629218, 21.117280383153435, -69.0452270965514, 84.86240198884785, 12.19874058293657, -62.791453462866166, -57.41117490455842, -128.12912795771769, -42.58467152888929, 11.358153346451244, 37.18323637639997, -71.00856140173447, -59.8790744264757, 14.9656807893155, -28.344021057146694, 37.76490281219972, 13.265750284547423, 120.1073337931056, 36.73882327509859, -49.15207730806227, -4.965263625918149, -85.0822089282947, 139.42147915078272, -18.39602110900301, 14.92573611392777, -45.398635104570296, -91.74814799230825, 39.21832600796331, 60.554633881708895, -8.936751583689416, 37.3961948863714, 15.687407977820076, -72.29363812576882, -57.2023495454191, -54.32992697144319, -80.38318989096067, 27.951482797152668, -34.86500375632121, -7.958125421278148, 58.2706455140801, -10.710913183702987, -31.791190705080002, 2.9615277527788204, -18.929270080620732, -60.8690629751247, 214.29792912969984, 51.10553749216306, -8.932857615158717, 7.128681356152109, 27.57064825338583, 12.108490818899405, 39.57547305838166, -71.22757208360827, 96.73562223386404, 59.43907162804814, 71.37178731364574, 59.771938985350744, -76.92154087172256, 48.70894164095439, 103.96349051375672, 96.09388289763682, -13.902470831826069, 14.462503880255609, 113.99356550841192, 128.70329381934883, 26.771188427848113, -91.7983297135266, 85.27732630366543, 3.0994470370154135], [-8.446809706535644, -149.01435114941978, 5.038601822847804, 12.096309339200687, 46.90041317385254, 13.047380307419171, 91.2125051551066, 670.7345508467514, 70.78421204146956, 75.08480038788409, 12.067128375594706, -14.09577075373138, -1.0990033881255414, -3.94715077771352, 21.678243541433716, -6.966035189077181, -59.5840626878856, 54.694004822587786, 51.68055174745795, -35.048261280792964, 26.295652302258567, 34.353203852378265, -19.18987030434138, 57.590775416479445, 73.42816503606805, 94.29244610564581, -181.61161013099291, 52.510571360098886, -115.15586678280691, 36.213355456013836, -66.46532101496287, 52.558452742524956, 126.0225919392022, -46.22062004484612, 86.24407613383674, -46.432274074192165, -20.499423995143815, -61.127895966237695, 76.89058657937927, -32.81493778196699, 64.66292198755664, 77.99980359668814, -91.7814293127955, -14.909713890274228, -8.623021651206207, -85.35152101972793, 20.18849287204645, 36.6395399758516, -44.89444937405973, -11.15013565328859, -12.446067496120872, -84.96780392809949, 12.578867457049528, -66.99540359393522, 84.46399722084693, -84.0730974127362, 132.34953351536328, -28.853991151437064, -33.304883339177636, -20.399236557114026, 127.42391548627046, -3.6456586428978572, -4.059213656390583, -91.6903297565416, -83.78395282412494, -101.72920912535878, -73.11620278464088, 142.6009726016833, 88.42786724360184, 89.55916458568826, 82.10040238245207, -133.84939551521052, -119.95403136826218, -71.15797662265966, -18.492808835381574, 41.210525589156, 59.31693552722701, 50.52171649526754, 72.18133967256871, -55.50560359004491, -119.25987737015706, -8.521123102301058, 165.1545251432693, -76.49890045867141, -9.730889397636666, 59.17305154173562, 28.82433962977807, 30.02399157751547, 44.10132141805643, 172.9222305522295, -158.67284353546663, -46.677181418142816, 98.42400535632007, 21.601282484311504, 173.23507743264128, -55.88595593122904, 17.265407075548808, 42.88644051482294, -36.041185868849865, 35.42847633467923], [-59.57517694641826, -13.210821607010947, 73.25257166037144, 91.904670734927, -3.0534537415463223, 38.272915710005385, 47.5484286047233, 70.78421204146956, 754.2114048750728, -16.882888080978155, 100.6035277524786, 56.25610637911295, -41.643794552597946, 23.666055331202823, 38.53435728133838, 25.260040175663246, -179.1990759562011, -53.30480353501229, 28.919192322289263, -21.90391945473286, -31.81728522442305, -52.4057657648427, -158.58831186113818, 133.70302993063294, -1.9300490972164415, -29.691544920745194, -121.79946144926586, 107.47777843205832, 104.47027119383013, -51.46385524796802, -2.771423928982612, 85.33459416937168, 52.91750075610785, -50.82835263066411, -49.88344651905583, -86.01758998091564, -2.483530551344916, 58.01072508297087, 44.46603208493942, -35.080557494221296, -125.9688449221714, 53.518800192642914, -63.54428022205978, 82.92484352757215, -102.89498385648245, 81.92506023204399, -6.2201639019859405, 90.92745956610972, -21.558952275773052, 6.609590096380952, -57.24740835504894, 62.54678736469153, -103.97499446247791, 99.58701244553367, -6.261680011872934, -27.528021328784337, 61.984290034152664, 107.69363796963623, 125.50627597891486, 89.48997448310288, 103.40026203034033, -115.31329530354763, 21.257115031293623, -88.24658431587811, 27.903132200442833, -27.584801558439505, -123.59050052464657, 27.83115381171143, 48.156458615542064, -55.756880020737334, -22.00470596642482, 37.9489721980339, -167.13736764458122, 41.764257226176504, -37.59915143841925, 1.8094766339123771, 18.740901335843485, -16.275833139039097, 36.09682355682111, -19.217004398810385, -168.33003398459385, -80.26856266980884, 86.97516025422118, -87.71623403475486, -59.35851638549062, 146.0341958684775, -13.18532729787057, -74.54334099972394, 46.72705345169037, 25.94677699076785, 20.49572053908963, 111.9801785308434, -147.11947406153354, 165.2890123258376, 12.181338292478843, 84.24455013623496, -29.956006124903197, -147.91389339344292, -74.02023428019444, 61.404658465116846], [-60.375672883929404, -91.49102711608737, 6.526165189613836, 110.74406112595487, -88.9575748336334, -72.0194615361631, -0.24609795087104516, 75.08480038788409, -16.882888080978155, 813.294403307503, -29.430021943853298, 36.991327185884614, 24.44329042415142, 79.04753337863932, -147.14922645632737, -66.35498554203154, -24.180859669842537, 66.9425512039508, 196.71461104416989, -147.13216751235512, -57.68890746312337, 82.79993820405095, 8.63096889984904, -6.349994232943549, -35.361950969735894, 16.296041673192875, -89.3967531719987, -23.546794205062497, 51.69755225569103, -139.26552511400138, 110.67390747620234, -122.68077279790519, -1.8159029047592172, 38.71194958414669, -33.3323393282655, -86.80754492944591, -148.9991959811781, -100.22764819645076, -3.1812487165675507, 44.63630243425214, 25.555135372381848, -13.925817785187924, -24.323402650541272, 85.25813346561303, -120.70636019994923, 63.38766620237974, -45.87418819958978, -62.38180916963695, -134.9904497670206, 142.7383676914235, -114.56374088897917, -167.4217823623791, -33.43511899482, 6.424634940624811, -101.09280286825695, -150.50427066213763, -23.639863333233126, -14.317139138083066, 43.03754433885274, -17.177740488422476, 119.17516892062136, 3.3255408188773115, -56.63655908593276, 232.49462578480663, 105.95838098642257, 70.98811427638817, -32.41365221801561, 192.22941560198623, -18.33566826662969, 156.00783316184393, 165.32265729670488, 15.421039557973234, 114.33469113740901, 38.592412545506505, -76.04939381839782, 131.11747055479054, -8.683798896113224, -100.56190617367506, -27.398763187248875, -36.12549876987192, 87.18234328875768, -55.50051941110823, 16.5760459722823, -60.99147902334468, -78.68595960933486, 87.29167601269062, 34.28456513703725, 108.14091635840079, -30.097690238615797, -60.60738292086249, 63.12236879898934, -36.78821284795621, 153.2716822123906, 225.80317037845023, 116.62235065555511, -48.04222863439296, -38.239779931968236, -79.23075739158854, 70.4558704632816, 93.54803680143425], [-73.55961284633102, -60.00916507635214, 19.92906498346555, -88.0867193381212, 57.739874075986386, 107.96884635200924, 19.28282390444906, 12.067128375594706, 100.6035277524786, -29.430021943853298, 683.8537513046055, -93.64109803900928, 124.01833168026555, -103.34219373112991, -60.158140112493264, 15.345176108656544, -14.760743244436322, 22.463438465277946, 41.86671016950499, -160.6647592039213, -166.1612506009652, 113.53690133241867, -75.74354625027044, 34.904445241327764, -10.50678240928245, 43.5874299364798, 18.911887035679044, -49.76605556261727, -24.761655083740262, 52.775310006290944, 168.4534173757163, 90.21040885439706, 48.96638046169551, -73.34465901580049, 140.97325625174958, -173.83089946285585, -9.866337483227113, -7.878780484735843, -116.0042427589526, -15.271465578363342, -15.041056831066742, -25.834792337134992, 166.68049498550994, 15.947411636388171, 42.52792858886753, -236.8533355766957, -26.53312107227708, 12.245859838363504, -86.75870216090502, 49.10202677044756, -50.30215040542965, -4.19921737996229, -45.68938839657995, 45.30845539696509, 12.982613942464077, 13.196611737897397, 65.89493757145456, 177.0277460523573, -21.15435237776221, -27.214328126605, 60.875442670498046, -64.08281875294875, 110.69050100555928, -51.52920225867746, 77.093280234758, -5.296422166570329, 53.8791736726017, -88.4795931440631, 61.46422495756577, 34.49042661109165, 54.17491105134597, -23.75970832649853, -202.10593411237028, -50.40385634541964, 54.773109898018, 16.573616903162314, 31.81997734124651, -98.31017127681254, -13.33183646962031, -84.62623136073961, -43.12229257905959, -71.10446181564082, 55.09444774742908, 77.68772433092629, -75.75639582090412, 95.44898460410879, 55.42382796359163, -66.94387842486157, 24.784795971741477, 54.783835338528, -89.67694687350964, 66.63488011778546, -110.06249645147562, 7.438311869290681, -66.65718690851892, 39.327439932977846, 20.13450207857328, 6.084900783979389, 138.02404430045365, 14.933989301495966], [13.875054110682152, 124.40269327727172, -12.683653247720494, 147.57658840307215, -9.013754039507607, 13.020703646473285, -112.85870345032754, -14.09577075373138, 56.25610637911295, 36.991327185884614, -93.64109803900928, 1010.6509732271761, -45.151783985742156, 58.27167019737868, 17.940114757314177, -78.75788307649712, -11.113460716218752, -81.34018553115594, 211.3271909167167, 31.430103195698926, 103.73678087987614, 12.5070155401125, -72.4906428501709, 139.62804015774708, 105.8114285408599, 131.94085771972044, 61.84304187110259, -77.77435528294666, -31.299074413738435, 79.55857529195481, 45.294538210891695, 46.43234712164801, -71.8478848940943, 59.06936897777751, -92.11199674215094, -114.66282556245324, 183.41757755985142, 113.42456738763623, 117.80634642458133, 173.57224332895026, 115.79432930766788, -46.48312824856442, -59.80462827723857, 156.37147173232077, -15.829277221880732, 110.38324409230654, 209.478253929433, 15.816647521539503, 23.354896398385392, -43.157855629171905, 208.54350288920946, -43.85760506250772, 178.98624649199985, 54.237595387555636, 92.18960326062664, 29.69089935948763, 55.58576090285234, 5.649641857261217, -35.45598624890663, -37.65217325220538, 74.00994459041253, 27.927831302937236, -80.37132281221366, -43.26433997116064, 51.867129412193584, 242.01208162327333, -9.463187344611805, 154.87453948798506, -89.43882701784443, -50.22255375026666, -72.02376458239543, 35.648438270356095, -105.16782335398423, -100.55399097288297, 30.132791630074472, 2.4035672593650976, 69.82022743510221, -89.1879730808897, 68.08082423593827, 15.34150145679495, 68.12744909425689, 14.988338252717744, 49.63483007909009, -11.920224832082429, 44.887778393614965, -79.00501854606419, -37.521570184911255, -52.6840808584971, -66.65173152625194, -58.38112743707103, -119.28773336199743, -14.326167515819641, 169.8211298118655, 63.11883564603287, 133.79276514148344, -20.231323299427633, 61.432247348894144, -106.04988322610814, -116.30787534227632, -98.76663625893181], [-12.579469619063115, -1.196092100512131, -109.8885595143303, -45.930417589535296, -44.86019295161552, 48.873032844108366, -47.214433710856454, -1.0990033881255414, -41.643794552597946, 24.44329042415142, 124.01833168026555, -45.151783985742156, 680.9181995613931, -17.708058757792376, 11.347238952056712, 72.31246734505599, -39.75483374532082, -79.0799704955135, 68.70564912427226, -113.43638408158203, 12.784710207536312, 24.92793793346997, 12.094192005009258, 34.96686355190273, 90.29040383128255, 14.617686316563423, 66.48798000728175, -24.220318826370047, 113.1720139530636, -78.15430489223982, 197.76955900176497, 60.29881746135319, 93.28296892753471, -200.45413957597881, 54.69370345850571, -12.11519657245446, 75.3777562390234, 0.6406771029835241, -101.033967244681, 11.491383808171532, 135.50186810970587, 109.06501384417865, 62.1362233919404, -19.89143490989332, -18.222151150521285, -183.85607225696972, -28.792625794997395, -263.87660893025304, -79.03906275300423, 52.34167536905222, 11.898826369167567, -8.485418945796344, 2.9545693419249313, 170.10507503657132, -51.95615565868075, 19.42534897716927, -19.952433677603434, -168.09364265678326, -187.67008074862198, 46.54696515349304, -7.922172086856171, 25.743290951136757, 31.144802733462537, 82.88751881707368, -29.749492379082852, 0.914135146377528, -25.021538508167993, 24.116185669418318, 52.05586618682319, 73.46514780551031, 50.8762741358986, -89.48312700763758, -31.193200220947062, 17.26707610860999, 79.50879814355147, 0.47565826374902204, -35.9976277335981, 16.58642167968851, -142.1487007686458, 5.424028245029047, 170.59401647398275, -16.391663373211493, -81.66981363063854, -95.9149080073521, -52.92061141443271, 27.76762651441702, -6.333597659865488, 77.09579176961331, 28.289051581363577, 2.460896566942148, -19.880194201279835, -11.265978864249721, 102.16182626675615, -11.315296402850706, 32.37377933460749, -18.676076336813033, 68.53864279887499, -117.82290543606246, 35.28599677851883, 52.68103868934511], [21.567793559709276, -16.420168439048616, 22.582075844902324, -109.69920997729471, -111.68590603519159, 41.5692657613889, -18.16342817051645, -3.94715077771352, 23.666055331202823, 79.04753337863932, -103.34219373112991, 58.27167019737868, -17.708058757792376, 797.3764672253707, 2.2966637953230045, -141.84375954664918, -78.04553893981263, 14.33878385737078, 51.532608688409255, -0.740598550095117, 21.136999240650788, -45.48290347616101, 30.5509218948548, 82.62133209962009, -11.908083213147208, 49.56717482167281, -147.17609484579927, -82.83564619528633, 80.46489120862613, -58.012014333899465, -47.2609635151218, 55.59519989894995, -22.547011953514073, -9.206999696105143, 133.04306727217565, 98.4187070440925, 31.32763387141468, 15.441578710858023, 10.573133367352993, -14.040499619923716, -127.79266559016061, 70.54047560319698, -103.53585955190198, -104.44696476720753, 5.24004740549859, 97.3092199522136, 86.70875849497297, -46.67912842995491, -83.23238065412457, 102.13168778154969, 6.912268841982937, 103.83391928256468, 0.9493972523605777, -17.035444193330548, -19.258089386843324, -21.192128852145427, -36.24008719640402, 14.052526904426045, -31.071104285629342, 172.56744497844738, 48.36075149398277, 29.88428887145025, -4.667415658016756, -65.94606005933768, 135.64882690114362, -87.3565628677583, 63.53583807845049, -91.6731419455748, -49.16599058016844, -114.01439185430856, -57.28660426820045, -14.8861638619095, 116.91500436793957, 182.62845825125413, -162.2435534295285, 1.185564532335939, 80.88709930602379, 25.73489090192614, -193.9981633437539, -2.467886943536049, 136.47030829072756, 15.206821649137735, 191.38977128256417, -69.2499001886311, -127.73130333000942, 150.90701074466514, 72.5274162935919, -11.49490093037195, -51.018151097415085, -53.47566466164505, -101.93740999930368, 99.86756336288767, 49.75853627731621, -87.59406042946149, -52.867918365747705, -42.21493284354684, -11.989422415327574, -120.29828803604036, -131.39037778513574, 84.54857558273528], [50.75463618509558, 4.594010921796515, -41.523575917075554, 91.316578861305, 4.956100712896658, 91.39448225930589, 156.974554988602, 21.678243541433716, 38.53435728133838, -147.14922645632737, -60.158140112493264, 17.940114757314177, 11.347238952056712, 2.2966637953230045, 815.5850424461972, 88.12486417807793, 8.001607653448321, -99.7284630867348, -122.26996623861615, 96.19585375712673, 138.55699789342435, -17.598246373721214, -49.81608738785985, 69.9294775322356, -35.03088081472312, 42.78670939156128, 185.62352927869375, 94.62853109862618, -57.29825391575949, 68.02910594198791, -33.86200324101643, -39.648032410182886, 175.28186512203442, -9.111197561411934, 138.36311753595785, 38.87416800157409, 39.168532272035854, 18.099137395820403, 69.65110004934986, 2.0453738903494436, -54.041790825631985, 34.512175259153636, -46.21813581037429, -147.19173485711374, 6.411891693327331, -129.100997393573, 66.02789123212133, -14.716931283440145, -12.729672849728521, 79.83115603942778, -15.556361986036114, -4.976188307826562, -69.41965532208738, 98.80227449202783, -124.72962110287449, -29.50219893935965, 85.24546249103265, 14.610775601943896, 6.056489423885043, -22.233384709487765, -127.20453369504416, 21.127392701695815, -82.18970949794736, -49.58169874979827, -88.59322642732523, -9.863549626091604, -37.19186141725003, -18.132007631613163, -25.122891847159654, -45.903523677440226, -126.80463557402093, 61.56996178254896, 2.096443988998281, 117.92556160628617, 86.61486972075303, 58.58935497597732, 38.38350573429656, 28.857781710010407, -49.457358364058415, 73.95460656752661, 80.66754369035178, 89.42019231853946, 90.9823495115406, -127.15977100387008, 235.2482745450927, 7.6997733536224455, 160.14836701377743, -118.35543834087973, 90.58123214714487, 18.294977784565976, -3.486083912893227, 9.376022347277127, 134.31802232532186, -75.1876551571844, 153.03037721369378, 209.257559530404, 61.861029388320134, -54.688170670698256, 18.390843981829004, 9.25000556185881], [31.757558513364593, 3.817478703588304, -29.872866381475912, 34.488529882628754, 38.58573019883639, -26.582903701925186, 44.193609940174554, -6.966035189077181, 25.260040175663246, -66.35498554203154, 15.345176108656544, -78.75788307649712, 72.31246734505599, -141.84375954664918, 88.12486417807793, 875.0090679091799, -97.10514347997886, -127.62929021640379, 15.48229453121773, -10.772427326233391, -17.77166626455144, -40.88853903897882, 104.57747031099929, -44.26630631946303, 43.79533872332245, 25.826400938330853, -1.2129464824442475, 5.366596378617556, -115.9541961010126, 73.70263375171025, -15.660885331314196, -126.50358869305805, -40.75630202854757, 153.8044424310493, 52.55578027410305, 7.398812648229382, -39.45497252918426, 0.6225156451722972, 91.53985245088761, 44.99033098369002, -21.572073422809822, -69.77964928087187, -122.62348894394269, -57.39077124201014, 69.37049176024159, -131.8949963287326, -40.86393236437063, -79.01958026527407, 15.944036273808774, -43.2126736898499, 29.907904912212842, -58.7805034424638, 20.71900212809794, 37.249075783830605, -68.30584045732523, -74.91692487891413, 47.14903830918931, -53.84766701508217, 107.35267703403093, -28.30939506634297, -50.208241980522835, -14.09968969842157, -9.952463440809309, 66.4325972453869, 115.71540081537417, -26.57453590932182, 152.89332598633715, -151.31509066605744, 80.60880852615347, 19.43063478231999, -17.6752124965436, 95.20027290297014, -46.445748846232895, 17.51330785404035, 93.58281034557443, 260.1784153407613, -189.53374213785804, -44.832443841281325, 74.37573491212697, -181.9035124076016, 103.94184310002551, -56.115231690721245, -57.177579083686865, -30.72659809363479, 10.40664850863151, -111.12071249119757, -65.33095297274393, -136.48959273282438, 23.68142323299577, 19.227410300183013, 80.58823418655099, 99.73588711815412, 163.7139303290815, 153.1000865413438, -115.41750046106444, -0.262875109335144, -80.71455674643934, 76.17436009447614, -93.33731870370826, 66.21678784963507], [69.59224746280736, -58.75191732330686, -34.72168143421911, -34.763859453114264, -15.322855587469283, 134.73301800327988, -12.724484213850193, -59.5840626878856, -179.1990759562011, -24.180859669842537, -14.760743244436322, -11.113460716218752, -39.75483374532082, -78.04553893981263, 8.001607653448321, -97.10514347997886, 818.6705041485816, 65.97909848146138, -86.96139500286922, 13.477627248209988, 1.3291180299726297, -22.138695499897803, -54.48229804622924, 71.16165840342649, -52.84309917942693, -67.30723299828436, 66.32188230610524, -83.33949833396889, -139.34298951999364, 82.83163019094884, 74.69851577739172, -28.86674793737621, -24.00607474266308, 52.78361430096393, -43.079833906713475, 5.743168215503803, -22.989932423015066, 37.12679081428452, -42.93659472485026, -42.0300597795288, 77.33892242635007, -69.48853351982417, 76.44617879574832, 73.67883251815275, 32.161101590986426, 39.35259319558298, 5.763685272777909, -41.64180791773861, -30.168043282021205, -62.52444626870406, -26.61821839421054, 104.58603314282978, -107.45690489062906, -80.69578738579152, 91.9297247665764, 8.407336929277873, -183.61136662790935, -45.73380313376378, -69.52127845188402, -15.581409355794657, 4.862889475242617, 149.83624581256095, 106.23864555653131, -0.4793851773400128, 22.05886729716805, 9.04265267589261, -8.427011331799044, -1.5224092127444033, -49.35035177553573, -153.4118502210903, 9.708953849190852, -112.59479963137134, 158.28891704918166, -6.1997610340846405, 52.97119908317745, 78.43166641782666, 94.05128195977183, 124.11111018631341, -64.22208584056868, 3.8645796196558866, -102.06568431608841, -101.66004386290992, -73.38878158838983, -25.494811249994562, -7.581109044710101, -161.92831786161094, -35.34477829743006, -25.051532169635763, 89.11880066210277, 29.915013379418873, -25.555622869372005, -114.23787578098239, 145.1415276998836, -132.76627632951613, -123.78199856744706, 37.25401961365435, -54.67521867457452, 58.1435172962751, -85.66844311427943, -106.57143933347983], [29.649430632467716, 98.88799371132829, 44.17660208871313, -18.189553595700556, -45.88752917020095, 75.82834519831334, 188.38663280028433, 54.694004822587786, -53.30480353501229, 66.9425512039508, 22.463438465277946, -81.34018553115594, -79.0799704955135, 14.33878385737078, -99.7284630867348, -127.62929021640379, 65.97909848146138, 864.4727798010895, 66.75005401559686, -121.84460015738655, 50.002857369680136, -209.9498152111879, -91.5350825399761, -18.225738899061348, 19.287140791570796, -16.80433678763569, -8.53588524169781, -128.67664720017106, 34.84229984824697, 75.5682073218711, -161.7239930614328, -87.20224607977757, -10.676928398093214, -72.25339658541056, 10.771621404809132, 28.991565296694162, -53.98817834856587, 13.429242693364715, -208.58762645225494, 78.91569565711396, 50.857453819738836, -42.663152553641815, 34.921436121940566, -82.37458854038606, 33.070084828382136, -9.7963281283046, 3.9100776109855118, 4.06916730049187, 59.58349153434386, -10.373392231746505, -150.3102373927346, -12.644187473498596, -1.9223911891163001, -62.61171364390012, -40.414241360530454, -25.40902558399305, 91.34984517061176, 78.40826621380434, 12.421853542046723, -137.32017770410053, 104.83072783460756, 21.78205374952315, -8.0684107853382, -45.01459066616877, -79.4740922665204, -55.128853752551045, 109.07356257581444, 114.66094381139008, 17.21539059957918, 84.94564248694829, 138.04753093509353, -198.00841780126504, 13.277032943416973, -37.443687398633955, 14.049061189176062, -36.30675611869721, 145.49576291092058, 43.47416506122868, -63.75011003780417, -9.37948713230129, -33.85332337526953, -19.742357295656358, 43.84579473895795, 14.416062925195215, -14.41266840300351, 19.879948803334276, -40.288093424418214, 46.44341298898036, -177.1008693734272, 23.86098955276439, 35.888489985168576, -40.95233177356057, 10.127474420632694, 22.191747924181445, 61.4772220410908, 144.988760731133, -5.191928890263197, -50.92553441484282, 147.38090034297207, -157.31286489946882], [19.455671103083056, 34.636050503374754, -54.84586099268614, -107.26279808671886, 10.408950509091778, -0.42570141774029746, -90.9488037631136, 51.68055174745795, 28.919192322289263, 196.71461104416989, 41.86671016950499, 211.3271909167167, 68.70564912427226, 51.532608688409255, -122.26996623861615, 15.48229453121773, -86.96139500286922, 66.75005401559686, 659.4225433529068, 21.95917244345843, -83.110078776677, 148.89070227544377, 24.53117136329106, 26.58572774665522, 94.35475966453521, 12.970830630264729, -42.77696332017052, -116.69975442227077, 88.8963483001825, -37.40827298364708, 30.28653936124132, -25.90428677365547, -39.15463193543991, -53.88951479503129, -122.16508415944652, -34.35896258530466, -31.744552174162408, 50.684315947216014, -97.11016955821626, 134.825026205465, 41.252232169463575, -72.15042903282368, -49.32201991601662, -24.45695025210596, -41.32121946012188, 20.351921083091526, 31.114227115534373, -70.71701061086925, 56.91669280889197, -0.7747421744735818, 91.92237753913876, -78.53004237018092, 83.26779003386063, 16.423259093985116, 108.21830797310807, -119.77463160605717, 56.54149755855732, 83.93408339430621, -188.87495839977768, 42.901351869765485, 124.83060856919936, -116.55630560037349, -32.25615665750492, -74.02932528008498, 42.69574557582122, 65.68177016060385, 3.8563268356717653, -0.5715108041311701, 57.42048508709418, -7.829223237190034, 166.64098186033462, 56.018295034536045, -142.37768144381042, 56.10280765765708, 0.826039815934482, 38.27511511020743, -76.17522308535582, 13.612924913014513, 11.628842227017804, -104.63404301000605, -1.4315947196027736, 4.474319691337275, 91.30445984065977, 58.07761275284905, -87.76944347481043, -130.11960955658657, -55.15666539069271, 50.55888228901902, -90.33369484269164, -33.41050469374606, -31.455296617962695, -93.84459109215886, 34.59107189357327, 150.0944424907648, 76.39353363006126, 15.399892463433343, 3.534251254343682, -90.97122834586285, 83.8564451787867, 7.4119223147305044], [123.61579432663144, 70.0402529421997, 15.757322232401894, -62.25979943846807, -70.29432964292478, 14.182365893150815, -13.664154187637207, -35.048261280792964, -21.90391945473286, -147.13216751235512, -160.6647592039213, 31.430103195698926, -113.43638408158203, -0.740598550095117, 96.19585375712673, -10.772427326233391, 13.477627248209988, -121.84460015738655, 21.95917244345843, 970.0138302890814, 98.88304674573153, 138.16049003516179, -40.203220346798666, 167.46207493753482, -28.02651773142418, -41.16985769208061, -15.468809234190784, -32.55568175270636, -103.78957667365714, 60.59586824689598, 57.82027420310868, -86.47390806945151, 22.99009058896092, 75.43836224972719, -217.26835787678573, -36.81011551258522, -40.26817615578858, -111.2454440190608, 213.08045011903477, -130.8332016151322, 7.19460099537469, -56.464443413324325, -159.0614761951908, -110.89560105271795, 208.5552179222475, 35.82025495595412, -126.54600693946634, 71.33976161099478, 126.90677160713422, -112.09730229940264, 82.03236094155196, -52.42011582162529, 67.08311141518972, -10.374913256310284, -14.013503635176944, -20.322030482157267, 32.211671171025465, -104.97012775891898, 155.69921821831537, -114.78050132662229, 67.97320502305956, -90.91793325771845, 11.20768148868272, -31.293273739168963, 103.6299376435825, -45.8054979634092, 56.66839508805468, -50.34973845915492, 13.40940515244087, -147.320342406458, 64.11923731913797, 237.23733164287546, -47.53797636340146, -26.9144445010166, -28.50557375202382, 22.15574414337805, 163.55289820755848, 83.30697325623974, -23.468731752091998, -12.986625530267004, -74.890363148537, -41.66160371270978, 1.8223984484867668, -69.79465192075324, 96.9540035416617, 55.632785348528984, 14.449877529816977, 74.75261687496025, 72.21772914328687, -121.4559661576865, -74.86165726764266, 10.023099952557956, 7.400904618388477, 23.387628242880808, 56.861831098683965, -126.84159172040424, 75.70227830044621, 2.1276380355303863, 119.21825697350845, -38.03565706793207], [51.03041594783903, -7.332596636078714, 30.99473188252324, -40.373376880791554, -0.5737348071026629, 29.535277988799425, 71.42092276259365, 26.295652302258567, -31.81728522442305, -57.68890746312337, -166.1612506009652, 103.73678087987614, 12.784710