{"N": 100, "M": 8, "A": [[[887.874005514219, -104.3871390519327, -16.48018138983901, 150.98576980450272, 0.7987070123842852, 17.222673216108774, 102.24780885406318, 30.203750516644625, -0.6236682933467719, 12.318674085574045, 53.183763262423845, 104.87717128632649, 76.86198181113774, 111.66225166391767, -38.56728382006971, 50.486000209583345, 147.24864772503818, 48.5089691612009, 98.17864463481843, 36.27222007236719, 158.10615115365815, 27.52199560981813, -61.472978132473585, 58.911426741932544, 71.71405127851756, 39.84132416923511, 16.300067208679977, -75.92031512785032, 208.52424541375188, 113.4479486832089, 40.76043163588796, 87.90533581350103, 67.46134209682704, -24.42739910449306, -31.95855448455483, -41.48436018174139, 90.38361108625463, 40.335659866167646, -48.70973977191886, 172.0655319123876, 148.34300443763934, 108.44715406931553, 20.419425854819814, 32.44399971677203, 162.82826812686523, -133.62665245078773, 93.30946776012811, 15.237865898208655, 19.55009823666463, 108.57170333456995, 76.88289044586084, 12.393356687981006, 38.878727859978156, -53.33885618164646, 37.07685071736815, -16.866872495575798, -6.718429607444404, -15.354085393126748, 68.568775937661, 53.091835882891935, 0.10651156566107588, 88.1810392161912, 11.520446101733569, 18.8259110797586, -48.70575125208918, 71.94274672102597, -56.98735203879616, 14.985693143798366, 147.9133670228414, -27.383825762652528, 173.29910093354115, 10.916895386853506, -51.58259572062784, 118.06678383844725, 24.502246322935196, 28.198111719174012, 18.331672929387665, 55.82482748570022, -9.511345198072885, 64.46404733915345, 1.051655595707863, -6.983146024120132, -107.52286794586615, -35.42990657650037, -42.99382970347229, 51.806866767157715, 15.164887934271732, -168.8625608796889, -108.3252501308831, 70.17157439371559, 17.29144476562763, 24.92346989202249, 23.311246083085216, -56.83469214551881, 77.15359055259742, -25.262864285851293, 154.07029637278396, 39.28752564428268, -3.5312887553534886, 82.45002819187363], [-104.3871390519327, 835.6085517281024, 33.08042519097597, -122.18562002731417, 66.91819752976556, -44.509105098094466, 23.71049746551162, 70.64456316181163, -47.14881934557589, -31.04000481881969, -39.801041735455954, 10.61669303463319, 98.29067861892624, -63.526645078104075, 67.56098846765067, -34.86995849902015, 1.3641668498171797, -165.9478568003561, 97.97609091077031, -172.5225876006007, -45.26585535860147, 61.73431592537766, 83.96599157837072, -15.854897363355544, 50.15510804523191, 36.176880085093664, 35.13746728428853, -102.97666293665377, -135.74288173429852, -81.05102358803923, -2.171893457678457, 176.4600164592368, -74.45436346187151, 0.8671311822312069, 112.67201261689179, -47.739604473295195, 8.227330601025928, -26.81339740421019, 69.63600201220409, 4.95403079478018, -67.90583997362387, 95.55640770009039, 26.106882458347368, -26.720901607268978, -58.808166850201005, -41.194586401918535, -47.91991981142557, 27.470956361803328, -40.92863579495927, -91.45050289307127, 94.96471074642982, -54.871928846275914, -77.30470076781374, -38.19468464158581, -84.52287036932566, -85.21096225859219, -57.72493422731147, -37.98121138944905, -91.20232852860863, -26.88936418321784, -117.07191741604802, -31.49623500144096, 21.84771287571821, 45.877872214520536, -68.61571861876648, -86.95462831179914, -5.347101295084236, -21.538154517616153, 82.54555147318001, 86.37697386959967, 176.52758255726386, 47.44522543793582, -98.80425304975094, -72.04553436051512, 43.07636598046462, -10.910519760114441, 67.22769583733167, -118.48754849813825, 70.37549207514895, 141.1464325651016, -14.921458308621204, 11.108572612121929, -30.439093579605164, -82.81660631722195, -29.16719130789536, -57.018807458355994, 12.551289316716293, -131.09232389396408, -22.451223582916064, -34.79678220342869, 106.29500101215064, -55.495512337777974, -64.41906764030995, -126.41415177513551, 16.015879995219507, -92.19777669151937, -69.02817980882224, 44.002898174136746, -8.220820075942198, -242.88569541741782], [-16.48018138983901, 33.08042519097597, 752.0518330845923, 103.53428477981622, -53.07900268145803, -61.08529009808973, 33.234887867666735, 35.708703366386494, -5.902942898694511, -52.64051935936788, -74.16135794767509, 6.101663845092266, 10.545179499280602, -23.376239218103876, -8.34407598675636, -54.51346046957387, 40.644736239948585, -3.6744864684811085, -161.23395118487923, 81.52869933241271, 5.812951022863745, 70.46970958768254, -112.67231205664167, 24.005094222620546, 4.18523601692554, -83.3086663882067, 1.6874183627513875, 58.33662668161863, -31.851803081558547, 2.8171489220725925, 118.60409643236915, 28.505290892665382, 47.4968191123789, 63.5343332346402, 73.43864958839359, 23.49086210295363, 12.884934136691683, -47.72420577249525, 144.80829255213197, -73.73700939972419, -30.079464536921023, -63.97802541035649, -96.96477528661154, -35.35285040194626, 4.283991184030248, 26.622537966880923, -23.589412986307572, 31.360030057515623, -41.02687093501675, 42.62484919502234, 18.58979340850634, -73.37594323486559, 155.8064494550873, -71.68244594944163, -23.089855305805496, -8.167697665375496, 9.606257525298073, -49.926911947019825, 13.465487949622933, 11.436028036061515, 0.6715369236665197, 58.707781403573506, 51.61423705407074, -12.893009034850197, -27.753197552802185, 138.95565272107336, -3.373892316346237, 71.60707192806287, -41.12935569933173, 65.78086835157718, 15.652648014112135, -131.28747256820336, -70.10457586380697, 77.74319756578502, 45.053094524475284, -43.94254692499079, -24.230029970896577, -91.68187206200805, 110.0921260661039, -60.98819401232913, 157.95244716812476, -34.10615746414773, 4.8714831081210495, 149.08754842828424, 16.858909420478152, 48.811681781474626, 43.892910832743105, 10.553438990184425, -46.66325106901789, -13.95081081338276, 42.1193287604452, -51.388827772525275, 56.39673570724194, 31.756109980991948, -30.27697461404231, -7.284424900239917, 147.69093068538348, -56.98953611467772, 25.954633807417597, 64.98592295027224], [150.98576980450272, -122.18562002731417, 103.53428477981622, 1020.9178601066612, -35.03634922879134, 49.36414025669864, -93.64193898437749, 33.801357909862936, 67.49519871273048, 143.9738512178712, 26.932975268354433, 71.35477384003418, 66.73739111143674, 83.5585229858245, -35.83688192263238, 63.94162507909408, 3.495568271369155, -21.653775008895664, -5.801284352253788, -101.98463331630393, 55.96159193623174, -52.50188824716662, -98.45433665774802, -15.147524614475557, 44.85640482153028, -39.14017326072542, -119.31703514096537, -28.864803002492984, 79.08443647586172, 52.99182116150716, 70.59936655343213, 12.721334440481467, -16.550523733396766, 112.41198612059638, -144.18632962779327, -89.0543654692261, 21.95501758595093, 1.923055771328303, 42.304541216177874, -52.008633442255025, 0.07139315770331423, -75.5202277153333, 38.187716421211384, -19.15162211067967, 62.60601526190061, 13.919012854420751, 38.43223134751427, 37.226351251217636, -81.67989683235544, 20.6630455044867, 155.32457584494333, -52.156140694520005, 7.3689569859377375, -23.889648260649576, -88.13059688434255, 48.790304933647064, -94.85161900154245, -83.0611745990302, 60.73329100370893, -61.41174328604782, 0.4177784328265132, -4.490565066848312, -32.85473182936529, -12.862397255875274, 98.08306313474164, -112.24913885436072, 87.23812281556438, -41.351340563510114, -19.217248932533657, 58.6185423432343, -123.83118237028516, -154.5099961204421, -79.71248545228414, 133.2960188356782, 128.76814606280635, 73.45914180509101, 81.79906392224328, -56.68236011857352, -31.45756504114952, -13.027927502829822, 79.89047012628377, 30.860951159487218, -38.12098654311042, 37.8664385603611, -60.73917084537017, 75.52495584735561, 156.3830515498072, -94.44908569103133, -109.85997483111052, 82.77457326690599, -106.99715934662711, -6.435582629534575, -30.73544938012184, 115.16067081601688, 89.90849023524537, 0.8336589291488253, -45.310926070610606, -187.12338643708844, 167.91135138095115, -3.3761067450584594], [0.7987070123842852, 66.91819752976556, -53.07900268145803, -35.03634922879134, 825.950077822401, 103.19277351157514, 65.41131164332344, -58.81674417204324, -62.028841917644414, 16.445275391655617, -131.5601510789161, -28.570565932912015, -22.592289332401176, 0.7898041174212962, -121.7732285076639, -0.4583510230230002, 85.15574708834609, -26.487367418406123, 82.07731074751673, 68.25144737099188, 66.58049021501124, 54.35489475226252, -35.83675879997693, -118.76374398756572, -67.98949562018649, 146.04430216030306, 103.95747368687809, 27.270898713777978, -76.67222059773749, -70.10514802908659, -22.385320353675027, -34.76857973281201, 66.70206891484862, 53.3857233351907, 8.175126659440972, 95.99732417443586, 72.06246368949253, -17.666879083421357, 31.96886707594751, 38.59308265066586, -113.91249607890065, -136.63487287970574, 3.699177975272045, -41.50713371912225, -92.2571488003561, -50.281169368055814, 60.87827517710506, 45.09026546625122, -22.776780486627157, 57.34839279772622, 58.22329972434719, -11.947307787410146, -29.42463759781416, 144.82640391442635, -21.176853359333975, 83.59055309332017, -26.29456106996437, -24.64997060753937, -3.8873338978012804, 167.37530488396206, -82.98814521457084, -49.467039739025246, 19.192020806926728, 49.12429397037006, 41.68793752992087, -63.83306924445326, -5.713844940014998, -3.8430330790971805, -71.96501824703782, 27.577726747254, 84.67345896390431, 56.198853308769046, -92.65684629926432, 59.3746188404819, 104.2830893965025, 44.70143786140437, 120.25622440994954, 24.501058323065056, 19.45803503310653, 14.039164181846175, 181.4170168364579, -52.56728196463915, 38.787001138247746, -20.290900209818272, 36.78982888099992, 0.32115141598083047, 108.4746571677655, -90.02225867160193, 99.68308391020568, -69.6645433185098, -14.477196583083636, 16.752483443747185, -48.688506181713734, 133.86242748107645, 25.052254020225583, 110.5797698769825, -69.02984012127602, -79.23121081719934, 42.59474216325194, 33.58861370526715], [17.222673216108774, -44.509105098094466, -61.08529009808973, 49.36414025669864, 103.19277351157514, 891.6338208805644, 107.83031130260757, -42.367285681525175, -122.48018761834938, -34.962737544965385, -30.66339025184986, 12.982134838089147, -38.908721442420365, -6.844134075557154, 25.687463208289408, 62.10509740872727, 142.80596892897233, 46.040087069512445, 115.25626740131155, 34.51836254151134, -18.33913918195364, 35.82466534894185, 102.55774666469647, 63.10602628324476, -18.649981941179213, 116.74528453022187, -8.742784232351932, 132.33584956277738, -5.167956060820855, -3.4406459421144526, -52.02115686145976, 12.411500150302446, -14.870824254734883, -82.35645020048862, -45.248801807882636, 70.31690973087531, 14.216227216622205, -57.858414472210875, -21.305955435386338, -38.46770154269747, -39.24462302457506, 7.655824929689522, -23.39951094763805, -100.29234040331134, -12.19371525632391, 20.306254792028625, 157.20190632390913, -66.47622063173262, -62.344074720240116, -18.37085434724154, 4.185413623682508, 164.6514578178715, -9.735876396361848, -18.159333842957214, -19.168777024372776, 215.43403139189033, -6.772663211130953, -84.98816090743681, 13.092040960323633, 41.49902660194926, -74.50406815596719, -72.75273165879602, -213.93845667032312, 179.46587029989269, -7.10353462854149, -114.23840854572906, -50.15190172002458, 38.215207691139184, 16.450260890997203, -85.18318025907354, -11.782113212125276, -36.90001936310798, 87.82326804906266, -17.548971500838157, -168.55645372898286, 38.61686450742348, -0.22645200950347377, -6.456619878093151, 72.34206443404754, -193.82995228458105, 23.337506900513635, -62.79585122513909, 154.61243118487624, 31.674090750375917, -45.68987005650217, 1.1089129561824884, 52.21131606742098, -35.39663268847291, -35.36909329576084, -93.52559980450464, -41.84810107895597, -148.0761651881032, -3.5492593466596443, 104.94121461690747, 22.27577670581429, -100.57705439029272, 29.712171547745317, -103.64102360880806, -1.4855804747650214, 28.352836491467265], [102.24780885406318, 23.71049746551162, 33.234887867666735, -93.64193898437749, 65.41131164332344, 107.83031130260757, 651.9475697062898, -16.11506476291915, -34.37101095480565, -87.05403532047967, -47.9803085230556, -145.75793542482745, 66.68649336044096, -79.47162159097849, 25.41184597939652, 42.227204522874196, 97.67347094110515, -9.27153397400956, -174.27217048628683, 102.6789150205529, 40.942810819986036, -65.33483689153111, -30.012765364303615, 35.40336816053681, -0.8863381158594159, 33.04556273644584, -83.58412551442113, 34.666033783340374, 20.38260081589308, 10.40099184514599, -96.97944629693309, -33.02570053567477, -139.7699223495244, -25.262917860133214, 48.660837209723475, 3.6477385102922137, -35.800022192440075, -52.72910511654236, -15.353894022832472, 50.407542123838944, -3.803345110305135, 48.62493085163148, -2.7995194985341487, 33.79719770779962, -59.91217449214739, -84.19880622280989, 53.403755389970776, -86.11748260664434, -131.0039753247798, -9.403456960764025, 34.42129121013319, 5.688656378137909, 87.62055945224809, 12.856629774179497, -16.728652228695484, 121.69868661791243, -18.657747375739053, 12.441134138969428, 3.377125670358136, 32.20080526044264, -31.851387798675322, 91.37034705861582, 44.01785330438903, -83.76277285197561, 26.738230427990736, 63.16460993296607, -22.34734923122276, -2.3587377522410127, -61.58073581619233, -73.52594764075555, 104.46958097994698, 30.258319932823532, 116.58671239860263, 50.3229322164255, 36.34634182509209, -52.23585464433422, 55.0544386501304, 32.74324617744861, 37.921717428272935, 79.66784720809419, -42.51275512747632, -21.865441305592228, -38.14111831854898, 90.65726940432857, -44.19589969599594, -170.96975731189585, -78.7405886189462, -101.95305486002083, 56.971933844806344, -27.338494948449803, -59.20714897959749, 66.14097631669541, -4.505332699113291, 21.458672164731272, 9.731985368197371, -69.93285139736837, 160.5815727076618, 7.20793578618994, 45.9834248201844, 129.51611605745535], [30.203750516644625, 70.64456316181163, 35.708703366386494, 33.801357909862936, -58.81674417204324, -42.367285681525175, -16.11506476291915, 714.6781463396915, -160.8626488699719, 40.06960682048026, 76.20825220584715, -2.051700747637834, -55.625732028706224, -52.10699798586845, -20.543130066370324, 17.891560421852727, -29.574040685037968, -1.3598379218038419, 17.8818788771013, 103.33954208513885, 45.39487065826987, 54.770565694208386, 92.23807574112904, -87.04679212688666, -119.0354249897651, -118.57302331679223, 46.267433815254584, 22.84010028675806, -12.646167736322651, 110.5972179178158, 92.39658905947373, 85.39687602266505, -37.90239876393432, 22.798616099273378, 86.22623012546156, -84.79498134639739, -52.55073909457165, 133.8413252873743, 45.586824751516865, -131.6382798033829, 75.98543947356102, 65.41922077601447, -160.23796056969417, 84.68265142401417, 68.04286854147753, 85.29478344280732, 137.7488653121606, 56.385546200985786, -49.28150882338833, 48.30869940628907, 84.45390359718039, -4.8717493873412785, 22.919857783214933, 62.73355657961112, -58.16526660529534, -45.840843042652295, -80.02001517284211, 91.93044023090108, 70.05207922678012, 84.07577503511352, 14.68333621165326, 63.276201986956416, -7.957166575933512, -101.97038643276316, 24.72625240846342, 57.98935651942957, -28.866750364867393, -95.35347038707187, 13.381067405299442, 57.63406852919648, 186.76401221350017, -13.478256738729499, -27.2935530706297, -37.07284046078515, -2.784701361573198, -116.31602686222564, -38.714869984052214, 46.89724343111586, -78.75552111816071, -90.86888157170965, 4.407251215704653, 45.252663112885315, 81.29607351424698, 53.15351143849825, 26.184547382627557, -15.719861106790866, -33.288769412317166, -98.0825115280658, -46.00860574113826, -107.83482467109886, 46.14087068939877, -26.542520059723053, 63.65327305249409, 63.03274414737195, 43.75649047734182, 73.65394672812648, -14.80229850656746, -69.69539110149191, -10.646977790547455, 6.76034696809301], [-0.6236682933467719, -47.14881934557589, -5.902942898694511, 67.49519871273048, -62.028841917644414, -122.48018761834938, -34.37101095480565, -160.8626488699719, 835.396797850461, -10.501024217124618, -33.79725892201428, 4.932301854788273, -14.796385779579309, 189.64375073368532, 51.9111029833082, -27.28518015912741, 201.08309738906425, -141.79473358678217, 57.35882017952278, 33.915772145556225, -60.47434623510116, 86.01422903357849, 80.93604141489436, 62.07918385019839, 14.108672236568596, -67.18042913804648, -36.70874152538015, 26.90479121135767, 90.49567251195992, 101.19695359970305, 106.4504736650975, -52.62139862248189, 38.46792467114716, 4.607426948725565, -48.712513690273525, 149.1370758015226, 100.7965579022679, -45.377875559729425, -70.2682425704841, -38.31513019220371, 41.84534630048735, -136.01144833396907, 154.20819887876561, -50.08657621592082, -2.0505886725716245, -96.28859907859177, -96.34906674285322, -25.369268947713344, -5.50951689965898, 30.6231087360127, -34.60831103710341, -162.35783290801223, -139.70112936553542, -43.356107968249034, -68.0510036750383, -68.51459795688794, 40.13449466787871, 67.9936763868165, -78.78032357938612, 96.63717133781473, -41.348018739624834, 21.254570835120788, 4.535351148811003, 17.80039447662729, 1.0414709465764123, 102.52531270621141, -0.36619226631284, 35.537211060263694, 11.565705265852927, -28.84166146254959, -79.84831658006482, 130.4763348354707, 14.386504387718126, 165.63546506598524, 96.0219075771502, -37.52010755142885, -25.341250106273854, -4.959465997969039, -52.153853913765865, 52.08147997552984, 71.1353462948511, 70.90620623620204, -28.1728352554075, 74.68652047130847, 19.149348395795425, 36.06515457644855, -12.882527978132384, -46.67342742728753, -57.62085485423333, 61.250741117585505, -61.12069074262212, -44.50224328748735, 27.491964765832854, 7.995286760231791, 47.09846924258476, -29.864090782432477, 1.399637258061662, -153.61951335882284, -62.206324047682195, -60.54605449969925], [12.318674085574045, -31.04000481881969, -52.64051935936788, 143.9738512178712, 16.445275391655617, -34.962737544965385, -87.05403532047967, 40.06960682048026, -10.501024217124618, 768.009050146692, 26.19603542185558, -34.356090844428984, -1.60741587900562, -4.783521259934484, 51.43066904640127, 10.653273076914159, -7.292007126392989, 88.47882447407244, -57.370152318595984, -50.1035512804646, 63.64035169721851, -32.103179180364556, 99.93533834108985, -57.12697965804746, -0.24452781788535824, 136.94154113783492, 27.337202117464116, 49.32289619211631, -112.67306558269374, -132.99907903947704, 52.259224409629255, 16.461835588683144, -33.25779589746331, 138.72930065612147, 11.263103213342996, -65.72102344398114, -51.72718196856883, 170.25397195957552, 67.47930812839334, 68.6223422065154, 170.7513987757954, -39.70777100166786, 113.75267460046986, 78.91184546559765, 109.56137174286955, -53.29752069543936, 107.40580024574385, 186.8027322067792, -24.72686110366674, 45.694885143826106, -30.48804768714188, 25.274009445881017, -135.5928801973791, 20.17323278573387, -68.64023332842957, -2.881392174293123, -41.20527876740711, 113.01769166381814, -15.287337823391157, 40.883474140658585, -45.572621121853814, -51.576974228562555, -12.959156086836161, -74.74449261083834, 2.5030682100055386, -77.88730673946665, -25.723779166207073, 60.0782274121235, -64.279199731097, 83.27186878010414, -20.292043508243268, 127.04341675321265, -145.95737531887536, 94.23522668429634, 172.28020373247668, 113.58200010566945, -30.729069665163774, -118.70878293911856, 50.56335882065891, 99.22764555039738, 111.89842831997359, -101.21892960592974, 49.06525779481799, -121.23784497799632, 129.42960697741682, -13.836132259623172, -22.331750630075692, -56.590464089873024, 115.96835172037274, 97.95408644792431, -72.10045585417132, 104.93824983680582, -64.05783667104373, -26.36636831867439, -21.30882747379438, 11.641503917314354, -55.72868239070093, 38.957355498012156, 44.6979519836262, 63.26652147838768], [53.183763262423845, -39.801041735455954, -74.16135794767509, 26.932975268354433, -131.5601510789161, -30.66339025184986, -47.9803085230556, 76.20825220584715, -33.79725892201428, 26.19603542185558, 1003.3093089731274, -37.68753261110751, -57.38414325966108, 118.25734739672474, -140.37053697273103, 85.82924542286466, -38.48204862747556, 10.557457568575723, 109.21336763209408, 138.06919608334272, 22.397641582010742, 107.27413098954281, -93.02654479459133, -72.10128260406496, 8.958777157899833, 39.06959920799054, -21.39518656646997, -32.03874069512254, -29.805146477633482, 58.34102936709883, -0.8755003128421327, -0.761812806959668, 39.86086006610732, 147.21082355677947, 34.129402227016534, -24.922394187598925, -174.7497677347366, -19.89595932876433, -15.642674949123837, 76.22857768187163, -55.896132298252255, -21.978429563011563, 101.22105378677469, 12.450201792626777, -1.0897409190066905, -50.64215605075695, -39.112525316898456, 85.57867858105429, -74.71083865460974, 9.043372238874085, -59.38268525682312, 51.14628946670764, 32.359553416592426, -15.64438026498295, 163.19482467064282, -115.9080490730735, -195.54432120949642, 40.07676921970641, 40.792495907297926, -125.06893118833672, 32.81217797579987, 44.029819248678045, -143.91766509593978, 85.87758568326261, -78.49981342796379, 80.7433169251004, 93.4371358820328, -108.45595794777223, 76.21768777505937, 58.29094847910185, 14.65558938083612, -51.96968902425045, 19.990026214408473, 24.462259546243235, -125.29784250845049, -143.38861356485268, -30.410783483538204, 106.30917589463004, 25.493121793938855, 16.576952246279532, 12.227908998919187, -31.76740297989066, 64.34886524873467, 121.65243067740998, 29.047793539275045, -32.35908680399855, 79.97316454602739, -91.21423906496064, 57.32201969116843, -18.99515688281742, -42.09514732022555, -48.9096842702651, 73.80251113096561, -175.04792244201067, 22.36227016903343, 91.2870308430848, 67.30071503112228, -57.67793544685809, 37.85660852358089, -156.0526566643962], [104.87717128632649, 10.61669303463319, 6.101663845092266, 71.35477384003418, -28.570565932912015, 12.982134838089147, -145.75793542482745, -2.051700747637834, 4.932301854788273, -34.356090844428984, -37.68753261110751, 897.5835574156063, -61.82518241548977, 29.17308484807134, 40.6119374101288, -38.01148606732505, 27.56834243234001, 3.817497525588439, 100.22780979435089, -80.48221524903383, 21.708423618429148, -61.47653662262974, -35.60260009088377, 119.01663943607556, 33.871489768387256, 4.098827818606725, -5.3977034457489905, -153.27953301213813, 72.94294160213384, 63.49207902278305, 18.714036010626458, 114.89577868261799, -37.89559032411846, -18.85506536810499, -22.951180746249612, 78.3856132966711, -24.248113781041315, 27.432870616851723, 165.95840704676735, 85.58734032278889, 193.01954170412876, -50.95655668771091, 45.8856432940703, -47.7940890554458, 65.94935340252715, 12.371719047934027, -125.09565647437869, -78.45485835514613, -136.21987875171564, 25.50140367355415, -94.17116474170989, 6.594388713616934, 157.63565703456973, 59.67265536831254, 0.5283384319836935, -52.95791044927277, 174.45818222210545, -44.21307605228761, -101.17787529560053, -28.080354987952344, 27.617248657956665, -56.06546487591305, -35.83621935422185, -4.970973938053436, 110.25730927790097, -131.06540265272685, -13.367203809582882, -60.24300956894099, 145.3334108174561, -65.77537893713537, 45.67588067202412, 50.43988007465309, -48.414103614071806, -95.53713595008914, 1.0381296490210208, -21.16863789661159, -98.73515630146287, -23.643742625196843, -7.88523839364798, -14.94563318868237, -12.89768702229267, -55.36927703125273, 113.85393887446972, -65.33556130030877, -69.13108982815572, 97.8216964071084, -6.129409044653944, 7.5621493921945895, 97.73514060680172, -33.97270204304232, -24.838396238209572, 47.27554011141835, -20.681892925665736, 25.576530190095536, -8.436526977353623, -111.89455909753977, -27.901212303776685, -41.61318947589776, 123.61744098171616, -44.3030900592418], [76.86198181113774, 98.29067861892624, 10.545179499280602, 66.73739111143674, -22.592289332401176, -38.908721442420365, 66.68649336044096, -55.625732028706224, -14.796385779579309, -1.60741587900562, -57.38414325966108, -61.82518241548977, 696.6051917863559, 106.85783495979345, 16.14609290935583, -71.20823845327178, -40.86512398881993, 16.04672408714225, -57.84406595295992, -115.01428752424818, -67.91068460616978, -14.79497470541813, 75.73462697710006, 66.4692473269769, -126.78247234735264, -18.059634274038054, 6.325343731490486, 19.957953246503063, 3.9741753632225154, -144.27654532399396, -6.478791411146271, 163.1810366721229, 112.20031537042068, 80.53669567775174, -11.472710084344664, -92.59172768166313, 119.04133494771597, -67.61715155953631, 10.592682324952666, -21.42009213416429, -7.912768534574318, -1.5387392044558164, -1.7081112587656895, 21.948054232147747, -154.5725248771723, -1.480314849402463, -16.10643926829524, 3.7912386426898443, 58.192456648000594, 155.80421027375505, 21.305042755940367, 22.261619728269498, -29.562213311861772, 20.476231190170235, 136.97971371494367, -56.399029713452975, 19.35088869269319, -7.609723822731084, -7.117803687686734, -88.75946718804926, -41.559457396423596, 104.96252729071288, -86.42915410650751, -99.54092647358655, -47.79756863898966, -4.014446557991887, -58.25718173490807, -2.3136666693360715, 5.419514616631176, 110.93196945627444, -106.65556812258696, -71.50246411680367, 60.12683601002048, -66.07494598789384, 21.817008605234165, 30.905109419342665, 66.29622945240621, -87.02378225839753, 141.4201361117384, 185.64638427189257, 73.65653525596538, 18.345033718996454, -21.66440839442839, -76.48426891456002, -12.642245798422652, 28.00470481374091, 83.66202044333286, -62.530564692938135, 11.369281397302656, 61.3550327861697, 89.54005863165206, 10.512498019753599, -56.57973479052358, 19.64564563532966, -18.288956425285903, 49.70109164230563, -34.99127898330626, -34.83880513587019, -5.401923584448082, -43.05192920905126], [111.66225166391767, -63.526645078104075, -23.376239218103876, 83.5585229858245, 0.7898041174212962, -6.844134075557154, -79.47162159097849, -52.10699798586845, 189.64375073368532, -4.783521259934484, 118.25734739672474, 29.17308484807134, 106.85783495979345, 806.412207555003, -42.23739250880357, -25.121644008417476, -56.4539517071092, -55.78863065966122, 121.2506006714066, -79.66339297768651, 37.777412057927236, 76.80124864904509, 10.919126032316324, 48.810553896211054, -132.44111919111157, -38.91709262413717, 5.503279380330319, -43.39049144437478, -45.18081251054133, -2.614072831624841, 38.80544814962607, 30.223976669528664, 153.50915282495097, 60.36671422828096, -142.77969464583063, 49.8453897440124, 197.07937365461999, -78.78799441588815, 30.223504938571633, 81.64253915947059, -7.699271120263669, 62.65923842953171, -32.75658674572467, -84.11535742593435, -12.637316876736179, 47.05520394091029, -86.34397377612216, 7.580180996397135, 36.6314826887364, 85.46720866098154, -74.78986989451448, -49.911783435280064, -32.53534263912423, -148.37151827452072, -27.98818134449971, 158.4995586899273, 119.84040313167107, 234.50809017244785, -75.22636932792636, -72.67924172277714, -87.99938930590457, -92.65686387168478, -71.06759989897107, 110.73730439297894, 0.5922165642983047, 50.6766824988644, -30.011076920674057, -104.3406607200659, 61.01635904978878, 119.46975570609821, -110.27846344443547, 13.625534157843326, -47.39888057359907, 35.7511438471423, 7.549792790524277, 82.0403564528087, -31.68422063042621, -41.12675280712682, -25.69555343810761, -27.736684444633905, -109.19335397536206, 36.36272324446732, 42.295529466326336, 4.660800096761314, 40.9568637198973, 30.622794987229593, -9.683012286615973, -3.4129920017972935, 25.44806337779062, -43.75905027397338, 7.234662633711324, -43.02098603971409, 134.91844889162266, 25.049358140929098, 53.21733183381873, 54.86178851277638, 24.416111776556154, 60.73173569222599, -122.7033362048854, 84.6999231635563], [-38.56728382006971, 67.56098846765067, -8.34407598675636, -35.83688192263238, -121.7732285076639, 25.687463208289408, 25.41184597939652, -20.543130066370324, 51.9111029833082, 51.43066904640127, -140.37053697273103, 40.6119374101288, 16.14609290935583, -42.23739250880357, 790.4517641706499, -56.31351344743614, 60.745886171887946, 28.420055017870137, 51.07408748642491, 33.69033098949321, -101.0232148899348, 9.017190731617807, 129.05688656345734, 58.23981696670619, -31.88233099694498, 46.62749684035271, 29.915452245562438, -30.857254124375242, -20.324374208005427, 4.455041120131226, 26.90602103078199, 36.12288008687829, -87.3083235424524, 61.04761940592892, 17.33233916682854, 9.178326675062713, 4.157735184030039, 37.74390348239087, -48.19305958274781, -18.98841716111508, 156.80445824175504, -18.958201682592826, 65.53570699711334, -6.8776020575549275, 64.48059496115177, 19.1492987207254, 39.96877444670237, 68.10628540280204, -2.277740084761525, -52.997615009425, -116.49712511564366, 49.47123814490384, 60.27357874901189, -57.442579264230176, -26.90462324594789, -105.36541102401222, 48.568560621440305, -151.66854629444197, 25.76755961125129, -99.83479856099234, 68.53234376904743, -108.34513723972094, 47.65068379391628, 75.64583303899711, 45.91887694487642, 57.32653495019129, 5.6722857731952026, 8.153596983325464, 27.080390811016404, 57.137023354718536, -45.81170158567077, -129.38075015924818, 64.87802887755922, 53.63344854164263, 118.5973508408913, 114.9480632926843, -20.74249209734963, 28.477279269621103, -3.527521513142448, -43.218945513531125, 29.59686673616198, -59.60755240397307, -71.26432652877432, -138.7223781039216, 6.93864312603893, -29.038547468843063, -87.9822401989654, 50.916078335769136, -35.94976000171153, 30.569518724382707, 25.167678594969917, -135.90003825240885, 21.803446632129774, 64.80516766045292, 59.939150767828814, 11.593738868606131, -64.01082722973142, 42.148514949548776, -16.83234586927668, 15.293818932293542], [50.486000209583345, -34.86995849902015, -54.51346046957387, 63.94162507909408, -0.4583510230230002, 62.10509740872727, 42.227204522874196, 17.891560421852727, -27.28518015912741, 10.653273076914159, 85.82924542286466, -38.01148606732505, -71.20823845327178, -25.121644008417476, -56.31351344743614, 569.9452142880314, 62.87093129004795, 10.333113453000939, -5.936895607209378, 97.76986469023232, 72.87105029788266, -24.951125605160723, -3.070106942966099, -172.42787157488183, 97.48029856793381, 121.32286338749796, -21.587052527271894, 162.27531375051294, -54.732444195173784, 6.765560496023916, 129.34742222514728, 3.0175045028763434, -48.26244663741936, -65.11477035395912, 30.461672180297406, -8.726728209012483, 56.37854399547389, -41.82515295202883, -15.17585930725159, 21.65559075336074, -3.2285663553414206, -78.8800605670217, -70.47570874793279, 18.312573297862833, 86.9324672540255, 30.473876954846112, -40.7496889864427, -11.32927506853009, -37.20069068525671, -149.0937566521026, -53.76679920688433, 49.62233823828856, 15.753097865918853, 64.91851948484485, -76.5887994842653, -57.839598540697835, 44.22816422951595, -34.94367747210446, -62.36329510854932, 55.97694932742051, -72.91669906145934, 1.6828922381931524, -6.087055790314955, -24.0710705750559, -89.38191110502163, -56.53253288677549, 82.88583824696576, -94.41696093523515, 76.64558724341416, 57.40425882280726, -19.912858795352793, -73.95056917601916, 87.79967575299428, -47.09899247654475, -14.820114625714197, -13.829236959235345, -29.19992716931282, 181.8465654398794, 22.318480766726513, 131.31620577420156, -50.56342250330904, -72.49539067189666, 58.663352401660646, -92.72246390074623, -26.79349887817627, -61.93188789172504, -27.155202366800502, 23.761316127978127, -26.114390333404646, -73.67777142351339, -48.5247711959115, 32.7198406108433, 69.17379589858291, 68.96710779156206, 123.23966340896622, -43.63436552260119, 4.461711586705075, -11.268604093350353, 117.3559468703561, -20.015582217199327], [147.24864772503818, 1.3641668498171797, 40.644736239948585, 3.495568271369155, 85.15574708834609, 142.80596892897233, 97.67347094110515, -29.574040685037968, 201.08309738906425, -7.292007126392989, -38.48204862747556, 27.56834243234001, -40.86512398881993, -56.4539517071092, 60.745886171887946, 62.87093129004795, 825.0047799616823, 46.89258955346361, 75.64942833197895, 66.1303003019403, 102.46985485427776, 23.748807486857086, 92.59995591482712, 145.68007635959538, 102.80713997090699, -63.6484738020955, -91.83043624598247, 32.74158666320936, 45.716672832314444, 59.07803886115796, -5.836836437180408, -93.5513914678245, -120.39402884874153, 70.03282129807306, 40.059768851543424, 172.68224635520724, -72.74037100712289, -31.50799249307766, -7.329391539266329, -9.432094291429966, 0.8685624951207083, -38.474025447408394, -38.11902252964962, -84.32155886370195, -67.24264606511052, -54.11493274030324, 40.07667744147048, -105.98493694580175, -112.2378092979713, 54.93410709176803, -53.718246372747906, 11.929000819687019, -33.91093982305336, 36.01082945260601, -47.63906663284955, -112.53239353736801, 98.96628580429535, 67.82587273822814, -56.913361031752046, 134.60605378033597, -132.23573505636386, -44.848692997332, -141.00899395823984, -8.82697850161325, 34.143618333568654, -92.13000976095613, -58.36073446675992, 64.5033071431835, 212.8917151381348, -20.632770301689774, 75.32777505179907, -53.55614358649238, 53.209857582812305, 64.74182235700391, 66.08691303040092, -90.28847549677569, 17.727514713099048, -10.589426975197913, 27.84993999520043, -38.91118576457972, 76.33571710418289, 72.5973671122472, -36.244553373698544, 95.55668802987495, 66.52526749192478, 13.290402787877545, -107.89195893684534, -108.84960852045177, -62.63002779250192, 41.39964920126131, 49.694215916790334, -36.87533069780703, -85.66168604505455, 103.47321916335606, 79.43980297433939, 52.666185902413346, 116.52791153861095, -162.07868568581512, -149.072346735158, 5.427059805637632], [48.5089691612009, -165.9478568003561, -3.6744864684811085, -21.653775008895664, -26.487367418406123, 46.040087069512445, -9.27153397400956, -1.3598379218038419, -141.79473358678217, 88.47882447407244, 10.557457568575723, 3.817497525588439, 16.04672408714225, -55.78863065966122, 28.420055017870137, 10.333113453000939, 46.89258955346361, 708.5747678150939, -5.342789117617207, 56.577861174445175, 85.89038811520481, -48.385668228972676, 89.5949058495025, 27.32474572566795, 1.8561572856920818, -6.4426604055452215, -140.65189202931214, -6.21098003561945, -71.58198551292978, -68.42082511486952, -46.84223610130123, -152.00888286325892, 48.08968545414561, -128.79453184737133, -24.904063495327048, -8.127663687024336, -122.38543153597286, 148.81682965945512, -84.0808262456976, -22.182679369260068, 99.21920769171656, -26.29037480752242, -99.87132907304577, 138.38347175214525, 115.44375415402, 140.37553231231965, -48.25976909235773, -20.859393133579744, -17.08306501716153, 53.36235913111911, 34.241204609269445, -65.89663643590116, 25.041265100055508, 38.38757318441574, 74.6678514656369, -47.19634552957027, 85.28876562495947, -94.69658550395192, 18.24084726898113, -21.489223058153044, 67.38917796418858, -86.99992067228385, -89.72396967068981, -69.20609294773509, 15.516055638215777, -76.2844091577096, -19.843417771687676, 59.36469681019424, 44.586177205708395, -60.456028923161924, 43.51138061852203, -6.603222138902029, 7.807758508467433, -53.522703872164506, -33.10322850681947, 113.84328850759513, -1.2543063084276873, 53.90787334830057, -40.20256865793943, 79.33529687308503, 18.74603006097627, -4.179942590701745, 212.77851856700372, 24.65264166839473, 13.276927042192934, 18.35172622818596, -7.172687714128251, -52.07198870609173, -20.79145031532906, 76.94908566695823, 111.30293493966062, 16.668154247853018, 19.649268381974245, 29.14067299960961, -110.93043987471992, 129.5260145077521, -46.99263348291734, 77.65354269228303, -40.8996802584008, -81.34345996733926], [98.17864463481843, 97.97609091077031, -161.23395118487923, -5.801284352253788, 82.07731074751673, 115.25626740131155, -174.27217048628683, 17.8818788771013, 57.35882017952278, -57.370152318595984, 109.21336763209408, 100.22780979435089, -57.84406595295992, 121.2506006714066, 51.07408748642491, -5.936895607209378, 75.64942833197895, -5.342789117617207, 845.895260242745, 27.483893881440146, 20.383965329088124, 71.634209242913, -34.55450851698524, 21.168130691525306, -62.73440178780155, 45.04250097240679, 79.9545534096165, -61.61548228491892, 66.64410249497249, 24.05986547172983, 43.46735939649777, 43.2725169071506, -63.9729309939646, 31.094236414353045, -121.51987987469735, -3.9886245754473917, -34.7762301920215, 21.64442491775929, 20.199058072881197, -103.96416864704311, -4.329990980285099, 163.54100935844798, -2.460872153044691, 22.118373540346898, 11.204154405377526, 71.2285492052512, -84.32296323230469, 77.12142719202662, -14.33203347812341, -51.03270573589788, 105.73825225674454, 79.11094039117242, 34.455369643713055, 43.28277790547144, 9.003176417040958, -175.63466039664164, 42.45994809827348, -10.664988822616769, -55.13233976768004, 52.625318642431324, 94.0697654559249, 0.0479922308002608, -163.71259509307893, -5.168049694104393, -6.883638633697249, -1.4494408243393515, 121.61411496982589, -51.12932895520256, 110.36212065391977, 56.602540424566406, 19.877163392268418, 80.9725867873782, -69.81093096987803, -31.625339491893353, 2.52511919708461, 121.44590623969006, 117.53578800336068, 47.571200255486936, 6.657529378739944, -111.34431187890895, -72.01287894331918, 31.076069871251455, -158.82711425583264, -83.9565738842732, -62.902431321305194, 8.14627805597173, 39.67344033555459, -83.68781562274205, -199.2899469948148, -5.549966728356095, 53.2855955390613, -120.09799138718691, 7.032836270519459, -4.416398562600873, -22.00477933184149, 83.98834309257136, -99.52749268610336, -25.664952417896313, -172.21783392476, -101.48429812248033], [36.27222007236719, -172.5225876006007, 81.52869933241271, -101.98463331630393, 68.25144737099188, 34.51836254151134, 102.6789150205529, 103.33954208513885, 33.915772145556225, -50.1035512804646, 138.06919608334272, -80.48221524903383, -115.01428752424818, -79.66339297768651, 33.69033098949321, 97.76986469023232, 66.1303003019403, 56.577861174445175, 27.483893881440146, 941.9607739253239, 29.283631346402895, 76.99693706503255, -11.074182982698629, 16.295094832916703, -107.1597602273826, 149.49816970222034, -48.86075873912399, 114.49259160852499, 73.42412924374074, 23.00368647313296, 95.49598694591569, 3.845513533486424, 47.02217574168104, -187.6918188969473, 144.62066316869377, -13.499322741303223, -98.22254648391689, 64.664022662275, 40.83339185150789, -121.9288000886917, 64.0799519994663, -27.369075111117482, 24.694880419220098, -16.36602293830522, -49.01921266069943, 63.86104260770581, -77.71149421465809, 31.203925031680026, 101.53735301829674, 136.28287952995328, -86.28050062375098, 112.74733904538985, 64.14685355373321, 71.72369534658054, -12.81797770904982, 38.78448249726434, -37.267329752625365, 78.25465111566206, -36.492753567226, -162.53706973240003, 67.70567502451435, 83.88306453631827, -27.484078707593465, -25.481481234207262, -96.0909137557751, 58.34383858626434, 59.19056834310743, 28.484906854268953, -130.24124503485655, -36.60202965147892, 159.63330051776748, -25.91995407411649, 86.21905062778247, -48.70473765171213, 62.19160912596604, 19.928798352780653, -52.44611807591651, 88.95004526585377, -2.772499317658481, -48.34972420669987, 97.52296328706103, 174.86751113768955, -9.302505914397857, 2.3687944184792364, 95.04419911913857, -109.00112601349232, -25.227098332902052, 47.593050001869855, 19.86229463335453, -37.504705539216324, -4.132739014906822, -17.682780709052658, 110.07118270603007, 65.65905846463441, -129.96129713633383, -3.023003338005226, 89.90813624713459, 55.116741801559726, 3.18245109586336, -2.481565768058183], [158.10615115365815, -45.26585535860147, 5.812951022863745, 55.96159193623174, 66.58049021501124, -18.33913918195364, 40.942810819986036, 45.39487065826987, -60.47434623510116, 63.64035169721851, 22.397641582010742, 21.708423618429148, -67.91068460616978, 37.777412057927236, -101.0232148899348, 72.871050297882