{"N": 100, "M": 4, "A": [[[980.3246543688017, -4.552058877560195, 43.702416968679, 92.26022747077914, 111.07821805939129, -2.1048951456408425, -36.714137296793524, -160.2062052203166, 13.669075265450514, -14.819184078195542, 0.28766346186171077, 102.31305333033077, 15.038111595603345, -113.07558350947443, 102.40280034309689, 139.93111785795452, 17.87479614746396, 72.96480004184379, 90.22551120569032, 19.42505851878501, 24.914666673922103, 69.05227951036115, -153.23874547674885, 17.67478723747488, 102.0816573288376, 55.330849332354376, -26.890837297809355, 105.32226705372248, 103.71897580288132, -0.7776535769962394, 36.32127940855405, -62.51241073132721, -89.43398129808521, 114.6973639880511, -56.143661920732924, -43.1051245284042, -184.13451134329748, -86.04043267734812, 54.305178161127294, -18.17061419396928, -125.89717444306577, -6.559224289326195, 103.0513399535623, 94.59984438223772, 82.39023029183217, -71.31436648777127, 46.9370589884242, -32.712633479523454, -80.57053484232783, 85.82413216454347, -61.43797969967129, -32.797384563011356, 38.97680459623616, -71.06705485698113, 21.072486239837215, 45.725558491107755, 13.87063608619768, -5.356261274179643, -85.00375325793974, -23.953534339762907, -39.81903739322329, -63.40385130250043, -34.79109817766498, -19.56189480707758, 69.92221232319528, 1.5950512294373285, -42.50299463500334, -14.752398441415073, 86.30094329187406, 14.946808152914624, 28.72109746133073, -104.67453817564979, -50.05233914311996, -32.38681111641954, 155.70584075341299, -25.678967703810653, -76.00109129461835, 70.91343113649982, -44.41451779318978, 45.12783559476092, -70.6321505363115, -23.44690700657264, 30.930850220438234, -29.39825856610521, -8.661187233281357, -156.576320306677, 116.66337108628818, -1.2376736367337788, 75.06691925769664, 4.341644956243064, 42.47473074357022, -48.56686809117841, -14.035277971581685, -190.52628506395519, 62.18678475796235, -69.87911666753713, -30.17551063207539, 117.96254431535985, -11.344450166175095, -8.904563342301191], [-4.552058877560195, 964.2804763244574, -64.82891120072102, 92.8346005661983, -201.0327289292464, 186.71554462126284, -16.84892231179176, -1.7363390116640625, 66.6582893808985, -166.0592709374857, -87.0963611238013, -19.746397261960215, 54.44238864720742, -135.80308057057707, 86.26591677691077, -69.47673419235713, 19.211145054682827, 105.88746630400573, 45.73056665316655, 55.07823682851067, -201.1177156362141, -155.11704708386804, -26.208287027071336, -37.432471298231896, 12.040180619003948, 38.15466568855825, 4.880234865420546, 93.07278550409043, 48.022518264584924, 49.95622473846038, 75.11282161295141, -198.24657916871, -65.76814153482489, 37.5765654608606, 7.608078319467509, -23.53297422974585, -73.64901775202584, -7.762599964412269, -46.166478208729515, 2.97524804896938, 26.349058907850125, -167.79411066912516, -19.426960897817253, 24.185726657939977, 1.9894502128869327, -63.7966969259856, -87.3162187921914, -117.58083945909051, -126.40861686587671, 52.76487927807866, 72.22091704634552, 19.181979452111165, -98.12533094210278, -51.41720594815452, -112.60654190255133, 14.699200691679904, -9.88787387550077, 9.526073923525814, -52.76155714524509, -6.791989288104802, 2.404797286827383, 104.71805370418276, 39.07755644916602, 34.69310060929282, -15.132065785179504, 46.69031603377468, 18.232519530715987, -5.023893190917768, -69.33046505594298, 189.13932827932845, 139.83215422351535, -43.62889781974947, 28.913990883235076, 46.878961869208425, -39.15222392813734, 91.54654360629652, 153.0733129938309, 75.69915355261351, -34.92883638182276, 80.031076060802, -90.69591428558442, -1.018562204374064, -45.97796578653921, 76.53833784772775, -72.8260901998227, 86.58627236513863, -16.91622485413903, 77.07445546656506, -150.10326330404263, 30.73066219566238, -168.71579959760416, 1.8051427852030792, -97.81724782026365, 11.805229356710294, -154.62608101676736, 40.26210674411556, 36.836829350626395, -5.488504320766218, -84.12948518767725, 34.925473547532455], [43.702416968679, -64.82891120072102, 917.0964243127936, -45.818233083961566, 17.811347806876316, -76.84170552830254, -4.473016607852507, -123.57748005182512, -30.582132289108884, 164.77717584304042, 116.0960939646598, 74.69740277483487, 34.92113938846501, 78.27056646665514, -80.78150403467185, 21.39365467006329, 21.183930144792054, -91.32560830644577, 96.73986555504449, 80.18015677384598, 26.963896418581108, -7.72638402062414, 31.02880619744472, 47.54933643450825, 58.417560990417286, 167.1715739210471, -62.15622617319875, -86.36471771052855, 34.31528669258614, 95.07891795938109, -63.24920046017238, 60.05545756562601, -106.3059043372367, 41.27375312322832, 19.68451968798628, 65.73821228323709, 138.38396211156325, -15.397776235415062, 117.28716966248352, -64.27205569378472, -52.393575053964334, 23.320868320157462, 90.61235300938871, -90.44345821527855, -2.2357515252348565, 47.92362145467072, -2.6580297862347, 80.81403553789359, 76.25039690414471, 30.164861657163208, 38.62564477490457, -104.33056108136947, 20.26082104167787, -12.251669819973968, -142.79895975978314, 57.71933357244342, -41.96228059770082, -111.97991180689651, -141.5973749332485, 54.636909276377075, -18.896327171256853, -46.278153324160975, -68.21051917359235, 14.545442767812164, -31.534230315679217, 108.36520353078686, -76.82234825553024, -76.2829314504009, -21.232934050071517, -170.79636994668635, -122.59975012925014, 25.922898275869105, 98.77277499375825, 16.239648861535414, -20.528615553208148, -36.6889673750789, -175.603709904713, -68.86481848477813, -35.32542623494061, 192.88706369176137, -96.59865779314939, -14.052088659929357, -19.026490242347542, -19.03057731957863, 84.23166655318508, -86.11446776695615, -4.866851217908115, 54.60461980086039, -50.22802871447892, -64.0372807539316, -33.706948420462716, 60.19090530095284, 29.509493829686154, -15.298476580942367, -53.160604591560194, -44.53024485118532, -20.12646723917164, 31.17893511304796, -36.419192789564775, -22.65308386827487], [92.26022747077914, 92.8346005661983, -45.818233083961566, 975.3562770086504, -13.669490902448528, 39.98440027782206, -97.99541624229053, 65.07772503305902, -97.27288806321398, -136.22660759040636, 80.25328803006153, -216.04501244761173, 37.519164560103654, 43.9305999707659, -41.311768032000245, 32.45315373698643, 22.02358718874872, 102.69511575661039, -50.77892371521056, 103.01736173905142, 30.291078085738835, -88.38094680773536, -79.48818669220883, 85.76519117212571, 46.95143591663367, 24.37457575038467, 46.50921968738386, 78.86572510538525, -2.9315967978722637, 2.795701362301813, 66.94222113010304, -59.66296571475593, -163.23734293619094, 32.36216601788102, 16.101921278705287, 9.295730772456912, 0.942945176808231, -38.55573326248629, -28.781643937712097, -208.86935013168716, -54.92580154169, -44.523068873013365, 75.1833246043765, 107.40671391105037, -51.49476161601333, 71.69253469972507, 66.9804991854087, 18.330829054586395, -79.58773273438028, 16.4020819966315, 21.27043541343993, -17.056690359358594, 39.71099282534053, 50.74285931067443, 21.382805158814907, -9.796639714362094, -26.023945463924722, 151.67318443716871, -59.07714328970891, 90.88468532594786, -109.98521861133402, -75.78618061391705, -69.15832489012921, -117.62598916809279, 2.902815725548023, -66.14520099857516, -114.60822027240287, -22.737222911242053, 60.337810943122946, -138.64440662810887, 70.58670555779462, 21.327966697989048, -106.89838420759023, -54.172430435942694, -36.460869669143825, 26.89713439351343, 23.40673701434389, 43.40854853761994, -18.770067416065274, 0.83402969177059, 110.73205033023292, -8.48492819676224, -55.02288858222921, 26.456336099087835, 121.98202837814365, -89.10385121382794, 69.924469396749, -41.71386560114597, 28.785042285389235, -1.7527776590545499, -22.513464163466253, -24.33874495560295, 27.68189384167156, -49.28514964703658, 44.21043537851854, 112.83163120778194, -65.56144334245592, 72.82746885781245, -120.23930240510619, -28.973843224784915], [111.07821805939129, -201.0327289292464, 17.811347806876316, -13.669490902448528, 835.2786746714963, -118.21351147294054, 146.60742490053053, 41.79537360664843, -48.843412238892206, 31.196636101454487, 77.83131778609615, 51.55104145075284, 123.96146403328042, -13.160291753359017, 38.415398825407514, -34.50922523870523, -62.395812853341425, 41.46796830562705, 125.02488154020463, -6.453950205919751, -3.6876960131433965, 128.93713945922428, 59.213439880218665, -52.498588997105564, 50.28034171844703, -188.96134250139917, 32.19512406623632, -35.19140196387362, -48.31436106555492, -66.8233105649881, -120.51676976309436, 31.854277554689197, -88.26921805903038, 107.4084380818321, -50.63064487036525, 69.74593014650003, 36.97501379814245, -0.7742726961916968, 65.98381282469497, -60.935041187164266, -114.4970198966159, 133.70303693648918, 73.353038830181, 48.49004803759618, 75.3209935811741, 48.034079875563215, -106.18528732221411, 85.26031228883319, 36.66490447605156, -8.579930452931976, -41.32874553625232, -81.24870699750034, 25.250751903508974, 33.78880811284024, -11.155442472497114, -76.65518038386571, 89.07479716235174, 257.39590243261813, -53.4437684275939, 12.515493518517042, 41.14406920340545, 44.13738898795878, -12.675994018814304, -177.79894540041545, -30.91247165209154, -14.110615782556286, -23.251189373418498, 84.37220701301275, 73.44851860371803, -38.30732515538157, 105.83020906586759, -73.97452929909304, 2.8366299383265945, 42.429585437226216, 83.50683788882984, -67.35538193427782, -180.57308018936502, 125.11222849538414, 107.21875408831785, -8.10213654599863, 60.00281247269201, 100.73511379437424, 25.657039823061645, 26.665887561099265, -52.4519988750997, -6.480626208077272, 35.56797594109415, 18.381107083011013, -99.82994730223261, -31.79181559569526, 35.165147702759846, 13.717910966099536, 57.021046125341186, 76.88552383175657, 91.6820843736525, -132.94173863139966, -15.46934769669554, 54.522909213370156, -87.03280727828955, 47.518198946923604], [-2.1048951456408425, 186.71554462126284, -76.84170552830254, 39.98440027782206, -118.21351147294054, 751.0809500546246, -3.663497001441412, 39.17446061362953, 16.492355751623993, -11.728604903475926, -87.39321091005034, -11.269728759548903, -26.112146224154273, -38.772275298129095, -23.81576924417761, 15.509745804159436, 98.2577684982295, -0.537769848493087, 4.97569301208142, -157.24378787670395, -2.724313248863455, 16.249111976607256, -71.2496602454868, -24.933007667504693, 106.447065206639, -131.72662705168543, -32.37015862326385, 20.617970187682374, 22.399044487192043, -38.57000229476815, 28.620229734261375, -35.698929086828514, 28.83730214413657, -11.015597812863135, -89.811277108889, 56.95256651219246, -138.39211653717365, -55.91219326071863, -162.4986566767955, 45.917225140427796, -136.73984396273238, 70.68768659109021, -118.56840478174232, 144.90372204666608, -53.52703176780829, 42.467776158770256, 22.931768026957077, -58.12875181574574, -43.986612693545666, 63.98711803207042, -7.120072466291069, 83.05980171599982, -103.75443759437499, 9.599423041284945, -15.445181450998144, 76.04629077315136, -17.313982927175978, -77.02183041647899, 0.43682460770139514, -27.998333389470186, 60.324424082740286, -78.12581697327727, -3.176175095194547, 78.3974762361927, -34.220851044887276, -62.382146518489705, -114.17770878139146, 81.12009109313234, 9.312929689796775, -38.77277403626618, 27.453960100626897, -16.490659246159346, -81.43279571982396, -1.180125162746924, 125.85584367061857, 140.92678508038807, -28.89521574318255, 64.81450314754252, -54.36605664959465, 2.397851438126464, -101.29729764353115, -63.23870584015477, -69.80497485007486, 131.97108233180393, -73.83914479075425, 136.3348092218349, -26.82278511488425, 37.35397796608804, -13.187190371105551, 77.5937570400173, -105.89790548447412, -68.55917000808188, -31.1360879683034, -35.89708151296181, -124.79726219039733, 69.36887462482859, 13.779323925694646, 22.2371194421264, -93.77524006962042, 111.88883495191749], [-36.714137296793524, -16.84892231179176, -4.473016607852507, -97.99541624229053, 146.60742490053053, -3.663497001441412, 629.2419537083427, 140.75393662144728, -0.9049780172841877, -31.013696633383905, 100.25964834590637, 48.868634391519976, -30.122713669141046, 34.32250254790615, 35.543478815795524, 48.52868895051119, 18.21118598887881, 55.41635986107788, 96.7338427392328, 23.333168041419484, -40.36204743487839, 49.57561354733137, -73.09806731222062, 60.67358342928414, 16.700086369663975, -24.709495368222836, -7.544601133717527, -125.63536131560376, 25.278058085498454, -83.06682445481862, -45.042643030425424, 112.44222161830916, 140.99748803261468, -87.0713305055667, 81.33929766653257, 31.370562798275554, 2.9619710534700476, -89.06721433690663, 78.41226403195719, 41.403546253469955, -5.1538435960930915, -19.112425530222595, -98.11286691409586, 61.934768510468665, -17.047713422589293, -17.853575973996936, 22.72920361032174, 22.85996610262706, 68.76489960221194, -73.97128814698843, -11.463898497397008, -111.43490209020116, -13.389127821835485, 108.05246672467, -26.959055020766893, -4.439166750107829, 23.75014500974777, -26.101053108651513, -64.54823340298623, 4.059116284087275, 125.60743064538256, -60.72789384064767, 15.68355708250094, -23.40691498500747, 75.78034955084011, 77.02947286786284, 66.0801135495473, 18.65402376621943, 1.0992390277068715, 51.30332646833965, -30.80935001652491, 97.54676847763656, -131.30260142616055, 59.97326596245059, 11.747389661081343, -97.8640433718196, -141.15189306111972, -40.19607887094427, 26.506409109737817, -14.695409493785757, 21.55920974570743, -2.0786786736684153, -62.86774910506499, -85.56627826865315, -89.51337620905545, 77.6959537411868, -29.065048639082526, -103.02920204789828, -110.15721079545764, 79.1187511726289, -13.165643536178285, 35.54202992991262, -23.73200518667042, 1.8441635235582707, 89.68559561001632, 4.09049401220688, -73.21798043937295, -14.552783208875246, -130.62150697450855, 97.96111263275462], [-160.2062052203166, -1.7363390116640625, -123.57748005182512, 65.07772503305902, 41.79537360664843, 39.17446061362953, 140.75393662144728, 751.9046430562963, -66.20001635753427, -135.5596351035338, 21.271374638937473, -78.42600238095204, -41.68050802318035, -42.19096307674241, 49.29795128537895, 22.377550190807945, 60.554052161645316, 29.041872441424037, -1.883840247031659, -23.415258651404326, -79.70471620477403, 51.86624983660321, 29.07464149182711, 121.91839068145772, -10.955978984409066, -114.74254698066416, 67.18484546348436, -69.87115158329563, -84.4825293511186, -3.3171930079675866, -28.324983703628305, -46.21170104883792, 66.71294879010259, -69.12572786692348, 89.71514469034858, 72.00731491519032, 63.11262854071758, -210.48534167260985, -7.80253105508663, -13.556776122674215, 6.440334733401835, 64.65069494432755, 47.89488161090114, 64.15925552582432, 8.306059516698454, -14.61799174896553, 22.953216019116134, -8.753979343833239, 139.48958018905884, 136.92371846493842, -68.68429829689003, -8.444966742169811, 34.95409290969174, 10.896474544551733, 21.917636700802102, -59.74427944437789, 65.63591783203779, -28.39858575422814, -59.32038733155063, -37.0435251435032, 52.89074087903593, 32.29420871511961, -68.26991499411534, 62.76076730791106, 85.49542137493222, -23.231992323753623, -42.37126957748822, 69.92158704753142, -23.901850912481727, 26.758134418997734, 21.5230169299143, -29.39949008949799, -92.64247842983046, 35.012446799960784, 136.76534749801533, -30.133801393657453, -99.81383254649961, 71.71313271294072, -21.76735220522721, -63.04349155329431, -7.36869148537719, 26.233726442877412, -47.09555631731474, 35.97827691355294, -48.90326354550192, -53.95063213298239, -62.26242242366601, -101.89385747863547, -27.608401466118274, 21.84203728830775, 106.8806335739158, 24.74185248755707, 18.948947712914435, -73.44629044342469, 74.72014906498949, 22.51932961541415, -63.86363429949569, -48.43261828427927, -68.3707554453485, 97.66997956345627], [13.669075265450514, 66.6582893808985, -30.582132289108884, -97.27288806321398, -48.843412238892206, 16.492355751623993, -0.9049780172841877, -66.20001635753427, 756.2534133043015, -80.7436516252939, -2.8068425745149406, 3.265174737726283, -79.40633207290556, 32.11268406645276, 72.88707059296856, 65.98663477155547, -36.371244095886965, 31.342529034493516, -80.95107179774438, 38.024343881603194, 49.76633903499458, -23.40047351087747, -122.93774824469232, -9.105878145614222, -10.0409551438096, -9.222279598152, 99.30402661981039, 65.85430568664941, -85.72515978940228, -12.705144081626608, -88.28079023922213, -10.783873147369608, -47.59186262966947, 51.92219312951102, -161.30071859018358, -27.631483863224513, -103.6502209467589, 95.54056583392186, -176.91771682227338, -25.48658948689612, -73.25800643698383, 123.49724409380639, -58.8258099473424, 39.509444045969005, -46.13748323611685, 50.56793540750753, -0.18933656537139557, -174.19861532173124, -62.98865432956899, 25.919668425839433, 36.61010418155356, -45.785188062603176, 49.41797660918501, -43.50393677405528, -4.966396179245356, -6.317545353385657, 46.265337340023514, -76.6733106428303, 58.10237582460972, 38.36507445439746, -32.01417903704979, -31.638595447490527, 151.14150118689855, -7.823106692564163, -168.93116816837525, -67.36539290527992, 142.42802045907067, 44.423021256754744, -41.619852491665654, 67.4908196442283, -52.705811254161034, -9.296806088214751, -84.57294141809665, 54.384575012609744, 113.76464480020763, -43.90924618231281, -20.86289589871119, -129.96754063944945, 16.354874847729015, -7.483711832430741, 16.154812990086285, -27.397469648625933, 27.605261059771923, -106.38215871453372, 188.43050513831685, -93.39779937532352, -53.794055317538444, 30.51979219431621, -47.63391198750536, -26.225330622848716, 24.23207458279138, 47.494252905510905, 21.629943896724857, 32.861330799259584, 14.14115529405085, -145.86449826611008, 46.2807035878292, -81.11844958408412, 49.90279227204413, -70.99781726693057], [-14.819184078195542, -166.0592709374857, 164.77717584304042, -136.22660759040636, 31.196636101454487, -11.728604903475926, -31.013696633383905, -135.5596351035338, -80.7436516252939, 908.5392066449489, -24.521400889442422, -111.6560326559874, 79.99852812542778, -18.007373973788766, -158.62782368334345, -1.983318763757314, -12.703095789142218, -118.38152329542045, 14.76364053226956, -181.63895053361549, 117.90743402513623, -11.36949003910224, 0.4921506677137721, 56.00970171964646, -76.79235016647223, -72.08435602477849, -67.64679024874522, -3.7831777436872924, -75.58648866044385, 65.28168467850107, 149.08304169750122, 191.83569417965487, -84.92780308500753, -32.189723774412045, -34.61369097153367, 73.34164882721815, 81.96694332102217, -62.292338447584534, 79.98865491363814, 151.87309566070627, 3.784052741853753, 38.64521665401046, 34.062986460893505, -68.45667574816909, 36.85490726625186, 52.51277631812556, 31.458796249252455, -20.15604142064545, -36.0699008787995, 32.61459358570615, 36.678403486895995, 93.34130203529067, -16.689400774857468, 80.34344618325069, -64.86566075499836, 29.22431642470591, 24.74966066415957, -90.41425533802918, -72.59515614986582, 28.808636532037667, -59.365361620817964, -75.60059624079447, 112.34443361563731, 8.227706901672892, 21.866760199478513, 28.271346919771165, 104.74841239576818, 89.72146513242086, 12.273197612789524, -37.09191636278596, -46.62730335456331, 89.1979955331293, 82.49781889315443, -8.253697583390167, 75.29678969983303, -24.749758735595297, -60.68874077993787, -98.66884865359262, 86.51459734792381, 1.5543898242759857, 22.084009815908335, 128.08869540389003, -62.39344027519382, -3.516378875093962, -19.163857343733923, 31.507236003577514, 16.366318858225178, 70.2320477344791, -70.87883977175431, 4.551801849833358, 64.98092616883135, -18.397467823481204, 55.64490221818254, -152.94210676144334, -7.129274534637916, -52.17257154963644, 16.099342739807504, 98.83979114306275, 108.17393361482685, 17.207346286264727], [0.28766346186171077, -87.0963611238013, 116.0960939646598, 80.25328803006153, 77.83131778609615, -87.39321091005034, 100.25964834590637, 21.271374638937473, -2.8068425745149406, -24.521400889442422, 718.2150403367245, 35.51401698142027, 81.38801282267598, 27.831840048963524, 15.027968476175978, -102.65993960871077, -43.79023815903783, -128.7219516147334, 26.81212492341754, 94.94123846104286, -139.8368077330657, 50.94454455441753, -42.21140185513497, 80.7986980615386, 13.839956668962246, 48.71345133834236, 11.94773269735575, -77.28569230640635, 39.17905893326174, -18.81180708591705, -27.773184997110185, 102.6937436858209, -18.502764721372902, 100.20461087266388, 11.69765904822705, -107.11509036877327, -55.84961371434465, -91.38837535313425, 99.60648191713051, 20.343028969324536, 231.9695480895956, -18.831475317269348, 24.671896750588182, -1.8332213081615383, 18.016257619089245, 53.28756008185796, -13.946825679671592, 43.91777493519367, 66.55564941747119, -59.117959029847576, -31.718921831901902, -87.90605431461516, -28.27989915504338, 49.083585829218805, -4.347407505000494, -33.59184617443602, -91.13401678461852, 66.48956147593479, -62.455158809511886, -134.19492088121387, -18.73715438213044, 115.99013158665083, -55.50142466687239, -39.21906064865013, -100.64151678932251, -116.06611497303216, -30.205482189754353, -11.281120805721958, 124.34038611771486, -44.24792938463371, 88.26573695907086, 16.943251941287926, -62.2671083304432, 77.76357774873598, 64.0173775025058, -27.97508399073637, -49.1478519969238, -39.53642066676174, -45.46701178468603, 26.194987502512326, 67.22364014304522, 65.51651119766244, 26.228779357489017, -123.50318312521843, 55.313761117147195, 91.35759746153308, -5.827049831802995, -109.55199254861604, -58.891765094099696, -49.74488984184148, 44.338009808812934, 34.13329986629118, -74.11971318402455, 11.055097337135871, -7.895911986297878, 31.830978355217752, -0.4543749028035905, 29.500666274968243, -87.16151308401865, -23.649885990563686], [102.31305333033077, -19.746397261960215, 74.69740277483487, -216.04501244761173, 51.55104145075284, -11.269728759548903, 48.868634391519976, -78.42600238095204, 3.265174737726283, -111.6560326559874, 35.51401698142027, 810.4722499574228, 44.50679521822007, 3.8759501657247193, -65.30059511227412, -77.82753077682034, -182.46960952525183, 102.95232108399756, 170.79994969951963, -16.91564884215117, -18.214307763168936, -7.283429614672379, -93.89934204433092, -4.254151391163007, 117.60525477458403, -57.72373022682047, 42.38459888109385, -89.86136369043865, 72.59628602747262, 151.46416264063595, 73.8232712926474, -5.518594594855679, 150.58732092628685, -109.12002179208113, 0.34900484925425546, -88.01859663872885, -73.79808607873166, 161.09015448002265, 88.74598341303407, -93.34553259094994, 69.83818935319437, 10.290966985706564, 57.974320804910334, -11.145814224135137, 9.692227328502003, -54.662965093890975, -3.5880783769762687, 44.27018290096787, 31.25635423637404, -64.46653516506416, -33.102193081216576, 127.75426045023642, -100.09680382162534, 48.104331253622675, 13.60526974631701, 101.4962883216055, 61.934489982018974, -54.64189880268004, -20.944247503377706, 61.628467117233, 108.7684034186343, 45.19355290805489, -191.830019275106, -52.31476063039585, 3.646916643314376, 27.68399432294534, -96.00786929307755, 22.342578833938333, -35.21196125790949, 4.208452727657721, 68.33970761602949, 40.66737139146394, -92.79847112543632, -101.19890640254582, 128.41210365640956, -71.54620601415478, -205.51260498952104, 43.141390416910056, 46.510854559987344, 126.94357834718683, -32.417670307963796, -41.8021857344606, -0.45944709303499787, -41.27139849020187, 17.713034800683577, -73.71769777271892, -98.00195868796955, 87.03527299646625, -73.21884556251612, 25.231736698727588, -205.5335801200828, -42.444383231198316, -48.72529434082614, 32.386536561490914, -7.197682769596327, -69.95422116501382, -45.450035139184926, -30.958688005748012, -9.46878182091989, -8.672392475042955], [15.038111595603345, 54.44238864720742, 34.92113938846501, 37.519164560103654, 123.96146403328042, -26.112146224154273, -30.122713669141046, -41.68050802318035, -79.40633207290556, 79.99852812542778, 81.38801282267598, 44.50679521822007, 719.2342059655639, 15.908371771780615, 34.608073426491025, -103.19403652079919, -0.7157004260913119, -35.88485708805455, -76.15999859486041, -66.84454487668096, 16.11579642133872, -31.630414400023536, 111.35863401639357, -18.225854021313058, 135.5212318933438, -57.569669508162924, 108.76692224010016, -3.7552569930512414, -42.501393158878365, 18.85585413201404, 20.412091051885703, -28.363734387025758, 47.49267353819372, -14.088455948709703, 70.78142058233291, -42.723295194560905, -28.616348665927248, 68.04201114811501, 54.11365298183542, 143.46386726214126, -39.621990617892976, 66.12085479158753, 48.81950148128615, 55.51955429676368, -32.74181810602424, -49.36845990177148, -2.9480095603832397, 60.5150713371244, -66.22072176660474, 29.84009803495441, -12.581198924215702, -107.67308528263888, -120.67973871324816, -146.23954526027103, -7.5901246300978755, 14.224067640304728, -76.13224310999401, -1.7020685671331992, -14.759801303189349, -0.45591630071993783, 46.48027270658464, -95.44744844072461, -67.30539340445657, -69.05229954391433, -19.99239211046101, -21.911572976569488, -23.926461994024642, 141.9773779050161, 25.41840163643439, -103.99134574348636, -47.7563741049741, -40.19096462815931, 14.649343058803735, 118.34029059486936, 22.093970755504124, 26.931478670661566, 26.56887391488922, 100.46843395082283, 61.03311144982451, 35.27330970433247, -17.88731194312167, 105.81965473628465, 80.71028429722622, -40.28775004916009, 111.341428671064, 43.769302705811356, 37.80814093396853, 67.16514222313717, -67.5591324390269, -51.9378438244625, 0.3185819743132783, -94.54389949871651, 42.63625315440137, -48.25853641306896, -77.1606313496259, 77.371646043598, 53.53558212959504, 50.76744969923846, -3.5803775809710188, 135.63365285307907], [-113.07558350947443, -135.80308057057707, 78.27056646665514, 43.9305999707659, -13.160291753359017, -38.772275298129095, 34.32250254790615, -42.19096307674241, 32.11268406645276, -18.007373973788766, 27.831840048963524, 3.8759501657247193, 15.908371771780615, 721.9852672933504, -47.473028711137445, 61.91051261308939, -106.0442654689729, -94.03600196798541, 102.43383753941717, -11.91497608940108, -35.943416811757785, 37.84754039697433, -62.28411023804947, -7.188358271051386, 44.54652126841018, 17.07798381046843, 102.8759777551942, 107.68722674882511, 116.93452746048033, -68.30976387931912, -1.4504966591134538, 54.73284404738131, 21.420305698590774, -28.446951695037637, 14.223713046923095, 49.39669448736907, 74.02929885420184, 30.46105830241068, -31.2766025494726, -110.5723880741997, 53.98377105267548, 24.896368327597738, 31.710766434771738, -36.689582141296285, -15.165502514347171, 14.63513186224836, 51.61695900622037, -23.553580687573827, 17.646019257887385, -52.47787277224598, -14.84686508981442, -36.770738311776036, 38.244675554330776, 52.77062567240331, 9.842671000163442, -51.20984241008704, -66.23320544020433, -68.4555648490113, -55.18230963465531, 70.98958440318023, -153.70966003455743, -32.93166804709645, -13.411329224054608, 41.98317150756495, 12.172162345587006, -10.371593283340356, 14.222074063737036, -35.747260800425146, 115.3108089073171, -1.7609395865247497, -30.405680002063143, 58.99762243476323, 171.52877408340274, 62.323067185677736, 47.77018899442085, 142.1122129927447, 15.841587192579986, -5.378479652919146, -51.549318402573206, 107.21587781511447, 31.40431963387026, -85.20567736709181, 27.548158409223785, 31.56309131701953, 35.74000831081538, -5.914971342588676, -33.02716750193125, 16.503039409393136, 66.66592141208466, 113.07852121425506, -7.082364531468844, 24.80647605724612, -10.306855367210277, -24.30839178833652, 102.29956891844618, -12.267910014261016, -16.080338317987962, 47.886404240982, 32.80316790738784, -110.46511078410411], [102.40280034309689, 86.26591677691077, -80.78150403467185, -41.311768032000245, 38.415398825407514, -23.81576924417761, 35.543478815795524, 49.29795128537895, 72.88707059296856, -158.62782368334345, 15.027968476175978, -65.30059511227412, 34.608073426491025, -47.473028711137445, 807.2008418176792, -45.356620880898845, 71.9732680061997, 182.62034382942528, -152.65036652450124, 6.881034894897114, -34.28494676123478, 206.3500497917511, 64.70148851703965, 80.4199836685396, 19.404490812530845, 61.886137743074876, 107.95225322619038, 47.61472658776033, -22.877836336427873, -4.432007924189565, -80.6387394108126, -77.79316260548954, -66.65340592433567, 82.54164006313613, 96.05487167538216, -7.970839617887143, -72.41229625510225, 96.59070950870961, 101.08703164572304, 71.83643467964164, -73.39319390659843, 99.57377348815187, 72.23272683090927, -19.79444532143006, -77.95755532881068, 21.881381553573195, 10.717763743434519, -49.464112005711925, 61.93122916418501, -54.43721954064674, -85.4215818724105, 53.845430625298995, 10.335249229535705, -116.95013749121303, 83.87618454551507, 39.36306077835698, 7.4867969090282696, 38.9350228883081, 13.338764535655645, -50.027853151188836, 65.07648511430766, 102.65243051749556, -44.408160209520595, 15.18687275091938, 2.693127411081929, 35.38647147386463, 127.93029427791805, 141.9321225309834, -37.27339088560279, 47.61886782866279, 14.17697968042705, -106.36150670680519, 18.80832209831934, -64.78708577912323, -25.65370501519572, -118.24469884539285, 60.940671885162885, 13.465725156650898, 0.3035351988557848, 67.45947097922088, -60.17067897336368, -79.30445936758021, -33.83252529033145, -27.886239021870693, -15.717458733908785, -31.875714383796986, 42.84672574336848, -13.253312844339202, -90.15484333006142, 2.3546287370887766, 10.615622751396133, -122.10846351133124, -116.38455776549195, 54.56309954775768, 27.709458848507268, -188.4720938868901, 5.74059077448306, -4.306668413557123, -114.43801737272021, -27.76275288072518], [139.93111785795452, -69.47673419235713, 21.39365467006329, 32.45315373698643, -34.50922523870523, 15.509745804159436, 48.52868895051119, 22.377550190807945, 65.98663477155547, -1.983318763757314, -102.65993960871077, -77.82753077682034, -103.19403652079919, 61.91051261308939, -45.356620880898845, 947.6374698586997, 177.5997528368667, -27.5043688376596, -140.0033110698816, -88.44082860529745, 10.507139151421384, -3.4321194957278616, 62.20784812974312, 64.71151058293643, -80.90263676588404, -28.12332855286356, -108.54565052909868, 0.546506416399169, -4.795181888718936, -42.5614306565178, -7.917961269152844, -98.33092673472431, -16.72586955529547, -20.221028808846157, -78.34064436829976, 3.480831619001998, -146.3164592237838, -83.48021535878121, 126.84317910988631, -146.2788647953555, 75.90106866390859, 5.790144891358967, 33.03761116317807, 70.8290795011407, 28.928836163673612, 29.715552355901306, 19.08447274110516, -14.144921625747315, 22.302099109249763, 123.53128619332085, -30.698009716950267, -118.1723808541612, 57.54561403300744, -27.301383464952547, -3.8908741849005435, 6.613626320805241, -31.52080401340701, -98.86821822477154, -84.38221249097549, 8.595027803927321, -34.818592718623044, -89.02961298061109, 167.82935613787893, -138.78563177386107, 58.25221914604468, -32.821322618691454, 19.086059813691254, -166.2154744142479, -99.30086679074537, -97.09061998355436, -65.55255430428205, 48.02985839814606, -120.837603443244, -22.08122741784202, 55.9564189737618, -59.03486963659611, -25.205882552174575, -50.72132884661743, -38.784577245174944, -60.643642261671, -81.19186557083586, 76.16539956577999, 74.11104529560781, 48.22780064381042, -14.947652627027438, -103.16713930252864, -62.48474256758284, -90.42385839139287, 5.0685372751670394, 2.8497778082408742, -29.7150101105562, -39.54180082389783, -13.646771817355438, -7.76469729177814, 26.6241867579235, -96.87280551920726, -94.2275486640312, -52.550545249302026, 75.88576862623721, -144.85768393561133], [17.87479614746396, 19.211145054682827, 21.183930144792054, 22.02358718874872, -62.395812853341425, 98.2577684982295, 18.21118598887881, 60.554052161645316, -36.371244095886965, -12.703095789142218, -43.79023815903783, -182.46960952525183, -0.7157004260913119, -106.0442654689729, 71.9732680061997, 177.5997528368667, 773.873229336697, -74.8115258863894, -122.84327672588981, 88.45645911032828, -36.23719326944462, -76.33204462978759, 83.80009661017843, -61.91012853468073, -165.49968434877593, -81.39735272764892, -34.8758796432841, -5.0330344840532, 28.424399605639604, 103.01939672080961, -39.36784506002155, -67.9517766141821, 35.29615521919935, 100.47321231247726, 67.9266568575443, -25.191678639795782, -22.10006662157367, 19.786050615487742, -29.259972131410024, 177.05738828531406, -23.474131274953375, 39.93399787907159, 47.34743506146128, -44.779998921751755, 26.652305697930903, -8.428478874496196, 118.87628013102703, 12.86689742768996, 66.83858339851764, 63.52822678544205, -155.497408792912, -110.11180530014393, 104.97588955032302, 90.12327976976441, -28.940840156750184, 27.644438494736622, -125.44385965486077, 44.11387534788996, 47.629419815775066, -1.2738169330075875, -13.117656332351583, 18.107877022873332, 2.980711114516586, 11.116318464274636, -63.701382249209104, 138.00575819635546, 6.599708892570279, 20.64087670104917, -77.92089791494047, -98.40658026829487, -30.463110701805846, -140.8722007535915, -26.759807508184007, 68.85054241345365, -143.76760247795923, 65.19057448352407, -50.760611187004315, 22.62623915738333, 0.9282397631442547, -32.87732600090481, 28.746559995107518, -46.51191647614183, 35.82488191570657, 30.05720332530414, -30.236302375501186, -42.29610419483679, 53.396979408512735, -34.835388202113855, -15.737630012192817, 49.09222262196329, 22.823831395560738, -106.92086273711107, 16.55894936593202, 54.2963071535794, 46.74245245752809, 2.076781264029817, -155.27075370638755, -114.92018399747964, 59.96535350446813, -45.54618574272882], [72.96480004184379, 105.88746630400573, -91.32560830644577, 102.69511575661039, 41.46796830562705, -0.537769848493087, 55.41635986107788, 29.041872441424037, 31.342529034493516, -118.38152329542045, -128.7219516147334, 102.95232108399756, -35.88485708805455, -94.03600196798541, 182.62034382942528, -27.5043688376596, -74.8115258863894, 707.7113606752731, -31.403526078816842, 63.80745132382289, -44.3300712874285, 80.85094107757892, 70.06445910679149, -3.1843713549011907, 101.5154067317042, -47.113548640559024, -39.42985510307831, 30.857499264194317, -102.54084711201749, -47.17999215851324, -121.51734040259882, -43.050349127153, 8.143181629772831, 50.22377144724761, -58.90965182629605, -44.52934645073442, -125.30154555132155, 181.871721875219, 194.62854698663904, -77.63228849881266, -78.14609948084606, 42.74298532280295, 27.242092466754276, 78.1406934510332, -61.38834582581295, 75.06342475101548, -9.704584507265244, -35.66614732390039, -14.03491751801461, -54.04356739538991, -37.96397104217864, 126.7429006497523, -107.3442438004981, -70.76113665251704, 22.41151309021213, 73.59151331911278, 57.88876925166142, -3.3789103760782226, 36.84424069902786, 26.58246461524876, -40.12689361238591, 0.19156235088251325, 1.190805846197596, -70.70026296038566, -24.601864733831345, -16.06674722923132, -60.813952937508816, 54.88649984145643, -51.24435858653139, -7.8480828903449815, 68.34151407825387, 111.45895391112053, 24.908374478458825, -143.88848946523922, 42.046706394015565, -54.12754164457966, 32.796896751850845, -7.892303597336937, 54.86959874711624, 56.16851162605541, -21.105938464484968, 8.511755855787854, -84.24835218922344, 61.28809674644869, -42.1154459848834, 49.86309960543989, -101.71562346776551, -9.334827181799824, 16.666313311270635, 58.53395602392278, 46.732584480145, 6.89685912297182, -107.90472812456785, -13.368847101171, -83.82281241212848, -39.00780971498652, -85.48182187124156, 12.40043664302176, -102.45481225961119, -32.698583608884874], [90.22551120569032, 45.73056665316655, 96.73986555504449, -50.77892371521056, 125.02488154020463, 4.97569301208142, 96.7338427392328, -1.883840247031659, -80.95107179774438, 14.76364053226956, 26.81212492341754, 170.79994969951963, -76.15999859486041, 102.43383753941717, -152.65036652450124, -140.0033110698816, -122.84327672588981, -31.403526078816842, 846.1269923805983, -97.2018880780471, -33.24517751771192, -81.05861672892846, -38.59694576509564, -118.88100790911066, 115.97991404081372, -64.87782254032379, -55.13591811629517, 63.95964584631057, 90.42253830127149, 93.28359069195254, -8.793905155955082, -71.89368777988084, -2.591657792563841, 81.08672977917901, 72.3227843397812, -48.57415797444045, -20.77961113804621, -156.07280503553193, -74.29623236962338, 61.23872874325753, -35.359388693364345, -32.679604809206005, -0.4824683402442934, -33.08513354000965, -46.34171737064735, -50.367578188203744, 15.073407521034838, -34.81770198310735, -36.99060703742893, 80.06572095415758, 32.80476985743841, -66.73754760863163, 14.487556160080285, 163.87353559427308, -33.20593043425038, 143.04935495427335, 15.723300514229472, -32.67029962798663, -76.6690286770151, 29.570876465333285, -138.5473128192226, 0.28031584849099944, -82.53920888244379, -29.443464517983095, -71.52458065661902, 83.00333207911662, 71.08109420964459, -38.403752517957756, -3.2095246119572707, 191.94222375412005, 52.949089837870886, -24.435317392144086, 92.82161298802964, 43.204367738124155, 101.57992398095736, -119.79830150316369, -107.91877363359183, 70.31190529041946, -133.93326986983823, 64.60071655917048, 16.663874731720757, -81.72856584505647, 119.4424376496985, -92.4482433806057, -165.21493970120105, -32.63700746611834, 53.63273563543124, 90.3288711776789, 85.2552177532586, -50.10894247200906, -28.122459807259446, 37.70882458758577, -93.73982329376831, -53.45876908638571, -54.63749376664269, -79.15388985544058, -57.67388003244031, -88.05988371349923, -41.26021814805969, 128.43303750165614], [19.42505851878501, 55.07823682851067, 80.18015677384598, 103.01736173905142, -6.453950205919751, -157.24378787670395, 23.333168041419484, -23.415258651404326, 38.024343881603194, -181.63895053361549, 94.94123846104286, -16.91564884215117, -66.84454487668096, -11.91497608940108, 6.881034894897114, -88.44082860529745, 88.45645911032828, 63.80745132382289, -97.2018880780471, 723.3914080920391, -1.1605969359865733, 41.771035892758135, 96.01550531939887, 109.99001122464325, -84.9608512363935, -6.365217123582835, -66.61019952980723, 10.280935061127018, -21.027038130001987, -54.864796647087545, -10.601188846654777, 16.119700178609808, 8.444398543581935, 81.98538859124776, -26.522404270116876, -123.29660822129067, 115.1611926127603, 99.39226137310598, -4.680393016303383, -61.83025060413176, 19.869022815605227, -78.4169940624591, 59.827151660815595, -11.436255161557407, -1.7877865855139903, 95.4820589862836, -35.794904815273014, -146.84914322746232, 22.142934494633277, -8.038349291474848, -49.58188005090152, -44.72942162535819, 66.74397387940498, -24.613895974114662, -32.55119223112114, -62.53082807863994, -73.40211430820274, 69.78783749983337, 98.33313137983296, -80.21790483005253, -37.867578504204374, 31.344157415626555, 56.17336476125153, -49.526674923247164, -84.48099736085065, 20.091616369561546, -59.16378740822552, -160.2764561962248, 48.18078828065011, -14.606387174523697, 152.3799935787269, 86.61199849525985, -49.03392722160209, 5.312699213332914, 3.38019264903216, 20.47946751813673, -24.20373881258791, -47.97687428999793, 55.377003307403655, 50.97531188865219, 65.49260615353283, 37.45257847476132, 20.663252403081945, 9.77128356112413, -2.956131176220078, -108.38146761139505, 15.118134453798083, -44.79847121331288, -11.813020044353701, 6.1405703056380245, 6.88258917470321, 96.44922670731368, 62.02454389930947, 129.59257826161914, 28.146953675178498, 65.44427316225958, -66.01083364783108, 28.962069762812135, 42.540466671765444, -47.61274602963377], [24.914666673922103, -201.1177156362141, 26.963896418581108, 30.291078085738835, -3.6876960131433965, -2.724313248863455, -40.36204743487839, -79.70471620477403, 49.76633903499458, 117.90743402513623, -139.8368077330657, -18.214307763168936, 16.1157964213