{"N": 100, "M": 7, "A": [[[884.3842415151571, -48.83378002304882, -63.58794719232051, 16.99077053847676, 72.5524097941481, 46.47230336662783, -13.011789720281843, 15.15429682891192, 25.459375922340655, 118.96946224355052, -110.50338586164284, 50.25251875955117, -14.28828904643619, -20.885746084651995, -107.04153643503888, 136.4974656553278, 47.206345969873844, -14.047332890609594, 8.193742335237873, -35.58934195124195, -65.4658724581411, 103.70312154801803, -63.16826015293224, -38.16762750457961, -94.18620383139087, 36.64838503719485, 3.631706190316528, -14.21636195475125, 41.97274181402802, -8.138515061883037, 55.87759053260865, -65.27763578563628, 48.51472361543739, -111.87929820650541, 111.46011883683329, 39.87095279235186, 40.857167750897936, -30.485024358104265, -49.901704427176554, 28.833338916829813, 62.467377094669466, 26.456520708664193, 1.9631882926553657, -125.9875303202672, -100.31844398280278, -152.1241999715982, -20.132964090636737, -3.0582507736528073, 30.029010402468643, 32.531732626804384, -69.07050559630741, -13.581063188606883, -50.39409505871144, 96.12248927634472, -91.84758428783111, -142.98941560147037, 89.85099165647658, -48.22940192223765, -4.862134141898757, 81.50760522871666, 0.14318221390795136, -119.14749966601174, -2.2919896442200836, -60.13764972900021, -96.98009139687537, 3.0807663101125233, -72.00826877217798, -142.70702613381607, -70.9870290528632, -97.8466365585364, -135.73250969549494, -136.76196103587867, -28.432388542100202, -28.15841185243071, 20.66686935541753, 0.021621531137459692, -128.31941981119883, -74.00810341450185, 68.87411596403099, -193.5287606624623, -35.16483628939623, 121.24818517028373, -94.18959583172114, -24.3297740798752, -119.3218661032268, -34.51567765729037, -10.313476510659013, 81.21417813304846, -21.906269120302245, -68.91299650124961, -193.90354258787525, 63.14419030312994, 11.133096829144966, 35.889262629581985, -39.470743100011404, 54.65419999275572, 130.36757951099142, 25.49602291036198, -62.70854548003924, -120.9637566829596], [-48.83378002304882, 894.2236632230971, 7.719616361474582, 42.27517834424225, -61.93036778971341, 34.8977272715288, 66.9969375699566, -89.21713426544846, -23.10737865228773, -15.630258289212696, 61.25110908896962, -25.442498221048048, -41.00052809066345, -66.9540581946876, 68.00525961510067, -57.51321491372855, 58.19329886473795, -128.11992937961102, -109.4783760679649, -115.3145522589152, -2.8180310095906145, -101.02805194524416, -111.10235944484967, -16.015214937208867, -67.0637606189415, -18.0003403690283, -99.55538514574461, -140.70981405553007, -119.33999967492394, 18.500832202312917, 23.985779798020086, 3.2686318443223352, -4.627830067619077, -100.97344451098118, 58.95301894507729, 0.14071444277447512, -17.75060770275914, -114.40027675200945, -36.15007570334269, -9.930668333186961, -46.90702015672401, -77.95470001164729, -33.21711411417888, -45.51973020003904, -11.757564723877026, -31.130862322171676, 34.86934322571066, -16.165671956164623, 99.72000619188108, 179.36600222689165, 44.62909100258092, -136.48288208373876, 58.671378599942, 172.65065513068336, -43.41422308889322, 126.08036473838516, 49.43216651178046, 49.673395603952734, -53.55922842058906, 91.24799949490759, 69.26172575135263, -86.45255858743268, -11.069165528084477, 13.612998148870812, 19.443799842852936, -0.7937680155966377, -23.61641053282778, 127.61142258150065, -91.66204191621728, 84.30300226645629, 132.43570596012626, -63.9989677909292, -94.59931436815667, 1.664400712165066, 19.717356016468617, -105.48498873479618, -148.9332466705929, -75.9875810630033, 94.69972537492463, 125.46686359569726, 6.073533948593595, -106.7472921459315, 35.20527422256023, 14.689912224806122, 59.48394822917452, -53.964908284811195, -32.62971105304462, -60.74233167716514, 15.15701394160059, 19.51225573946686, 45.15476208988641, 119.58155337514721, 2.4190700845181743, 154.23070285705177, -164.50656308778622, 0.42981660059570703, 11.424176209527392, 50.936606898403625, 84.7967001524599, -37.771928964029904], [-63.58794719232051, 7.719616361474582, 873.268337930076, -77.62752049513762, 50.087472607988474, 76.60126080270075, -59.811989874387564, 27.644414726098965, -83.89821353950451, 85.79406252217504, -121.12193547676573, -84.5978455679463, 34.123924556965434, 35.424239394727095, 73.7916123260939, 27.137290047145264, 86.86316224257348, -3.383374628741562, 65.7063402155906, -15.621570741257404, -24.969691873073295, -11.566669482703936, -72.44073970890936, 144.43607157962137, -54.663573579006886, 3.150117197311936, -57.19126295894032, 91.52620535731035, 56.730810926774126, 60.143132566014934, -21.510471940597764, 108.99089735491897, -129.94142669420955, -166.5778828224811, -120.23315930694656, 82.09640767288563, -55.016998737445206, 66.99316784250512, -34.728829583620794, -24.3788457335817, -60.09352435058988, -39.8202936287353, 8.077606075775947, -41.756159684391214, -20.344955497824877, 82.98246451862046, 2.579584865867405, 84.91709133496303, 28.13708433609121, -137.74967308400724, 46.49559072878083, 33.53564817584043, 51.865631214287355, -51.85206675937698, -75.1653210494667, 156.40100280776082, 34.69599305990986, -44.77016872195575, 39.616841682454506, 54.62010964595156, -67.12787888313399, -25.298776158650742, -63.65526370414424, -3.4242704143190315, -37.8984253032111, 32.72956064602133, 106.61924219486423, -87.96907718521442, 43.82281993611498, 24.588621821365688, -33.85226128420913, -66.8807478474079, -29.56960276017257, 52.63156050314501, -37.34095561081665, 52.744555519597036, 180.41169033571956, -81.55618600073967, -51.759381731047576, 61.748088454761046, -70.99142202276792, -35.67791880737814, -215.65474975015658, -163.84390345620105, -44.45378142764697, -136.14975717930162, -90.71521182743557, -98.40623416841879, -79.63019377651625, -166.28117954632995, -11.24057763651781, -44.311803745277054, -101.29978274623626, 104.70018269791902, -95.27059388959988, 27.29220604562823, -19.043119376326302, 63.55671989491813, -3.8670695905269037, 67.31398240256809], [16.99077053847676, 42.27517834424225, -77.62752049513762, 820.2366060576138, -24.810209601688403, -25.760943181507375, 61.49341398610549, -88.86445371669882, 82.877286408511, -20.38455983550481, 15.622806833110449, 16.383480242388714, 20.07550155343526, -40.41770100198934, -18.19928409838023, 17.97570169078378, 56.048713144501846, 62.840750764575574, -101.69340595988302, 63.15289321282435, -9.2482795440557, -2.031735198550153, -73.3860593564615, 25.225379996484083, -103.20756135296914, 17.322320777683604, 26.15043199763562, 25.3222596941813, 60.31656945148642, -27.24112908903888, -7.803572739831045, -2.9514283678012423, -40.286890697085134, 128.43888733829888, -63.353297937934, 157.36823185777936, 34.62669621844515, 155.28989142778158, 63.84970168928755, -37.297130531634565, -105.65932460005298, -104.62634932783777, 62.795870447258025, -56.62246739863623, -87.66464199075541, -23.057104890637735, 33.60404101138715, 21.113537883489904, -26.713428007553798, 71.48203381453034, -10.221575934202301, -45.23916549297582, -100.20364296540855, -15.6045481487937, 1.5827255822332904, 41.891503547544914, 25.235985146250517, -49.10038114924437, 25.324498799375316, -11.474066912863714, -94.90711121875272, -26.471274789035025, -13.626301795130122, 78.2383327591889, 48.64089511738366, -31.279798057441447, 58.14864677247671, -129.71007205356156, 40.25851452859191, -35.308751740214156, 2.863787048315084, 6.096184415007535, 84.0247749830374, 12.13078315764303, -60.76297449393549, -28.940102887845555, -187.40927453783468, 54.34879857958757, -41.39801763620849, -2.4012791118133823, 67.48910094363517, 12.131370726770097, -99.0851335545199, 7.787532068964101, 14.346920544174623, 64.13256011198237, -55.601935870193806, -71.01406992455915, -143.2419054349871, 61.82599164633167, 30.936955391184025, 122.38122980300945, -134.14426591251433, 109.3268963894905, 3.8296582430186565, -75.41060089598115, 36.64750666017599, -103.40502632553587, 118.88657494076993, -81.69196333735681], [72.5524097941481, -61.93036778971341, 50.087472607988474, -24.810209601688403, 993.5960508200207, -50.83772443274586, -174.91372888978756, -35.85483661269347, -90.30102548400086, 58.47651379756498, -60.68134050684556, -17.77344084638991, 14.766436784074662, -9.294965991538527, -100.54668238108228, 206.331445805692, 71.89009290605259, 90.83120253477958, 49.825848326314336, 75.16166213713917, 150.9709611861592, 128.73130796207008, -64.88804193402251, -205.81850443123258, 65.6007840842059, -4.04711111924714, -23.537826073301154, 45.72259034753286, -41.13402272595033, -42.90756228432785, 29.26518238989688, 1.27623988946552, -114.59191282080549, -32.21664534516097, 0.4080625881325661, 86.5313024840279, -28.387843783233617, -114.76104545360006, -128.48726474923205, -155.39516138424563, 27.877439043569648, 25.155116004373703, 27.37892457460163, 6.263208242170239, -19.521218602057033, -76.46196966029538, 1.6706855186511687, -99.55092130123808, 138.84731600253758, 11.347356491317278, -35.51039817221046, 57.8798490845589, -194.33015328441988, 68.19070388885564, 36.44609331071872, 81.17095610140923, -99.10127440849483, -17.614754857206844, 55.09319451342477, -68.77747709852675, 49.634870922248886, 24.926042192457423, -9.267446053672213, 44.51654025301136, 100.33914198933182, -135.80740623954034, 40.80496997033604, 59.07220394374124, 57.936774391608914, 88.96804829191348, -18.980532111447133, -110.35559556473048, -19.934264011832926, -4.379338069309034, 58.84175355328501, -112.41859829403501, -30.486169820843333, -136.04348985458878, -47.75913624899628, -6.590890668966319, 1.2859853338715233, -149.3788325173214, -10.922728790013336, -27.403506540963587, 17.646866224791506, -70.20488691586395, 58.25055335460935, 92.42541960966986, 67.3592675371294, 68.07789657687043, -95.50136266565998, -40.148294960745346, -7.431612671975339, -50.40144473778742, -19.495464367032167, 76.30466732704895, 63.211750838314224, 2.1685302299602847, 32.43373132961343, 168.3079617748824], [46.47230336662783, 34.8977272715288, 76.60126080270075, -25.760943181507375, -50.83772443274586, 802.3872387576363, -117.94977345998524, 125.98030221340179, 98.31179861608862, 37.57508571481615, -49.515213459461734, 72.12961403211357, 79.74387302225998, 80.81700772170328, -93.76756049678224, 57.99289557734936, -34.09848574250564, -37.49804965265781, 24.579513195376258, -78.27774558627772, 12.973285421773335, 66.97667568166702, -30.46885673293431, 157.75248925611498, -77.23413496359603, 64.7928032840811, 4.577343779313179, 48.012062920707415, 95.96516830014065, 23.02078391297275, -39.58297313147834, 122.61806872036874, 87.54016006981124, -11.162164891961016, -35.77863935906275, -33.052003695343295, -37.52141518032969, -65.19312345118281, 64.60679972914392, 84.11804348293104, -152.83423390353568, -93.19268987724337, -28.01266840865745, -141.53162659569713, 51.24409689837451, 10.576229797531893, 8.593218357902527, 43.337388902244435, -103.50274741605111, 109.37802320508575, 7.522987755439183, -23.929317642621672, 2.938686837555935, 20.96523730521331, -99.58035605906952, -28.17223601857637, -11.394205415072323, 23.26651499502019, 1.5805629851791414, -54.83999147759901, -117.09041411198719, -44.8535490563761, 92.69646355087541, 2.0075065385912136, -114.15179245802162, 57.47226897655248, -13.653635248918174, -106.88987842169955, 12.131133688780219, -22.66602285640835, -47.92043341473801, 139.69395676827256, -70.72542136105854, -37.41110427859036, 29.65275165827845, -9.95852053216705, -65.57504757829905, -226.82017112988748, 26.724340509470004, -79.26604117893824, -39.606198138524896, -22.051258724513836, -20.934181484919986, -48.87965826964109, 60.24809554743691, -53.83261596318781, -25.023578548360444, 130.25566130764017, -86.52267477407845, -69.35195751016687, -2.540471183417327, -5.300945123590558, -42.97626441544087, 10.049094936151114, -3.743805418392705, -28.63761571946906, -75.45081516087942, -25.07855682608596, 52.3842267020827, -60.58213857195442], [-13.011789720281843, 66.9969375699566, -59.811989874387564, 61.49341398610549, -174.91372888978756, -117.94977345998524, 808.3983252201906, -53.29042536892025, 69.86526131683694, 53.91595506698839, -60.98847236165848, -11.917489951368838, 93.13910610133065, 1.4829104208598551, 27.205574121449416, -106.9090459119261, -63.99697837401053, -64.24311700621317, 30.805544154492164, 6.256628549811541, -9.707294800735271, 68.01141369797146, -90.69552447660212, 6.581405310795043, 80.13925920412686, 30.12076847910366, 38.448667145499186, -55.75268306400455, -55.94026454320893, -87.92030459736196, 102.28235812914683, 74.65467883409273, -54.295086244727464, -36.38327960563617, 13.039110478753422, 17.054184988828897, 107.22056938879058, -31.853642930997484, 2.561049332810428, -3.569983284705074, -17.523226479660728, 109.57770664151595, -3.584537396121638, -33.89536015458686, 70.52594348521605, 23.51419011389128, 55.46144958416293, 22.322887049240517, -63.900069579784414, 140.16262335171103, 20.908253970484687, -47.19710129896785, 21.01719511897351, 20.784888335568144, 101.16752621817736, 127.1374594236701, 44.92965422580237, 35.666310693223394, -29.393251199050805, 18.860563944330057, -16.304649496940876, -53.66563701973564, -40.13294163139871, 36.61794534709771, 25.01634543592584, -70.31624631155456, 1.5202140606549845, 148.20095574423073, -53.064583875912255, 149.40509630343456, 19.797351264052253, 0.6563147396890914, -16.58175262777402, -11.070976140291494, 0.19994754278716906, 107.47447695640348, -83.58752491355712, -65.36484030068158, -82.10440527450382, -72.14235846166872, 10.951706025816305, 51.11042877232772, 53.62666502453405, -26.04010291628331, -52.84338266999814, -135.40162822315102, -42.55709737305333, 61.418625086453915, -37.273576644273405, -38.73724764603383, -51.57414656849036, -14.460911323247169, 43.43497051597561, 19.134757953667656, -157.4427743825609, 26.316274552218974, -40.145637782051665, 73.03446309850825, -71.01933084956978, 39.87707716367654], [15.15429682891192, -89.21713426544846, 27.644414726098965, -88.86445371669882, -35.85483661269347, 125.98030221340179, -53.29042536892025, 979.5539655726436, -133.4680163981594, 52.94190023740595, 176.57648259077845, -120.85001866852976, 109.73436477604069, -12.411777563183595, -28.705160265591086, 44.41735481901196, 80.79316596324192, -67.93878217901134, -56.774022064857014, 90.48794825755411, -123.86676719691955, 123.50654873035737, -12.91909773963714, -41.54749525445259, -72.34135884206367, -1.7092528406994567, -66.09454554213279, 93.08619080819223, -93.50615296585364, -125.62290079045317, -19.661965682642712, 57.05580785308793, 56.90956768674799, -121.8097526620735, 20.686032530118954, -14.019896086926662, -25.955173634961543, 35.778764550592896, 59.277696519546275, 103.2412254784009, -67.23551005083604, -60.8969738567194, -38.75368238005692, 3.7315182382832264, 53.27378566572244, 159.9666173382454, -52.34864515110575, 105.00822255219434, -78.85666667775233, 34.186547859267016, -30.470415321340507, 21.465572725843973, 20.606170222595363, 26.722754340512598, -1.3665555766496786, -153.22896462996653, -51.10150068415185, -93.13473386028504, 32.25211009781006, -48.107103988224374, 81.25904235103862, 159.07737807316022, 71.32823464614184, 30.56359465236708, -45.61384900760919, -13.292958788477403, 12.707238857608596, -76.57410694006398, -75.79427236084813, 36.61265091439236, 49.06597883396445, -15.947176224424192, -154.67477158101835, 51.13438319838788, -74.11353081376222, -25.609117148369947, 0.6850126385967625, -32.06050626103975, -20.605385500895483, -56.053625291410114, -35.33333776405702, 91.27505790417574, 61.9850392196361, -78.61062732442434, 90.87595668997906, -32.85270429792882, -96.04538665212249, 62.007072799784055, -28.729371032308414, -71.53925263023936, -6.53873645248793, -73.61545740947749, -95.33773887885987, -42.38601198164683, -7.05557446516867, -179.1014692603264, 40.837464223891175, -16.8779638458746, -83.15950837587704, 139.7148689166002], [25.459375922340655, -23.10737865228773, -83.89821353950451, 82.877286408511, -90.30102548400086, 98.31179861608862, 69.86526131683694, -133.4680163981594, 932.1750902806629, 13.844207076557108, -154.01217162290536, 82.81308815235633, 94.07911184270495, -40.36688628932877, 1.528586213328003, -110.42868887769953, -81.25117908999515, 83.44649428268545, -11.197503236446929, -57.61020770338841, 95.17016712992145, -66.41901680949535, 64.58154659750961, -65.01048451554706, -54.625902080499245, 81.27324749216686, -3.4451460764013824, 67.46465649615372, -24.31975468258037, -61.272930497636594, -62.80290844829348, 147.26801037334027, 36.43000065644955, 75.41740023290676, -22.29790809285568, 91.16488677092777, 62.58638845712947, -16.48417188408376, -53.28255322400725, 41.43587303475405, 10.151715473440872, -78.01495869297035, 1.4292703246283338, -121.02509696311738, 148.20167276740145, -40.984239130739994, 22.121908812718225, 1.9089068591249767, -11.457286534963172, 19.74462452469871, -55.563508204988665, -130.79463497638594, -61.269373250538635, -75.18935011006947, 112.12174521790999, 24.23203265119446, 107.80583759268445, -57.15408386363999, 88.10662948244033, 124.15889730852409, 4.5418928316760665, -106.70131496063185, -63.640822849638965, 51.73392478906263, -56.982985623537665, -116.15842242754732, 86.18945315222525, -58.884473292396294, -12.28513202023037, -46.59802777648985, 52.263963458850164, 2.0925087047167175, 114.4721640039426, -8.688796213525519, 73.13902547876177, 92.07486340078484, -66.99656713218096, 1.0070664492936416, -17.871596985990582, -159.99424786124402, -50.25101250046241, -86.57003526244307, -21.149975851209625, -16.02966099185964, -30.367644042951394, -78.19544029887953, 31.7374526586996, 28.924763621494694, 47.535462847047796, -134.3575947267808, -62.07646452083013, -90.38543239536611, -164.9447400358019, -2.9373298426302794, -8.317770693778712, -28.433354513432043, -126.4913241795444, -19.42216358658501, 0.2938481288073855, -4.816194675211143], [118.96946224355052, -15.630258289212696, 85.79406252217504, -20.38455983550481, 58.47651379756498, 37.57508571481615, 53.91595506698839, 52.94190023740595, 13.844207076557108, 1043.0138302665366, -17.597391290796374, -52.55331601964251, -25.64676328712716, -17.45582987366879, 43.202675023870306, 85.00404557946366, 102.28690736519863, 29.902336544722097, 110.48668057578799, 14.05220435272456, -101.8383064744432, -56.03849702175429, -107.24615094862816, 99.18691002735805, -100.9701802186822, 7.537401650440167, -22.87938567718571, 101.3934863949118, 32.45877559388145, -39.36279855827434, -71.92994693677156, 24.811550768474564, -1.960658811421321, -163.71369688958816, -171.27943032075365, -18.43126566877479, -159.837988218325, 50.16161211610165, -136.75621188117577, 75.38287932547964, 3.7636481227356215, 148.29229509831447, 105.6205008689168, -56.418967700350144, 95.21361128898236, 80.55806045021137, 77.1055155458924, -77.92245635477133, -39.78488964653627, 0.42711915188856214, -9.654394235246833, -56.91146709622537, -87.7412196007293, -4.113179929199395, 121.2884890591467, -90.62503062180734, -45.68729184547309, -54.48077708782963, 6.738456765168439, 133.59621972854166, 23.93039722658535, -70.86715560463348, -67.31979921647329, 101.2244506868269, -103.63496013219076, -75.82712622602914, -66.14536728156992, -3.057542683058699, 113.7927839865224, 58.595385248009585, -100.44471936359164, 122.60728356639969, 33.0242810337707, -59.29414283532139, 98.2256214401069, -6.071274924132059, -48.04607480584048, -25.030214914491403, 14.30452007880069, 30.129955885297765, -40.7626216725249, 42.69462863839663, 61.28084960768684, 20.7753848472915, -40.044154593587685, -18.99343172233937, 110.26080697516812, 129.95560345823677, -63.935296706584076, -12.750157942627348, -85.887969323303, 117.47737923744091, 65.49935341563179, 6.547308348953369, 20.867932604653678, 34.219505914746854, -78.54485656703083, 38.0454202710548, -142.7510264135343, -14.001298421789192], [-110.50338586164284, 61.25110908896962, -121.12193547676573, 15.622806833110449, -60.68134050684556, -49.515213459461734, -60.98847236165848, 176.57648259077845, -154.01217162290536, -17.597391290796374, 813.3408313490814, 49.340567177338045, -29.909330432127998, -10.681474571134993, -70.05340540311852, -45.06395318376969, 106.72216690821227, -107.64372220825541, -59.68255965229423, -90.76171072434536, -86.51977245672478, -13.36350661144131, -98.35192996440779, 151.30683757666023, -31.282737240991615, -19.592476702807314, -5.694494954570276, 97.71743556377238, 70.22563753934166, -5.972039583383044, 74.33182015547332, 22.28180490461288, -0.6263490383204026, -6.476062812502959, -31.054006335428493, -105.09406182207069, 11.379704529373544, -36.85264424028467, 74.0641636251499, 26.562543572589888, 95.69177411251843, 45.420346691271604, 59.22299275777276, -29.94376557284799, 91.57120523610938, 68.82662403695765, 16.834926758361256, -23.579821519813482, 1.9852214008342925, -25.656187137774754, 120.39237138091404, 13.263179207094142, -81.0656212505617, 1.9683483881882615, 101.41807250736643, -48.26324491864661, 59.21510030777964, 136.2801439716052, -18.66707228462619, -45.76300019865738, -153.5953689163958, 102.9290839016457, -7.678742953428049, 1.34277150386676, 134.5250233565096, -100.44331107809535, -19.203427934738155, 29.737387494644818, -47.165354054433756, -67.24161664751196, 83.67443154787274, 101.66379228688007, 27.19187627844302, 66.7396427275809, 12.184666992005827, 104.02990363601367, 43.19460890463339, -26.457810621110216, -49.23691669196075, 101.16373170597126, -16.304714572210887, -45.173549866785386, 39.60813091520121, -35.81389066545027, -106.79767674489473, -61.08550762594437, -90.3640617610644, 25.917358587988236, -33.107571041854285, 138.4444864129373, 45.764472964326664, 19.47469866394694, 39.458732112430525, -74.15950082742985, 98.85409617096147, -43.827534313306046, -69.51279252654648, -91.02727653186845, -84.58782547114794, -49.00663718233359], [50.25251875955117, -25.442498221048048, -84.5978455679463, 16.383480242388714, -17.77344084638991, 72.12961403211357, -11.917489951368838, -120.85001866852976, 82.81308815235633, -52.55331601964251, 49.340567177338045, 903.1020195799875, 65.56997279810798, 78.22636388247521, 60.43777579881049, -9.020532865029375, 20.220920287372202, 48.950269721569185, -71.10321791660705, -37.65795658995012, -8.892314337066281, 67.00166449120756, 145.8461571833792, -47.093951152960116, -34.24611084749025, 0.7040014400582629, 136.83766340037965, 17.15502240168514, 196.70823314049485, 13.116418218145714, -4.945150013065469, 62.13779862954221, -195.75266735466545, 5.84426113689543, 48.74615753502747, 149.43450239515292, -35.770031296622086, -65.71183987789777, 111.44052084769972, -18.494945943674203, 76.73975890527578, 100.05189966534299, -55.89079818710998, -4.266084781863438, 42.296402666806266, 110.55630234823418, -131.1518305375601, -22.95646898604931, 8.42136300051693, 27.967325549206247, 60.990638577066, 5.235826615667755, -79.17158985855262, 59.28904763990066, 80.05562231297681, -31.45585491974341, -154.40718484927868, -69.29845910504433, -81.64971641991403, 0.8882456627306279, -66.23972678704175, 57.13279915113659, 134.09759151381053, -18.76615071640611, 115.61407485918764, 15.736445356786659, -16.6338132128902, -49.01608794377771, -7.090596134763674, 13.587094167328495, 51.983686234142, 97.19137043956819, -29.603907438816854, 22.063633657293323, 13.7343670381569, 38.30577053200844, 28.001701165523844, 64.65807396156143, 5.605651392149872, -4.610406958876869, -100.34896536420884, -82.19592591535822, 105.38719171706416, 115.44879983293762, -37.72812703369911, 91.56373274159893, -62.01864539118109, 86.46406793426287, -72.54319603584148, 144.09430491912156, -121.34390163940698, -68.27233949881727, 56.49585603094494, -114.94593828061343, 13.827309239619716, 127.65643809468493, -127.91892047468957, -136.9140210999654, -4.905332250979858, -136.53484619984934], [-14.28828904643619, -41.00052809066345, 34.123924556965434, 20.07550155343526, 14.766436784074662, 79.74387302225998, 93.13910610133065, 109.73436477604069, 94.07911184270495, -25.64676328712716, -29.909330432127998, 65.56997279810798, 891.3398042797174, 9.768222465216114, 45.83113558618555, -70.11653057154844, 63.27772219837373, 115.79107458630854, -10.004620153486131, 75.96089620222855, 46.522927393091905, 134.02917861962143, 108.94937152740714, -57.050139284126324, 20.472422039326695, 50.546803498333404, 59.709992477780844, -155.07579877602595, -49.916739880048475, 40.51688401133448, -0.19719866463786212, 142.19277024868657, 167.45240266940218, 54.44052357627987, 18.335757809383225, -3.3313053946758413, -82.19214047853191, 55.55734474955444, 130.56421920368325, 71.77335994036822, 120.30178775201347, -43.16535683691494, 70.59583260902592, -50.45284723670957, 216.57797705287786, 30.682239591180764, -84.11233770979993, 23.196405740219, 12.918829285794754, 70.62202077007382, -13.527755644488069, -145.10127257358056, 58.94300938766096, 18.67141939748066, -106.935979001639, -10.986733610160254, -35.95768636338554, -87.21876273987593, -82.46777013868656, -31.467609587914332, 92.84334754019812, -9.012062549676639, 86.67498555472224, -19.07582215192365, -51.777540985105034, 31.34505888439026, 43.34818154416809, -31.522766579877423, -65.73630786755731, -35.74735249848491, 53.42513351106053, -107.86939575868583, 38.88569541059729, 86.7098046646854, -202.00471474316697, 96.85830104372214, -92.04046036283314, 26.610916246268445, 7.560075372748634, -35.41112461948445, 68.98559291707537, -42.29481618682025, -8.232272812609903, 25.83665579402153, -174.44616982329472, -26.512264818581258, -87.64504468803993, 54.93526565121946, -88.15312565486306, -121.65304878794943, 125.34054351216896, 22.738560892120727, -11.976342743804675, -191.23189182458657, -90.71780288015827, 40.29404015594113, -104.23156886745002, -0.18472478499200623, -51.770195836353196, -39.24035385940125], [-20.885746084651995, -66.9540581946876, 35.424239394727095, -40.41770100198934, -9.294965991538527, 80.81700772170328, 1.4829104208598551, -12.411777563183595, -40.36688628932877, -17.45582987366879, -10.681474571134993, 78.22636388247521, 9.768222465216114, 688.5637144619855, -21.07081702994194, -54.57083654782206, -114.02209049272024, 13.49205344800735, -14.609393210738661, 5.478023385178488, -66.19249357841794, -75.10779070498383, 8.77806249622357, 33.07816371129782, 27.5860522250054, -31.87621905251443, 147.63666118882765, 127.01984956373751, 63.62835146704601, 69.73370607314187, 10.452943294989048, 75.79403295134945, 29.49354719492261, -19.330540821860964, 41.87041548342994, 72.65836547968921, 55.18070779955894, -71.91325375484465, 33.13260229888622, -22.54133298072248, 48.57834138902064, -69.74913560233112, 26.976398802656938, 19.831971810007854, -59.45173026073821, 157.9396877476586, 129.3105365429779, -115.30187583499446, 34.85862503901493, -8.779469114000326, -0.03578643715664703, 113.08573464820182, -24.058332182139686, -53.24757893443874, -41.63854930683664, 37.70241924054594, -98.23706849032722, 64.08149429141179, 2.3204382279869504, -27.860600331131124, 15.684381798143926, -62.95584969450993, -10.116142754765294, 60.799967953778385, -89.2916967976055, 56.545965314035605, -4.564372610100744, -122.0222549737891, -102.25807885538676, 30.437860279943234, -1.5429361479438373, -25.80322664702947, 8.978726582798114, 85.08621464777646, 56.68716899358055, 2.336903293336662, -49.14044515733786, 16.697721673256133, 13.851141974081633, -120.87821113980411, 7.600334193734675, -17.500362715390022, 0.5874567039009524, 33.07929775179099, -91.92646545462176, 4.935915990662981, -107.84839978817205, 9.047321945567361, 38.726389951103506, 99.50903506352566, -69.04302465093133, -135.52883739098905, 23.567464434677433, -7.741935694106026, -52.843920131741655, -3.286046622325216, -47.34942190046987, 157.60183121649828, -2.3551366141459047, 61.41978069313929], [-107.04153643503888, 68.00525961510067, 73.7916123260939, -18.19928409838023, -100.54668238108228, -93.76756049678224, 27.205574121449416, -28.705160265591086, 1.528586213328003, 43.202675023870306, -70.05340540311852, 60.43777579881049, 45.83113558618555, -21.07081702994194, 772.3641031761491, 96.71898242773658, 116.07447869241109, 57.55618372709699, -36.74301897243652, -18.950181987804374, 77.94588932011652, 68.56537253823221, -25.65521710198467, -76.76129460347936, 12.622055391043355, 87.45085814383198, -8.281910717835297, 55.13709720348602, 70.12628842064166, -59.40675004048365, 39.11898011538036, 75.60420676951406, -25.532900590561457, 101.50140350705227, -120.52914980697705, 100.83350678567105, 98.89972044098919, 43.24763467264693, 6.022395238614683, -65.65054323551931, -34.82180274205555, 27.34977588348272, -121.64696916880467, 50.50902079256425, -5.300738666612801, 18.210988612096447, -5.971109654108494, 39.725021416844115, -7.022096191402915, -30.451886263758816, 57.197453292065205, -73.95212725603068, 94.13696454540982, 116.96058820316966, -133.25022769655106, -0.09617595662031023, -76.29967417125474, 25.973239298979873, -112.65476098186616, -12.802842175570813, 8.654457592387471, -35.76745754708307, 74.34509986344762, 98.38440451629396, 53.614011309902416, -98.35972055476559, -57.77634473845873, 18.217735725270384, 4.042578752895911, 67.23575483141528, 103.26672504476105, -60.48072541811477, 83.99527239347428, 31.796987090627486, -67.90842758026633, 18.72707127045879, 74.5435444577993, 9.12585351870922, 121.61619564283414, 126.1650866860531, 52.891124339512366, 11.974684534547263, 17.08648355543666, 19.020390348566693, 9.463065701563417, 52.24034580007357, 155.9778319336022, -19.580344705548573, 50.56887637022736, 35.662990974543696, -137.07007714866484, 48.79635142701545, 10.33725085135585, -98.69388884642204, 58.63793735088954, 106.50967922467163, -90.72765609461433, 55.31983641141028, 57.57136882401624, -116.32909251362841], [136.4974656553278, -57.51321491372855, 27.137290047145264, 17.97570169078378, 206.331445805692, 57.99289557734936, -106.9090459119261, 44.41735481901196, -110.42868887769953, 85.00404557946366, -45.06395318376969, -9.020532865029375, -70.11653057154844, -54.57083654782206, 96.71898242773658, 902.5009802455593, -13.637829279594932, 69.94150700307507, -28.265521067905915, -89.85290629642071, -8.502384033635538, 29.767481529352413, -24.986004255869812, -190.55653305740634, 48.948559404913496, -39.46008572298264, -112.04005773295683, 138.26475544349455, 23.11317194326165, -47.73687931823997, -101.07520215503578, 7.95218550331679, 119.25521029364434, -91.4934897804225, -62.7292851558015, -7.655312879854672, -51.413701374599256, 8.117980370882302, -93.11732801089107, 27.577655389009486, -7.312644138419811, 39.05268221979225, -18.089295512265554, 4.048684996018594, -5.978846087029137, -38.963609071349936, -31.91291335248253, 4.08741627707353, 21.875783531609155, 151.81088831018326, 26.643888783537047, -83.16593838198423, 10.908750278994768, 0.8465802729270103, -245.01854653565368, -102.33365816781965, -35.17787227858284, 11.854115768273337, -113.84970936113999, 30.091670898532737, -64.00531120073278, -13.471421238284591, 26.357075093562756, -90.89812805653077, 65.41202651587075, -16.787444541361797, 51.935143558878465, -70.4460885560251, -129.2090314652871, -37.62364617786505, -59.339974918043865, 55.83187171366986, 4.4988167976263655, 36.520158756059566, 43.13062037728263, -15.599515502298592, -42.202340672165604, 96.3284724482035, 12.321507938622016, -75.83231491152979, 37.33350751067478, -72.32821838659767, 3.6080490501197655, 48.77959954630443, 90.06748149207154, 128.55406583019658, 21.028158034841447, 44.93278898528852, -26.360915170366717, -66.96765587785659, -92.53576298662075, 48.7842146881336, -96.24856232961567, 80.27086170721107, 97.07523978100605, 53.261481862778844, -110.12519360227063, -31.293086749418535, -58.98198325996283, 68.83111622206017], [47.206345969873844, 58.19329886473795, 86.86316224257348, 56.048713144501846, 71.89009290605259, -34.09848574250564, -63.99697837401053, 80.79316596324192, -81.25117908999515, 102.28690736519863, 106.72216690821227, 20.220920287372202, 63.27772219837373, -114.02209049272024, 116.07447869241109, -13.637829279594932, 911.1135907235622, 6.600767978595427, -26.367399381696547, 75.31167766332906, -78.69433776144795, 6.463761142044162, -113.11513763015303, -3.8053584285128257, -148.61207172679389, 34.254199434272294, -17.637397545770085, -51.92232951272569, -52.24117105079142, -82.21957654199609, -61.43614044593759, 34.8806128698059, -106.30567805449715, 23.450247278882124, -23.801516708199074, 93.74023613885451, -102.9643246998867, -35.57195781653386, 24.471882466566758, -43.079790557050494, -0.698823309766824, 138.25173098060674, -146.67477479999698, 96.66814827432879, -147.99767354366807, -6.616932558220749, 9.751659141374471, -26.305327575433964, -107.1544389610213, 100.94934874423966, 81.7236872535944, -33.72361810516366, 25.668894219489186, 9.10776539574332, -30.061749121403107, 68.46825810132086, 16.627756791451354, 20.092150100226913, -90.22549749559019, 7.232707466291404, -28.6961691139115, -13.748318368944096, 5.693311506633387, 99.95741666144947, -39.451767159966835, 8.04267136218857, -32.88864179522346, 123.89731527988722, -125.38771873839158, -74.81945421416512, -48.630830535208176, -35.269380329183576, 131.36176485713477, -149.84822553462377, -81.4319550311765, -73.59542847969422, -9.917418616944632, 70.2783658195107, -24.80207388713513, 63.26254409910438, 13.064795388768875, 217.97992277230927, -17.911486185305893, -30.825652870333347, -11.042979585299491, -51.549680867138115, -147.512960465284, 1.069734447891332, -47.461263096177404, 38.16195490545, -57.6307425061426, -15.366590634563396, -85.45444504285314, -73.9288752302039, 85.92487151129522, 42.32223493411985, 38.552536812664876, 56.570344713433954, -33.13968473799804, -111.99573394650979], [-14.047332890609594, -128.11992937961102, -3.383374628741562, 62.840750764575574, 90.83120253477958, -37.49804965265781, -64.24311700621317, -67.93878217901134, 83.44649428268545, 29.902336544722097, -107.64372220825541, 48.950269721569185, 115.79107458630854, 13.49205344800735, 57.55618372709699, 69.94150700307507, 6.600767978595427, 795.2059382447907, 20.2411771009585, 66.79731818837674, 26.082953459789586, -36.86381377756169, -157.49159544518284, -79.39311123309683, 156.9889722477804, 52.48848018380699, -34.06090056995781, 7.88463002770481, 104.44774151480438, 41.40707067621164, -83.9124308036965, 13.580120744890248, -111.91846713859665, -21.73632915551927, -68.77474730531749, 18.41757110210987, 35.485155984753185, -58.54925303602509, 20.9170531772443, -81.07652719314922, 2.112849330871019, -143.11196938791787, -71.62216496494774, -54.86180366541836, -35.78850645717392, 42.87343728112724, -48.59772504512015, -33.46471136031098, -168.51543218486924, 44.23477383680757, 49.1158428785385, 85.0027316001737, -17.454580498894572, -84.49593685752104, -56.204119706500286, 50.759153392258305, -86.12780130982009, -10.921021899268991, -31.524595826395636, -43.60933574188698, -56.30536647902711, -24.838407618599618, 63.192016510939155, 29.564116239787356, 11.310778234495258, 72.01806621760966, 10.771699479306049, -61.79300464226067, 30.48235950400909, 51.15479683874186, -9.272719119510038, -32.39268356863673, 52.939530151094935, 120.85527107319054, -51.11499538184352, 27.880823671090937, 33.36700920094709, 61.65769717679804, -94.1396980446583, 17.285643385240643, 107.89610275194728, -73.80692871300067, -44.96084880606224, 156.69371993332325, -28.9306752413039, 46.390171794592014, -37.15430207808344, 160.2067719748261, -143.9154527086837, -19.02725550784953, -29.770699041276263, 29.908781786967936, 9.03885794050531, 21.06922278480068, 122.39884416801124, 23.19589788213244, -51.82865364725672, 54.824455950700354, 72.5064592942017, 21.41387670077732], [8.193742335237873, -109.4783760679649, 65.7063402155906, -101.69340595988302, 49.825848326314336, 24.579513195376258, 30.805544154492164, -56.774022064857014, -11.197503236446929, 110.48668057578799, -59.68255965229423, -71.10321791660705, -10.004620153486131, -14.609393210738661, -36.74301897243652, -28.265521067905915, -26.367399381696547, 20.2411771009585, 816.6136010690938, 13.038736428853317, -77.2984530443382, -102.49559021705305, -58.34899737829919, -9.19882908905881, 126.74905191942803, -37.73980383898992, -40.300619745398556, 92.44804708488223, 100.80012419815552, -161.55916921112976, -103.33016001163811, 38.64869955800988, -128.98608836316603, 98.26771416527373, -212.91266241100715, -150.26979118206117, -6.917956827898235, -3.674708628415684, -120.53823443884926, -7.955639754481621, -39.754577328217174, 50.54632442013644, 149.37126067649945, 76.09730352201157, 16.66641742855949, 28.293739877584073, -69.04781797936525, 34.815767544466595, -60.85399513237409, -77.81664483897484, 124.61445612607665, 2.6890475472678057, -17.770715887062014, -118.0053058122642, -96.695137379378, -34.63151000182376, -86.40579253187444, -120.9598195156667, -2.177328610577237, -68.04507548169451, -37.87302765749173, 11.40175865107522, -31.190169624723172, -36.73867662899039, -83.58764766585574, -69.18659745474278, 0.31885899773440207, -56.98497617802699, 91.52371199360114, 95.04792345786625, 3.1180887396840484, 23.83826680572053, 13.35260284999762, -121.08857738679785, 72.77516260663025, -57.029815193639465, 35.11339524248224, -1.1568118991063348, 62.13295922736968, -24.926916580036174, -49.527944873915786, 117.67792567272821, -64.35408154177078, 92.89096739730309, -34.30633252814089, -5.567722677369705, -53.617058702743364, -1.2861179574263353, 8.337121987684485, -122.87236358481076, -36.943626380394086, -91.76061094374376, -31.57281431499706, 98.37957336525064, -128.3798893528241, 9.024532306221827, -55.09084898036473, -26.813415641173037, -18.53762402783816, 191.03450487604903], [-35.58934195124195, -115.3145522589152, -15.621570741257404, 63.15289321282435, 75.16166213713917, -78.27774558627772, 6.256628549811541, 90.48794825755411, -57.61020770338841, 14.05220435272456, -90.76171072434536, -37.65795658995012, 75.96089620222855, 5.478023385178488, -18.950181987804374, -89.85290629642071, 75.31167766332906, 66.79731818837674, 13.038736428853317, 1018.7958322510738, 30.02834730017481, -50.72673500040787, -109.06252266865862, -70.80388273985237, -168.29181250179212, -104.0256588926029, 17.582375939535815, -34.47853945553491, -67.51191077541073, 119.59576396937224, 20.29981341837512, -46.868283910534004, -30.869744622048827, 48.10149988762849, -8.544270267481512, 59.251110058879426, -173.09031634803674, -108.46897835888984, 9.411878541223524, 4.962751097507949, 27.066398031404066, 15.470240666491113, 104.58946099497939, 86.70356460140839, 30.551656581408906, 103.40033192540818, -66.2943264888712, 68.68388105844404, -68.70868892609019, 75.26881310980471, -83.90396157298717, -61.35463844220244, -91.61520598597916, -19.06872209770331, 48.68170083120556, 15.24094445818346, -144.0312523984879, 104.35749559136795, 16.57276823282315, 91.09544504632318, -0.6599431517385216, 47.65723742606921, -22.93959584405808, 13.85576507422038, -33.961843900920385, -119.59920357650873, -48.88090655916394, -19.25308698426529, 24.920560246575594, -34.819780349339084, 71.5851148206024, -91.83283996432873, -16.6477015217594, -182.92060699763547, -15.741250222335761, -7.623672742589492, 55.87638118001555, 6.143656824522811, 53.773576845234274, -58.74951923593233, 162.17521411495906, -25.42278518430427, 97.59748111328577, 19.706428633679604, -91.5919767603073, 33.1875640686946, 94.73051216010728, -69.63149410303998, 12.846309584107699, -36.64532732981505, -75.65892395401194, -17.304265216122463, -119.01292409470081, 33.772243929750886, 15.934464263753384, 97.1481688072048, -4.562387162943241, -91.94719404829462, -104.45312724836502, 95.13460890062473], [-65.4658724581411, -2.8180310095906145, -24.969691873073295, -9.2482795440557, 150.9709611861592, 12.973285421773335, -9.707294800735271, -123.86676719691955, 95.17016712992145, -101.8383064744432, -86.519772456