{"N": 100, "M": 6, "A": [[[891.1408463425106, -8.228063937198073, 70.60100930684844, -46.80365098980414, -14.56467137662762, 19.51100730740637, -12.945925777096871, -86.00898537099907, 15.537577993594299, 71.46833075225577, -85.80852971440909, 31.300702625889024, 130.3421050851676, 112.78859847557354, -84.55721817742894, -13.490679793998689, 1.6398628334152072, 65.10579444923283, -44.13325450065929, 19.107452121256312, 118.98326368510841, -133.57583455502902, -28.333587514913013, -52.90306632988039, -98.99396881479531, 14.315313654286783, 53.21432887459114, -117.38372086614604, -73.43109582080136, 3.790651586084877, -45.1903768449311, 16.737489595198234, 59.48397059089798, -5.302175899536033, -37.05508694519363, -145.34876612694302, -87.79615668798306, 79.27760010531915, -84.67137412975569, -65.62766923995106, -12.150043801827934, -97.58334875016517, 19.221654740608713, -44.038525899618826, 55.36730184922478, 19.65150659625214, -32.09349211076041, 50.79489680696775, 21.766345349909365, -71.01059450825292, -78.24586001594051, -132.4021900873463, 15.286782959299208, -29.416859738887453, 42.913724612412636, -43.7945840179002, 1.8792287595374426, 40.604217764321476, 100.88722850936712, -96.92585734673858, -114.5508701599734, 12.332622414546307, 56.73089252841697, 14.00832419213863, 11.873270194647441, 98.59511720573136, -42.24788358095385, -39.577839854039055, -42.78574304203259, -21.635359346565313, -22.235982962354182, 58.46732532076686, 27.71904676045018, -117.01587415483482, 150.67512535046774, -7.16362903342176, -17.41107747396569, -32.81545193277449, 25.09969202749911, 20.19968123954766, 71.80428162784831, -111.49580392410486, -14.345001787721426, 34.42595848264478, 76.83459350902982, -50.28673005513794, 81.31737563811072, 69.59240595840129, 135.89892052629216, -86.82398339219046, -10.261190933343517, -109.69279508616752, -8.850891695993317, -11.82989784082435, 121.41080183301669, 59.54035262945582, -56.90870900916154, -175.97431048270394, 102.31373212145178, -27.38159938529013], [-8.228063937198073, 776.0092853968441, -79.97430891116126, -94.11185813422698, -6.734809021412206, -5.9630997173179425, 127.88290841135482, 98.54841660660342, 138.34582583721053, 28.988915201719742, 73.91303727588149, -87.23075438578182, 15.520861738122363, 96.36106242282345, -179.77184432033815, 151.60434684595862, 7.543355921058461, 7.885297589007152, -68.6421374956875, -43.87309191407671, -60.58897703246578, -32.32174160750932, -33.79657009508398, 5.299734604469915, 6.212068432171147, 67.28552462257068, -31.034480015650082, 65.22809842734094, 98.79246903420044, 25.48026198691018, -32.71321091085402, 30.420100004388843, -33.14645142364232, 5.244170269928908, -45.172326179999075, -38.66122864604898, 0.4170596418966687, 54.26557197327774, 45.47174623889813, 79.82331902724256, -4.712390129108375, 6.0600869215779705, 52.40581616943252, 54.05051027478629, 31.898441267553046, -38.62588662030541, 2.0264610423421674, -61.676520147741385, -30.55890911760259, -94.80510534783522, 25.890042481969413, -64.73632542993163, -126.29754619122178, 114.42820969501979, 2.7346802461455537, -50.44583534886434, 123.97196378135796, -138.9061293030035, 33.95623815136303, 12.823460298129763, 68.32578397343245, -74.93887072031714, -142.15251250661763, -87.5018171764959, 12.023722352289079, 126.33322350325227, 84.9624278157727, -99.35467606803648, 5.982823715391894, -16.42355070890604, -66.22053473065482, -27.765051428343547, 27.266550869286064, -51.8922639631477, -14.796278419999267, 57.90943287639902, 30.09127071679641, -37.71630102725275, 24.979203405806004, 35.70859727604288, -42.15089623181211, -29.72830725993895, 117.97040436811506, -40.099861252634845, 21.264733962326165, 106.86304722586398, -6.30858699349228, 97.0252633151912, -43.99051687272768, -136.18401066150378, 12.858227634046214, 80.4467562401858, -46.61717558595609, -110.58881037884744, 122.49637447631697, -43.445207570129355, 36.06094121623984, -8.740805955307636, 45.93533610528996, -43.32888852177787], [70.60100930684844, -79.97430891116126, 803.1936661832276, -66.58402708385859, -47.89474921769199, -5.352516689344321, 12.163479122461954, 55.82673862500213, 44.131087659512716, 35.76030873389711, -86.4352426061368, 94.20961308427968, 71.47678147084947, -23.51261344528752, 38.14817883405656, 14.505184454349434, -60.98336786857385, 25.66372481395411, -44.88578012183734, 56.087979903832675, -24.46657649288364, 27.121959432804204, 14.053219619802125, -75.25146684718962, 23.47963013820829, -27.45341183803461, 47.312227591508446, -33.14348768890902, 0.9790891515616481, 45.13514734332816, 148.52148416570046, 17.03548507976444, 12.067319103225781, -8.203476099814834, -54.84542394023918, 119.92699402779827, -16.55622943604228, -88.53013209945573, 61.04890984785472, -8.584605762673084, -87.57694994811379, 107.52801701273705, 45.925687379300435, -103.75275106122535, -89.36981826720542, 20.666909702597884, 45.7859210830181, 0.12224014233544746, -11.011379386536325, -64.1331002213549, 63.74856629986684, 82.01364683492505, -1.0098468325851957, 90.6875835583741, -9.57536987762414, -78.32581915101888, -54.59737130085551, 105.97548777033681, -56.13295241144281, 7.875312647479091, -111.16577601097455, -60.81121484847123, 176.11185886324412, 35.4435265230743, -25.54887159948148, 31.64255300571084, 126.32605069238734, 30.15992328872517, -0.09020112970872415, 48.81656115089206, -61.215531005899784, 35.023533127721926, 54.44691440042183, 73.12507244979767, 54.81519210284141, -85.97918217494268, 132.32371237538538, 39.53982049594987, -67.4533551076385, 75.88325259780508, 188.66328059188447, 48.07973864694699, -53.74823382666359, 112.84332790684707, 92.25039315901077, 31.886890135787905, 50.17790374337041, -126.8163531895785, 158.09268301220612, 43.46153451733672, 27.870590536900078, -37.630255006817364, 80.26801547980845, -21.918416031807137, -44.49870344864166, 72.0751191974899, 5.555369879378064, 42.2211454124367, 76.11380212221658, 61.08922357131805], [-46.80365098980414, -94.11185813422698, -66.58402708385859, 810.4310474148883, 28.342507860275642, 93.89612568488741, 165.9215236000914, 14.187009238345127, -26.171385255517567, -76.85743783940651, 90.16307495952952, -44.705088956253455, 8.019838156675238, -49.46682003915969, -94.44965568834068, 65.5996017071186, 163.74655840122733, -37.40083871297039, 51.985105535932426, -1.6258567338157266, -60.92870699238884, 60.936066961239824, 43.7112236617516, 6.928698937327668, 72.02932572345111, -50.16852140415135, -13.270506636781258, -44.60697397963964, 0.2584913507745535, -24.41047746669622, 33.32123556593334, -122.25143077723786, -26.269680632086793, 21.30729049898444, 61.613424424291914, -60.883974322682896, -92.82829853645184, -21.731292243649513, -46.49729518582303, 45.857561204509665, -28.2658828126061, -28.4697108968792, -28.316610680194533, -56.952107873889716, -37.89161640569009, -82.75375775596532, -98.46062230653477, -132.31643309747253, 46.296590648217375, 15.660179344095788, -34.918738107417965, 90.32561922486565, 130.92256199983535, -102.30895669345824, 82.48543764484458, 9.252107162181792, -37.64605418171735, -104.39507760560087, -40.3899997740979, -71.13607497028663, -33.75124494975987, 5.761307571209885, 84.12772747598858, 227.85886306447952, 3.0994181355029666, -8.287261079729785, 79.72478068474337, 37.301793088174676, 123.091572563093, -157.35667303511465, -45.23830879000323, -76.2771363258111, -19.430183919432636, 57.69569380721695, 43.97370638904242, -43.29592468419694, -3.1895105895810985, -140.7896794472042, -259.4778134677001, -89.72177171014314, 113.5202462139514, 20.154961983924558, 94.69903786015739, 76.75890748214248, -100.16443974744368, -40.43988379585276, 45.184749354665044, 23.404144367727113, 58.59354555169819, 53.001238172984976, -9.56137161648655, 29.095993982642657, -51.566229267805056, 21.091275450987602, -70.21202323671359, -24.595682705189983, 75.07964302364145, -18.758516558048537, -41.95851381083178, -22.72885689248542], [-14.56467137662762, -6.734809021412206, -47.89474921769199, 28.342507860275642, 802.8184004880114, -207.40989024690472, 86.57155710458491, -37.11201340618557, -38.66452355047851, -43.46586613705412, -101.00141650923136, 56.97035024881272, 78.63947419218941, -106.31381138771894, 42.75934151858776, 109.89698555741272, -10.708230691808314, 41.08212783363281, -90.98234926975285, 52.543518418692365, -35.640885420164494, -13.086977025078994, -39.25203211534198, -68.83778686689111, -74.05570561066797, 7.797001546252317, 32.341017856216894, -75.1932836318385, 14.837099880311014, -13.372923508775278, -10.93049861336886, -28.07271127053278, -9.843420012592219, -12.709195033892552, -22.64685192805795, 106.85601184352657, 60.01706154421456, -0.8340865123589012, 45.82630676324403, 23.80782035543344, 78.77594045346015, 3.2506292585847305, 2.4749778525822044, 57.82435561686323, 0.533496517543994, 59.414853076388965, -4.540607603152731, 37.00623894079825, -79.57721381762805, 21.75542014317545, 48.57584456406308, -8.275945218497407, 27.940832708529822, -91.02458513010589, -18.332477611124176, 15.889908589430027, -98.50252369844416, 17.09661413904282, -40.617805618587646, -4.742941380664871, -56.11392427666921, -55.57513918964101, 42.36362187242341, -53.39105020636885, 11.856876444735384, -72.69585381716765, 9.593498656810533, 20.013950277902957, -35.864427713540465, -46.89159414065381, 76.2414796976137, -101.87969158404618, 9.806357105653207, 32.468785931470386, 99.95163294042207, -1.0645155912676965, -9.34036737822556, 38.39020325331394, -17.78645649336341, 75.9576835775557, -58.0463974924048, 56.6402068470267, -1.8701121572890358, -49.74199522933834, -54.0741562306605, -49.785581306872366, -71.12817242294767, 135.39031541431928, -25.55618659907568, 100.38341806410996, -1.6860738010698788, -75.73523188989638, 18.130599938016864, 79.14312908442054, -36.81787806482834, 72.05624622466483, -144.2599809925805, -73.78048088215635, 11.665816927347747, 204.08294670517483], [19.51100730740637, -5.9630997173179425, -5.352516689344321, 93.89612568488741, -207.40989024690472, 911.9066298824926, -72.88000336502313, 59.87384967500347, 27.26459490764281, 155.75701886478126, 47.476501449674274, -105.77040650061433, 28.91297366392018, -36.89254903390995, -112.50745530809729, 15.795679122080752, 124.99759420267301, 92.7642111897481, -87.22135239591212, 87.33808080013696, 42.91524716030598, 29.530028834154184, 40.00389820733863, 69.45444358087103, -77.93664175210029, -195.7948259967463, -141.74958732075643, -17.47962271845425, 62.97610037556561, 3.837376098174442, -91.3842123672651, -61.328056107541265, -131.04990126195892, 71.29319781049095, -37.60408771375115, -20.563966222718513, -66.44790793010912, -33.30080136908327, -132.853927737307, 73.72291461841161, -4.495394886445377, -7.3086973015021535, -62.64239875212758, 65.66869465063475, 8.74504286992693, 42.01835560698966, -127.10570524539227, 22.980266441368155, 29.67345734735579, -87.45709202380388, 24.56701349780916, -4.352931103645273, -61.73521963593361, -104.36724466198336, -24.12445890071487, 60.96204521381836, -46.636407320707846, -121.75470351715671, -61.299084027332405, -35.01611738208245, 74.62361535373059, -106.66999743483359, 55.63017406012672, -36.36877670274973, 30.21013695097044, -27.94820683063127, 24.79369631698079, 199.99387156403995, 77.23321245649296, -42.62019479309074, -171.08587134589263, 2.7706589159747415, -2.825620503470362, 134.62774124886658, -74.63445859642, -91.58329848669823, -159.60221680517694, -90.02700383189666, 110.85166059067929, -133.21746325066184, -137.85133128466052, 31.067344087320357, -1.437678463264037, 11.544125319976596, 78.50493303217593, 0.05536528471103882, 58.99492461876636, 31.906651274374738, -76.74392463449685, 19.973640984028453, -34.83813992746909, -12.444753021709754, 38.58949181332367, -81.50018736943606, -77.09811120095682, -80.61689543537572, -57.318980297145174, 60.29784236238902, 112.81093968640727, -75.93297037727417], [-12.945925777096871, 127.88290841135482, 12.163479122461954, 165.9215236000914, 86.57155710458491, -72.88000336502313, 811.7483791428867, 110.3542677371259, 26.675595364703643, -34.39073485772033, 13.108828054262304, -0.35800578217458845, 21.592777559575094, 34.68509046879485, 65.13994032317365, -21.469043595592055, -62.48101588697417, -135.50814347378466, 171.4150764029711, 118.34395098791848, -22.68060155692505, -22.21946905087329, -32.19543706350584, -43.06912368029717, 58.06456366375256, 35.15315654653484, -78.53257994454559, 41.35098272806736, -10.35815232240557, 36.43250235526486, -33.82135368352446, -92.20589100294039, 57.7117355638545, 51.81441166699609, -20.87135793666151, 91.98397579873928, 8.265143125345675, -86.5502621436087, 10.743799922893576, 102.79559381488504, 114.12662719459213, -67.19335901125598, -26.309368027943894, 125.02077885683389, -65.02402769200211, 16.89576732919206, -7.840319383612757, -35.12786889600581, 37.36874142250443, 48.267911136114634, -41.37403170289087, -83.66710653417306, -57.35054513427483, -75.94277699604783, 21.556786402719993, -43.793404918930726, -55.732944045394554, -78.9927412621668, -101.0552383367392, 68.24819951593074, 65.53985207670789, -8.162390038450202, -80.52191204229959, 54.02489854865558, -15.935341191281038, -35.89488661774567, 13.926549313608731, -17.548692241151315, -110.77190222759494, 0.5072208227452644, -120.69171285397488, -10.835382315863383, 5.344769907640359, -59.402376230276815, 14.856464869847809, -21.283629187389366, 4.405923667828002, 15.022951821980463, -118.06046055275517, -28.42919929627463, 11.001940005272969, 12.21084435963205, 93.25696152602241, 86.14843563398948, -68.69531924695305, 76.30598519660926, 49.19562203312134, -10.755686074179897, -23.46149678403948, -8.541263524904249, 15.895155848053404, 16.000140850782174, 88.81494383721986, 16.91056370609845, -14.407398611861884, -78.1947266804854, -17.763056342902086, -35.124583280224385, 19.796058536789822, -87.37085802587177], [-86.00898537099907, 98.54841660660342, 55.82673862500213, 14.187009238345127, -37.11201340618557, 59.87384967500347, 110.3542677371259, 849.0371869434484, -30.25785670384328, 109.65862792579618, 116.45280801807569, -168.08574535065497, -61.199673961492046, -41.759629189303446, 108.1391134692141, 45.19138520727036, 52.365136630876854, 66.11685095910897, 67.12039740025592, -26.12293224745491, 97.69724492806755, 12.30606548780714, 25.451215900929405, 29.65204223969795, 74.22761827975862, 75.1252866162691, 20.975131894235453, -55.01016963474341, 11.944232720767538, 9.08688096458153, 25.167112493120307, -41.8772542255681, -62.60571767558057, 21.020306288181917, 69.63713352796093, -50.69739818017693, 51.00136821830522, -46.74826077457878, -47.18814194424504, 11.092253523308322, 12.956430789903264, -63.63006295368151, -4.236750852355425, -11.694088814349307, -9.597450751007026, 72.75316928012624, 10.208726511140501, -9.831551158655659, -1.1652697365798261, 18.175894717351568, 95.12869093408251, -19.541095228491535, -43.61043363346539, 9.728883415585564, 36.50330937739862, 9.431032403861199, 69.62575866821552, -26.214468080152106, 22.939642147574684, 10.815018067377952, 35.284039970433874, 55.360457456057595, -105.07304261774743, -120.00987675839276, 26.876126946434997, 18.37042591746089, 88.69905542257801, 1.9311933289022976, -50.94435346344894, 110.76722223720974, -27.564221546320756, -7.107112652873842, 194.20297254686224, 78.05696014579392, -2.5881358353169635, 74.90876924532968, -89.8097216215853, 94.38760675327117, 114.6613203031339, -40.51137953663251, -20.05501636306384, -140.1976519994667, -6.082874077884697, -20.019319613702272, 45.85123341646209, 108.60945831620236, -91.26035172900608, 47.82334210474612, 48.73041131019542, 57.75436333680044, -10.224531449495974, 16.957732366138423, -103.49191545428171, -24.193834296187408, -20.85704593872948, -51.58468707064509, -5.628403456664614, -66.65138672685153, 24.956438056063288, 19.183254413176304], [15.537577993594299, 138.34582583721053, 44.131087659512716, -26.171385255517567, -38.66452355047851, 27.26459490764281, 26.675595364703643, -30.25785670384328, 846.2584917182364, -23.28290441151631, -30.26238609900517, -15.34806802791916, 83.06111489892986, -13.68379048479762, -116.637630855925, -45.19704301342967, 117.68972391339891, -37.479019068424776, -64.9139381807851, 26.424239997705154, -67.53561006913051, 72.69543162310389, 99.26077098843936, 7.5415189468082175, -58.19016577245267, 49.36424751948666, -69.46157321485065, -41.95279241807973, 92.97685154669176, 42.58198219234376, 111.4840515022141, 13.58832837858589, -20.23367319322401, 13.379600902258566, 56.83259918020608, 87.43923537828333, 14.190373494560578, 59.735835353786875, 17.01138000911831, 167.2807229629452, 172.47242406856637, 31.16412530523063, -0.43370963906584814, -85.5857093222732, 117.321428006175, -25.660306249975925, 13.69947530879988, 24.367420406764936, -114.52128459961534, -32.913570611343715, 27.73742356201539, 124.68483214910214, 29.188012750270772, 17.948357320976722, 182.18945757620708, 94.86494111593468, -114.21164360860867, 72.7574709680988, 0.8617304865972742, -90.25552566632388, -33.34265061905236, 66.77297218372541, 191.03610799692, -27.507327419294036, 6.538768776851038, 135.03956699439277, -56.35737139191545, -3.374146606099312, -50.16619076987239, 44.0090883514171, 37.573910031287525, 1.7062155810302504, 36.34483526980029, -8.662067590145899, -128.9392289460824, 15.498043755068403, -16.526758303541946, -28.56423662446104, -24.33123629605013, -21.354221700486782, -16.805174465760818, 56.376655188663044, 8.003965971787874, 101.39214256189159, 130.40015527978716, 7.490259378950491, -75.62212996354539, -18.247670604376687, -7.618279276552181, 1.8007112148394464, 6.955515535402182, 8.441633421677466, 84.08377730812973, -68.13008758236563, -29.425085485575426, 64.04047420137175, 59.093068829369955, -11.061926040272542, -27.81931960611574, -120.70742342385458], [71.46833075225577, 28.988915201719742, 35.76030873389711, -76.85743783940651, -43.46586613705412, 155.75701886478126, -34.39073485772033, 109.65862792579618, -23.28290441151631, 928.6725950914189, 28.768188398872436, -93.55355567029054, -109.33213377660343, -41.93509081378016, -83.11555381764015, 81.4091287308867, 63.83350995707487, 94.671382353938, -63.5033456906209, -86.05645088154903, 81.44917674015223, -130.6230330575499, 89.89229366172391, 79.00653368062086, -24.14665356247528, 10.406493554348325, -113.94784436794077, -162.78067085899275, 82.76463781551833, -107.90790873024997, 48.16973254340772, 125.50226517105561, -29.851556716899648, -8.406278846802932, -27.659161379138805, 67.55441153068394, -17.193275818159737, 25.90480293250514, -62.98508946051247, -55.33097074002422, -56.765280096425954, 173.61147315319752, -61.977301979177874, -49.03129371755293, -24.64513288663474, 69.16707523967332, 20.30542274256973, 14.592083837039024, 123.84674375883517, 48.45242537408577, -42.26194968292615, -25.209718128895567, -8.735434088635794, 67.4128638039178, -12.215134445682063, 25.599443884714017, 35.2294810189527, -30.27038469751622, -114.56228539771428, -20.582179069563693, -55.99711076289498, 62.25001280116227, -42.12916838101288, 82.3881294797583, 43.734893749325565, -7.676119234497987, 32.303982000255886, 64.33890779045734, -38.89380003421289, 96.59921107325005, -104.08616216909967, 33.71444842542418, 66.24009902392429, 106.08487702677942, -62.91456888326044, 30.4357375567896, -1.6718934302003443, 121.0315426527875, -111.14378738774842, 145.231328276557, -55.24279409632795, -113.78640957719153, 15.745051559632646, -41.29369082636936, 55.53445996045369, 9.004830246364605, 5.595841697180931, -35.053336581848136, 68.48757747916916, -51.31949893919522, 71.48438302535831, 56.910317464017304, -47.14722158665334, -69.16538405902476, -63.23774468169386, 16.851869287213667, -18.923667560962837, 48.642897661841246, 16.865531379901025, 20.593841371283542], [-85.80852971440909, 73.91303727588149, -86.4352426061368, 90.16307495952952, -101.00141650923136, 47.476501449674274, 13.108828054262304, 116.45280801807569, -30.26238609900517, 28.768188398872436, 762.020703371819, -239.69428858944897, 90.8417176893605, 31.710325679424926, -140.63204921098887, -5.349166997042627, -34.294193684145085, -36.03763595127805, 126.82052113267528, 96.87532006311498, -75.70228661552495, -7.130137303683969, 179.9845231935383, 81.19024333904, 147.14518668628224, -139.48875766808257, -120.7906213223767, 77.20497773830618, -22.5857555870884, -29.257991556173486, -72.23782578540974, -37.43169525180827, 81.48464066261374, -3.5924117981854526, 30.06678129908125, -85.50178868242149, 21.32827259207841, -43.189689057384946, -36.65643920821187, 15.257553673934664, -33.096706710433395, -85.60691376421832, 48.902316634574106, -67.77342093453, -36.17356961794379, 16.83118596393141, -2.6286898229695446, -124.96199467372433, -49.16548547937643, 16.463827907425024, 25.822474083929226, -9.909518673969611, -20.867693100192653, 36.751986599818444, -45.89668050130485, 6.157730997872828, 59.86667056766395, 52.8559897480343, 102.54598925347588, -105.90974417499703, -76.22982852456823, 135.0478542347924, -1.4789966260749616, -18.16461422991413, -114.19913425597996, 75.38512722007088, -6.58709321143031, -37.24393147465976, -82.54423483429373, -33.60474332999628, 35.13306455897523, -79.50365600156907, 84.50255864854469, 51.67219496986397, -59.441579082080466, 62.32982866533345, 4.187178467647345, 41.88775513186167, -5.5321486099079165, -3.7481768360492733, -67.3696622622919, -141.2563126197707, 85.3425387026953, -21.769980713026087, -6.710973315082059, -2.4599811264962015, -1.3090445891549012, -44.25552260594338, 39.331154590451554, 63.104992481616705, -16.554268287772064, -88.02644629862358, 79.21417689713788, -88.22663586345713, -41.38886316601269, -5.884827165036236, -32.72607260218236, 84.82191253229028, -59.6414217408161, -2.6560296552072855], [31.300702625889024, -87.23075438578182, 94.20961308427968, -44.705088956253455, 56.97035024881272, -105.77040650061433, -0.35800578217458845, -168.08574535065497, -15.34806802791916, -93.55355567029054, -239.69428858944897, 814.3828771607667, 73.2202935285051, -132.83285506285952, -23.94563212005144, -26.606131445139376, -68.48476808460399, -120.45107978696804, -83.5847220347197, -60.4797129643223, 106.48962857604963, -38.372501624730695, -32.036295643688874, -42.42003709694039, 40.650170792221395, -58.360717666026304, 4.953501206337492, 43.04082132246359, -39.4342174444469, 29.682975643595615, -81.08702464404456, -28.8699443852825, 28.0845363842693, -41.73701871058698, -37.49301293310063, -32.871427577198105, -27.710497916952225, -6.839837618498081, 64.80120924669973, -21.4610904319122, 10.313564661537487, 21.897948203427635, -13.373840709839646, 7.417828286836674, 11.480590883191828, 57.37302664250805, -31.467376811463293, 98.47871151847569, -94.84506167920297, 83.50625029724529, -73.31163971575842, 30.635661512682198, 15.3359151497555, -2.490275833421121, -52.93091868002836, 34.805996443748676, -20.907986216334248, -94.75318589321289, -51.97770834507651, 93.54779209297644, -22.377398272009422, 14.064375845597645, 41.604975483939874, 8.408833932266264, -71.44453922627177, -97.63628965867125, 66.03199257207241, 119.97794952172141, 120.22735323132927, 28.316764891277387, 13.639573409137391, 24.74389094643693, 10.333550597102844, -85.76858049050374, 50.07931047779328, 32.05931945935307, -7.934809537857952, -10.619174103581935, 7.402203997142283, -42.90007295306893, 4.296711402303211, -18.48404233219969, 57.54220181377743, 33.35650719825283, 64.49217621829136, -49.38817273854892, -63.21402584494186, -111.17826755649689, 63.74179562828589, 4.259563316807467, -51.970483617039996, 65.87286746798678, -112.5705119748099, 131.16433560304927, -10.179119177575782, 25.007992209998253, 5.776219270017069, 59.24645026084406, 28.60548155019478, -12.511664289538592], [130.3421050851676, 15.520861738122363, 71.47678147084947, 8.019838156675238, 78.63947419218941, 28.91297366392018, 21.592777559575094, -61.199673961492046, 83.06111489892986, -109.33213377660343, 90.8417176893605, 73.2202935285051, 758.1812725775858, 43.68790548173295, -64.07876220104723, -59.61771482931252, 69.85195018945416, 60.96681234489019, 50.79543760711518, -2.5074505581471835, -12.521030788345191, -30.665839678027897, -122.75529229634121, -52.95879021935092, 80.53043975994728, -39.504015231485006, -48.4889030123874, 11.68377433797513, -4.783603768444858, -37.245793166014586, 82.5066632413852, -131.25607822471594, -40.258938975645556, 36.81497366213427, -71.83400984737605, -0.34744428745847344, -16.22986619586269, -4.861211970047426, 6.047927307405147, 71.71491976582584, -24.060065571524763, 17.074941901441008, 90.60005058870247, 23.01924293007802, -63.69440778320053, -95.6935917267914, 33.95150654852194, -53.63641561678848, -46.36124321989285, 109.1061145158778, -157.9874316043973, 37.16142629713125, 17.956091508437815, 70.88921515242357, 0.9190952590117595, 29.069280310509615, 64.37344896066726, 66.27717112287593, -21.971214207113764, 35.106104146599165, -131.5049388259277, -21.43601662030619, 33.552754924140636, -77.21463124337068, -57.83189125781078, 84.26610497536944, 48.887244652391686, 99.31621336800647, 59.64613817466541, -114.00599425813265, 15.822785395290381, -3.1267492647993613, -2.513142680968791, 6.096768107600645, 15.557990815765056, -62.15896222767704, 90.30455783349649, 27.542561799119703, 0.9910560967425902, -41.33341618603961, 7.445292448842486, 94.53721579963013, -11.644638855526031, -108.97730492390227, 34.24825126647052, -38.64168053135244, 79.13376994616257, -33.538100096792476, 85.80640446511117, -137.76411323760445, 2.955056204952426, -1.4893739807819355, 105.46867750884108, -2.7664927727866417, 89.21982447814318, 23.594346023356376, 36.88193333358829, -43.282135231096795, 111.47241329820788, -10.69212265981123], [112.78859847557354, 96.36106242282345, -23.51261344528752, -49.46682003915969, -106.31381138771894, -36.89254903390995, 34.68509046879485, -41.759629189303446, -13.68379048479762, -41.93509081378016, 31.710325679424926, -132.83285506285952, 43.68790548173295, 1115.2964895784924, -49.91346087530448, 158.9259990019077, 75.79981429179013, 79.9250620180519, -40.17015675280825, -87.58106672699122, 76.66050469672129, 6.002291883646832, -13.587604457534042, 169.77954089649737, 34.30341132339636, 14.072136538413565, 28.21261237575754, -18.993174466420008, 25.946079817726208, 16.03319487423521, -16.361038346718214, -64.21467376780713, 125.1906728247874, 20.379542876576966, 132.6260750215729, -51.8530656396213, 72.82387209020233, 26.16323187897339, 132.65435726941533, -153.81380131010843, 52.32488545043273, -52.99934979493309, 145.58992220175134, -48.859968428081004, -108.67968224529486, 102.89905012792067, -22.437165208572097, -0.11824284890113543, 41.45341078184934, -13.37127879654122, -155.48168001441573, 0.6438140817629386, -139.22463880720616, 69.39446412027893, -5.480776871209387, 110.4387305562212, 95.01199394992479, 103.49284145280478, 132.17018632235033, 119.64937523601591, -26.35584839466736, -13.007084101581077, -49.504728911507506, 86.37177701301347, 41.108590231167945, 62.350846985917485, -27.121917827059697, -82.14385850129192, 76.60738730656702, 44.416662705629435, -47.154582239734864, -1.5785713209169852, -100.35198757276076, -27.893627145970108, -51.55082281107566, 95.70845229244236, 176.34519347564446, -50.694266624190526, 79.3463253200538, 35.06734811162357, 3.3138663083356357, 84.37818663657094, -54.108473016942554, 7.505333274626643, -94.27236476500194, 144.97550491161456, 98.83676951764916, 107.6969511015919, 15.516846880114947, -108.95664472948603, 44.1311001156359, -107.48149158412294, 39.25215486694767, -3.7558790045294352, -60.79391748487269, -81.96512545648581, -96.90657962292231, 15.971998105968924, 48.451016962039986, 0.3980387340807706], [-84.55721817742894, -179.77184432033815, 38.14817883405656, -94.44965568834068, 42.75934151858776, -112.50745530809729, 65.13994032317365, 108.1391134692141, -116.637630855925, -83.11555381764015, -140.63204921098887, -23.94563212005144, -64.07876220104723, -49.91346087530448, 1009.1074922717803, -40.546407561421844, 22.936748472959227, 93.53601424536258, 47.30482802585735, 145.58893310714544, 33.519559511224294, 80.9778815077513, -120.94008484022841, -242.52123897367636, 29.840963268804582, 99.45968329723915, 71.96860361502566, -18.999854150391197, -85.3031184757964, -129.57984110028895, -75.21279069292194, 1.5009207985360458, 107.96402045089098, -138.0646894859722, 70.88984177734751, 10.707482314625707, 42.43475664437583, 49.705401650438255, 5.786857084527402, -12.709174417168736, 4.340554357557583, -9.767412502714599, -31.983064188567557, 60.87017752721175, 120.3237472800341, -75.21753817621693, -51.7342574338464, -59.113871010279865, 17.841092759664207, -28.424527518086844, -14.459618353255355, 91.52593319259597, 36.118955517402384, 36.5284100727759, 21.06227347207763, -22.39496881527985, -53.31433306622013, 37.969571185902566, -12.762326979831593, 89.85764566004278, 100.02467647290355, 2.748327890178409, -31.397743743544826, -49.92102497247123, -6.8724205669300105, -175.2010769799409, 67.06768248506756, -30.50337048773901, -10.586860063124279, 29.923860790488714, 86.99761426536904, 40.00351721628745, -51.394432366599005, -59.44479418747951, 66.20895943560166, -16.81971394548258, 7.485024664441682, 21.27562536857345, 61.20688798397675, 46.87423600350933, 112.74687236806886, 61.02741543898408, -19.86644807111706, -39.14064446061803, -167.70816493083183, -12.39128546707063, -23.574822413545796, -28.475912678679943, 78.16969427261938, 9.395505165369674, -51.84550032450643, -195.6840032119303, 4.605792687244055, 14.0491494277271, 53.772808966575795, 19.182260167919193, 66.01667581378815, 9.336724899834248, 49.89178086755636, -57.65669361901641], [-13.490679793998689, 151.60434684595862, 14.505184454349434, 65.5996017071186, 109.89698555741272, 15.795679122080752, -21.469043595592055, 45.19138520727036, -45.19704301342967, 81.4091287308867, -5.349166997042627, -26.606131445139376, -59.61771482931252, 158.9259990019077, -40.546407561421844, 883.0745623143273, 65.50282688277474, -99.93672087697085, -33.36768914481382, -33.70294275648572, 31.83295573806558, -124.12846192918, -30.80233290186911, 25.167589535252073, -78.62868871599724, 16.078602003255675, 91.12973750850955, -155.10800165418286, -38.47313955214819, -12.547248922209038, -35.58396830572605, -62.78692811946017, 37.86418838363165, 21.60129467184534, 21.111705397211203, -42.324204197251454, 13.78917727055742, -73.63885333656604, 23.684392142640586, -33.5628392269928, -57.711764641183336, -26.802459060410065, -58.128137223864755, -7.351636649659103, 9.400588805887073, 48.62937830646489, 24.563387136614168, 51.35100867940975, -4.218771222434561, -19.7556804275621, 6.574530608865342, 24.977430769370194, -59.321702864494945, 77.24973652765782, -23.887570062334465, 62.342984997999714, 9.31504420211014, -37.514315226874125, -60.3577049825881, -26.16643693417357, 89.20406743280282, 149.60637530009106, 9.705074178502077, 1.115356810820391, -5.711829842472778, -83.99869413218867, -29.93694194507913, 32.731434224053245, 27.772890779353705, 79.64814722676667, 75.65121890198073, -101.04517657509156, 66.35357649611797, 12.284919579197426, 29.841949316206797, 122.54732937372437, -161.25831255063218, 150.1962122279214, 156.82143786351656, 49.42086315929913, -97.11850736663159, -27.405846269219182, 83.94021010096213, -35.02530179478975, -56.249968684068605, 109.476067786914, 10.826165918970624, 21.681351594824317, -22.99680705478976, -28.21374083752006, -106.13056720080236, -99.32403025989555, 78.36685435458868, 45.94341308967538, 27.884722155562585, 87.73983516744329, -19.46868133830181, -40.03139373307007, 22.587962839862605, 93.71379426735352], [1.6398628334152072, 7.543355921058461, -60.98336786857385, 163.74655840122733, -10.708230691808314, 124.99759420267301, -62.48101588697417, 52.365136630876854, 117.68972391339891, 63.83350995707487, -34.294193684145085, -68.48476808460399, 69.85195018945416, 75.79981429179013, 22.936748472959227, 65.50282688277474, 872.8471477797411, -3.8819534686962145, 139.79506421126, -50.29927765450283, 140.97246697409471, 118.82075582973214, -20.567270741054866, 50.64205897096411, 38.827511418665196, -143.93848147965596, -65.29861849097392, -88.01350336205442, 27.299098431138344, 35.86475488326748, 102.04280175310444, -12.31864121652205, -186.81374252457258, -37.97155509855891, -5.7433337441504, 14.590499127462124, -11.481648618453383, 54.01181491944891, -80.19679351871463, 28.16838207497995, 36.928450770174024, 18.37189674422226, -120.87335833598927, 69.70890204778887, -51.21731982809023, 82.1610011989956, -126.81202940053772, -134.85269951636485, -13.033067166637396, 103.12874041451867, -46.59483551382619, -74.71278328111713, 24.585279690440434, 2.5738482137595637, 1.56199360629723, 130.73567691609495, -54.05398589261768, -0.741733426453824, -12.026714996092124, 37.20347181917676, 33.57889689116343, -8.310507841071727, 75.50932785013958, 40.58728740413466, 80.2478076114348, 31.276628024528023, 172.37689007595085, 1.514589177612363, 40.33426586107288, -70.36435833469888, -67.28836143242724, -56.27957125521188, -132.49870096522704, 40.5628532463156, -26.259335329359192, 181.26017915750356, 97.04014827348199, -100.16453009094558, 42.42258380296259, 49.90976131755117, -0.6343148458364328, -87.19392165924793, -87.06005873495863, -47.50035989202477, -114.41170110062143, 21.038869538453433, 61.90680075182549, -73.3688980044688, -34.05258300739569, -24.129906113349392, 8.25177441131798, -117.37583556355705, 39.22225841529235, 31.172394493344456, -66.56644051249921, 34.91104058905975, 82.18505043237569, 77.74823596710563, 39.6421493091893, -25.183872016496586], [65.10579444923283, 7.885297589007152, 25.66372481395411, -37.40083871297039, 41.08212783363281, 92.7642111897481, -135.50814347378466, 66.11685095910897, -37.479019068424776, 94.671382353938, -36.03763595127805, -120.45107978696804, 60.96681234489019, 79.9250620180519, 93.53601424536258, -99.93672087697085, -3.8819534686962145, 844.0699141046039, -31.335626730288688, -28.86583122130412, 6.627911884451624, -51.78949904018517, -4.472814573004116, -63.002618829244206, -68.23853653173897, 9.872434470101314, 63.39706108592734, -126.80667735002346, -95.59508507245481, -26.771015991016416, 90.39727300155207, -0.772439891098623, -75.60745749773679, -23.585432147196535, 44.511213289259956, 111.88243515535075, -52.703147186483605, -41.31921050316687, 29.734225797847838, 2.610559441170173, 127.24625114557855, 42.19947074249408, 115.64994798528348, -78.95778779323723, 17.954260031090136, -145.3966407670742, -2.4296114344660924, -53.74372968232953, -86.68990469753254, -67.17282164454005, 123.43407802356322, 79.54707451582594, -211.84563178467175, 106.7435312067106, 4.204032711759129, 0.5660481366873783, 78.07158814408257, 12.122366249226637, 1.824700891406472, 38.99941701511777, -42.91395846287049, -55.97188123230433, 29.427282375733096, 62.33712451812511, 112.17189678892143, 12.847866530537447, 71.9389478715486, 89.58737896732211, -75.29410863306806, -146.32404443980639, -1.2418771247815903, -54.69731900035467, -52.0582218720793, -42.465366989585945, -13.229480143510235, -79.30881294481097, 0.7249644753247675, -0.9862564076785959, 117.19547270621163, 54.32167093400827, -27.10143411082491, 142.70349161165666, -1.0474253592612035, -95.88698286261614, -45.15321023467906, 36.07527800860526, -56.930955533357704, 88.70840200380636, 72.16052196732292, 41.8268915876835, 96.00987606587454, -3.8789186083391884, 23.754509926358285, -7.584721044253029, -69.68304075877391, -124.40192501870871, 27.56949502783478, 46.3500264560802, 112.44120358139295, 33.816391861080085], [-44.13325450065929, -68.6421374956875, -44.88578012183734, 51.985105535932426, -90.98234926975285, -87.22135239591212, 171.4150764029711, 67.12039740025592, -64.9139381807851, -63.5033456906209, 126.82052113267528, -83.5847220347197, 50.79543760711518, -40.17015675280825, 47.30482802585735, -33.36768914481382, 139.79506421126, -31.335626730288688, 908.9558297714749, 42.89653892028648, 25.52391361236179, 19.065745823722764, 27.341279163068013, -3.6524376933144183, 77.73993515015358, -10.91411512942928, -42.226675311445014, -40.4690982708837, 58.18178400860037, -84.12582572364344, -0.18336832072506393, 58.27655874115581, -26.91907732387348, 41.72599472535574, -18.62645590565062, -64.60678971728028, -29.62777000451953, -142.4458884362979, 110.94125793285406, 72.99178151577543, 68.55689226687971, 4.65085063964121, 42.86926628750354, 75.06780800994254, -129.1666172602242, 15.665316352520831, 43.22265786498293, 40.361600620463115, -111.09419024997158, 39.9965627193657, -20.69983562962868, 17.487760343666423, 72.71561397097014, 34.13339911829239, -49.96617671650917, -122.36176924959948, -79.11901023822975, -5.884548382681594, -61.835136481033615, 105.57047959876584, 10.681410177125148, 136.63312391438245, 1.9534170777535087, 14.871377365107914, 6.5860974399006755, -102.62288468067406, 69.57518582680633, 110.80940781400139, 74.4496960884028, 46.708086102263664, -110.7786743831079, -27.537309629894505, -125.50198877599594, -102.37469581668397, -80.57277190077718, 27.25745787408909, -88.55107457708372, -7.407960378149812, -107.9422243337552, 17.564008724073613, 71.71553322475324, -5.231322778645052, -154.06060094616487, -61.39891783595155, -117.17068344610954, 17.634444441996717, 9.901963733933837, 39.751932728064524, 65.24502639677183, 91.6660986702271, -63.76611048359461, 25.1672813460583, -22.336446620634714, -115.55653521142627, 64.05632229816844, 14.565581127223304, 59.16758719557915, 50.22122298666377, -72.09332981827184, -55.89389309318978], [19.107452121256312, -43.87309191407671, 56.087979903832675, -1.6258567338157266, 52.543518418692365, 87.33808080013696, 118.34395098791848, -26.12293224745491, 26.424239997705154, -86.05645088154903, 96.87532006311498, -60.4797129643223, -2.5074505581471835, -87.58106672699122, 145.58893310714544, -33.70294275648572, -50.29927765450283, -28.86583122130412, 42.89653892028648, 689.6637486237315, -93.66043923292196, 28.325874490632955, 44.908675329015075, -51.8343621477658, 138.5791327857144, -31.3924928255362, -13.509720292987112, -18.400550885992267, 64.68111274445022, -145.3058714362303, 70.72283035736056, 39.211200705303135, -18.971304688520444, -39.34992427993423, -22.31061835861494, 86.90972204388454, 13.948035807319606, 4.911642801317312, -63.96787799227745, 63.94311467477941, 93.6482928446095, -56.50707473590006, -146.1226521178435, 20.16801848258265, -9.05166347991009, 7.99013260256893, -44.37219836466394, 13.777498973479707, 33.171970564533375, -23.597330757868995, -22.03644014447142, 35.084834907927394, 90.01121939472486, 14.498767985333137, -7.873561798863624, -60.34543233517065, -34.20481987453998, -45.01371590140822, 20.768255647002896, -70.18357989773588, -19.415840243955767, 39.96337010688994, -45.21373677027407, -74.13868068413454, -49.29633838037981, -181.97635650472185, 29.208220337620553, -95.82478525632075, -16.338798684023963, -40.366885462066065, -49.68916458298894, -17.369647010999063, 74.2736275717068, -70.12215643171524, 11.67244288119545, 11.452737748685891, -53.999052711507275, 47.52947502906928, -5.56543568252055, 53.42154095519171, 8.07956343899143, 96.90429291732075, 85.79089896146893, 125.27849919223752, 13.183379120567517, 55.57270564413091, -50.421330445106044, 27.42337335745217, -19.705813074156595, 83.58411572878029, -15.647738923627262, 39.87490258351146, 74.41975687546443, -0.24718039984073736, -74.17681405607726, -8.30735698502224, 121.7746784399473, -31.536184165232594, 9.656131595423773, -41.53033104164021], [118.98326368510841, -60.58897703246578, -24.46657649288364, -60.92870699238884, -35.640885420164494, 42.91524716030598, -22.68060155692505, 97.69724492806755, -67.53561006913051, 81.44917674015223, -75.70228661552495, 106.48962857604963, -12.521030788345191, 76.66050469672129, 33.519559511224294, 31.83295573806558, 140.972466