{"N": 100, "M": 4, "A": [[[758.4123707024369, -37.15573170280862, -17.794637405131937, -36.07361683807711, -105.72999600703767, 53.205455518048275, 19.747147976385193, -29.397059771516922, 141.35044225182773, -59.32527515536839, 68.62775924858794, 10.749291556132459, -135.520784457922, 24.227228006841898, -22.926980154467923, -148.62144913383295, -46.87937198796072, -66.02319425896576, -103.51985741170881, 99.39156903691762, -81.16413447692508, -26.49791917885249, -10.136639449830719, -69.37366015740264, 134.83094720708462, -28.91905868339024, -88.39435142583017, 75.14206506440992, 3.8671202048041473, 120.87380591561408, 111.82296594746917, 156.5512910134889, 105.16690661354168, -54.45135006013775, 8.879192815824577, 209.17014605027478, -30.688411998750134, -80.19960092010938, 99.9173735481199, -23.84244474715673, -68.06471206660349, -127.21778855983108, 74.6693354020472, -98.1173511386078, 130.82296796482234, 0.3221157595758899, -31.713004707374726, -14.096041753297134, 9.928066746424012, 23.851231414685923, 60.95441943597559, 118.77112400984183, 16.88551213383295, -127.65354270732817, 19.449209548767342, 24.496280403406708, -99.9218620994684, 47.829429693870615, 104.637749623972, -74.16610216565836, -16.043800977852136, -24.662114763906047, 124.41819454790433, -76.91393493428237, 39.79653199376053, 90.14070715220745, 28.933150724505666, 31.823239928413464, 15.578432972290814, 15.888342216544933, -17.817194443662267, 48.8554305850519, 5.912270102707477, -57.745688325202984, 20.830452911899165, -20.623486503166436, 20.862036146677962, 6.997107004761941, 7.902297163625931, -20.886634039730513, 63.38331314235046, 7.142848164510654, -15.522032007879693, 0.4437513316165338, -81.15025811855187, 78.71825701677056, -28.34081994448221, -34.02704085995043, 44.40197610481133, -56.992064087793885, 129.01950465887109, -119.8394632226805, -11.282896954562789, -111.05123002264297, -11.452154571478319, -19.810091666332543, 46.177940361633844, 40.03617510810339, -89.30018765426124, -154.1160053154317], [-37.15573170280862, 1190.5757519176213, -112.44661095118678, 40.55008388037237, -34.30553255114118, 28.54528925131206, -131.1490413720312, 87.13920982157582, -15.400055035115715, -92.25049081053598, -50.7006083755886, -111.68260175132824, -5.17200118710253, -102.66477709711415, 50.96501060144216, 3.560120458417891, -48.49907665499037, -9.156049270100148, 22.972161925726763, 93.24428398369831, 52.59733678816843, -105.77847926307263, 66.93079177954648, 251.81103218583493, -7.669863564773195, 54.77815449161684, 137.71388225192322, 41.254035413430316, -7.696386161200451, -93.18890134634103, -2.120058797615962, -246.44716045696435, -36.08661675071698, -18.418552090359032, -63.737008604298495, -44.48848623789684, -34.562769407333846, -121.91250401623776, -147.34369964000996, 114.30025298368058, -84.47764815558483, 20.40123448858865, 134.6355627189691, -160.4984508422573, -83.62516275496992, 92.36480803979306, 11.207993892240017, -240.97405109128738, -82.15340995360184, -61.55345367358295, 1.0225694831366905, 63.149791925717096, 43.95267959027284, -89.61875797540092, 73.78610812727007, 64.20134233094682, -101.69983680387077, -90.98646142900712, 65.29208253655389, -9.808523064043408, -25.299643212751562, 112.14597974142251, 17.30637428706537, -61.4921472806607, 19.512953801489434, 66.46444163763437, 178.3647762153918, -44.8841488078711, -37.1170429555216, -92.51929751813492, -77.84355205839756, -58.48833816232209, -48.24248435571125, -85.34223578284958, 13.326575160498786, -125.79693647138737, -4.303833918883525, 44.70243367037675, -9.296840236478934, -11.001455517733985, 12.969138635752058, -34.339984122484104, -73.5152618566963, 94.14810046051123, 132.5808575899673, 60.16889867476253, 0.3785555084813859, 137.58839057854752, 74.66647329313712, 110.33301904581319, 134.18839266835636, 47.23591455757918, -154.517392248728, -20.923769114394656, -23.009684060685032, 150.51352190099456, -13.324787047309044, 52.48164275336747, -62.27803630382644, -37.51439251947011], [-17.794637405131937, -112.44661095118678, 1033.0775121055865, -12.531204669407986, 165.17562213643475, -102.56112677040929, -110.91640126853139, -155.8048344788884, 5.075823228626708, -36.70211423014161, -121.77658353735127, -62.75669233083793, -18.892387920405536, -133.62670588891004, -13.748939598180574, -38.11652490425101, 122.57499766728999, 57.237715380904675, 9.683614770428578, -43.67766473862833, -47.79931695024634, 37.0821710002798, 81.04952356580951, 59.26142388919746, -9.208147945170001, -43.52540424330148, -116.31605356147864, -105.90564593820122, 49.46874209784812, 61.74797546126171, 33.1211678327474, 6.815606287851485, 54.252480354937106, -34.990702060063, -142.50932977523547, -66.35738167683193, 9.062294705852041, -188.30868096940236, -23.230395810291004, 36.74487098411706, -14.341191673005593, -40.20738957703924, -16.87522135580282, -101.07901634812671, -16.483053754973913, -42.82068373437073, -15.491081053395332, 16.635744838051515, -11.174269915472745, -165.34093404763433, -57.28497770541776, 107.95868327700032, 66.50117608532301, 69.62073726596638, -40.16657645482033, 122.28096774034432, 50.76301061247025, -93.02957671812277, -31.869321791592657, -143.67659949526512, -64.41002910506813, -52.92723345520113, -85.37151341463284, 73.2512276132273, -46.805715303953356, 42.65339896264444, 88.07596449489782, -45.09252803294738, 166.86590837335595, 155.3098390049927, -85.25581237706504, 61.85323811886539, -107.78450892071741, -53.36193221257264, -154.21513311200664, -86.25167172516495, -20.70871897176543, 18.31413517566765, 49.99233555070907, 68.56132125353975, -93.38042197044669, 72.87604683974807, 4.469208858288296, 5.497372616122482, -27.56608386513603, -52.81043606142179, 47.45649212586379, -71.10574069986623, 48.209291446490056, 58.12441838256683, 145.31240571640424, 74.8541321113107, -31.320677373079857, 98.07017298537242, -180.70895989258665, -0.6178562704579665, -11.747108543885979, 105.06000910454917, 61.797436197111196, -39.2559574526505], [-36.07361683807711, 40.55008388037237, -12.531204669407986, 825.7549808895931, -21.097336151675364, -63.84244522720109, 35.776319635312404, -26.940026622289505, 124.94870932367884, -101.03194856762421, -230.6690302762812, 41.9267515778028, -43.93232780041545, -19.244952866362066, -99.1768216928076, -117.20759893406431, -21.379796018117254, -64.55778698432164, -27.829431715824732, -55.35226252263053, -1.1483254341240596, -89.47323209886844, 15.696910227391568, 69.23866331659222, -59.276619690319876, 102.94507216475458, 54.08985238284961, -16.73526817958886, -2.865670257903527, -76.23864005170236, -23.121823188260432, 102.23949150909627, 5.992362950873585, 139.75240810607488, 37.15520564504076, -75.27726369837848, 67.08320369287433, 74.6882088430167, -64.77744233880847, -72.34985111940038, -98.53310733519909, 23.13286138380264, 68.09520198179818, 11.445439999660433, 66.13397280982849, 42.45072372410155, 142.7547147208781, -74.06164870332192, -28.75358526722846, 86.89367923958426, -151.05322279478946, -21.36129414173528, 108.73562557616066, 80.98067529126207, -27.145285243798916, 13.659868851133394, -116.48745552699226, -58.30575682088577, -150.474950008377, -48.5589397674553, 98.87570620393603, 78.2058702997505, 63.812573288964266, 42.12059010480882, 7.875262595100741, 101.5501785745613, 35.53960050853656, -57.075351026506155, 92.59755062149338, 223.20878098396184, 87.80308209895382, 53.986315013937, -152.39870852626643, -49.810204079297186, -1.9433268664147392, 42.36237390447491, -34.72808755694602, 215.1217832600875, -50.84944094994784, 56.93784296892792, 127.55752267102392, 29.043411257121885, 3.5506763325725528, -86.47031343383834, 32.51199018693078, 87.97116183606128, 35.74069693237198, 142.68069955912836, 24.623420658645582, 51.40613824311731, 75.35797993527434, -20.858085119588313, -32.06530306410894, 79.56863318181175, -70.95575450578194, -101.73756574945908, -106.71029531579356, -64.55390821533419, 52.826592546884314, 55.2385133795871], [-105.72999600703767, -34.30553255114118, 165.17562213643475, -21.097336151675364, 1002.1708700359093, -90.64424065427384, 75.13062759895995, -62.19720587866108, -39.494804906658835, -34.133183771493954, -125.26768673261707, -178.0491834403185, -35.6303047927672, -25.759042415246746, 41.953935920018225, -88.81903444948203, -106.01065961417464, 10.485220424757896, -22.559863278067123, 89.50543383279299, -208.60775546906714, 69.22654685103527, -127.19784876829026, -11.771075528691535, -39.63791955121288, 30.819630608556597, 72.60111903016477, -10.45648503356745, 18.153171839494753, 25.331950786614676, -142.66723742151936, 39.009412868294234, -122.08174892893064, 105.10556984155879, 11.337861203615518, -35.89020963310767, -1.6884713551457815, 165.64391317554066, 100.5034307755259, -71.42227726145909, 35.14751472779202, -13.644760110835508, 12.672576806786733, 14.349741928508447, 74.06544123237002, -117.66489029751828, -149.62445094390313, 39.47922322069044, 82.87998948255786, -66.36535264542464, 4.523203172407184, -85.0612628809928, -41.11892204840894, -30.957010088967976, -78.07743680629335, -21.285551943530624, 95.95642433950856, 39.96583887784934, -61.80435616165989, 31.795030467005535, -14.12082791547294, -12.349572356179555, 38.01162034266652, 5.915674786087118, -95.46814826090811, 127.24658003630886, 30.704505989971995, -2.123163796297442, 9.620878985611196, -68.31416910528702, -92.09715261850916, 16.39284377973163, -27.65731310072397, -16.184100794469376, -172.065817077902, 20.01611146329777, 73.23188825523472, 8.719863033887925, 126.62871304150354, 46.83181445461459, -75.54696557954657, -57.08962461464433, 30.219323922201706, 106.23370379810227, -20.853552345374904, -157.66288124462866, -86.34852735703512, -70.68121680731151, 99.15428619112127, 59.94914793812802, 60.48199234206954, -40.22206817666446, 57.83043493567456, -4.710869767389614, -37.59270379963487, -6.331838534765624, -96.58753862698467, 38.17626988216325, 35.61003430955013, 13.389355479161678], [53.205455518048275, 28.54528925131206, -102.56112677040929, -63.84244522720109, -90.64424065427384, 990.516579456934, 64.15204618539184, -130.87643582923826, -31.414562081762195, 2.445651641083896, 40.65649131568769, -75.36506951878022, -119.1154543258983, -42.073779032126666, -123.21685067050267, -51.128137815753355, -55.312492398039396, 73.05613521661283, 50.53902818651619, 131.6566862888677, -52.49137090227309, -53.73104840757872, 150.9251314541292, -99.87015649822717, -5.331758996612227, 200.86976140636187, 12.061236844490304, 39.70753872072351, -208.40735588068492, 152.49327491272211, 2.136153310453359, -135.642290114382, 2.803585949208868, -71.7012846204679, -76.89772047739758, 187.75203637250738, 41.50762221698989, 95.25610610213374, 17.081903522054358, -130.73972190593932, 41.247172109416134, -18.813759559359255, -16.51852137226238, 60.60312257462088, 70.06232041352366, -76.83366722606951, -32.407444255447814, -44.395296592318424, 75.96746595909262, 133.79314075489577, -3.166124415777605, 33.49960765087358, 123.10891467105952, 118.65770750367861, -112.90333173884724, -67.49877047762936, 2.7458869373937342, 6.95859025839417, 71.02493978531103, -15.184750709323621, -15.201961328008835, -115.60450593658445, 107.62286230005766, 87.65706702315161, 10.151247616201026, -15.214394019460686, -17.721379426482727, 130.58424788456733, 37.557951914497984, -51.5659355601014, -109.25027211708469, -48.0938930508336, 75.61749906507377, 102.47573183937276, 77.44368317461382, -133.05113056734402, -54.635764075366275, -20.873842880184938, 183.10539796879655, 127.3752329375246, -39.526475232137905, 19.073397075901305, -65.20794065690943, -100.33557795180977, 88.21532518942213, 11.86240349407762, 183.10426378823308, 45.58712679809086, 49.6664980105659, 22.2968788170395, -30.033524769358916, 10.66984924297792, 18.205927201918726, 34.44648730301353, 77.8907547323202, 74.705161405797, -6.580761811391377, -22.285973447969763, 17.193586407640197, 149.59285161162694], [19.747147976385193, -131.1490413720312, -110.91640126853139, 35.776319635312404, 75.13062759895995, 64.15204618539184, 850.8785574174735, 93.91330127826281, 123.88726825836332, 16.25886972182934, -108.65603871700993, -128.60668367118842, -31.34319478225366, 32.96976980537727, 39.76170419391326, -25.70422069290153, -3.628778452873247, -12.021384572494453, 66.16468938990792, -65.025266707761, 28.211678872004807, 16.068124026202923, 76.20829891527079, -95.90795308803645, 4.979416228392394, 76.7678431082675, -141.13542103523685, 99.66129467288798, 31.93575328534871, 53.32473120784879, 123.36620367238837, 62.141334024835885, 32.76983791767859, 42.6340319591458, 46.15925230307873, -80.12894936791854, 118.56398447314132, 43.08828502094503, 54.264778214706375, 31.06085167163796, 62.37841656672647, -25.30642628094789, 26.06949914326332, 168.65399972525273, -20.979755257758807, 74.7783151293681, 144.6720397840134, -89.2547306275148, 23.126960842746062, 93.29424697778269, -46.88697245990394, -64.07936027804256, -4.012576133810681, 110.73682773755593, -80.17825884906073, 66.14984554696798, -50.19295451754215, 106.6018144251999, -35.202970375098104, 96.65628892939472, 35.43850964952497, 64.30736566040977, 134.65987125525967, -48.993600225872164, 93.63097135195821, -67.02240620632519, -68.10049763006964, 13.889952184118656, 89.99971168530054, -6.1645312390581, -117.29124889078653, 52.53809520246804, 2.3398391803321026, -136.1216329541326, -6.741369503029556, -91.23297520815409, -68.42488601175296, -92.83469728285829, 29.444428708603777, 115.3703970528382, 95.85825302025631, -137.228868836923, 1.282838367678638, 30.18788179961005, 48.94255777124545, 122.60682596531494, -82.25716926932523, -51.96404517369457, 58.20535008978008, 70.77026132859872, 34.04207871970074, -91.73737496143612, 16.598114571260226, 46.65519888230799, -43.96453957163656, -97.60863194702854, 26.583176857688233, 132.77905288417318, -61.87625560349069, 16.88770624926662], [-29.397059771516922, 87.13920982157582, -155.8048344788884, -26.940026622289505, -62.19720587866108, -130.87643582923826, 93.91330127826281, 912.5545418188622, 63.1210706593009, -42.08402243669329, -81.26445215451852, -22.378554278388588, 31.79087772556385, 141.022468960183, -5.232694163275015, 61.3351958647976, 47.004678258806564, 24.804065344308366, -8.813965295615326, 11.588299484493907, -48.67818894627332, 43.883253114063564, 147.3433659609787, 19.036960379297316, -177.1949730300587, -75.09758933694341, -121.93182275088412, -15.802547840810835, 7.778327270441564, 29.327186985089707, -34.066139573356956, -125.89307069047263, 2.5477420803286623, -3.8669003896353003, 47.821443785492015, -132.80886625605726, -38.7170855431129, -19.420953578101187, 41.227167648912065, 122.7601277013715, -53.74662981342184, 40.37302731423517, 15.189378152999806, 1.8831914596468353, 26.755553274059228, -66.2532453111576, -188.26540442583843, -115.26524163867434, -33.12268219125688, 79.63880661470347, -21.28097950708583, -8.566682405102386, -25.397130998749883, -89.02265229568371, 94.89909275176868, 27.47959824494898, 138.44962555695773, -70.62579141062362, -39.03218739509859, -21.7731709775199, 32.99353507510567, 99.0838698729907, -43.878438886158364, 1.173921152364267, 35.777090161714774, 32.58949249959023, -59.397993981681914, 82.4309564572387, -17.75388691773622, 19.38577015154909, 24.613970083337534, -94.76815750809374, 19.505347506741767, 30.154156718722593, 2.9742858942940598, 18.412594876914618, 3.538739824025205, 80.63774340140004, -131.58079451018833, 46.347688927075744, 22.283804095005788, -21.549305956466306, 58.64452350785125, 77.08011157224693, 33.59325411240215, -146.35999414586416, -158.22665460988813, 59.94848057846273, 26.606299906761713, 73.44723890214236, 49.96880358942948, -27.585076994729214, 13.99647274820739, 6.230232259707251, 52.78451054400674, -103.55359673586577, 64.16278479910895, -72.623641642538, -64.97169399400194, -79.57816053970025], [141.35044225182773, -15.400055035115715, 5.075823228626708, 124.94870932367884, -39.494804906658835, -31.414562081762195, 123.88726825836332, 63.1210706593009, 963.4472443505432, -106.08653108400193, 44.965837818284214, 100.24852517815204, -102.40863533071239, 118.04136937339605, 41.18259748916165, -24.6300315719424, -115.29125755181458, 70.65814352889367, -167.28784768230335, -73.49121995383628, -37.362443572759084, -100.41822603927395, 79.36426138761026, 16.535230814667162, 89.59160791673067, 62.704612815649, -8.28045629676093, -48.602555903261724, 105.86310117095144, 29.00605177812912, 107.46321363495049, -38.931182438564754, -138.57401274480233, -103.6759849166783, -20.962966019578527, 3.5555947219511284, -104.06740545047735, 19.357550771240497, -33.15546185355059, 17.207701765617994, 5.28608715339896, -128.62239731859563, 187.30693150996643, 31.773850585200886, 23.857312347207895, -0.4104226208429819, 100.62661540176894, 51.01654173993826, -78.00295570703365, 5.720683255768975, -74.0346864167171, -33.799803275757355, 7.97085770813752, -77.64877772378277, -206.69644745316376, -126.9920347265657, 2.723282933146127, -51.054529211982484, -33.76741703886059, 88.92274577212073, -62.637371557873976, 50.54518713073671, -3.8480697175538716, 16.402285569584745, 75.09028221055951, -2.129092042094962, 117.96672833146513, -44.525921608076224, -49.46293061285776, 26.886514582005773, 86.75113491636627, -107.79660638469504, -65.47279519434093, 76.13576570424911, 59.68361429410048, 19.992100631706244, -109.77164535309147, 57.634762437501486, -223.2075166272343, -49.694145783728636, -29.126166769384152, -24.372725544841895, 25.30908163967197, -40.320290914239976, -54.20936152897117, -7.176178284239823, 7.934226539978214, -113.72645590098992, -40.70723574998889, 69.76391983184264, -54.292860279532114, -114.4637687026481, 29.175789529731354, 9.93688735707336, -7.400774932027475, -96.28602399953405, 82.36429304769334, 35.27863919303196, -2.1018969977035002, 64.1066403274715], [-59.32527515536839, -92.25049081053598, -36.70211423014161, -101.03194856762421, -34.133183771493954, 2.445651641083896, 16.25886972182934, -42.08402243669329, -106.08653108400193, 967.5058768772994, -13.35676274691516, -111.14381683182285, 12.505811196268308, -87.60316625510488, 44.583079198551445, -52.50073844570761, 34.530924709033975, 116.94166325001578, -10.010298796344015, 45.22643077542864, 64.46671387697138, 48.619484449107446, -7.828752910318002, 39.98677835900797, -38.65105075961068, -175.47819354335033, 14.272195668436334, 83.12461605536558, -75.59805768738924, 9.92356996720364, 27.908629447287648, -61.91040012215323, -50.66874617996365, -28.123443511699467, 35.24528167054282, 41.47515053916523, -72.18277440686995, 75.37800518819233, -144.31370388610623, -34.59669324705484, -49.48964971328269, -89.1482935138216, -26.986029501041646, 37.889132273119145, 12.368090343505896, -46.63611724184665, -64.1602070358892, -133.15635524182113, 4.152264214190049, 98.2939921308034, 68.79485197701746, -17.904946894565743, -147.48061591077217, 62.026116049739954, -79.41172194299943, 33.609096223788434, 129.42898453788212, 73.73910110150285, 121.18982601821659, 34.917366720382894, 111.52084743914699, -87.686139520568, -122.20922873745113, 10.668249024802288, -97.73569326166962, -70.12249005139091, -220.37572378405997, -53.5806333575315, -110.63387782268552, -11.21554016690078, -43.225148172650975, -4.119603437394481, -91.74009565838024, -58.273686606408624, 145.55023778434327, -22.251876164446156, 74.80201281820496, 2.3683508310526227, -84.91257394106958, 4.618360492137051, -18.897242331827496, 13.56157583921377, 94.99218749258205, -61.85647714233479, 24.375300327370926, -3.678303358179224, -162.22934553688643, 77.11874213034748, 7.49773743784871, 43.98346621234393, -5.006301396376331, 128.83594041057714, -1.332345723884736, -43.092134992034204, -32.51754768625633, -33.13191534406707, -67.45062675436387, -22.808509466780315, -141.64977177342993, 83.6491918453325], [68.62775924858794, -50.7006083755886, -121.77658353735127, -230.6690302762812, -125.26768673261707, 40.65649131568769, -108.65603871700993, -81.26445215451852, 44.965837818284214, -13.35676274691516, 809.5695363415933, 43.01327952233597, -3.6819908921539013, -70.07988798724097, 142.81446567044355, 99.07683623446557, -39.86271661598944, -24.40971329038321, -4.101797704474624, -43.642242418051886, 39.03521517509069, -71.57966960285063, 104.41781799277834, -138.7284328259756, 50.13533208968795, -79.29081440137684, 59.35944772262735, 202.3329418148639, -156.42300713655277, 46.69875698717758, -101.81065433512434, -31.85591120092216, -13.03901043722833, -32.837099533883816, -3.5884362590499856, -85.91285097210034, -6.167398731626015, -26.283817269446136, -95.83477886256829, 41.61829848207943, -184.36585862427336, 67.25050997336315, 65.02606084024819, -124.07716688640275, 38.45434271014164, -65.79931144432656, -79.91018998224183, 204.0480835711957, -3.0632855770618654, 2.7232800072465846, 100.21966913013365, 22.673507087528975, -48.130905004357615, 10.12789494173308, -34.86024717001559, 42.48500160841517, 26.279359064172187, -46.367159181192456, 11.894732618043365, 144.75563476066483, 26.981737636049168, 34.8938943387183, -33.481901221116885, 17.61950203789516, 103.7683531006452, -254.24826789104583, -14.63874363599863, -122.51595948064089, -53.815561801361646, -154.4335566238854, 87.97320419311114, 15.377113823792868, -17.739738326965583, 58.73202890913733, 32.361614918024, 104.94856056994695, 59.37583825152255, 27.93035241396218, -25.251761353262694, -62.58042271938353, 71.67366649812298, -64.650181931864, -108.98468057196837, 64.18641192028866, 29.65922779883654, 87.22556883647489, 104.26028798909422, -43.62331448967299, -16.117699107671296, -41.27636355812747, -4.989436677212708, -53.367760036236575, 50.04486920518917, 65.62453737298108, -112.14538323951025, 24.296063224333803, 10.230206295920187, 14.590522473835298, -30.321729758936197, 64.82403196243726], [10.749291556132459, -111.68260175132824, -62.75669233083793, 41.9267515778028, -178.0491834403185, -75.36506951878022, -128.60668367118842, -22.378554278388588, 100.24852517815204, -111.14381683182285, 43.01327952233597, 901.8569719147632, 14.864039749291319, 39.143823647017456, -8.157741123604374, -99.11878574327548, 48.08660164292575, 13.496589835331266, -21.662609355099846, 102.62565626072022, 38.387932460787354, -74.21555296467454, -177.25578968224383, 47.805127839260585, 45.03617175667233, -70.76841222199151, 96.27306245201382, 77.19463012818429, 50.18790066942704, -90.24901973981828, 78.69397694571545, 63.16494497487732, -77.89155279650707, -48.42721610701474, -15.800815043029086, 111.73097308701851, -32.118382797185554, 33.46293587757312, 62.16341329933048, 129.10836147177906, 10.071877193893094, 26.171797715069562, 1.5038492718405145, -4.530623139044092, 7.291218643754298, 53.17717433338236, 59.63968540767107, -2.4428874075229317, -19.18446683836802, 24.460057181089685, 32.73582258967303, 11.776521886521722, 112.61718675610264, -2.640388916682341, -6.273312130121971, -23.07909853699179, -27.655831604427295, 82.78093887806364, -187.62758932401874, 26.425318361638094, -160.9746879291418, 62.32132570519935, -61.05238063864042, 185.62947573940914, 103.65112708804858, 106.32596293412362, -102.3639147325736, 53.0102427922432, -19.18160498507766, 122.89599262044973, 126.94923105354383, -59.29721467826618, 124.96785242502946, 95.11729401703842, 56.46020384630238, 49.03429298012536, -41.19506869614311, 48.70442427876903, -121.9274945413223, -93.64454076579544, 5.297513047077851, -112.91833051004025, -0.4879032343291663, 22.086183655246014, 38.37794356376711, -19.603886104380358, 2.4470817916531526, 135.3634355729771, 1.9796525938035632, -25.171025611652553, -39.79035967014285, 97.6963431639643, 82.64059124835168, 6.044704561526807, -129.16728839328354, 99.5679860246493, 62.65398570728631, 68.39632303778157, 22.17796388365775, 85.91431910438861], [-135.520784457922, -5.17200118710253, -18.892387920405536, -43.93232780041545, -35.6303047927672, -119.1154543258983, -31.34319478225366, 31.79087772556385, -102.40863533071239, 12.505811196268308, -3.6819908921539013, 14.864039749291319, 806.6965884122206, 51.2402365831539, 7.220413375303632, 16.761203391087058, -19.311824459025896, 108.02001583667587, -15.180344840969694, 80.72828017273447, -55.342854957697476, -64.94897204629804, 15.279161221258876, -85.09710359759922, -67.84577652141407, -81.21915269222636, 93.07765162870709, 109.50420176168481, -40.972628945856236, -66.18453658603121, 26.335806671432863, -66.7852161716272, 11.224931964817884, -20.028767583272927, -30.8788494361412, 23.655278781846963, -68.29393996914702, 164.46703170616246, -151.086127762876, 138.32687004846136, -14.780509304450119, 10.721905177906162, -91.14904549227269, -42.66494987372735, -64.7642057195059, -9.345217498282192, 111.11743536558373, 60.52141501702546, -69.56138685085736, 66.21017605143467, -41.64502237383223, 94.30533703342866, -136.7308435155158, 59.33913782101278, -41.50107170327757, -84.4184261895934, -100.17247460764308, -7.133205064995261, -46.999141298724574, 40.065434305165844, -25.317391202815518, 17.673074428176985, -130.29245919265165, 86.03742407834233, 5.804984026698894, 35.1483322932825, 25.67270675672215, 45.2826774949058, -119.70782999993247, -128.16075923449398, 43.090716659793614, 55.81791816102317, -10.722645718753522, -65.83598578152876, 3.9998516272860423, 63.312095559366824, 57.85683553683299, -55.280848554357426, -12.452672389299364, -82.87700255877789, 107.54404546573804, -17.705472861988667, -40.316494809046965, -95.09985078738681, -43.24696560714401, -86.50055328295473, 22.698238472835595, -18.14244980343805, 65.64453183931903, 86.20201785386458, -57.22115966925618, -22.236165224823026, 2.6704902954881815, 17.429361247826186, 95.08091953827291, 107.29284812482851, 81.82837578590411, 48.487528761075346, 69.96687186536714, 15.06958302067851], [24.227228006841898, -102.66477709711415, -133.62670588891004, -19.244952866362066, -25.759042415246746, -42.073779032126666, 32.96976980537727, 141.022468960183, 118.04136937339605, -87.60316625510488, -70.07988798724097, 39.143823647017456, 51.2402365831539, 962.5813871233579, 4.177609368671747, 1.0632052585711875, -23.659265703596457, 59.06909739681765, -0.9991821848900091, 97.1679350969001, -97.94558209418156, -4.7498552161311345, -49.53192101709789, 27.45328685394997, 59.77140479635257, -85.55677179700193, -193.01457223164624, 37.44416889158228, 52.46159619079588, -12.576047515495631, 75.63303751320754, 93.60197299653085, -154.09958338860596, -137.992741595196, -24.100043386646597, -39.88398556141794, -56.48485275073308, 11.657625624205389, -46.95041635836316, 58.30247912457989, 57.380010240833364, 53.00058060344532, 40.069341902180206, 28.35556663886733, -50.330922787613844, 135.67218273664875, 7.98852033796446, 112.12329275299132, 21.499332311216847, 106.70012093012743, -27.45715212477976, 140.697436726255, -52.40635205064112, 24.773804357029437, 119.08343456600753, 46.395840563758135, -25.7280125373935, -137.0368347527657, 72.3543536669092, 87.81500250384578, -86.41633177672576, -55.611884960814294, 131.2312811936493, -44.39503240611755, -46.315628672368206, 94.02788752824861, -97.99271416787477, 30.10336602546188, 14.738039928738637, -140.67011879258433, 120.78855281236045, 83.69586658105423, -9.043926096590559, 161.51013190097143, -90.01722507699222, 24.016203367567293, 37.19652285983179, 114.31046965029151, 18.948415921459866, 82.12052062055794, 17.625639582176913, -13.894490807783269, -79.37695870764244, -85.23887896295554, -86.08197414693596, -16.750254918837907, 23.417381961996437, -43.08344924202399, 99.07365762630252, 2.9047311195224914, -33.0840402200984, -28.491184510878924, 34.76174458659548, 17.828949618993285, 11.022325779810274, 107.59124102442618, -61.56920509620136, -92.569887466985, 63.97335730777839, 58.025181528156864], [-22.926980154467923, 50.96501060144216, -13.748939598180574, -99.1768216928076, 41.953935920018225, -123.21685067050267, 39.76170419391326, -5.232694163275015, 41.18259748916165, 44.583079198551445, 142.81446567044355, -8.157741123604374, 7.220413375303632, 4.177609368671747, 960.6711735803403, -10.267802982172684, -85.71354981706135, -20.17623019356492, -121.92298383008834, -35.824643985574944, -113.18806166405898, 109.6947349210402, -33.69951681116198, -150.12245842512095, 22.376483084781785, 0.9521370159783922, 90.11896748380929, -107.9046084145079, 54.133924668870755, -22.35186552650834, -70.47021887713642, -92.06125649245045, -134.43162123098713, -67.41986800908408, 161.3792919754578, -115.50802871260576, -82.53016945130639, -270.3799397400692, -54.7874958872786, -6.342742942057633, 48.61175947743226, -76.72789949547808, -40.54914851148258, -66.75359811713042, 26.88637360001914, -110.16074045583471, 28.53864330566579, 113.26307424000352, 102.9286237482802, 76.28438100774856, -29.91892242746998, -75.98403901850543, 50.14830575040219, 40.17209780556141, -54.75394155262173, 77.57022551317901, 53.73366574422578, 42.3972329810774, -49.66914028330064, 175.28821528124448, -6.039632638269319, 4.643003317561848, -40.89519141398577, 47.63003551715114, 85.1053290213378, -90.15273175375683, 99.51508259406825, -66.25573674715959, -6.574991543143745, -29.96326699381425, 86.62422189844197, 54.03499219158686, 20.90010295294716, -124.74468478885247, -191.99474863042957, -3.910141081407342, 13.466049960616056, -46.28940475517833, 34.72476774231366, -15.548724658652667, 30.535694948219927, -14.059292153168748, 22.320186399342226, 6.696604054283341, 111.24415592349844, 98.05453113156132, -81.55263110553707, 83.62364686224225, 59.05201699208616, -117.09950400531474, -80.4053953442578, 50.02001894590815, 142.2323983839231, 13.179456356863943, -13.25180262344283, 76.15367668691378, 88.26825873925111, 170.74229899188904, -55.690916026039304, -9.02802602681968], [-148.62144913383295, 3.560120458417891, -38.11652490425101, -117.20759893406431, -88.81903444948203, -51.128137815753355, -25.70422069290153, 61.3351958647976, -24.6300315719424, -52.50073844570761, 99.07683623446557, -99.11878574327548, 16.761203391087058, 1.0632052585711875, -10.267802982172684, 1021.6174271188271, 28.663085425670612, 17.30504280805793, -41.16538413272044, -45.51854775180207, 180.94626697739548, -66.7814061499474, 24.176147863551606, -72.42000604129183, 14.600402729284342, -157.89161778876766, 54.70421765227539, 96.69410323154835, -33.415236555393385, 38.58697234515899, -257.61616533462404, 9.075707005157927, 67.36000273550964, -134.61165875460395, 51.367231484006446, 74.07939268203947, -58.201522245723176, -4.133544578571547, 149.3991210161974, 20.97502096791776, -25.920658284808056, 49.17522606957795, -83.00549521656994, 91.47240567439458, -63.124410693400264, 46.74735250993129, -58.57494251588246, 81.24016313167624, -96.31106471597947, -17.142112709308513, 20.452216763613936, 58.15101928913625, 7.665991596651392, -82.42550016673175, 81.85377272596796, -62.701179118250096, 37.273983778138, -40.92449342914985, -46.872586491333976, -61.295006615411296, 108.00778637799951, -23.949873769285563, -123.62472486969693, -64.13153557682983, -79.95209494225676, -40.55472633765979, -26.683771450651253, 68.84915267926293, -31.938108627531918, 78.76161437914963, -45.037207251049985, -174.80525950255586, -10.27109249000586, 88.26162762193074, -40.895104490343776, -15.062548310044749, -54.580537857343366, -77.35377258064179, -10.58655188008076, -3.1855497184320645, 109.11432256298737, -112.86398935048439, -100.08742974115006, -91.20402061445343, 108.50944510307895, 119.64313288865131, -114.1151549828008, -156.7378350456416, 65.36840245155506, 88.73165768954662, 18.374988393832943, -52.12499850753309, -36.06987831884344, 81.9061029756226, 176.67914430887905, 89.87068299534432, -62.83693321656901, 31.674129039545797, -20.49828252861873, -149.26420698556936], [-46.87937198796072, -48.49907665499037, 122.57499766728999, -21.379796018117254, -106.01065961417464, -55.312492398039396, -3.628778452873247, 47.004678258806564, -115.29125755181458, 34.530924709033975, -39.86271661598944, 48.08660164292575, -19.311824459025896, -23.659265703596457, -85.71354981706135, 28.663085425670612, 780.6742716159735, -42.57384495993008, 106.75967824470126, -61.18472136626439, 104.0539888915133, 16.633610050881313, -72.59438822220294, 26.493873317033227, 61.311312228995746, -25.853158245695663, -17.400106525829067, -40.73769636089597, 57.296193091317235, 8.360476794054648, -63.6949529575082, 69.6372727222488, 96.47945358255684, 132.79354351587475, 78.05308393331792, 48.007964553033815, -105.18710308225674, 96.58661674139748, -16.13506900326011, 63.21268774568185, 28.08276461413732, -2.632053757018496, -8.114507429481874, -64.33863079235917, 94.43744773216005, 39.038928555243714, -4.766844273102657, -34.588077728427336, 21.384975144632886, 68.59859792334744, -15.540573360945126, 57.070493551842844, -27.99870108716411, -0.8697946037553042, 145.30868422604905, 28.591912627530057, -18.47423053464284, -34.81865915426389, -73.7734125263871, 90.62690529079754, -79.79632818937137, -15.987659705019055, 56.48053902370661, -38.21689926166643, 43.0390748600859, -134.72180220766364, -42.753509344061484, 46.85404616775436, -93.25802677721276, 56.749750652103906, -114.64114672017492, 30.33025973094278, 17.0977533414931, -105.2851955005306, 82.58557788966348, -131.98670409047693, -59.561155381440194, 74.98880525103446, -29.483751548462998, -19.411361881372436, -20.375076044587587, 32.20704231382429, -70.06354939405553, 120.63212498341308, -34.640903563777336, 35.19773985180133, 115.83449863456593, 30.3549213640541, -56.856162116359094, 48.94002232761401, 52.0750704603145, -118.43893477978087, -152.4561451172755, 135.3353805511117, 7.480087296414055, 51.237175686624, -52.60748922603594, -62.64585419409412, -27.4075025909231, 11.837149609810531], [-66.02319425896576, -9.156049270100148, 57.237715380904675, -64.55778698432164, 10.485220424757896, 73.05613521661283, -12.021384572494453, 24.804065344308366, 70.65814352889367, 116.94166325001578, -24.40971329038321, 13.496589835331266, 108.02001583667587, 59.06909739681765, -20.17623019356492, 17.30504280805793, -42.57384495993008, 646.0743105568959, -12.701188622333342, -117.73144509026922, 27.471306588383705, 91.8591684715069, -43.92101405766611, -16.0017602653565, -84.19901301227081, -41.97611578371309, 42.21596116105901, -45.884509095872545, -4.908737171235504, 24.952927854043235, -87.55948473395533, -65.90361918323615, -149.843279624719, -81.9709580567061, 28.510464367149496, -71.7525877319454, -97.00452851621695, 105.79308774192036, -4.985021873898262, 43.66210181595542, -3.0673400426917765, 120.19972412531875, 48.396610839214304, -69.35533857933227, -151.16551434288922, -11.557767655620367, -102.15034570622942, 112.92054904999435, 35.15142814317905, 7.923987445223372, 57.49908508864637, 24.409266194052364, 35.75805121178142, 36.131181937650716, -79.94626821398298, -32.84890558727213, -50.49944966399056, 56.571000685709045, 10.110615672069976, -34.17038679027092, 97.18854921584513, -68.13103925614972, -54.6646406492322, 161.44885951969553, 20.239788448644568, -1.4860559365081913, -58.85093038514116, 123.81817858339932, 132.19826066459936, -67.2739115130426, -52.43972656790466, -56.79441713364771, -51.37052779959595, 124.93498454241622, 116.19241961250226, -57.132897943065096, -60.79652349689785, -40.10467038090445, -39.946749165657565, 163.0108072624397, -23.5201376325107, -6.642770622810557, -73.55542868290205, 33.86350881545892, -12.843193562504524, -159.8166259541798, 70.38986703992019, 0.19698008661629815, 58.48528595365756, 24.74146724076024, 57.42854464824415, 28.748104793697497, 37.99879998599611, 25.086859652422095, -76.38934891920717, 12.371167994473188, -55.749656217458245, -94.25019630386576, 49.04251375100215, -0.8597859546196931], [-103.51985741170881, 22.972161925726763, 9.683614770428578, -27.829431715824732, -22.559863278067123, 50.53902818651619, 66.16468938990792, -8.813965295615326, -167.28784768230335, -10.010298796344015, -4.101797704474624, -21.662609355099846, -15.180344840969694, -0.9991821848900091, -121.92298383008834, -41.16538413272044, 106.75967824470126, -12.701188622333342, 929.3164785315606, -236.99564678173144, -70.77058906922215, 3.6403905065670976, 143.24380755717306, 30.37171660790339, 24.493055855070352, -4.7311668808798615, -21.044845833090935, -37.8469859883439, 128.39672538260692, 36.17472975591451, 7.690906330915343, -146.24673235554275, 137.4828938692252, 68.04243314188753, -44.54903122845753, -70.77431214302001, 3.6463513172049016, -85.36394499396516, 104.6527014463948, -8.562829832490214, -47.03770603483177, 49.816243349690296, -66.27805235394712, -51.996108806613684, -149.18350486997994, 15.60140539526852, -26.909338792728175, -36.66592763776705, -71.58238499520822, -0.6024977972956936, 75.90586886734486, 0.8442900812429148, 3.99084468883459, -63.711863547605105, 123.4414924294399, 59.46856258915612, -7.5544830501239675, 20.584277977387735, 25.68435191191263, 91.18867686372944, 104.69456229476796, 127.77255300206453, 136.34537060827319, 42.74699866282233, -13.476216720741402, 90.03065580002645, -33.9132288428473, -59.86726964936421, 78.49350214894149, 52.76171968344722, -38.43015734077331, -50.93027169906535, 0.2625751221057268, -38.43273457215784, 34.71670391155879, 7.444029076954207, -126.25203256685373, -16.692148887005224, -142.659209365996, 61.674442163742064, 1.6292842101416012, 65.46034553320769, -47.94498876077897, -52.58956707956388, 73.17211216933586, -91.693048646351, 71.39833339906099, -46.70137615377579, 126.62283254619868, -26.382031397598787, -61.203762093929576, 72.66236887171013, -97.45727675773776, -48.84567885053355, -43.72542743035715, 82.91391919690419, -52.97004035187501, -11.28057477205246, 6.784194006930991, -152.48039740431156], [99.39156903691762, 93.24428398369831, -43.67766473862833, -55.35226252263053, 89.50543383279299, 131.6566862888677, -65.025266707761, 11.588299484493907, -73.49121995383628, 45.22643077542864, -43.642242418051886, 102.62565626072022, 80.72828017273447, 97.1679350969001, -35.824643985574944, -45.51854775180207, -61.18472136626439, -117.73144509026922, -236.99564678173144, 909.0699408217569, -35.47628221383188, -13.526594379390783, -127.20018116443244, 131.19386847118508, -18.321467970810204, -25.483068389318262, 41.09672641981183, 201.95436331760192, -105.58572326873212, 87.17555432459021, 133.33051728157736, 6.903454505409638, 45.68794397250344, -60.522144486291715, -35.434783100030394, 79.52930858668245, -12.36843682627576, 78.41281098332779, 45.92531441690215, -64.30608282622984, 85.66168250513431, 1.0568018898534735, 30.519133646866194, -124.6235117893437, 9.60815049633863, 8.793907342650357, 39.755102021493165, 42.036680102296145, -9.392421048548583, 5.781606949807805, -118.07414108935893, -55.05723186094894, 56.54869632426767, 5.03415379294566, 13.297489592621716, 65.77065168593334, 27.65626077259247, 65.24744518805876, 8.076855836289724, -79.70782432293541, -163.19764306312993, 19.403778641908747, -18.070945429221148, -4.527174221729589, 7.069457805362851, 6.713001998357032, -51.472970305106564, 34.62982476997408, 56.91775493445842, -62.26040268967589, 34.730394955996125, -97.96497384455462, 91.02625542087937, -132.3444464533322, -114.13234309133665, -50.961433613384195, 9.71492853673412, 105.07212745845946, 131.69297671138293, -120.4852366472715, -25.85264358323934, -161.81803078845522, 56.725536606843946, 37.92216441807008, 31.097331000247745, -113.63112541379277, -98.18944697338029, -30.52918820713918, -94.05577408225197, -28.112450457660024, 72.52955854073488, -87.53463642889282, -0.05267745038201789, -14.235523948167344, 86.53620108318185, 40.260507160728146, -95.59319728165306, -136.50707877891392, -31.017637481512267, -0.7264669165004914], [-81.16413447692508, 52.59733678816843, -47.79931695024634, -1.1483254341240596, -208.60775546906714, -52.49137090227309, 28.211678872004807, -48.67818894627332, -37.362443572759084, 64.46671387697138, 39.03521517509069, 38.38793246