{"N": 100, "M": 5, "A": [[[914.6641767594476, -25.280224689755634, -32.414006539433736, -34.398322288862744, -53.7195536380804, 63.666739779053266, -93.42889999833749, 102.67395060387223, -2.2581377223778354, 53.270171849960796, 166.13379294723813, 10.47272339655206, 4.650050158951521, 17.90887191869004, -35.363838517224494, -60.282450744434534, 28.127329709426864, 15.06065016401606, -80.66931565509829, 39.654498021073344, -38.391151715197836, -125.81808763625239, 8.726500987075855, -52.77512175073347, -93.43889582846433, -38.5658469296132, -57.94720729780622, -36.647830106642594, 8.525682728865815, 1.9542918769388624, 23.215824365702765, -20.084550109501198, 49.83308575780101, 169.00934822025206, -78.7924242303968, 115.53499454961062, -69.09351749593766, 13.167865521232208, -97.55347321421732, 11.42789788331087, 5.866673806402127, 14.751043363139706, 170.8266413490413, 70.4252705810277, -34.54863287965343, 115.30569555772405, -1.6836279171558972, 53.979924566868604, -92.90682471580357, -26.60914912984933, 81.27135348701046, 87.15699399469986, 34.60115643811391, -18.780299642223635, -9.218835237287815, 69.51011039250363, 18.413883900793742, -33.77878971949868, 73.55139433511103, -96.03831159450458, 4.536875039269101, -8.595445203940095, 19.78807395018774, 23.317546050632494, 44.538922641805776, -33.93236000142689, -59.33764975761739, -59.77537591706437, -51.488668581860956, 93.93027352154822, -14.23311402783887, 47.80167235699507, 64.8173817201869, 83.94213104760719, 42.26487669212077, 23.042688811724396, 28.00055552624845, 66.83266290513724, -52.210358237369654, -38.13499915184735, 182.39368640408443, -97.23762702541735, 98.40357325094567, -4.016651819849022, 72.62816870102176, 5.428741858671095, 142.36553982100193, -21.352621214010377, -139.22763243618724, 1.143234923841452, -36.39922051492171, -141.87527365401573, -11.922636099044794, 123.27393580459997, 33.77642060789575, -29.66284285201679, 57.9780790241715, -105.45555274822186, -65.55424898745905, 62.80872106545177], [-25.280224689755634, 679.9470452661915, 74.46145487719801, 28.419730505562057, 39.81246433797072, -81.01905195736208, 38.05796507807989, -36.940496864847795, -72.43935766249061, 10.326461178037901, -103.77429941437987, -25.366580777355363, 75.0796426621317, -70.67174752369935, -75.89021398855924, -152.78554126450544, -61.92699626267778, -61.478656025823334, 20.95039221446115, 109.56076902528264, 139.92117142731874, 21.122507463923164, 30.15107119846764, 23.600176688828874, 24.805770878673595, -92.02916901842639, -3.2756402116987817, -4.507983591351564, -43.9989433211803, -53.36712396786264, 157.34377570177853, 42.63846070792982, 38.344690973082216, 13.986159944479581, 24.179930533565006, -17.94121998462551, 148.34380058349328, 35.440244644942716, -72.84259173574327, -7.51951404572893, -64.30795250287474, 82.10278475499916, -27.149490399145094, 11.350405900548214, 100.506396431608, -47.171215754236286, -10.244801618250122, 84.79615281967718, 76.44707527023421, -55.18124699254192, -114.77886746395482, -37.65292540779363, 4.052052599410736, 16.50158804763518, -20.831578747209836, -53.5861948591114, -16.441632352178615, -23.021323088701926, -50.91597469561301, 3.127384632619167, -36.46003079687719, 46.234859364620476, -18.607544693990782, -26.631331529102553, 3.321613335909977, -6.334511442789074, -33.1356455440727, -16.685985874329965, 168.75965813223263, -8.778930137282694, -8.32994028351237, -28.6988064136424, 54.333273459648524, -17.288199929310707, 59.47932494822501, 11.675396678020011, 69.08000130581024, 54.030046692099354, -6.7029648912936866, 33.2836216980376, 45.74001763534219, 8.009531161413719, 23.47404093071994, -159.88826437477934, 42.512857201392976, -25.129957943212574, -5.016003315279261, 30.33031849208117, 46.07170235581305, -11.180377671479567, 64.30861138757243, -73.37975914689981, -95.52689114918397, 4.677927219082192, -48.78976295287439, 144.41309300748762, -6.631140663898792, -42.0537720305811, 46.967943539793445, 23.682221664937526], [-32.414006539433736, 74.46145487719801, 892.1362495269575, 55.55758527451673, 42.88478160541976, -18.00973242027703, -25.82685432307692, 19.509336532669025, -11.367749310533103, -70.33543133428023, -2.768743144421636, -34.04002207989423, 10.55426693585482, 123.92029139249163, -0.5091401144437665, 65.99587940285411, -32.335284398661074, 1.4953127050421313, -37.49259720799675, 49.0671781532945, 92.46114962840755, 73.99755301509656, 6.356188972818028, -96.20278572335275, 32.20949468111367, -79.92773653016674, -28.419205316963478, 15.837080611559555, 60.93454327391048, 162.55740485304605, 47.14440667092307, -21.39014904587792, 3.1692691139135283, -7.271097497691486, 35.80846276724269, 202.79934156197623, 6.892954165858904, 8.317311978597925, 45.52130076535307, -12.013696963611512, 37.65143018104428, -62.702763219980476, 34.86326747228137, -4.6651361023440305, -94.27963166873698, -70.1810959668923, 34.93485161199264, -83.43685959271428, 12.48003655053025, 159.5721185691513, -116.60886818967285, -7.7669259388801715, -44.969896304764355, 76.28776284542278, -151.57515332527643, 133.946571126314, 17.96348834704425, -63.02697589181448, 26.983032389673152, 61.480880354722856, -0.5084899640076753, -49.70039583256416, 49.19859741875187, -162.82061439314867, -18.846307408582035, 36.65753582507013, -108.30502468655072, 76.42642856524837, 59.84457088896497, -35.460058752360915, 112.17108899634898, -10.319283010972013, -5.923107468576407, 82.73633138108579, -25.79643078056825, -39.99808493943008, -7.871358935957029, 11.170007127173829, 63.407399629695085, -45.92697166662135, -5.994372466905965, -24.895394336799352, -105.16612037810998, -7.779893415696425, -179.41135958222227, 11.155630615617875, 36.5705763257667, -26.735604031336894, -123.32586149627129, -80.38991101529545, -0.8558709020825777, -7.2333322054932125, 45.270436617341005, 137.13745704949937, 64.17285779211836, 21.94678198763914, -79.93880698376026, 148.60598921809202, 118.7493345657771, 52.670174376356385], [-34.398322288862744, 28.419730505562057, 55.55758527451673, 842.500352274728, 167.34409326481, 13.88152886002863, 5.4012479658518995, -63.41576523800772, 29.829196295270723, -46.078626117207584, -58.43789658957732, 81.11387398448751, -5.6221837314860235, 14.073658581895204, -70.08960625835525, 11.304442037168725, -64.40018857650794, -35.08769528879263, -110.15170331175493, -15.00959213982185, -4.643334164752982, -70.49420377019354, -68.77953098703527, -66.80933286774727, 25.237639033952163, 37.62162883822663, -4.456282306942536, -45.790780934456116, 21.148373527957872, -20.30576400747765, 115.19198761977998, 54.62766318300691, 131.186947426233, -216.98789280520668, 128.81167702500838, 138.00778514633123, 45.7533638261228, -90.74705856510775, 58.210325364644625, 120.28075657609742, 18.40974121933555, -99.15672226751438, -35.38045678056665, 104.70852218123994, 82.10123328408736, -48.04890837640196, 52.487027433894426, -82.30232860717086, -62.83047161325777, 37.28474252609735, -53.0385115704501, 41.39258718527806, -50.13204010666652, 26.63782343825516, 75.0107906856, 31.867345528061666, -135.31430881849533, -32.414367716073265, 8.889961037676258, -50.94022216881629, 90.08485652208982, 85.43673241729724, -15.075668796037263, -33.44964696498715, -13.438843330163373, 82.81232989840107, 7.914872832877945, 29.006191598266415, -74.87908919591769, -170.0656426630108, -94.59350000897902, -35.11319118889193, 46.622348284210354, 114.0339039808814, -59.63823340252622, 24.76550063015829, 83.62111858519474, 7.399853062531406, 65.41162595797216, -182.10405052801036, 23.760493844062413, -112.1133804461268, 21.64266976111131, 53.50837389559761, -97.81264803297556, 130.2289738029031, 91.17647883273592, 59.16178156827943, 35.846861793938736, 9.076130890804114, -1.9627165733287104, 230.8884023962416, -50.607180230410044, 63.072559449420055, -56.66065173256093, 57.819691984986804, -1.0204426572433578, 56.54922755261936, 8.694838177170814, 88.62856219251861], [-53.7195536380804, 39.81246433797072, 42.88478160541976, 167.34409326481, 899.5136822488353, -58.610721492523645, -145.46109537331617, -58.32787325077991, -48.95071492092334, -9.485257614106791, 71.0404150978891, -84.27989922496295, 0.3502171036961385, -59.46921153233343, 78.69477533677292, 11.15767783000412, -85.19560670732402, -77.1946462061723, 18.74720842652384, 1.3460965245334382, 108.09694621785026, -38.26816031584096, 71.75706922799763, -12.90832799137099, 87.24104472674492, 38.691010376532894, -106.78185338182502, -21.447213696734487, 18.82512534468397, -132.98114795414307, 130.8172623978545, 18.69392174662683, -83.90159449477927, 26.528299419422233, 83.3756257699731, 23.415298882394872, 126.15585749537159, -47.88483230985801, 15.822839262529202, -86.06415311127907, 54.66313580486966, 20.866471691795123, 7.713385534293285, 8.598386268389358, 94.18963611886393, 14.943003916668033, -14.535838915994415, -33.25588856019707, -83.10869990320802, 90.12505834312867, 120.6684885593353, -51.08039512004454, -109.75550384208545, 21.678398944643785, -62.445184543142375, 42.048654106800875, -33.710777773370566, 73.18380530919539, 140.1220752091159, -26.556801153885583, 15.505301955628655, 54.56266017214481, -55.52992979126739, 1.1680500500245083, 17.17383468056263, -32.06109409704956, 50.90601062963394, 21.836654840495214, -60.49462389682638, -48.411094810121774, 37.39238069505716, 65.61483688354463, 31.690256993310143, 25.404129391504096, 39.44194473861838, 5.219507202542361, -68.29298673413253, -19.582375585408737, 80.11285234847364, 16.838969726082173, 33.667145828761115, -41.48001506765526, -52.51956979903808, 38.62217138373154, -69.9925246681692, 7.166701181611582, -75.46154478690832, 36.86217647281066, 187.54643973137826, -54.6418052791549, 37.33578779103832, 44.35209619922759, -128.2203501104033, 64.76291630982207, 9.350847661796989, 63.276311442820635, 40.36958674546526, 45.20946016106881, 145.46171680059967, -3.4037349705752487], [63.666739779053266, -81.01905195736208, -18.00973242027703, 13.88152886002863, -58.610721492523645, 930.2897336987259, 5.47624502945676, -8.267033214614496, -92.84677518761471, -67.01199459386534, 97.67438654096844, -26.846291215092034, 21.985024946571954, 51.6876985080169, 115.95532030671875, -43.292141674919456, -90.52647620608559, 57.94981808333557, -98.18545358101345, 74.2879814979148, 8.980369811519092, 27.221673618516586, -96.96275861814055, 5.168590104210812, -117.57789154161512, -141.4480287147676, -140.123030045688, -17.9792979836537, 64.34789174243993, -62.01814078333955, -134.68517860695013, -11.16735873827971, 58.241324042082724, 23.10497665536735, 85.988857344476, -27.171605938149657, 56.69180115355095, 109.32974277834994, 57.2712823695165, 55.85319743797172, 66.29496121775964, -79.40449352545924, 33.637177334113616, 39.20008748581588, -38.925888444956364, 49.63106729493141, 122.74176117093458, -89.90647853761067, -10.891159647186903, -70.80075192439065, -28.729643227886665, -121.72652232145005, -74.94082193108999, -26.876615273079473, -21.162420294847998, -51.93758459909532, -3.7837464971610073, 28.24774542646808, -53.61825591462112, 35.97717690498444, 118.10558498273113, 114.46525599731524, -10.681706725456904, -34.69709486758261, 10.534397627012698, -17.79532899168339, 4.581181615992047, -143.10237559105587, 21.7725550202281, 46.10365049079102, -67.44915223006669, 109.07532976763552, 1.8005204385654254, -27.474080256523848, -56.22533320346669, -143.65963030373842, 7.5797716651625695, -24.37746282691229, -143.49130473893564, 13.903529833414414, -134.9073117395182, -7.220445119635706, -117.31102140504828, -18.572610602789883, -77.83707192591538, -51.867031481135804, -24.22664504172597, 4.7679215834612725, -43.25498264396033, 54.167732018285946, -3.1865232255933176, 72.40590560958323, 86.36740648409784, -93.85786444624163, 63.11769012017239, -34.523753280114114, 51.23016034442866, -56.467477196536834, -12.371165053664043, -139.35733089034028], [-93.42889999833749, 38.05796507807989, -25.82685432307692, 5.4012479658518995, -145.46109537331617, 5.47624502945676, 895.096765488936, -109.80987222152775, -45.04924991880569, 10.091987061079267, 67.80408792461343, -58.5485799757842, -107.70551096280836, -35.67079810366954, -90.21845546082834, 62.812068348621104, 133.20851732900428, -37.95242130003742, 93.8093828126148, -0.4267690164359901, -52.36188662863057, 0.4989835846675492, 10.867841059759924, 19.40578677093586, 39.704064918803894, -7.634471918986579, -20.30633002445741, -158.90169594966858, -94.03525813143355, -20.864111419683624, 14.062030876934687, 68.21494794912472, 78.16963370540185, 79.3889430330332, 70.68193925526228, -111.39302685584605, 14.173120763586782, 50.877401061694414, 177.6025111678162, -8.84406903306103, -11.063448489913878, 41.64802241624754, -36.38441414124241, 67.13958816301812, 173.3188476692784, 54.923928925621176, 110.00620228067103, 26.635965861329126, -12.756268892486691, -141.752156004391, -33.149026953693095, -67.6762129040264, -19.61365113822074, 55.7266969696824, -21.398913655964503, 17.861946981389, -17.531896774196234, 128.604384471823, 53.29701689068024, 21.75571400082602, -28.26046238571174, -8.298355847181526, 27.471675334996597, -176.63437790076057, -41.04758452075383, -10.522392734489319, 107.01033935107715, 41.75339572945422, 44.456958812622, -136.85443103977644, -123.6382108943504, 43.67838712494238, -27.297054706797894, -61.238105351145066, -51.1104631422939, 125.97413215416523, -11.941467235943547, -53.12684312051413, 165.54573115911558, -142.4631547337629, 114.43344395570662, 45.19617171475183, -35.340295757419995, 32.019928230148494, 102.54230576087281, 3.884975748161156, -41.69248157168946, -147.32200386594897, -13.736991016288611, -7.9347473855159745, 22.06964975086246, 130.3509690164191, -4.242109419534902, 1.9739292649265112, -18.373884877217275, 48.463094308985134, -38.86150785770754, 24.14283369612255, 87.49992026459907, 32.152306097128964], [102.67395060387223, -36.940496864847795, 19.509336532669025, -63.41576523800772, -58.32787325077991, -8.267033214614496, -109.80987222152775, 816.8631179851224, -57.96528422757689, -33.020529365619666, 1.5827539043588323, 22.486070695616004, -10.799977060032948, 44.242405063473775, -47.36559025039675, 64.68737913951172, -61.63286831449347, -102.6396275664565, -20.56989749855897, -43.10985274275832, -8.021752115955621, -42.358259815814364, -20.08304109688769, -7.048266688583793, -13.315517921757182, -13.745061829010375, 19.924851541379166, 10.703191818170266, -39.211081505028154, -22.056190662318738, 36.286088773488615, -159.22980714147917, -22.774154219128263, 181.1036387405968, -49.78257987383861, -52.38503234466823, -30.33207130444097, 64.51143321163644, 14.060352066700446, 100.09183191654225, -1.463702603210117, -45.27720697562751, -33.3023803097091, 77.88115689419433, -98.79146755218136, -96.65939283128306, -35.64127544246054, -75.29874538621851, 56.62977035904459, 34.14591354525394, -14.84096969367261, -109.00127056472166, -17.43794833727193, -64.89824950889358, -58.856022276595986, -34.78666138037429, -128.90043828437877, -153.0688310833804, -58.03374440177847, -31.04650723159181, -27.20611712785555, -106.64451615252295, -15.269860219199858, 5.415461141142082, 26.337757760670012, 99.64525356749333, -33.72576808393621, 220.20043546176007, -45.30718764234657, 23.698044825475066, 47.67083927264347, -7.650566725363514, 161.19251873716465, 71.81279466443172, -101.97363324377463, -25.021143133858736, -1.2143535373092227, -125.71720140382004, 49.24029379445062, 78.40052695894454, -1.5132783516573847, -36.213045498247695, 79.02033196041525, -18.022680038983815, 4.778589652789371, -22.23884656841174, -42.09963483342224, -77.70841393097726, -25.391775131262246, 23.256666487040857, 107.23368473393094, -2.0646215859940384, -95.43422980691028, -156.9833113662794, 129.1645640829713, -121.0221816992673, -21.641342158758263, -60.27507194050981, -104.41757693433057, -32.435131712537135], [-2.2581377223778354, -72.43935766249061, -11.367749310533103, 29.829196295270723, -48.95071492092334, -92.84677518761471, -45.04924991880569, -57.96528422757689, 741.3623706324012, 68.27403410187723, -10.063092954009859, -6.845962366261553, 42.77853250304984, 130.70468697921018, -73.06821668694072, 59.320646809752155, -99.82888077020371, -50.74133665810514, -11.899637738367568, -44.07124435841694, 118.94203546975224, -51.47438458011589, 61.594671759168634, -88.19707575068092, -99.33366645369536, -2.6563024102630695, 80.04893749235578, 64.20025400209326, -130.1827336025701, 64.284457823083, 8.312821733979769, -4.803585780165328, -6.4056220923952765, -139.89994522163278, 4.366252717405067, 10.390387808757328, -37.84980824585965, 28.007728256527113, -38.79976916670972, -28.324901522602566, -34.791633824217925, -110.43388416782297, 6.201196448127884, 5.594819959604955, 2.9466911968567597, 43.23016127773169, 27.579417546222206, 112.24848484393756, 98.85410155144348, -63.76582347914152, -95.28531894094088, -14.65788394271489, 0.5344943939060087, -90.64898145537666, 68.79935632840649, 35.42252953728357, -18.503965532800738, 27.273200339405694, 32.517229718921804, -23.04177835199022, 44.86170865836314, 29.219523646168806, 23.03177705667486, 103.16038659508769, -130.04634972447764, 52.46778448055772, -70.41966590859845, 22.31498548789834, -2.696133714280811, 3.922858897358373, 0.4631285809989178, -131.2570698472168, 7.576320577582708, 5.61004384529228, -159.17911175420372, -52.09702280226939, 14.49983667058384, -56.34594265726935, -20.791873386107824, 32.69090235670758, -15.625551675811579, -78.55166371598534, 43.33809637736313, 71.87556980608097, 79.11957119656265, -11.74008505783788, 16.293732224346993, 156.11737666988768, -22.132898571394442, 87.81598600811341, 44.35395556508501, -71.03942087469306, 14.507874691458827, 97.5973422631703, -33.1136289263472, -28.149247498755262, -106.5105927832448, -60.36783959995138, -38.23861955319723, 96.7088303972359], [53.270171849960796, 10.326461178037901, -70.33543133428023, -46.078626117207584, -9.485257614106791, -67.01199459386534, 10.091987061079267, -33.020529365619666, 68.27403410187723, 739.9545652762296, 41.58054436072636, 51.42323110547424, -22.070576623374148, -83.71514868423225, -54.33333675983415, 19.40782371812563, 54.60132290602404, -87.05775654222505, -3.281300069242751, -147.28865024914361, 21.55484640613387, 51.939009017620336, -142.795743866033, -30.33423671126472, -76.86059092387517, -106.75990707723507, 203.1111635378025, -143.8812823798331, 59.06121886902861, -99.9315943649946, -75.71169177775623, -64.06070352655901, 6.805170740041368, -37.643401094619435, -91.01449704744448, 53.27301509859242, 2.379962307626951, -58.823093283551636, -80.4867277501105, 41.48502560856205, -43.41795340602958, 1.6500657712146223, -5.021535434691308, 44.46488634984788, 9.465174479004554, 105.53325646541526, 6.088989131709225, 12.216612662233617, 13.39147770575932, 1.3648283621202475, 40.48591125268323, 72.60546422005125, 14.04077407362924, -61.49112036438581, 60.65806800147445, -53.64349463665137, -65.295744882264, -38.89095554108743, 108.78259129606035, 11.020009102628043, 111.15810216933936, -35.66430319585278, 54.40360004438083, -27.184930097751174, -79.89648508542635, 33.02638791928428, -2.112636890635185, -71.40828268874749, -17.71387922844257, -69.30979596381569, 106.09701648005654, 115.21534782870498, -37.10098137422214, -102.68694906898527, -38.345456720257026, 23.569441207516558, -84.851434283409, 182.94608001173813, 49.348030616083825, 25.91742087735436, -11.880849112518005, -35.927581322188686, -39.530722304952505, -34.207368468437515, 37.03415358595808, 44.771428724821355, 137.38540200401678, 165.83675853952113, 9.827486476232993, 14.128727338953983, -70.98712541226782, -55.51465463846291, -104.26462642051867, 18.56716830625892, -103.69405005796932, -27.77605880242665, -46.13051786516499, 2.2527433991492383, -18.289268428081336, -54.33633612394975], [166.13379294723813, -103.77429941437987, -2.768743144421636, -58.43789658957732, 71.0404150978891, 97.67438654096844, 67.80408792461343, 1.5827539043588323, -10.063092954009859, 41.58054436072636, 658.5455793970137, 32.76707891372115, -62.942143194758856, -5.766379656077426, -73.40665285659183, -36.82175269355307, -87.47397681632721, -58.13328568119714, 10.824856435566337, -18.292199168897923, 3.1102437152498923, 0.3790299869045663, -38.568359144006635, -53.95117007128228, 56.18338889093617, 54.77382838399513, -90.56241324904435, 10.097282195912967, 114.97650121067973, -45.990346937766574, 159.96772811940218, 35.23600905023332, -59.31101920166499, 51.07461265000058, -97.9960832827595, 81.76270403595453, 72.59255736615664, 61.95328866323609, 15.346057017242119, -38.57108780414337, 15.833623095247182, 57.68074445349276, 122.14126987111192, -24.544782085997774, -7.776358349768629, -53.57551778493698, -71.97139729622678, -1.572252401228292, -111.45938180360393, 2.0985620706696233, 58.519335617276894, 8.110064074989737, 9.365040478049043, -40.7747921831255, -40.217566446819546, 92.82766445871013, -65.56331271074288, 146.42265061349943, 67.67523937254018, -105.2409153323067, 40.182482260329934, -30.706874220900293, -13.723864000555878, -16.380634739218227, -117.020636774078, -76.0369120043508, -29.21489335271025, 66.49915312936318, 4.332065542759288, -12.0637482281007, 21.505964626317812, 19.29624520554167, -59.865724231466494, -103.9863206976593, 44.83033127912538, -47.498411764763965, -2.8033200424625897, -84.97981739309779, 34.05466637388169, -21.57017351277422, 41.00412817551924, -87.65521173130671, 60.814600999127215, -68.75647008652938, 94.01262800502248, -80.09631293238627, 134.8919229369931, -0.3920618417654147, -39.989740568016416, 0.47449869863918936, 66.9068201929162, -7.622496576014876, 32.6924463235203, -46.19640295287394, -22.786221467100997, -62.33800374880154, 15.754723488617554, 112.62708750948227, -78.38570733315653, 8.964477585394121], [10.47272339655206, -25.366580777355363, -34.04002207989423, 81.11387398448751, -84.27989922496295, -26.846291215092034, -58.5485799757842, 22.486070695616004, -6.845962366261553, 51.42323110547424, 32.76707891372115, 791.0696312227325, -8.926041753775051, 36.244193659081155, -8.307430986013523, -143.90162282548744, 94.18522521137574, 80.99809032526909, 28.042439128665123, -104.24762534716518, 88.71043684222212, 0.8786949731938292, -81.82010073997658, 11.976568027118535, -3.164192336535687, 68.30425616892455, 14.398574083228434, 17.026045027956798, -80.81382288942582, 62.18494813618459, -55.382371866996, -57.9076020642956, -122.1770264004737, -51.7549640593002, -1.5693276067302038, 146.60903573452276, 107.44604606505835, -39.71473264459099, -88.7259401698472, -14.079911580769721, -62.25259929788943, -109.08808887883625, -97.04821236259559, -113.04812341143972, -12.721969219944054, 52.89619175858306, -0.9917287929658074, -5.171414338533824, -81.14260604843933, -27.400965247171406, -90.74210546497562, 93.15935900274165, 51.53909102130359, 109.1907184485594, -98.20823725395176, 62.690476316785066, -42.70150427831537, 65.65896446852871, 23.77715159943752, -78.44254225657824, -4.1622354317228965, 51.87537343175273, 19.830130389940287, -72.01119365827407, -1.373159361388215, 174.68507766388902, -3.8029337608118863, 30.691486191171947, 27.700838400041246, 27.128685459748144, -8.477347007161185, -123.38372251010075, 17.361350058498402, 38.74077214781421, 37.445993424698926, 37.84061700764925, -70.71149492903292, 67.78410518527151, -101.69725528296547, 88.12218612464642, -90.73939663584416, 5.0047384205208765, -11.618823324951595, 7.899599656655642, 13.041520443666165, 56.04977684519074, -67.91813141848452, -152.4417802141138, -30.67420204109911, 59.090722868740585, 85.42126950332266, 13.588960656495805, 86.6268517898366, -20.801845146274577, -56.563367787730684, -53.32802295426121, -46.32910011065726, -8.599590170499589, -12.140381131571091, -62.693906706355385], [4.650050158951521, 75.0796426621317, 10.55426693585482, -5.6221837314860235, 0.3502171036961385, 21.985024946571954, -107.70551096280836, -10.799977060032948, 42.77853250304984, -22.070576623374148, -62.942143194758856, -8.926041753775051, 863.5893152163119, -62.62526341038025, -42.992156212395265, 19.927024451788785, 133.92765939931803, -75.75464130725211, -9.766057086688964, -112.1994289315041, 13.596477051819459, -1.7737225470098008, 56.66170893317053, -70.8427306984479, 36.60280338701837, 1.100423971675646, -59.97662813997525, 11.344732550032857, 97.47491358804149, -51.105908947613536, 65.37283638163586, 17.84483462456855, -131.02213133216316, -109.15333525890001, -104.51910128588185, 93.51167737571322, 10.262508244578889, -59.36814214930142, 92.75535291300612, 100.32237185804183, -40.667036153359106, -0.3419745920257703, 12.672293670801823, -60.08921877344147, 36.1281568908456, -21.137251708146643, 58.32733139916358, -166.15513875845642, 158.4565490561832, 23.311322508139202, 18.754181674424302, -3.5933134166187544, -35.662205406905336, -4.908251315709066, -80.13451768284524, -105.25797472599922, -176.31831806686318, -33.57162313431107, -66.11867436129745, -93.2525215421955, -25.93357222510535, -6.123785844803881, -53.08470849827359, 55.563819729190435, 98.47751175348326, 25.474619879397302, -9.283108551067896, -82.96107174409921, -39.545450583734734, -35.056168279286254, -97.76513318316076, -39.013571415924545, 88.0691996592536, 1.010231006161633, -89.64469969560434, -28.461507898752494, 35.94799586343227, 136.4740687963863, -33.84766552972504, 58.44371445141859, 0.1484348387070223, -36.71814327903695, 3.174450122535128, -71.3042745554436, 12.296632034391427, -33.189283894990645, -95.55057297592478, -51.49077740577531, -49.60386187750745, -30.180775110526035, -91.48951428595659, -135.3662177085504, 69.26175236654086, 16.385822377374552, -53.21259507363828, 53.60269193475125, -56.81781915822755, 14.023086196069265, 114.17891417366212, -34.58379583899258], [17.90887191869004, -70.67174752369935, 123.92029139249163, 14.073658581895204, -59.46921153233343, 51.6876985080169, -35.67079810366954, 44.242405063473775, 130.70468697921018, -83.71514868423225, -5.766379656077426, 36.244193659081155, -62.62526341038025, 732.9313410862505, 26.806685042689967, -34.74177480053573, -39.32924736609631, 44.42344585590948, -100.85583383860045, 20.25532333055584, -29.009635903067025, 31.099650271350335, 18.46291028182755, -118.11316338906406, 72.64583272148445, 95.61049240722669, -21.840733964445445, 14.199463686812267, 77.32918361952916, -9.075396665689217, 11.650145237109939, -58.478253031974724, 62.51480669843691, -5.526886753175767, 124.98457563845825, 42.60048283369885, 77.56401618012399, -211.9323703279082, -3.6655979706506105, 31.124145857792918, 66.70146971316721, 70.51450869085731, 87.40477367584967, -84.2328031339033, -1.2395067722577766, 17.280770751109262, -11.362751393558073, 90.36400052442292, 73.41385305308165, 24.558801474309703, 103.53888625040122, 28.249672014351024, -43.17394834210404, -32.606518770402324, -85.82174433559885, 31.088680720813766, -55.62462843779183, 21.53871148605911, -39.60511698443949, 108.19590860229259, -4.24300673235533, -140.816591425269, -67.02158767363466, -39.147561053771305, -143.364898347052, -5.636178354756929, -67.69607057419631, -87.8893692773371, -9.506943598220845, -29.24583329269929, 22.900859417705227, -16.57962539725095, 11.499000545816434, 17.77938060005719, 60.73599765264019, -2.9929059274756984, -53.102893409810704, -117.47084932128531, 17.351711973833897, 67.78479681203643, 151.61196651284152, -47.64374946254314, -65.6743976156017, 91.6943345509599, -61.05403403083361, -40.15701714588464, -13.343972977866931, 76.28610467242734, -114.0196976443736, 46.76402497497936, 112.84294992394167, -7.204556741135111, 158.29378824094073, 65.32922102968205, -1.2587855283351859, 5.091262134812543, -51.68213116980546, 4.311498549215809, -17.647541336493095, -39.11128329728523], [-35.363838517224494, -75.89021398855924, -0.5091401144437665, -70.08960625835525, 78.69477533677292, 115.95532030671875, -90.21845546082834, -47.36559025039675, -73.06821668694072, -54.33333675983415, -73.40665285659183, -8.307430986013523, -42.992156212395265, 26.806685042689967, 731.5651806911626, -71.06514754905017, 140.83265135968335, -47.67792932870076, -30.594279828726034, 93.07395378349358, 7.273379310953503, -111.11108061838895, -10.892154772463225, 31.855822730193935, 76.82732834214372, 18.84894745211556, -136.77216510069692, -13.22346325492767, 22.6973660350598, -168.9408250648639, -86.28408585076394, -41.48340074788532, 61.3988097765592, 42.64802433688574, -114.08541954248611, 36.664404770067335, -3.221466908039755, 32.38616129399332, -140.8694974090472, -51.25197352617204, 123.14054426316073, 70.07834580046473, -28.075407646428374, 21.13986378553863, -80.60137982620356, 9.993495042512352, 40.259039373598206, -59.66141379512912, -17.109499921565597, -80.58991031938538, 56.706529929648646, -18.4097099457869, -68.45840457592324, -87.18420544682839, 103.21141433182873, 47.47986768409636, 104.96049405925373, 6.846103328242676, -14.626538448569399, 41.17501962439404, -45.417038554432224, 100.38982038369615, 61.632152024431996, 94.39276339374403, -9.236099464278313, 50.12569993804458, -52.83327134112356, -41.07505623001163, -41.058075312763414, -37.79372161842011, -7.828305134967034, -18.990277564817433, 47.12713670591533, 95.47124529612347, 42.871313026272624, -51.41987675892201, -104.66419970689283, 75.31360946220435, 71.93534254521764, -81.78814453739125, 5.220231237761793, -8.763784236700722, 41.845430073841236, 77.4809161047891, -43.76488305151164, 54.85608914238253, -25.38792205337234, -44.70136203333246, 90.15481886511427, 111.70703295714794, 161.81351930162265, -56.63038595428476, -25.882626287639557, 55.87602755903797, -22.868189282419767, 74.77221821942763, 95.52705835822637, 34.45927112667746, 58.01817512825623, 85.62505037626603], [-60.282450744434534, -152.78554126450544, 65.99587940285411, 11.304442037168725, 11.15767783000412, -43.292141674919456, 62.812068348621104, 64.68737913951172, 59.320646809752155, 19.40782371812563, -36.82175269355307, -143.90162282548744, 19.927024451788785, -34.74177480053573, -71.06514754905017, 636.739006594416, 24.28296822545684, -0.17004594262821346, 9.016038841876568, -83.94126956492411, -92.99228757987493, -107.28616054044065, 47.42132622724434, 13.820210954375874, 21.890170372789896, -50.74006976002264, 85.3509262046768, -81.2501946412128, -42.558206786628716, 15.843425843146417, 52.520494064829506, -59.920673755851816, 26.34734523093423, 43.98960957213391, 92.53147002240685, -63.73073735936467, 8.353502075680385, 34.05749044895965, 29.166496668523237, 155.0926647088791, 122.78348629211183, 14.716686328722444, -4.948513636042683, -10.142446940264414, 42.41947129452841, -9.02638527345719, -22.349699705013965, 2.568059222104814, 98.66336763211868, -16.844469546138917, -12.772091793023193, 54.547625990358554, 161.58075342219732, -43.04945329244825, 97.41578094130774, -97.2732207401909, 77.48120851209866, 19.393632952642506, 113.22681631627974, -24.276424336980398, 26.812262266921067, 15.144863282037313, 54.286853833432936, 34.07553713940502, 89.553515812534, 103.80659894753856, -25.865182066619067, 67.87101858375927, 37.161691866386484, -97.62346857235872, 83.67116220459947, 62.59088647044176, -102.94762786730882, -95.31634174182612, -44.36945384965554, -40.591574316590695, 160.02770191597972, -78.63046572200113, 81.54945557559982, -16.81313148529375, -58.113981395187636, 38.141098036968906, 7.477578015680903, 9.667417269987137, -26.702847460282328, 42.882968302203956, 36.28126928914553, -61.89341763813408, -5.083388768616709, -87.20923201319026, -99.45906989077211, 49.01194575738956, 108.55931335200533, -17.051051708162564, 22.51016835030369, 70.00889329151161, 25.6131044881089, 15.340396297562638, 8.30381819976302, -80.41389056976367], [28.127329709426864, -61.92699626267778, -32.335284398661074, -64.40018857650794, -85.19560670732402, -90.52647620608559, 133.20851732900428, -61.63286831449347, -99.82888077020371, 54.60132290602404, -87.47397681632721, 94.18522521137574, 133.92765939931803, -39.32924736609631, 140.83265135968335, 24.28296822545684, 816.0992347015228, -92.13228590292809, 38.51368475216602, -64.7886500161616, -92.65420534874147, -21.507470947535303, 14.189407056839688, -64.51841075964815, 24.20627308075658, -132.64813186240872, -44.119631213132024, -11.380098903119704, 58.49927860855351, -83.49400873354725, -168.82784497308577, -60.39714972974579, -32.07641473292133, -26.373034304524197, 2.204074039369964, 8.405215439589826, -83.25459192593512, -107.50549032960231, -8.912286135992112, -38.454695883677864, 66.6359371788748, 16.964469352174678, 25.109830204522762, -18.459672802932207, -42.51722834072747, -51.492340273849095, 89.8199386629856, 66.02902440203215, 32.464193743487584, -50.6154688887, -93.72031211268123, -27.4873233867913, 70.5095372102812, -3.8275640698531066, 105.68179026825264, -43.19893798472318, 66.07155284684009, 92.7059262777489, 16.116066712186026, 42.675134547604365, -82.12721636691555, 96.80005357700212, 49.96838126816883, -2.9182117457932106, -45.43753687927842, 61.92618619290816, -12.13314952115973, 10.045437502703182, -97.19578877459882, -80.34058543309757, -58.6052497699743, 6.3391553464955095, 18.087759179475462, 10.781440182475638, 37.85180832080279, 95.1089361792824, 65.51798802388723, 32.58369795428593, 36.08463471029605, -39.90570316552651, -42.07970171781216, -58.48129286528215, -53.50368964273021, 83.02724088345354, -79.87681883905356, 163.24704735392143, -204.56752992095568, 71.96911844602158, -71.35090345569094, -30.340747032920802, -70.08124824556776, -17.506297621759227, 82.3427172434917, 134.7700705970114, 37.276447419124274, -65.96567512066996, -83.00131886173541, 17.607670679032108, 87.78629093439977, 65.67991138336801], [15.06065016401606, -61.478656025823334, 1.4953127050421313, -35.08769528879263, -77.1946462061723, 57.94981808333557, -37.95242130003742, -102.6396275664565, -50.74133665810514, -87.05775654222505, -58.13328568119714, 80.99809032526909, -75.75464130725211, 44.42344585590948, -47.67792932870076, -0.17004594262821346, -92.13228590292809, 756.8756327474681, 6.565899623706174, 24.90617701940846, 86.72803124350433, -5.6728827913028415, -20.49450030168233, -33.450097611820055, -71.6151808365969, 22.58407693275755, -46.676498514459524, 74.29253055434776, -70.0091191683714, 14.327163836184644, 13.386274265666659, -34.15550878570297, 42.522912622980876, 29.159003989318016, -85.7339376987186, 57.26076709599746, -52.04324952023019, 28.175563295316397, -130.62720432382216, 34.29496175336464, 77.33174332646922, -54.237695108759354, -41.55032688429355, -24.97597887943005, 43.992072678693496, 127.10160590225235, 63.17976760124457, 160.21200288289288, -58.11118154502335, -107.24258590700401, 38.200327355305134, 144.244530721102, 80.63540790234755, 80.4127391697496, -209.6829868942073, -119.45651847072865, 141.08209429632413, 75.96252302254918, 3.9516040366063243, 35.39860251555202, -34.379937453010335, -12.072144384518701, 57.01759496168819, -65.49973819761163, 13.851523364676247, 22.917947837894552, -123.95631662829372, 50.722262975309945, 23.079275801097324, 78.38979635274349, -97.60523966866617, -68.78402978836358, -117.79566835405896, -262.1089305474026, -91.30681763589106, -31.241068780478674, -9.527594619282269, 21.91246721317819, -54.98036605551924, -27.111482965372765, 32.388776012835606, 37.49457758940058, -36.41421488911917, 79.04988301937016, -148.8008701608731, -52.21738776634841, 58.67485977283733, 72.54973049416395, 4.919572627240742, 0.483896349318339, -11.960504772666523, 50.552816222980496, 60.79186119426435, -17.06995774958922, -76.871302192729, -1.2594803375530632, -64.31839803431303, 39.967619527339295, -80.45406615127327, -55.863350753827696], [-80.66931565509829, 20.95039221446115, -37.49259720799675, -110.15170331175493, 18.74720842652384, -98.18545358101345, 93.8093828126148, -20.56989749855897, -11.899637738367568, -3.281300069242751, 10.824856435566337, 28.042439128665123, -9.766057086688964, -100.85583383860045, -30.594279828726034, 9.016038841876568, 38.51368475216602, 6.565899623706174, 775.6346878516779, -187.66712120846825, 37.7075720599756, 80.0462505404633, 130.93297094129446, -28.10717685960204, 35.14279226821783, -41.36265242300038, -38.45185779600033, 13.246850380542414, -178.0001902524237, 5.474301281021438, -44.428162985400924, 13.922717836295208, 69.96528338389668, -109.85109858283339, 12.723772488062975, -66.45414736166563, 6.734283008225417, 22.032448601815258, -20.978926235982087, -0.37844715821292424, 22.149451078660853, 118.19191052619503, 22.40432530505332, 4.409203978642534, -3.4798239874430634, 22.631414108775516, 21.205885180283367, 38.1758963003087, 36.85674197453832, -85.90241195470449, 38.25378926913837, -4.98592931422993, 51.27735364921498, 5.826436541980355, 87.37583497580404, -13.871398453629967, -33.25567848633956, -25.62159371019305, 78.68419400597924, -10.990935697014784, -48.58937874117946, 3.8337899018103956, 113.75992916405872, 81.71618200267604, -76.08499450887973, -51.148559102745004, -10.795298594077913, 12.240845478399432, 25.975237730224617, 107.85467537165292, -39.41643488748375, 140.66206726537487, -73.05798642413718, 28.764286271441968, -56.512934580339, -8.951464696218338, -13.202187540747468, 5.148748712395803, -12.512634190103858, -31.16359047523913, -84.50054803484534, -103.09249833028903, -10.694106209054127, -43.09892486293632, -56.438869002123916, -14.825921536729732, 95.6321206788452, 11.829062030329615, -131.19897141269192, -129.41149479112332, -72.0304479990409, -57.248820750230394, 15.63213181523661, -26.623955299969793, -0.6979998179937041, 85.38721833831369, -97.69688247578962, -12.082277435920096, 1.8528128574910503, -103.56292841907144], [39.654498021073344, 109.56076902528264, 49.0671781532945, -15.00959213982185, 1.3460965245334382, 74.2879814979148, -0.4267690164359901, -43.10985274275832, -44.07124435841694, -147.28865024914361, -18.292199168897923, -104.24762534716518, -112.1994289315041, 20.25532333055584, 93.07395378349358, -83.94126956492411, -64.7886500161616, 24.90617701940846, -187.66712120846825, 720.0897252683975, -51.465389173645484, -19.87118481651374, 164.80405684885747, 26.98998059409112, -14.346374137064487, -163.76620220839726, -69.93838740726686, -12.799778136405713, -17.93603121748159, 12.80161054801267, 166.65519128863102, -123.94890171967533, -13.452242290252995, 52.57755382936311, -87.70260897978093, 91.81561793379707, -25.695592060281403, -60.666754524968056, 104.3818700507059, -34.737579280488895, -28.26107438152277, -84.90413181648903, 26.616462943066573, 1.8684611989776772, 33.48145792503486, -41.33863409206858, 5.653952756541471, -22.675170466869687, -123.23440445797999, 60.12458894935408, 39.34497129018837, -62.47036431821275, -10.039823031497178, -40.885401822759164, -33.69936885943599, 81.51698838652152, 120.98737224509813, -58.94103953076158, -61.50218513886893, 46.018904711569256, 26.16766159835208, 32.87521735287037, -32.07016693867472, 93.58663166511491, 36.46488987791454, -135.33395009170994, -84.24875422556045, 11.583439067837222, 79.84973982637717, 21.447730630285168, 17.93284434903832, 19.068803538200473, 74.25012438846666, 2.8912023546118184, -41.980520701152834, 19.654020072992953, 42.146426405274376, -42.51238268902767, -0.8216450216487593, -76.40658295387101, 9.50468588992091, 119.05626539818711, 24.96073811893417, 42.107172368610314, -37.616767603258474, -69.0232717872634, 33.26725018006426, 23.159887234835598, -59.67816173075792, 9.217191562076229, -16.861645262751434, -25.980628641136278, -6.9701657827889045, -125.13292860137265, 3.0611694244502368, -19.98377721467556, 144.6054109473172, 15.188501119378218, -67.50150450534909, -68.62158160042169], [-38.391151715197836, 139.92117142731874, 92.46114962840755, -4.643334164752982, 108.09694621785026, 8.980369811519092, -52.36188662863057, -8.021752115955621, 118.94203546975224, 21.55484640613387, 3.1102437152498923, 88.71043684222212, 13.596477051819459,