{"N": 100, "M": 5, "A": [[[635.7569818582425, 36.24939858484423, 53.75703274437705, 30.387449841151096, 135.3072572516498, 10.344583479775926, 110.93295518119713, -10.478197643018186, 10.601449223252766, -95.40980046620531, 6.907306974635791, -34.92371890374448, -129.99287079642076, -106.81528521891386, 0.2592645613203664, 16.978920116776543, -73.32001665036934, -97.95000267041908, -64.30538873627621, -62.80768496182214, -18.508730810717793, -66.51783450805436, 99.80731721595954, -59.71112011356199, 71.09653985624043, -89.22538073819429, 59.491864470151846, -66.52507342096682, 16.851757713278992, 118.62103694925949, 102.78732019813182, 42.452933638579175, -98.65088199007413, -32.409916846205725, 84.63415245474422, 76.32239750878941, -47.2378890803826, 105.53328767527107, -40.42332037607853, -81.38127098322336, 34.361630747774534, 4.728351330949182, -24.844630731303077, -92.08469249441335, -2.3513900350204238, -21.928742631610962, 25.236106434142343, 12.677615265663167, 25.514262441706396, -64.57870664191987, -12.22881470775537, -46.02403602274075, -6.438692872554318, 2.9253257993246344, -24.952117665071967, 7.159623012453396, 59.58870315698903, 106.62651728105638, 86.1205789893466, -24.448029097402443, -122.62540753789581, 89.96248508634743, -116.93403138414425, -12.284231823669066, 57.58518286972082, 36.19557000472669, 22.26828729672298, 87.7256444942361, -8.319791993240104, -19.826184079589193, 51.04524968001267, 142.96011487368023, -6.427893777701262, -28.95614913196165, 35.09395147696383, 13.213835724690027, -62.48359296940347, 11.81651348625967, 31.376807956494144, 29.275582450567764, -27.10897252444743, -78.63983794191816, 34.046530444661734, 40.09865288199988, 55.73797828783058, -29.4292296963563, 59.21877005153821, -5.078610569730851, 70.19980822090999, -0.02546182413478815, 58.12174159740562, -108.49336440723933, -78.01173648610903, -87.62678056342095, -50.8646224215235, 109.37847175586742, -50.82463638478697, -39.00148659237557, -241.05907764399493, 78.25056604446868], [36.24939858484423, 804.2509081468911, -126.34956173159945, -37.82802161303689, -11.806911290732645, 71.60085066084315, -0.7987114718151612, 2.903646107271575, 76.47599129229393, -113.52355542157362, 16.951947824756008, -5.830075240122923, -60.77378749784909, 17.18552949178253, -15.370707821610022, 5.646078727759603, 8.581593084707253, -96.37150743190057, -52.07157737958606, 25.062567354008426, 8.180649794244308, -121.8034434249096, 209.3037070398242, 18.13280730311054, 65.10747434550667, 76.84368440856746, -36.661104185927655, -136.87374805722186, 86.84776409953305, -8.358441844632313, 61.24749380816614, -82.24549205374304, -14.213986509209857, 60.7962288431997, 32.87982028656272, 86.90338594508964, -26.10335774229086, 114.85584784479936, 83.00264522238452, 2.6167342589926426, 7.369301074297594, 30.15454708454541, 46.033571421179865, -130.4947282911856, -42.78198560170128, -1.6945242709864796, -59.60314203416739, -43.975406021038815, 77.99111997194088, 54.89847429139436, -146.77249530522377, 29.648780694119786, 38.575619056599976, 26.942039003672033, -22.644733202545787, 88.75730716322086, -5.700273325178371, -72.50796562635294, 31.353122534124136, 34.57760255652276, -80.08010627769478, -57.801377136559985, -92.72016797657172, 176.7692938382842, 127.18001702221176, 90.98807498275302, -53.776079410062735, 35.87683541087572, -8.466523867500594, -43.139529402041084, 2.595809320019168, -159.42722493317993, 195.6692136820244, -51.159281414423944, -87.87903357862022, 158.23167252892694, 59.34425551390887, 24.183581005117446, 12.6728357071189, 45.97496704470085, 49.19633682801898, 68.36746985528728, 67.02226670638599, -11.294755561886843, -140.02372889020148, 21.84284120362566, -67.66081253606094, 149.49325651326433, 14.748758366449024, -53.855374604259175, 32.805558227711245, -88.70294900678698, -62.59720034436248, -83.87334118053232, 59.10863708663575, -7.891350268445175, 66.35868950648056, -38.752641625471185, -9.9457860523017, -3.160184296477865], [53.75703274437705, -126.34956173159945, 921.496429804291, 74.60331734116812, -15.263953970930217, 3.6776531881946335, -109.16096604376081, 26.46331616173378, 50.592606632395366, 57.5244588524197, 127.99735430212354, 114.41085145026341, -31.23140842377441, 99.10060986174469, -26.35107942710709, 78.72793611241424, -35.62803258101153, -63.907067260841224, -70.32525801247665, -59.31105716345216, 7.445711093539172, 9.592097380926047, 35.2210692851938, 38.833325809737296, 5.253302849497263, -74.14591500428503, -30.563589377847826, 13.52757257746312, 17.4329060812174, -21.51544784738108, -128.2345748650693, 16.634110582599764, 43.69421594564654, 64.8613346018057, 68.03354481531983, -13.256755574928505, -2.6725605448253145, -76.92679246723958, -112.86461554939571, -13.662387249243018, -98.6711928094442, 26.177054510710235, 96.75270403247768, 13.124834782295707, -46.519197416030124, 199.16477527606867, 69.6278639432294, 17.830276818345514, 41.34702824514953, 28.573612703297176, 136.13680751540082, -154.01733933306113, -1.7495758963806103, -2.9110707571469523, -3.941037476210491, 16.692437273432336, -104.89936515057441, -112.9966335566176, -109.95119056146173, -112.15929397282757, 94.91025102703013, 44.46559720973967, -91.58468873933414, 63.02774876562071, -44.28910632069865, 59.77570482593018, -16.039974466228994, 24.633702957058937, -116.10398656918348, 106.92353177380218, 63.29519273462177, -28.56678565317489, 22.022247279215026, -68.94423507460424, -70.07296098041844, 27.282478222532895, 105.02863580961771, 41.18063903598206, -54.34777065456946, 161.08532518277005, 8.853501361461069, 151.52161946096496, -10.089096130818831, 77.29556376743365, 76.02230799849751, -59.88935491544838, -7.814019346254604, -53.990255754219106, 16.234800817866848, -3.685841942205297, -33.7954311786609, -69.67220368986919, -16.44486381110237, -59.4992558334347, -147.73006683789646, -133.08585611808655, 61.004423445642296, 47.53895354661788, 118.49073473958163, 113.35973143493132], [30.387449841151096, -37.82802161303689, 74.60331734116812, 636.1075925563292, 32.14770374005397, -131.4792052831663, 1.7052332286889553, -147.02316540658114, -48.42229824247323, -57.3505792377899, 40.97369949561162, -51.8232497166255, -15.536213098286064, -5.5719490631650705, 28.16381850971211, -116.90206976516826, -45.76988673731445, 17.67458160740303, -80.40123672783331, -28.365591617783927, -0.7758061926213592, -65.30858263963827, 30.913368374542568, 13.780695573718226, -49.2870520828313, 24.41501375177772, 2.151326393581399, 63.51606459162994, -81.18919959092797, 95.9319508183232, 38.29301597286444, 8.464204984114787, 43.70655375342847, -88.94310708894943, 90.42926236553232, -2.317353049099487, 3.3902641465033776, 20.492756007971018, 37.30571725183601, -10.02197394670808, 22.04349711883528, -73.54320292900708, -85.24203083481127, -38.30184309362163, -31.149003057756843, -51.04799096150159, -72.50787115429756, 31.832916401301148, 77.48947786240976, -0.2673199985352415, 57.245303090228745, -138.44405065946648, -136.64986086260734, 198.95240567786757, 250.4650853268139, 13.981623202494715, -67.65142680102346, 107.10133998451553, 39.30748942464942, 26.49792644894379, 29.90108171426929, -60.03037181824085, 26.404796207437172, 13.958021493210822, -43.35293553936606, 10.673649341023518, -60.24435976934112, -39.84977668871711, 1.90327665354114, -17.05250267944358, 54.430511350641396, 11.40847840814487, 48.12987179092567, 48.543445578704166, 57.74563911713924, 68.54359384149039, 85.4184220054797, 77.9047926635825, 32.84619652846865, 68.41224929950704, -69.38236575884837, 14.452725928899522, -32.65364001813466, -6.4584739573419, 13.934915252195777, -43.80540087229016, 65.95350783040313, -110.40949547858929, 100.48308317041241, -84.88040241654667, -70.31809696387457, -43.76017154212613, -44.900924745924996, 17.870543265475064, -119.90829500489953, -36.851726636140995, -19.801247419471906, -162.68213539865212, -46.115320745130425, 16.305994593080765], [135.3072572516498, -11.806911290732645, -15.263953970930217, 32.14770374005397, 757.0831324215047, 32.02566051694277, -17.936600853057662, 175.6861597381974, -98.23392370737687, -9.726166473863188, 30.925000426589552, -28.48777453493266, -80.89795057285913, 26.247880316651592, 39.29785230727629, -4.866328559587458, -15.381829470148082, -4.031083815188332, 59.63667133851245, -56.554536546934415, -18.346552816571826, 68.99716386404646, 104.15016045553394, -1.3798618871395516, -58.38069755346841, 18.005444643452087, 40.314072640364685, -100.08219250838766, -78.53674212044199, 92.02690560388686, -16.97198468805016, 53.11285806173834, 78.42386126876936, -276.6123398522656, 23.604319800960862, -59.06850849461372, -92.79255381387182, -60.95946124523778, 80.4573597108213, 24.053737463777544, 118.91357777481424, 42.47435920582629, -24.39712087535583, 55.433949083826114, 78.6696918194641, 12.768509290504888, -95.13002500439526, 10.592713113957823, 60.42643605128977, 74.7963917729475, 126.2335779962425, -15.881597256205357, 107.71019764703647, 179.51380619336558, 26.285941471550508, 121.02019807171494, 33.47212799868134, -104.54946542408985, 119.23605343567884, 87.38062749357086, 20.024829622570405, 67.1251004361159, -58.47389167003988, -35.10504226900392, 39.59844446826907, -128.4866414198184, -0.13289005910175541, -76.386680200184, -24.679388469027653, -84.12833224866297, -22.77561267582477, -24.696194375245195, -24.20642409776519, -89.8954438919567, 11.548727782001547, -11.281071745293895, 56.316418382921896, 18.990252312730867, -3.880299369384617, 88.39544114047102, 65.16047514304711, -13.089490704576507, -33.84095400299209, -11.786502579467916, 86.30581847697766, -17.365804071049315, -130.64239019045053, 59.14720103480226, -41.91026845038219, -27.962683884149705, -60.16920872853634, 5.067482975482724, -40.46167936124222, -15.125774361506837, 11.615146499468244, -22.453031719535474, -128.08767327726719, -67.61259419941418, -91.5893523679586, 27.151962990576898], [10.344583479775926, 71.60085066084315, 3.6776531881946335, -131.4792052831663, 32.02566051694277, 762.4936980537001, -48.74077361327412, -14.108661881527201, 14.640254591901167, -66.66805441371133, -86.1868303949437, -16.017588097661758, 47.912006488336495, -30.47594924895782, -95.29842035770797, 2.3971890727939305, -27.579060806602566, 35.490380089345535, -10.778088803772846, 94.98698625457799, -65.03218643737405, -87.14416833031535, 86.23305166756336, -41.000187332489446, -90.27164458595877, -5.077506949559435, 56.55871401831997, -14.57651092610692, 105.4075546417456, -118.1993068859854, 83.81362090064961, -140.28170086211432, -92.28041960636523, -74.5992740777381, -12.121078316580995, 210.6140814123284, -9.753788593605877, -50.243878713592665, 31.22941252883316, 43.88895335797371, 55.05809600087291, 126.66599925460272, -67.239289502318, 15.98579316332156, -54.4499359102591, 10.67500358213516, 9.126282914043207, -87.91541187362252, 141.0489729328475, 64.05721900391967, -53.31326669456997, -55.28875755974541, 126.75992864869116, -8.03703509355853, -40.13643997827346, -126.09551688822646, 110.28347906903478, -55.81996028556253, -171.9957775369775, -66.88442995645238, 14.875429466191381, -26.401099072944014, -202.3507251209089, -8.745825602865933, -47.685583691722535, 35.81951453701111, -16.759290817754696, 17.521673366207615, -36.95311098718728, -17.51788282696517, 53.14705594939814, -172.22103946339453, -64.64787767444871, -22.467090253500555, 137.6454743781285, 33.12683327664767, 11.025515328983149, -151.44384962820087, -63.3059436888656, 7.123348038012268, 59.83315517771379, 20.78731321064665, 104.13926445915418, 37.90385998985093, 47.26857370420649, -17.947558307587098, -45.5137753455243, 79.9643148409267, -41.76671323546632, 31.094513516525865, -85.66258201083859, 124.92593690253142, 25.114543145180612, 0.7835226316634094, 7.601125974120081, -55.985293036483654, 92.37180706127101, 18.567191055541333, -28.559240596479462, 44.97323392192907], [110.93295518119713, -0.7987114718151612, -109.16096604376081, 1.7052332286889553, -17.936600853057662, -48.74077361327412, 686.902875147634, -0.822832718759688, 9.001415684122785, 22.090585324096175, 3.9800201040962633, -10.739800713267053, -25.11878754311143, -109.68670195504076, 9.088882274621596, -61.69264950808725, -14.0907280766947, -11.72150133479087, -53.59801644166809, -18.64563151061952, 115.70592307065836, -37.9419331760626, -45.95989648399847, -67.60264578074809, 151.09292060146063, 24.212568419664997, 4.453874141738935, -17.549694747870266, -44.419843775860656, 52.48519781458903, 85.28327228081697, 194.1296912495729, 48.98532970337067, 85.44537931607337, -67.84906324706319, 4.19418717593215, 108.36258999780655, 49.39181243670946, 10.22356715847039, -56.7369571265837, -15.274558719092534, 112.85585387762643, -121.91603208936534, -39.744014761757384, -61.9384845193307, -75.10632842842436, 156.57482456236792, 38.73702446278997, -142.95036970139418, -78.9076046141748, 49.79908440737371, 26.04557251427364, -33.71088067116426, -37.451273297338155, 87.57142066693315, 16.50481628555965, 6.065688488067976, -4.465114821956427, -178.13998169475371, -36.83074192823844, -15.620703800145412, -35.78862676959504, 28.737120179860494, -113.11150098162838, 0.669013031605491, 52.97543527810794, 60.62077049007245, 64.37784134527604, 150.86570952951678, 17.288896711178165, 94.87212369386688, 157.5576432627568, -173.7794212068389, 49.099146002025364, 27.691289179566184, 27.521909077590813, 22.91649055260727, 161.16954898120775, -77.91576464240615, 77.19891697300012, 47.4010430902202, 32.50333080660692, 106.58680380985176, -111.93524282402784, -32.0106501002673, -66.5545189434012, 64.7678799971267, 0.7035850244990062, -104.10241916105637, -10.188967971390477, 49.701898339704265, -107.78400016251572, 37.7647312959661, 47.71675474874797, 32.15277376600207, 74.7865678785146, -28.456967135065106, -43.86258529536663, -200.71695939501808, -75.42005316496798], [-10.478197643018186, 2.903646107271575, 26.46331616173378, -147.02316540658114, 175.6861597381974, -14.108661881527201, -0.822832718759688, 821.304328900658, 67.83829893908324, 51.23403069325857, -50.40448464723668, 18.632487738236236, -106.23463692925336, 69.14338837039934, -15.692787822631752, 83.36778327679565, 99.76097027260442, 8.788922556919072, 4.618693245428499, -34.954482974776155, -97.89301701436474, 31.22923522763136, -18.843995097628273, 21.9383024278337, 17.35364697780126, -75.29785905204727, -42.95875835167544, 9.001537618928051, -97.44246425952235, 30.875985633242816, -55.442151656030305, 65.81112252801356, 74.85581205435909, 30.920619493055487, -32.65384353413052, 85.15852523416558, -107.54130588886788, 54.45425276371643, -6.087772390482485, -19.511459261873433, 25.91957736482319, 102.85906274623603, 86.74356771362179, -100.67990562335065, 23.6113326569108, 37.55675982380138, -8.055974501486288, 14.980687182251938, 10.345432595040037, -50.15930542124144, 25.05361382206904, 5.169016911822635, 52.42346513192553, -19.572901897462604, 39.407639965525824, 67.57816629574646, 83.17708803738333, -90.71785247842952, -37.741061164146195, 15.853044648914626, 38.00922620490807, -103.92228186191569, 10.588224352077276, 41.455153940415336, -81.39195129519989, -3.4067074406581948, 61.53161997746331, -33.37861182994184, -53.21711483111059, -6.749492318988576, 41.622137019988415, -3.823288987382114, 21.49391733027485, 63.018005369274285, 76.85524422578449, -90.1883623083722, -42.71221108694648, -4.0964714207063135, -30.766704365259503, -127.79319831650834, 34.98833659447681, -36.27110068807168, -37.90370977851649, -79.64293355819953, 58.55701504010095, -14.305434394237128, -170.45049265016092, 93.19044102938201, -52.894892983700885, 110.66333337116139, -1.3109971487867031, 20.12756300930173, -128.822468774238, 66.2526688712903, 57.08298965700743, 39.71311584143457, -78.64406851515308, -33.19633967070111, -36.22165838697387, 56.57965753852453], [10.601449223252766, 76.47599129229393, 50.592606632395366, -48.42229824247323, -98.23392370737687, 14.640254591901167, 9.001415684122785, 67.83829893908324, 772.0995895194309, -44.770614928423555, -89.7292943194324, -209.77199371519316, -52.09599340130029, 120.56716836884532, -74.56473208818053, 163.83488477199538, -52.882633293776024, -180.27530317556432, -119.43297150891252, 10.486759181553888, -70.06526987731426, 60.91228184362945, 62.055335492822834, 10.2072366290566, 30.81435085621361, 53.78346273873897, 35.06108829302853, 50.92741534399376, -18.356984848252882, -48.364400979723264, -156.57743522182673, -95.57885720161596, -102.85863175730938, -81.25526321404338, -24.186018449163765, 17.259752666726335, -2.511965811920392, -4.603210000457985, -71.17461626453263, -93.66336668708553, 88.24169172208703, -74.55822274571995, -137.25418520208936, 34.52380970125669, -6.769920041001688, -50.504820218710016, 67.52877248627215, 10.39414176719335, 27.66934939603645, -14.290949796567192, -51.948143911638326, 42.08106728589029, -2.762110033291197, -71.3448062294186, -87.16459542048831, -89.999926421874, 70.27002480281921, -67.51605103850665, 26.499702193209856, -32.92859702052236, 71.60570284116706, -173.72923748415815, -17.423826220765715, 55.7754562905857, -0.6068556703604188, -69.772005484209, -43.05087888674952, -18.718672172084524, -79.64517025888182, 95.45151270560483, -31.842449463271798, -23.895332074221184, 10.612080823123076, 43.0535899240692, 31.502315493085145, 94.48226228440954, 55.375014047884264, -42.783338999473656, -11.902213591831655, -102.89825358873676, 14.471635500043524, -190.6191085876472, -84.92650039213373, -4.166694234620606, -29.811303878324694, -260.77553840786493, 60.43336856396976, -47.84332406335874, -47.26690246707393, -14.475880008469534, 19.9224348160466, -106.36660671103884, -60.41444630493817, 3.8725822927930893, -69.50082510308248, -2.600931137869092, 22.53512862342804, -106.4348487450534, -83.75060166955622, -24.701144054981313], [-95.40980046620531, -113.52355542157362, 57.5244588524197, -57.3505792377899, -9.726166473863188, -66.66805441371133, 22.090585324096175, 51.23403069325857, -44.770614928423555, 757.6475599558207, -114.67209792172982, 63.17339411961596, -3.0911922787561235, -97.64979437756767, 51.50221613329065, 51.063731687099015, 18.123602371363614, 93.14643705147806, -27.747192033117294, 45.54557038399581, 67.56054315239071, -15.691026171132787, -34.092258992940025, 95.62914172607202, 50.448866660852694, -40.51247282743979, -105.3502963660991, -146.4661028056085, -41.04804382214385, 44.473892507182335, -20.326322968734026, 95.95578125989486, 155.58223320648202, -176.58314344054318, -17.344590642875694, 93.70209709108522, -17.24406999010942, -115.79855527390978, -122.74137658924249, -45.74033658835118, -74.81783739069488, -70.51303348180471, -26.23312429296712, -35.05118029565262, 3.206588229330085, 0.05405691375059297, -56.693272314783876, -93.44036197567576, -75.60577653971268, -6.98678457582334, 180.33902185151274, 27.964321694998045, -33.06277439080156, -97.21575520114328, -21.18912231324582, 26.969364597723104, 86.97546668008727, -54.96208188684025, -4.346185326415205, 25.503449161280358, 33.104829820270616, -54.90129059685981, -53.53067066289884, -129.65128873871254, -48.471612148901734, 27.692558529584474, 39.602658876012974, -10.738987311894972, 108.37865910740396, 59.971622804353835, -25.03809662126532, -1.484265618265218, -65.31109523970942, 66.77994678699942, -46.57683897815914, -87.13222270351822, 50.08468059715642, 70.63667742765152, 178.81578172208654, -55.33896357884052, -82.71225061237692, -53.57465841054967, -39.6211285308382, -104.08793845258121, -58.80944704367359, 17.39507024318907, 124.87464707071305, -62.141979240089945, -5.762814548893814, 36.4164526099264, -63.622829734663526, -3.0145117163171142, -11.637309318701602, -139.82026349032, 183.02912799768797, 20.25908681513998, -0.4788627397096064, 65.07297245989093, 91.392259240027, -59.93193275908022], [6.907306974635791, 16.951947824756008, 127.99735430212354, 40.97369949561162, 30.925000426589552, -86.1868303949437, 3.9800201040962633, -50.40448464723668, -89.7292943194324, -114.67209792172982, 774.4688828384102, 73.99960088169546, 73.63468189666774, 88.17955933850958, 42.5893231454706, -53.02748576067187, 47.817206192879006, -145.6356658946769, -142.71764106829474, 59.4009941026773, -50.42575256338033, -60.428116706362374, -9.287716664508165, -194.86315946616463, -100.26343814292223, 63.55620023617679, 20.5861788344422, 76.6313555842921, 113.42775535677197, -2.655975894132303, -124.1114738765724, 153.93553429554163, -34.18613077963773, -19.2132244664137, 38.1534805388801, -162.97283767452174, 94.44779004252074, 38.84510835815417, 1.8139614138739217, -103.15190272331505, -86.67870219385517, -113.32652008270863, 175.55326415558676, -95.02194766006252, 1.4536940712310447, 108.64050809558817, 71.6417964675233, -82.28026397329754, 85.47688641171415, -44.650132884314225, -32.12024339935296, -12.383259539733913, -126.56269200774383, 109.3218537997293, 35.51404987206767, 52.06579234326505, -60.00121348256265, -17.99153480723043, -70.39534025469739, -24.250999295558856, -57.09484991010332, 60.316735247300585, 45.261018469445936, -120.12313164421542, 30.607042841271745, 69.3101373295641, -29.401605825260855, -15.474357221468367, 89.55486344045246, 93.55479734034003, -21.982027239601432, 12.817547746896127, 31.142419969993544, -88.54692821556583, 9.834934542785753, 8.617659871558311, -20.83680010734631, 73.13481694388508, -33.60155793753624, 43.90418950775204, 78.708173262825, -1.7488005925133405, -57.972601473793915, -95.28911244437573, 69.47765551052345, -4.786842671258208, -32.62588814215553, 67.17786640944074, 150.935033399784, 7.900786355297708, 97.56332245222072, 19.75903775362839, 35.899753714748556, -21.399336302270036, 62.45238570824332, -40.59122156478488, -85.09655423529753, 58.65280137413209, -56.77429421520953, -12.961318404518263], [-34.92371890374448, -5.830075240122923, 114.41085145026341, -51.8232497166255, -28.48777453493266, -16.017588097661758, -10.739800713267053, 18.632487738236236, -209.77199371519316, 63.17339411961596, 73.99960088169546, 835.9315707922235, 36.47638421201683, -36.36776431996317, -56.345182666506844, -155.36758550747214, -0.8056488657046047, -53.56866712306332, -184.42130963555007, 61.42204809355882, 16.377387600561104, -126.57614903674055, -37.78224595082994, 96.70734609190922, 2.56326330551652, -27.564200672658806, 68.78617997430965, -95.94561928949778, 109.48872549201461, -66.14096067000679, -0.9218448420187274, -34.217813061873215, 143.92046692177388, -26.947747495380202, -71.88519074256588, -23.438558148466466, -44.15285428306063, -30.02362209869145, 12.043308008392447, -4.768643325155966, -79.97944598603803, 26.185489862974666, 134.46549884046578, -27.059868686695896, 37.701131186941545, 69.48852339756856, 2.9875956278274516, 11.139740750486533, 16.629120177316114, 60.6847070384369, 11.380765180536748, 12.932758372332547, 40.75039265688866, -58.178439997789134, 129.63747650920553, 20.015647202821096, -20.174702084721037, 1.7730960928192614, -40.20945302152995, -11.625879617436917, -36.38705963494847, -62.8339689837778, -73.65355661843203, 28.873634676864288, -14.99005322682685, 86.65521392955439, 91.20544637110086, 22.88662431298768, 52.28826135398881, 59.74953401640018, 9.47931334454286, 56.23165508319349, 143.33610709592872, 24.16959241405997, -94.96680526953105, -48.661793315265214, 178.67714543839583, 18.355493640110936, -104.85661713874815, -26.920735559775157, 8.252492269560213, 42.18760708200299, -29.910465463975008, 35.3312554380801, 13.698397227007602, 35.02477244447546, -10.966960807480055, 151.54133363886083, 45.73538446632224, -23.81551696512616, -9.628750523142138, 12.680279134916326, 34.251935372621844, 75.31486329345601, -10.03972291283562, -18.20987292144785, 79.28619916316798, 80.37945211958873, 92.94486096432088, -45.03163032796397], [-129.99287079642076, -60.77378749784909, -31.23140842377441, -15.536213098286064, -80.89795057285913, 47.912006488336495, -25.11878754311143, -106.23463692925336, -52.09599340130029, -3.0911922787561235, 73.63468189666774, 36.47638421201683, 816.2269296517587, 76.99692325538562, 73.75178297421304, -3.194746493173233, 128.45928649574034, 70.07568272476911, 31.942524867656584, 133.37101576310917, -94.43041348364835, -147.9186573099568, -30.86634156575367, -22.930489341946885, -82.96779891953288, 93.33881916940676, -38.04637037853451, 2.0412139564462386, 130.59331491755202, -29.999857897482215, 46.707421559393865, 17.431720071076022, 53.86168485191957, 13.299110671730947, -158.20351176548428, 69.91594938751342, 106.34547915462358, -132.49430453780283, -18.07197524896631, 5.331191044316734, 60.252462080323774, 42.40909221264754, -7.020433987410995, 38.37507850854471, -5.772692572927587, 68.42787787169414, 39.5426220684845, 22.92163850906865, -0.37616308963962036, 191.086930268025, -53.98847246446883, 6.108049010260574, 28.62446463945964, -64.105672811463, 76.24523229209593, -105.30475690026718, -133.670951225184, -163.4706147579318, -42.38473950501874, 15.114675900652424, 144.38542396271933, 75.22192205408037, 108.61247672639453, -244.24822712492747, 100.25853760989921, 7.051708730511427, -103.85242441671093, 77.36055541540952, 90.88631600274768, -132.35668867829645, -93.91014111103799, -7.198325239766488, 38.77982825268197, 68.45007304607965, -6.969689302773645, -26.22081329776969, -39.9567511557401, 23.069927461937866, -65.31689517754853, 27.387500370930983, 129.92234863197046, 72.62965916546877, -27.339504947384263, -129.68833776895585, -58.080174336422765, 18.522146131139596, -5.33401224979447, 16.52455618091972, 29.285785985302446, -46.176915218983375, -129.85962135111603, -48.04893310429293, 71.9475543031067, -1.383242258472915, -47.477941230385156, -29.923974141598098, 20.04820547263437, 19.454407980119374, 25.60210121456845, 151.9678671061021], [-106.81528521891386, 17.18552949178253, 99.10060986174469, -5.5719490631650705, 26.247880316651592, -30.47594924895782, -109.68670195504076, 69.14338837039934, 120.56716836884532, -97.64979437756767, 88.17955933850958, -36.36776431996317, 76.99692325538562, 894.9019521837354, -26.207354335260735, -123.59284613740735, -13.291812818668726, -127.96883438409549, -23.365760362553242, 17.272042004255155, -10.806762330579097, -194.87661346057163, -72.63722566116321, -143.56422357769705, 19.16151034491583, 109.92559175345288, 47.36405755422439, 64.99172926997919, -39.10036522713288, 8.364583595011052, -51.699708014989724, -54.370217893896864, -13.46991257645092, -18.803020142542046, -65.92716765826744, 14.136205121134166, -72.21932173128357, -63.303100846092995, 43.733474770733764, -30.225473326554123, 64.38272704443814, 144.83309063120538, 76.215856035408, 60.90906095937267, 16.074447927155244, -53.4884585297359, -197.93409211179468, 127.52385615568555, -86.39230154506605, -23.322622698888033, -42.849780241503524, -66.06800000288011, 48.88239305508919, -46.246231328781214, 29.343374190844138, -22.82221013466318, -75.51605677310332, -11.094494948882163, 22.818342787917828, -91.91864051443541, -79.11141234817362, -50.50127770300591, 35.996652622525225, -86.02500702662792, 157.95906687934874, -9.904064712851849, -37.20434806242103, 59.55284641972015, -70.60901458110781, 35.67375762627484, -9.045094310688464, -0.8952241946455356, -6.662191839174676, -101.28769259145959, 115.8526462703149, 61.5472356204571, 20.88333624619809, 43.38453295794181, -75.40246443148254, 34.521995859134584, 38.94855216427905, 3.485091175233865, 60.53091584002977, -59.32605313698431, -50.4404869495609, -59.100797943516795, 46.17618245875208, -190.7738859111588, 13.055203253896936, -43.63323858064726, 72.22219390926068, 53.121901925592375, -7.767347446388925, -52.33009736493162, -230.77183573321483, -73.01055189980296, -66.99807671729185, -65.79516520583296, 121.35491091280485, 77.36515506955091], [0.2592645613203664, -15.370707821610022, -26.35107942710709, 28.16381850971211, 39.29785230727629, -95.29842035770797, 9.088882274621596, -15.692787822631752, -74.56473208818053, 51.50221613329065, 42.5893231454706, -56.345182666506844, 73.75178297421304, -26.207354335260735, 948.2084183459802, -129.2183693753583, -115.54925743422577, 22.719519573714223, 234.93096368880256, 4.655772785533064, -39.74954125418275, 88.97261331252814, 125.60723204726938, 63.90369912201111, -64.68923001824653, -9.76523698255837, -73.4181423442935, -91.13226954567608, -33.62043819675865, -101.45760441086013, 19.034097550525875, 153.22175212859727, 51.11892449895338, 92.2545016948111, 3.849463222274829, 108.37612538663399, -38.69235776106245, -120.41587036179014, 4.247846151512555, -125.32723920077161, -42.474605664966695, 58.450141221477914, 25.116218822479155, 13.494305770006223, 128.3047359335037, 31.56672901009248, -135.7918949075264, -97.78300155088672, -21.41110510214588, -68.28352626171353, -64.6534175601157, 2.445599284641592, 54.33278287463796, 99.88683712189061, 89.44522349162251, 79.90676786336903, -60.26120449903423, 104.3887169535578, 15.0046730611886, 115.62009062031734, -13.294792007530821, 63.53126787187239, 106.99888710157512, -41.11455707101647, -64.93836785685143, -6.8181589092824915, -199.2118213304021, 119.31762484109862, 63.856225415990885, 159.46968168269652, -29.913656349366608, -68.25178163242892, 80.82324785004201, -57.14356121103042, 30.876558957088854, -124.62465647905942, -51.46659189640251, -9.108075356310199, -2.5881844269140197, -44.15008477869565, 71.57689123808206, -48.864081085351216, -4.352624003265871, -66.90588941947743, -169.09525225821662, 0.19903235719513884, 3.431827990952468, 99.86782751230494, -146.0900230514418, -107.84221666751598, -39.613080592057116, -37.33062609804686, 62.8471399467762, 14.221476160190198, -63.309602443199424, 80.13941246598392, 26.499946452717296, 37.53169755272466, 71.2665898905495, 109.56201397677695], [16.978920116776543, 5.646078727759603, 78.72793611241424, -116.90206976516826, -4.866328559587458, 2.3971890727939305, -61.69264950808725, 83.36778327679565, 163.83488477199538, 51.063731687099015, -53.02748576067187, -155.36758550747214, -3.194746493173233, -123.59284613740735, -129.2183693753583, 852.4656076433798, -3.1923679140297354, 32.21822802209964, -150.20480760284545, -24.84612536938655, -87.255129309683, 120.04706891268025, -18.792769067513326, -48.02871384650931, 85.88188888371096, 48.652345242373826, -42.593855191151434, -54.95640847759369, -13.079055848979104, 57.78466281433761, -50.62743682739382, 89.114862724506, -129.9554963550609, -82.33079343832705, 76.84755804002212, 67.21842952570519, -12.663190702573514, 75.14417493343137, -170.96117870473012, 208.95280931075467, -44.81432615230764, -159.11928921246627, -37.81781433353206, -12.886470309638677, 75.43795915883277, 85.18842880628618, 79.37570649221995, 163.71948159000334, -4.088456120008915, 223.79607787474097, 94.75066984538994, -12.114513763213079, -28.01221187808593, -129.5759422037707, -135.17945607487607, -48.2760239882988, -18.83878147820238, -24.965843367890013, -99.78191239531984, 26.646707169343205, -1.872214693102333, -71.28592338305782, 11.97440398608435, -41.22415045496768, 46.186309985201014, -88.97585348412618, -163.7776417485527, 60.411080884584536, -114.65915444842366, -40.93469916125006, -51.582737988305524, -109.01790287577536, 66.63292575740371, -23.773216064778424, 2.3401604014432564, 51.419113559504495, -110.41604629954834, -70.12341487259644, 84.8644760143644, 20.083432202898095, -16.931852124315192, 7.163190322631368, 0.3517412773981709, -2.4906981778065886, 54.59331800872344, 50.971088063964814, -76.15154386380385, -63.65673944285344, 128.96272180065677, 16.681684512511108, -123.9640297126969, -65.37338757777147, 125.09809668421015, 62.56220103805826, 65.12340388015797, -77.51696903400232, 37.976275400004845, 104.8623954012635, -72.86820456115379, -68.76105028478004], [-73.32001665036934, 8.581593084707253, -35.62803258101153, -45.76988673731445, -15.381829470148082, -27.579060806602566, -14.0907280766947, 99.76097027260442, -52.882633293776024, 18.123602371363614, 47.817206192879006, -0.8056488657046047, 128.45928649574034, -13.291812818668726, -115.54925743422577, -3.1923679140297354, 815.8661845870431, -29.605093315641412, -12.874931119922785, -45.730094684802374, -45.42853515422209, -84.71179565574815, -23.116981602967247, 37.98939664567226, -104.56573570545468, 30.780108392376707, -87.94617505739654, -27.433581854208725, 26.39140662086559, -92.37454737504373, 8.005071244675095, 81.8493407886468, 43.270041456209775, 96.3596628766964, -7.304289945462181, 44.62345763035349, 3.107657330691603, -50.77985010651682, 55.64079636249724, -49.71437883795196, -86.31707389171933, -90.83281598029113, -87.17736019707769, -53.95177653790219, -86.45648537235019, 131.18304221919064, 155.49814124623887, -4.3434143156608185, -37.3413087783313, -98.24049828652214, 1.0060987698139192, 223.31699013974534, -65.52080896236802, 20.627431847259714, 41.180690723667176, -53.81183576692155, -16.031343024773243, -190.27386772477465, -87.4651938860075, -23.55281791960667, 65.8501766456567, 54.30329038613034, -13.903703987391399, 141.17164515422425, -92.15579455735892, 85.50232590168284, 30.160607937549464, -123.5029301716846, 2.3647078014387395, 60.13277071741419, -20.19552090249127, 122.98896155245913, 82.9007757355322, 1.9525688001537578, -87.6192540347278, 44.43679044327366, -244.09771265953785, -161.31969370455687, 110.72235233815302, -19.60893248788567, -66.26434225307096, -10.398351682802774, 34.4625083352934, 28.05323772689993, -19.543500590433073, -5.100639754216739, 18.429288375500807, 58.31808653216146, 106.04531093391519, -60.319525090647055, -99.44132599723135, -68.30809657661239, -135.34608179399387, 96.5155946699288, 67.97420974537935, 60.70393009663602, 62.42131139343041, -25.906526129860477, -91.19686073694591, 41.77260995465696], [-97.95000267041908, -96.37150743190057, -63.907067260841224, 17.67458160740303, -4.031083815188332, 35.490380089345535, -11.72150133479087, 8.788922556919072, -180.27530317556432, 93.14643705147806, -145.6356658946769, -53.56866712306332, 70.07568272476911, -127.96883438409549, 22.719519573714223, 32.21822802209964, -29.605093315641412, 803.5918369446227, 56.32029499423647, 10.45191716422461, 37.248098685917704, 126.10211117166928, -70.99920077012436, -61.259803369237304, -152.34123247107556, 33.316892004355736, -89.45500785328987, -48.41826990421684, 14.273508603703815, 18.70557454836101, -97.55506187957542, -87.87887700901256, -28.695578339155652, -5.7258400824569025, 30.96301999611167, -7.663014245856272, -87.95004950650262, -30.800648584652517, 28.748148965608866, -5.215326721800558, 189.8978607913975, 194.62930543720907, -151.53655246882738, -54.421056405269496, -39.86159598420104, 165.16927358844256, 84.43092857260531, -3.738684952608586, -32.48813594329379, 18.155151353095885, 117.48532078739088, 3.0552068833199915, -48.92415092489555, 160.95146126189047, 39.01470943696159, -27.832128938183285, -101.6361647852431, 35.563278441599515, -56.56848430082957, 183.1971624108164, -13.674542930308144, 49.38214094584234, 98.44615745747029, 49.70748950094227, 8.969552422125929, 44.33004513147044, -21.357794854290965, 15.818324192223056, -18.204245635494775, 50.65024569250506, 28.658932214157076, -84.70811325525877, -137.2487397633108, -49.902233910777234, -78.0148138908892, -140.97011229492296, 36.790364090239656, -31.958971407797982, -8.115655694473531, -80.31399510217808, -35.112657104926335, 155.20442167811163, 87.1344414727165, -18.473314914228578, 81.35112701759277, 170.72290459673815, 49.23887988106927, -93.03658152055988, 73.51128789832671, 22.43751698157893, -19.426680304442506, 55.63316577402212, 43.40306810339502, -10.909724432627721, 156.24622035917105, -7.071556789929886, 48.11528534855743, -37.836666684814475, 68.21289184235007, 58.03149794863625], [-64.30538873627621, -52.07157737958606, -70.32525801247665, -80.40123672783331, 59.63667133851245, -10.778088803772846, -53.59801644166809, 4.618693245428499, -119.43297150891252, -27.747192033117294, -142.71764106829474, -184.42130963555007, 31.942524867656584, -23.365760362553242, 234.93096368880256, -150.20480760284545, -12.874931119922785, 56.32029499423647, 813.446470501072, -19.97783269303591, 96.33226860375588, 103.320328744146, -107.36480050573047, 30.159022163776772, 0.3885143789668404, -34.82224789909509, -91.04242537066985, -42.253503710430834, -96.28460639788085, -88.8983778733946, 126.4052931349628, -50.85568907283614, 4.038947937915511, 68.11315069081742, -93.4548935816555, 75.54386612812493, -101.33635221910562, -116.70162332387717, 104.75000921524413, -4.192664257823246, 93.93286888226837, -9.926392424764238, 110.24857295651967, -24.72938549321429, -19.87139764775912, 20.563830389202074, -32.288783237457004, -39.28583485512018, -151.62352728842535, -42.31602358067948, 1.6254888527313005, 29.2585915613665, 124.14057940186419, 90.75224649344896, -44.70636302802481, 70.9508093548006, -8.008221229977769, -34.19795552290298, -31.94101494977934, 18.50382255051989, 16.6224979138912, 118.7215402836077, 48.69335851040655, -73.71786785271104, 0.5009412279752916, -15.82685783921032, -16.73014861622988, -84.90345371200532, -58.01745098358551, -13.457418721309365, -79.34630354449106, -33.58139581463219, -47.35622965754248, -7.520690614533498, -119.17027802820013, -139.2645460272015, -56.25815786724203, -126.8288962476959, 33.09829359537074, -10.613880670298759, -77.68248738106672, 48.28214211830668, -38.4382607158513, -54.37583710704072, -106.51054787380137, 1.0726738041874861, -219.48313073086604, -89.5650012023041, -37.10304975255511, 2.2365418354486835, 19.882087158055114, -34.20337751245465, -118.09495677523604, -72.63900848360512, -98.72015898585705, 40.86573216335681, 7.036418841793021, 84.3404242179372, 82.28250335191373, 50.710286946440654], [-62.80768496182214, 25.062567354008426, -59.31105716345216, -28.365591617783927, -56.554536546934415, 94.98698625457799, -18.64563151061952, -34.954482974776155, 10.486759181553888, 45.54557038399581, 59.4009941026773, 61.42204809355882, 133.37101576310917, 17.272042004255155, 4.655772785533064, -24.84612536938655, -45.730094684802374, 10.45191716422461, -19.97783269303591, 684.5844292228394, 84.15239764584658, -175.28450296169447, 100.3344330134164, 108.58886085769447, 74.44033541886837, 36.89302719668154, 65.7777805843973, 53.38068829429123, -38.49778866840018, -30.861671715970072, 10.53141172492987, 23.430795952557176, -128.98979607905378, -96.29546691157996, 52.240067640175724, -22.73555508919807, 11.498617593078118, -106.28290316472268, -92.08192745135223, -19.11322083106871, 32.33317144962268, -101.64355812818552, 87.50650121119435, 53.790059917858606, -39.3903322656505, 67.82101884981431, 101.19015030249561, -97.59079374199379, -36.74757934972456, 14.44636604731214, -88.48969758913736, -50.10686339552609, 28.82668108242145, 5.800793927278322, -2.3563879516460746, 55.26966988713969, 54.43542571538437, 10.845713986183766, -62.99485617127932, -111.00948684242462, -109.55718927420651, 62.929786374201484, -49.52473152046675, 33.10484588340982, 106.4683216937216, -182.39830940540065, 15.039504967823982, -61.589468230181566, 52.43458422092642, -67.17999231794967, 10.026941220630627, -98.37481842094611, 92.58304883548408, 36.64032223496553, 13.268214303789017, -54.637169082156895, -64.9557282236231, -46.89002518474267, -19.540661529830214, 124.74012193361358, 104.46452782704577, 16.143094081793695, 101.51384548061331, -21.59304051165232, 111.90564819792056, 132.19795830520414, 52.23782451763387, -67.40862136766512, -89.18193523674515, -35.441401184827086, 86.80038929755717, -16.744618123678265, -32.70372846600516, -15.429119215320755, 77.03189766306319, 6.449482798743949, 85.24357092933232, -126.14760778450685, 3.0934856789547993, -97.0204852906925], [-18.508730810717793, 8.180649794244308, 7.445711093539172, -0.7758061926213592, -18.346552816571826, -65.03218643737405, 115.70592307065836, -97.89301701436474, -70.06526987731426, 67.56054315239071, -50.42575256338033, 16.377387600561104, -94.4