{"N": 100, "M": 5, "A": [[[906.6047232275544, 136.0342549922366, -73.40628110612883, -69.09510541328672, 41.213844560618206, 11.308639441124397, 13.450608269380206, 66.15564577971416, -46.17771063520668, -81.19718049298395, 52.03725719252346, 73.55458848396924, 2.744299362006729, 52.21707259053951, 101.81644921441024, -102.42720076447104, 29.992677110905376, 23.480063122375945, -88.62326619635633, 6.346481703234279, -65.90269164026573, 87.39224145302055, -99.80809838089515, 35.872003635791245, 72.24288938323123, -35.754765798818426, 93.0385724710554, -13.127131349675466, -34.87914516454499, 22.105799109502197, -183.74219624104705, -140.88049207957565, -14.776362222417227, -75.28277179213991, -55.98615613539396, 89.9438281258254, 38.45751098961461, -11.878759582986868, 14.403088145573937, 25.78700414152748, 90.33341130607769, -116.62456218738818, -39.58133556160954, 98.43069611007262, 171.62763952320816, -27.616566387038972, -18.669022919140748, -60.787532758147634, -4.414950155983853, 185.69359190848817, -30.198574162175948, 6.309031199850921, 109.3158369817851, 15.927813051634034, 32.46901996670846, -20.97793193130828, 131.59756646425578, -102.46811216024632, 2.0775898683502563, 4.039452266903399, -140.67937988696698, 40.21448260823635, -136.58433972990017, 113.12592184005224, 87.28599857711899, 24.984224856894784, -87.31077308890958, -31.003829700154885, 29.892974049860268, -39.709405983672866, -22.126648007124878, 15.855968844775802, 45.46271590268173, -59.49170448087602, 15.772247933552004, 101.81107046632467, -39.99491104368865, -35.93009208342713, 51.79866293112503, -73.28560022392023, 128.00951891718546, 21.125042510411674, -34.03962468985555, 47.37397787745269, 55.68129317238871, -38.72475841644742, -47.27639874240884, -24.156344434361824, -23.61809675735684, -20.3463055588803, -156.51613529910884, 9.182777102734233, -70.03280889526945, -32.069059126148346, -1.1693793397810563, -9.757130565315931, -91.64907045082568, -7.018731426571585, -39.181640457938315, -3.0880466586634387], [136.0342549922366, 919.6959186580884, -14.639419693275586, 47.28507029015664, 1.5672456855883947, 58.85962414357679, -85.74666745325516, 73.20596348493854, 34.678592681171615, -81.46545959423825, -21.859453328232426, -66.85597579036104, -136.56938633682017, 102.70339785343904, -85.87218110769854, 59.91053612856282, -13.8371630612984, 45.823829335308886, 28.966791818065573, -134.75837318479398, -50.853255513765326, 92.74574724747653, -18.763542953391084, -101.04238854218492, 48.48639050547515, -133.44561282195542, 39.472971450876656, -69.75877964078765, 102.36280560304719, 39.13879539219756, -176.96300978471552, -59.174946492875016, 13.158893136769821, -146.07626676604994, 41.682228348794666, 37.37838141236502, -142.13249268563203, 156.55354522766223, -71.16678215253529, -51.63708150584586, -176.48146139305734, 21.14484768792627, -88.72284263057372, -67.0148213556942, 33.32858183538786, -61.51551440161172, -35.6569542094553, -17.881079446930222, -105.53900843267232, 106.46625040902003, -111.86754501781735, 28.21756129557207, 4.5382133249031344, -64.12040425452643, -17.666470158872595, -81.63305163278118, 91.32603393775086, 91.48822859147435, 7.633568060543657, 35.98508020228598, -43.240311415791496, 82.2385211546056, 57.8531696309241, 21.977436780759067, -46.54146167003041, -3.426617761971307, -15.65723392490262, -83.24294132987072, 19.208414690578774, 27.38680958144532, 116.81296769135798, -13.569754984652208, 12.290394535512592, -113.89291206373093, -113.93944971026929, -17.683971746035002, -95.61941929894613, 7.108039921427849, 10.323255858677914, -1.0763827641172834, -7.8993802595321485, -60.97586921875855, 46.38580876436729, 168.85293923763706, 28.64113250994932, -46.37940033145411, -58.359564893746665, -41.64239084115594, -2.5032521587580536, 59.51824297165695, 44.24829988606795, 27.062524545821585, -68.55838192825622, -19.685932020735894, 50.07565564991923, 19.129646878378363, -126.97344615728272, 22.47447756179025, -29.983966873968267, -4.472888449242376], [-73.40628110612883, -14.639419693275586, 810.6886041774069, 30.353324865517973, -26.810921354080985, 11.392951647488404, 47.121788734464026, -70.53984626286623, 22.569967537300993, -0.3868035394793594, 91.9606246135115, -21.81566824022487, -63.6239393895059, -54.22227864846524, 35.689835918410964, 46.328551606413264, 136.33382791529942, -7.113019771032935, 61.51763107878993, -69.28725707985143, -16.300252610766755, -50.04624019568718, 42.97748236516678, -40.01165699558281, 4.353337225932031, 9.059787907951483, -18.52009522566658, 135.56130613800383, -40.764849680648375, 34.90269517791682, 52.20071376026099, -31.459451349009733, 76.51841236246439, 35.6046453608777, 135.06839623153812, 18.829581295037897, -10.408791604144122, -52.980351841773334, 7.584335801189133, -50.767881249566976, -23.794506651818228, -116.32460516890505, 53.98455199565077, -15.026618250723763, -27.885728820252776, -165.90396630713374, -35.89725915927866, -171.3670025195947, 15.061345047239785, -2.942337844095548, 35.602008753971894, 90.95806029186873, -24.069955055299456, -54.5249135142411, 3.509019674454477, -94.10107055482736, -19.11957931475662, 57.603312966759226, 15.77897313598158, -17.553423260503145, 121.9168920791938, 19.678173342221704, -73.33705467201223, -77.65809427918049, 36.65021859948591, -78.6675672742242, -62.90901607442938, -113.76180711982553, 58.74111815664777, 9.227902674632663, 92.40787732216866, 42.84851902231443, -123.07515838698197, 14.43254940317227, -50.09927401055755, -109.37444721107425, -5.897147783867324, 76.38093862686499, 88.4888977460854, 156.39901422892567, -21.877800837695176, -56.03843791300721, 26.32575127700276, -6.326442407971756, 166.35936940704454, 1.8991411456528327, 9.124403579142532, 50.765974037668215, -84.79899724855811, -29.788463667092163, -67.73835854386428, -58.28025625048667, 73.92585568840533, 15.67691525276025, 10.640776894184985, -35.49468321043516, -42.50420212576887, 50.035145143974376, 4.9029086601784195, -19.69324351610976], [-69.09510541328672, 47.28507029015664, 30.353324865517973, 1027.2138079441638, 44.50729209801404, 102.8432434674869, -127.45791366052147, -69.88692333462929, 19.174105474241287, 27.761732347354553, -188.25461484996492, -44.19575145596155, 44.23177335399446, 73.7533532363007, -99.6587444132406, 13.145536538331699, -102.18582713346892, -35.63231095009578, -14.675541786873952, 36.90342583392853, 122.03784535570618, 44.9163788658065, -61.749862720966206, -13.196001564179502, 33.26729027359291, 11.825694232921085, -73.32833946575927, -89.25423462546303, 119.46132949903078, 32.52394188507693, -171.17022084185166, -38.26075871898158, -55.32071498366277, 58.05938745593703, -9.730768771343952, -52.85550673223698, 51.51850743038764, -31.207552854459085, 9.873060449435998, -17.13745150832228, 95.85858719269096, 31.185165403115715, 25.78223850887843, -19.937557431715696, -20.225122306965165, 24.358216066267747, 22.185153175719467, 13.356888711681295, 152.33849269379962, -37.46245208620391, 64.0173398893323, -67.6259911090119, -6.133260480875523, -1.4062714282106947, -20.437947617948005, -66.72093034173453, -82.76339060289331, 3.2264659063676566, -60.721814393276986, -129.3616549345628, 62.002216440763746, 0.8980196643187408, -0.016187779676710305, -74.826661225123, 115.7841803328901, -81.10379671879457, 132.28842784718367, -39.31077207920748, -138.5188212911333, -17.022810721322895, -20.750320842600985, 98.38587096265523, -64.97659160695643, -1.4582075875929392, -30.158487358231326, -87.7618762724342, -55.05490580762057, 30.77883882908427, 162.19383244670928, 30.096452293677178, 29.078629202096266, 120.96552475229619, -45.345856350779044, 71.13642425290163, -120.71805786537571, 72.1361022349551, -7.5518132518298575, 40.29443740976609, 29.30591530497442, -6.005629786014461, 78.92616618821178, -117.8299639058598, -92.36008981779085, -92.12425270560284, 32.13335689118436, 123.14103174945132, 156.71167803908676, 56.80676239826005, 26.701693894762588, 48.82615653310817], [41.213844560618206, 1.5672456855883947, -26.810921354080985, 44.50729209801404, 604.9375825072448, 97.65728987602495, -0.3635517622454865, -21.290348830410565, 60.59614531989904, -73.02735521898147, -96.27312247931191, 29.572242639365932, 118.01472511575659, 52.97762864886191, -19.219285211745166, -33.008327088649416, -132.08148490002017, 112.08146878276392, -32.92280238401843, -81.12958830458237, 1.918514592632318, -77.09943255773611, 36.44290869187209, 46.060782616936905, 35.08980558552982, -72.57574570140325, 48.964177399609234, -39.52158022831335, -11.426996035025839, 7.295023966566919, -62.1316879885449, -39.271510114189546, 61.308775010699314, 46.23228654126678, -1.3991334361999832, -24.919698915119184, 1.8051395128790837, -30.481252309264175, -101.45717324193421, -47.86039694607721, 72.32765770566387, 21.75938001453956, -23.955293289052346, 12.133807878288021, -24.0038280190105, -77.61935313896431, 79.30249119447575, 36.89006081462113, 149.0334819819814, 45.451479728452746, -27.55527617373663, 91.61503949863487, 32.94803064033218, 73.83029639525832, 46.69917814066499, 25.31368560493739, -54.25738295155409, -1.7919233689935916, -119.37194654496184, -32.549565469208495, -11.594164295470065, -50.033854350588804, -24.109605493850328, 39.99827977298738, -70.88453714045768, 97.85290387997057, -117.89450752170185, -39.4388792601223, -72.05739580354857, 62.50673423715934, -42.876108508829056, 33.39185322126343, 79.44749636253087, -37.96365908524002, -77.91778558620011, 14.874606811485037, -73.39693309595273, -58.524671307694994, -87.31906429231138, 77.44290462675009, 26.323714164692834, -4.21202406891023, 51.511813503477896, -47.415505847590644, -37.13283649731014, 37.693486436625236, -34.42132084373988, -46.15522895493369, 24.900598182994884, 131.23103982952583, 5.142544452598517, -31.590488897873392, -65.36057887273374, 7.330159601143564, 6.297492527011096, -43.892714086720815, -62.723399931269206, -64.05620335167475, -16.06861353789254, -95.65269510795368], [11.308639441124397, 58.85962414357679, 11.392951647488404, 102.8432434674869, 97.65728987602495, 992.239548656088, 46.57915753722225, -0.09699691638833097, 101.55155144841576, -46.21981927711935, -50.78638647218002, -18.92381298945407, -77.73654069793818, 5.763842777104984, 39.975583819835165, -46.93605095765207, -78.83337891927046, 38.53209612195428, -80.12873393590824, -84.3220765887214, -127.01214288270063, 53.990458429447024, 62.01158080076862, 136.643248262209, -68.55393141952368, -68.3453300019435, -40.857029529431955, -146.0171721066069, 33.24871522601336, -91.03689924055918, 26.349212738660903, 13.588529364808105, -43.14011950583736, -75.02458821330453, -11.171984826513134, -11.975247004952944, -35.35521963900077, -27.72101528622578, -8.98620879478755, 116.62504303673299, -62.82205993504002, 39.26265581026497, 78.55444924489221, -87.67238495092964, 124.03332856177983, 32.207681609648134, 13.506255919609279, 74.43882158204627, -77.29572115716536, -76.01569716928344, 58.26173463341463, -17.64340723451348, -14.042486668948653, -17.951592105106023, -20.02167029614374, -72.0435409193242, 25.14872516001422, 118.93433003578822, 6.125671417367858, 2.5906507938463905, -43.611190873435895, -78.52338971410603, -103.33370926415861, 120.33482759430937, 36.552090505689286, 38.61296458795525, 73.12484094246807, 8.944752323747473, -90.28470634386852, 28.614200017065553, 60.278525478797555, 4.2875280649403935, -179.6320438301583, 112.43210948835093, 69.8754224738008, -95.12933086139584, 42.220174179564495, 146.35526162808148, 203.03780564255888, 14.166982263954482, -103.30933817774915, -120.07700918923878, -128.73649276965838, -137.74966822260376, -135.57684020869436, -25.028991092758126, 91.1054074092282, 21.53454821280749, -43.73700536475506, -79.1366893103159, -80.82927880511824, 62.75882598690782, -54.450165939433646, 29.52329863090982, 149.95820871744348, 55.78132288272926, -12.762321643132855, 50.198598347251405, 54.3982499493192, -44.54164140241065], [13.450608269380206, -85.74666745325516, 47.121788734464026, -127.45791366052147, -0.3635517622454865, 46.57915753722225, 945.8200517954834, -157.4366794279444, -50.770259873917354, 69.75014435847923, -50.87421198487778, 65.71782042471041, 15.925597442511185, -222.87662580037846, 31.024437590448347, -53.16614161819397, 106.83554185922988, 122.67345131388021, -61.0846104281567, 215.61441088481712, -203.78796398019634, -0.7431587740391739, 65.01212292893224, -86.91777907894014, -4.708031422115791, 76.7606894500175, 103.85589451484464, 63.206288692860035, 15.811003660623621, -14.476967204451908, -41.35998375721383, 54.79209655296379, 72.71889849469291, 28.95551014801251, -67.81986719308789, 49.06676290551944, -70.87471346332997, -207.91677820109246, -101.06569191374494, 5.0957419942753495, -48.896570698601266, 22.915253796975655, 77.98776520618937, -34.009380948641855, -93.4509264757652, -54.140847504367784, -2.0836956894280028, 99.73488759598386, -31.990164325391028, 82.92684233468604, -155.3057480315283, 25.6906022859996, -37.41982208257118, -25.690080098198983, 37.84963237896645, -8.390056674906061, -138.55628065093435, 84.91614813012035, -43.0795288200219, 106.27911444869397, 35.86874466872693, 21.24552580940727, -41.477153287920196, -86.41653494419135, 9.710983382961858, -99.62368367396684, -102.965380671194, 72.7094132672134, 33.0177685242802, 29.045405071212638, 27.75877336335249, 158.85770551604162, -95.90074782349085, -8.080626159662861, 34.42446313865517, 112.06111002216355, -48.138276072825164, -12.950199355492026, 40.90013501882704, 25.654321871520175, 8.980938023789086, 28.060478661344046, 146.18670151516537, -22.62912901767931, 91.07479794088906, 48.38260328714168, -37.26404118142692, -116.39917327933124, -8.591972562761844, 86.48855990185253, -108.71587640220172, 38.187408512154676, 3.526418403704616, 95.59774357544754, -30.97068706809902, -123.34282767323073, 95.12651480905406, -16.15635216551256, -20.147578994286377, 64.03488971337886], [66.15564577971416, 73.20596348493854, -70.53984626286623, -69.88692333462929, -21.290348830410565, -0.09699691638833097, -157.4366794279444, 605.7774884299766, 18.099055401790146, -79.78206739831143, 2.88911938727017, -58.2838383277463, 68.77861080650705, 53.02007523768393, -74.25225383196957, 5.039777860025566, -36.67524541629785, -7.75642275150707, 57.31989117127645, -20.752963969383586, -42.685088037733834, 21.41542268311195, -82.48756587030813, 141.78144850507854, -24.536192661143627, 13.056655372538764, -26.521997678896177, -136.78082098802952, -34.7555132969889, -7.453480818265864, -14.472075322122345, 5.7960916494236265, -102.94624244463894, -85.77652687534693, -10.311840890879843, 27.453722513644767, -99.71641720806684, -3.5934993809225015, 44.48499487302582, 68.90658543179883, -48.328563843705815, 35.373057606569965, -79.06366529935748, -5.475742092576196, -88.5189159521873, -100.65027197475187, 28.16488354217314, -97.28463432348943, -46.084212445143116, -72.65164648097343, -74.26841182506514, -46.59945059102923, 119.45335984120933, 4.4802681851477395, -18.741841768865058, -24.537428275971187, 83.45373335314679, -256.72980251581845, 40.097752020793116, -24.82182952326656, 18.726337469072053, 13.543018710122027, 27.26690385177349, -21.165225192654148, 41.023606276200915, 45.491826847861326, -134.4286695909854, 114.93488072425421, -62.48822525561978, 9.141243398822319, -72.46173310079413, -30.920315750726207, 62.38804951650041, -25.399924141747967, 54.01517227290582, -44.52756386666693, 24.18498751075027, -37.3791813251412, -120.4041111252029, 28.724092458149748, -17.0394768529142, 79.26531245408503, 17.628761804709654, -5.449169525017167, 13.314380790860296, 15.361777843348124, -32.12700046559634, 3.0898179928704033, -78.65607696968343, -28.95269924345884, 79.12017110443175, -44.84232888883895, -16.997326017605342, 14.091801794872623, 15.791859951993898, -4.526139900571382, 5.935199776056059, 67.78634751874104, -61.03028849483477, -49.19772087045393], [-46.17771063520668, 34.678592681171615, 22.569967537300993, 19.174105474241287, 60.59614531989904, 101.55155144841576, -50.770259873917354, 18.099055401790146, 808.3296476304209, -36.68282877815451, -35.55680552260832, -38.156395718553476, -29.571163964103206, 46.857358953688944, 82.24990997206925, -17.369611534808843, 95.21307794702774, -0.9083301518515635, 138.13361201928942, -59.233816914121505, 54.00704332701295, 19.11743478964423, 134.36578551225494, 77.46529192671346, 23.17729463749618, 26.75616162069638, -117.37875027433053, 60.55339074683893, 13.384949880929074, -57.6986802760119, -53.423231323850764, 44.64656638713346, -76.84569790678684, 9.204480251683659, -86.46097657468312, -8.53516029873956, 40.70975424897529, 35.07819559457898, -64.64785662409088, -105.63118809931164, -42.568428298496094, -15.879444686796349, -57.80168402320068, -4.619610633313825, -43.978363910378, -88.36131456178727, 27.505575338042686, 10.720764405115393, 8.037235418079005, -54.52796289734418, 36.8490129397463, 55.655843052162304, -11.54997174525124, 75.17137484620365, -9.44266825527511, -25.241919457388562, 175.30297082656503, 44.574386886578516, 85.40636091260707, -48.36682531888211, 42.36922970012111, 105.10768219904523, 45.425317995257, 112.44457661119674, 0.049780688884439324, 172.5661653557348, -20.011655484653197, 3.3403132375830835, 37.90954732083515, -156.7622819485249, -30.871332784508734, -17.841990144099533, -122.0664342649363, -130.34023644292313, 76.17780409152081, 81.96920922665745, 14.807614134605148, -61.88273645430413, 159.3684396907285, 188.86316243127249, -54.85778918903052, 35.78767638860114, -9.495806870387172, 107.59953555181255, 15.573083745250969, 113.05779710866187, 7.4183109029392815, 140.8557351508305, -104.87283078015176, -72.25986315657914, -47.53560621340942, -42.799236332572086, 1.801052809054657, 30.2173317559306, 55.41746400224076, -51.5264929876206, -129.0380534394775, -104.62383722551472, 15.910360398274346, 67.68719349720236], [-81.19718049298395, -81.46545959423825, -0.3868035394793594, 27.761732347354553, -73.02735521898147, -46.21981927711935, 69.75014435847923, -79.78206739831143, -36.68282877815451, 858.2570550349393, 124.23614732553831, 103.0503461405056, 28.96822095352215, -90.44554648076021, 101.22233465553921, -98.02833622743921, -30.095517316039867, 111.15516595938888, 37.5455528366981, 52.67472549205874, -21.40060397450227, 144.13642510945357, 87.85294525211091, 4.37555477710824, 64.0763929070956, 9.359812330617679, -17.326138337538453, 16.565955169883914, -34.318008964304376, 9.226356970198804, -0.8830411638946153, 1.6372402606556435, 49.610171224673046, 117.37406648237176, 47.31737408227126, 70.28686897015255, 20.357170867909367, -43.383965244988936, -81.09206385831644, 31.967124108258613, 1.5760353280045036, 75.92724299753068, -56.014140891972346, -103.37717208737448, -61.92694243912193, 169.7098130575718, 21.811099329146327, -76.53676875756545, 47.29008867354185, 38.39160885997414, -55.20090514664253, -6.921909164414846, -92.47702222018664, 74.02779095016771, 40.76230257250653, 16.525973531709727, 26.230023780510212, -33.256293971318854, 151.2047169175861, 29.599758971320664, -59.62153747804225, -8.684806574930816, 63.840038739911435, 102.09091483758357, 13.899199153028293, 21.404078778824243, 48.6988103844065, 77.31278780625908, -155.72781122127157, -36.4510593294966, 91.07570345332185, -12.820892097828555, 27.65092590923446, 9.277204109087544, -202.02385320902962, -88.06114648745607, 7.378942690825491, -26.59480122295608, 70.91091185298654, 11.96705575995971, 143.56670328492245, 25.48735454315758, -38.19525290861, 52.10226099188663, -5.279915751930478, -56.82914601268368, -69.27919274060596, 105.19277158392211, -18.982267552468304, 72.48542571026535, -24.878657063431685, 15.565176403084282, -24.01724820955427, -16.999691876712742, 58.35478224477661, -57.15583337457241, -7.242386470400858, 80.30843116453546, -114.28640912418659, 113.67583302741006], [52.03725719252346, -21.859453328232426, 91.9606246135115, -188.25461484996492, -96.27312247931191, -50.78638647218002, -50.87421198487778, 2.88911938727017, -35.55680552260832, 124.23614732553831, 728.6997805337878, 28.685316460918834, -35.73835094224362, -3.4786726414744997, 10.429385987267917, -44.90251876955805, 75.80224477409082, -74.82684554366239, 79.37146812746056, 6.615680412988471, -13.920569899621654, 1.6669179762420148, -85.08629769095657, -127.15774710556737, 16.755249934252646, 86.01953815508341, -118.42228291708437, -50.69909418513124, -220.6510845067057, 49.391651998421175, 5.62626771886863, 25.59347032661436, -43.056379033268136, -11.714417153264536, 88.0776259647926, 6.456776495536387, -91.36127315209265, -54.03874936585522, 86.9410683843751, 13.887267688728697, 90.5910853464505, 63.16498126465889, 59.100825681183146, 104.23093031264564, 53.37886465838606, -80.87067840952038, -2.6082806208405143, 87.78331017372454, -68.60005145833655, -73.33306297631896, 52.40294591863281, -19.625805579013107, 83.86840909708924, 90.69345874688231, -30.83259992887202, 8.25238025496373, 14.802517773276525, 129.44997946015542, 98.73064288370773, 66.12645790434121, -54.19737246410586, -52.44249128442752, 0.7308239416376725, 120.37989942745406, -21.986564721255846, 27.258750372352566, 30.225717445599038, -41.507935034825586, -82.28156844706072, -77.14048064701636, -23.525108238192306, -75.35672662136226, 16.25595470650174, 120.9032783510394, -77.95791523288612, 9.415962536795048, 47.69568215397566, -11.872854332622671, 50.75839757307895, -115.81590834225226, 95.62042864763214, 75.75400004180848, 81.01900536721051, -94.78685023235039, -91.83629518947464, -51.271739594878255, -39.88226305410783, 66.56514344223498, -79.83064358930915, 25.380154206529816, 0.11333904844000614, -85.8890983980134, 2.379795368110759, 23.817390146449693, -5.116964208892956, -170.2859698000221, -55.733350777743716, 67.60892121460228, 1.7617301659921936, 9.871581103097911], [73.55458848396924, -66.85597579036104, -21.81566824022487, -44.19575145596155, 29.572242639365932, -18.92381298945407, 65.71782042471041, -58.2838383277463, -38.156395718553476, 103.0503461405056, 28.685316460918834, 936.7452737615591, 29.50616748907292, -23.696536513333125, 2.4846314353087315, -20.56606915145431, 27.384901610676156, 42.04254980874159, 45.125467523142426, -6.743635644471162, 18.725838630530784, -85.74590296501816, -52.77836733287798, 36.37052623792622, -133.2949409386669, -96.49013534655315, -75.5212636877268, 54.48716678645307, -134.9389399977206, -107.72644202227606, 141.66711846491577, -3.195327504592521, -47.47852202260805, -10.409046710325809, 28.120204711465906, 115.56007866818112, -24.306039499835954, -87.37195112299142, 105.76931356695502, 60.6426296522174, -23.455560575421593, -70.9404746648977, -106.7871172259904, 62.0454015563347, 33.838826070327606, 10.832035436616156, -32.58023836577719, -21.766650769127395, 10.925583351357524, 160.94590458170458, 27.287467674497954, 74.49852461184817, -7.983251490631884, -15.95766150416955, -15.29940662666876, 129.47518494767345, -3.6800499208415722, -59.56866288518661, 73.18243652774501, 90.01128121862197, -223.20524725424067, -6.877254378047685, -140.74905152785848, -15.043462695295284, 72.19384432602014, -37.810777874687325, 25.94978497960898, -33.35016909255211, -5.905354197011308, -88.6947252494128, -59.15587632557564, -10.196175751492955, 6.204147409785763, 74.705573909013, -47.777321013223876, 75.72938391044174, -96.72365096778714, -114.9060502488436, 66.33745799474413, 82.58898333377388, -24.31967442032015, -170.95738328325768, 5.897834324137702, 83.7110081590266, -15.370143420353811, -66.13188680762305, 84.35343673073459, -84.24317217815828, 81.55309926294663, 58.831596028511996, -43.65746483472163, -23.51992638979487, -70.04191601061521, -30.446329515629834, -18.849247887419587, 77.42728047318599, -67.58086859928311, -128.62467773419507, 55.03352643818739, 121.04738077528914], [2.744299362006729, -136.56938633682017, -63.6239393895059, 44.23177335399446, 118.01472511575659, -77.73654069793818, 15.925597442511185, 68.77861080650705, -29.571163964103206, 28.96822095352215, -35.73835094224362, 29.50616748907292, 885.9093732582012, -8.045882420066944, -5.336193348619724, -68.69619350662795, -97.50812188683753, -124.9461011123054, 86.74278245977779, 202.45604945262022, 47.96827276437417, 3.76335718199341, 39.671982415509376, 1.1497999826883631, 177.35640363188918, -78.36045578977462, 3.968806742293295, -75.41642859002965, -69.21300072814472, -166.59603517686853, 16.904911584824468, -48.91715583820886, 26.705385282373435, -15.603553322915198, -88.98954605105084, 30.99061046386338, -79.81510029870174, -47.04715250268202, 85.264340508757, -63.625525817962284, 71.29692920541397, 47.770543065870434, -130.71717802194067, 13.74899607744254, 57.18578526154401, -70.34034375454098, 25.639940485432223, 83.322634205923, 39.39473936130477, -7.817941172548986, -83.88416386862993, 46.21895497077118, -39.547619322175805, 88.6082004495158, 107.75432340310397, 35.026460091219995, -106.48022156335507, -6.784888961060599, -36.64958723295924, -47.251700657267435, -55.989165994158704, -17.80604318428662, -7.114967996320284, -166.92791902803327, 93.17141023401464, 7.313215245066275, -88.68184878618789, 5.111648094064271, -5.992743161301797, 31.92976531454134, 15.91230848531016, 8.790934693933888, -96.39744535750381, 11.409062224521437, -100.01437724966556, 12.409366511070575, -73.19086544169393, -14.929358321524354, -62.405548190073524, -5.7382007501991135, 1.589310850385823, -0.5139854322409839, -13.774177492276683, -40.78796832397136, 83.42027292456046, -44.427055150618216, 52.4080423448042, 40.488443863330765, 124.80090144907781, -130.91770988611864, 125.74191214544065, -67.08642893454113, -144.03100093678918, 57.71107501164435, 23.9010527666956, -90.6860379356024, -32.69970841452736, -19.954388538662016, 26.76781488357222, 41.20521722986081], [52.21707259053951, 102.70339785343904, -54.22227864846524, 73.7533532363007, 52.97762864886191, 5.763842777104984, -222.87662580037846, 53.02007523768393, 46.857358953688944, -90.44554648076021, -3.4786726414744997, -23.696536513333125, -8.045882420066944, 712.8448905576819, 32.54032189234888, 5.751912032002901, 29.548493887861746, -15.131212505331053, 63.29022829099802, -101.0409371678374, -11.786613229615192, 80.98335471039721, 32.79041961690997, 70.16612083671627, 23.227966988966553, -18.959284154890163, -46.91283341353861, -109.5074962421645, -4.466544751351686, -38.97863409922023, -120.4192608411918, 0.5089009012010668, 21.175744475941002, 31.067022581217078, 65.43538535266711, -13.937118944242407, 41.54688495923589, -53.910020058365646, 52.739975079122594, -20.700737912372773, -41.545433289522855, -63.89020295629373, -128.27499613949126, 69.20161013768988, 6.761814844454111, -110.00046030735754, 77.07654342441289, 32.00319826292304, -20.7521507777698, 40.45249750926696, -54.245726124192544, -8.851077722972319, -70.97801056735437, -2.3704122431400743, -89.22837658653634, 18.243552479869592, 73.7180744776949, 83.4674305700325, 85.1878765626726, -94.41908424363665, 36.99914236756621, -114.03958566842478, -90.37958660176595, -8.564037521556266, -57.267376246691825, -115.14186708404894, 32.8930611638019, -109.75693902216587, -84.46543649547644, -9.009205419318475, 160.9008304845516, 60.36163838627202, 128.83023005243388, -58.604878307045695, 59.25694252293768, -33.281481389241144, -7.959365420983052, 20.538287182201078, 36.45153401915435, -74.18856266633944, -48.71672740286142, -163.18985351941387, -79.86428849530279, 51.063253456399366, -75.19350738999812, -10.469754441739438, 42.75763891841142, 68.75999678506113, -45.95336469935738, 8.279190583347901, -17.64797685441723, -161.19004374579424, -223.6579685332227, 24.108621923280193, 72.46182776080963, -44.9384031157314, 52.31900436210976, 58.985713096181684, -12.169624720040545, -54.89026093133886], [101.81644921441024, -85.87218110769854, 35.689835918410964, -99.6587444132406, -19.219285211745166, 39.975583819835165, 31.024437590448347, -74.25225383196957, 82.24990997206925, 101.22233465553921, 10.429385987267917, 2.4846314353087315, -5.336193348619724, 32.54032189234888, 834.3898447435466, -9.40143862822224, -59.95680975868531, 4.0693923123302405, -93.53948169830292, -55.53209629276105, -9.267897581722494, 90.70706460351792, 157.85368167590397, 1.8495488215587674, 98.3548511347543, -83.34676373842171, 50.417967064994684, 192.36601028871968, 102.11530407528326, -188.5555709111196, 10.926719036076923, -23.878726756722507, 58.989046739000855, 15.998967435792846, -78.57215010526194, 16.850236928688524, -12.933873021099142, -105.19661849049008, -3.74725045573843, 56.45482473293266, 11.969335209100334, -18.71069594623905, 21.13811247212277, 34.9662831734418, 66.94256384907807, 106.61524155259411, 16.64432572342391, 112.33011730052999, 0.27333270805832466, 64.55795570685777, -104.95141140889953, 35.60592182519738, -113.79692774682567, 16.580234359824846, -37.52726936036064, 57.347341670982736, -19.317385258031756, 44.52976818227967, 44.80713351749379, 38.47667028994206, -16.169055672801797, -1.268544081868824, 78.05567785233606, 93.37245994993673, -56.83318090093773, -86.01100335818296, -37.879803403157915, -129.84346281348084, -26.250189952323208, -166.8787746603968, -28.806176556919194, 78.74883747317871, 118.01175221467295, -22.410336183579798, 47.671933903292285, 28.640026895036375, 62.6491972705809, 111.96731542456838, -40.0613907859453, -60.476112520890354, -59.795724391105615, 13.062572240211226, -97.81131868464108, -21.679686040754472, -97.83010922607194, -1.0871891173216708, 32.597358935010305, 106.65330082048008, -118.30794478377871, -21.801491773348054, -127.79737165107079, -7.791072485793409, 128.7779863448692, -79.48445192918065, 119.010855688699, 10.18904457045434, -41.38351155372842, 58.90791787627415, 27.618356487794976, -129.63712176974093], [-102.42720076447104, 59.91053612856282, 46.328551606413264, 13.145536538331699, -33.008327088649416, -46.93605095765207, -53.16614161819397, 5.039777860025566, -17.369611534808843, -98.02833622743921, -44.90251876955805, -20.56606915145431, -68.69619350662795, 5.751912032002901, -9.40143862822224, 922.6614133677389, 95.09637387215535, 36.07374814518925, -3.6540821363338503, -114.90703798523292, 11.152535786697749, -5.383006913141996, -54.50875143338719, -74.99146743405555, -109.45250118260402, -13.539275815172747, 117.42090381198584, -50.74154917556642, 135.51901820561096, 64.05691749907436, -39.59523209156772, -86.16796362841528, -27.104595105114615, 223.21037025433074, -89.44814937220457, -60.173547699077915, 149.9947037813373, 86.72188602017698, 34.065375955252726, -0.015162323561490394, 9.63958813470367, -73.11657430016017, 3.129641728038094, 2.4357142564523375, 70.35090300553323, -41.62193046243853, -15.962261493413298, -116.30093137, -5.9326378679371095, 25.771386786723717, 55.75406650981037, -3.653029694432792, 127.83908154907257, -33.71835994969695, -33.13993572406254, -72.86419846477516, -16.259210556157797, 76.33234981603736, -84.20838479255991, -6.55720906129128, -94.99021808342624, -30.895362170819297, 67.80222514976572, 40.74511179497612, 43.777907355949644, -17.616327724820497, -46.882866919828544, 49.20726216748462, 54.421733871944696, 133.21943178399133, -130.7759242991623, -21.37668945225853, 46.09817966229793, 136.74437736995282, -126.10119044143654, -71.75782473746854, 42.126587448931176, 87.66081196178382, 196.22083635656236, -127.6389378291831, -64.8969630152801, -20.10154156491899, 38.149763992535334, -11.26013123904404, -30.881893412483453, -12.133883966544657, 32.81089410964153, 23.20978705391905, -59.10046804042398, -78.69701338540254, -27.820958566643583, 22.289434818190635, 24.73236113741181, 5.112023652879438, -119.1815404238763, -74.08134464233491, 77.79391969471816, -64.5257544756803, 60.11943708746309, -28.618548326517363], [29.992677110905376, -13.8371630612984, 136.33382791529942, -102.18582713346892, -132.08148490002017, -78.83337891927046, 106.83554185922988, -36.67524541629785, 95.21307794702774, -30.095517316039867, 75.80224477409082, 27.384901610676156, -97.50812188683753, 29.548493887861746, -59.95680975868531, 95.09637387215535, 742.0616934555428, -23.573598904451917, 80.65744449295349, 23.56031481077457, -7.3547821703625695, -159.5896346156388, 5.344029051486265, -30.968493646222907, -76.85833055678792, 157.05276383617925, 46.832734964201, 147.1602782077815, -1.561513314614475, 72.6326913337809, -61.16642433905649, 86.42507049922024, 35.90989528507507, 49.55854800984896, -77.75076041023532, 97.09411771619804, -45.227857936042035, 32.99926720296103, -27.33642624145788, -28.970528838301732, 25.81325234366494, -38.75302858017095, 103.24756855507874, -19.82588180972775, -8.482306910329429, -48.28033817761165, 28.944066788983175, -66.34679434957086, -126.47080908009092, 59.835121755532235, 101.58670222258074, 62.58047715365783, -29.582324401150434, -15.351476353248584, 11.031810051837615, -73.40703970090024, -19.35289773462249, -66.73886839478824, -4.70591711971622, 43.518036666524075, -116.64591993178296, 64.8043013518632, 87.68171648140303, -131.24813983994378, 23.00465288393691, -111.2931728301769, -73.76376309230402, -31.79164809687154, 145.1847707768611, -80.71938161022318, 68.92725080368069, -130.43518965509054, 26.6653207595563, 20.964624107192247, 90.48291754841715, 95.24928683274482, -42.54237815434612, 88.09807203532884, 121.32577257485661, 17.89817511972045, -21.912326042365567, -19.067476336864146, 11.877264952536892, -22.147985872314, 43.900175484865, 80.76906593691417, -64.03406049432638, 34.19706803348827, -72.71671022393534, -44.414578909181195, -116.91040518506395, -204.21640396819365, 8.6537808453021, -76.46534624253093, -114.07734961934585, -74.89273625130647, -27.69906157489394, -61.15907675379604, -12.938457885183361, 1.4786612990465287], [23.480063122375945, 45.823829335308886, -7.113019771032935, -35.63231095009578, 112.08146878276392, 38.53209612195428, 122.67345131388021, -7.75642275150707, -0.9083301518515635, 111.15516595938888, -74.82684554366239, 42.04254980874159, -124.9461011123054, -15.131212505331053, 4.0693923123302405, 36.07374814518925, -23.573598904451917, 721.5584204140473, -20.143938559713238, -24.03044378300479, -41.96022517852041, -7.276737048502697, -1.614419959148231, -6.581413835622063, -42.76500130769117, 70.76820135621529, 100.01253123062735, 6.9146264700732925, -84.41214285278026, 64.08226893891685, 105.42761402455538, 36.94900335427897, -76.17877808624102, 92.22488253872886, 130.2942199041593, -67.42415547117098, 39.75345804871078, 8.532337309031874, -163.86419843472297, -51.23729545536684, 45.9550037046804, 67.7318714087769, 54.09378924314554, -10.551911686881999, -64.95889495681489, -53.75245655014674, 35.33008060420035, -3.686495452303906, 130.8667711254234, -13.700516017099844, 38.89899464580008, -18.396040907906006, -68.89770139085836, 13.348614449854116, 29.994858198124728, 10.860833383478887, 8.954130389105758, 70.85186836028535, 98.91669539993443, -7.057288706723805, -29.868972563793545, -176.12735099775352, 53.52567725279091, -3.4138481383797394, 93.88301397835728, 62.42230456693554, -10.582675937775859, 5.321190280613132, 24.70705267848849, -11.851316256618315, 27.122189090342594, 45.46767177888984, 51.21176575505789, -93.7626463815257, 27.67835762275028, 38.07980571514442, -13.998576645585182, 79.41351145638424, 51.077607258125695, 52.133330044724396, 86.69984533436205, -99.91074688617307, -17.863236194922745, 73.94530003425129, 105.49747405952087, -42.73583836235167, -113.37388282619652, 33.81643245192692, 28.48168701267411, 27.32221651013758, -20.11075788019149, -56.63888439658511, 194.72615428474685, -30.8516519027762, 54.6949234312506, -71.48858212852024, 119.03527941706021, 60.95393898011831, -15.807556891709023, 85.00353536008542], [-88.62326619635633, 28.966791818065573, 61.51763107878993, -14.675541786873952, -32.92280238401843, -80.12873393590824, -61.0846104281567, 57.31989117127645, 138.13361201928942, 37.5455528366981, 79.37146812746056, 45.125467523142426, 86.74278245977779, 63.29022829099802, -93.53948169830292, -3.6540821363338503, 80.65744449295349, -20.143938559713238, 875.4767807086323, 81.9083869873754, 64.05215573835231, -35.1496884237496, 6.005637901355782, -92.55450529951811, -15.94409988366423, -44.225055832231, -78.71854807667329, 51.28056336454542, -3.791990037941965, -45.76674094694207, 116.75100154798875, -11.718623832542336, 50.26284152064866, -62.30869120043504, 27.545852311897146, -1.563188728730401, 33.99564540522196, 12.449611319612487, 237.58158352404823, 82.53930259666778, 127.41252499314196, 134.07474721314045, 48.87812772615009, 44.079064137099564, -123.70669830676783, -119.52624128416994, 41.64865286178361, 4.009584901563854, 138.34787135693725, 134.69396584432852, -51.375536812548674, 31.895103726920354, -24.912539309900826, -65.29140222617934, 68.69311008586925, -54.95841972265543, -20.179490952120624, 69.40273392743835, 97.0310157858194, -109.88378833181764, 12.464489640501892, 35.17561843468359, -12.304736467125032, -108.86316794435132, 45.881591364581716, 54.52951896173918, -70.42792838725553, -123.14212864612577, -35.37848060507009, -8.493293052961056, 144.30137750324653, 121.67842294956873, -43.41991876964553, -75.345264457065, -112.50341474947433, 10.418056415557166, -80.01397061762692, 1.8283123449100902, 103.20738057808488, -26.825160900665367, -18.700691207982302, -44.37183173673121, 74.7619607120809, 26.4768948113111, 0.9226792614409205, 82.552050310515, 41.44155296731829, -34.176368605224205, -57.864434116892355, -39.653016399638304, -28.092221160619125, 34.614318103055886, 11.335049687283718, -104.16185317007097, -47.7405543316461, 3.8726601241687213, 71.20494035749671, 29.08029659261359, -18.21810354728664, 39.3164320616599], [6.346481703234279, -134.75837318479398, -69.28725707985143, 36.90342583392853, -81.12958830458237, -84.3220765887214, 215.61441088481712, -20.752963969383586, -59.233816914121505, 52.67472549205874, 6.615680412988471, -6.743635644471162, 202.45604945262022, -101.0409371678374, -55.53209629276105, -114.90703798523292, 23.56031481077457, -24.03044378300479, 81.9083869873754, 884.1089301431346, -45.26407360073274, -59.163047800836694, 77.44999936016475, -132.66036745007955, 7.247904410519093, -0.6191252140820382, -104.3246004221751, 67.41950514544197, -148.14262484741482, 7.9268394775550615, -72.95273420999378, -48.3010605899027, -15.811883942332319, 52.17392401026529, -78.64331220809977, 4.749377965028363, 67.05364802882306, -241.0321202526724, -85.8010970622175, -30.652924860047726, 7.6181781190440825, 71.79610974524371, -14.561636515392172, 48.72046116004014, 10.884178941303796, 59.79000847453076, 88.4196626086821, 48.873590934465795, 14.835251664954692, -56.06077628175004, 27.39005986100091, -40.84849522143215, -18.613776490236912, 2.3029689538589846, -14.047641340007274, -71.64712498187687, -57.023829931981375, -38.66042988151466, -85.39340057886, -68.76018637185136, 130.35025556465482, 97.50685069860324, 22.95678157890933, -52.081619318103215, 14.661245515878614, 142.5750188356803, 125.92681845714748, 140.86722477522284, -74.95582557090705, 16.885290027057884, -74.4673535708182, -82.93763807481227, -51.200370517452136, 54.62059041363134, -62.88715229212338, -30.32683316831186, -39.6435702319705, -106.6698951335196, -23.322894643864657, -7.602896715366419, -31.789281555993405, 109.10126899053277, 75.79854117801688, -1.3462276616261564, 28.264796620183038, -68.9299999154657, 28.717547784237027, -95.67404868059243, -8.015863700854634, -73.3761168528115, 77.41721512101522, -27.879019704601838, 42.770981886119294, -26.638878079514768, -91.05574506621242, 71.00830756428503, -24.757172188516527, -50.63193083295381, 43.89734644045912, 45.525925807782635], [-65.90269164026573, -50.853255513765326, -16.300252610766755, 122.03784535570618, 1.918514592632318, -127.01214288270063, -203.78796398019634, -42.685088037733834, 54.00704332701295, -21.40060397450227, -13.920569899621654, 18.725838630530784, 47.968