{"N": 100, "M": 6, "A": [[[848.4231238350003, -0.003305344501368544, -62.073046131650614, 128.70752666666397, 53.75803929376931, -114.15970681634872, 120.60618724637656, -26.786295439399197, -17.981105500575243, 11.802946340246143, 167.5049480740763, 17.76615262875471, 67.8554438727531, -87.87168271310783, -34.618598471869184, 19.02099179968846, -111.71758857834138, -52.61375419687693, -168.04446798087187, -32.96457965627698, 113.11718012121207, 65.12861780131102, -29.913801028469038, -23.154541896654184, -75.67509777705924, -57.6221427339655, 34.377182136780625, 126.86187051008571, -115.98720416545513, -26.22189332564276, -47.96601220892661, -83.22339510329866, 5.890343498305427, -30.695200562924192, -33.536578174545404, -0.31927817493798877, 115.56625158132336, -93.16589795280275, 85.18298050077169, -16.915551377353328, 8.824162855802049, -9.24515804952822, 34.35688038132027, -61.60823982579178, -48.419890257619215, -116.77100779518588, -57.028449777840585, 27.89667008971627, 96.76533116360663, 2.0204053699958067, 57.39848219814209, 3.282893004085002, 50.4251930837715, 96.08873838075894, -5.467790416038552, 73.67853254983737, 134.10131232222662, 51.91310597253717, 115.47162641824323, 25.787898280483912, 15.443285717635971, -5.790426098568836, 27.461305789096524, -145.10959195635698, 55.86490143748742, -75.97668509437325, 101.4042545021866, -60.49239798052068, -55.96058028925119, -83.25497312869024, -31.586520878739613, 173.63047277353948, -75.40411150734242, 90.71313234681611, 41.55060424796886, 13.865337517239366, -22.052855188378814, -84.13600295137148, 35.56636764751332, -99.92716464077014, 132.471836923425, -65.03456464569697, -42.51666679886053, -212.87994834497903, -12.881310254369323, 118.317748874724, -45.809589926024124, 75.48679455110435, 62.94971064798915, -8.208361359796813, -5.9793028378073965, 32.375894225506265, -31.028127596511105, -22.44760116034778, 9.535072622561152, 21.492009708468476, -100.76405388479192, 105.8394471790693, -1.9195138220644163, 48.11190817424206], [-0.003305344501368544, 1021.6792760034882, 49.16331143672208, 8.806044276892106, -121.24659931716317, 8.832146781087568, -110.6070152538309, -19.419413413978017, 83.14740615666871, -16.24327971571079, -66.5103164715075, -40.676141169997535, 17.954290116874397, 127.18562344153062, -78.12263685683305, 254.31852136024477, -62.04806401992146, 44.92391840521391, -75.99317341622789, -24.958844753412777, 40.23089117368069, 25.966236759079553, 1.2722398984366021, 44.51396845708324, -7.100552779847004, 7.529377122659251, 18.460962870869015, -58.852080482142966, 35.90064851909022, 75.40578667372104, -72.51144017791161, -24.67602934818639, -140.8567429795522, 0.11862197355910942, -142.89744037905967, -158.1315603603642, 50.09706734852249, 79.28609821390324, -22.005341315836624, 147.03736126452688, 159.94237344237487, 4.554474522387792, -110.44208067590336, 127.7978408178591, 108.10123740485027, -47.83726824795282, 3.543604309786512, -34.965412101991, 49.577942486276, -41.177306087141424, 185.62738837592923, 68.40137944237783, 104.10914227144045, 13.618693550646086, -44.826575523260594, 11.41253853230994, -227.66784979066867, 157.21468442354654, 23.311876633958892, -82.1077841090691, -10.310354853682243, 59.39325436364164, 46.673090291520644, -39.66747819964652, 67.60170751393515, -63.02954247297809, -100.03563389595045, -59.26973324251114, -48.540428227958756, -125.37449019511381, 53.892683532237385, -1.1893286690890337, 91.39541369350374, 86.27998097414324, 44.56626552589579, 80.88076273913357, 104.05382250902097, 79.91894897260016, 96.81010919564581, 187.67655730466257, -56.098935642147104, 73.29166490234473, 4.604584806552857, -66.86845730967481, -49.71583828860775, -19.588038390824003, -35.23492065893531, -3.1670199319421086, 128.77850161148692, -114.62872070530281, -27.711577132778263, -80.68747154363005, 171.4167611334209, -91.14541990404476, 7.3527497934017685, -62.8259593753648, 72.98168190137751, 54.80113241429668, 25.258663225610174, -44.00335598717208], [-62.073046131650614, 49.16331143672208, 844.7671725957812, -41.05357829483182, 53.196897695659935, -114.77026470470288, -60.18488713360072, 33.159721153199506, -35.32434458535109, 54.335634336924315, -84.25829213646458, -7.495803108127662, 9.948410633064306, -146.19446170345086, 10.518552267078574, 89.97581594290226, -90.03539717103064, 182.55216225135916, -12.383554285323195, -58.838675784951356, 112.84328918727857, 141.5465805389455, -34.5427491049741, 144.29584515000224, -20.575284632689144, -76.00236071786735, 52.94863027314755, -120.78933073721343, -4.108463482876261, 18.92807286430712, -15.453689670803927, 7.16928845621296, -9.08006444874166, -20.44848019207904, 5.9896622607379015, -84.05170214109661, 47.323926778900756, -33.4143218243835, -83.40247601525441, 28.303098647375226, 12.82726595198457, 21.80761495290592, -2.2538150659562963, 113.72169307127976, 101.55989478028356, -43.343166512693166, -49.11832775756074, 83.29813784944889, 3.653399041962308, -72.04258970782848, 17.98531388217655, -138.10747323363404, 7.928401670709528, 120.19539989785495, 86.84148234745066, 35.04465911741804, -14.590707159332572, -222.890002056097, -10.60993588135463, -70.9280945213526, 142.75237350488086, 92.03626265670037, -5.123239778389995, 86.08318086360688, -92.77401763731265, -33.850337693024656, -33.22132267243135, 146.82968592751953, -38.58389355190307, -71.73541672484113, 202.60990454084038, -76.60981066602132, 39.641210274276645, -206.43035399370086, -63.93595824718136, -41.06767895383825, 9.960030290687058, -110.18791807189673, 21.77601286509814, -28.933037020641354, -45.842391119746104, -8.81428251818482, -47.92735303846192, 25.533717587448844, 102.24408658074755, 19.420714384486224, -159.39804459770988, 52.74666944002054, -76.14235473519892, 148.5447873419135, -24.75381508414685, -28.58796024446587, 90.38999155173666, 86.99341364543177, 105.56344324944403, 64.11274850215536, 102.72646904939967, -33.01986141110134, -8.538823665379237, -61.81967704118285], [128.70752666666397, 8.806044276892106, -41.05357829483182, 1081.0914389346215, 109.34452146151745, -142.74906144269758, -17.633031958082952, -6.371824017529524, 114.67346365365812, 8.267052372826713, 32.53872983431073, 5.931830428317339, -67.47265915523728, 48.203249444269495, 5.384654915914431, 13.938529721301533, 74.4910726562485, 14.778709548747985, 55.906088967121384, 124.09345294272369, 30.14477784940182, 47.8740657442742, -161.08105812754113, 59.12663260740099, 33.12614022907876, -14.218071008066772, -56.4461245617805, 172.28809361717776, 21.18817357293544, -76.96437101724513, 200.59108589674983, 59.97492462806558, -25.86143374050699, 42.82562265904405, 52.93374077043492, -26.042794670251073, 30.895510495114685, -129.21211131994778, 91.04312730344859, -16.696398175197416, -104.8472584158054, -40.82060623405454, -92.94419659997804, -82.55866220987483, -38.150096770050396, 59.20776643859999, -105.62991879079391, -99.73714219054229, 135.90902334679592, 2.7533082267863986, -22.71101379867135, 112.40609394846203, 118.66763428348777, -85.34593996741933, -87.50226838409239, 97.39986798125742, -136.27166826943358, -57.672804533991986, 24.553001419781065, 76.28285648525869, 103.51032937976997, 44.99311292551923, 46.61925786620594, 78.08837847961115, 80.65431612027062, -176.69846778813147, -38.012294191885324, -50.735349608654396, 40.304261942636025, 20.35097968649627, 90.64473861678427, 13.176847784824023, -85.15245973903787, -113.49907257689979, 15.171423048847492, -12.132008284038378, -23.28635337127557, 75.9864882277225, -101.21059725353189, 29.057465852721375, -13.534624650504751, -36.503856479722685, -115.65434081786664, -100.13411700543111, 53.68851678712329, -24.366535666515578, 5.310264216819471, 107.01543928419179, -23.363764618496194, 23.436583964802594, 60.39692979283445, 42.49872474336411, -30.502256913514902, 125.38618307329018, 71.08378167576873, -120.01672257216019, -51.160385665629526, 68.33195282774935, 102.32243994798425, -39.45578012728372], [53.75803929376931, -121.24659931716317, 53.196897695659935, 109.34452146151745, 728.9745470238789, 76.3871729237172, 15.61526430943283, -27.967255103139394, 67.13143438852912, -62.58498482511022, 70.98337355312567, -54.929862535634236, -25.687309871122846, -81.67508978183875, 50.69603837668857, 7.789395703847581, -101.60632063996631, 28.096911746491468, -45.45479470990691, -13.301325898337792, -115.96204882361518, 68.63458842843713, -47.09631715500116, 22.48326776816648, 49.42763182980984, 61.800613974290286, 35.196017562099904, 138.09063788825273, 61.84656400753751, 19.12709505647353, 126.09057603369375, -82.62826520071266, 43.48387377556462, -44.82362037955486, 55.21901363555443, 66.80887562703683, 105.34006846116195, -46.03576644559043, -70.02125691961143, 102.18995510684397, -79.68757008314884, -76.64670260818649, -5.299705131934538, -23.263602766805107, 71.60168758307354, -106.85313991955547, -23.511493289111616, -49.36692738381849, -54.22444314674876, -19.83889480517611, -18.970636439378854, -11.807527123141817, 87.51604469797778, 4.46795890584638, -20.22592366905408, 158.4135054877848, 83.78559099480186, -55.22544321156031, 4.3662388586321725, -12.341084189262078, 54.62556901868749, 48.085400727480014, 47.79674133287457, 42.13965133111172, -32.45558350564796, 149.10696970517074, 81.4843467176824, -54.56735244857208, -72.20517096815973, -1.5807357717497368, 50.88082371282019, 70.40905003830082, 41.20688490552202, -95.63949524465203, -81.10868036842975, 70.00439605625432, 141.2217706742839, 13.15639514666703, -24.640395176593003, 16.21028738049898, 77.60564860952715, -110.76067643092415, -113.4990537764932, 59.74321155652706, 44.288481917762184, 8.051553517045042, 61.75197836678411, 124.09765035967982, -67.62172467981665, 74.99996925822398, 78.86663065696293, 69.50513969547538, -1.2302970972164065, 47.35308457561312, -105.8288578574681, -2.274272270917399, -33.23369063976825, -31.64940488399466, -178.28271117178048, 95.29113517775467], [-114.15970681634872, 8.832146781087568, -114.77026470470288, -142.74906144269758, 76.3871729237172, 825.564203576355, -0.6547452058452695, 50.6033131700515, 139.38019194046112, 113.33231289476878, 153.9855466418114, 19.770721033314555, 43.888555195488095, -5.6701423651109115, 70.01567674123115, -88.08167939492216, -72.28733731600661, 56.224069672534746, 7.783143016641031, -5.424231261218288, 33.00590941936718, 195.70330045051207, 24.378342750461815, -43.47323620590956, -36.60507490808068, 20.32357952334061, -63.38520835705011, -78.94701695817228, 153.61477977587933, 2.315814503262727, -41.32221088707575, 10.566175301968196, 46.133769917602535, -117.3904956606231, -73.20956382289748, -90.50156639709849, 112.52262616649031, -55.11483451272404, 42.1283518100638, 81.23192254522695, -18.00783949379431, -57.13781388676689, 106.73493841706994, -56.28324428274498, 88.5193293824027, 109.87936525962742, 86.90819920761085, -35.51532844105513, -107.30144752452276, 104.50809434467082, -58.461036976827145, 5.608298266941591, 118.40511192963595, 64.19634528962808, -85.1523677687175, -56.31706340208301, 53.958287983099275, 50.1743368467951, 96.31969670889994, 44.59141309887689, -114.80649519073239, -75.61010458506628, -53.94453831295159, 53.353726618949636, -158.02256690584724, 77.48032944232558, -20.618307432181435, 13.700462581125757, 178.17983741422225, 40.38863286399689, -41.930479464318864, 76.69261707330125, 15.849917457209408, -33.17932843275528, 48.17217361467996, 4.0227320078657405, 18.926667263561274, -29.276125005777644, -33.462060913295375, 154.64494048541314, 31.35850939299835, 108.10313911119955, -8.55685502388415, 16.7487294521201, 34.91216205134904, 154.57811135329476, -18.78431171260549, 19.71451854827814, 43.04976955767908, 53.54815096273523, -85.08270476434427, 24.831268744385664, 142.86354260459416, 50.575210177447026, 20.341693432345867, -21.668949846727887, -39.553292719812234, 22.53159954288555, -94.37339125377615, 71.53711325583696], [120.60618724637656, -110.6070152538309, -60.18488713360072, -17.633031958082952, 15.61526430943283, -0.6547452058452695, 814.8248363686827, -83.98608913364923, -6.413292950644107, 86.7052938439803, 64.76213707733461, -48.45206737952777, 66.50042597881601, 84.89953166591627, 39.04804354139623, -154.796939851245, -140.8124178620956, 24.75035846381212, 85.33802903849009, -54.443414078809624, 12.463538752217962, 120.74605383889724, -81.12225303263482, -73.44234139433863, 13.678082377236993, -14.981058561257269, 63.368855393157745, -34.65815193458726, 37.68516871037084, -68.50756132804452, 30.74448834258655, -11.423888267784024, -29.04486948202529, 6.73497214613828, 103.52104145171921, 28.185507991889427, -78.71346659282933, 27.200228292121007, -5.304182351326521, 126.08119381496657, -90.49481220911376, 96.33389884740217, 47.397219308255714, -29.942213180502485, 43.84562355819938, -91.44487218235204, 14.662811234185703, -107.02447452023291, -142.81722086737756, 53.32614930359589, 97.7648031043684, 101.90952114069943, -218.35484871673566, 9.229711448756804, -89.56944699639546, -12.100483330297104, -25.8241078533146, 120.384935717228, 40.17009277217043, 114.3954746157337, -100.1937964654752, 78.19804852793477, 26.217181583478123, -11.095548973388627, -49.150566035844506, -11.425858096644351, 76.90257078143121, 22.499426003373543, 25.03426154718612, 124.4212264885273, -27.451550372461522, 230.14854731656658, 30.65124953211474, 159.2603840765881, -0.2604517485634187, -73.06675223410073, 23.378545482908024, -11.056009947865965, -80.40053396017193, -33.77780110844554, -56.11501776881951, -71.07632482357442, -7.809532260147104, -112.20440317593707, 80.40569785013221, -19.53161534758016, -65.44614253206244, -4.559744636062558, 65.04331804506559, 73.24469523272427, 31.35020511094408, -90.09106018885421, -115.79099234256982, 77.58970419924195, -52.92544119446694, 127.1683384330861, -213.18114981415624, -22.972918840441267, 17.713985176841323, -95.0577037265903], [-26.786295439399197, -19.419413413978017, 33.159721153199506, -6.371824017529524, -27.967255103139394, 50.6033131700515, -83.98608913364923, 667.8535998467695, -11.008047553588927, -34.991838794804394, -146.69420360996514, -19.910188115372268, -33.159331833610594, 5.214677625702832, -68.28277602881734, -3.734118963811433, 42.670972023855526, 135.62616551075052, 4.088013575352031, -30.815045470025805, 44.91670334070412, -80.69831465519503, -66.55669278665594, 9.381260097666333, -9.486981883083045, -209.4511915354246, -8.475958478913322, -48.843114301209546, -159.35265877695292, 18.817914740809986, 20.4036420387918, 55.63780109076599, -51.25659399805688, 21.3142160801374, 65.13722970015769, -86.59162643960443, 30.628369613261228, -89.80419136098615, -39.244823908892606, 35.90250793885943, 23.578491424545906, -62.049484373280414, 71.95643223407066, 33.03425979973613, 18.69289930326674, -42.49348946264123, 169.02984770371788, 15.93683356099036, -69.92704191751243, -53.91061871375006, -26.461167167839104, 10.811609862235537, -20.123275919166677, -7.940709704771923, 63.044307196149695, -53.491678355620984, 147.7856686064682, -29.309458037074315, 17.984810375004326, -117.83017606147847, -76.25063408039507, -102.99021350441728, 67.3836385082116, -66.73283759447224, 61.621447730284395, 51.666154764990985, -86.13404939866709, 12.591381975003435, -58.911932684243574, 68.23227976928541, 48.64348849276549, 15.814086852917528, -56.345938170206786, 18.920369794169716, 66.1388506988255, 39.72964093327534, 178.09937059175397, -42.72065515359865, -34.78357486409731, 3.9586290669106803, -20.069547232997845, 140.56554354630282, -90.92522684360736, 3.130673793865276, 153.36949887933542, -57.052225069853485, 28.168109671597968, -117.06024609266088, 89.26120612798412, 143.93060765001277, -50.347915277767015, -3.4573521420283457, 24.749753695989913, -61.08215338832908, 102.9664516238286, 52.30993007718171, -78.73297559306444, -24.053761780566955, -14.048727276436487, -23.020786920880827], [-17.981105500575243, 83.14740615666871, -35.32434458535109, 114.67346365365812, 67.13143438852912, 139.38019194046112, -6.413292950644107, -11.008047553588927, 846.0633983504804, 20.33821304826393, 36.60946681184843, -32.38319341572244, 114.35197338737201, 80.9467533717724, 51.52190348172355, -20.091772308507636, 28.88475725354276, -11.01751910647617, -61.2949914489912, -29.826444718994427, -74.24600374959701, -56.75427832138278, 51.3364559474021, 78.37138355979327, 7.70957461177497, -14.034623462605326, -71.23263926893875, -107.22720959936049, -140.89065575072632, -22.99840067009441, -18.64067205885111, -50.66260436925434, -45.26021418760346, -18.220220658148644, -33.58954537862378, -30.67514120879057, 9.786962446850652, -155.2759328788822, 12.977932010118765, 23.233372519452537, 70.47429971582602, 12.634318154068081, -12.100832645693956, -33.30046684634541, -28.199513545316307, 93.81223769152405, -37.065331282654604, -33.36288022403184, -47.50220028075292, 0.7881072227271756, -98.86542592292179, -13.656017797865006, 44.46808596702657, -104.07235218859361, 4.824373252834905, 189.26014349953633, -77.5302934694009, -77.2927909758826, -5.208425409770805, 81.61972153603425, -160.29294319297665, 78.00302815366186, 134.04198616138882, 60.371231160430035, -34.49709419390814, -106.18407513642798, 29.58949700384139, -53.66480108252656, -31.668453894046404, -44.78241263924569, 98.69407135822507, 134.42959178878706, -5.535248157142833, -70.20404913494488, -183.2202114880916, -37.50521544054609, -66.19792136525209, -71.97792044937407, -45.06203901613804, 72.9345742267247, 28.135030623719167, -69.01688141542917, 1.2772831102040456, -64.78120726483432, -41.43830404248106, 48.06558479504479, 162.88805931346968, -51.028236662664675, 25.163050377330237, 108.85237767149673, -97.16841528099485, 61.208288189523884, 161.80305876709878, -116.16555277850847, 39.455474983240215, -76.42122557449414, -114.12684198727513, -35.1158651739957, -69.23115111838118, -98.14564027038446], [11.802946340246143, -16.24327971571079, 54.335634336924315, 8.267052372826713, -62.58498482511022, 113.33231289476878, 86.7052938439803, -34.991838794804394, 20.33821304826393, 934.8399062761739, 133.47452165500516, 135.29187448073714, -36.09333385570776, -57.26163940200791, 25.067223567065557, -127.95440090796943, -176.71052220829955, -26.167042459964467, 166.3652115203219, 49.682467045674514, -20.761623770186116, 54.387838453866266, 8.279232874064865, 28.611422187877533, -125.6017250714853, -119.4759055461027, -38.65553406784004, -64.54813070348914, -130.47640126660525, 85.9891104536251, 52.81291537772963, 86.18323609074976, 99.866876617939, -73.44750046363613, -0.27386545699818216, 5.703654469784125, 42.44728186511109, -104.01341397977654, -18.445958252234718, -108.84974347634312, -14.415710959974636, -61.468861214174574, -36.14624228828194, 68.86976481781952, -46.04331976430607, -170.43556928770258, 197.27265793744297, -112.01286054736325, 129.01164318546483, -49.865469278987185, -7.850413780112677, 94.036913414844, 81.12676138048909, -3.130179188962411, 34.68047366768045, 27.11466915894519, -70.34157415516862, 21.926312600245904, 147.1020772722525, -16.80673750423818, 38.761964161322, 29.093593116297466, 44.265749627457694, 135.85091913581425, -237.47264569289797, -60.32507018322673, 12.711758393807807, -70.9319670935004, 154.02220839021476, -26.893816167755798, 126.93344052538863, -68.5352754853948, -18.34096043954929, 160.60181456677415, -57.80029774167401, -13.722803077012093, -58.593805482497096, -34.04940898015928, -69.32212732573124, 83.90285355634248, 18.219227429756884, 32.29889606973549, 65.19813613891439, 35.84917544956557, -58.209552367253636, -0.2488669723779606, -3.2185733600507476, -56.52997700139718, -89.86725301378497, 5.402693154763222, -190.27032460343665, 22.95675442863797, 80.49317530621818, 56.06039646532316, 17.50243014597823, 12.72818720884256, -1.651750694566468, -70.7663977129078, 28.227308154539827, 149.68311501626067], [167.5049480740763, -66.5103164715075, -84.25829213646458, 32.53872983431073, 70.98337355312567, 153.9855466418114, 64.76213707733461, -146.69420360996514, 36.60946681184843, 133.47452165500516, 738.9408901953774, 71.36125579576502, -28.963654902708573, -128.0501812700215, 56.313032399422774, 10.277410058705554, -38.84066884747508, -44.57876495324736, -31.746480232354326, -120.89438029550188, -20.145016594827336, 101.56545704201747, 50.23693886206833, -97.34913662353694, -48.30283498238401, 103.60926616100161, -19.99697506472009, 64.83252964707562, -4.5119569534817625, 65.0278582692717, -27.666681873867777, -28.445117848498334, 60.68509684755562, -28.91553074085664, 0.9377029304972854, -31.49686437789059, -102.91657135799817, 65.28910524874593, 155.6015439919221, 46.14193190898753, 92.12633704173294, 27.044815699489106, -35.683130810498234, -72.96467760670791, -19.883909504387525, -36.54721332798522, -114.68797970963001, 25.55765690946932, 7.044427529567751, 111.44101680557107, -68.48429383538351, -70.40732449010837, 98.67790935743379, 21.2502515937641, -151.76325185637904, 64.21077688169274, 25.01916352029731, 37.57894689622363, -37.45997031954091, 29.590070671028595, 77.02578389625697, 2.58871972524027, -36.952373050475074, 23.004045193902034, -75.17881611607184, -31.595363305103973, -32.70553386977908, -39.265084792176225, 114.00143857464013, 62.489359919043935, -85.55554926579289, 57.83245271596309, -55.25436400295449, 101.73433574224411, -70.21570739473253, -80.97654724050398, 109.94580949635179, 17.6282214524547, 48.53103983973359, -104.43070111298137, 110.21663038575653, -12.724058122901468, -29.110473183553278, -85.15511791607865, -18.495338030974022, 82.83063918388453, 12.057897334099625, 99.67258735200245, -220.84876982259556, -100.83333136365881, -104.20679260262527, -11.55069732411997, 117.76531683526157, 84.94732669849732, -22.59485591308952, -113.17659130176133, -39.882570842739625, -10.77010134493592, -34.566202616603725, 90.18051814959745], [17.76615262875471, -40.676141169997535, -7.495803108127662, 5.931830428317339, -54.929862535634236, 19.770721033314555, -48.45206737952777, -19.910188115372268, -32.38319341572244, 135.29187448073714, 71.36125579576502, 766.4524235008506, -161.73382558748887, -25.604333212803404, 119.46666650471171, -51.35242388083347, -48.359001187443305, 3.1466756345594438, -36.55507428384601, 47.7086444537875, -119.67497584389535, 106.16501017826691, 40.89288081906347, -46.440656634907654, 3.8086807821425626, -7.747647540954431, -56.51340368698067, 49.42853612984759, -36.923606069220874, -98.36726063657821, 33.758022117274884, -151.73078801910142, -35.09671790422607, 15.589995569885959, -12.818344942816102, -14.81874912494612, -81.33854633618775, 56.516949635117705, 42.761764118062864, -50.689422081396586, -30.13267449877329, -123.08559568503775, -38.39208658959148, 33.003386280744905, -107.11441523296364, 54.70851852438353, 48.828167597365855, -1.4307053204454605, -15.271384141992758, 73.26579145411613, 49.37221589908326, -71.86106393488784, -67.22831980788276, -48.42136982129477, -23.39547177858463, 4.3477569121146615, -81.66084433258112, 3.71699425582925, -129.2492859499325, -71.89302230525941, -27.382130863827463, 8.089576202843336, 29.928535833092493, -12.195641637042376, 93.0786174028646, -79.18232844801527, -5.402040063181047, 18.028553012278707, 72.81326918174742, -61.876055027363634, 154.21492989874892, -17.688764205947198, 54.30094215997604, 21.786043491709883, -7.835917371771536, -96.83432669378342, 44.76900665542069, 93.17029530894808, 139.80190197093455, -19.823423333681607, 36.40822681402108, 21.08383701924006, -82.47647983434419, -9.995997360270803, 7.634385879168808, 32.717690582328856, -9.64839236203623, 102.99679887757529, -107.47645242408302, 95.20347502873996, 4.045168656266992, 25.87468799258499, 109.38229797790514, -127.52190503722477, -34.317429538648184, 8.71396892624873, -168.2515991017222, 10.106132911942678, -16.26639947158597, 113.05821556371302], [67.8554438727531, 17.954290116874397, 9.948410633064306, -67.47265915523728, -25.687309871122846, 43.888555195488095, 66.50042597881601, -33.159331833610594, 114.35197338737201, -36.09333385570776, -28.963654902708573, -161.73382558748887, 998.7028523386911, 3.729208279723797, -98.29553898636999, 33.91448480048156, 9.1363960490986, -112.72711268345391, 168.6889460293079, 6.6167209269661855, -137.85419792572497, 57.685828233635576, -89.82958537470395, 147.3496224230078, -17.034927058311922, -17.240426155674054, -12.47449247365095, -89.10560721274136, 133.1904763569732, 117.6623568745946, -25.706228659659125, 71.49815061145888, 1.2047643592714377, -60.1347299390135, 119.49619003641679, -7.527208452155328, 31.60520582294276, 61.94670272714762, -145.84800093743556, -94.07065770907458, -19.54851165166992, 143.83080578368364, -19.05976465700003, 12.689235415843184, -41.42963394113158, -42.08100839681768, 7.409095366309757, -41.55943611560213, 99.18548217585442, -79.3892912562979, -58.1525139863896, 135.49245085513923, 76.25541670620358, -45.44894038609636, 4.236007519626852, 13.368135413263051, 86.59300734090829, -84.46117367225473, 54.27634773048703, -41.20857088333209, -4.216110181937, -73.76998251571563, -64.27110544484945, 28.834035956440804, -88.06926196417311, 114.5105391199838, -64.11228016961745, -101.24772977127023, -50.079548451741125, -41.14680305587248, 43.71767015997208, 143.6048822397557, 28.202581010433093, 59.06024691322467, -58.56799379778733, -25.8562733230376, -9.624685964519312, 91.5176329097938, 0.7596877565891439, 0.890780418461105, 119.82572422606148, -78.50598589704478, -43.49860659039107, -34.34227099451349, 76.91942449814935, -19.350900138371465, -24.32553438400147, -59.57698842707453, 35.273170965930554, -7.007793849854567, 66.44769296251147, -84.44062674508493, -63.5647192725002, -65.84497154970384, 33.77056443029891, -8.197959920037448, 46.726060238123566, 29.797830638640658, -42.3281162967517, -167.0964609591845], [-87.87168271310783, 127.18562344153062, -146.19446170345086, 48.203249444269495, -81.67508978183875, -5.6701423651109115, 84.89953166591627, 5.214677625702832, 80.9467533717724, -57.26163940200791, -128.0501812700215, -25.604333212803404, 3.729208279723797, 882.0738483598249, -79.28689285323136, -33.177408302379504, 15.79504055484642, 20.50812839370083, -178.76957837621293, -26.979799178405436, 142.1481646468808, 0.883254033108891, -2.543237272884726, 167.25740303323056, -72.81569356624989, 8.32058720273714, -81.34242483898939, -56.4811624907301, 6.360494545193691, -87.34227632166382, 107.76565967220542, 108.91126567827541, -35.24569604745122, -158.85292645931324, 28.458148477044194, -27.00925283963079, -142.40566079083933, 3.0813216880780887, 51.710864072454484, 166.33215940107985, 14.994446434184159, -43.12079388845765, -104.45277541142474, -85.67151385085936, 30.620191235369223, 67.55549395136396, 26.718833632730487, -17.134430627708664, 43.06644370826199, -62.669362388441655, 22.02491535248572, -26.4529322127555, -39.68889348262542, -132.44445930308842, -65.64609127826503, -59.60512246717389, -185.25675323913822, -137.32121790189024, 97.5695689054297, 77.24696805013019, -65.40391460501178, 11.533854173511912, -86.57783839764133, 21.220977177966382, 28.73525533430724, -32.80697356810687, 69.1542582340799, 15.14012273077698, 29.565531211241385, -203.92904508473987, -146.30741484231814, 26.340568871487037, -70.28663271698738, -3.470542417228018, -45.186229484993476, 31.499237076950052, -4.62316642144957, -67.25135387148595, -184.9866968339413, -11.367414704556518, -158.6179711563071, -76.30278095686758, -14.994978877834122, 62.89747870210061, -31.281765101213928, -67.82999364471812, 31.325675347698873, -52.4277593290864, 45.98502844132099, 50.83061034459407, 94.28248723158538, -11.286514481538063, -97.88874206697034, -54.67809856174578, 46.10231480402737, -32.91871565310478, 56.63921840718372, 12.900297995501353, 92.05797291376352, 88.70615746867954], [-34.618598471869184, -78.12263685683305, 10.518552267078574, 5.384654915914431, 50.69603837668857, 70.01567674123115, 39.04804354139623, -68.28277602881734, 51.52190348172355, 25.067223567065557, 56.313032399422774, 119.46666650471171, -98.29553898636999, -79.28689285323136, 740.2802465788172, 67.49737722948484, -103.84891033671153, 173.57683753968314, 34.40144885763669, -25.331955741062337, 68.09268507034027, 34.245572127613514, -42.36432797300918, -38.32899313429398, -96.05168458316582, 15.71142117482123, 64.59722529681618, 63.41922659745712, -78.1679846992383, -21.04875878783023, 23.195386957684914, -29.497589435386026, 20.181989050242283, 17.672996115892428, -135.9982717162503, 146.64895864751466, 91.19513903210174, -1.685354496439349, -128.3781092819139, -19.290062837150263, -84.36186068989984, -9.332972124738285, -109.4234563777702, -66.62510174626033, 46.23584629135693, 13.795022904610756, 10.178446257098294, 60.0797931051694, -100.31035731951538, -44.485056855011564, 30.901318067146814, -60.07139533266117, 16.473600658167, 4.268729729509688, -44.01379296065099, -82.82235332926679, 37.787223571994105, 194.66098347409914, 145.63915506336275, 131.26813318611275, 119.1751279809896, -81.02351726045524, 44.566632909896214, 97.16365380173458, -27.18353092112839, 15.5991091999356, -60.5188155860255, 4.475843724945447, 33.28916471454743, 40.23629694133676, -21.479292547168228, -91.04565763283274, -69.07744422873957, -15.291821534827768, 47.71764460658113, 32.783988915159185, 44.42228123336004, 13.026648377934222, 21.83600987714672, -95.57248909214056, 29.355902945275812, 25.059121028825235, -19.94206868903908, 70.9107924986137, 13.28203293521748, -106.63695972678599, 44.83486538349437, -70.09502740223809, 11.063756704613159, -4.049868138443352, 35.77802972380224, 54.981924755589105, 75.63229506195977, 102.31954104353885, 19.308241943386253, -3.143003662972126, -160.15041012840308, 40.901185684386654, 126.78499916070078, 50.65171700244793], [19.02099179968846, 254.31852136024477, 89.97581594290226, 13.938529721301533, 7.789395703847581, -88.08167939492216, -154.796939851245, -3.734118963811433, -20.091772308507636, -127.95440090796943, 10.277410058705554, -51.35242388083347, 33.91448480048156, -33.177408302379504, 67.49737722948484, 1101.1447931864184, -127.11402937901629, -13.872099552319796, 1.1234905741996761, -25.93627446772066, 65.44147624779754, -26.32323548660319, 11.084667476351912, 53.577055988805334, -68.078666593727, 100.3755612766237, 23.181697860582133, -16.01634790937466, -107.84131818227814, -89.1882345271936, -100.02530346450156, 92.02475503587334, -46.36551924996452, -22.055126747734455, -71.00007156425549, -106.14279224754975, 158.21458016073797, 142.72099003059904, 175.42590505005288, -26.78949342483261, 53.99316158087165, -19.680845744505433, -19.264399603097004, -78.43581600286782, 144.79183204241113, -83.24210168952948, 21.3023044825807, 17.864386577311475, 43.042485472517406, 11.633330941792668, 51.17742691888771, 17.686663892153316, 9.977135392337708, -143.38395017729658, -87.45229846582859, 7.753463230394641, -1.9814728844110268, -91.54048549810534, -83.60472863859111, 57.06619649192338, 148.0516532886744, 38.090892263029914, 95.46900094345925, 102.65142081033919, -29.99981515364717, 48.56338171099592, -135.0982587400785, -62.266414598038985, -27.062057204685797, -140.644884904357, -22.238261384047497, -5.748480679835127, 30.498649307815942, 110.80583542459807, -71.05355538299867, -3.5375957911977203, 50.269481572941004, -83.03850117953077, -2.5620393510582185, -156.2740151198898, -26.906106244572037, 113.4888670982913, -32.05625898407036, 147.31589285824302, 82.21868179892513, -75.38509004545553, 58.531290970673886, 0.6766659138639947, -94.1379047182234, 31.597204763412822, 99.75491383210387, 114.75795728264542, -31.57784314748002, -28.585676174528047, -200.50813910786482, 91.90572626308214, -67.31353642595435, 68.93815561402246, -22.55371061112194, -79.10353933515098], [-111.71758857834138, -62.04806401992146, -90.03539717103064, 74.4910726562485, -101.60632063996631, -72.28733731600661, -140.8124178620956, 42.670972023855526, 28.88475725354276, -176.71052220829955, -38.84066884747508, -48.359001187443305, 9.1363960490986, 15.79504055484642, -103.84891033671153, -127.11402937901629, 970.4659103210464, -157.2325628700195, 6.722145814341497, -110.53000827943696, 103.60293203682983, -102.7093273916256, 51.991307968138194, -142.83154907864042, 41.588980817365425, 99.451046290958, 60.653503754809904, -44.20009412629346, 86.80962277529297, 0.7184374137824672, -17.75527390330286, -55.75777640990489, -66.78453530440008, 31.618306137752217, 119.54156934360095, 40.60305271922777, 9.045424756432498, -55.96000310638336, -15.1064115271138, -18.946776997141185, -83.10804508264883, -179.8934081693653, -63.905642653341395, 96.14881071610317, -28.326585894796533, 139.31017986225342, -17.565835525195904, -71.81427032850075, -6.030888335889709, 93.79200097059788, 93.22116054118342, 22.39044328153214, -82.76926956372091, 86.92802830508099, -10.942052952600545, -54.41579326389687, -34.92115530848878, -1.7125992256574671, -44.53774988098591, -174.40280974495263, 137.9970026684729, -151.54658945001782, 41.94136478852984, 38.09805626827262, 10.594628752886884, -108.23051560807656, -36.64584643929428, -39.62671066218052, 19.653902258991053, -92.25293896160426, 19.69662629904464, -3.5159850452938692, -61.209747948238885, -76.43458428381679, 8.729901274090803, -94.10520761140677, 53.105402787499905, 55.11360689239674, 20.6646957480399, 98.23961293124424, -119.03608341431004, 134.7682284461419, 4.391011941324681, -176.7617753648716, -41.62627666229313, 44.99842219280494, 135.8047641551531, 2.2130308302051667, 38.692138004370946, 26.98611481712041, -81.73631812515849, 88.74805839649922, -23.047652384041466, -132.20038019707363, 38.8813043336301, 97.01788819151777, 52.856252278273246, -39.422920101679324, 121.34303358156612, -72.25698695127474], [-52.61375419687693, 44.92391840521391, 182.55216225135916, 14.778709548747985, 28.096911746491468, 56.224069672534746, 24.75035846381212, 135.62616551075052, -11.01751910647617, -26.167042459964467, -44.57876495324736, 3.1466756345594438, -112.72711268345391, 20.50812839370083, 173.57683753968314, -13.872099552319796, -157.2325628700195, 942.891382199927, -55.52194790896472, -127.50867351364309, -125.79963936399183, 61.84111013210813, 16.358746412498473, 157.16674719740172, 16.04895251718009, 26.690070386195654, -28.90187921115811, 130.37410315246913, -100.32514083419936, -73.87071704450743, 50.40351811880932, -1.6251714338477734, 36.469153578217544, -105.81818347544231, 1.206166288907492, -102.45897933765077, 56.38958375096325, -14.624102910782934, -138.520990205878, -35.047877941467, 37.062188143497366, -47.60495049962028, 89.85599000411463, -68.46798900286929, -52.98684167095393, 9.03447576001777, 88.92491842830904, 211.81508431985267, -2.09334583954498, -63.129228383162086, -43.633234621463124, 25.435149263083364, -31.20228405907457, -16.959135304354483, 47.03362391298726, -75.5663336698522, -67.56906346386782, 19.9782707545465, -87.19407052323143, -46.08804510355358, 48.61032708465038, 53.68645693189388, 38.71334863731686, 62.90483141871797, -3.840718236198615, -67.56441496287437, 40.14373466181735, 13.804337353426883, 47.923064441660536, 67.26185761415113, 11.770854362350818, -29.62578924146956, 65.72131818710129, 72.60591926857724, 1.094266499849527, 97.73180358478021, -2.6728125551533344, -166.94780938400484, -92.76877476276586, -61.209323037578, 8.030445572698122, 77.43530093710949, -106.01930981474659, 45.66582865973998, 18.264974077948487, -84.88158929224753, 99.37844150985833, 26.881754282760532, 94.79933172697459, 71.80753626730454, -39.94343714045966, -97.77545253618634, 51.28133348742437, 40.81654762882982, 123.76270058081182, 136.46251599505663, 41.87709791502631, 10.97896712997153, 109.56178383089713, -19.833984636619164], [-168.04446798087187, -75.99317341622789, -12.383554285323195, 55.906088967121384, -45.45479470990691, 7.783143016641031, 85.33802903849009, 4.088013575352031, -61.2949914489912, 166.3652115203219, -31.746480232354326, -36.55507428384601, 168.6889460293079, -178.76957837621293, 34.40144885763669, 1.1234905741996761, 6.722145814341497, -55.52194790896472, 835.0713760817093, -27.492036308881268, 3.34870327001215, -42.64313337505272, -72.08492345340703, 17.956668522827396, -39.947158114119325, 9.678847171207309, -133.51228950868963, 2.541591499730069, -69.17220277455793, -43.34008438028893, 19.95029611562574, -65.17136234673632, 26.272239131818658, -76.27220383131538, 14.083252200762495, 135.84236288061143, -70.55239381219906, 39.50874854713076, 5.370320365614987, -63.70576670709898, -118.84828409642985, 19.39264133728623, 135.7668381062739, 93.42025006790026, -15.582424752495026, -106.81439683898807, 51.529831794151114, 68.63832054127757, 86.65054843478194, -105.38916215482469, -3.9759968027484898, 59.10007464559082, -81.30231719630746, -9.427496970799481, -135.68659634729468, -5.271865033088393, -8.962631752382142, 74.02385106000935, -13.81459642747451, -68.9464226694912, 104.77593739831705, 78.3885816824005, 131.77501452783739, 158.56672950396867, 16.889418608069835, -16.846533460807517, 16.015350444418036, 16.421025351696052, -3.9316911232274956, 41.42589586113164, 56.00184009868022, -29.778894264380945, 26.353667759825637, -16.129122617551285, 17.90918592748194, -50.890888469832014, 73.64910145852339, -16.61872434461962, 80.38849793622767, 44.75332779067386, -93.47825855851073, 97.74572207591231, 7.100343469380532, -1.809542204569309, 60.249001007766246, -52.99217593275092, -19.077485789694084, -132.33714711198203, -5.619472959565175, -162.67957891873857, -94.48749954707029, -136.9149848797155, -96.2802272517966, 102.34808751359249, 48.91413541226958, -3.669900229340635, 44.83194136089324, 15.56414763173973, 9.951027958998043, -114.21336221440622], [-32.96457965627698, -24.958844753412777, -58.838675784951356, 124.09345294272369, -13.301325898337792, -5.424231261218288, -54.443414078809624, -30.815045470025805, -29.826444718994427, 49.682467045674514, -120.89438029550188, 47.7086444537875, 6.6167209269661855, -26.979799178405436, -25.331955741062337, -25.93627446772066, -110.53000827943696, -127.50867351364309, -27.492036308881268, 1084.187544803306, -83.29771347225135, -59.275380310909775, -41.1236070104567, -118.78776215282278, 150.19972539377224, 66.69674560798948, 85.6226424993294, 39.75640646914385, -40.50703339527161, 48.55527443408876, -62.67724808127331, -46.499805233839226, 127.64120319798467, 31.422034313833432, 71.10353325924606, 22.99936237741809, 41.40608111256272, 68.07915877118293, -159.0382028749374, -148.6178302476572, -43.07520869830487, 159.6911658715496, -41.89102732298599, -17.158615154503615, 93.29160114349169, 137.10095436953884, 6.298608981110987, -12.557377024179647, -69.41031274496139, -67.94912992756565, -5.584922743564492, 45.53256539225294, -47.77270402941671, -71.23732439602665, -4.363021603637211, -139.09001989071356, 44.51702044684568, -127.08742113137382, -85.99159925051292, 70.20804984598627, -111.72418250360869, 1.3609172417046236, 111.43004249353505, -53.980064867602444, 35.61460333985287, 122.85806273396055, 100.14595267081789, -14.725281915018506, 60.2400853778416, -48.188835874779066, -61.853612428995675, 80.16182118862874, -65.46128082706949, 48.27342104010385, 143.97746253966122, 140.77055422841224, -218.26028620813327, 20.363208256428653, -22.44111670759817, 61.803645701867325, -0.4134731491376564, -10.603458573949109, -69.50617655177112, 133.01774418999287, -44.286248025505245, 16.73036793207634, -44.78841713759379, -230.08413935497384, 47.68842773160877, 60.015578566913895, 69.00455350181257, 48.62362390019767, 98.00216775043961, 20.956648115613817, -29.491643397026944, -112.34007578377238, -168.24436316698518, -100.04830276986206, 23.35995781405963, 89.22412485847265], [113.11718012121207, 40.23089117368069, 112.84328918727857, 30.14477784940182, -115.96204882361518, 33.00590941936718, 12.463538752217962, 44.91670334070412, -74.24600374959701, -20.761623770186116, -20.145016594827336, -119.67