{"N": 100, "M": 9, "A": [[[773.9063108781925, 11.240871220866676, 103.68243893043392, 47.10828635342959, 40.634943845288454, -28.639778931736867, -154.7173469069883, -38.25543090423527, 7.272425519904944, -56.16254248998391, 73.20542382435873, -55.7626263738957, -94.53763540179419, 39.29370915718026, -16.897665012464252, -101.7668694680638, -87.16510140634752, 113.39350945228415, -28.05217780540936, -58.323898352464695, 6.614307888247425, 9.789237596599872, 133.81610446568752, 138.4933382205009, -5.551936327261363, -108.13145959446939, -33.54318380695384, 25.77400610210499, -76.71518641651707, -1.3054780404415054, -81.80968877225658, -47.61801559755854, -47.433263960334315, -99.14151899000937, -87.48749791979476, 55.91793072241882, -28.70143146001513, -80.31902413300293, -12.187494353205917, 27.70520250476484, -164.78700400686665, -115.49994612312113, -97.90428465889298, 121.77961250298144, 82.10243111248725, -18.74379261639505, -75.43778056062716, 57.69246588968282, -0.9062789583815883, -65.4533815913172, 66.19242106006607, 62.89843910157779, 88.73135574035861, 67.03975195246416, -97.14514218507294, 156.39183383260007, 86.07576607991365, 14.755426548519399, 44.24392913152213, 67.75376826968953, -12.017964510060121, -126.92442484367727, -86.11477169869073, 70.34689659830194, 130.40471882947259, -42.047622458689354, 123.06703290900114, 6.7217079879663935, -14.561349899731201, -203.55159739542202, -105.12266982084097, 63.02136466218192, 104.16796179280048, 7.510008225658405, 129.69718297876213, -18.053223968681877, 7.737438885295279, 18.794646724039072, -32.21014559148776, -3.6279809298696803, -61.748163684699364, -48.18204288301746, 49.44485451962288, -94.64682623208206, -55.75340972181431, -22.22983458285353, -45.407984569246764, -9.006496642597806, 53.446819905956524, 13.773868669013273, -12.77858144280154, 46.37924085118463, -20.950193340472513, 18.21845714287614, -4.029702598526927, -122.09450563045344, -114.6281054641977, -80.18131690842061, 49.0129450289722, 59.27451264277194], [11.240871220866676, 1005.0657549092771, -132.91741927134925, -5.127754233785546, 69.40223891431087, -39.39087483726051, 134.36300359052956, -70.40119859033935, -66.64946109477178, 42.86975895419108, 10.36662666275271, 22.85684965273941, 98.53213544663285, 12.920391143653182, 111.81790808145519, 96.09202294379568, 13.672900192169143, -145.10693141385696, -9.860648363378164, -51.97197423488708, -117.0748628342884, -78.6859740178535, 97.26897336391275, -34.872664067222566, -98.06603916196815, -33.40866587174057, 146.70868157398593, 53.92238406162715, 20.50326600082291, -8.067932195061656, 32.921878105188235, -150.03136194102387, -14.990453528423057, -91.87537189810722, -117.52873444080025, 29.721117380724582, 20.590872009803373, -16.354194338083058, 14.45052109667163, -26.373069141477483, -87.608904092906, 34.12142909632198, 15.645130637491436, 76.96961902803818, 120.61360095397826, -1.7875135975233731, -27.864088479573272, 55.2752430513059, -26.757602807461055, 24.258212040111427, -65.15507358858807, -16.077536600831927, 1.0770437382735463, 21.489057070035287, 35.59552360811281, 148.11043209299743, -112.662614320643, -132.88525899701614, -4.974728702956752, 11.535402980099867, 33.70451701302207, -45.10129021453005, 163.3122024963226, -74.10331066416043, 38.28882578452277, 70.91448828537521, 45.11322391942078, 32.61100913917397, -90.59212136504938, 64.34255498537631, -15.221688419643444, -12.994360030324888, -14.239226782899909, -57.143890309817735, 108.67669712670997, 4.129009885794622, -81.08069070615358, 64.25320374135052, -26.52223672570815, 37.91781802703369, 84.84631147656648, -53.72720291250242, 58.76341501471981, -148.61619457666148, 15.877807063726205, -90.84289309985313, -36.9232915723043, -109.96337387162673, -0.894529374205091, 204.701669996578, 26.313799363608446, -53.55756052128176, -79.67185455129939, 4.513254521669928, 8.335345765425815, 136.1095253846433, -17.344982757246953, -93.49146921461103, -23.60230168608337, 91.69438086118568], [103.68243893043392, -132.91741927134925, 1190.971928066505, -49.81410347423128, -2.914301877372234, 29.13465082951338, 61.05608911183058, 16.35351381465692, -23.150625415542237, -121.15603087252012, -94.16770492965026, -128.01247839979166, -51.13132812253226, 93.29928954736879, -20.38365335460668, 35.743805033967526, 24.045964774630825, 20.07136333735623, 40.27022469893266, -76.54448665262802, 92.05766461692649, -59.19450196009752, 91.79790277183862, -20.71642994279245, -47.96887438692228, 131.3470546765084, 6.790632219101511, -142.15597692103253, 56.450323868760506, -97.76543854139388, -19.0234399850614, -6.856096816168352, 110.70580025353921, -67.28164960824131, -100.6138886737368, 46.87246783853986, 18.343086521748557, -124.44183167575775, 64.86088998447951, -31.683876553900294, -53.11234536357398, -90.14475205449895, -66.72906852748233, -48.17934662425562, 58.294541354219184, 2.8910122317266613, -138.69089239197166, 94.36877388738566, -141.02104667698507, -40.00851667530548, -107.56579278916868, 47.304306180620664, -2.2070631222816846, 161.5514799784126, -2.9957383640317685, 18.207173631199733, -6.290135089218387, 59.34910554728574, 58.10808804672501, 89.72032302917538, -95.94998973369474, -34.77092151137124, -155.18467976386682, 161.04486463267506, 52.06947782091458, 91.90496416840884, 66.7629154851391, -135.08834598206647, 44.61157042475771, -37.343504408853256, -0.5387907573845452, -56.585260793420616, -73.26185681352075, -19.77538876066075, 65.901630900846, -71.65906262317884, 56.06278674423126, -99.886756802967, 30.78350366813531, -68.9685810622543, -26.026184187220014, 48.88509269287909, -44.8883242565546, 6.138978247875147, 85.71135351095022, -63.26159721091579, -50.37713575183769, -3.7698254043012907, 30.623287924596276, -21.545810747506184, 114.21974217061208, -96.14132740372709, 28.435952143198747, -13.703372829474905, -85.35330495735043, -6.056697588606899, 116.379449391729, 18.16193865442446, -185.8312912219806, -33.58915779869979], [47.10828635342959, -5.127754233785546, -49.81410347423128, 1017.8018075857507, 63.84797627638633, -54.073830778256315, 37.04324509702265, -98.44110139858839, 21.762915867199208, -19.901782552687266, 186.65381741864536, -113.27120299901222, -54.87369083793186, 126.65024419803811, 1.70287656939542, -126.98368557667716, 52.36252356894969, -15.741127297239942, 1.9430335596697896, 6.187475863662833, -51.840615943912105, 21.64338811113744, 50.991108228439536, -42.38079770484007, -64.88744819893819, -60.292700142568435, 163.99785704613706, 31.894055558715273, 16.228963583541194, -6.010365188019316, -125.31106688605506, -34.393616786062836, 111.82465799801919, 25.34745493893502, 72.93388388683901, 1.52190655217859, -132.39279493741216, 104.80954737055052, -3.6830405772686947, -79.4208767985768, -3.9226584686623687, 156.76653857527523, 69.93068969086046, 138.48918757055677, 25.425150857299013, 1.100963150959211, -1.7915416720685653, -128.6683198250952, -134.90384541222042, 15.744994727620925, -31.64853413610985, 22.378484246809585, -37.65415171232153, 1.5948187197662085, 38.45720128693484, -161.5682097703395, 50.88877432356776, 15.839862483984124, 18.75401674937833, 104.57875263273205, 55.142715669452755, -35.05377563625319, -88.101704210989, 26.36686637816662, 145.26220890494457, -124.77039051748991, -80.53334526432235, -73.41168426275075, 19.659129594055027, 38.88574086143724, 4.463765890423089, 119.97249352099833, 15.283505896830112, -43.12452571834336, -4.495082634925264, -128.08773431241784, 22.439154358061348, -22.92326057295009, 36.453440618923175, -92.73952162730758, 168.42300864334675, 32.329320314304894, 34.08168611467839, 101.24512795106111, 106.50345446149781, 13.494609890579733, 5.6145472653556165, -9.460497393301312, 87.9523113168729, -45.451045952015136, 84.96752145167311, -1.6050715063336536, -49.28814207158219, -75.88325927670553, -18.130296857158775, -22.71418201803757, 18.09673231796431, -86.56439519513118, 80.37243704784423, 43.065440785910674], [40.634943845288454, 69.40223891431087, -2.914301877372234, 63.84797627638633, 924.535245542667, 22.784059764847495, -70.04797776870356, 114.99832082686493, -32.13934704166981, -17.47372752071899, 22.584575533541546, -105.6837622370818, -39.82618542182424, 18.600781787883836, 11.64747956608862, -79.34162786988851, -13.609938042277886, -49.83527011081872, 73.41497550959244, 50.10267127244631, 8.912974242233322, 150.60309672672267, 132.72598701758793, -23.134312153938712, 25.68079120626723, 59.18833613024852, -133.2991757479293, 111.26953995932763, 25.980559359771533, 83.8594643497471, -104.47560229680221, 14.380468942308582, 70.33392215023093, -5.195908388456841, -84.97252884109285, 30.128486745834653, -58.8665550772851, -141.5166547225037, 61.59300691930089, 107.11153031186458, 174.62992778572246, -88.5783980652724, 127.5797360098706, 139.72477717403683, 61.76801254198878, -11.359883470441106, 25.670328375802416, 55.64530444061643, -97.15947221671695, -6.939070917918511, -85.20161269585385, 4.812043015733148, 48.08862138333258, -47.1833126201663, 70.43759869730839, -2.753124488358005, -125.90422780853102, -65.674860537774, -14.002110819773458, -19.967692723483502, 6.451878398194665, -62.279719479754526, -47.73627608258841, -78.11445353594371, 32.87782777943582, 79.21615676971787, 96.4109854247915, 20.555919399924562, -6.574545107690012, 18.81485705753792, -62.21914156761575, 224.10380953312276, -19.482541460752458, -32.04563975390006, -3.697972180619012, 21.437436708048285, 16.362915352494444, 124.06153427222799, 32.67677379201961, 104.32736948594379, 77.61837636703962, -61.20144693966434, -56.898524950096494, -3.8566431551111973, -12.198482083826235, -22.568980261851465, 16.75930205299318, 75.54221636573615, 58.57267986767547, 7.511219280467398, 94.39933918955225, 133.89029025554183, 73.35875464215627, -7.179758446621391, 172.68901896066984, 162.94734839377088, 194.9070673306414, -37.64817665875146, -45.25898598367652, -85.55431699156756], [-28.639778931736867, -39.39087483726051, 29.13465082951338, -54.073830778256315, 22.784059764847495, 1163.4784362176085, -62.69779311767705, -62.494341230403485, -97.02304562978036, -60.57653482346694, 28.952770166802697, 58.79621666638452, -105.66601989841175, -136.5045889569456, 66.75773631750542, -2.256640663273797, 150.81696890620225, -27.742506094260065, 71.34606057864869, -54.49016372924542, -78.79496955484599, -105.6373849657487, 35.85675515314488, 7.732113862753115, 21.1219990203386, -74.40552891597856, 59.54950544066976, 106.96332160091244, -185.81103177332952, 17.803501357512758, 101.44780379063948, 104.74205095540641, 54.86113994319299, 10.511759272599972, 51.69112914335611, 75.92321703473984, 18.276380775077754, -167.70340256424535, -102.40308270417262, -98.53756590930645, -11.506493354025363, 28.45987453833514, -177.5368622518994, -9.462547575791255, -94.43436760181004, 52.07654633390334, 22.921090757739222, -68.16106060184399, 6.396441201898291, -138.80033845130566, 86.58934488015375, -115.62903155998909, 125.09477252982542, -14.001422241439778, -14.629511149881168, -121.708709162213, 10.200833016074279, 189.92798104491544, -79.07813197705757, 138.23146131273174, 28.263381811902686, 77.91357281591094, -111.57950412993634, 78.8588632279641, 96.29414932635521, 1.8063370300120398, 89.58766273215866, 58.70993364850267, -45.873396889112506, -9.611947897618316, 78.76624514320825, -77.42148312362971, -56.92409946293701, -77.55425290530684, 9.034776322975038, 101.66957267401817, -58.89913362357435, 19.362789657621374, 37.68429922753405, -0.4828991266052166, 60.048879872553236, -21.78507799762997, 1.4735296159933273, 13.075886880768968, 96.05646272324303, -4.696050324363728, -70.83114808092877, 30.577578499013406, -125.31228692850928, 17.711078578256334, 43.249884909753796, -23.413944970541802, 52.390023341224634, 16.67127915501509, -3.797310391081853, 198.8349678459414, -40.54541141963207, 118.94135069411408, 4.659395206359763, 33.237001588326585], [-154.7173469069883, 134.36300359052956, 61.05608911183058, 37.04324509702265, -70.04797776870356, -62.69779311767705, 1120.1606434153148, -90.64392382947564, -12.576045095976278, 32.89767184704466, 65.2322807793481, 4.129108373902632, 25.63295560155269, 72.58019908979551, 82.33662049167582, -7.133123684023842, -90.7851705819013, 4.074435406039064, -26.286955952403456, 59.73063193999281, -32.27804350990862, -60.0817828123407, 21.816930986614132, -97.52449489309134, 70.95960437383586, -51.17037904991369, -26.320604727796166, 90.14713107517942, 23.682923085783305, -5.803700184768677, -88.50719115208544, 60.578726347662425, 26.008846582293287, -74.84347426490612, -12.290388821122486, -27.509723660060654, 138.29335462220914, 118.96036159755691, 67.07503490487349, -121.09904310341372, -125.15657639862879, 131.08320128188996, -167.07627825430941, -72.18577369543695, -3.399747550264852, -32.002818982316015, 69.30604686932998, 35.09276727725195, -63.87889645154969, -96.24313415154184, 3.050039564455232, -14.989971525125801, 99.90545732697528, 29.723415765158247, -10.138275063645716, -12.710032746524199, 30.90534308284049, -53.779033399103476, 100.81961067540409, 68.67535097222046, 23.303545504712552, 124.20366291832107, 96.32667883237984, -186.8523677791031, -39.135750227521, 143.15262035884268, 122.26953046694035, 52.19242817211296, -113.96062822128425, -30.470228396262893, 7.689993800051895, -82.96599104548365, 140.51469091029074, 152.88075473255878, 39.33548024092065, 46.421427781238116, -32.10244511086026, -135.39704313289602, 51.09146323110123, -45.2448486412828, -5.689553315250386, 97.72151185579506, -8.070321989601181, 45.19127946655225, 135.45536013741162, -61.45321478568787, -23.33395083545398, -67.66319720069215, -53.29181615946638, 57.63139378958655, -43.70480392269436, -49.6753954165587, 87.12596851778993, -47.73375871954966, -69.26526252858307, 137.91570475885035, 78.95986491304615, -44.43868216017158, -20.339159162432836, 20.64160405324867], [-38.25543090423527, -70.40119859033935, 16.35351381465692, -98.44110139858839, 114.99832082686493, -62.494341230403485, -90.64392382947564, 1121.5607207013134, 10.954152749512563, 85.48895521453427, -66.55090632627335, 50.4758236690795, -34.042314119446786, -11.938468918054037, -140.4099525653181, -10.38737080588322, -5.665807339278663, -10.36907770665738, 85.91253133327622, -22.944440992382315, 70.64211450155075, 64.64525300646888, -2.897872600234869, 174.6489061111732, 124.63960568132333, -54.34389887078071, 9.044953941646062, 5.113619126254708, -101.28173542713185, 72.25378654770864, 41.20458922492617, 116.78515421242886, -96.41390967717602, -66.09412970622958, -57.074678657680664, 42.51652691103725, -83.77854943718154, -54.89098718141092, 64.80267332667749, -4.28145259303553, 57.256890704834156, -102.40496471330017, -52.05129596282288, -70.78887214500261, 69.7392063284775, -129.12678938840992, 136.72551461360976, -57.6263503128803, -33.872932290514456, -74.38017438810662, 14.779318451288662, -62.320710194048715, 13.505177556365018, 29.835129935095825, 34.55355601044771, -133.92328158872573, -122.85757851501147, -82.3852814053243, -1.1380887304154774, -88.75232773043413, 5.349746241545584, -3.909980527742662, 9.034933246924973, 52.65307534958287, 18.649148060436374, -35.778062234869964, -33.36022332089129, 45.83754820377249, -111.44334869706357, 40.66888252093108, 104.3234508228389, 11.719573572771555, 22.660413220114833, -70.65675265425521, 17.950625334460018, -89.23192090045424, -16.390951613556123, -33.72372435296352, 31.820515178413768, -55.86984824570072, -8.74109462352908, -41.36766621322722, 61.80876036780951, -19.771756148772443, 32.58120972231903, -9.498846547596038, -119.9660715988311, -128.20656037669707, 71.54578573344963, -59.3976818927578, 45.46512580624611, -55.41445512535637, -34.963518148783564, -65.26815714266621, -91.8249724109211, -71.20488841357943, 51.894663482027305, 39.21621687501062, 53.04246812619096, 108.47500279196312], [7.272425519904944, -66.64946109477178, -23.150625415542237, 21.762915867199208, -32.13934704166981, -97.02304562978036, -12.576045095976278, 10.954152749512563, 1000.4328466790781, 54.66237245055573, -119.11611381819368, 100.1690582241339, 165.6101375480117, -38.73324189286543, 65.98553091265958, -84.3302040135287, -173.24337481454154, 24.57744352639657, 14.107118543999652, -83.36578627211338, -24.538703549647668, -97.43759694438045, 3.716261832182601, -72.46553919100718, 72.32469658090605, 131.7594584581605, 62.38381345472581, -97.85087612387811, 32.89313260134332, 83.85921938068441, 18.137631309996316, 19.6754136501079, -16.61233673736785, 115.39235582231174, -57.749466425986746, 86.65063544159415, -8.392919533306637, -40.92116728790215, -15.214291945213157, -115.229922563356, 21.25351910886231, 37.79751388967152, -116.25279380488806, -57.912797952418444, 206.34417516161463, -136.97708959728442, -31.62047446999352, -31.65293042342742, -116.65089390089112, -49.82372548787687, 175.02923147583545, -86.95553662573145, 108.88947107492088, -40.99255309982753, -4.501743186358037, 64.31680626202754, 9.663637766556077, -2.8955836502179437, 110.63517490679827, -86.27355855613793, 130.3039615893801, -111.27790419910504, -51.33787188094841, -6.45208087458323, -48.74686072475593, 66.73954594196616, 115.99122390990297, -5.983329396581162, 33.0852305676572, -11.443471860536906, -62.81043004697906, 61.912831616806386, -88.92734998110592, -12.052256798078158, -37.649138439965405, 28.112333697297515, 122.64278271491511, 40.889324817243455, -82.32935771759998, -151.19264410274403, -14.947034390614057, 8.533166482563175, -9.11252704006716, 21.839995969906273, 93.73936411696701, -90.15465434575852, 181.11246533666068, -108.98236606418823, 55.96231750398956, -6.7065033336371105, 35.97161370929603, 137.89328952724958, 74.38207981139574, -11.270121573184468, -69.69985224178298, -3.5312037412558275, 16.71437062842994, 73.54582501779736, 169.51830696359855, -14.373141697572978], [-56.16254248998391, 42.86975895419108, -121.15603087252012, -19.901782552687266, -17.47372752071899, -60.57653482346694, 32.89767184704466, 85.48895521453427, 54.66237245055573, 1018.6194422245514, -67.44777879763848, -125.49748892969026, -40.58234096245664, 134.83300660754415, -148.40931541904018, 53.33415681864876, 18.612325467049537, -124.60587540531013, 66.57524194637404, 108.11213222096072, 31.527776291239523, -104.03728560425503, -111.01301452393739, -35.883525707239485, 69.54604617108065, 87.42964536415582, 45.90640425873071, -12.229928296624792, -21.284823365205824, 67.07633198944849, -84.77603653686954, 25.18107323641316, 46.54195556496522, -53.59065556813245, 129.5527200838438, -23.331332500425866, 5.103938913353851, -48.327411638932745, 34.225055265976096, 10.38725041646775, -83.54003463080859, -64.59228722011993, -169.836088644809, 81.82432942287072, 72.34381835298919, -94.98336552438684, -54.62837955747979, 75.81920831256993, -36.01816312952179, 99.12769467132922, 74.1528719983079, -134.55792290943927, 26.76423007408157, -47.285323373469645, 65.67828543228867, 61.122019391138245, -24.71441877379619, 21.185164852328413, -49.10565430689141, 138.11531706126001, 24.670983104763497, 54.06642254427915, -28.972696628222288, 67.84409545574337, -169.13031535075626, 14.581043782800819, 10.227625487347035, 8.190456247784262, 50.413861242683495, 87.5998417533608, -22.035676892650844, -102.36185720499242, -122.12711633872678, 143.35491444551698, -64.43047754734134, -85.35965039784176, -101.78311260223592, 145.6571448435851, -25.590042023900686, 83.5020629087062, 107.22736649254014, -44.56910307439851, -146.71218894498466, -3.133778962086031, -48.21532748027038, 32.60561053355978, 43.818988086647394, 20.817589589013345, 4.097601590386308, 79.70476976002871, 20.736812401719916, 133.70621555915085, 130.28094572580204, 187.73099335391865, -43.19642423579426, -87.83305026603146, -47.277486877707254, -30.090218628375403, 123.40823904809625, 60.34043270925307], [73.20542382435873, 10.36662666275271, -94.16770492965026, 186.65381741864536, 22.584575533541546, 28.952770166802697, 65.2322807793481, -66.55090632627335, -119.11611381819368, -67.44777879763848, 1016.0370817672493, 34.095074747752804, 130.1582360958671, 8.629712771064836, -228.5495581514725, 23.717776058118464, 32.31766502022614, 141.61761974757135, -138.9340027695973, -62.84331038757773, 27.926413501998777, -34.161874818129306, -67.63067935503356, 36.25281108644443, 7.58797909850148, 52.949307488820494, 51.77636925956162, -74.1610247666186, 14.235872164468226, 63.99171066234569, -50.68725821881007, 9.024646694618568, 22.916669410942475, 27.861198099170814, 10.540969776922351, -115.45994750305057, 6.382083644209826, -23.30309780736595, -131.33845851835545, 26.367549581246088, 74.91654618150206, 99.37663052364148, -90.87903677255568, -121.12935031777205, -4.794315542095661, -97.31937110194282, -60.419585653311195, 36.28018688046391, 142.36971692142345, -74.31234353235408, -80.72356715073353, 108.43569308851534, 74.87590365302796, -42.50170279164928, -6.210547791664804, -28.68533275761858, 22.3005858894988, 46.47467416721166, -1.1847902706297548, -15.331071240658552, 37.22643509581109, -79.89871267219955, -31.10477192078266, 15.518000104062047, 66.76638229802278, -145.71133661471373, 40.703262376342266, -48.15499855878975, 29.404643930587042, 109.9383613303962, -61.46603223231784, 4.241327365738435, 168.66543120116674, 129.3975431636012, 79.61688649493566, -8.065381564607115, -59.07434233426155, 10.601757294318013, -71.09796184876761, -32.120984505383326, 75.53817665471671, -65.10209043867988, -49.30034559357905, -77.42233716143184, -50.01976852713367, 10.332188355452004, -24.92296069133195, 15.707100253108933, 82.42575251603394, 60.723480004254974, 16.23525771441009, -92.64984771034867, -118.28354361923148, 102.15312004975004, -5.212619946779778, 43.959597998692075, 102.8709871069281, -30.71019556851626, -94.2346971520848, -13.865700608661339], [-55.7626263738957, 22.85684965273941, -128.01247839979166, -113.27120299901222, -105.6837622370818, 58.79621666638452, 4.129108373902632, 50.4758236690795, 100.1690582241339, -125.49748892969026, 34.095074747752804, 926.4864864759613, 52.22832220400785, -16.782197318810123, 105.63109268978077, -59.5305895030851, -59.33570642929509, 147.10961169737678, 68.54881168113384, 22.82633136200941, -102.10958899838839, 22.070772491190247, 23.12201979447958, -151.61736524753965, 22.322614171723526, 70.02844803118072, 27.37508559450554, 89.47879454774234, 0.12653874172290436, -66.48599597684446, -115.88830173313619, 75.50209132020979, -5.754135455728673, -46.931851552411324, 15.454115214928724, -193.23510175756522, 142.53842752826785, -121.69086243589238, 47.11353945418042, -18.667796388062456, 11.027626795971475, -18.448956721758844, 22.084415314383563, 33.08882032200028, -160.34606298104174, 53.36539020043563, -35.74444597568736, -6.116200420639894, -26.563787751163975, 1.1372379165666093, 95.15875884520686, 56.200224530974644, -5.068435101798743, -111.78985634827282, -137.07910952304766, 5.693890858114955, -6.756053550326669, -83.54186359813899, 24.01663858017586, -137.7572309315351, -41.08814754266532, 68.67794709159134, -11.037113322643863, -69.65712148607973, 30.243057273158314, 21.352125855199173, -43.65407508433784, 134.73621497955773, 45.317948955060764, 68.24196339145502, -84.0368381070023, 50.33419087440521, 69.49101492739733, -109.14792798482591, 56.056119264989356, 18.611805907233215, -21.88400716851554, 33.26854862101233, 26.258911736253854, -52.11909317675668, -62.76368794550848, 76.65194549658271, 70.23537593897747, 141.6500848683162, 135.7803790056178, -5.559333982946283, 2.9997288228737937, -26.142691062425005, -65.7679036912276, 16.989689891609537, 38.52811816242524, -18.851744041179554, -55.91792375937729, -19.824968690530426, -117.36943418871624, -78.57655952047246, 87.35463361864034, 32.750691370866555, 97.45453291283893, -14.602647602162486], [-94.53763540179419, 98.53213544663285, -51.13132812253226, -54.87369083793186, -39.82618542182424, -105.66601989841175, 25.63295560155269, -34.042314119446786, 165.6101375480117, -40.58234096245664, 130.1582360958671, 52.22832220400785, 1040.1491980189048, 100.0635554295555, 20.726958711341133, 55.67382347880623, 6.3913317647331835, 7.433927087100405, 4.053716981502153, -70.29133463665394, 37.92525552838901, -49.74126967870745, -100.32776628393178, -0.19858654563076927, -73.02975480241817, 56.92177404011155, 24.412185733071645, -89.11046740450199, -7.671551266480308, -10.188519985084103, -59.3424108550762, -54.5283670200343, 158.29771209747338, -74.3466423169579, -46.8818593978122, -153.69274126339116, -92.97084771319611, 86.79726480688271, 85.30943505951335, 6.894827994364859, 37.58507003118576, 127.2010448019484, 15.763654571784436, 65.26888461301003, 141.632612089131, 160.92898908591064, 10.842694161999189, 141.58215111724553, -33.655773655822784, 19.679724226757042, 98.51056156002375, -54.788514664254635, 83.69184702613391, 18.174562645884784, 16.621033872055754, -2.608505016718812, 84.6570577361417, 58.13633037905626, -26.257276107221966, -194.88537176737086, -12.687304015694043, -122.22271736880303, -66.76778069720633, 16.929199344043507, 14.717252179777974, 105.83328070155201, -60.74765600405821, -41.23410008570469, -78.19195935199313, 21.47742277820244, 32.428857399533264, -2.2294099345767964, 14.27294959587215, -58.68371542194451, -13.390781358956511, 27.226993953132432, -30.666828652208753, 4.096064652654475, -15.257888553352581, -116.86622115760586, 224.35070274735773, 64.6396905551046, -73.90756783875561, 38.84986477831782, -89.85986200193463, 79.32513434061305, -124.66072177383808, 143.30174090031997, 96.52673634292847, 94.16815214816904, -79.08102033996356, 40.128904765756474, -1.7396315091975378, -23.816688052889134, 6.825488673374745, -123.5130738299833, -4.236043538891336, -9.46469383370608, -77.18620204722274, 86.64619575849741], [39.29370915718026, 12.920391143653182, 93.29928954736879, 126.65024419803811, 18.600781787883836, -136.5045889569456, 72.58019908979551, -11.938468918054037, -38.73324189286543, 134.83300660754415, 8.629712771064836, -16.782197318810123, 100.0635554295555, 1056.5836634496468, 153.75252687379998, 133.08477936340032, 10.718368421079285, -2.053750605684083, -24.93817513209981, -21.132347132457095, 117.70420097699463, -140.10641294831055, -58.77052445668113, -34.345886745780064, -95.8619807293085, -11.046665488911485, 49.44443864035508, -81.62334640206011, 87.52628721226513, 77.59223406692146, -136.38295314979484, 62.99424106969614, 137.666874884955, -212.02019239080445, 49.403403170679184, 45.722861277168626, -65.23622601027176, 87.7659038587908, -5.253624188938981, 34.85381777472105, 9.488986663834263, -96.72526866358191, -12.29950045680039, -24.521400047017018, -69.46735869521675, 88.05558835670438, -88.78502906236224, -55.77333680036274, -82.43863398604792, 82.3394514661548, 18.41135222155073, 33.75364548749633, -49.53400772911451, -167.41748835067196, -90.57878612535102, -42.795622956975954, 71.06696554828103, -106.40431892369762, -28.231614971866346, 100.40727723810156, -20.07568461425593, 40.36072746742879, 31.96634443846495, 0.31399230818242013, 26.279842040649385, 25.57999081156175, -84.7909757606501, -145.51717173259962, 56.77673468135702, 94.22484173531477, 44.20377657814574, -53.11852606783982, 1.5670626942541908, -22.130327403153586, 116.84469386375322, 69.18954841228579, -7.3578698895164365, 52.98924648801158, 109.76154325083863, 52.132987208032674, 95.19423710192346, -63.96642983584419, -43.00484154562216, -117.86987552046614, 121.79789778386102, 84.5050828816072, -16.696540435270617, 38.74430664404831, -6.989829852790779, -61.642626207479374, -13.13877794652718, 22.565353415635425, -30.7749443858487, 11.220415119800446, 34.79485253882957, 127.84479749361553, -57.674922115712945, 20.132896635304718, -79.58944201999145, 108.8462964175195], [-16.897665012464252, 111.81790808145519, -20.38365335460668, 1.70287656939542, 11.64747956608862, 66.75773631750542, 82.33662049167582, -140.4099525653181, 65.98553091265958, -148.40931541904018, -228.5495581514725, 105.63109268978077, 20.726958711341133, 153.75252687379998, 1161.569066585634, -123.13472395936986, -76.92634683327415, 78.30992111025287, 44.584123183217436, -20.872199964140425, -30.048056898921427, -192.52859490688618, -112.74287596936405, 71.44606409396873, 43.963885710276145, -41.0256541560092, 0.72159295306645, 22.171376805246386, 18.643026063561425, 62.183419797026296, 100.29401478655382, 102.69474432338552, 98.41346007526724, -40.813201984690984, -44.23873316096471, 15.772696134902642, 25.161309078862033, 48.94919902105277, -39.928044264615316, -4.413582670140247, 109.90106777779762, -0.04513105191987342, -27.062451331202418, 70.10401745008303, -21.976412415665003, -21.793014149552466, 24.94054379266476, 0.6105597879967036, 114.03385210444381, -73.96566506906089, 67.03098320997742, 31.952625931893138, -12.30564928970045, -164.17142373467112, -70.00508738827435, -31.304398420417044, 53.994749143203066, -5.310578777658423, -11.948035772123852, -191.9012853279797, 70.46253245387254, -51.65442070586189, -48.647510562919855, -67.42481944891415, -61.97734232578969, -43.29559480904805, -83.44157849702142, -22.29672855703322, -76.75766214371049, 156.80078747758165, 72.49035441674638, 75.47654652955534, 51.52591884088749, -28.58494568164241, 122.38585163984784, -31.003503477370884, -6.4306464381378445, -55.15668370105701, 49.69451729341906, -140.43671730798442, 59.799551365144254, -129.43171848383307, 65.26994164682986, -19.829341485256013, -8.820109964697654, 35.57079635889633, 54.36133088203633, 70.02708138120315, -51.633108084495504, 24.905015392510098, 63.59212078601511, -77.26790391112915, -14.929250046838254, 82.17653110726397, 58.029542731337635, -57.633582118868404, -15.362058505567589, -48.57630548670522, 27.926018600062676, 36.614873524506635], [-101.7668694680638, 96.09202294379568, 35.743805033967526, -126.98368557667716, -79.34162786988851, -2.256640663273797, -7.133123684023842, -10.38737080588322, -84.3302040135287, 53.33415681864876, 23.717776058118464, -59.5305895030851, 55.67382347880623, 133.08477936340032, -123.13472395936986, 1128.4879904856105, -50.208506843024026, 73.46404476678613, 44.69978836855883, 65.32584523884532, -20.3075779524892, -49.723681461715316, -29.59499644031772, -102.55791550871882, 6.008868507034685, 62.4441290099989, 29.081698503252895, 43.68160524798787, 45.71735299438433, 26.30226706107594, -94.74697288497343, 19.90274075046377, -134.60873718100356, -9.224933683326677, 148.88045908123038, -45.91429244895719, -3.7512851850033524, 35.67513845043815, -73.62600655481816, -38.81349408363626, 93.10413651428607, 1.8848569989625683, 12.196848358827797, -87.73732209371467, 59.02463042352488, -51.06622733856617, -140.51354252217402, -75.40067599399681, 53.13300826244667, 80.5192982889903, 202.56076231871754, 40.731836498490246, 8.644706682518244, 113.45691785718974, 96.33957065525725, -7.643383991176742, 1.8642552294558445, 89.40050051905972, -107.72647460527168, 33.74219050063635, 65.55416791632312, -86.78266363891707, -13.328244981519596, -76.86106941530618, 13.224133679742415, 171.79676804622832, -33.98674890694277, -32.304594043030626, -60.80780106543367, 90.31024173059919, -15.922933166937993, -83.96252218054036, 65.88587821433914, -30.509946226108347, 34.45083724933363, 102.08836521092897, -84.40154951681163, -37.39480444428808, 55.10291262069295, 48.53105444529257, 159.10679371152463, -83.03795542051607, 50.04786732228133, -29.655448988406004, 113.80721158964964, 13.184701597657757, -29.23116783106142, -36.94693006998305, -12.2504781452931, -86.14832009727579, 16.245998600473737, -79.05394303885308, -51.259976425739914, 40.03256539973668, 164.25673512070028, -68.17671037897789, 1.1591106454443365, 70.35826999550778, 46.11135748858921, 30.7785228906246], [-87.16510140634752, 13.672900192169143, 24.045964774630825, 52.36252356894969, -13.609938042277886, 150.81696890620225, -90.7851705819013, -5.665807339278663, -173.24337481454154, 18.612325467049537, 32.31766502022614, -59.33570642929509, 6.3913317647331835, 10.718368421079285, -76.92634683327415, -50.208506843024026, 897.2446513146417, 63.75082712180826, 127.91712850010359, -132.87313463561898, 62.783984023997284, -99.24047444185825, 115.69620718542146, 27.650415116462437, -22.384581104736395, -15.306084514498389, -66.74693632654932, -59.681761762060844, -41.80822663720386, -72.5636963386961, -59.244412797090924, 8.079498007707796, -30.27598674980176, 31.684044743341186, 90.47651375389593, 110.80745279358098, 0.4106783344927717, -102.96796088536662, -15.438537578359043, -99.01534396079137, 23.11165684566344, 63.406847778538555, 10.463031718469045, -16.02627622743634, -19.115875658881222, -31.374976068126866, 54.2272758993065, 48.001787771647386, -60.247029443651904, 18.498482734678255, -119.80339288070284, -35.96268649985196, 15.904288474341321, -56.721730565544306, -33.46609912929385, -109.52233542922698, -12.223313402965756, -72.559424515936, -114.86212655177702, 21.459379427348274, 58.11128008699435, 8.966448886611174, -96.76021994479244, -7.862465316509556, -8.074067910059355, 125.97518697568282, 19.563645512843962, 4.5992965653240905, -29.005598256122763, -1.6318358247383375, 7.195513872085423, 7.567775979435485, -29.041674826185766, -41.63521654178143, -28.7174567059729, 213.30958904827756, -4.237348897579614, -9.757964671924855, 108.30038936115425, 50.04735767687806, 109.05919303656148, 58.96092262148972, -115.92075508602152, 70.36981557432134, 57.190226924215, 17.540906749112132, -189.84284599411293, 28.067036052367488, 57.014684112980405, -104.05747205684312, 40.66561122870027, 92.31467075156176, -18.189462290239423, -48.74773979398909, -134.7189851768767, -23.46655741297996, -66.40489476576508, -82.05274617443214, 26.089867962058236, -81.7481269292103], [113.39350945228415, -145.10693141385696, 20.07136333735623, -15.741127297239942, -49.83527011081872, -27.742506094260065, 4.074435406039064, -10.36907770665738, 24.57744352639657, -124.60587540531013, 141.61761974757135, 147.10961169737678, 7.433927087100405, -2.053750605684083, 78.30992111025287, 73.46404476678613, 63.75082712180826, 918.3614003569965, 14.488772301697935, 79.84202329090552, -150.1845001962511, -82.57414282893045, 107.20103263562369, 79.93053635925774, 4.851549183457996, 93.92091050355037, -62.40524435523906, 112.98642643326188, -56.56346894379314, 31.082501677972743, -8.744551572839002, 137.00323642657287, 54.442927735430004, 24.233209519717036, 120.96651788469555, 55.01974501482318, 83.11432473804419, -95.42476962138211, 107.44611711372296, 34.38366156007872, -7.609142484301686, -9.985005991891445, 67.16496762648865, -115.77235998068579, 75.18588404223365, -25.713145106012803, 24.486347219888295, -30.987841995858748, -10.994835253590157, -35.36206351874826, -54.224416337774414, -34.22073292312647, 71.83378477330945, -82.89787555517401, -35.352405369237694, -48.02002728265875, 28.73892059850091, -31.861648629151205, -126.24233137139917, -91.34841064987553, -32.881046980652236, -31.510580229533087, -62.43547683261417, 15.38292715670077, -53.129275425164536, 100.80350102366401, 3.887081296754751, -114.79092569107729, -143.6593114392058, 11.766657803295645, -192.0280136610903, 11.477076516401794, 44.06652524683602, 65.33925840710238, 82.61491970166387, -46.87597958750144, 11.123809142838963, -36.06917210596996, -18.197505707551176, -10.533153835157544, 18.155425429316185, 56.716702744583095, 49.109381859631085, -39.83993878585214, -34.76305782807418, -8.349929892117963, 92.51469691571799, -90.2328798811969, -28.031754301228194, 7.66823957796135, -42.125106611282746, -14.958869250970867, -105.87956249981536, 97.82431665125168, -59.20888501560759, -93.48397756651306, 73.28562872070785, 98.09138860570444, 15.816970343330835, 13.534915036973203], [-28.05217780540936, -9.860648363378164, 40.27022469893266, 1.9430335596697896, 73.41497550959244, 71.34606057864869, -26.286955952403456, 85.91253133327622, 14.107118543999652, 66.57524194637404, -138.9340027695973, 68.54881168113384, 4.053716981502153, -24.93817513209981, 44.584123183217436, 44.69978836855883, 127.91712850010359, 14.488772301697935, 962.45081855531, 79.32550801893818, -175.06566136870768, 77.89593129907655, 14.664409559006787, -54.11611668244047, 81.84178289045693, -65.80744592944754, 59.028849449866954, -8.027487998349283, 136.09220229085133, -14.57192546338136, -24.411658781824087, 66.88970817152178, -141.98219810880317, -49.35367344967162, 99.75529357215858, -17.060849451076148, -96.2033445745477, -160.49195541119693, -32.034484681337794, 15.918826470661285, -13.094899953846927, -30.549965719119257, 70.60493434858587, 89.58911891978273, 72.81967495434776, 33.99537567972047, 96.23669975448641, 124.42505821213174, 58.13306756294423, -62.86071066166664, -103.6183820853397, -41.45233651279878, -110.45673757002939, 182.36732426910143, -22.214430084394966, -68.94741931942282, 39.81624458891823, -53.39139118775488, -122.89562806361496, 146.03697618840363, -109.58602438277352, -62.64610961126929, 2.5534029411241614, -46.57287352793215, -226.41077446839782, -88.96199924927168, 115.07366424862867, -37.66322729772348, -164.82212407465812, 67.41840563406694, -67.50366603326353, -62.43085656227835, -21.903480810476974, -28.406181137398406, -62.006832830680914, 60.02475862646633, 64.84390824784622, 14.458400696631143, 7.093940538642486, 77.41245699137494, -49.209837589891336, 29.937554552016458, 72.56196556669221, 27.737618202505917, -67.26715816583705, -199.88021017579558, -31.143597894138008, 21.19694171804092, 109.8751021301988, 39.66024568449322, 102.08005462459892, -13.673964302061988, -13.598193131500476, -52.72595989440354, 25.64294052072361, 43.36260002252693, 86.59440774055413, 45.40366645119271, 218.8233587167178, 19.92935905442537], [-58.323898352464695, -51.97197423488708, -76.54448665262802, 6.187475863662833, 50.10267127244631, -54.49016372924542, 59.73063193999281, -22.944440992382315, -83.36578627211338, 108.11213222096072, -62.84331038757773, 22.82633136200941, -70.29133463665394, -21.132347132457095, -20.872199964140425, 65.32584523884532, -132.87313463561898, 79.84202329090552, 79.32550801893818, 1030.27388341568, -77.70589101773604, 25.185063477997726, 37.34099886343381, 46.72406615458139, 57.08347424956856, -38.777763093540734, 178.91618815131494, 195.85372006404106, 5.968678519761676, 38.21494854740491, 8.370366413769474, 14.200182023747105, 13.836591060205834, 14.378612537615467, -26.504252242174875, 89.89965401999852, 81.75371297973237, -4.337625154120989, 29.656477785764373, 65.91180414020097, 111.381737285074, -121.29798948647776, -92.00979474486466, 48.89399431846582, -40.55619995093944, -57.382732216520026, 30.005971638307276, -23.741804427521547, -123.94435211748181, 165.64235687007812, -35.47561731696002, 186.99257574748432, -73.1602359191894, 46.79695386045318, -66.84498967884954, -52.28021431278182, 38.05375628439699, 20.25966944518144, 84.488402319069, 26.347273453578236, -71.62011796208347, -26.008110437717075, -3.5929306288150498, -13.938011200879286, 93.08818259849077, 3.3893411080033613, 86.67247553840281, -22.395306341105208, -55.81218803290817, 63.37449825593797, 225.4147496313286, -42.58069327500997, -4.936150115680058, -73.03024004166448, 35.96722794084362, 2.729580937922751, -109.18224565968731, 61.4557633902015, 85.10416140595427, -61.64637003287902, -2.478557258438282, -159.02472147302905, 34.55867176228654, 58.59577767717377, -223.91332091574375, -34.129999775645885, 39.338822178679344, 98.14063479786238, -21.53473020249196, -78.8290744944498, -61.59327521816638, -6.856304493535658, 56.34117959730043, 66.81303857039002, -34.99641982467144, 60.79272480098433, -186.76191326049164, -41.069986386073154, 24.652150732015887, -31.626331034256207], [6.614307888247425, -117.0748628342884, 92.05766461692649, -51.840615943912105, 8.912974242233322, -78.79496955484599, -32.27804350990862, 70.64211450155075, -24.538703549647668, 31.527776291239523, 27.926413501998777, -102.10958899