{"N": 100, "M": 5, "A": [[[1059.2173988808715, 59.838714006720295, -13.631580079950952, 34.91932881886746, 79.11568268256573, -65.25701484707032, 4.654893650161072, 11.159524917821088, 101.64530918122509, -21.120939228940397, 69.46616011495743, 64.21142206582451, 88.05436061460368, 31.006904306093066, 49.29823718935543, -28.145666434355583, 28.79388515226662, -46.93561890291862, 183.62253322764448, 58.388485316479944, 161.6468513948216, -168.5893729699771, 83.61983676294986, 164.73939946290267, -73.85347626301467, 19.51083820263874, 53.847235669019135, 48.7337368419529, -71.16568314274801, -25.35400390884397, -2.416254273247328, 70.5759681945107, -8.9553715999552, -98.05193582061757, -77.80565122724536, -17.034935512696343, 3.74225369923871, 10.258964104435337, 112.3261526259729, 82.19183066081912, 38.69463623400703, -70.92342999163547, 192.54427194828128, 139.3405890194362, -52.91716742563505, -164.24808164912014, 104.90122737327455, -15.259169843984253, 13.438778717899645, 88.75584207343009, 15.353035582234785, 51.90768599640414, 35.45776496874892, -69.38727806464865, -107.96978175441582, -16.437293031644405, -60.19603466371508, -67.31857755336556, -1.275006063632331, 13.833924096756103, -35.46051228796558, 33.99752978046372, 215.85975366957234, -48.55531305556585, 40.06530450854156, 41.76607073489042, -62.60291580392602, 42.12653910515077, -104.06993278808555, -77.68140178591071, -120.44617754946773, -166.737190567328, 59.49675656300481, 16.678753113881296, -31.782021602774666, 28.75497384337596, -13.419289448792409, 86.36811900142838, 41.911647168433944, 23.123599437327996, 6.8231028941469125, -93.52545502852699, -46.37613658100622, -93.87510702905482, -108.82165541768956, -76.28642618381593, 68.94464086581787, 31.135610987898957, -42.485525069608336, 89.07499823630783, 7.185197992664224, -58.30281948065035, 92.54407935630816, 95.98870804069017, 12.074551316240912, -170.85468786595615, 5.837728153549297, -20.792860541797506, -22.44571136355384, 172.35223109749958], [59.838714006720295, 1008.4597238454305, 20.430184526024203, -125.93585322579659, -25.386636136444217, 39.46336037479924, -57.53192202874331, -27.566135974974614, 51.02047870668856, -36.76618156344516, -33.46648754138919, -30.057157393695732, 64.1299574889897, -77.5729578655732, 57.289694002009284, 36.49917555779946, 144.88527650022934, -67.22273998776197, 14.707816797900783, -43.54565965413833, -9.982045249079, -35.355667654560726, 6.9231948940306465, 7.219016033722929, -69.89015526333888, 78.20643941327974, -83.36720110514969, -4.131457960264483, -16.707492350273817, -75.69735942078938, -57.56925759364776, -17.91262227315779, 155.39741093598212, -106.43015359957441, -47.615754749946525, -90.2580342073045, -64.51121707926423, -2.8254934921490804, -127.85246936993387, -27.7344645556101, -22.77930702626996, -111.12805808321801, 105.30056284084627, 57.68064255040018, -182.73315138545422, 54.87045757328743, 22.514036209864564, 65.66235860901988, 174.6893585192108, 36.84861817450615, -24.86880413842161, 83.73794802268267, 42.055008485954325, 58.79476724449689, 88.65488398489755, 17.411214192869455, -27.298391918573333, 117.8331665364584, 38.16159482699974, -94.40329380435924, 35.63726582010592, -19.53334183353831, -46.85788987218815, -18.22310770619517, 22.087720093401217, 71.1170484473461, 55.878865903457324, 2.944719437278842, -17.69884635720754, -86.13218877541067, 13.41484080816275, -15.281647255793391, 133.08127610583603, -23.766255287425654, -90.61336227627295, 51.4866959356131, 74.46962339617043, 11.223186828137727, -9.193879700699666, -86.8692076983533, 22.91737462048546, -22.719834672365952, -110.3143668343917, -25.75986652419704, 171.9165812077821, -109.84427575139206, 130.20734604181243, -63.44269143244361, 114.10760429866495, 36.75749120674836, -93.09932764381391, -37.1435712411574, 48.62015465619307, -14.195999806125835, -114.69952039437594, 37.39702168435592, 97.01246942991739, -110.92709377101022, 75.03684060213006, -18.786943723427335], [-13.631580079950952, 20.430184526024203, 987.8744565101999, -52.11446903491258, 31.64974236425495, -90.1238877316625, 97.8320824948987, 72.39033079949269, 60.85428143489435, -10.197832974504202, -118.25752232123837, -56.33359243500901, 44.5326052294349, 16.069458611852546, -30.425157807073777, -78.47096170903579, -120.71217557057989, 32.100444056563326, 35.84631437195844, 74.2863226791172, 24.974357508379693, 37.06497381206759, -72.763714668805, -56.60051417830204, 36.04681757827676, -50.05177220699545, 8.847508410458072, 79.142547914227, 93.69133824317323, 80.73401036160175, -92.78271960877592, 8.531152722765766, -59.20136527688537, -62.65513373700694, 60.974402197981064, -121.3593279616874, -0.42874571138156825, -69.28063352617252, 4.557378390741787, -4.916443484725113, -19.197930991815582, -48.82555109131598, -36.19706259713649, 14.049151910312693, 26.782934587241535, -71.3020757304478, 62.01680957845931, 68.45302097406373, 71.38738051156697, -87.56256462049288, -31.490126540047115, 11.458475220604294, -117.52688339326544, -89.81045468212922, 29.28713035082465, -76.89273048011214, -80.59627250157207, 29.09934978322193, -7.252462234164945, 117.86145475124253, -14.856972201052661, -22.039800245790055, 8.23728769874962, 1.1197030679535622, 17.008424703167826, 17.47959536189185, 66.38881626214176, -52.592962157207424, 67.5014160850408, -65.57249008085321, -43.161813676072775, -88.07694187311499, -23.082737663874827, 91.71790154051324, 8.630230728676107, -75.94668838457024, -42.512428158879416, -24.2464798203307, 5.84032801314958, 108.44222825352033, -115.25168362145527, -25.571109886254767, 113.09510507643647, -67.0930977654074, -6.630668065547112, -65.91410740082148, -114.53479729637522, 132.37093052371426, 30.98886827512439, 114.42835627914044, -57.1704821704671, -44.2405354050288, -31.84204863242434, 38.17231123750719, -42.08479722105657, 71.09170207941409, 30.97700934334574, 62.42113744010496, -150.73442239016845, 2.5447377437592467], [34.91932881886746, -125.93585322579659, -52.11446903491258, 858.4302686529004, 81.05948441834038, 178.38169539565396, 65.16784113542789, -58.33712023749949, 38.326340481792656, -11.722339750596216, 40.38243870533621, 40.3911491367229, 1.7471117441755877, 72.08616308512588, 74.90348546864023, 58.95475607763795, 49.24100009291114, -42.75728023696687, -34.814267714308606, -51.790016485111835, -34.44750147096711, -60.82723155648971, -113.65213513965506, -59.95986856491586, -24.369008727411188, 6.544534786458521, 19.154772770990515, -3.3519341530360967, 139.4125126710792, -118.34474948740092, 6.868501306637783, 8.760101258565859, -38.95204049453006, 36.729818745517214, -66.933072186544, -71.88518629586801, -41.17971576870817, 5.872316338871836, 16.687638097307733, -31.09852331214262, 102.28226013243898, -40.92726479891534, 52.684833449697926, 35.86784110594066, -109.44423796304285, -85.04520614969312, -17.13086075020095, -64.89936592161003, 63.08281294356633, 41.68535390908668, -20.83938164276718, 75.23398589299876, -102.86556365743182, -164.12808882533773, -78.62203103039053, -40.01101639711449, 59.15964808252083, 67.77491789597742, -71.02486743072024, -45.350115350240365, 97.47403220911437, -52.6182287933976, 22.234218231541462, 77.93802378529084, -38.16048297191844, 113.7921233203553, 149.71372257657646, -108.00002963937914, -28.17215097583481, 47.522836452109445, 96.59103616508806, -21.23988454805998, -18.588442121171486, 10.750130532214992, 32.718281248523695, 132.53749401637583, 84.86113762788786, 77.00326714111559, 43.121436145230795, -47.87413457889147, 60.391813108188785, -79.79963217784261, -0.0753567685546824, -141.27166142626342, 71.7896948562542, -17.902249331927365, -77.59920811342012, 81.75295844291406, -133.28437032897835, -134.54056635454518, 58.19240690001133, -127.25091512974157, -27.845864380152733, 48.385223759232424, -100.83275770339388, 44.56193519880132, 21.9859778056765, 11.444543965128576, 71.71732906095286, 22.12775726421324], [79.11568268256573, -25.386636136444217, 31.64974236425495, 81.05948441834038, 783.271348448994, -62.0693343408649, -6.3577750391992565, 73.06827915929019, -106.56696905580466, 63.98500101044702, 45.14437937499082, -102.0170662806645, 15.722420384473683, -20.718046494282444, -76.67955911970304, -28.80122733992353, 105.3107145376475, -8.854874097487563, 61.876513273236135, 104.61515148245446, -36.47726690316865, 22.519155323377905, 9.005630910331234, -86.71830312824646, 32.31145918346699, 79.4648796285908, 1.6109996180205497, 26.052118430925088, 149.04993310896805, -81.45947675315863, 21.083392257327414, 58.90773515332125, -116.44736608217211, 66.88504834389404, -81.94519903286175, -30.251962493000715, -24.842267439008605, 48.399432402521676, 10.782350565834268, 49.95855242406832, -15.471962698127172, -52.13878193562776, 34.19026850637047, 95.72257865073973, 5.860833936413015, 125.0674776231401, 107.17514530958698, -86.00702240809238, 80.48949972296059, -43.12403838039968, -98.35040901131474, -68.75759867325687, -131.26888708726216, -47.09026318505214, -66.21498311947234, -52.90919022674493, 103.24088067144035, -84.0084192184337, 26.325096727414333, 54.70799928111043, -20.42383997140707, 80.2744953350801, -21.8814531490594, 16.975224620084095, -34.101326036816594, -36.82770026840719, 28.686971849996663, 33.373237031433725, -144.83744258963156, 56.52232894294809, 33.49015686085182, 26.27899398688661, 37.078532446945154, -57.22370881293642, -13.999101888250873, 11.333921034636044, -78.21376546882105, -75.47759298101057, -5.114964242297595, 11.796389120845914, -26.77129526250834, 106.8333316556681, 1.45135686573201, 42.518468040461116, -21.97906838155521, 94.31114370156939, 112.43714240743397, -66.21375363520687, 111.8959470821085, 10.4831734762224, 27.126260597424544, 45.95773275365099, 63.98432168145368, -25.62283139601001, 46.98346400336953, 75.34028356549517, -69.63341157322643, 25.222814986432283, -70.4538415797238, 66.5438533533287], [-65.25701484707032, 39.46336037479924, -90.1238877316625, 178.38169539565396, -62.0693343408649, 767.350165425924, 0.6068450781799345, 78.19181061648577, -62.20876977796697, -52.8189585172159, -65.09123793391028, 0.973436401112802, 51.50786192325878, -48.209383682936355, 45.83836812504114, 25.07531102186211, -52.23972845500945, -24.45416782946939, 34.37715194956316, -1.7403857601158894, 21.35419059963724, -25.205570561617378, 56.609347172282966, -99.69111066153896, 127.61306844636852, 39.185170122801, 107.4878460448956, -76.13727143812064, -47.99196057923885, 31.73613152194361, 64.51827856648357, 208.29193314150558, 186.66032547139017, -33.83462953263332, 23.44287639131325, 18.8591213605203, -47.615140578059496, -98.47148964664325, -109.65856085323946, -184.97108871919443, -63.52588414344013, -7.548635673790552, 7.400067056134143, -26.179411242802292, -11.709458748076848, -64.14688654149596, 6.934991391942258, 57.53318611133198, 93.24783382945627, -47.8315767568907, 48.284729477332554, 118.58691887878138, -115.24995886145396, -99.98157438929155, 8.456373997834064, -39.54330213798095, -67.06141649845117, -9.434771637207147, 12.207827316483536, -58.19309630880986, 43.78552810509139, -62.79054973085176, 23.43809516819872, 81.9444102735175, 86.69721923525331, 93.96227945869374, 66.57337042514263, 80.9288035988841, -132.7099132511498, 32.61821804202515, 2.6577239759915483, 122.12881120488686, 30.062933240394276, 8.733466734217274, -28.41303052565752, 42.55475615532901, -70.23002584271376, 150.81154317344323, -32.3900176545712, -100.72459465953267, 58.634363187452905, -19.219453204393492, -18.8061912647024, -50.192590034869035, 8.033134010960902, -5.054369974920425, 18.954846592713462, -82.08359873986781, -54.9040173199866, 190.73244598204715, -44.95990963133813, 18.857455125964776, 75.83284726662647, -97.33253890074427, -23.262567525847995, -17.287367014878246, 38.031914520444786, -208.02944825677383, 69.98086866343789, -25.852453285249386], [4.654893650161072, -57.53192202874331, 97.8320824948987, 65.16784113542789, -6.3577750391992565, 0.6068450781799345, 934.7390835156347, -23.629889723374664, 144.11766264024385, -81.20065406590241, -178.79853931118842, 119.85090160381378, -44.7036540645708, 10.709373362002244, -49.99086743026036, 56.56799634452597, 74.23749771182008, -22.63092364957229, -121.02420634999729, -10.199617888809927, -89.74382121011378, -23.98831800485214, 24.686735643987927, -40.461526045480696, -66.0621323452531, -40.1094311982165, -141.60723715736825, 9.435472872811422, -70.54763692933369, 52.28486726607223, -130.0130768532444, -95.96528680679813, -101.02407011064004, -17.68769413027069, 42.10121251246225, 42.6074944030231, 40.89079194132864, 38.665586090470796, 55.9756437589754, 19.05103992490727, 180.36789107318475, 49.053555826247276, 126.40667507441135, 8.197782973428884, -33.9137027671443, 196.11972193996726, 77.71926628976806, 113.21951854608267, 42.5826076087971, -63.182855733982194, 33.31803127580685, -23.67713136892242, -110.04376573430339, -46.56082313313644, 20.250318631377915, -77.58853450034407, 24.55958765608317, -44.478699899483516, 32.98860559215141, -52.71278718007034, -149.82501640439483, -24.098553657185015, -54.33925966164033, 12.790652119763056, -13.060765993450794, 103.53064660147022, 63.91677450924093, -135.91100638234462, 41.76705235730713, 11.035626487049862, 21.216465314295675, 12.692115315580033, 74.09147293912996, 82.03307713379539, -96.95308434657893, 89.07298030831856, 0.23050730192580618, 19.8949723680821, 82.78616077762481, 76.95016071308157, -36.223172820138565, 32.91283759617719, 123.75732624046712, -107.29223420107076, -52.71567643754355, 9.137261641555991, 69.90376811146659, -170.0263789713201, 71.4262818109495, 72.87178450971304, -23.13695384930613, 134.65266210687767, 35.02147995322908, 113.34769446719493, -1.1217581611649676, 29.66011752016733, 22.79945232938381, 11.424396077367696, -36.4742431740175, -29.201607453217914], [11.159524917821088, -27.566135974974614, 72.39033079949269, -58.33712023749949, 73.06827915929019, 78.19181061648577, -23.629889723374664, 901.0310674998866, 134.50478462989884, -14.858662286004387, 91.38416420079055, 0.8315545198831894, -80.4202731836012, -19.126386097173313, -10.290565917209918, -98.48709019661472, 63.15582635607544, 51.68469922119495, 16.425521296869896, 86.53361130491244, 99.38670035126141, -46.949720699400984, 14.811222057508095, 52.56981933806474, -79.7550437731851, 29.65811755110274, 76.86267532994283, -0.9897546624764686, 38.07411918243336, -27.063853726927157, 40.15107459989945, -8.600467799834629, -151.9909491497036, -38.06263999154711, 52.595893452602006, -77.91510592603575, -2.197902900326135, 53.91207241963903, -142.67914592106084, 26.965531413801692, 16.58478341696298, 99.76549945974583, -90.95241983092207, 13.67407886131082, -1.9492164976999569, -104.6745584930661, 116.2278397707664, 76.55158451914953, 40.345070502179155, 48.44192314073335, -100.70036191108807, 132.78271131145343, -104.3877066169569, -53.17405972900702, 17.838449548271978, 60.66317538437635, -99.16319412598095, 93.77350499588849, -93.67792269443328, -4.395711583682948, -18.615831164483417, 1.1587454329768068, -33.95493158115422, 26.505104360488858, 10.40887748431463, 65.36447054055073, 92.90069123191692, -20.700053021162006, -54.80679838216594, -153.10213976657457, 32.31098146812887, -32.61921526982498, -68.58300979997652, 18.040379196978833, -45.38781810955154, -20.708700622166052, -1.1282451524036676, 11.193091529626171, -95.88507321752263, 14.869594723330895, -71.93794693053503, 132.92500521030206, -36.124311634829574, 59.43229629453394, 37.92830168997646, -21.278795936197692, 116.51526735208614, 3.9468846703354146, -76.01474309625073, -72.50522683109521, 28.47251544347467, 91.88314118339083, 63.99885627734082, 60.12658646399037, -5.458645221638514, 161.7542484993002, -14.838105908084744, 28.89701186918323, 42.55040103131744, -11.287277832669986], [101.64530918122509, 51.02047870668856, 60.85428143489435, 38.326340481792656, -106.56696905580466, -62.20876977796697, 144.11766264024385, 134.50478462989884, 780.1690370318187, -41.463525653779634, -19.896881028830148, 59.42263207020261, 1.209336921400132, 41.29318343249847, 20.972759474199666, -2.3868807217562495, 68.35889995554227, 10.15087159102701, -10.739825719011279, -0.20805262073223124, -61.34002616099411, -49.566796814070536, -102.44409096200673, -7.038675929549739, -78.98624169115327, 54.01678028070512, -132.90718286975002, 99.73600760493898, -97.1672595622911, -43.407954322900295, -47.34154300348479, -77.11716332212764, -15.813941032514872, 54.60313212716042, -48.63336087406585, 12.286666855734298, -46.14829629945735, -82.03115301744083, -8.629783937860466, 58.457434566124256, 2.6197592539027448, 42.410871853744325, 20.71947529752071, -30.863425762847896, -80.8717088002078, -115.66203212419198, -16.651720955109127, 72.49967033939798, -15.036574463550682, 39.51577858889839, -50.19258140425155, 67.6555241720919, 11.190899593574565, -34.850711567174315, -53.196255393797166, 60.70493109085375, -129.28384254978582, 151.51670438232017, -48.8110968778924, -98.61610658798553, -147.8908129118026, 5.1514500791447, 69.83699085997237, -14.108807323980718, 3.467940298011195, 113.87560246994099, -175.16364481535956, -40.43288020621844, -46.28146699505931, 28.099077170230718, 120.09292191910666, 53.19511634175046, 15.886244082295242, 65.7324869431086, -15.263196791026438, -61.735384228900166, 96.86693670727682, -15.682878900519224, -24.14267589447635, -54.81751589294174, -73.16060744419956, 76.05352391137342, -20.68994097256187, 81.00848465396516, -202.166358721702, 11.14628489084957, 78.17903184227819, -44.58256591339112, -2.7535181051720663, -42.88590414019564, -121.62633687768182, -62.74094653071176, 0.608463731785664, -16.956455703856207, 13.968523235947128, 83.23161531453772, 60.642642083312175, 76.73434704374502, -9.017829322285474, 51.29349585096127], [-21.120939228940397, -36.76618156344516, -10.197832974504202, -11.722339750596216, 63.98500101044702, -52.8189585172159, -81.20065406590241, -14.858662286004387, -41.463525653779634, 883.7648086765753, -6.8651173857981, -71.38893212342309, 20.919642805732856, 14.138999390722022, -68.96065893432751, -71.06729328148857, 74.90003210572482, 50.949712220234126, -18.929586269763973, -64.53921235620095, -2.6571275186491334, 49.94005343449716, 20.313870982973175, 24.717959034001698, -63.20890101153528, 138.35756442317387, 105.86362708031017, -81.42941001688234, -36.718573776980506, 3.5806671214359147, 127.27701333008591, -218.89999508754389, -7.066386557449322, 52.699577992730624, 91.34642943875171, -80.64179289536975, 100.12059747485728, -103.77901225008017, 26.32079178173957, -38.85845603374192, -119.40844641274073, 20.63765234530472, -265.02705713095645, 58.02317073054639, -199.1533186781836, -90.20461145375555, 5.6929875553304115, 33.2207073726627, 14.77262098924615, -18.35767895653012, -22.68379211778157, -180.67894801606397, -109.45957372188933, 106.57387331855993, -22.203159801164567, 76.602125106063, -17.39804645191739, 44.171760783920774, 29.482950199048645, -6.951679265211393, -23.94529145761255, 14.825665259776073, -33.21242412247682, 73.93927635279125, -73.4541467296341, 2.2272241827824812, 43.18845791575356, -32.433863219376725, 32.67661413745209, -6.7960392763560975, 15.89140337105965, -78.0644433721707, 69.39792874347371, 12.69134843742761, -42.81148038985817, -38.04495458893124, 34.610153444909656, 87.22170712377454, 11.08243282801185, 12.265026079733204, 36.901403450632124, 20.579941571254782, 0.28396063865200055, -55.2797948798642, 65.67121906432384, 69.38404653648959, 11.3457779076658, -92.69971421643214, 52.35795981538318, -140.6270439718968, -120.83487490549504, 102.89065050060103, 33.79418966853954, -176.50829283886972, 59.53632013153941, -83.31774841476445, -51.46466087869406, 177.2346069087831, 12.320500586097593, -69.5566462754002], [69.46616011495743, -33.46648754138919, -118.25752232123837, 40.38243870533621, 45.14437937499082, -65.09123793391028, -178.79853931118842, 91.38416420079055, -19.896881028830148, -6.8651173857981, 1038.9921884637195, 63.59531527452693, -2.2335720920936213, -147.23930061557465, -7.809546447282663, -13.675077191491631, -152.9959061277768, 0.029680536641161936, 142.92530062285664, -31.093030250436954, -5.519707386655222, -78.03310623196342, 23.37173080823768, 22.843194585522284, 38.66949944336694, 51.01007423195435, 2.86593269140332, 120.97929884230597, -53.45306997017381, -130.6252633907495, 62.87416101543764, -99.97561183229006, 123.38927855233858, -17.039468933960016, -13.37838251965949, -68.9920849464312, -35.60362632109295, -90.69943405457485, 128.1724900254913, 235.63151247825783, 18.239843932100335, -68.48594266818692, -7.796089446741056, 113.52886725967282, -7.32805037729387, -92.30431990791787, 78.63112749397156, -68.68667093148868, -72.71133785553143, -106.82415985397583, -23.692340571956954, -29.98166166234344, 49.51283408097774, -29.950318937840706, 30.857460187575985, 46.39857173357762, -3.4138240721422703, -142.58111276079705, -37.247538578718064, 8.974156579829911, 176.99519077810854, 64.91434185579452, -33.21744030141903, -38.56762440427237, 111.22320417069692, -43.08888066817466, -13.465556773395244, -3.3400401846892893, 58.90313222753357, -13.478655796510616, -58.80661788040781, 49.41779689927987, 66.63137892936373, 63.831806227092954, 103.57193513045446, -6.968997958958413, 21.434391369355172, -124.29891901436534, -45.20656651578148, -66.72351937557788, 98.18430730747902, 79.71319728920349, -78.34608483873946, -2.4300397318886393, -5.0214025732613905, -115.02688161533145, 33.476484356142464, -5.857769071862921, -66.7277289927288, -44.313521885773696, -42.80697295673778, 43.38113077242165, -26.05799006912781, 44.54714126436137, -88.89555816998944, 54.1135455761397, -49.97399956751924, 101.40131226023108, 106.524162326621, -140.73461041903104], [64.21142206582451, -30.057157393695732, -56.33359243500901, 40.3911491367229, -102.0170662806645, 0.973436401112802, 119.85090160381378, 0.8315545198831894, 59.42263207020261, -71.38893212342309, 63.59531527452693, 800.0642338175599, 8.882064480079205, -67.47168522680916, -30.886094286857944, -71.72022759130405, 41.092988640445775, 43.65295306243397, -116.31164345656427, 98.97734195727857, -64.09886437886853, 33.4056943703172, 15.003591539741585, -26.70997131589138, 60.69917041991766, 23.344932185064508, -37.42833361889671, -34.830699607842085, -191.57509223660563, -93.75882600091569, 42.0714056786457, -81.96214029707974, 46.95806232057703, 41.82304737833029, 3.266949053360606, 43.35541881454272, 14.276121199813561, -59.08712325329725, -95.78055001763494, 5.795382326671999, 158.49342325655806, 37.33641202230027, -70.90341120955713, 87.90408448696192, 125.31870231063081, -80.75350002113397, 37.09736831291788, -10.598129301222135, 40.01463472965609, 0.47452682698348464, 26.531958950570395, 94.3765716312222, -100.32091473964317, -69.9509355594634, 38.96932085317429, 1.5517407197164987, -27.360524866525765, 93.4226979564404, -5.492127596357144, 13.173819830561214, -34.36641291597239, -110.34442133808153, -68.0500007387472, -30.115133888557843, -78.67950362906882, -38.98675913995582, 114.99855492012105, 32.21617017465198, -12.11893653681777, -71.25037150359647, 76.11186149283847, -102.14057352367608, -30.2676984352338, -71.30786905463216, -85.3738339631448, 7.711985010860403, 48.4770622917468, 18.41805102354047, -32.85612270914508, -46.05374751576919, 104.60728050279286, 44.53041106957597, 1.1799951757007605, -113.97115858853331, -87.7129052332261, -21.58471838943597, -55.811820758918714, -58.71844163386419, -54.119171953111696, -101.18547327210749, 90.25702901863633, -3.538713682544609, 61.69972031021167, -72.73800040078274, -60.952798742506005, -91.94069457845988, -52.94213871449082, 132.3135747414656, -47.29066340805915, 116.02001645026337], [88.05436061460368, 64.1299574889897, 44.5326052294349, 1.7471117441755877, 15.722420384473683, 51.50786192325878, -44.7036540645708, -80.4202731836012, 1.209336921400132, 20.919642805732856, -2.2335720920936213, 8.882064480079205, 915.0924348372376, -24.778073469491876, 53.26864155247993, 118.69976727809767, -52.89103737864991, 98.15890105922533, 98.53389826100587, 21.253400623888528, 157.06634113936812, -16.164332877489667, 104.46485278616515, -30.472455516707218, 182.03453463322117, 45.082042335699626, 52.34224092811656, 51.28538626003937, 78.97176326320744, 26.801999543961156, -157.19252024435653, 0.6088141804086304, 134.3697974277262, 28.30330989006932, 25.007830554147155, 86.64607232433275, -15.450210564609712, -3.5385729247235402, -54.14047466657077, 36.286509869807865, -27.89217897458637, -10.223311867630859, -153.0896162168419, -13.842822562273772, -0.17502867058214994, 38.073922623661, 37.52768883660049, -148.46477297206957, -26.00399577119698, -32.04691428727592, -73.59346156433521, -23.258349588016095, 143.56208518819943, 47.57656311119816, 168.18360995528298, -88.22122182294095, -40.879376292482426, -62.82172854931787, -14.922282024739257, -114.09700389013048, -34.69487932968822, 18.494710347372806, 10.797120892543047, -21.27515549307803, 89.7532017185022, -49.13190682710119, -85.39796251844122, -11.65845447904004, -235.79525592600936, 119.17327897225168, -58.162220702680834, -58.140460289822606, 41.609344887644404, -71.56853713990803, 60.348753083231244, 22.12252199415664, -4.496756450963528, 27.00239758577395, 43.4485177948995, 12.25429557854852, -22.995907328802634, -8.705225947880166, -49.231731206359356, -61.489412982334116, 31.436966729558584, 84.79798786858893, -55.239577981820716, -19.19037846759037, 12.037517988141367, 16.17375032970836, -58.1659820409832, -54.91199572679454, -66.15250239820374, -81.6101836214919, -42.37746243267962, -54.0311152898189, 55.32616396107172, 71.56118749478306, 60.31800911269971, -27.30503443739842], [31.006904306093066, -77.5729578655732, 16.069458611852546, 72.08616308512588, -20.718046494282444, -48.209383682936355, 10.709373362002244, -19.126386097173313, 41.29318343249847, 14.138999390722022, -147.23930061557465, -67.47168522680916, -24.778073469491876, 803.9948360840601, 21.503448811226374, 102.4849949212713, 77.22704109342678, 6.972889601639746, 53.94510248800114, -72.6839668142112, 60.976364933117, -19.53699745967931, -101.84884291994241, 80.1408864921444, -69.59162453994145, -59.29426004379845, 0.9332497872063821, 10.253826285081585, -13.499569844755248, 41.92504140831404, 13.328323875594572, -6.8647708055086, -64.13511083622741, -48.712566216648554, 40.231330991716256, 8.992894225991936, 34.16289930816952, -198.7749921612788, 111.33245087352749, 86.42294790643558, 28.059519504580294, 118.21952958691209, 19.93003381373759, -7.211043798007291, 122.04555066346393, -43.97870433663439, -32.255652939980116, 20.351558409654572, 57.82693940770603, -11.868984825832154, -76.73300401234847, 52.886211377100416, -24.23326705647598, 51.76201984782144, -83.96123307135605, -0.9565675028515175, -62.464269085375285, 101.05672532264656, 44.004841682019034, -11.70857136597023, -57.135853913344164, -52.98133313963414, 24.169895568886012, 99.344195947778, 11.710887267317794, -41.08810508077545, 13.827170130653977, -18.18655079253113, 10.646695962416965, 78.90312595505425, -84.17377697912434, 165.2484286887692, 67.84646472303122, 85.83763687801603, 10.27517209827111, 47.65009875825456, 71.06198563771618, -71.92223494233599, 15.90558020793955, 155.57527064324393, -134.43094365662972, -20.23948200481596, -44.253442212225075, 6.379675315483368, 12.517216169865742, 83.30902834012488, 30.819642924215575, -90.11605195959119, -12.379486579814364, -22.47516486527371, 111.02092293019561, 84.91702384276962, -79.38577956533811, 18.427987040915127, 114.89480652967688, 82.79846107757366, -85.7225337067018, -4.957617774592265, 57.222122526749324, -36.01460247903286], [49.29823718935543, 57.289694002009284, -30.425157807073777, 74.90348546864023, -76.67955911970304, 45.83836812504114, -49.99086743026036, -10.290565917209918, 20.972759474199666, -68.96065893432751, -7.809546447282663, -30.886094286857944, 53.26864155247993, 21.503448811226374, 950.5733958644292, 89.0884560828784, -118.69034733964257, 83.64723925107026, -29.379826211511507, 21.730969257175722, 35.72424777272272, -1.435560156091895, -63.26371710703444, 93.64507856168787, 1.3575239701083102, 48.72916319931349, -77.778521081002, 41.340112802642714, -0.9863341239243789, 37.661650265201175, 3.5994422616991955, 46.55174422714443, 134.1027891488804, -19.393090230473284, 74.81843542206512, 8.73459002174023, 100.51914262144757, 101.56318669040876, 53.2856906063415, 111.69821599766867, -3.6449923093913337, -52.66297467028077, -43.11978242049251, -48.57653311744921, 50.28782627931362, -76.71854844501641, 111.07675967260018, -6.443859914667173, -142.71038598888745, 31.997133519548445, -143.88959100506352, -2.7743673566152993, 52.92884370133172, -44.32185405900004, 141.50306426941896, -236.94873035731834, 48.56953079010531, -17.301236216937987, 131.14522498945718, -13.89868646480567, -66.41577386619372, 17.572915480426058, -57.52780139954506, 110.80277138140359, -17.608662252289417, 210.19193045959375, 100.90144881211965, 86.15431685307503, -9.284288480663745, 93.65862818611029, 68.37933806378409, -57.85412881375346, 23.90166887855031, -74.2364864455291, -28.98338732174357, -44.136387229657814, -37.05129729481988, -161.78682617691226, -105.87911842195452, 77.04064339665787, -3.2560984509339277, -133.45433624582807, -59.68827068552479, -76.28998876452846, 69.51539191629982, 67.10701981595881, -24.82787285741964, 5.359762682631318, -12.206877907210869, -45.27352135326901, 38.469250561773016, -14.948855668709266, -33.787000886601994, 7.015898098005944, 25.423178068728397, 1.8256519159415765, -11.926573849051897, 54.18406054796031, -17.182110303240883, 2.2625690636486535], [-28.145666434355583, 36.49917555779946, -78.47096170903579, 58.95475607763795, -28.80122733992353, 25.07531102186211, 56.56799634452597, -98.48709019661472, -2.3868807217562495, -71.06729328148857, -13.675077191491631, -71.72022759130405, 118.69976727809767, 102.4849949212713, 89.0884560828784, 860.5395511378223, -5.047422479362184, -11.328062047069139, 135.00127736284435, -10.558698394783056, 127.96891291965784, -43.951326118798946, 27.132337257376996, -149.97060689589082, 19.076399233146294, -16.669685328742222, -11.97831616347592, 68.8360744432507, 63.55898135928605, 98.50477144950341, 87.30409894833485, 29.776003532087465, 63.62030436971424, 54.14088818569971, -5.855145277873422, -18.549698385630755, 103.72918131246875, 62.51485763303876, 62.569673021300034, -36.28033500612958, -24.448334682777386, 53.138839754574555, -13.99086548215735, -85.44196835629332, 103.03051319730204, -24.778940485419863, -42.67117862801229, -68.44795533755253, -119.6063200578075, 100.06536711684237, 5.173831206209901, 0.9856684670858545, -9.817022620425375, 12.471610174346601, -6.152217590387554, -73.14777456861117, 157.62357863707362, -38.25502518652844, 106.47360490963169, 86.3891053571645, -101.76595540384834, -63.277913447737774, -7.704675168615897, -14.850283316137846, -17.10470588313176, 85.32396580236758, 178.18694213221966, -39.8370115221311, -122.51852732372707, -37.706981720494234, -64.3514096158099, 6.611947868037627, -0.4011718455759562, 76.36869002322065, 135.4445257511922, -35.17656438582985, 72.81963541411632, -14.764688112177234, 9.06482527634763, 20.518452436453277, 93.9518111513688, -7.910783828096362, -61.80344508048744, -83.76284044347298, 8.738789163906668, -21.498470161832504, 90.32774129206653, -84.7481388569552, 35.04172384527617, 136.90112972242238, 41.57202533523689, -61.94285557790105, -90.58729554632198, 25.285266711172927, -72.17915134105642, 139.1060979875777, 129.28513107738763, -62.573332991890275, -21.277067052924387, -26.69737169923027], [28.79388515226662, 144.88527650022934, -120.71217557057989, 49.24100009291114, 105.3107145376475, -52.23972845500945, 74.23749771182008, 63.15582635607544, 68.35889995554227, 74.90003210572482, -152.9959061277768, 41.092988640445775, -52.89103737864991, 77.22704109342678, -118.69034733964257, -5.047422479362184, 905.8111304563519, -101.8206096949298, -41.847834370328215, -98.06637033841828, -86.266516365004, -27.40217436147431, 79.97094058784172, 35.03908000230575, -17.775635044848762, -107.02476653345606, -105.84318662929277, -140.0096890392769, -144.671518436593, -15.115499290788318, -29.442077923072773, 44.72551306736821, -5.861884309839423, 38.848837165640234, 86.11716765531128, -32.46608550750703, 107.97769085743876, -66.11204383565065, 19.00109371153707, 97.17938159862638, 57.27472971950846, 113.27791919248553, -1.630931274540142, 6.9884973060017765, -4.482169443648748, 10.601603388655038, 10.17292571089189, -55.49493837297658, -47.95928866825646, -14.499204281606945, -3.5680954743989646, -40.97461421736223, -12.636865127789209, -8.289704190845425, -126.37934720061669, 47.185085598868135, 157.41720924386308, 110.98523962437712, -105.56366305078946, -52.58878656913674, 53.43802497950012, -3.939156157569283, 11.452290834758912, 96.55294984661465, -92.00689411389517, 65.33390299887336, 6.02548830013493, -107.2599461943824, -89.43543336817142, -68.01275205765796, 43.76675751572814, -23.15660472504138, 89.06432995144431, -24.700179045818565, -59.27427057449318, -43.9071402441463, 2.272656171290288, -151.46021831147036, 28.280374201201603, 52.45024125741655, -53.60351363450473, 114.09443672071097, 112.14456907632051, 52.39918775789342, 11.378171396146994, 85.32759435915386, 45.00910010510166, -14.577194217467566, 29.382545628402053, -41.49838259840511, -99.06874307251162, -36.681926262212954, -12.062364955856854, 77.896372502646, 79.42649502611783, 9.115175928008691, 51.493143580539744, -12.613124710035954, 60.2505369000739, 202.20077948763196], [-46.93561890291862, -67.22273998776197, 32.100444056563326, -42.75728023696687, -8.854874097487563, -24.45416782946939, -22.63092364957229, 51.68469922119495, 10.15087159102701, 50.949712220234126, 0.029680536641161936, 43.65295306243397, 98.15890105922533, 6.972889601639746, 83.64723925107026, -11.328062047069139, -101.8206096949298, 1103.8566173187971, 251.31659304614877, -139.63602783213815, 0.05271770590220973, 82.82176881603998, -166.66465276193145, 60.27005159078725, -35.83823792694113, 28.112631256855412, 27.26207260721408, 117.05636177602197, -36.355800275433346, -8.234789659983843, 76.93877140286467, -140.2231575532611, 52.04595050775122, -4.9169057166995875, -12.13333671008884, -24.052474791444816, 87.61390797626265, -42.62444415577615, -133.87942677638773, -61.69667330290177, -54.711720790192054, 74.41329536408992, -43.44072743340223, 60.14986644846825, -18.08183114204443, -5.963126360841425, 143.70459092301306, -76.20501514860176, 105.67765986275096, 29.794653026143635, 91.62997105077397, 7.492900639632993, 57.89073477761078, -39.964524407572874, 134.20572924136823, -101.02896782693696, -19.099423326836284, -125.70083768782894, 8.688592143488457, 42.230880854065184, -128.17509277905125, 11.833710305405528, 40.64726467347404, 71.06713656175572, 13.62011693757233, 43.99134397454649, 38.47163546177696, -54.25014170172626, 32.47608626150026, -96.81080294279113, -11.364843522742602, 75.11961320644315, -81.1250654712542, -106.91149615631765, 9.43296004001067, -103.71749947307468, -73.19010816805196, -21.063173754906757, -127.73289266724125, -100.93137102522677, -48.60957832914141, 104.23586533760921, -9.122818609946378, -74.6208009836871, 23.06750413119573, 60.63202132502121, -11.230022015113468, -92.85874477333658, 68.55429441770337, 76.73066535729389, -53.3988839142841, -6.102588246370242, -115.9052394345504, 4.356450722006072, -30.402340975350256, -83.74462830019117, -159.43901322456443, 9.294465949375462, -61.54585395772208, 52.282392312244234], [183.62253322764448, 14.707816797900783, 35.84631437195844, -34.814267714308606, 61.876513273236135, 34.37715194956316, -121.02420634999729, 16.425521296869896, -10.739825719011279, -18.929586269763973, 142.92530062285664, -116.31164345656427, 98.53389826100587, 53.94510248800114, -29.379826211511507, 135.00127736284435, -41.847834370328215, 251.31659304614877, 1070.6258730214677, 61.72709923400289, 65.92041645685119, -21.249101907467324, 75.1649233458964, -144.39469113758202, 22.27529305734968, 11.788899172078159, 4.290032067773239, 88.85723543838506, 58.23175287272304, 121.18191883738993, -88.72756640210595, 43.92102635232242, 47.957410479437854, 83.82256495827622, -99.05885788881216, 43.41134193081664, 125.59216708128787, 66.95808881675737, 11.629345672454722, 77.6836767946736, -157.45755412388215, 38.337519169724324, -23.290327807520825, 32.33116857990509, -20.86785353031245, -93.23569046730724, 9.597735364318776, 98.78402611349532, 53.171518185083094, 67.39708104551681, -66.28045927032143, -77.56776483133692, 22.820953200017275, 25.74282679370076, -74.06404287598528, 24.946338383187634, 41.66857042114407, -69.89032949549566, -35.490426830224344, 3.617354189392408, -15.87369147633014, 1.0839980324224159, -145.7301600841551, -4.196556018713059, 222.2387513037681, -70.78666442907121, -130.12992127945762, -8.883366244904513, -91.24131004501575, 84.29859156938758, -152.38041200574406, 72.66712321776657, -37.03913630521255, 66.1078363627597, 9.860315939438236, -38.790464305691245, -19.66021424320631, -51.16584410928427, -55.24659651816308, 64.03948351492603, 40.36595413563828, 13.234029980989035, 62.92643845000709, -111.15365737527115, -148.91905847012885, 22.968049368787916, 55.57278658140646, 6.73516095928794, 101.40874057098719, 50.665152806311205, 136.00732175442695, 95.48961912533073, 0.08467022100423595, 37.46717992320344, 87.07625665137081, -77.04399940980001, 65.77986760910912, 40.829181007424495, -25.526668239749824, 26.86245570814857], [58.388485316479944, -43.54565965413833, 74.2863226791172, -51.790016485111835, 104.61515148245446, -1.7403857601158894, -10.199617888809927, 86.53361130491244, -0.20805262073223124, -64.53921235620095, -31.093030250436954, 98.97734195727857, 21.253400623888528, -72.6839668142112, 21.730969257175722, -10.558698394783056, -98.06637033841828, -139.63602783213815, 61.72709923400289, 1021.7335929919435, 59.05606156273318, -12.368713714877929, 61.44141903154676, -46.65182089376881, 40.37059701073627, 121.64465570507771, -25.294132536312535, -62.98099841026222, 41.717137796052654, -93.47727495102411, 32.84288667946035, -67.53206377850505, 28.47583393256132, 1.916350655014142, 136.25412951588584, 112.62271168569126, 104.33422021268414, 32.337716598340236, 33.828740123265845, 69.63458503304848, 58.31837271912365, -91.24255586710375, 81.03183101123726, 15.54198121381339, -133.19918834709912, 24.890947509945857, 99.77319185669603, 8.776993641645001, 123.24870331947751, 100.83640967594548, 67.7306353392709, -39.080702249209324, -40.390731391328124, 56.46486858119708, -23.52312329019635, -12.33247021777561, 61.76856024958866, 85.43466426482108, 145.15773373692895, 119.87617744417952, -130.47979067991415, -33.399748532494726, -17.182834818331422, -52.98422305144154, -88.09224494589574, 72.45408655556604, -27.802424459296578, 45.73970392725074, 73.82940687471279, 26.620565107758583, -134.8872793640544, -115.40753990621849, -15.841456047713415, 57.892054232422595, 7.7955575772592915, -103.72653999573491, -13.903241707292942, -121.03410496764897, -95.19172853657841, 75.24595264377942, 62.85974531426325, 105.74229199250289, -48.99200349352955, 7.955567975017887, -39.93941958589605, -3.1995303229071337, -54.88520239619253, -51.08543780397237, -141.05368333417374, 13.583409372296044, -24.004633353847243, -30.37908951187705, -10.876538427131603, -77.69167498986559, -75.33082791681471, -5.249976878294393, -83.92856221862904, 8.47608077283788, -64.78921641489806, 114.30302121073383], [161.6468513948216, -9.982045249079, 24.974357508379693, -34.44750147096711, -36.47726690316865, 21.35419059963724, -89.74382121011378, 99.38670035126141, -61.34002616099411, -2.6571275186491334, -5.519707386655222, -64.09886437886853, 157.06634113936812, 60.976364933117, 35.72424777272272, 127.96891291965784, -86.26