{"N": 100, "M": 7, "A": [[[752.4384109081174, -3.0330750880668687, 42.05237973431065, 85.15516827525371, -36.10917022503553, -19.304305705961117, -7.5835391808508525, -45.88442163131584, -63.96579208115186, 6.409178841664506, 38.03663698986329, 93.8544793879314, -10.965803641610565, 11.34170990447061, -17.62590517653665, 22.97391634678368, -50.41659047276543, -96.59653335986135, 33.060273887610535, -80.90724413184603, 47.17394853970701, 1.3121207526193017, -98.46257822287987, -0.17673692210334824, 93.77418682248278, -27.323722363530685, 75.40065645872603, -67.1790657822552, -21.177551112104688, -68.033103589832, 149.62294242143165, 25.19243190208263, -70.76123759474919, 25.5260758534427, -104.72469048121376, -110.44446978353741, 5.053623218844458, 12.410855492487983, -62.44113483330762, -16.084352938328944, -218.4523426806914, -84.85377962185312, -7.292728887592356, 79.13494023353061, -37.83207114010431, 81.3589733865735, 51.9180890719697, -36.20908576689581, 10.461068446951563, 28.494125454948882, -33.12707376812761, -30.2411671659107, -9.098284790969279, -75.76499011558305, 26.73245381016211, 70.45481505885337, 30.097391405719765, -15.150002397607036, 12.672796051325523, -36.75433269083845, -12.06839959162597, 39.618404479194524, -11.478736914752623, -74.25472450448595, -56.29081266223831, -36.38607816745753, -38.631337615088235, 3.6099370280267538, -27.97911006646206, -6.708606619569382, 3.9007490403479506, -7.096360734276388, -102.30773473298497, 68.0499764451218, 21.532965588731365, 26.225281670341975, 14.51318435370878, -15.256183502797203, -15.735303014289846, 113.56782400613329, 42.44952429401445, 72.06000540834836, 34.2094860180554, -84.1254048400085, -36.757081851271366, -108.60341311739323, 13.836586453442642, 27.75708074381781, 45.89302310346189, 35.81853281386644, 99.56350827582182, 10.875402162155424, -56.232947342129265, -21.210373255006914, 63.387072317838296, -25.96612272100624, -66.06935229879485, -36.458415089258544, 13.37431987259652, -75.4671211528374], [-3.0330750880668687, 634.2385291595582, -21.847185583123572, 23.51036990074515, 20.893498024424645, -26.240808190047094, -71.04887899352286, 107.37433916096371, 38.13725779128471, -1.541924576705156, -53.29328709142946, -170.90328729933032, 52.288827952977684, 32.21018937065722, -6.5631620614157455, -19.34812758949205, 169.76132458763487, 50.28608923056115, 1.4487538588721882, 33.115481036065276, -1.8511280973335835, 6.1832640496089555, -4.196691686071255, 47.88430922841319, -0.5188987187049062, 90.32720883543121, -9.147593519148888, 49.187844207964176, 109.16490126761286, -61.524957064775585, -0.6650731515888112, -35.5665018589874, -38.35530770078611, -34.863392943929384, 30.922152361146544, 7.97002278530762, -34.68777740235004, -36.38073026668117, -78.87469134813003, -118.34487038620018, -44.47705441930664, -128.95096044843683, 42.23849903895153, 19.115703190553546, -70.84421036278415, 65.68687810952845, 2.7942053773489395, 57.82959166763966, 19.811115118817945, -10.061918954792972, 94.68586106024067, -92.06159727560343, -31.487800020822235, -0.9180159791804996, 41.20195177713637, 124.35759709697861, -70.85263055511605, -58.85180681433995, 34.438163664134265, -0.9537926692809966, -149.59902336155776, 19.64965827975788, 120.33262767495474, -76.60921263509995, -16.401021484148814, -32.627938708936895, 102.66943590728003, -71.79739581357452, 60.2079206979575, -40.0792981464855, -44.799984436214665, -32.00524077411383, -6.661638590358131, 23.4459069814219, -3.7107851581937568, -84.6847748389966, -27.296481331218303, -22.87929036097915, -51.10470701661532, 16.53969154207537, -112.81343876895033, 18.25505259539846, 42.66894266720124, -79.50741460838125, 28.261160670443182, 31.95603341185374, -59.93349629901714, 35.69896554199258, -104.73576724322534, -13.856305658148345, 86.86173370850345, -7.497751215544481, 14.948687027880968, -6.8012477399400995, 27.761707704484024, -91.54851783740267, -39.40708021246807, -88.81059397241401, 3.7584072710479006, 53.49394444231925], [42.05237973431065, -21.847185583123572, 830.1512999281414, 6.791039872156071, -46.68683853640473, -15.27688419806477, -33.22438468095187, 44.19426066020924, -24.57638075494569, 46.44039595143089, 27.329407312127966, 60.98281320257439, -22.92986260409293, 104.70007703913394, -27.16581765050391, 59.80057583642725, -83.04824098371381, 53.83427603793656, 1.953747594237952, 22.965853827484484, 119.57325902793869, 19.31235308415597, -39.09539417803931, 7.956947715901673, -20.10829321612349, -21.604348606254046, -165.07041456761567, 1.1328085923974551, 92.64469069777537, -5.8021780744866, -86.1961159308438, 6.081848467120324, -82.36470629129742, 61.78369920519745, -95.37586600601405, -67.06266375553965, 13.356131508636901, 45.95905605491476, -20.420736499338442, -18.714498728551714, -160.2139767128281, 36.32353168501234, 92.69221890846441, 13.167761615678222, -205.51375637601097, -12.676889868724464, 2.545971103520215, -162.32582658724593, 8.873434027814104, -76.37973774613131, 94.4478019506523, 2.7278885944457345, -138.65828334342453, 7.8549281145687315, 88.90650236798227, 86.9406381873579, 54.12262807945545, -2.382602435228642, -98.76044157124855, 9.88427393833074, -57.55704258389306, -50.095953420602605, 99.8829882835843, 15.495736349939524, -22.62214051204503, -38.527409262784964, 54.612998229787436, -23.620124111350055, -27.83870829221962, 139.37942564564543, 75.51822394095157, 72.57044468464575, -104.71657790597028, 110.30187588055861, -67.97234392812929, 183.68535126618013, 32.723035970940956, 52.69282661341694, -95.53129152324529, 116.02957420568286, 108.36856959742447, 180.36710289317136, -12.65129301654015, -86.20134953030487, 36.483893229760234, -41.28146361698632, 95.5837493044757, -78.78075042939626, 58.41528857590855, -49.91603732507567, 13.346735273905201, -47.05948741940774, -83.17894450613443, 12.890368776950918, 53.93714175463285, -71.80445395902963, -4.321993853698367, -96.03160100550254, -117.29132704770873, 33.92628136179645], [85.15516827525371, 23.51036990074515, 6.791039872156071, 568.8845135788885, 82.33279541613162, -19.258504109865502, -57.72600806299581, 34.257890180261164, -16.730905686747136, 35.20037829549811, -42.330438730701985, 42.02878527312575, -5.552438486274075, -12.502190704133021, -48.26715383666828, -23.677905239540706, -90.53922466641691, -5.974828459611634, -26.788563636232215, 23.551053032210202, 29.67807841056285, 52.78012600168247, 18.491059741472668, -8.742252008842701, 33.44763774506278, 65.82105271427709, 94.74996837723573, 87.37840337033376, -44.81503162304042, -39.01427065417895, 67.04317608553188, 44.68590187554165, 36.9616267558206, -26.122758380465704, -10.035252085736897, 30.0309021490129, -117.59807424401384, -94.76385895365902, -12.922941574652986, -86.70653308605722, -39.99940994194999, -1.0477687497382906, -12.828017935777572, 163.26504416927506, -102.80152963206368, 84.04151438456324, -6.29187154258251, 58.278058442453144, -8.460050019372, 7.115622743135976, -167.10054707814834, -151.5188068485964, -36.90920604666123, -33.378496336509414, -12.076979260280899, 92.72096258619932, 53.695592262410635, 32.88912695581386, 107.03934294098345, -43.178904174100495, -0.09868972779595252, 11.202763564036893, 8.630814943160601, -11.591861612519953, 30.178776938761438, -99.44962517221802, 57.02973165729713, 75.21813016606131, 71.78105698544178, 137.49085284038253, 4.798460623055593, 110.80994582701439, -79.42854599512245, -1.3329579642167502, 14.776937150966322, -86.75267365042441, 121.26653756005126, -22.71642152685222, -101.58826993486801, -41.371033171593346, -90.06745019701467, -100.03388198965648, 23.280264076372024, -24.68432431860697, 7.09895385376049, -26.747180266342728, -107.69780002908824, -143.60918507649126, 42.530743478999, -65.57545493828422, -72.49473009405126, -115.93746081766129, 28.80298591070534, -16.01179825767166, -31.092463796629865, -3.949174943259496, -120.00685466756863, 20.558205389930933, 59.55512831180072, -40.79764533179699], [-36.10917022503553, 20.893498024424645, -46.68683853640473, 82.33279541613162, 562.2740917918517, 46.79805450351421, -18.650892494298702, -42.06977432317414, 80.96746132161056, 89.39929519097853, 32.368634964486354, 26.603756982800178, -81.02865173694546, -80.73868934626836, 26.40265102731126, -12.638280706388361, -89.64296389287897, 137.08968660426254, 20.933545037284205, -61.72994368908087, 50.30662417742242, 105.18961137126361, -86.14573520570312, -44.83955619588805, 25.842410093751393, 35.49678030133146, 9.131220402710541, 6.852087432763191, -91.76600281895387, 47.70758503284617, 11.789784514691299, 49.651395771864344, -41.38989599046976, -25.186911052823287, 96.28751958253882, 120.87592308526811, 105.070558791984, -46.482918434143635, 55.344982630321546, 34.221205073871715, 43.858615256162736, -6.496828843803019, 0.8193349073302144, 35.325984819766056, 122.49411277969836, 20.73860863887167, -10.02754386535442, 59.62498412763008, -15.415215394564703, 49.52809713520266, -62.19980181910003, -14.846771553424178, -9.215589526025465, 40.11456203617323, -82.52861405524655, -58.46057159310357, 46.552552631310526, 48.32094675886037, -78.85496939810228, -6.935231742848166, 62.02520894885304, 28.25831713625484, 141.0213418927796, 104.00834959000971, 0.17525509781438472, -86.62339072750352, -29.29484242665781, -11.540133492246595, 4.688597865246422, 95.43774707994761, 28.816611068624212, -12.784625430199155, 99.55021152408618, -39.06780568119453, 3.074725748282808, -14.175616888101741, -6.814689619161557, 8.361281245823667, 57.912977167890496, 0.9622525913211111, -11.247843284297147, -83.51060058679404, 68.93390901649046, -19.66236100457966, -35.44824347242432, 1.6574251060793355, 40.03796496282652, 109.2476773686698, -107.63591109371784, -49.112586336216005, 51.726759966280774, -91.91004757592587, -6.858187061566248, -55.76581468006462, -85.00975159648708, 34.489674685443475, 22.714546480892622, 23.65366200357674, 49.56418976463909, -11.370558835593066], [-19.304305705961117, -26.240808190047094, -15.27688419806477, -19.258504109865502, 46.79805450351421, 789.526121653843, -80.83908293443912, 57.56296703836627, 52.60396323929625, 23.72226739835824, 37.157174710092335, 117.88566402541966, 67.24234220967536, 25.15937191796421, -6.9025626246692475, 96.42544268817784, -43.52423212471682, 31.979434664558536, -58.60008568521772, -31.080568470044092, -3.2810857542397773, 89.30148646507374, -95.84887784421139, 64.11998017425664, -161.57972116908851, -39.34694566797956, 6.31116902276019, -47.803121147166024, -27.993199868457356, -146.49589334290152, -32.48124863544951, -31.704217755388125, -25.036194043277362, -6.485562720614086, -87.13557006927554, 13.202141172547467, -24.527735761224054, -79.53951335034915, -0.39588698985099186, 85.23419229883415, -29.889005653313518, 18.845697024109207, 4.9830920826319955, 111.08689476283698, 33.14886037787001, -33.45483887601427, 92.90157680579524, -53.395078288477315, 58.60013591313316, -9.910254107665383, -5.447622739993161, 75.96830338390461, -68.80152556692825, 131.927175746943, 18.846696671271385, 25.713573186889185, -20.692232385387317, 75.06605912550995, -17.556569343525418, -80.05526411037467, 147.1330169464395, -5.117268657023774, 38.67132651356676, 68.13476880945065, -25.728155482169946, 12.199919940502053, -2.599782568613941, -15.775076690019091, -75.40418381501829, 176.70586009770608, 157.74538614251054, -86.27459347097042, -43.47924530291802, 13.274670742494019, 22.551574039058224, -35.46562695179729, 75.510032913709, -74.25394976398178, 7.491657907442041, 77.22806222213877, -17.171512595300715, 12.763062625672505, 84.6043274990047, 48.829529828272236, -28.50212932772092, 108.31952494760063, -85.26992354775949, 155.0252952315035, 0.5557274009798236, 0.12332001590808661, -28.035701389728054, -67.90896880611086, 40.06628251031666, -141.69769667986995, 76.18265166264794, 5.47088257449151, 59.89280441177197, 26.897983604491312, -10.91841547677029, -35.69045271995702], [-7.5835391808508525, -71.04887899352286, -33.22438468095187, -57.72600806299581, -18.650892494298702, -80.83908293443912, 591.0612882641694, 19.733350277053486, 10.515768551813498, 79.29820341187641, -46.867383476457945, -97.75615930260878, -52.29314792464064, -102.32859023499374, 13.949425664690764, 15.812036840718557, -0.5356745844576895, -35.243857885955855, -2.921189707725748, 15.576469953187855, -57.266979406112505, 60.40764390399981, 13.762833843437955, -35.81767976088494, 25.7097712208157, -96.80187628576986, -93.45396737781931, 16.283541163558276, -50.785125263730926, 82.73892078289146, -8.53500637215755, -13.265788530896604, -70.80357200129606, 93.35181492589547, 17.634090490427134, 56.950513006270064, -16.203173179037808, 46.987366184193455, 61.98341786112924, -12.113694913536024, -6.447425803080041, -2.608347520839229, -88.22652344379827, -81.04788010843444, -16.91498862281504, -83.21544557634103, 28.41321620092123, -45.87779402852291, 36.17443686408122, -13.35434410886746, -62.92106185847862, 48.87053932370093, -129.0697154862188, 50.24705162852514, 22.431622936059643, 16.232346255212445, -44.10861654971279, 76.20484702601598, 88.94265504812756, 5.30424688946094, 16.400112989801237, 10.527663810369095, -70.00261675215293, 12.04696060489266, -55.89920107373355, -16.238051414038733, 46.41528850378538, -21.86690056853688, 13.08452840541817, -100.0673372581491, 41.29325104044096, 20.089152909494935, 7.3678460897962665, -72.41849955922777, 59.08407132516553, 42.5126780067923, -26.30982097177523, -25.1108686262476, 41.8883355966403, -28.80406587573729, -1.3408457202374096, 16.177441854043927, 78.80537685118937, 40.246213333963645, -76.36831688003996, 12.782245412167924, -25.577537310080906, 74.96386545683318, -14.914927952293926, -71.09694881930585, -80.36880990568253, -49.91632312218261, 39.44745227904066, 50.15556825059842, -76.36070298662375, -15.143493868255335, -8.291715962536303, 39.114581059636414, 69.72028952549523, -94.12700242066214], [-45.88442163131584, 107.37433916096371, 44.19426066020924, 34.257890180261164, -42.06977432317414, 57.56296703836627, 19.733350277053486, 743.7688853396697, -34.806914782242316, 15.534096372732352, -57.96828352208244, -98.54724615402749, 79.08282549160786, -98.56671017787964, -30.527720971197834, -141.68253372203407, -18.65525500309829, 23.87969147005374, 26.477394149689317, 16.102165474901977, 10.392776569079679, 84.75104046946832, -46.6783759213045, -13.517586805949094, -34.41191963807819, 18.50888764728537, 113.75483366723337, 67.69882640536075, 59.37066308447874, 5.1131958746287856, -72.85881077139226, -74.17878558388115, 24.926874838005425, -59.0291020911177, -37.52406588696755, 67.02117943443714, -8.266754047858798, -119.71514509028029, 31.318536824196723, 101.77512052822496, -0.3302247493671168, 1.1477904386721791, -88.29077563759824, -26.773512774005717, -43.23378722344501, -34.71475656273614, 53.469651270191186, -23.736927177576835, 7.539112887117765, 35.46456999296659, -76.55637687845434, -0.07293963485330056, -182.18885073326018, 40.47146510128518, -146.7100545082929, -35.184595704016644, -16.438295135741626, -49.7634962763934, -25.689261284442928, 53.13596127629172, -104.954180982843, 5.309239573544491, 135.2715534777598, 71.6395651128188, -196.18360278818975, 83.7975374912695, 0.3788437587868784, 111.28089603239634, 55.28465402689981, -2.5208059512668255, -15.002574275996258, 6.857417789363457, -113.22218295295465, 23.558946161665105, -65.20405254281339, -72.65411703572912, -62.427682877206195, -4.788766688208898, -6.9756354933240665, -79.37413158819776, -38.21856081090574, 63.338880778998224, 111.61358701502907, -29.098894957260544, 5.226973315379439, -23.147096095616263, -32.70727192201331, -53.50343945220296, 4.0716098979689495, -41.71924874104102, 8.897574270961583, 99.68642118113425, -6.589909654956582, 113.39104447408566, 24.554878567694722, 43.403423300354405, -75.84617445994834, -60.01215652681112, -46.934700163122734, 25.155242380676018], [-63.96579208115186, 38.13725779128471, -24.57638075494569, -16.730905686747136, 80.96746132161056, 52.60396323929625, 10.515768551813498, -34.806914782242316, 735.683923552498, 104.75040126005725, 56.52300353289495, -16.51615730673618, 4.915377062124985, 20.803479298613826, 16.624211364840587, 94.47570326510434, -115.19176825445811, -73.1175263874544, -26.98433923631986, -91.17415058314187, -67.48871973766911, -28.023456476867185, -120.61021271762459, 90.2988709922076, -35.088386123978324, 189.62379378808885, -11.720704423342028, -35.493347488189215, -3.0142005321600958, 28.935413550497177, 5.811986742754654, -43.079688518314086, -1.5846450195844757, 20.174945792167705, 44.05384649841027, 140.43082935180396, 3.938307090034082, -49.93221451771305, -65.21660351270805, 148.42002986134065, 105.3846764263131, 51.20686687432557, -16.485999683955107, -22.63691666299011, 2.528137119036427, 39.49838591212885, 8.470684918690957, -72.4860622664001, -144.10674824811534, 46.74444524063868, -6.375398533135369, 4.042202098842849, 40.260654905530124, 80.12048842968032, -2.4066814307268087, -114.6236233260585, 68.90991082879458, 97.81455266461438, -21.025089341575054, -72.83419476080132, 61.115035249167605, 22.173168696935146, -56.2913964506407, 115.43329746971672, 5.232737833404177, -142.97360957312634, -36.23648974905991, -90.92265917317229, -51.041944229057734, 28.26975530983089, -105.46475797642817, -100.59629565226145, -25.038947856149065, -75.8317765017285, -14.185930901293762, -3.8296659449855235, 38.541682183758155, -17.753264727617267, 41.74963775999531, -101.1021808774598, 99.35295299396823, -33.50557292627354, -38.385147790189635, -9.457942117861942, 60.16858985302626, 135.7064900221405, 51.28177336222168, 39.24909563814412, 40.283956349926335, -31.55780705201573, 19.355841723689657, -94.38198075366124, -52.79058108144174, -11.615039960009552, -60.03914916577494, 14.850697770720501, -0.03599413075776478, 44.704265715482535, 3.4102893583731686, 61.759073673160174], [6.409178841664506, -1.541924576705156, 46.44039595143089, 35.20037829549811, 89.39929519097853, 23.72226739835824, 79.29820341187641, 15.534096372732352, 104.75040126005725, 739.0746350301641, -44.440931274263015, -17.983348868544336, -140.72260458246276, 94.5071886206378, 8.894909947654035, -42.28084719941076, 10.308131133742036, 83.03239456764022, -23.65397468806585, 117.91304041359551, -88.96478901116642, 88.33661088451348, -85.24122181354699, -108.02897054086161, 28.751947065029523, 0.055994602472882675, -26.78216873179634, 108.32307799136629, -121.31202630921736, -69.85164343915754, -5.467465607937437, 73.5825188985524, -61.751870384948674, -115.90119126751588, -92.88815584048245, -10.586287780762046, -99.05149907758253, -136.86867716165278, 2.5952959076581927, -56.66192352719583, -39.80555220946606, 33.350400187834566, -20.06509270801693, -7.125025144511415, 39.40833559560693, 19.20734019690524, -98.62865887631015, 27.72184235677104, 50.23087524573294, 83.71196388650743, -11.011759681159544, -47.59366509602733, -86.72770750399461, 107.93501991879805, -57.92473994198602, -29.402960457299127, 23.985666648208543, 34.12970137556414, 10.571469043190588, -27.689286461326727, -121.67822409050564, 4.106391880068907, 94.9881015598533, 58.757682333749024, 42.43914430583446, 66.96859535915077, -196.95629271153825, 15.702410698820886, -16.099185502406606, 35.776591107312285, -13.460083074877973, -47.367143788868724, -161.89189741958842, -12.637361278879672, -49.31693819658444, -20.407237719644804, 56.5226737484451, -40.88938858256519, 84.89541214558322, -3.396907295495903, 99.57038232644264, 97.80601723164689, -122.95471430896731, 45.63895671010653, 14.33404319579199, 71.47909605362524, 28.887180119387413, 39.705055064956646, -38.68061129096405, -14.081269212998372, -8.539001873115021, -81.00465107430531, 50.0576807254119, 14.534684465958831, -39.53814875160958, 6.869901782604414, 74.00506438839913, -35.486464529255784, 27.271126757433954, -33.918626526740596], [38.03663698986329, -53.29328709142946, 27.329407312127966, -42.330438730701985, 32.368634964486354, 37.157174710092335, -46.867383476457945, -57.96828352208244, 56.52300353289495, -44.440931274263015, 640.1505220536394, 66.20897985995535, 94.11962502601686, 44.192874112064004, 25.812692791847475, 121.90786328878029, -53.520856442299646, 70.46570642934445, 102.96572706769864, -60.6927754771574, 118.7563147737584, 29.83796448092704, 22.83020233322398, 36.46518646249786, -62.179650370213146, 46.02641224454468, 59.47699568774509, -51.704357351715295, -71.80466982450616, 5.5118869301643345, 33.351446450874235, 34.32371406564734, -110.35507176712323, 79.07995063890662, 62.11168169674764, -54.26694614046675, 108.5683750319369, 54.53329911443908, -61.76900096348572, -1.2764330704892626, -72.29571722398059, 20.765831154785804, -44.22847351857299, 6.84905980793802, 23.350197260644773, 35.78852434070855, 45.052893096820085, 91.08903873647874, 98.72126061619879, 32.38285281578225, -6.768174243739081, 111.8121448637977, 90.38069609821889, -73.6686373763964, 17.312771177909067, -45.25305153429038, 10.045392575460463, 28.56313591695473, 16.317222648246485, -51.19288105213359, 43.22345337746014, 69.83545344224203, -61.22107893177575, -50.878222772981744, -64.53678664833038, -47.235398952633595, 44.3171457496974, -4.642999878785701, -85.28193145610275, -76.97874022770512, -18.570077777139606, 6.173717176367533, -28.41750286089059, 29.023654391215555, 72.98487961414918, 5.876083405903805, 177.52453089114215, -72.36242775488648, 15.355039556757804, -4.373700382460274, 44.19402759713288, 5.655588401460118, -20.058807439608167, 65.26667441096069, 56.843289864381575, -114.29568393553588, -27.988880030212982, 26.529277000746784, -102.61584443003981, 36.366091053659794, 42.720675045452005, -120.8145038600684, 44.77691871406012, -26.90789685245137, 179.24933729088255, 9.146001947540034, -120.03095847183401, 29.26543676014803, 21.60952094750289, 113.88003231598125], [93.8544793879314, -170.90328729933032, 60.98281320257439, 42.02878527312575, 26.603756982800178, 117.88566402541966, -97.75615930260878, -98.54724615402749, -16.51615730673618, -17.983348868544336, 66.20897985995535, 800.0128201359453, -22.22084819798926, -10.608066459654166, 3.1410323854640296, -27.225097130710555, -106.15925012531406, 98.40876084128564, 51.38792686267477, -124.14780851437662, 122.24459146227942, 77.95415221471127, -57.65946729954385, 116.9066637112168, 130.86758671887355, -60.59846022385987, 53.31581036782586, -67.98903117862226, 9.523725091641275, -46.782389693310414, 82.41837486244913, 103.02303017810341, -78.89176441458913, -11.535452492339516, 51.29110443071992, 76.2168182589326, 104.30653698358827, 19.35504320877652, -69.62590748736291, -41.81218632849927, -37.64041140284703, -24.69654576883901, -80.36648774721569, 46.823364456031356, -77.37498545823671, 125.48247771438365, -30.702652334207276, -94.16884769890358, 120.69400131050365, 7.957283545554902, -36.19500800210856, -24.320056485072588, -6.630301393680649, -39.64656827826089, -69.62135718240212, 54.359730739361204, -44.703886449422406, -47.58354293869967, 22.36882561819404, 55.1560805744207, 44.05519606632092, 37.88738019913676, 22.534194341571098, -89.57529345326368, 36.048372929280426, -60.51391581161412, 10.92928190603017, -47.21200872504295, -25.054700410833533, 36.83961114815886, -54.26735611183606, -18.240478886479526, -27.534194840200048, 57.844048429196896, 9.368440955498354, 7.29728360991607, 81.8735676821481, 17.920947156838235, -8.679184139890284, 26.836829815989017, -136.35952349525638, -5.649120273615675, 31.173380286292563, 30.362647948563684, -30.613390049180484, 69.05322485314608, 10.976869041906319, -45.77287012611044, -44.22926029065925, 93.11352115396033, 0.22769025306695853, -100.79036134231167, -49.06916223024031, 120.81053138995483, 107.5297346234917, 44.50095888137012, 53.237868599586285, 52.20632781252957, -38.05858403714785, -26.2891858197108], [-10.965803641610565, 52.288827952977684, -22.92986260409293, -5.552438486274075, -81.02865173694546, 67.24234220967536, -52.29314792464064, 79.08282549160786, 4.915377062124985, -140.72260458246276, 94.11962502601686, -22.22084819798926, 749.8699354219353, -5.244668228376371, -128.84519286355308, 11.148621965319283, 13.996729270387917, -29.734520610434785, 38.020518170259535, 34.84042807328075, 69.85034001141044, -75.04483167083363, 74.55445505025317, 55.268518159638305, -197.93207674896124, -14.691148691153899, 32.453989491108004, -5.5382359851575025, -31.55397025813361, -23.697741481297633, 21.34845261567943, -71.79952509738727, 67.21773502689038, -4.912801871870838, 23.165409323694444, -113.42663589707782, 144.919478325443, -2.118050652556216, 25.04579706289001, 27.637667173766992, 26.286197002771075, -24.143033609405943, -57.02260534990828, -44.032567621891396, -16.139004164259443, 100.06956343100234, -37.0906693784211, 98.67408380914009, 113.077919207467, -24.717238933128915, 30.958294758925092, 53.09928507839641, 83.53681888615104, -39.697893419569894, -18.2517944065367, 38.47393607365702, 55.65919624309997, -138.45646246831663, -24.611445958975487, 8.446266726672139, -34.106174994592116, -19.583746847473282, 5.085999203398742, -41.20233127732064, -79.44373504347475, 81.77803957278134, -68.68509548597153, 16.350895452628045, 0.8900693215974418, 77.14800356838896, 34.522477711905296, -35.22227128857211, -127.73646920036154, 59.247343628686565, 43.58307847488468, 41.62441014778781, 118.71002335366246, -30.776308318029923, -138.59591489057973, 3.5182539690167722, -19.583340711568294, -8.307848027116737, -12.006372202198959, 14.684364521918612, 71.4658480635479, 45.00211436826819, -88.77241958210806, 37.75990780949966, 11.489477109577969, -7.059844883789961, -14.987994054901248, 94.8845535140752, 13.01992261399853, 10.456454501076685, 172.12462385445542, 39.34572045628645, -63.79411129741978, 81.27584044061508, -47.93950610771852, 7.688646752262258], [11.34170990447061, 32.21018937065722, 104.70007703913394, -12.502190704133021, -80.73868934626836, 25.15937191796421, -102.32859023499374, -98.56671017787964, 20.803479298613826, 94.5071886206378, 44.192874112064004, -10.608066459654166, -5.244668228376371, 768.8964483884946, 103.73927638387283, 21.86029176047172, -123.21208735427315, -4.49960464049435, -51.543425789004814, 97.4834731229025, -31.7640437799353, 2.3673883225484054, 2.7879018477513133, -25.786623051532533, 27.242902482804247, 28.84303754023824, -30.54628895222902, -67.35142773630562, 30.90216895046238, -32.81903613512463, -49.87596599162641, -29.48720997522819, -47.88828820097411, -8.244276608387464, 14.113633844875315, -171.71792234091805, -27.99581052784212, -18.128579024669314, -58.891339779690455, 51.08557776755695, 54.1306729852375, -6.526661709672962, 38.409922217503535, 27.64511073326549, -125.38614448474975, 10.332437172021281, -72.33637972894397, -48.37150120595163, -143.07579613399466, -23.642351740935553, 30.138767003367953, 47.632778710797915, 153.01434072086286, -25.235030175117277, -32.87631758694104, -7.208704696247881, 72.24175522970671, 28.193536206119262, 87.26063007699366, -2.7420556354466488, -64.91737082385261, 75.49434505416961, -33.11066967356903, 83.10005338615453, 30.87055955384663, -22.748518479709304, -87.5545123404874, -175.93184566968458, -139.88694651988604, -72.72936201181744, -42.89314648542524, -48.95737184066321, 27.325606901824454, -11.43864235670732, 8.253908599585834, 11.004703453252652, 29.098721107342886, 124.55471519088377, 80.26699928684631, -10.456962759419062, 44.34727021150477, 102.7835609165867, -84.88887684862594, -20.582902500100648, 123.70730615663436, 6.350611579782906, 61.140460181408905, -42.52527181648635, 83.65822217873105, -29.14066654471942, -168.02896297384194, 22.105329521743283, -2.15413576109088, -34.77382579513143, -11.333931802558586, 9.024771205713208, -79.31859511177858, -8.15354446560034, 23.957783973715642, 96.24361753872562], [-17.62590517653665, -6.5631620614157455, -27.16581765050391, -48.26715383666828, 26.40265102731126, -6.9025626246692475, 13.949425664690764, -30.527720971197834, 16.624211364840587, 8.894909947654035, 25.812692791847475, 3.1410323854640296, -128.84519286355308, 103.73927638387283, 641.834402362113, 8.804627013070707, 148.37434881683117, 53.76211698806018, 20.81287268962369, -81.7554929077521, 110.07651972446898, 67.95520093104719, -16.674420951612287, -97.47108023091232, 61.24745496360772, -2.513622237812226, -70.59049403635504, 20.07675664029777, -99.82053061209848, -21.178571595092247, -65.79477069844755, 19.703029368240404, -68.27032156242802, -145.55719259338352, 36.81003979028463, -60.596109925934755, 59.07875515845873, 95.12873850172579, 85.91989782503099, -53.578411196401156, 63.419458168988726, -36.77262173940643, -25.836407613090106, 102.14925649988263, -60.20786312891071, -34.36239807500104, -19.3914764683393, 55.465645306744435, -2.7291019250953656, 84.83503755525122, -6.963843455930479, -9.829539810771632, 70.00341451930358, -53.423727207027575, 27.417733903231543, -1.1043318231884627, -12.994888120158858, -66.13867790818799, 19.399606496241926, -84.45308231272443, 39.70057115211466, 113.45911899213829, 47.81552702973907, -13.664744741838968, 74.90181668071794, -77.9051159696077, -29.058624807761383, 45.00137473928903, -145.7066432223272, -5.734961159785422, 14.229096586535158, -110.65639892966914, 35.23971853498337, -45.74136057822015, -61.295347440524395, 63.87953326973907, 66.19575162550927, -36.60343498318098, 82.90533830127536, -13.557046756451712, -9.517273529124088, 98.19221245054489, -23.247772245078178, 17.242990751900656, 23.230877864500027, 9.08689769043378, -66.12397141564458, -86.16852363361846, 150.18774087018267, -86.52659900389928, -174.44514966699506, -74.4792801441573, -58.520244650683324, -49.34133689926063, -31.46534860624829, -60.90650502658597, -74.4178666001426, -17.908212377630306, 19.018186722230137, 93.41087956107636], [22.97391634678368, -19.34812758949205, 59.80057583642725, -23.677905239540706, -12.638280706388361, 96.42544268817784, 15.812036840718557, -141.68253372203407, 94.47570326510434, -42.28084719941076, 121.90786328878029, -27.225097130710555, 11.148621965319283, 21.86029176047172, 8.804627013070707, 811.14024455006, 12.340649455350896, -6.217994844418578, 30.079809676873978, 21.668785813909285, 91.4613691570275, 69.2732492921258, -4.224837534173764, -55.7693581063148, 31.096596052631043, 18.3753069687622, 48.42680626106779, -104.70681665431813, 64.47971584748554, -43.37648803774706, 18.011653346478663, -36.04827739322531, 100.78806220289631, 24.69174426247916, -3.0442272737765075, 87.98968389293798, 109.48956794752009, 176.20960106406278, -49.61600204819815, -8.597341804290194, 3.814840137272144, 104.04639722908011, -92.86720043209853, -2.1157313198760845, -0.28576223018849717, 14.67817253294028, 40.021244101626166, -16.876241420743806, 59.80581462163076, 34.66550979733028, 172.50976333163612, 64.03426997640761, -10.856633998107805, 52.50328638623222, 19.63997086961812, 45.141952849778676, -41.58003058420953, -13.306000048655822, 2.0957421422607463, -14.038306942569012, 48.892920811287645, -63.78475916454026, -122.42784105236666, 17.142023906576156, -119.99659074506536, 24.346242409998727, 111.46224069035269, -108.62974737542238, -62.18534272652905, 7.279443165992091, 81.47140504823417, -31.885660739668136, 5.7020095305129095, 50.26837336058151, 6.170931008746972, 79.4978474549898, 23.11687356061014, -29.055070610437323, -28.847907191908398, 12.114256165386402, 74.06749931423171, 81.69804534109383, 7.907567184967401, 116.35770885418938, 9.455729171126423, 6.216960124399701, 30.02847292862722, 124.54296339159956, -31.98310846424684, 47.6080619095161, 120.93119171164162, -159.7305425648333, 42.3830464413368, -24.17807661772452, 166.75999216798166, 1.3257090553540725, -60.33752628562491, 21.50904862286525, -78.83802922807023, -68.27710320257573], [-50.41659047276543, 169.76132458763487, -83.04824098371381, -90.53922466641691, -89.64296389287897, -43.52423212471682, -0.5356745844576895, -18.65525500309829, -115.19176825445811, 10.308131133742036, -53.520856442299646, -106.15925012531406, 13.996729270387917, -123.21208735427315, 148.37434881683117, 12.340649455350896, 920.092809621133, -133.34902638859026, -29.94719371130293, 79.29863230192376, 43.865765615834135, -1.7726957860533559, -40.1638601585361, 37.577943967102286, -42.9017977480676, -94.90873473160279, -53.54624990576173, 57.74341024781575, -152.71703000758748, -13.00778441078137, -60.88095458783351, -82.88307579406948, 126.46881953672242, -4.647579344992598, -18.867013105662537, 32.92310800105103, 26.812221621385223, 107.77719172411977, 10.451207461219225, -53.18275969787701, 15.287168952494042, 47.395643846984264, -75.30689919182255, -99.74469450363736, -19.426064603014055, -22.434338192682052, 23.068372368598002, 120.52545971759496, 89.01646998207663, -42.40350186952242, 16.02421620604644, -63.008246049287436, 25.377435930024852, 56.6578620878676, 7.761199934154157, 62.63408709080394, -100.37052308624342, -57.93563262198655, 1.0013613441247913, -59.12043596986651, -129.96961119301824, -36.59978238614232, -38.18219821520352, -11.80878658379003, 16.096633769595467, 45.44620636021449, -90.25034506627799, -2.714291306576859, -33.00110776707839, 16.026261210782845, 69.41230648441115, -25.95669532693595, 61.09085539414504, 115.79976798307177, -94.8882701162766, 10.852634032155802, -86.46411968968381, -61.6727662731383, 61.531609849845495, 43.10149968993197, -202.9606009758959, 59.90451216704718, 44.73135660774178, 33.67686443327309, 39.724220780349235, -18.92307121383059, -11.20744180557798, 39.10654988027476, -23.718877908983995, -41.805300337860466, -2.633848087088648, 37.1007856653541, -118.12415092288867, 58.946060375031344, -41.20136381070805, -159.00797717569753, 37.43246883691441, -304.52061705242863, -25.302668508547743, 12.48371367236297], [-96.59653335986135, 50.28608923056115, 53.83427603793656, -5.974828459611634, 137.08968660426254, 31.979434664558536, -35.243857885955855, 23.87969147005374, -73.1175263874544, 83.03239456764022, 70.46570642934445, 98.40876084128564, -29.734520610434785, -4.49960464049435, 53.76211698806018, -6.217994844418578, -133.34902638859026, 703.1410113387221, -13.295741398061246, -7.414099204862424, 98.60376020226911, 68.95900297500926, -27.263129129635384, 48.92563016545111, 0.37840740102577153, 23.72053813978194, 49.98169942535846, 31.492068745982728, 21.521857500982037, 12.175782666924677, 61.60374854245514, 102.67816012586536, -124.12425532617256, -173.8534816839853, 161.69371912922233, 118.98196091020121, 56.825564505682735, -5.526269389125991, -61.10315118468165, -21.41704303330876, -40.966387541214296, -65.91353846693988, -10.25906214014991, 22.328192665921456, 34.577694483802546, -20.529519536494877, -6.183522575956093, -142.8937709245818, 41.56906128936527, 64.59846418902505, -19.094851897234534, -23.601261349914605, -99.42758320464077, 11.428568431608564, -88.62475084775338, -33.60334841372812, -72.95805156305924, -8.872053258460545, 30.075157238394862, -13.668791255467832, -18.283155394618323, 95.42576984352368, 115.55694807072977, 31.277937507590167, -13.959488809934419, 73.46589966185688, -30.996349079745617, 33.41868325195569, -60.24232910243177, -66.86849565510846, 37.77627284736048, 8.137952220442616, -27.186856522197253, -39.87789802456888, -19.80362008272442, -9.988498719219775, -5.103324312235088, 77.06974438951856, -172.51885434991593, 58.41834678108304, -49.249303278324845, -121.63904086292071, 17.00786938663295, -34.8384953585064, 23.79238394877264, -54.84904437066011, -7.065493455354807, 5.963123435327166, -101.23741489960247, 70.65414997142193, -77.98361483914877, -66.21726796441705, 96.87165196633177, 3.666150843105463, 40.657825959221924, 20.233495170024494, -19.91411584026011, 89.8565970351709, -123.15977689850178, 140.2709792387877], [33.060273887610535, 1.4487538588721882, 1.953747594237952, -26.788563636232215, 20.933545037284205, -58.60008568521772, -2.921189707725748, 26.477394149689317, -26.98433923631986, -23.65397468806585, 102.96572706769864, 51.38792686267477, 38.020518170259535, -51.543425789004814, 20.81287268962369, 30.079809676873978, -29.94719371130293, -13.295741398061246, 728.569840524515, -39.099962242746436, 49.53269694289201, -10.155688896459356, 125.321311007487, -81.47764589870809, 78.85953564599642, -19.239046390732664, -52.953670263714734, -112.56576968943192, -65.55991840572396, -14.89856761018214, -101.82083178837978, 56.7215248983004, 29.584325973742843, 63.267618557343226, -49.897263777271064, -58.36138257036976, 111.68224606727549, 56.94274131799137, 76.47032987641383, -4.365611478281506, 4.098567359038358, 126.62034762534896, -63.243535957978786, 2.2879730666951352, 68.35096221940009, 22.961997436699082, -76.91199636926004, -43.10428343344166, 160.7765193304729, -13.570394366149392, 33.432093139903834, 45.260523000784424, 56.97594246476967, 30.52325463919981, 20.82843792633468, -60.37759471913815, -56.96513751573663, 67.98066256052697, -15.80214670229813, 14.20884127997379, -140.7807598655089, 25.93388362323022, 6.333219535208376, -18.038914761514114, 27.881851082337874, -40.45039078844666, 95.6148872320867, 140.8836926047317, 70.31037769612321, 55.062292992640664, -41.55538679957817, 36.44467363007098, 107.43985840915893, 97.58400768409179, -45.99568671208237, -19.218948818440794, 24.068384324039084, -24.95012244191802, 23.948672501514654, -120.87962015899869, 13.379618519838722, 36.041281498341824, 110.15361043163121, -23.305449448696464, 85.225454802281, 87.14623813843998, -161.06247440933913, -78.7012915933182, -18.17642084682366, -36.273588056548846, 91.44640807699439, -115.37189248337961, -68.43838694694585, -54.38273997740334, -100.48335473713145, 51.542954368878895, 53.70656221942954, -84.47420718350487, 108.14972625964666, -161.60806287129097], [-80.90724413184603, 33.115481036065276, 22.965853827484484, 23.551053032210202, -61.72994368908087, -31.080568470044092, 15.576469953187855, 16.102165474901977, -91.17415058314187, 117.91304041359551, -60.6927754771574, -124.14780851437662, 34.84042807328075, 97.4834731229025, -81.7554929077521, 21.668785813909285, 79.29863230192376, -7.414099204862424, -39.099962242746436, 761.4967592206174, -35.14473930767146, 50.14625987195414, 162.22720838646083, -2.248737577182671, 54.67841120053769, -141.53414221285584, -58.36504176238331, 72.12652748034986, 69.54086793011349, -152.16532999426184, 22.862391605159786, 17.562493780874032, -5.0661337245363605, -106.88586494694687, -49.07590695513612, -19.05991324287986, -48.230222028857774, -141.56012497171807, 3.950885709800613, 30.474287876776735, -94.11828326110023, -54.79286710340611, 33.877411245159976, -98.19109978813704, 49.81673405721526, -31.88677584036509, -103.99971762312914, 156.3854929796548, 49.002545709557864, -26.588784775903022, 49.25952023356432, -44.28190071640588, -71.75818649556794, -10.18044882992103, 114.03179536575497, -45.25229036502344, 85.89111900570465, -6.961741163119016, 52.52791493082237, 36.66692027533821, 63.163363987029946, -142.75593252055282, 11.142271006831683, 90.33887131164863, 23.494913258777746, 130.8934928149695, -148.53084074284286, 7.684460614324836, 97.85949136466559, -47.99168660207271, 51.200098893614836, 9.451345174832758, 88.92587474492132, 13.581826837253365, 43.03987419059442, -54.666784692021196, 37.35183152303736, -24.070255172249503, -140.20395861154825, -18.51102344538276, 5.084710661759109, 19.11861151984199, -22.71505247573434, -86.90989522503774, -5.207550290075985, 0.2360677500575491, 62.646909045322694, 31.152469917890002, 56.576963226236565, -108.65189818633395, -56.9946696873338, -12.64876969539113, -19.852664906733498, -1.8638895384880936, -33.673218422505705, -6.645215398985267, -37.56360108222911, 65.79917047507023, -8.308422165756236, 10.692433140796023], [47.17394853970701, -1.8511280973335835, 119.57325902793869, 29.67807841056285, 50.30662417742242, -3.2810857542397773, -57.266979406112505, 10.392776569079679, -67.48871973766911, -88.96478901116642, 118.756314773