{"N": 100, "M": 8, "A": [[[880.1884964076445, 58.251628907799805, -13.690063864059542, -56.24493828263714, -67.06531596954423, -35.95528706559694, 88.05795936848749, 24.18155288794873, 108.58864511962474, -125.42675977423268, -149.7301667466667, 88.55122890153673, -74.42786774043824, -55.457910540986674, -86.09534797247098, -80.73300989326796, -56.65677289517446, -43.010115567709796, 31.362616444613373, 126.74003742484756, 41.089557330802855, -110.62192649689851, -59.08418876088991, -149.7520419022041, 10.216757556935908, 55.77702387266037, 110.96316631704705, 28.247996205965112, -27.801628744840627, -33.523997687394, -45.61334385274299, 14.096933517106699, 9.871478362792319, 38.64018148122628, 70.3475025758602, 139.22732151879256, 111.88576471022274, 10.447371022032392, 47.554309738422575, -43.53849377128613, 102.79775942565824, -4.126806360533317, -15.003622616445528, 47.239695984366385, 36.73258268341051, -41.99720084122835, -27.35844638918111, -31.787931270708786, 33.43694070298826, -57.37973192206434, 139.22888173787786, 9.310175156411997, -224.34312100036436, 34.0121381205756, -123.37654179593464, -72.6237403636263, 31.283082952019928, -51.500849348646696, -19.87456074530058, -81.96473344165757, -23.194968873284523, -64.01338114286045, -7.1156750869944165, 17.63401116631625, 86.87151030361322, -3.3740284043325977, 56.91138348445103, 128.4693715832041, -43.4640256136802, 79.87586472344036, 27.408009959646343, 71.99171602629052, 58.196585523970036, -56.776650827471705, 20.210556641074273, 101.33256789020815, -94.53837010919678, 49.16331857198735, 118.30512189147329, 77.05826968578431, -35.268545851589316, -22.39975681307582, 38.896320622137246, 12.260922591603165, -35.89619057755316, 59.22052923240103, -29.827080634018227, 9.813606575120016, -12.155163886113774, 47.366354906791656, -71.72376213102639, 71.51818694311126, 103.417639767275, -74.01987569244218, 89.0417079815695, -15.961020786679736, 173.87039447128714, 57.81606945635084, 127.22651302581734, -81.25553493957845], [58.251628907799805, 832.3047594408412, 54.05450302812366, 10.84317817203501, -18.659057669953626, 2.064003891675285, 45.22066870215173, 158.91001929163, 26.321342960328824, -93.71386733110765, 61.381447830516336, 134.73147661192598, 92.2675540854957, -133.00351393318408, -49.994205675145444, 17.92561554233363, 65.0484542433335, -191.90810197740768, -32.594272438715294, 70.38665854344272, 65.55993157193411, 119.954793402118, -151.3574043982397, 8.780086445476439, 20.873654211830484, 33.38192690564236, -35.459724027079794, 92.55171146006018, 38.641077648698904, 107.46582125145704, 20.370787411849484, -145.72169162444703, 113.91031719989, 48.25499504268992, -17.93037189696268, -16.46918027283286, 22.714485343153978, 18.904126958161523, 62.163203244448525, -33.999257754002606, 32.5304144700199, -69.82213588928771, -74.76067018708191, 40.4944712926576, -16.987981049769623, -252.14252336298807, 53.32377889592124, 64.49141627091345, -51.86768613646743, -146.55565992189423, 16.568783793134347, 49.051342651020015, -101.75209278396791, -61.628649714041714, 142.062050838789, -9.84397445707349, -33.80684494528127, 39.631815943304886, -6.08242920197972, -22.365163272444974, 30.582899278270524, -98.32028994660187, 24.614453058681285, -73.44181327686034, -33.559861836903956, 63.750464423090484, 68.87683011885048, 81.82116863535839, 42.96540803705051, -16.264673501984813, -1.7955700215160713, 175.4101078673888, -134.1355321132542, -57.38875220364325, -58.50190378620636, 14.570215656788212, -87.84196892772852, -86.1445515841998, -40.07652713227663, 18.72148408698539, -111.88922528655718, 34.7577611880516, 117.55521399173935, -8.968067619309037, -36.973851206579354, -4.067222819318151, 98.38245390998763, -98.52741407092368, -101.81726093247266, -107.79850266399573, -5.494710730857395, -38.914483306477216, -153.8739735541752, -37.000184189319185, -60.71513244435671, 65.44795568100263, 47.63048666587059, -62.79225839899926, -176.2077424188086, 23.10300362140245], [-13.690063864059542, 54.05450302812366, 857.9719140948724, -21.816318426825937, -29.531106162699807, 112.73563552513158, 26.76538086662887, -54.69357162483557, -128.5875881763465, -120.97511090615227, 80.19108662294394, 16.82916132533581, 22.063872396305584, 50.01715457604559, -87.47595094631421, -61.14753486313031, 2.792800363264757, 107.871017223487, -130.75951742226556, 17.12936779325059, -46.349134700820926, 5.8896225895004175, 105.55876779121562, 10.349364836252862, -89.81816552149554, -129.31990836782202, -125.39845188838301, 211.84565451770754, -30.668340215032757, 19.339319100059335, 74.09815233816963, -116.49221107605875, -71.01275889153105, -69.84694746589167, -11.101378666478073, -88.73216994761314, 14.676289043742058, -19.93414750052339, -167.68062518228575, 38.3446689168074, 6.011961803701449, 56.31333051659788, -73.81459439512155, -15.774599381479808, 61.93863334385301, -117.01858826162632, -31.21656922147995, 6.498170389967797, -40.24046867988725, -13.397238988728178, -74.009955689882, -74.61862937917154, -8.649013469171926, 61.53285205505544, 145.07385136279834, -26.1766148784853, -20.20273536266161, 57.14915310302733, -1.6040412689797616, -39.53248980351191, -12.078168301952473, 16.426711459717772, 53.91638807521923, -96.86453946734069, 47.743985121922215, 23.128532240710193, 64.64636315069298, 89.40452085529049, 45.84616825190966, -16.947617207332552, 108.0249643167329, 85.3588841450478, -223.0944578467788, -70.00850202974927, 40.88720137974256, -86.15387529897541, 36.54373618906102, 60.53602605235269, 15.462326625335939, 6.8755763081449315, 82.12105887476221, 79.88032378798621, 63.98821112991844, 28.951512896418144, 64.65009431785087, -1.1272510713043442, -4.280266958546943, 29.571310994603124, -66.45322781002761, -53.845810126649134, 54.60047838714165, -9.492254021249186, 52.061828121437344, 44.364372553440425, 67.56531485110449, -0.5409759269981309, 33.936142291230745, -9.267259196455253, 100.24515752345745, -171.65749873609795], [-56.24493828263714, 10.84317817203501, -21.816318426825937, 685.022930627176, -41.87778768646362, -81.57931515082369, -35.65586673831577, -8.813428682241614, -64.40294319534225, 45.667323837345656, 47.60278016821454, 65.11076712312905, 63.56766845783986, 47.08330743546156, 182.69964597884876, -72.98898275331308, -0.8168750733252009, -48.53688800301478, -23.261200290141957, -87.01476561222731, 50.583743794918604, 66.90716040748508, -11.44329077671293, 76.81377014614499, -3.905675561544321, -11.677061230318584, 93.4815842786552, 75.90881958782161, 89.15429054939365, -20.724461532495685, -67.50766018485285, -86.36752761579346, 21.00811587421923, -136.45635743825463, 28.93886962958101, 35.22997508899389, -87.95199106276323, -49.8056560348403, -59.71784626676828, 32.020986267418685, 36.64386974327694, -71.75421611426283, -8.114939904093388, -57.39559701889042, -16.047902629109316, -1.405424930372234, -70.01518061132687, 42.48273122468797, -105.92202787100344, 6.253581565025286, 84.91623937263935, -81.3490347700952, 47.94111307561605, -27.12477689390124, -17.07260645347652, -74.1125016466788, 78.00602237961334, 48.704274992535886, 109.86608080785746, -63.21184782625488, -65.75307580371582, -18.81110155836285, -49.607520483300476, -130.38318476758428, -27.15445316622139, -91.48521395650532, -120.5398992096706, -47.37553362929772, -114.91464309934344, 16.014859853383115, -33.74735999345521, -29.07957015305387, -46.3660449926477, 39.00095335014246, -26.611690901680884, -78.62166927233422, 41.293445287380635, -29.799233892515755, 9.17305217181226, -40.59520508749661, -76.86968517590175, -30.36707660857294, 62.67857430106757, 75.57372408817592, -15.351294987597313, 38.61647878597987, -7.190812036836156, 2.8381445716572857, 117.0365800332448, 90.22012644977909, -49.67198864565077, -15.803237963570032, 68.47420927018074, 80.66243655409792, -99.99058346965937, -2.660137882641018, -19.15936912437067, 234.29473850239214, -76.02145908560578, 57.63710953606138], [-67.06531596954423, -18.659057669953626, -29.531106162699807, -41.87778768646362, 1059.5761622601556, 67.68121784791948, 29.37638108937113, -53.261793997565, 29.242254312387725, 174.7081672545208, -75.10079628179496, -5.129582631442613, -22.27212419320659, 44.006956423149845, 117.60596651373052, 142.7763379790538, 57.3048255406509, 20.815898651055733, 159.5990702306792, -59.349286217837644, -27.3027505803768, 120.15408619444943, -105.29142546449468, -88.48417799825486, -74.06580716727082, -107.79089517531361, 73.03882342074093, 45.54489347880173, -68.83694551233164, 72.53730696643647, 74.3380364333166, -70.03936379757613, -119.3163586193415, -36.57134481175878, 57.0191222269303, -51.38981064787955, -14.162664916401088, 56.573027899060946, -17.713042798670248, 75.28467755039857, 189.67598502215256, 57.53556100601475, -4.897376606430301, -90.68351941717134, -109.03599810144391, -217.32744893406084, 54.455896884989116, 88.29088543514005, 36.38576736414194, -2.3841498633987084, 33.764942386104295, -7.699521193067543, -176.2604966922026, -8.375720067607672, -70.48190825367183, 51.61548702170985, 22.24845142248406, 0.8022406530525855, -108.82212791023062, 139.0084400123527, 40.39414591525951, -94.43197010800078, 57.07879449555304, 28.92255337562373, 140.85543953990896, -39.78251315152086, -100.24462010701315, -107.42761933343213, -61.173942188752996, 2.7821229899344933, -27.450912878730453, 22.186773337446525, -141.6376636259616, 96.71228978927275, -70.01381496035837, -12.035097497820866, 54.99809918630235, 78.977939189791, 4.928251061151383, 112.6521774074754, -30.73554905434848, -108.66290976653234, 1.302105770169319, 46.628434712616595, 27.606248653494486, 8.873060914327976, -74.39091294001095, -74.80617916548108, 32.486984013288904, -58.80564826958835, -130.52599135865376, -124.96939448553599, 37.114566082371105, 23.004958876602057, -68.97937617634936, 92.13886691235334, -82.38903854381276, -12.100394864598215, -105.39818292297737, 29.80845568200327], [-35.95528706559694, 2.064003891675285, 112.73563552513158, -81.57931515082369, 67.68121784791948, 768.5448221330835, -43.284102119823466, -56.3560203172825, -63.022105603128836, -18.31108208164531, -147.12797143606454, -1.0097525577304227, -13.364621242117087, -22.416360082892428, 2.960007918751954, -125.25106032450793, 32.27501470739861, 80.24651935254099, 11.702087428541152, -16.788187025908062, -61.30579974763931, -21.336551386703093, 2.5883061504182954, -21.19287028387457, 108.07792037107575, 37.96796576323461, 135.30080054951623, -2.9914721380530875, -47.278289792106364, -127.8422404525698, 126.79565246924662, -7.776880437143029, -46.02440448069007, -3.4873104242842965, 11.718673212321168, 122.04161686798228, -8.76235315796699, -15.007866427725572, 4.61484480965441, -113.62772066490193, -29.087964407808727, 239.95139969503776, 158.25684129068512, -115.9713909791176, 8.513705920546426, 0.568862764454428, 14.800202548301247, 8.796131249007633, -4.257394619842651, 131.71890730156176, 24.049910128940898, 80.93835942656081, -1.6850312923086996, 154.64816298076084, 128.83362164153817, -4.360098950167462, -182.11695657794988, -1.642324430021378, 25.20826951697782, 27.708776429096496, -17.839727241472325, -3.071526074023526, -25.138695609032453, 52.15658650711337, -5.412339649256083, 111.8659558590444, 92.72464796422862, -43.92273149818515, -22.324448227651374, -61.56624966417726, 21.884624132514453, 68.83772582872365, 28.789464724485946, 27.08144831665448, 27.04935960671448, -9.975736782850813, -23.908867882043168, -70.75718823943433, 67.24278436042223, -6.115412788688783, 34.21120136084035, 133.94485034346263, -7.2369204958121465, -114.53931887683213, -43.94924708774415, -82.91678720119221, 97.94976123875577, 19.05630555480762, -64.15811505605248, 94.26359047175639, -46.07971644036013, 135.15012049080372, -50.369830432163035, 6.750569546311266, -7.063115456923507, -41.33043973234154, -5.623822552330843, -33.03326112051593, -18.38621299879443, 107.02224237274889], [88.05795936848749, 45.22066870215173, 26.76538086662887, -35.65586673831577, 29.37638108937113, -43.284102119823466, 916.5963547869827, 42.68135749024417, -46.87728915996063, -36.614290401768486, 18.49443248844688, -20.643325373533088, 16.0222774333951, -29.983243531482625, -165.3012029132207, -66.50054121708186, -53.79063843375232, -134.27904290775254, 131.92747058322763, 32.27895595720966, 28.10186774402948, 158.42893737105922, 12.948710248219081, -36.79312515242399, -94.74170355037053, 124.93564350988062, -82.2966034888516, 41.02654117181359, 27.749951242483082, 31.575988413866284, -107.90217409688958, 190.28389216746288, 152.730646163085, 13.082001888998448, 99.49350701512135, -101.64606440376777, -113.45022268336527, 43.50654050244992, 19.40532540208267, -50.67706909808438, 200.85849898646762, -0.9654686556279484, -88.94535034640123, 31.23396246359949, -53.2533664369041, -27.337760886576138, 64.25627391360304, -95.4656424237179, -27.59100062225083, -26.64761011130869, 23.21179861650968, 15.99164539587135, 17.598654347006647, 69.34948018313194, 31.6291830581365, -21.08834072984789, 21.73347352896397, 98.8895268513475, 15.471877994285485, 2.0708734756988516, 80.93257830021558, -31.47403081046836, 78.95622304878933, -81.01297834695866, -10.383769117439261, -95.09099164683505, -49.058648218684176, 10.983488499477787, 101.56254492330984, -24.322823380792222, -152.18961775579197, 81.38859012597914, -171.94720401937704, 157.39461688310485, -115.58571382846695, -54.59220871194917, 218.29838230865306, 24.346913527267734, -35.37106267059673, 105.39327897794526, -45.494843390394834, 1.2402486873679304, 60.181654270201165, 19.036158108770856, 132.84634932020012, 36.75509967264318, 30.599393787846672, -75.99902033881486, 49.15631472338161, -83.43790874264168, 18.05577489439792, 22.13232295019722, 77.15963478745799, -18.591573305206342, 48.496862783737775, -110.18450885987825, 79.50052677109724, -127.18811451501628, 260.2429771942221, 44.18297359234303], [24.18155288794873, 158.91001929163, -54.69357162483557, -8.813428682241614, -53.261793997565, -56.3560203172825, 42.68135749024417, 871.8797680777511, 42.516226261910646, -92.69186900540646, 129.36858609242955, 33.382883203239075, 54.22157797552703, -32.089489349669314, 67.10385575314972, 19.289418230474435, -69.70640504994628, -2.339850246405853, 145.1066169282644, -67.84850847471081, 25.42417578869454, 138.8569205524825, -175.3754032366192, 72.84528844243654, -106.18834576853615, 33.0446875799054, 141.43429211721872, -54.016479443975534, -34.66503055162066, -38.31896773406062, 133.0876047737803, -73.40891600091315, 75.91487484131528, -51.716175282114826, 9.25486192947331, 94.63801745803725, 105.63850097394325, -102.8186270211101, 4.387801404715373, -73.47655201382241, -6.470245514408037, -62.539057741164925, -111.68125197618279, 61.80876583880745, 48.84042485384136, 88.14650253496244, -66.72433737365192, 9.710602258486405, 56.57038514089931, 65.1764140560314, 1.5742244038655167, 8.297680284391886, 138.39394164851458, 58.22652569729113, -122.7344918539832, 88.78733309766065, 8.572855403266603, -10.747477257115637, 23.81548743325993, 1.101629424377854, -19.016040252680558, 3.33475556080925, 92.65748251723406, -26.192496196574872, 18.741616486691278, -71.47221584800536, 1.4316375647793484, -91.64136703884135, 59.12794025755163, 33.37772291312462, 112.66138450029666, 12.190743954019249, -38.69778942642726, -83.18421307145424, 139.31968892209613, 7.248041087283753, -71.75806706289559, -48.281147196599804, -37.34783479816832, 71.98656666587068, -136.82005423820726, -98.13856386120872, 83.68872499761729, -50.70946141365772, 54.52042001666062, -113.26945064215377, 21.22692501286662, -103.3398964444492, -9.624970291176258, -109.63788794741346, -10.669628390630626, -85.96287044912127, -134.24530165838513, -130.57024128222645, 29.759398652935857, -43.47266001240178, -39.44604959989258, 23.021487481854788, 145.16792687169246, -44.74042339073409], [108.58864511962474, 26.321342960328824, -128.5875881763465, -64.40294319534225, 29.242254312387725, -63.022105603128836, -46.87728915996063, 42.516226261910646, 822.6667214789385, -36.81158533696212, -107.6652152673491, 98.83422418310182, 43.320613340299055, -17.87078252249538, 108.37680150273681, 11.907710362883368, 56.449569276603405, 53.747015637965745, -41.79583331105533, 41.265498682272806, -37.353824274393524, -137.4279482590327, -8.168653232549529, -3.8226798400184556, -56.559141163248356, -128.93244643672125, -4.416606840975401, -132.25994788367228, -58.22428830517511, -61.77867408118336, 127.5278717356457, 69.36594108007387, 116.73680113555578, -9.366468600596235, -57.046004929823624, -125.74042025127838, 64.74242224665602, -35.48410111101632, 24.653895089997935, -48.880905019975046, -67.06465976693764, 7.94554984941359, 25.276092924763184, -110.28752307328067, -108.40400691139476, -81.39705251413758, 124.00308399355039, 119.58595612963934, 156.2966203737093, 42.589096032980024, 61.68935401442371, 52.2842106059445, -40.34830724123181, -81.5956943981696, -71.25255521225145, -55.94067928246522, 41.25198414367577, -66.10572846176358, 8.183893391026224, -21.579792320376043, 60.01568419242723, 15.16007727252505, 8.061303818540793, -52.727256165299515, -13.677324752966141, 138.31244760153368, -214.44365364259616, 101.26925020138606, -37.37878060950963, -49.226334828076304, 6.1446369035162345, 105.07959111200685, 132.33177099826082, -170.5175312547055, 102.21698270248184, -54.01178609849484, -83.71717991988248, 100.33746865903697, -106.00178934894919, 136.11405613468045, -21.3645449304598, 64.22214915093225, -44.266883647688545, -35.608132856594764, -11.233222537359982, 26.18599316558897, -75.52938762027155, -45.86896422335716, 57.86112241702106, 131.839229275029, -84.71265963230346, 28.979149666764556, 34.265844879261024, 9.742993762894526, -3.3099918205631047, -62.41403825155746, 64.61516596041815, -9.796806554420314, -32.798046406804694, -47.77894251203757], [-125.42675977423268, -93.71386733110765, -120.97511090615227, 45.667323837345656, 174.7081672545208, -18.31108208164531, -36.614290401768486, -92.69186900540646, -36.81158533696212, 893.9741260186438, 13.065543893916436, 44.19070348779402, -61.80615966624591, -0.2751650284079883, -14.741413915149586, 175.86127051551983, -76.09344067304826, 119.07690551900849, 133.18132324266105, -19.95080909479222, 36.457062846804526, 4.804702827009209, 94.78009294708885, 22.233097915232232, 51.77560708973528, 0.2585999994528367, 27.191308428683776, -191.747762147046, 97.57313429138763, 10.6082803087965, 28.059298419826213, -49.65443555836733, 19.548219692085897, 37.47730969240567, -41.32080716048254, 45.09256451665657, -77.71605467821793, -10.320981767924586, 2.513167885929681, -78.05133065700528, -20.176157172892825, -21.663355955427377, -79.3123555788621, -90.397789305776, -23.0836178053949, 30.071211152498442, -37.31943119740047, 19.471318299252776, -85.45644125872688, 188.11759290397632, 13.551833508004249, -172.99266871989548, -23.356936098509784, 31.509792514002207, -56.216923598345204, 101.07579650978862, -63.167766912187695, 56.33707348029518, -25.062586243796538, 90.01393903384076, -114.06755253523461, 95.86872917970686, -65.73754239196815, -45.70249670631335, 32.705540475875694, -179.19083087373957, -25.66029437399604, -70.13219446268538, -3.8328040504634875, -48.4966821862976, -47.079596503950405, -123.55327752542728, 28.641538651556086, -35.247266305905576, 13.63935062541092, 24.5563032481597, 48.57015089401015, -26.103808461862506, -87.5609388511997, -104.88473740910896, 109.32042047919215, -19.15000933599127, -77.57934699241068, -9.937779337494913, 85.81338457816726, 10.83946934749086, -31.56298947010573, 6.3793652989031875, -70.36706304168023, 61.44702758431032, 115.86764280722905, -2.876570681770248, -39.10000564140982, 48.37236293647434, -9.675273186171577, -14.194122863770144, -8.914214292890149, 29.376399025197518, -182.96774898356233, 3.1217497758165305], [-149.7301667466667, 61.381447830516336, 80.19108662294394, 47.60278016821454, -75.10079628179496, -147.12797143606454, 18.49443248844688, 129.36858609242955, -107.6652152673491, 13.065543893916436, 930.5690547083478, 68.0201136386522, -14.180958622829296, 147.8939497298973, -33.66090318690624, -99.38988948508602, 42.533355847029796, -0.08288777829611686, 11.059782556691484, -40.56390698827571, -62.63644689637669, 18.68639640294532, 37.22299943756549, 152.7669345217347, -68.10176099522565, -162.74947443062769, -70.87159264195085, 78.16051639336294, 30.514879215185157, 12.521095365459791, -32.26535113748091, -43.84384276903733, -38.71488163699764, 47.38339627979772, -16.388498289178433, -65.64627464208422, 154.8219537122921, 5.563561139891212, -87.156735132622, 42.052612653979, 7.909999463549173, -5.509929696058996, -9.99430517600534, 27.912551492028268, 100.41223358251786, 103.7841710716382, -67.62539195122118, 59.919252022139545, -23.450963782396236, 71.57596752723524, -244.4992117149464, 127.10136129364811, -17.264989313140944, -32.7571708774732, -99.92484660384335, 19.353364166897176, 49.69598635135625, 93.56504634651836, -2.8237311066809148, 40.214958491340994, 167.3221944045025, 76.11851996758756, 61.27174444688656, -4.445788378734308, 122.74673122311178, -43.09845667960356, 164.3610853156829, -41.25751801992668, -36.34637298537112, 115.07151949590691, 57.065435730085824, -77.03715994809886, 197.58128834389666, -42.13191080272057, 28.23370863132398, 135.2009180646925, 51.87396431265701, 72.8232534132677, -77.63638481751335, -61.296009318343025, 121.0556387121998, 63.080156716161056, 205.03063866640204, -59.49329153643415, 109.05088648055106, 109.92012855441973, 177.4650480568712, -50.69973318593399, -28.56794660617331, 47.346819830971164, -78.8029452972439, -85.93655922028077, -65.24644891099676, -90.6293636306216, -60.753327540954594, 91.18109913390026, -20.41531099465679, 61.14397082133114, 106.80818949000668, 67.29007736996097], [88.55122890153673, 134.73147661192598, 16.82916132533581, 65.11076712312905, -5.129582631442613, -1.0097525577304227, -20.643325373533088, 33.382883203239075, 98.83422418310182, 44.19070348779402, 68.0201136386522, 927.5889503462623, 158.5535722315051, -5.5659831039643795, -122.59830417335252, -141.92530421205416, 127.70245149167025, 56.47321338444581, -1.4065795098790923, 28.43514701332463, -170.8241298748513, -11.139008343865793, -68.62505767708532, 109.1947755056075, 74.229849293153, 21.935671728620875, 118.19647355550848, 55.45368500345175, 1.2434785886182522, -80.28527933283117, 11.959271634889406, -131.41635281875793, 72.93429026003498, 15.709536887435211, -2.4342955788030407, 20.340258060533575, -74.08744123887745, 105.44152981346359, 74.16037573889011, 152.27584429790272, 138.78447682134862, -178.6025343025064, 25.220796936762703, -167.29643592350848, -164.4510981926854, 52.42755484604988, -19.08450631979531, -19.03704526186926, -141.81099219008615, 27.88875748794217, 86.58791436307429, 88.73496065604226, -126.69291436468438, -17.896250294091214, 61.37804889253206, 14.720954470929147, 1.9276058937604832, 108.59657018270377, 23.449029775364156, 29.79352977982015, 27.868528617507916, -19.255931511292115, -58.05493100134114, -115.1170812796234, 16.258741990930318, 18.706973122255988, -42.344510023884865, 161.09824808883647, 6.428879355521543, -20.348539403999208, 68.20358195078285, 17.667196978448292, 78.86899070592582, 34.328548337400484, 0.6471362204899695, 104.64770453176344, -88.38802831924603, -2.0587849620518224, -38.998815957018095, 22.506293094718753, 73.63296303765118, -52.650089481768994, -8.415667439805103, -100.55120504894194, 12.473223595890593, 26.703756689933506, 23.105405538343984, 30.27515359501249, 157.88407177728428, 139.2585592800163, 25.843679870231643, -84.98432337620373, -129.98163760941694, -11.88766853786816, -31.388711046133146, -63.45478529931102, -125.38944695291299, -114.56518573093149, -123.77909574465025, -21.130805645966213], [-74.42786774043824, 92.2675540854957, 22.063872396305584, 63.56766845783986, -22.27212419320659, -13.364621242117087, 16.0222774333951, 54.22157797552703, 43.320613340299055, -61.80615966624591, -14.180958622829296, 158.5535722315051, 679.8906112930084, 10.746938448680865, -76.50721005057385, -11.225410587221134, 39.69830516443193, -77.94767366489704, -30.043877294121682, -33.589497318364536, 77.09147878536001, 33.93222789012729, 45.29819081953293, 39.009870706877095, -44.31791399019051, -96.01716403458887, -87.83171540465422, 62.15010049323991, 64.51795925999737, -77.8376403465487, 56.26027910719096, 32.40573165253657, 99.85643376246907, 149.70030368668685, -170.5595117012478, 29.891803522857007, 41.23627688266973, -14.789753874880397, 17.585975145813, -57.05785179365766, -11.650677994640054, -14.897836835859996, -11.726340462732393, -29.793834772259835, 20.417850405907927, 1.4255720002345886, 54.257260309374686, -48.14324908629162, -62.758149642621206, -44.1601360149848, 40.91909905312554, 76.80215777040594, 45.48577716957669, -22.05165525951884, 41.12481176131296, -44.86540334035857, 47.87487029246406, 20.7540483357047, -20.406713159372412, -99.66577078188301, -13.30197048768471, 8.338320786545038, -36.47632907614734, -145.26239145903853, 10.656840892521782, 53.77391688135512, -129.57923761724973, -37.39564774861486, -43.90617059060007, -13.465238742764175, 104.3798655365839, 66.06574373011857, 33.226865807304485, -37.871241421965586, -57.42718092018437, -103.1368028224987, -72.91568601646998, 76.95694443501083, -79.20690189046167, -83.21679322886719, -26.59594779565666, -121.07771746635916, 6.84280448032898, -71.3216996927072, 100.00061150119936, -160.22695786236778, 131.60152363655186, 62.85196945069618, -37.63682614749192, 43.01184373536286, -19.23578818759452, -70.29486538683709, -43.686464662714506, -70.98225153329314, 170.2559817363036, 46.52895488998374, 29.591033867338925, -101.74421623276953, -123.5740761428427, -98.9279676941974], [-55.457910540986674, -133.00351393318408, 50.01715457604559, 47.08330743546156, 44.006956423149845, -22.416360082892428, -29.983243531482625, -32.089489349669314, -17.87078252249538, -0.2751650284079883, 147.8939497298973, -5.5659831039643795, 10.746938448680865, 834.6743087416694, 47.866730603309875, 29.43852683581201, -58.8179508154555, 87.42111710691708, -13.375640073208308, -27.678769289797543, 155.0096461511581, 40.535754934860904, 152.17010156061062, -47.514447413725065, -80.39180854150247, -15.012670824431071, -106.0594536519544, 64.05628492180533, 36.507907871025786, -107.4533928138776, 58.310924485474814, 50.750876804687714, -122.96729749464973, 11.126123330959242, 175.6443545144856, 49.38613741549135, -37.37121943317229, -32.20513646041225, 71.50029915724114, -12.884238840171383, 57.44998630949246, -21.594735965448518, -61.961564227141565, 13.221234092036283, 112.05338259084678, 12.029797407615472, -100.89407423652132, -93.17722610403574, -181.42205553240782, 8.45802353341846, -20.047918626674154, -31.546352934176845, -19.481392099171913, -45.94959350428859, 15.245466631950318, -34.56382180625981, 5.989267281564057, 109.04429262634204, 74.31111942391553, 20.81533152104591, -2.2594157202507508, 8.837949308329899, -94.57597139488936, 45.54209488927004, -121.44621111330352, -18.448853493088723, 58.37612934497088, 169.3772970296631, -10.150325975929722, -16.40805763020299, -1.6757643735557355, 11.136135412909155, 62.677928809324136, 64.29637201230678, -15.806006224713284, -31.082582447156657, 106.54575336741847, 32.37760931451082, -40.78105202971956, -30.19631649219232, -74.71173615658518, 39.63143820111691, -6.275764777922222, -59.42366473518994, 56.68005788316548, 22.114674651633905, -193.76478960250802, 54.611438481361716, -30.56622789587186, -88.751447674229, -8.220959788701618, -19.98671497781905, 49.56262930316781, 1.8991113550741363, -32.222765249767995, 13.356642161019101, -96.43336312736382, -58.648104227391826, 94.91540098694666, -31.873607344681872], [-86.09534797247098, -49.994205675145444, -87.47595094631421, 182.69964597884876, 117.60596651373052, 2.960007918751954, -165.3012029132207, 67.10385575314972, 108.37680150273681, -14.741413915149586, -33.66090318690624, -122.59830417335252, -76.50721005057385, 47.866730603309875, 904.9352328562167, 46.88104917115573, 31.05646779499236, 31.9248908171739, 42.016584117172044, -126.6510368081919, -54.220893030119846, 72.03061839339003, -38.914586144112626, 90.78766031058102, 81.06406584225945, 230.34614737220642, -34.627650082489, 32.659321793815586, -36.46965841433855, -40.58836945868417, -59.30065065325845, -48.5366094945166, 63.48077155846221, -82.9126308656103, -163.177151346286, -6.845804151537938, 66.24046782775386, 78.35927473013541, 70.9238722681749, -65.92873505352703, 46.35501998504826, 63.59572461526227, -52.3275055655386, -68.6086932166015, -14.563884931845447, -37.02775541672338, -18.95002778506108, 90.20678676427168, 18.02550237643, -115.32637501749801, 83.43183262669811, -71.68821883938071, -82.22409121370063, 82.50934529973816, -95.59504194520183, 66.87980068697291, -7.9573152469299915, 35.13853024034169, -67.36731166202517, 71.90011650191406, 55.440077166434904, 125.41652843168622, 29.824365381593946, -71.66603212856937, -8.557925488371303, 137.02882732950818, 98.98516151779853, -24.051755044938684, -52.16871574441942, 30.78654805546243, 19.54266094570356, 47.685173150454744, -34.33767011641362, -57.33971719397288, 33.18300370924846, -3.237285051059812, -8.491618821755988, 17.52213995920157, -17.75883209082668, -1.398035501144004, -65.49301194891362, 125.39663830622096, -9.88841658570431, -43.496049089579444, -210.8119479443826, 40.12170338581373, -46.437387497466496, -6.90463747168312, 33.330555903390625, -22.725130215259547, -47.509877643993256, 47.27621880485215, -5.605362147142665, -119.20780917511631, -70.67643355357673, -60.96319460053418, 0.944457370303324, 85.15767457694064, 13.084928327482428, -12.743478300817937], [-80.73300989326796, 17.92561554233363, -61.14753486313031, -72.98898275331308, 142.7763379790538, -125.25106032450793, -66.50054121708186, 19.289418230474435, 11.907710362883368, 175.86127051551983, -99.38988948508602, -141.92530421205416, -11.225410587221134, 29.43852683581201, 46.88104917115573, 925.1242329792916, -53.0472359580968, -39.37941168940964, 21.35679709964753, 68.68559273903587, -20.373690806783454, 74.37440454865276, -102.23000981398935, -33.62035968439223, 84.35120400540018, 48.07357701335348, -63.08205773772415, -22.31026381764465, 69.34454595694716, 160.4806267574096, 95.69388884177336, 94.40855842335675, 122.01596489162796, 79.80879661010027, 69.80271861810792, -82.72824766935459, -115.42315705472977, 17.097648677112794, -139.61265605295296, -89.08531896178337, 60.44714403413475, -129.33770850531542, 12.379899058667688, 149.26182162420565, -1.2892116845436854, 10.857697825752986, -51.89294370335062, 53.88874552364559, -110.6085999789145, -25.338674212732208, -20.716946580870303, -126.91767133951714, -74.99754287308062, -19.915266090990578, -69.9453297184254, 45.27327405027497, -93.37416791409588, -49.554068860815526, -66.1866940921799, -8.530854099669476, -55.17183484560296, 79.75489017360253, 46.844062672692175, 56.30696204958893, -201.66423309357484, 20.661033411091104, -57.29850009555049, -68.38388914472554, 97.7397680637945, -158.48624909254946, -67.60866639858607, 48.98406753479984, 3.706311187393121, -176.7577916696339, -17.809293820806882, -19.47993923974172, -32.2244162943146, 73.1463475489016, 51.89408125309917, -66.55079762036995, -95.43664459948592, -69.13981508266528, 0.08604830867031561, 53.06952775144825, 1.945701758755006, 106.92226932151999, 24.242830884184855, -70.43508367983016, -28.156753056259955, -20.94273919960116, 4.758057677544461, -96.03636388542076, -38.79607044696649, -100.35705222662611, 18.09254941341481, 114.45175980533187, -0.8539278480001087, 51.307568347793556, -34.693218033570396, -2.4824147270501813], [-56.65677289517446, 65.0484542433335, 2.792800363264757, -0.8168750733252009, 57.3048255406509, 32.27501470739861, -53.79063843375232, -69.70640504994628, 56.449569276603405, -76.09344067304826, 42.533355847029796, 127.70245149167025, 39.69830516443193, -58.8179508154555, 31.05646779499236, -53.0472359580968, 888.3126799071975, 166.18333986952962, -69.73989970222958, 58.07558502655557, -74.13800846235999, -187.91656330319358, -6.965699658597382, -119.31254772582572, 110.9872934603384, -51.02707678349968, -19.263463396336387, 40.016081315773995, 35.75911188288328, 86.19360992009801, -67.26148939277385, 25.827338257611686, -91.42316283035174, 87.42452541492764, -61.72060695044411, -89.36796011629706, 116.70168384212477, -96.41670080571036, 211.04526314726155, -65.67705801463016, 127.88205131440738, 15.32302660594894, 69.64748689293566, 38.29869359564166, 95.47202882034318, -9.398782330931672, -100.92266790968989, -37.19468061575681, -30.02370927574529, 47.413795391885316, -15.449099652572325, -0.38546279546824375, -124.34986450729134, 26.803760988216276, -44.59358988528955, 34.20082488085069, 145.19428863942804, 69.688595974999, -73.84277563885017, 47.68000231879572, -30.65604169832174, -52.30795582164916, 8.128200836189494, -10.825642072791306, 100.13928210900922, 145.33498552840234, -25.851033289174485, 17.499138669895103, -50.39836548851594, 103.07616579254514, 78.37121890701466, -87.35590558627281, -24.20639888348862, 100.185832860667, 88.38563443854493, -58.130283091324486, 20.507169090788743, 105.87623740320976, 1.358928729155614, 180.21544828325347, -106.87462441018677, -118.01179733970673, 2.279310506623593, 15.768578709309402, -8.974337435179383, 14.647376445912581, 26.397219974082976, -27.107945448848607, -52.33760286315039, 62.26648998857235, 9.659132466914256, 1.9157415366451929, -26.740294384039487, 81.1026550251136, 58.698201094688294, 111.35434974224117, -0.7829152391567867, -34.19703576725931, -52.61931288313337, 7.180447856455537], [-43.010115567709796, -191.90810197740768, 107.871017223487, -48.53688800301478, 20.815898651055733, 80.24651935254099, -134.27904290775254, -2.339850246405853, 53.747015637965745, 119.07690551900849, -0.08288777829611686, 56.47321338444581, -77.94767366489704, 87.42111710691708, 31.9248908171739, -39.37941168940964, 166.18333986952962, 828.4241755415335, -69.9970779134948, -22.39605967003266, -21.680807897776134, -112.96907719110428, 52.25298520779455, 149.52653611276676, 22.768745966822443, -62.05959627192889, -25.932966256312355, -32.05119939705201, 43.88696902557576, 49.059973366410745, 2.524768788780864, 69.27230712745165, -70.13604194219523, 17.658462441799497, -20.34754773851228, -0.27835957537746886, 166.24746875762034, -206.34622997815347, 86.72132188114732, 13.209061519135632, 81.09261107950338, 2.069529378385104, -8.289594193178173, 13.137600497595662, 115.62238845823418, 190.45429792028966, -58.05648742223065, 26.129166347042524, 76.06741304733487, 2.3234444438701036, -82.87601580617043, 78.03945788247616, -53.14571272929529, 93.28845446846185, -62.76399786258052, -6.51401512979701, -91.8462630715858, 1.1489836637953477, -74.29261935626951, 34.835474459810854, -71.56185999700946, 0.2381388445898303, 64.3073986438221, -139.18994650569098, -4.002038582406168, 13.515819567723279, -2.4207924980363336, 15.479246762879225, -57.20110779755164, 14.732500961253775, -103.4709573546505, -24.834430153216463, 23.85496041311816, 89.98112687638165, 125.41279167420305, -143.1048493071888, -17.28332700312667, 35.14476032772395, 25.67095361186609, -23.58967590718228, -79.7112070125161, -20.522400121412094, 104.97638047310632, -36.649180291021324, -58.440652604208736, 30.510658570553424, -197.12163478086902, -1.9752524838265397, -7.739743160800821, 98.0750091147712, -4.094412417811069, -47.71732104445269, -66.98331737740611, -82.21202321646804, -84.92309661317428, -113.29547025797812, -98.57899985107557, -16.823030535849416, -49.33377337797201, -7.45155650145262], [31.362616444613373, -32.594272438715294, -130.75951742226556, -23.261200290141957, 159.5990702306792, 11.702087428541152, 131.92747058322763, 145.1066169282644, -41.79583331105533, 133.18132324266105, 11.059782556691484, -1.4065795098790923, -30.043877294121682, -13.375640073208308, 42.016584117172044, 21.35679709964753, -69.73989970222958, -69.9970779134948, 986.993665390405, -26.877336131666944, 166.93885939134123, 50.133452289555834, 12.601750923214393, 93.22251019066245, 39.46101977765614, -6.6702418417695855, 49.53964418130617, -113.73623449767898, 29.640185936514683, 19.30353158862573, 28.19955615745731, -140.23645904064878, -104.38435255394829, 87.60447530775306, -1.2693808403043632, 44.180140439603335, 7.971634101197049, 35.47248699521714, 82.65422532785249, 22.474459044740932, 80.21107297329563, -33.75015219053797, -4.230611837164432, -99.22701871995973, 80.12912766174196, 140.41959997391854, -72.14365499879025, -45.46862475730323, -21.530225778706722, 108.39881267097444, 88.560718109651, -121.14467821616208, 62.67241925711766, -53.86348348473713, 129.79612475212724, -1.1646309899953342, 5.917716138752354, -106.34514478113873, -42.05476455084742, 89.34306196709478, 11.309346537084018, -24.570929253172647, 49.18159233583894, 26.381250742832687, 66.40482043590455, -71.1519974573607, -25.308859323797144, 65.75746848550163, -66.33510280075467, -58.6204883381429, -41.696406922270974, -57.60263973348096, -114.91985507219314, 62.38234204925381, 62.09519840282355, -1.5692621678561702, -145.59612693387294, 29.01996058920399, -99.27421769584764, 44.23453442281799, 27.423097458103136, -61.22941000413528, -81.4770377040073, 131.1444112453396, 141.82858767612905, 116.95772818359907, 95.70938060788909, 74.49304972169101, -120.48287595332593, 3.528872383796979, -178.13343269001214, 31.18703624272242, 165.83649528837583, 61.24099197230627, -54.00031475258782, 85.42846056436514, 138.10869280090785, -40.05059407176176, 72.30286907205783, 25.90617839227285], [126.74003742484756, 70.38665854344272, 17.12936779325059, -87.01476561222731, -59.349286217837644, -16.788187025908062, 32.27895595720966, -67.84850847471081, 41.265498682272806, -19.95080909479222, -40.56390698827571, 28.43514701332463, -33.589497318364536, -27.678769289797543, -126.6510368081919, 68.68559273903587, 58.07558502655557, -22.39605967003266, -26.877336131666944, 878.2015527415024, -33.76809564510886, 1.5055494580213546, 126.69302563591725, -11.859556920843895, 200.68638820917317, -38.01431495857038, 41.32989015439684, 14.794393522458169, 38.134012587861214, 114.3812007321144, 73.25135878954683, 161.27592276587353, -22.59265652620743, -8.428643644723165, 51.10164272884439, -77.70329897235516, 97.19671750402891, 107.84363769141896, 95.63211482228387, -87.67886178287895, -47.55557426757507, -68.7844041413699, 26.258189234427107, -31.485378570271322, -31.18538331844821, 32.410754110609076, -141.4077231707016, 15.40450169758629, -79.48460423563812, -72.44067326401526, -129.5327757181293, -64.00095467954571, -97.00646022454103, 5.257422807519771, 106.64158613250855, 148.2232804588609, -31.713763495405438, -80.53612262621199, -47.56046572283465, 8.655630817471993, 52.40794438405038, -62.52464542306071, 21.872289825569847, 23.474293967515937, 42.82817491609528, 107.50686987233405, -50.50464594648131, 9.514803946230824, 143.88475822758434, -107.6181011045657, -62.18358299220157, -19.31196283139235, -23.083512598754652, -151.5316950286919, 32.22610354967241, -75.56043773517416, -84.72005309116972, -104.33838543653647, 49.45057524015107, 94.84977381988745, -16.818978991761078, -78.91865751823745, -169.68693749758333, -59.280330407959205, -48.401809194997185, 10.966659492360915, 70.82083261272967, -94.30424469288148, -46.83881434353485, -7.646321668701911, -32.13616367874029, -59.6748128548993, 51.330441246049595, -38.6392427658234, 9.79749766981277, -131.30515859452393, -79.2036563065331, -67.52268556910127, 18.285360077051916, -56.280707459710456], [41.089557330802855, 65.55993157193411, -46.349134700820926, 50.583743794918604, -27.3027505803768, -61.30579974763931, 28.10186774402948, 25.42417578869454, -37.353824274393524, 36.457062846804526, -62.63644689637669, -170.8241298748513, 77.091478785360