{"N": 100, "M": 8, "A": [[[727.4289804852879, -29.760651384666033, 108.18856423254554, 115.28720591304581, 89.17258039719738, -38.376993617516916, 33.70405391182282, 89.56962923365691, -117.50998342396481, 125.98639162948567, 4.796040027832259, 21.087724666998565, -21.308303886948618, 77.05274004329175, 33.50480666932534, 48.81840592013698, -18.35602681625706, 68.22854982257134, -3.5645404623881207, 64.72311614008612, 32.097115686441946, 99.88826267498285, 12.03181019755915, -25.7030744007449, 11.561663025298035, -26.88599138014813, -131.81257820149884, 126.3667083102788, 66.62297575765268, 108.32389647071373, -3.5838385395616217, -22.820526807016776, -50.67188968674769, -40.142459126234236, 19.486227648158533, -21.656311586244346, -127.04297597394952, -25.884257332303733, -58.34639319299203, 13.1233713506841, 104.9010599371435, -67.42598104666654, -63.25510285261862, 26.651758926560063, -166.54520704197162, 179.62102414824074, -39.23309964737585, -72.64178004085709, 46.00780361168117, 7.406779581379607, 40.192121815803624, 16.289348569957593, -31.63802690709169, -9.183284749525356, 10.802395700745711, 36.47804490308226, -52.30888168614779, 36.70696259026298, -96.96408876524565, 106.21374041450645, -144.18584489799755, 11.057952495474815, -10.986491134507244, -109.13523546059041, 129.1822809849988, -74.31865814426472, -51.19003000170553, 78.54278973147122, 100.29799240618271, -62.42093342696556, 122.80528610983806, -88.63493494091793, -82.51262737996998, 26.87662693464787, -124.55194926549952, -127.21794943979125, 33.26086598788977, -2.5007351875679347, 40.186649465899286, -105.3438892530021, 20.96646906446034, 0.07136212537101114, 101.21538685163549, 53.78996103622188, 107.85476432900899, 2.76535881673137, 137.2677223307546, 6.34237328157926, -82.36896365959366, -32.83351559324285, 108.26957412087067, -63.9272518730284, 127.0225655074474, -132.37231328987204, 48.91924822304244, 131.09840568338504, -27.747700148884334, 29.60098724602419, 33.982367099323795, -121.74717372426731], [-29.760651384666033, 958.1325109332067, 11.584777068525897, 20.606621824602577, -0.04582314824081675, 15.486373503196447, 157.2529139157119, 172.88342709761912, -74.77221694846745, -28.69850759959917, -126.08680521354341, 130.91172995552955, -74.10220201760687, -12.805816450725409, -173.69342220674883, 146.55404326073193, 133.84984065161592, 24.139586432073287, 20.814521769331733, 72.43696559936474, 23.2656066949266, 46.74109046181092, 30.763789256683193, 59.18762620112717, 79.24999070180432, 45.82418675621132, -62.51294343281218, 162.89806968118688, 56.58179352608972, -85.86246231222715, 93.75073286355841, -66.6578496309355, -38.36273833677237, -49.28815975931009, 60.33370992690711, 23.294407329769385, -0.9214638399196791, 35.13334654846653, -70.11892847353785, 118.45696683441724, -28.963825537111937, 63.27421399777871, -113.63680627777728, -12.38330723434618, -52.284222626136646, 67.15089059742422, -48.32563640558794, 88.94087868734111, -51.52655001453851, -106.53238223692874, 8.53050343527869, -88.93042889419863, 126.81597019696204, 250.4196372672116, -12.892802640078418, -23.835635448961956, 37.16780098548671, 71.77813985901376, -203.19622082433102, -57.9159990430853, 83.49670062847127, 91.01909261237627, -29.46785245822993, -138.04334981716204, -61.81742861554375, -41.06547073767791, 116.46910111452551, -84.95642739367202, -23.836378734143743, 121.68284435559765, -72.29661759163119, 8.380469787243532, 112.62106600902653, 33.90014559490975, 18.69189242476973, 88.29455171683524, 183.49664063773844, 22.00548877894083, -48.379624148337705, -20.783868592698248, 66.95197122219814, -37.57992389085835, -40.74894151685274, -32.456545251072, 107.3318099652336, -136.28569220775103, -24.686580254970224, 36.81233450864109, 123.7187288684722, -19.283702595778855, 118.09145314219307, 16.39809660014696, 5.224939044340107, -61.66912107577359, 38.727873733850075, 160.58560881701456, 1.1863736276240162, 18.309785990397454, -76.62080051526162, -142.1996092735685], [108.18856423254554, 11.584777068525897, 702.5829873602513, 137.60949270752303, -7.643479476068189, 148.39177688416024, 45.130476708367176, 92.65539981287668, -45.183816053317436, 69.18938473262457, 18.70341838048162, 157.27154266332278, 114.24256301986718, 105.69827645862152, 62.54939984293525, -3.7051617442629063, -61.770146100492006, -20.134460847537323, -51.716234939575, 35.5968829163783, -61.63749971069326, 19.858724428886813, -245.50472614534834, -12.095880088038362, 79.07238446337216, -102.58552638695005, -95.99238394129918, 77.84072854634768, 157.3461388774355, 29.443347950182346, -5.73589327878731, 51.104750235424305, 154.00282654466622, 16.023236077376325, -103.56527554088336, 97.66952018870809, 40.900769417893365, -37.171108344912284, -179.95757676124697, -42.55183503806201, -15.613486635561273, 19.25522101781593, -67.12036058080993, -58.45377090900788, -81.18468165346006, -48.168914877693354, -60.124490933454176, 26.11623964333449, 114.28597594048405, 31.932029747527707, -89.4051308620426, 70.87925885801225, -69.50133834224698, -73.56997998514728, -96.7428614580612, -11.206372651812188, 2.0012454493139074, -27.50353070483329, -56.72462999318789, -41.1048650871313, 13.058681574081588, -25.249350873064895, -48.18665190468005, 20.31151691312142, -21.92180698166071, -73.8472670547361, 57.61896669116297, 48.213864316140324, -86.7442409848138, 22.822270544303112, -17.7456681080312, 25.220592920324215, -5.732486393245957, 84.57802944914472, -78.23074866059366, -25.319015388942674, -52.366945564114616, -96.30763678202042, 78.95099064202088, -28.382834288839465, -0.9192804552941656, 93.47380473803656, 23.59932755707308, 27.835921691239005, -140.86014546068637, 21.941651089788337, 100.4915813658483, 125.29649204048087, 44.647957785730085, -13.361202912142042, 65.51606210634058, -78.03407216580426, 30.54569489206832, -34.684740843571234, 55.51089708871076, 41.69974419042667, 0.4393984469024503, -29.34189214277899, 4.344983903849928, 175.80915816695858], [115.28720591304581, 20.606621824602577, 137.60949270752303, 783.7388089580181, 44.710754355461866, 75.37809578800372, 138.88481844193274, 144.1758527366947, -94.1150045154478, 67.89809763724357, -31.51890820687292, -27.307409920449693, 123.963283192564, 128.1603569883648, -19.815025005499862, -43.87431210959513, -29.413635873456034, 1.2442537957079274, -17.999295324904583, 126.00011261735428, -22.09770773375314, 23.162127848436377, 30.002803282278578, 37.48464003433435, -23.445086945760007, -12.806502679153851, -112.17956228257637, 127.47563348194657, 18.733961063243843, 1.1426589045542066, 5.394100152968472, 36.737442217250965, -2.2724978476806235, 166.32171331300302, -76.39646418216323, -75.53319380107223, -81.2742840091107, -163.63542290830478, -110.65357603080712, -120.51113184412131, 38.88035392021268, -31.9585045054933, 120.00462214584792, -47.60826500061527, -141.96047625169018, 2.1238857446976787, -92.56045829747585, -1.947330903738104, 4.227633777552518, -29.726425651939753, 13.119106757014622, 2.7904524144033527, 34.60961883394423, -40.65053972432463, -80.83514226444424, 9.838040061598026, 82.94834788283846, 137.01316804986232, -143.16877835436875, 34.10403868560191, -6.199674268248884, -125.215064111393, 26.648895830123948, 22.66459411985102, -21.921298539531037, 39.38854405516381, 68.18358031006768, 102.31011966747984, 45.891234411750546, -40.091049039843504, -68.17342869680576, 87.34662390691258, -0.9632971591278686, -26.243141869718347, -8.758132611571103, 25.870323471291695, -121.09234193419096, -11.037171747135208, -62.243934776711235, 106.5427000144011, 73.90618307396055, -3.398997191496657, 22.51688280502208, -22.85704927693942, -40.89221884725358, 139.173922993977, 63.967297532595886, -126.13891289216566, -75.19393770910075, -97.84033517416424, -72.00712444241299, -51.07817390798231, 62.404663751504295, 135.5508189279758, -11.664962924814342, 99.410625651419, -71.62381711400508, 52.34979985436299, -20.97812608494117, 117.39518255384328], [89.17258039719738, -0.04582314824081675, -7.643479476068189, 44.710754355461866, 837.4686193884539, 92.45977814943235, -183.8185400213123, -10.25347173221872, 60.739901239146306, -53.06318608922234, -51.765800781834834, 84.50327894162487, 26.771351844785006, 66.24661747209039, 6.118001168465652, 31.222732568456404, -72.39788520258317, -30.97369884939787, 77.35060608048457, 12.880190140707162, 17.56404444503741, 41.33729209314628, 80.37007566807418, 181.97508195105485, -12.353551573473668, -43.656614475814756, -20.488977844227342, 35.543203072271936, -105.64099328923088, 2.49474588912405, -82.21638505444199, 56.96166279572413, -83.04761186998621, -17.03156969724643, -33.673565933841246, -60.3248008443303, -127.0476051192744, 78.81485818717417, -114.21462286397099, 4.487409418288012, 0.7358621703846182, -63.494857310730694, -17.717025553662246, 39.001949825799784, -40.474349586607765, 98.38572753909078, 58.70783377454061, -3.331743678822201, 73.89125550166415, 3.745298573274951, 54.188880560364396, 99.5226883393345, 96.87447154842343, -65.42972511665133, 2.0800386356707263, 3.5401724332501026, -26.385097676028284, -63.76326538783899, -113.72490330335486, -1.1928790738714368, 29.012578032311946, -141.7416354300167, 96.6359796795118, 99.00847945677044, -86.079243907571, 60.66508475360968, -100.15508637269129, -27.743342416667822, 38.61320981820941, -127.94796240800827, 30.56240556142535, -62.36026673513331, 60.60773237059381, 50.35435592350971, -101.03130244793726, -1.8796266753062658, 13.096243461857409, -21.785335100109474, -18.381568211276463, 93.37306940117385, -44.0967558121775, -121.48568412952243, 43.95957623762273, -104.58894322557069, 104.32993043005698, -31.753297634386016, 58.02827436158901, 46.16045510194986, 64.08256861398434, 8.782102815620405, 59.418714483633096, -34.9359726478006, -5.07546994536792, -89.58578707938226, -48.39677647714904, 209.78138923491872, -72.52618029747401, 68.91126401659199, -8.473570127592126, -51.024475411068046], [-38.376993617516916, 15.486373503196447, 148.39177688416024, 75.37809578800372, 92.45977814943235, 788.50914308211, 19.852681171392586, -45.222969932342444, 16.444126842405673, -44.61500770392053, -58.94040747795741, 5.133918183073832, 82.81685567734202, -57.0022242732629, 26.303655016958512, -73.13842779724578, 96.00408471774293, 3.9606650936040837, 41.84705910291101, 37.25439420718907, 74.03599194818766, 7.598039395049062, -36.07526598637768, 81.94493704004122, -30.710906200889806, -17.184971953182508, 87.14520673195707, 1.0684498418447956, 54.854084309315205, -2.291381144042437, 86.5156016784323, -62.640311400584835, -1.246896054936914, -77.29428201729758, 44.56954551083881, 183.5888730779732, 5.330198234683301, 51.94639522018878, 0.9665852302860478, 57.70980022386491, -32.70363996417264, -95.93924594871196, -56.51510360524545, -71.2713093101508, 116.3091873428085, 148.4203948014442, -52.58520270103991, 15.531093388192323, -5.7986274084067, 47.23060696526239, -76.29302286110035, -32.25609545268461, -171.8684843428277, -96.48716328418865, -164.54206346010758, 48.827889642206294, 88.46741233850243, -91.14227394229204, -61.21030982719682, -23.10173863405346, 199.93811470075838, -172.53609996199594, -0.46216797004419213, 87.34206770973951, 39.33659761208027, 85.79382488661643, -103.01135749273162, -28.946106748873476, -80.56994665622727, 42.498234784634214, -57.79673629466498, 27.411703614435773, -139.46844646225424, -48.422559444290485, 25.28546134937537, 76.6034740322126, 90.00294710784155, 43.055254634959994, -18.663102238735593, 16.00422295534989, 50.604987607131555, 28.123825402889437, 43.194429787657455, -23.92706655921984, 57.82284357658711, -58.42522420650912, 7.773780448917989, 56.68765209724075, 32.27600928400069, 10.91822939399872, -121.73183239668352, -43.65330421413675, -109.84339982962068, 10.338440205423034, -73.29207177997328, -40.36364937607725, -190.3944517439172, 11.391715862995476, -131.3848350262994, 7.142037087059147], [33.70405391182282, 157.2529139157119, 45.130476708367176, 138.88481844193274, -183.8185400213123, 19.852681171392586, 908.238820169289, 10.160010465435459, -103.2185542951204, 115.70291231429752, -43.338203182643404, -139.41913952292776, 33.74391241058772, -1.646308366909352, 20.30143431203137, 46.93316049434371, 94.18332983372349, -16.94434090877777, 77.98925587123513, -39.38169025068698, -30.67843913545326, 77.17658508828984, -42.09842700958205, -17.01234628288714, 11.99260781639214, 92.86950138683358, -133.09006913473505, -6.193179856811784, 257.3949772186933, 85.65371566174291, -140.34522881335988, 55.15021271425089, -8.276932020770925, 77.62913279613252, 55.719096885882266, 25.09004289767927, 110.35628830310877, 52.71980615630735, -1.2947458955550224, 100.30935188620744, 28.847714353992178, 0.2041348444517892, 95.90367923524434, 23.088114139916293, -120.15177063706533, 124.04407627990606, 104.77223595813524, 4.151681641296185, 35.27998780882611, 61.270944455347, -42.198442307320654, 2.841770765248248, -9.419718916806733, 20.583538327758607, -47.954969857061826, -2.5331206496698884, -14.608817874956133, 108.86562707760973, -97.66187544789621, -130.56262652311673, -45.19856726958, 120.89096962807605, -104.36173510694675, 1.537128923854693, 58.57395014995084, -9.310481782569179, -11.000720268094831, 39.0512237830681, 15.420303854419336, -22.280674616833274, -23.453537369937575, 145.18257876658083, 103.04860812425204, -25.320933192624363, -4.355031555643435, 46.4432460313884, -56.00009017849138, -28.609909746502794, 118.60425366535917, -57.5366010479426, 74.44055255323406, 69.9959855486803, -54.64970707966613, 40.45496223176333, 7.376070395354812, 138.7923379116703, 57.39646208389853, -73.45222425062613, 71.92472916121534, 42.6558539964428, -15.161400481200362, -49.241331707985154, -20.997453356830807, 175.11328218724427, -17.917675214467597, -92.6108181307607, 0.7143385733629387, 43.67236103705087, -37.53269000517872, -139.38909085936754], [89.56962923365691, 172.88342709761912, 92.65539981287668, 144.1758527366947, -10.25347173221872, -45.222969932342444, 10.160010465435459, 726.03519196912, 63.83479599388967, -130.9221053290209, 69.64391924693571, -71.10885904240783, 88.00737298920848, 134.25646874129507, 82.97691340587471, -87.46992136165208, -50.638681293055356, 13.944556689087026, -77.35836928963775, 47.049842474862395, -17.751009414527655, 15.002481345738168, 62.581699056119184, -33.79308612642183, 70.23207874262951, -8.279062255848125, -2.4475260708863122, 96.83385296313237, 96.80507675070751, -105.46846354142518, 157.23082080016334, -101.85464227244616, -45.59337323736663, -108.03169529294911, -67.20191396621557, -91.19569416562136, -42.09246289931987, -11.238181600452485, -92.73108283864082, -8.669334531494668, 0.4451303630073292, 29.654709910042875, -18.006053847118192, -119.72238554561406, -1.571645470783287, 36.53399050273563, 11.21622192406262, 105.96335443023695, -53.673918810453905, -24.256379018377785, 14.447077725050999, -44.18122129370592, -19.414281783990052, 85.15431135982055, -64.16769493758464, 66.95373806631189, -62.214063797495, 204.89365891712268, -70.94465253346698, 63.531045591884634, 88.00933301903444, -21.146017811228297, -4.134473959945132, -26.097390822430327, 108.05047551093256, -7.1086159816267545, 136.5357297945516, 26.043075254928834, 18.215005510626217, -112.07571267533959, 40.973941610579075, -63.8830586817272, -19.3591397802464, -30.357908487614406, -41.146330993085826, -59.812847932959706, -139.21249865346292, -186.0267937825928, -11.794286627914548, 2.170297199939097, -24.929600758863494, -76.79453544083735, 128.9889043115483, 60.4609769315627, 24.770191238165868, 32.52817841618227, 64.80946460076866, -48.32933283091663, -50.17783407167123, -88.62885093924791, 90.18615011622569, -43.81860004405559, 1.9968196087832661, 33.15539725561488, -19.323592041973733, 29.98292167662289, -1.0283570995528888, -1.8854165277249666, 21.198862678920054, 97.71060379055045], [-117.50998342396481, -74.77221694846745, -45.183816053317436, -94.1150045154478, 60.739901239146306, 16.444126842405673, -103.2185542951204, 63.83479599388967, 716.4313050141968, -5.988633658476175, 71.93022124146503, -115.40723067961646, -27.966491508573007, -21.339978401676518, 145.74627100921188, -64.19952231507939, -116.16555325248594, -93.13102111249182, 25.698307258622485, -64.05498657993734, 8.477771603688007, 59.39120981719375, 138.06825210428474, 58.76161104176788, 156.93009892746434, 30.946221606075678, -18.16930305035475, -81.23950031417456, 11.410080166707573, -91.27517107534388, 173.0438891956884, 23.10695882167161, 10.12003608929939, 50.0885653725638, -41.21001062573391, -28.618977191199313, 101.12263840859987, 22.233172722724, -56.970669890544634, 29.569967428173666, -120.28761458272598, 109.46828506634033, 106.07082400580848, -84.42132712896597, 20.461354179092936, -41.391815384266366, -16.577663594027566, 35.0840698545539, -34.14017270025954, 8.865753131275333, 67.60663985830361, 74.7774449281081, 56.537845483665876, -82.14472746396304, 35.23030666504294, -3.2779556598468633, 90.84139802642423, 27.60799824426321, 100.15479875120634, 51.8077894294461, 50.30755376583031, -21.819748166511342, 70.41641333868617, 39.936624630112426, -1.4136346268192863, 40.500526152701404, 12.110243445122235, -52.5098610808743, 17.726488022116705, -14.289519705023617, 124.34857065161167, -9.957143084634343, -87.54125712903065, 21.326966081713753, 62.897139694910855, -6.615682423737538, -47.989210489879845, 121.22414106018734, 20.951353728873233, 31.31467731103637, -32.65481536372712, 17.864929926379645, 59.74614617830261, -8.08360846052803, -190.47881407964687, -191.5977160175099, -43.63503982744441, 37.596593855978895, -71.32081256236333, 31.640619775693956, -85.50523122170439, 161.56556510293666, -83.24499426588807, -99.70253237330232, -26.309753503646995, 31.27504744793574, 2.2586274919434026, -143.8103279896343, -10.912654989415051, 42.100337158512325], [125.98639162948567, -28.69850759959917, 69.18938473262457, 67.89809763724357, -53.06318608922234, -44.61500770392053, 115.70291231429752, -130.9221053290209, -5.988633658476175, 757.6416255682146, -39.714629193066415, -130.92509791909814, -56.16543795298316, 42.78686186781135, 13.869358613368467, -101.22643811415679, 66.93097722350176, -17.389426609089263, 30.967497287076146, -143.53024923408637, -76.34076009599742, 182.4367774415064, -6.1042884521301914, 34.397865433590006, -96.73224385457395, 57.80399498449401, -135.50812956607393, 180.3865556155469, -9.870836519107543, -38.82388122880126, 17.65380759340796, 21.799678091649163, 150.80629472153927, 48.1495119984297, -0.4646646783642676, -109.29409709121084, 9.091493783318455, -55.51239044803465, 105.42175936180797, 85.97163104364908, 4.513881004250529, 34.429766069440824, 45.6172662433845, 80.4350046444525, -28.299872940215337, -196.01050117424256, 33.89463981302896, 127.79196080259483, 28.398936552136547, -34.53974370869928, -74.7663239304827, 62.60885998520281, -4.875647605851288, 30.625811475456825, -60.215966549629684, 46.57623891272535, 2.4598603157387355, -74.16519111677256, -82.7207197975679, 103.87576430192067, 4.03993483307574, 41.60064677059094, 69.10767761097827, -136.43640323365685, 41.25961407919216, -117.7745684152674, 25.0490186900031, -71.93209470786006, 16.131971514434262, 81.6610402969113, -24.333484974806698, 164.96781419692786, 82.92164429866637, 142.63139313894763, -35.01747308080982, 11.11089291166288, -13.512640700683754, -12.972934488938188, -61.38782056846047, 129.36230767128973, -12.101230963996372, 42.284266059219455, -4.235563729139466, 112.2660079038757, 77.24365426352902, -69.17779059504574, 7.38765597273545, -47.96963418623482, 30.86516198844603, -8.01578906691777, 30.585585850690784, -62.40371543253197, 77.56267000167044, 47.53695635220337, 110.62234321470893, -37.58956608287913, 15.539544743584177, -69.48848094847955, 51.20166702631669, -19.501547155576453], [4.796040027832259, -126.08680521354341, 18.70341838048162, -31.51890820687292, -51.765800781834834, -58.94040747795741, -43.338203182643404, 69.64391924693571, 71.93022124146503, -39.714629193066415, 786.7774872774128, 153.92056747130778, 48.58400997569365, -34.62104422777284, 86.38251817103719, -127.60328993651987, -62.708209619976195, 31.402587148033003, 74.07426572669858, -59.03588227830313, -35.24505089151433, 110.22705896862857, -50.25560153660159, 10.897176228095695, -44.136839096301365, -53.43793069711977, 41.61575054943993, 111.99503512934658, 64.65755051706243, -6.450544761955429, 10.569307555449086, -27.958783901937885, -64.41166306677397, 76.99837995080287, -184.75082598870173, -146.25770347297072, 66.27813148939661, 122.59007872726342, -44.650318075812116, 142.72124677980102, -102.84462585063659, -5.139205577327242, -74.87589804873669, 3.271191171897678, -32.86310712591282, 134.0408173577033, 70.07292546415285, -4.536689962106312, -67.02426459409004, 113.27905017084812, 105.82634735941122, -24.65615631815398, -143.6431333236398, -55.24713415100389, 67.99072982612697, -23.854137845155353, -8.95782372076529, 86.34789987336467, -24.182318456296628, 97.54649799251007, 41.34211497437551, 51.18563350240357, 18.63317010510147, -94.93542895105566, -138.06164689854955, 114.47917915750642, 29.80860256416857, -5.988250918970692, -97.0647158356039, -28.074075829226487, 12.836477461940731, -2.3583794778415488, -59.27489061992666, 41.84228300960106, -11.331136811593366, -5.33279766497008, -166.18457514934474, 39.14034520768355, 126.4464066951806, 111.90708500563005, -74.00315171994731, 16.77101118262434, -30.182513356500145, 137.72574630814458, -148.7784988842131, 50.73467480666007, 22.0067454743876, -162.9964658664976, -58.828175832222435, -61.95069664502984, -11.660699715731694, -20.213987319321564, 58.21265897787342, 44.74872986203957, -51.03601479677735, -114.3213801101835, -58.610249598424005, -116.59080627457547, 41.97001747103639, -43.63613217254469], [21.087724666998565, 130.91172995552955, 157.27154266332278, -27.307409920449693, 84.50327894162487, 5.133918183073832, -139.41913952292776, -71.10885904240783, -115.40723067961646, -130.92509791909814, 153.92056747130778, 843.4545668384478, 178.79021621137616, -9.708420867804435, -7.134037248954032, 28.750262327491246, -17.893007020037217, -36.40259170791385, 29.980008424327917, -10.881224698216204, 26.521626797288672, -46.761679667103834, -90.8447448293563, -43.7986217598515, -159.0867309600295, -68.25682824032171, -62.454750326354294, -65.92138561150946, 65.26253619501445, 16.04754129931569, -86.93010903369418, 70.42252030711019, 103.70654785844661, 158.36872747511921, 56.88396710451739, 119.51184566940917, -10.728482002293473, 67.4101680764243, -26.287394318696045, -50.602726523464554, 122.37274594882801, -36.121965185391545, -11.163264820922022, -5.444713948855253, 8.113605466239184, 36.654001307290756, -87.6445245274127, 28.77015087876429, 8.665129876589475, -1.7985952772643043, -68.10389440554242, -136.94390133939743, 99.51258793281096, -102.3078449537398, 138.22818139504085, -40.37124960124341, -11.890953021246586, 21.854562386319472, -124.36301004257028, -115.3579468492913, 99.17515730233178, 76.388215529602, -2.2060383418800718, 4.951440210543241, -26.497789736105045, -68.5555810148821, 79.21841389653537, -35.505733526757865, -72.38734492263487, 75.30576640155907, 57.24089307502037, -84.38459539148178, -15.809983308390393, -28.42949784867053, -22.074245207996096, 59.29648857992202, 38.82368253732429, 59.85057334203849, -62.38147607306958, -37.380329754969495, 88.53747539112777, -18.954527695743373, -25.11373202781803, -49.490374563071704, 50.35522200553598, -34.57420924771453, -14.959845684791325, 21.883824573260657, 29.32826058702116, -81.59279767418657, -161.91114127916268, -22.831454263098394, 73.05091532193637, 26.775758211571446, -7.39584748687862, -38.14283658354363, -55.54705010078276, -25.54881242948585, 84.22410643313567, -37.86080137555598], [-21.308303886948618, -74.10220201760687, 114.24256301986718, 123.963283192564, 26.771351844785006, 82.81685567734202, 33.74391241058772, 88.00737298920848, -27.966491508573007, -56.16543795298316, 48.58400997569365, 178.79021621137616, 753.4231009114328, -123.60350692459781, -9.020729591633177, -134.62560058747218, 23.12759617810127, 19.373590372833192, 21.09751630266242, 40.863991557285715, 88.28028737380328, 9.361658523860383, -8.064139297129309, 12.400775887007768, -73.315096310353, -90.18013758130719, -106.77636968399237, -94.50383322025851, 27.05416672632962, -24.203011893188698, -46.338297674000884, -1.0260858624390579, 171.88562408618637, -59.812364295164876, -4.721585251389829, 88.41778102810508, 65.3832734168514, -34.9210265359702, -45.479759630149424, 6.95299480512883, -9.467131515439903, -43.62500902703213, 129.52920557128465, 57.43376718144861, -46.60587943655738, 156.8917114582132, -51.73153808591574, -66.12907403801391, -178.8674209883975, 26.43058179446855, -113.56240380698524, -5.267350662230156, -47.2793914397984, 56.76877746632696, 23.887430751837755, 2.489654754865484, 119.3999683771287, -8.766582987576202, -89.84353913869798, 19.919892092682627, 22.67590416659727, -138.87274217437678, 63.57250522275423, -42.45909791527287, -73.09220357902063, 44.19622273585098, -28.20617285651833, 27.996486248680636, 61.91950251265274, -131.07965372457065, 126.9685771388279, -80.38591650035144, -57.7070595346626, 100.29411188541013, 9.162447818257068, 8.32810717447561, 89.23586021797992, 71.56300325917954, -56.054855769193956, -31.768250905429568, 136.32266631206187, 12.334055951355229, 23.014193342056213, -64.57928833026529, -66.73450723437567, 73.21452354930891, -93.45713503393404, -5.264740444078949, 14.717586983178435, -7.469615397979358, -54.356747233368644, -0.18503363394603872, 9.147175759476884, 114.5704289795603, 23.571978975699707, -87.24920348691406, -58.438577190066795, -86.7399162826672, -58.39643132159919, 43.86932008289422], [77.05274004329175, -12.805816450725409, 105.69827645862152, 128.1603569883648, 66.24661747209039, -57.0022242732629, -1.646308366909352, 134.25646874129507, -21.339978401676518, 42.78686186781135, -34.62104422777284, -9.708420867804435, -123.60350692459781, 830.8170340387178, 56.316998950264995, -2.3546431146015117, -6.1816331747629585, 82.15448230863538, -29.213770673515437, -30.54034001817668, -43.4849786805494, 90.75720748999038, 74.23002751213868, 59.89657280646708, 18.274225135063634, -9.828427523786944, 79.89187862627077, 83.18596393460766, 52.40727090391363, -32.83605047949098, 43.443434394639894, -30.646608456555516, -50.3150299610748, -34.20126384969335, 127.60962546939493, 19.15785482570928, -145.91400083751807, -1.3622114714465117, 21.67476832404344, 11.909616493324595, 32.99670149918711, 170.66388357678284, 51.77530965013104, 67.04240968256029, -57.27210392452518, -80.47193874202651, 51.041310048553186, 72.24539495479479, 48.906045751780916, -9.758597569495308, -23.32362523031045, 32.72634112443457, -26.799051925720597, -225.31401370874582, 184.5004354951583, -96.0458200035057, 40.80243774126162, 189.97228948493728, -17.17468884917826, -107.82392454199442, -73.65914094435183, 82.54548109690543, -20.706942004260355, 22.237018721692234, -13.662712640457789, -105.77916359515937, 152.37557617445742, -23.45501302157305, 81.38457167319972, 5.452850132212956, -34.48559990852087, -74.17294968965518, -43.90623148378367, -23.316283168713127, -35.94936455068425, -7.094841936938327, -7.977655839565344, -87.90891550614577, 5.559934494285802, 15.821845767045877, 62.38796247532955, 57.168953793373284, 57.42027190668793, 29.49176804383066, 147.9749213653255, 3.192945207566153, 78.86477259713794, -51.572769895161166, -149.15639457799674, -63.077402017743516, 69.67342093955814, -1.1435607506798464, 51.71167861019824, -46.11803866074185, 39.51041372693895, 52.7050789638032, -30.126787447513124, -146.40642901027536, -34.57133787031732, 21.63225325721995], [33.50480666932534, -173.69342220674883, 62.54939984293525, -19.815025005499862, 6.118001168465652, 26.303655016958512, 20.30143431203137, 82.97691340587471, 145.74627100921188, 13.869358613368467, 86.38251817103719, -7.134037248954032, -9.020729591633177, 56.316998950264995, 729.6638618189496, -26.742527805574877, 72.08277165132252, -133.2964559195381, 42.600117845942144, 5.634339101955032, -55.35486201719712, -62.222407136090375, -26.481824546562816, -1.2982616403881786, 100.89708105756507, 38.73605380475304, 64.2761109218861, 52.526168254737904, 54.58393398163727, 33.45913939408616, 129.73362067260766, -61.05132411978115, 49.985124175844525, -29.462042831079327, -26.42066409099497, -10.671361365040275, 18.879600719088288, -59.38726516101455, 18.692605432802782, 25.32137527214105, -63.512214448269695, -35.75311620504338, -47.80786289794997, -45.51582486453512, 96.43789169555515, 126.46270664094423, 64.1423448077166, 33.89689728943119, 39.52774902521099, -6.5945565970492765, -50.64340389179246, -26.958019957794736, -43.02716090792556, 28.124938737103847, -71.00172508302926, -25.021237015270877, 16.817139851179295, 15.035892534416995, 24.401835290897296, -49.984208129206685, -4.495706851094712, -61.55988978568435, 57.83139278229237, 173.41238507216832, 52.414295100381956, 67.24223598642907, 92.017518425384, -73.83513000525143, 2.1576674952452684, -52.041194348996285, 61.8416812244355, -25.535858998329385, -54.545674656327705, 96.8544125984782, -114.1828434206009, -88.99190051629056, -83.83094648047569, -49.91405340157998, -44.890909941320196, 75.98284458900307, -29.17114138741704, 28.39516274466689, 51.47762947664557, 54.829332956930145, -69.46896400528621, -50.806778327485276, 58.11909473240705, 36.36752030604656, -29.107880160061228, -36.00759868115618, -85.67808513504569, 3.252419555319274, 47.87087451684501, 58.14916397471944, 21.501652840053396, 124.52693124317054, -37.47265807215336, 55.933259236076225, -33.60216081350304, 189.4238556742983], [48.81840592013698, 146.55404326073193, -3.7051617442629063, -43.87431210959513, 31.222732568456404, -73.13842779724578, 46.93316049434371, -87.46992136165208, -64.19952231507939, -101.22643811415679, -127.60328993651987, 28.750262327491246, -134.62560058747218, -2.3546431146015117, -26.742527805574877, 729.0967365081681, 48.5728780065542, -79.7683935680954, 52.75249390835044, 58.81773285746631, 23.378363994297956, 29.88395640321744, -26.21573416259828, 3.4543553307003716, 153.9199416500467, -1.9994002526965866, -12.018779352986297, 32.267077306884524, -34.39920789627565, 52.41951071786983, -43.30378932055639, 80.218298289312, -11.300123368659666, -18.650408541954338, 31.291694618860774, 70.73463102190074, 153.28116429110688, -64.73096626409449, 98.29396493376883, -70.13211934133088, -66.25788323278336, 127.89879555891812, -258.7219494148741, 10.535715657475558, 70.27335851257267, 21.068985231805208, 25.22573828813042, 151.00509602694035, 55.93875003952081, 49.660882204116206, 71.96087984853712, -102.1736196377706, -8.901244368299695, 16.655821267111893, -19.597400749580626, -34.235332796013466, -74.58709829774169, 162.49695743538464, -64.74240339925382, -132.61383782891275, 8.33805903279229, 82.68898990673202, 20.640727705907068, 59.842434786959295, -34.632923076011046, 105.34743917405305, -136.33804076785256, 3.854247138636065, 39.933766250449416, -13.011216259410375, -91.26967324745189, -35.025510313954264, 36.07613218103216, 41.43495242564215, 8.64174921742503, -5.609337735266025, -25.33841717573757, -2.67594330078047, -41.74048416671004, -21.66882078423071, -34.51441139143715, 20.42124558332453, 48.33328336379156, -30.768441141242366, 2.9323523668061693, -31.09832564285261, -5.03798689162409, 7.810866809670867, 5.788578879600934, -36.41270347344907, 59.28722439611346, -16.761274456468332, -32.80828334037383, -65.40196544561759, 3.860388186053274, 70.77821224118986, 3.3438103034086417, 66.75100318594002, 28.22782749787628, 85.7212369738548], [-18.35602681625706, 133.84984065161592, -61.770146100492006, -29.413635873456034, -72.39788520258317, 96.00408471774293, 94.18332983372349, -50.638681293055356, -116.16555325248594, 66.93097722350176, -62.708209619976195, -17.893007020037217, 23.12759617810127, -6.1816331747629585, 72.08277165132252, 48.5728780065542, 857.5629687182403, 8.576203496347915, -36.2680144078462, -84.60555012729715, 13.346300807181262, 154.59138188444138, -138.78490999302647, 78.10379067533269, -13.559385575653742, 26.79975126668623, 89.70466887591108, -87.80980667219414, 103.71795547823724, -29.11559790190644, 90.32557402821682, 10.765025324661588, -86.82950792495218, -38.81934795432289, 148.3614815016317, -143.88940211423204, -23.544958258359372, 34.481525565465, 78.00647432344839, 61.53831459100943, -29.71967956283016, -52.44018760368176, 54.72655666663054, 75.84127742409366, -2.6512009121820475, 91.06168881680982, -88.81934032473318, -38.218729830990426, 37.25167468572706, -67.71689862988416, -81.36896603753544, -156.18342823314177, -120.26661173191508, -35.479751248682355, -84.47184481929864, 98.82987772940913, -9.94347566480005, -90.51816780140564, 13.459240877932494, 105.65832886364696, 24.213968758846768, -2.965897445497767, -46.70487701487725, -11.935870672513278, 15.195710571829391, 6.79111151225321, 76.16772721430279, -41.54147605456962, 83.63755379517409, -44.85375992804123, -141.57618407192157, 143.70417817693203, -92.84208411399548, 160.75859618445566, 75.04269378701049, 74.72435369522023, 62.40016580599181, 22.0976150893117, -62.51177942300422, 21.712942661730388, 145.33610254813954, 11.692914447859973, 24.774039776647193, -10.15409849297017, 40.13461908112028, -2.4154229961864346, 44.99989553299027, -4.967250566842941, -0.025654881725772304, -104.74280332124152, -63.243948607015454, 20.319002610886045, -18.985212556031797, -30.182468785296447, 16.447289003583865, -76.63823150428189, -94.08863451699877, -22.60566428040081, -75.34041992907126, -123.30962610155952], [68.22854982257134, 24.139586432073287, -20.134460847537323, 1.2442537957079274, -30.97369884939787, 3.9606650936040837, -16.94434090877777, 13.944556689087026, -93.13102111249182, -17.389426609089263, 31.402587148033003, -36.40259170791385, 19.373590372833192, 82.15448230863538, -133.2964559195381, -79.7683935680954, 8.576203496347915, 730.71918332299, 55.642593689588594, -122.54881097054269, 57.714281625973214, -33.33959480565622, 34.345588848253165, -97.51527147371698, -63.441478014741826, 130.77166349167067, -13.656637473504315, -41.82649287926274, -35.832170913469504, 54.913110913293174, -33.472040294429846, -67.1197279565946, -10.594334756981418, -84.12963023237785, -15.947240797902724, -85.47322015673276, -21.35448057242345, -93.54269869264584, -69.79301235256317, -17.445598626066925, 83.12535755595827, -11.35597978075026, 26.959157516110423, 118.15424832315507, 31.743117019431626, 93.51406511332934, -97.12454783684011, -37.67512950473465, -19.492532403749717, -33.93030286669313, -56.86417503441419, -30.928965213458813, 4.273241918326274, -9.874059061627316, 0.8789103912087947, -106.39327103621888, -104.94717308378266, -32.935647191351215, -91.25683619483686, -84.37311817674212, 6.430979315257796, -112.22984813062425, -120.37676829834496, -89.7889752411518, -33.98606554216924, -59.29456349027316, 104.81073474470632, 22.941851736305864, 12.224458784068988, 2.6433546602424607, 75.39183008185081, 59.70137523693332, 58.004591460217654, -47.240712234194014, 88.93809980420102, -104.79632019350038, 106.702196068269, 129.0954277476218, 82.14703892152785, -10.838743459202878, 59.13283734519013, 14.314873011813683, 120.93255410313247, -154.21098041778689, 81.25368986531838, 42.737060398107126, 70.01859294244225, -11.508853074106929, 76.33994546892097, -80.51799666755161, 72.26816128493536, 95.57064383940207, 24.23659367824523, 2.4988911250245645, -22.46937936074991, -107.0069301323669, -67.19395006240593, 102.43749085954367, 3.276276281757442, -37.94989540521069], [-3.5645404623881207, 20.814521769331733, -51.716234939575, -17.999295324904583, 77.35060608048457, 41.84705910291101, 77.98925587123513, -77.35836928963775, 25.698307258622485, 30.967497287076146, 74.07426572669858, 29.980008424327917, 21.09751630266242, -29.213770673515437, 42.600117845942144, 52.75249390835044, -36.2680144078462, 55.642593689588594, 780.0167771980762, -14.529374220223366, -106.67277075652021, 101.59579791580956, 80.98610836309007, -51.40140531168395, 2.904201418002029, -39.81604157722942, 46.06933848227902, -9.742679782400435, -0.6249796982557304, -82.18084504593389, -181.1536453119512, -30.931356490287328, 80.55074759912598, -15.587622509311233, -67.38847649069251, -50.533193214515, -47.80499186132111, -56.27625455601599, -137.14850762961933, 59.25221298924553, 87.13873899224501, -32.97968952962365, 52.84002919433943, -13.73957961898504, -40.868965457627574, 123.20366319149443, 59.42552676795637, 6.1745931106174385, -170.7760944480564, -127.75759298714466, 51.999503758869416, -120.56503978106656, 30.742909674685915, 1.1028694125516796, -81.72422834727193, -47.7463323371223, 9.707299613179359, 12.90038729472578, 14.196700380441392, -115.7720040033913, 66.69292786172255, 83.16392308819536, 58.30058642756743, -33.83674348602554, -24.825122135707048, 61.93353317247208, -88.48227793574877, 53.9642660946881, 17.251388952594073, -113.68001471666238, -43.06737000140767, 99.48621585912984, -65.2616455373747, 38.59488367906886, 88.7668510233684, 128.80817332154507, -16.708682213899277, 7.601303704332996, -73.74054225150907, 28.409037438253655, 115.00767898749328, -124.45458063998643, -15.45427167398427, 59.839520233940526, -9.30628532505272, -81.0719482867678, 24.018730215438687, 186.73075968779403, 85.33879638964697, 186.0766420206893, 72.5625649663973, -97.94559194476294, 75.07398410836903, -28.111072114535812, 31.706814609622285, 42.14539522106095, 31.886810470068443, 5.9868015379627915, 79.59864571904382, -62.54109635131503], [64.72311614008612, 72.43696559936474, 35.5968829163783, 126.00011261735428, 12.880190140707162, 37.25439420718907, -39.38169025068698, 47.049842474862395, -64.05498657993734, -143.53024923408637, -59.03588227830313, -10.881224698216204, 40.863991557285715, -30.54034001817668, 5.634339101955032, 58.81773285746631, -84.60555012729715, -122.54881097054269, -14.529374220223366, 854.9415391819886, 14.60574371743446, -27.810797965202834, 49.960898934687116, 74.03277137962371, -0.3015282322303587, -47.46756984106717, 68.81259942073271, 158.34169596941535, -12.43280312262997, 23.46073021690232, -0.9773592530011079, 4.770099683233581, -17.102084158353282, -201.28992100259168, -2.3116489506423092, 69.00030075252232, 28.574828167077452, 63.71801038301056, -74.30048645968158, -74.11504991062777, 49.67312249817684, -83.17226050536094, -23.451058762980043, -46.42746344659882, -3.906048536283719, 108.09185001463234, -67.87464543826599, -48.9140950823373, -8.829809234410337, 25.277584492217663, 131.35987774075505, 57.093294649868355, 44.57072200299267, 195.50528498982007, -52.9701969576745, -10.288549028893724, 135.39957145961185, 26.343772787616206, 23.67817812250446, 58.822898738944254, 18.668711590871098, -53.74816847981235, 59.03160868171668, -63.1644429687638, 29.323738831620847, 3.0413246087876646, 55.90223037849957, -20.78328846145725, 0.3140311869890476, 33.40226991255534, 61.60015919917145, 84.24061235553488, -101.69829344216498, 34.193632526702956, 15.938480115091492, 73.62347060488405, 4.1953675034427915, -110.25672409830061, 69.93702099779013, -103.07632596279869, 50.30694420045912, 83.77865142793232, 26.431260676137708, -91.12739828180418, 32.92356701775331, -12.247699403673428, -58.032300078705354, -106.62442122657578, -49.36050120969731, 153.25540246103495, -61.33017848751464, 76.35063663153977, -71.46117104808195, 30.169749409132173, 115.484903183192, 96.83009058063186, -12.698852248483115, -86.29699483181844, -69.26301479111068, 96.49199012761677], [32.097115686441946, 23.2656066949266, -61.63749971069326, -22.09770773375314, 17.56404444503741, 74.03599194818766, -30.67843913545326, -17.751009414527655, 8.477771603688007, -76.34076009599742, -35.24505089151433, 26.521626797288672, 88.28028737380328, -43.484