{"N": 100, "M": 5, "A": [[[497.05375954843953, -70.91169241907093, -26.159993058242353, 18.550317448909972, 88.38354268221136, -67.94248077248983, -80.46412830567655, 81.50319904041612, 27.71493484084156, 75.12014780518112, -121.95679621533776, 113.41878396846836, 67.13946209901584, 32.968461355377706, -3.6704467705187196, 71.5813038470667, 103.07549412798954, -21.946557270410185, -118.68112408422832, 35.11802173615935, 57.09606009206066, 44.97253190025027, -18.795382761230503, -10.065075906502848, 47.15079263254171, -12.387446079456158, 80.5210305164025, 48.25508670971194, -31.47801303062978, 20.44287507232498, -79.59478916528631, 112.69035944936698, 110.12285545624916, 32.99885934230059, 54.90154739160191, 20.073783783990333, 50.3800039902011, -33.35719499905906, -101.19755544371091, -62.31052910544409, 21.395142706046688, 6.503712839782356, 81.00883768548994, 24.254466512820347, 21.339281418386488, -17.53526728848844, -17.178476041764657, 82.65578395353768, 10.506297353821795, 31.487208824464794, 23.748941371605977, -20.397184208080482, 106.48942158419497, 75.43178907173554, -93.6380892473042, -11.026360974064458, -26.27824361354813, -33.904282336179485, 28.889644756865895, 24.70815581858913, -34.85046753902106, 30.294141968802535, 31.81046733765823, -90.78460891708357, 22.802399445779734, 58.56731303915595, 120.93766789173812, -78.0435500456726, -4.032891654742363, 50.670978843108195, 47.58268628678133, -35.829456561126236, 47.15223202717793, 11.717217634853558, -54.992622850831324, 3.623440857809954, 72.11346048550388, -33.37409397535908, 71.55097367531411, 139.8754276802055, -35.47116074776655, 66.78991537115166, -21.281012712426897, -52.00671538612658, 40.655770856905605, -20.39927989208505, 6.193761040575355, -9.786993955931623, 75.83048614111375, 8.819606518308566, 7.129016379293365, 10.116566127967916, 120.80796140139174, 2.5962490760659254, 98.95534105082058, -21.075816165675022, -95.94777499333217, -156.4816570935283, -121.68596769615658, 75.38228201733978], [-70.91169241907093, 584.3414136892368, 13.48560538605694, 20.58911414756327, 39.978591123534336, -79.53849374966762, 132.1391093296322, 85.12277556420229, 173.31344248448548, -38.5540196369377, -13.385036086809889, 83.83702086041534, -156.74357498358768, 28.067905277679223, -51.36222621536758, -77.25018144302604, -59.987278142845426, 155.25361429181575, 77.42028260524006, -34.530298810251544, -65.09456677410182, -23.5701743304454, -13.937650836530995, 45.61297358077777, -89.31318817089517, 111.02306542330649, -35.04909635808028, 70.43040260719972, 2.1454835562469032, 13.377751304786184, -46.980872243174225, -119.70276890636652, -58.85589723981624, 16.88643153519078, 24.69681433619082, 63.26458738182023, -43.49858436879146, -12.084977978966819, 58.57683165287971, 27.670554196670846, -30.43792838370451, 51.17819986853726, -29.91310723285718, 17.105828928369725, 114.75933410523258, 16.05586729663874, -8.527014271185644, -2.60011705016545, 52.81976985603288, -49.0850664751711, -2.34077750852707, -32.05904045659058, 31.616592586630258, 81.93130685594379, 35.158268330786925, -89.33014667393495, 52.744403105639215, -48.77860109294539, -62.27506955965203, -17.80700030867095, -19.24246716527446, 70.72566905558543, 48.34609651868504, -35.205338015226154, 22.283035625781626, -38.64121038457649, -27.362148418787946, -36.66870285071315, 19.364697403265723, -40.33244728702793, 32.02758042374922, -80.2405792972095, -3.5052855908980676, 76.0757606909986, -42.41138367616072, 79.90981455547713, -66.39073105693083, 15.674161820468777, -56.260361442120534, 55.76368166565635, 136.2525375684634, 3.966802046026305, -36.64044197034807, 59.8905548554555, -37.32243304688496, -62.98516943144947, 21.887680128099767, -18.63729404478324, 56.885001552205296, 111.29784172076177, 57.36304783830563, 2.5281943751752274, 4.999191884543468, 143.21518498231507, 13.224308298164306, 49.97497488294454, -10.883057921579042, -9.544473926215053, 30.82657614305471, 89.12334358947834], [-26.159993058242353, 13.48560538605694, 725.263454777341, -55.241186196915855, -54.91071292586572, -7.631700397785409, -59.84987118120363, -49.10192612543639, -4.779273365538122, 24.867759914775693, -10.539146281582521, 29.398168175077515, -68.36777263100092, -85.48313645300199, -72.71433365004171, 65.49560972564976, 62.07342955343767, 18.55164852430258, 110.60291970731663, -8.026866990971328, -36.681205675025694, -101.00456536845309, 23.778815851024067, -64.53713638302747, 11.972786920588172, -24.5164288993769, 14.53507233289247, -68.07351432672158, -13.633122916568093, -93.01750874669295, 53.428641614033715, 114.64543469921144, -54.75123798106477, 21.694197421975954, 65.66607336755379, -52.18733477243293, 68.65573005412857, 94.20880368264825, -43.56449158500793, 101.2085885067043, -2.017392368249088, 131.4978982717151, -124.20589554802073, -29.27281195212931, -27.238806265473254, -10.841351282072502, -17.16346818864362, -49.27140860908693, 174.06310904020245, -26.256265398958693, 68.6615159799443, -4.741369324378896, -53.63042136276829, 114.75040841434762, -58.864442908628625, -92.85819632270375, -1.132147943293316, -171.77137018796125, 76.59152086763433, -3.49340066817673, -53.85535286778971, -26.134594397759727, -135.16305573039855, 73.88595972372354, 3.6016005097746557, -51.887035617354584, -45.51974452541383, -13.92073490116771, 83.76154385851916, 52.7667771586538, -91.79232015712796, 84.88403942960997, -30.305617400343106, 84.61309970105984, 85.77543267904498, -22.540195796793043, 56.70136065583165, 37.32706721257985, 47.42918578998436, -112.2890380053645, -18.85150616865281, -1.543018541038628, -77.41200535168436, 66.98824534348121, 36.59250616025295, 7.1906030197513715, 46.27031806774452, -29.49102797820678, -93.88948990112144, 17.167627575877393, 107.21278668612898, -6.491706150854964, 161.94812688710024, 70.95423467637045, -76.45095282589389, 40.42581933346228, 94.50759686357883, -38.68468742942691, -18.233460833714833, 21.009892524058184], [18.550317448909972, 20.58911414756327, -55.241186196915855, 739.8980439781835, -71.22890225717626, -75.5333957543911, 12.012333680516745, -169.41904260127635, 93.80826523693975, 62.67381058100734, 60.042713159113056, -15.085420631633834, 42.25308545463863, -17.099906089763092, -47.812165713344946, 39.41593776135399, -55.736449177768634, 132.87479001588397, 29.5620444598377, 162.15144509234395, 3.37104604910784, -21.680791137287283, 93.79023084166676, 1.6176768256836198, -73.82129259035298, 85.35324186087166, -116.52285333131387, 99.98940707162363, -45.79957610386938, -101.65321835739925, 43.01786873422167, 47.379318721689806, -25.417850099033082, 10.531434124909804, -117.76494935578506, -111.55845850158529, -109.59921096240502, -97.75831056216968, 55.86956822327566, -68.89576711386546, -89.44210353904231, 35.836433417000265, -76.2287079844466, -28.887071897834755, -9.625681943033879, -22.006138476780247, 28.91392325335998, 27.206572411998383, 58.839944894102565, -78.36397574925266, -104.74238963644014, 43.937567472744036, -40.75356068998505, -32.69081965342509, 26.03797928492423, 67.16706703395181, -72.38683339586538, 47.87728382898037, -68.65299578160318, -29.722489565948493, -45.99585580285482, 9.339299943037881, 48.433191663784164, -36.96689649922041, -139.24377384452563, -31.837052720831142, 11.345039066697872, -16.16352403622428, -138.2246141090162, 23.434454976044528, -5.421589287134242, -19.02691685311764, 14.363241412817683, 16.499580026915893, 102.37581435304004, -143.36679625198784, -91.90951070244864, -16.983013656178272, -9.979270350869692, 32.83602703292918, -20.840494008353247, 49.54166935541129, 30.357775429060112, -188.0693673097336, -120.2516408798369, 37.02297086761413, -15.142355919946484, 30.872011778590128, 38.408516596459854, 104.23493550254065, 5.9466911989859215, 19.956449269110635, -11.151229114959877, -30.05709370636484, 130.50433652765648, 117.45456799314331, -104.12967943915098, -7.910654603761089, 54.74237711660313, 36.16676579882783], [88.38354268221136, 39.978591123534336, -54.91071292586572, -71.22890225717626, 583.3958867884744, -58.3439323943901, -4.071769806303562, 60.80289046368584, -23.09591191586849, 53.95060983631384, -29.792628260872863, -1.2934389206285077, 46.10862134971185, -23.10417416607671, 61.84656007773722, 34.48857268641533, -80.86981161493256, -12.845366373507414, -140.0800577732697, 17.610772996692084, 116.18999589742317, 47.35697489992982, -0.2170547738581027, -26.67150988994147, -32.71054917194614, 12.971551668043228, -10.592384056942011, -23.12695473835051, 60.64524639398419, -19.59557197783005, 71.34138321153073, 41.314088241050065, 10.365488356808736, -61.41350701418603, -4.9118038464296525, 72.93023216740661, 36.72969783933426, 22.58613098493376, 43.41734693820353, -12.15133827594473, -49.74289892852745, -101.06469759143242, 103.29571431495583, -9.358489729347019, 136.82051725769722, -26.545029813255095, 135.48752237589204, 23.964994237068694, -110.68036515671042, -7.379133161380469, -111.6587452847803, 31.46087564258229, 27.78016620170202, 61.624298278127185, -88.02162136078319, -30.261628217284994, -12.514457872965215, -5.761752682896852, 67.5060267362234, -36.08749316018084, -164.63016242190076, 88.12386453515118, 78.53300236751208, -50.82750906363346, -5.786549709851042, 12.489867637435163, 158.81371387314132, 28.51588178102835, 51.49443874100301, -19.54682459845044, -15.913304922054621, 70.91445179490921, -40.5863983668536, 151.63529986824054, -46.59889307950737, 53.67843715376172, 53.092071735979005, -13.689707886594109, 21.088806777499702, 31.8123289134925, -84.81210504702611, -70.97421141644965, 0.7457388914202285, 53.06916319403054, 77.2806456029079, -84.12103011234845, 39.86439850867624, 54.247119096400745, -20.60857981514147, -18.09671489407433, 125.3056708179554, -20.45921687169287, 29.88442971996824, -9.970741042596186, 9.515875240142785, 0.600720040987211, -44.01943880301544, -86.35712349783658, 26.281858525527422, -0.5819479604713551], [-67.94248077248983, -79.53849374966762, -7.631700397785409, -75.5333957543911, -58.3439323943901, 744.0016411552044, -73.96852360065171, -78.07356749234333, -108.85898996470394, -82.53189452277825, 28.37705331297622, -11.748830350382391, -41.75519713475245, 53.66757626577862, 53.96271183471766, 70.24066928928914, -57.52247619337374, -101.06944158812745, 84.16193707205358, -120.95691280695706, -113.85254199539055, -11.784604471493624, 79.13569906721371, 65.93459341121078, 45.490399653303655, -77.57933332362671, -150.03775518071433, -17.08280199848405, 20.85655586405015, -64.08661833670415, -89.5087248215507, -14.573587263400238, -14.747218323925999, -65.09872835265502, -24.033309189664067, -62.5905511923591, 123.1405581837214, -40.47906920112167, 163.99516026526092, -48.23179275152003, -55.19711941141995, 32.53082904619071, 97.69071603578261, 31.30315031834589, 37.83727172335738, -41.54424190713977, -5.909686145424552, -119.06267309145792, -23.37657439903382, -109.91193739820778, -35.456113343493186, 54.05092654541038, 212.34902528490778, 8.808125610539458, 25.639901853143414, 94.67226421887835, 37.71960440333541, 93.46869542767003, 74.2479539210927, -64.42936216564821, -43.82073392002797, 7.057278050282624, -173.3275406777924, 115.47302536065646, -17.079777277428857, -12.368530928501924, -42.54501079044302, 42.597414343914586, 14.40566459482008, -219.42097032666095, -59.410949829321346, -54.042861666615806, -150.00422498108662, 33.73326576629116, -9.848031523032487, 64.09954506156733, 39.405423118871795, 18.73461709730665, 36.736579306293486, 43.391233025240886, -14.156395924937746, 108.75704698244753, -72.37002409145957, -98.16093542163038, 132.5289479450214, -48.30044769899887, 38.58170849702029, 1.4800386692158611, 107.04678678859693, 9.361406909493363, -8.526911136258649, 20.842799529393037, -112.27245035948809, -37.83155894528005, -62.95353468093503, -21.530513328828683, 167.43487640066834, -146.2089924929579, 98.77472761658291, 44.029415032899834], [-80.46412830567655, 132.1391093296322, -59.84987118120363, 12.012333680516745, -4.071769806303562, -73.96852360065171, 701.4400680983849, 51.866414950062236, 59.65532816338857, -44.62275661461784, -20.99423041787335, -18.23020115009838, -123.56408615351411, 2.7196862760879186, -51.280731965964264, -117.36548706067148, -84.98592203056691, -0.045032523892208964, -81.59918887599882, -29.075712093573497, 77.1602013186262, -3.531136179662787, 52.01149304688604, -67.8132083171363, -86.49339907301055, 63.78658377998132, 28.116554460456513, 94.12329104648872, 17.588717695937536, -6.964660590424753, -26.69111887683233, -185.54562166984303, 116.14771111371356, -12.971458096834354, -61.611208093456725, -6.983829729453792, -17.908208187622186, 42.2157210026791, 22.93867633799073, 83.41864522051108, 81.02528731839591, 55.1986355039917, 29.94673053778283, 174.60023841137632, -14.47680699946164, 13.718523713663986, -25.167674900027173, 44.10689421955921, -67.19262788767551, 24.941750081737155, 14.212082633520458, -73.36119091001164, -87.5442821986263, -59.932337812251816, 125.35053922551353, -19.371050868298667, -38.227804077813744, 72.94672553328203, 23.807255339715713, -101.4474344701579, 58.89259201218799, -10.017091803371398, 132.91208041863038, -58.954842177202636, -76.9200934085403, -5.876712121496476, 4.240972992181319, -135.8844234343764, -39.74304214213279, -13.06960002551824, -48.14055590849783, 58.597970736737295, 7.590099251072217, 35.742310493991624, 46.75354515808454, -2.0084013433885004, 44.91447766616586, 112.59183899129717, 22.961717812322586, -36.47331249103957, 114.49536430967514, 9.392531456265083, -33.1971598779657, 57.99151340460848, -67.5436476725631, -79.1521186887062, -7.218177795733548, 83.16311172143088, -74.16788512853658, 30.602705894176665, -262.6054414348427, 60.331835374171696, -36.593254848207295, -19.032019354236006, 32.42896591171336, -50.46324365194092, 69.0448110888513, -70.99832916640736, 28.60735085240962, -65.37635980067014], [81.50319904041612, 85.12277556420229, -49.10192612543639, -169.41904260127635, 60.80289046368584, -78.07356749234333, 51.866414950062236, 549.5318507152592, -45.87616273402106, 48.57309035667367, -122.33472450067494, 43.91011794678125, -41.865218755043266, 75.50771771926772, -61.80726345670165, 11.600995859515068, 19.82582319724835, 18.71608070825143, 113.31227762165796, -36.20300523584786, 9.403150659033654, 42.0565906066568, -13.878935744239456, 36.2005563711261, 22.900332508623997, 8.029313939206084, 93.32109054230007, -3.4764837834642854, 62.959208429966274, -8.496885809277664, 45.465496251176454, -53.02890171948281, 67.40849837798424, -73.67266233484365, 17.693084603215468, 73.6456116231277, 2.2754857740947596, -40.63033195947162, -151.99083768150106, -38.17427451756458, 96.22151099415647, 86.7714088681992, 57.29681457197288, -89.62706406183747, -2.221489865094893, 15.633067479225785, -56.66456608809075, 125.40288532468792, -38.29096209145127, 149.22619066209833, -23.624022176048577, -22.011294124974466, 36.16145339755617, 67.730644044145, 46.28645481138529, 22.548719072036093, -51.39519243025407, -68.46909513763933, -54.203627809602104, 86.0523249435506, 14.705256267046376, -3.5881068626797123, 43.36429321448695, 6.644527011109128, -9.90753600296389, -58.687281615983814, 101.81197537186527, 131.3730122485091, 82.61871551969273, -45.167633603331986, -28.569825388147525, -16.859673888507462, 92.18559156542946, -45.890823383783946, 29.109546743337805, 163.2098932473188, -84.40896438701898, -27.56641024202376, 63.77204628204263, 46.3909972729992, 102.3780059978967, -7.367819766524035, 5.438303469847327, 79.85227092768706, -86.30875630849197, -117.56550647624123, -13.432863391550038, -66.04406785319149, 40.736383558241016, 1.4742723516319645, 62.91991532162252, 44.342331641886126, 43.82019919079792, 119.80001954724877, -21.432928119738506, 5.201892023549343, -31.700070093447145, 75.52286833097025, -18.261354772694418, 47.28261670296647], [27.71493484084156, 173.31344248448548, -4.779273365538122, 93.80826523693975, -23.09591191586849, -108.85898996470394, 59.65532816338857, -45.87616273402106, 788.7323616939902, -81.11063620276337, 7.649513127277149, 98.97154038860374, -96.26741276787233, 32.955157120961665, -60.38145978995578, 61.49599908791221, 34.8334389833994, 67.97773142657651, -48.80727934406404, -75.4637798746387, 22.00011984489542, -24.61798709647203, -108.59688851958632, 50.27687812161165, -86.60633553792724, -14.205015993655266, 25.984893820493518, -15.867226692186007, 41.78002028357038, -14.681668966268228, -78.62912841381988, -41.166838047132984, -9.737023283216864, -52.0296373053972, 9.525799748120704, -1.0122867260751647, -199.06287256928925, -13.987736935589531, 66.84171168018855, -12.980563607276068, -13.982692089036982, -37.97587401133694, -17.910531809906384, 51.83600702339736, 25.26727373860839, 72.16732134142589, 115.15443688523584, 5.130524131148471, 105.50959355755143, -82.16501193703829, -94.25866398636342, -69.79513833397891, -35.92489944785681, 94.32755220232626, 4.284071262260773, -33.797056311818224, 17.70585091359541, -86.89510207889418, -10.003248622117333, 51.985381327007865, -10.640922748452041, 165.7896223815852, 94.61256481663291, 19.390354390921402, 6.972165684579506, 7.23711564373787, -75.33454017377996, -100.27195301319045, 80.71976704696267, -6.995735922395205, 91.35588801851198, -50.16209506138033, 64.54191475863132, 140.44340358819883, -83.11051080543001, 65.60666838797218, 28.444237725368456, 96.60968931004106, -122.68725143911279, -30.70474458157314, 57.74443629765721, 12.531814330178225, 4.086005656739262, -16.52883295238398, -84.08022290046466, -26.582109738673825, 40.156343001595374, -5.416177429028749, 94.33424917967767, 54.2944534178156, 23.009438182697995, -14.904483073730345, -58.149687712694764, 73.77755352492578, 60.18457204350494, 23.103029957803106, -74.70665192922975, -6.978533081482588, -65.71281220092324, 42.943365110265844], [75.12014780518112, -38.5540196369377, 24.867759914775693, 62.67381058100734, 53.95060983631384, -82.53189452277825, -44.62275661461784, 48.57309035667367, -81.11063620276337, 625.863288425447, -4.002364603196576, 23.360209202719524, 81.69621815397431, 54.79307294821267, 108.02287808713652, -66.58922104689881, 77.19406235329326, -1.111289461129518, 5.212556565297574, 61.95793643707671, 58.32028295013993, 59.659571535607796, -35.34744137450756, 62.20122738303404, -68.61489626621581, 50.34901121724284, 53.729821710031395, 55.350638654570275, 71.522991972202, 11.335745880256272, 36.24897776123192, -15.545572835916733, -71.8248057046688, 48.26999646089482, 48.643283789104345, 64.10371466942358, -10.854215003236735, -62.8712595755656, -8.769206781512818, -24.225927330422902, 7.147330273110831, -9.665276304505054, 1.788092367311093, 110.76546542028414, -50.98690920800826, 17.88410508393636, 69.26152599213532, -3.0857039485014375, -119.4844733297857, 88.49462304376632, 64.10862901501373, 86.02354848217735, -61.43942788957102, 110.19150268277278, -25.208625874043516, 52.509506789658, 7.689535643791081, -18.124071415245933, 81.42680673126956, 118.47103277894716, -6.112058931269745, -139.32312770562157, -10.194459860870863, -26.361923317272783, -25.242515349140685, -92.97798533439462, 27.184488795054232, 85.62342270764896, -10.664932807770004, 133.33396673068842, -17.213439237050864, 40.29996906103403, -20.631621864429057, -40.55726050357415, -68.47396713588215, -3.237195953436131, 32.73886622508857, -57.85878597176246, 95.07141401560907, -49.75708056035694, -51.46992423115479, -51.65324706132564, 72.18800490953967, -102.93903559652603, -128.4250550485287, -78.52191321975677, 174.22935554390708, -93.6462726704281, -33.96324407788691, -115.65403644928664, -41.28634906740241, -18.364008170909806, 81.09559823913669, -102.27197131039755, 30.186378569673725, -10.367327756466157, -10.833448432810755, 7.137418658930472, 41.58325461735955, -99.42868536790856], [-121.95679621533776, -13.385036086809889, -10.539146281582521, 60.042713159113056, -29.792628260872863, 28.37705331297622, -20.99423041787335, -122.33472450067494, 7.649513127277149, -4.002364603196576, 474.6159635860794, -61.52235072449277, 46.840005618692814, -42.74809136598159, 100.3221527148596, 39.56361184918219, -85.25350939185857, 28.043272089620856, -45.43995769737772, -23.943735357894475, 11.32268842551516, 133.20466433967638, 4.377494116487156, -50.23621852686088, 34.469364097810534, 56.70829315427683, -6.183214629992166, -34.20391167830965, 0.20255751580350106, 1.2534122422344987, 65.71636839208112, 35.77170992170704, -41.08961785783495, -85.37594269780712, 2.4579656102588494, -64.24533075207574, 21.730121396733523, -33.7033156896559, 148.05965030548265, -67.77508315789152, -0.32168884336982806, 3.2354901291674265, -66.79761064744321, -64.76204814357932, 17.005662851348113, 76.54104998077226, 37.70895175411569, -35.27065151884037, -30.43492829584574, -53.95411318996102, 48.68748896468344, 103.6265879757146, 33.628200907724015, 40.359581213589045, 93.54794421312918, 3.962341489688445, 51.77638672454832, 122.70614223771243, -73.19949486218727, -54.38797805957377, -40.55229335674086, -42.12627498442865, -37.68060988221956, 40.1934382970542, 50.660287762403264, -14.058867650430896, -78.45421229209572, 30.553917812501034, -81.09073463881172, -28.965751039948223, -13.364284848282491, 9.603342077577505, 59.485096623762686, -53.61126583676846, 94.06410588753256, -77.7590233248791, 1.647679767024623, 8.725012790124316, -61.12671668408316, 20.136781142248264, -2.9545441994614654, -132.35784778048273, 66.32222621284387, 53.90787840204732, 29.08781252792669, 3.9026956213935984, -28.39583654249495, 65.75254435574847, -107.90831409614823, -65.17356851768524, 13.888882928836813, 102.08726828365492, -77.16808466712618, -17.44998550819876, 28.39578532478729, -53.90587087222355, -54.25995949000703, 13.174182808112052, 80.25412828809446, 3.275895689825209], [113.41878396846836, 83.83702086041534, 29.398168175077515, -15.085420631633834, -1.2934389206285077, -11.748830350382391, -18.23020115009838, 43.91011794678125, 98.97154038860374, 23.360209202719524, -61.52235072449277, 591.0905308848664, -105.60987395922362, 47.06495234573349, 35.48452672588421, 18.904277733578144, -32.01571113119349, -17.34539516819952, -34.44703833677531, -108.14855936719617, 31.101123239863572, 77.63065866565418, 43.52631675990049, -15.212351652039128, -29.246370713738774, -12.770686208913235, 8.873767341842834, -84.59178257034455, -53.89450662853058, 87.38553365365475, 20.3598472503956, 131.15325616490588, 112.03460051794625, 61.69848525492217, 59.79175258161302, 28.469055321009222, -17.22609373592273, -66.16861455191297, -71.16702954138538, 43.92616031985819, 15.768906778165224, 75.89265354903505, 53.39664572030405, -20.912151924770903, 176.19819319520158, -48.886192264396364, 18.608463450484688, 28.027033432428127, 51.28638321850752, -29.242691466034852, 45.17244781744725, 40.026931569333584, -6.944483645772972, 119.10046376674006, -1.2423658747353148, -89.59846810694384, -62.17575679742502, -74.41374937798564, -14.892647754968305, -4.907398138629585, -58.86088473888488, -44.10400724270898, 11.672487829446927, 30.205028954539227, 37.68967488087289, 1.1860679164310612, -32.52676944121442, -74.14015640556052, 35.67925886547572, 54.845773836256164, 60.2883698405382, -21.71697455454467, -58.164431543393256, 42.45435958834267, -75.2888428681257, 28.29631791221735, -14.678835510908756, 52.743051778968976, 89.3624410503711, 125.8454641065601, 87.67195208972343, -39.74107915989048, 16.17271018572811, -38.79690326643849, 48.88073088577475, -7.160112261275319, -29.93670354398525, -9.103891234237299, 186.31154455330181, 151.99424707222533, 20.752974212112118, 84.5985209015702, 46.45236544534745, -36.8280619963056, 5.395011513875388, -70.59230314279534, 67.80384272190305, -9.157802490864348, 29.575696072297493, 86.27273858312105], [67.13946209901584, -156.74357498358768, -68.36777263100092, 42.25308545463863, 46.10862134971185, -41.75519713475245, -123.56408615351411, -41.865218755043266, -96.26741276787233, 81.69621815397431, 46.840005618692814, -105.60987395922362, 620.2336932765517, -26.403756346204744, 86.82057151989906, -8.970435785433349, 31.956999412373943, 19.131668373941604, -64.26590633260889, 126.61793866889144, 14.493100891832595, 17.896912414194684, -105.20756000677402, 13.25965971569004, 57.4296910391881, 23.075497725654053, 116.79678547210294, -30.596643243760198, -15.736003239073263, 44.12977403822971, -15.606067395463045, -2.6417554224395827, -78.74572459405412, -80.99010532973146, -62.81514671302704, 129.54232758164633, 118.16801013978608, -49.47474825792867, -25.180530071033647, -94.98696233221395, -64.05935913281033, -95.49266420408169, 75.6872295434893, -69.86600129868415, 31.45939827806301, -84.67453327091059, 85.81319937775349, -7.9299611139474955, -35.35779370109987, 64.24185402939563, 52.278227302339616, 96.1440355049336, -47.3450762536541, 32.52207181552509, 12.658798234292021, -30.469469464463884, 59.37491780119986, -40.1256830052391, -43.82321269136333, 17.10628478161139, 15.81842535009063, -111.67078817989591, 32.43355055882328, 36.97806258268702, 121.47543265106609, 19.64873807933599, 65.7384951911587, 6.4344833638164864, 11.881538157234887, -13.63157526126449, -61.619785155640095, -71.10432552924438, -51.18916060642886, -74.33376206701625, 131.08693596358506, -29.69382104110194, 30.11865264392115, -94.99320087641628, -26.795913716004875, -22.019380098034855, -139.71235257627657, 105.01030742509717, 72.52295898688276, -55.850716227620744, -14.593013910161849, 34.21681522280339, -28.858290411430435, -0.1192024298353398, -68.11940532484753, -177.19468185811232, 2.648586099381329, 64.18142794554325, 151.72337129451748, -20.17399804428916, 62.49285883350096, -80.63973241253157, -104.95368350346187, 99.21058127319786, 11.751017005972875, -17.941377617235215], [32.968461355377706, 28.067905277679223, -85.48313645300199, -17.099906089763092, -23.10417416607671, 53.66757626577862, 2.7196862760879186, 75.50771771926772, 32.955157120961665, 54.79307294821267, -42.74809136598159, 47.06495234573349, -26.403756346204744, 494.2730617017786, 63.42849910788071, 27.479008021583496, -37.14538499201236, 118.13514028897941, 6.211131533182903, -88.57028985544859, 24.774360403375994, 96.59928864887648, 12.05759901382358, 41.18618674036073, 15.111716429940795, -109.20527128830504, 61.455622360070834, 58.67963090002217, 64.99172998800898, 17.555262442734918, 10.518418659794031, 35.98617543756658, -5.149576774929413, -46.194748178092446, -102.4385580719011, 28.189174378959503, -98.28788309211, -96.74661248282574, -47.15553849885423, -46.55563106374732, -52.50222497947572, 120.23222114719825, 48.74835006028509, 28.981678741194322, -0.40005948061137037, 6.096443063497642, -6.634194112119249, 47.3225750516144, 17.492081162038197, -26.53374662407978, 32.04597524834827, -27.505014652413546, 33.58399296462314, -48.05007219099389, -16.19300838473331, 53.4835888846325, -39.34035270534219, -6.2719247577078505, 25.032382354053958, 134.25064331183802, 121.51987827785538, -30.18427915383987, -46.27304302897127, -14.399908382572193, 43.205894064406344, -56.40557961871762, -37.031528258443984, -1.4270379783663691, 58.9715112391788, 56.17426837623498, 14.800729229858035, -62.2449181071518, -49.02293024036767, -37.114417011848296, -109.6408561778636, 137.84775183621653, -109.57290891994177, -1.2638757797780298, -44.2477398940041, -54.252869030462236, 54.7449388018501, 1.5339925632635045, -52.76189727556728, 9.052892592809298, -11.809221027083165, 29.774159058425525, -71.84135498433146, 23.693449147933404, 28.833317998749806, -20.72841532287752, 13.75262881592099, 7.175003774782625, 85.6316845503602, -25.18630633108973, -25.696224646137658, -82.01769155855321, 52.74561244181724, 33.11162831703144, -8.497765514636784, -12.59730698623781], [-3.6704467705187196, -51.36222621536758, -72.71433365004171, -47.812165713344946, 61.84656007773722, 53.96271183471766, -51.280731965964264, -61.80726345670165, -60.38145978995578, 108.02287808713652, 100.3221527148596, 35.48452672588421, 86.82057151989906, 63.42849910788071, 646.4138193745573, -36.02840565242624, 66.77583846655567, 23.222537083793302, 1.107495598479218, -89.03292472383426, 60.885139197071595, 59.19016299853073, -28.293770901996897, 140.58693707494487, -128.02475082687738, -18.732447388481337, -33.044014756718546, -87.72433240269304, 53.52986826481839, 61.436387818749004, 71.76911214671408, -39.181880970330084, 40.6201647543279, -191.56895094009283, -40.97273534459646, 74.8760970942641, 34.55059716374903, -79.8443604173173, 43.67876904170252, -69.08721545446247, -65.92839636249708, -94.88903191292526, 53.66819545929453, 68.19780741682443, 56.20682815357807, 64.74172937714407, 66.6136124402471, 20.27744187248494, -31.06412332652838, 100.58191223462035, 5.076121484210719, 40.456905239031904, -39.32923720958046, 30.43073854042789, 85.43085131527319, -1.5829752462894024, -23.110913117723516, -25.421825112083702, -10.937925618561714, 44.723201530093164, 2.389468777467124, -95.74297426050032, -18.559026118016973, -41.99671591022835, 75.88759056406292, -1.0135170494199253, 33.875845612235864, 115.49727479426036, 55.44672186777993, 15.663672189003954, -53.29483163952892, 42.55692711772123, -44.36478221415555, -7.169512077835057, -52.910378743446344, -141.10172483853339, -83.4774290398652, -44.879713610023764, 20.921221755889743, 7.42361142940807, -87.17566261507847, -86.27979152618133, 118.63605459265733, 48.67452739055017, 64.37023466756149, -57.77745559103986, 8.035126832135022, -25.263283463457736, 85.93047780198799, -128.5462813063715, -19.792316542558115, 78.65880231337826, -40.859907810910535, -99.69548537990758, -72.7431007153671, -78.06744646415983, 33.26505376289443, -6.777853235222831, -46.60008431756229, -96.91547831919365], [71.5813038470667, -77.25018144302604, 65.49560972564976, 39.41593776135399, 34.48857268641533, 70.24066928928914, -117.36548706067148, 11.600995859515068, 61.49599908791221, -66.58922104689881, 39.56361184918219, 18.904277733578144, -8.970435785433349, 27.479008021583496, -36.02840565242624, 706.3065911880827, 66.86859784363958, 49.11349013825906, 61.91038661558539, 58.86300443335087, 30.243230291160145, 56.35930640092161, 71.2114741981744, 6.21385235709388, 128.17563302829535, 54.835314781806574, 95.92817714610395, -87.37389137798137, 6.804704386601575, -110.98788492641542, 73.40637737610841, 116.62826402849977, 41.18902070794815, 11.261219648359104, -7.955802261727374, -16.29717191309025, 122.45312465519918, -84.4228370449455, -73.60771989513104, 3.7595855461963956, -19.551329003075494, 49.03006729467046, -16.328291116328497, -41.33022844076636, 103.32756159606666, 51.50061193986767, 66.54064695267346, 2.319351814351779, -29.4074282491129, -88.25167659518586, -53.422242999533765, 23.398758605489224, 51.51569745383787, 24.312624456531747, -25.447552877935113, -0.5653153487758561, 96.44786567062417, 68.93747989319756, -32.93318887660352, 23.36762601000189, 5.11645209317949, 111.78153741186702, -25.330278006897203, 49.578772935069296, -47.03060124014806, -40.40065813089803, 1.2296558764552528, -39.71739568808755, 26.92558505116355, 85.79365314252524, -46.246298751469794, 25.840864490818024, -61.89542897490956, -73.3875374721063, 79.64456094537314, 171.99047787691413, 62.5092619600104, 80.29609713951737, -94.57961732700913, -5.6374940636328645, -6.060769223041111, -80.65404110569055, -85.70854651494, -123.2113611141651, 67.04026356714058, 58.15855066872755, 101.15494629467003, -35.00624411949359, 95.39240365345016, 53.99057452025266, 47.46829152155714, 64.83047156842743, -77.64555309439446, 59.760942669949216, 19.45294287846774, -18.286046441195946, -5.551256343500964, -13.832692992902052, 11.163214443489963, 23.51197765719407], [103.07549412798954, -59.987278142845426, 62.07342955343767, -55.736449177768634, -80.86981161493256, -57.52247619337374, -84.98592203056691, 19.82582319724835, 34.8334389833994, 77.19406235329326, -85.25350939185857, -32.01571113119349, 31.956999412373943, -37.14538499201236, 66.77583846655567, 66.86859784363958, 707.380881185067, -81.8854059192455, -21.307602106010833, 22.439647208977956, 9.02646199886077, -89.94996663783566, -42.00500074229559, 60.68239487339693, 48.45336716928341, 69.83507979731205, 36.40675101904453, -39.66316893602775, -21.742299324735026, 90.49227216814883, -70.083256060523, -24.4040016479313, 31.672159258971718, 123.06687867734236, -72.49824917380835, 51.64100646143801, -22.317414829101477, -42.6812480930624, -78.50688471170812, 88.30784239864222, -93.11531655688826, -52.0828103404546, -7.837007251183405, 115.20783060648354, -4.69954124050904, 5.4858901927571635, 0.7912668175850482, 86.72553574565558, 85.27850562039995, 96.63532389244274, -38.86817749101008, -19.037570616720956, -50.66416147344759, 107.49349670870345, -97.52732377716984, 4.988976846740963, -19.577709256307656, -63.56250821555041, -1.4744490743107845, 36.49417044159459, 40.504380276487915, -38.21202308779111, -29.159562060319818, 27.392973450530633, -17.553272816847503, 63.27107307777889, -33.313094449747084, -45.54917509803699, 83.3956718091168, 62.34777731601626, 63.57766985738518, 144.48243124336082, 45.18239915047286, -96.14126365455766, 54.489774593385214, 90.87956442546019, 70.31238897671598, -160.82746648662115, -111.33115634297482, 1.9925591762373818, -121.10499572695878, 50.37362780525106, 83.07871623668618, -22.76260099962421, -192.23125829098402, 27.732801975511258, 66.6906775747655, -124.97570195932857, 110.51531177293127, 56.323637388091285, 12.510916654276981, 44.17694502551741, -92.9199985287732, -23.54404524218172, -130.69095230831658, 48.5455236012179, 42.14515958677851, -16.71355673287574, -1.2302397451539309, -53.78356674744858], [-21.946557270410185, 155.25361429181575, 18.55164852430258, 132.87479001588397, -12.845366373507414, -101.06944158812745, -0.045032523892208964, 18.71608070825143, 67.97773142657651, -1.111289461129518, 28.043272089620856, -17.34539516819952, 19.131668373941604, 118.13514028897941, 23.222537083793302, 49.11349013825906, -81.8854059192455, 753.2440657030162, 1.4445488755608593, -5.441195808856638, 23.73140345221868, -38.49242326916246, -12.683177684564198, 62.96055603864032, -41.375226638873905, -62.83062637118317, -0.14967767576513302, 45.00889367075104, 20.237875781452747, -136.7362471815344, 83.44594648681418, -94.13288843609213, 0.057525304681170085, -31.28061889457993, -4.7255641250122915, 86.76729807948372, 93.1087844640273, -38.750682721467776, -5.535680213059514, 65.14950543948325, 3.1020866062135948, -69.02604538303495, -78.94340480714712, -4.2156950388398045, 127.9965074557116, 72.77365961077393, -25.52978510916335, 68.19602244839758, 75.03881026925744, -95.88602659793969, -113.97654913191798, -42.74060965431886, -39.5161550471117, -28.415145986491293, -58.80832446935559, 69.04770698670723, 35.19843658622899, 20.25235015543931, -11.415930489028852, 70.60783108316916, 22.109907856202273, -38.75039392065918, 64.04070029301175, -91.73008922314712, -21.565810134824105, -59.670356544258965, -16.026052069443878, -15.708017883289294, 3.784721987942206, 12.677006782211839, -9.780575609318708, -18.519586548725364, -56.837906952164204, -12.034027529859305, 48.21155195147298, 18.268576454067883, -75.99330578286869, 73.37368072184292, -210.01013003852788, 0.10506360392817411, -10.978947374631769, 148.68559895367906, -21.658639268993184, 9.952923186167599, -2.546774635949925, -15.457691817141182, -161.46407812394366, -101.49775138100053, 43.780587156125016, -25.781914036440213, 56.79745974803006, 44.543714227315526, 61.33728981229681, 123.78775970259451, 170.74559905528602, 35.69910038052502, -119.3931236073313, 49.48714852901293, -47.061991714797855, 9.389245398693193], [-118.68112408422832, 77.42028260524006, 110.60291970731663, 29.5620444598377, -140.0800577732697, 84.16193707205358, -81.59918887599882, 113.31227762165796, -48.80727934406404, 5.212556565297574, -45.43995769737772, -34.44703833677531, -64.26590633260889, 6.211131533182903, 1.107495598479218, 61.91038661558539, -21.307602106010833, 1.4445488755608593, 933.9258387568404, -40.41501347387881, -117.68845667177312, -0.8653934080420748, -90.39349085164736, -14.655274832651905, 14.222262542627169, 56.98717116133345, -45.76936869590342, -207.72421351635236, 96.41438456227482, -107.66167223964209, -54.41664183736465, -33.922221224328545, 16.89172947830723, -61.75597880599988, -72.41676827180889, -2.445816989487478, 25.184717423254927, 28.937752296080433, -41.73726983489034, -63.5000702345854, -82.94681567152846, 111.52892140947826, 100.88583056155558, 75.7953182382592, -119.29743382252575, -27.24788669969474, -220.06955580406853, -42.05697185480592, 77.23820387163083, 57.29044260403705, 14.284468164280916, -103.9954925078783, 44.31074170849834, 14.907107174822238, 17.608858166377196, 21.868814616773996, -108.85861815674826, -32.23217229668978, -7.858019349650217, 27.72183033340999, 225.37804992342973, 85.67787972131894, -104.59046698854857, -30.9079019549279, -17.599570139795876, -42.19463923338484, 16.96771651218053, 18.955844000808877, 94.59518648088236, -193.91964828702626, 72.18647719861566, -75.2232111428313, -79.52672111951797, -27.413374052270065, 5.6662557495581, 18.944330932966263, -34.471882626044724, 85.59582353982262, 185.7141836880764, 110.04868249858289, 44.78116150184045, -62.65589167094722, -44.48264083978913, -66.56994467027785, 138.9624623394212, -34.0578793088638, -14.02186977242381, -25.24663554133304, 46.909888924667, 7.2336709202837355, 75.16437891840494, 40.10229735787828, -9.790356686982877, -4.830582175445777, -101.76347354006883, 73.47372981428305, 31.40310498872214, 99.78433617649871, -15.733432194671183, -95.7209825550269], [35.11802173615935, -34.530298810251544, -8.026866990971328, 162.15144509234395, 17.610772996692084, -120.95691280695706, -29.075712093573497, -36.20300523584786, -75.4637798746387, 61.95793643707671, -23.943735357894475, -108.14855936719617, 126.61793866889144, -88.57028985544859, -89.03292472383426, 58.86300443335087, 22.439647208977956, -5.441195808856638, -40.41501347387881, 733.8621866657901, -52.51950635840483, 1.3009610879317641, -29.01663072170132, -66.98452756845057, -78.33141927752597, 163.0029427640175, -17.073768028662904, 6.813591304254481, 51.54131159026257, 58.23710780916064, -15.593045105366977, 26.723242812363193, -31.9741566805523, 77.86554892941763, -135.23423469502, 93.29749789263414, 83.04575002923215, 14.240765194593493, -154.2219826584876, -59.03522591408744, -22.597771629309104, -0.8382407335028668, 7.810835230174721, -7.412983436019777, -30.266209955569085, -38.68675594993871, 19.375571582604202, 37.49884866627263, 26.3122260026512, 14.747529577266336, -98.42172991022407, 28.795748373544477, 35.50752886522609, 49.01930281278798, 27.4082919136044, 13.684584291695025, -34.73469296569695, -166.86578451544602, -52.67922744228462, 49.7828978398898, 98.40947993572705, -33.08070913645431, 6.231466831888095, -84.01671690052204, 6.37212109155978, -47.02591546215388, -21.957301488491716, -77.76522489889483, -54.460070675331785, 45.622110162188434, 23.331875201821358, 57.424600246748966, 83.60950180073154, -51.24080039128823, 129.09276142247296, -102.75791312657334, -4.773767136079197, -56.00185826299578, -21.990281052893522, 33.84482861714112, -33.49879027951733, -34.68754952492313, -19.863685417312087, -73.25887533586096, -83.1416872152284, 69.23317644763218, 5.871999875359674, 98.06145884952706, -53.9169453039399, -90.80397872742532, -30.863347409060953, -46.088734789401485, 147.37281033924688, -17.400831422223156, 43.40096661664651, 167.8894141080929, -112.55236538520712, 34.32255296464497, -23.68377937182328, -70.20157033516425], [57.09606009206066, -65.09456677410182, -36.681205675025694, 3.37104604910784, 116.18999589742317, -113.85254199539055, 77.1602013186262, 9.403150659033654, 22.00011984489542, 58.32028295013993, 11.32268842551516, 31.101123239863572, 14.493100891832595, 24.774360403375994, 60.885139197071595, 30.243230291160145, 9.026461998860