{"N": 100, "M": 5, "A": [[[790.8837957389466, -10.360596455104584, 28.58712647391125, -44.45692020268862, -54.66019461836697, -9.496190823954887, 16.289937363746155, -54.53142000407634, 21.94022604159601, -18.05477552192761, 247.1203294331928, -46.65315278618814, -172.05208514401886, -139.87313724079578, 82.47331960212857, 43.163834436801096, -59.71000328615265, 41.24814696187895, 50.48677370751825, -12.387683660669632, 32.98170837703932, -46.661131204991634, 39.330621868908246, 42.88755840081839, -10.589371749224537, -17.383231227004686, 8.803123485620347, 65.85109364850842, 107.13692156050195, 30.448582863532675, -16.098605187980517, 7.753711073321184, 132.01541982566886, -22.04169432276641, -32.04710892434613, -70.72439397125981, 100.16879926524527, -37.92987229699805, 105.94760558252715, -23.68493191338099, 19.644610085729695, 36.99966102381611, 7.704068724862575, 50.97741533304639, -41.072179978228164, 9.178113357773597, 33.56428602429934, -58.979294908884945, 28.192169536422576, 38.80434367509391, -59.2455634157627, 22.69732095483801, -130.17811630229883, 54.38591099553966, 7.48093663714489, -74.8313032765488, 25.889917030587846, -74.93134716768552, -50.352341531862514, -29.081064538229278, -34.059994628806805, -111.47430955468317, 93.37470994157172, -108.70358375358335, -45.10066018566043, -77.41458440781554, 9.214228440878763, 48.10935594008077, 58.95691083480575, -5.719329899560697, -15.098752898881573, 133.64358847954773, 88.09528438143685, -15.298414604114564, 153.41171120664046, 37.05013672250817, -49.98390220029998, 14.271858227367325, 38.083391942781404, 16.572860266053805, 0.36661058216654663, 36.1380351549425, -31.319315496222284, 59.93262154901361, -45.8219521909646, -30.021713411295806, -116.72490549854733, -4.094441561528336, 85.34211958779935, -47.370572469082035, 26.549007921156115, 161.73823996631776, -62.108596019379505, 13.131778380130296, -2.881171484603889, -17.29994018106042, -82.0336978789415, 62.70797971464624, 29.546630829059037, -9.118221817865106], [-10.360596455104584, 857.2559118893284, -103.70464933971914, -165.94856027902946, -54.955757326439546, 126.6060652782515, -86.11155680302815, 15.858752750872046, -39.713407083679755, 13.20613183474538, -90.18502878805037, 27.086466202206086, 28.28404978159392, -109.42502720760669, 101.47294524686245, 20.2275369879368, -50.51879097230802, -3.3531041239788726, -0.7182180742357699, 96.98758791544341, -136.33686081413845, -44.761571363583094, 0.715080449326926, -87.31063172750285, 17.627133389146778, -60.62104978865915, -18.711943381083987, -34.65697419368165, -36.058664004210584, -130.17571535463642, 79.74546737437133, 70.20502793944185, 94.35739829325576, -38.180563437198806, -41.525368397255384, -43.87669207793879, -93.93038639046642, -159.5331911912782, 17.522097064692158, 118.48974040620925, 32.119381582744545, -77.67420942374069, 14.692750537749209, -51.780886025108934, 17.40875002681616, 194.89156830385005, -84.2881564441468, 38.849986342423946, 106.05555113247767, 35.440299746925675, 92.7467597001311, -78.62191062048299, -20.158817994123286, -25.88606946259496, 122.43736992069697, -83.37458620104812, 29.394999196601137, -235.4786725693172, 47.934293464677914, -22.50718288507218, -37.26479957592067, 118.54582828123023, 70.60560364371904, 2.6096168394688033, -8.752249032856936, 5.720995506693341, 12.72846041326424, -111.34726309166672, -106.10116848143532, -109.15663463232231, 76.90602548203451, -145.7703074446467, 28.519535854802722, -97.65289716639552, -67.59945312572152, -7.78823788611468, 15.933368578296012, -32.42964291822763, 32.837129526431006, 42.00324189796965, 7.6459918339163595, 213.65772951541646, 63.51522610071932, -12.702248933476076, 136.40235003132992, 75.27933580768274, -71.96220393659665, -81.3813247919745, -70.12506328276035, -12.443925798304521, 21.227910517146814, -8.12403493279341, 5.185743581812823, 36.54293689877233, -121.44175332715011, -2.045394135064346, 55.77088602288375, -66.7508660183784, 61.388215979144825, -129.26317219759176], [28.58712647391125, -103.70464933971914, 800.656646934193, 28.04399905656193, 26.772152128616135, -38.698402640653114, 8.189470359700499, -32.664663989892674, 3.1568834759583075, -58.904086367875664, 90.97602190973471, 23.781484134009776, -25.084133402662275, 21.92478708484452, -152.86179705868358, 74.94740038211575, 75.61106356723015, 122.91776174928549, -30.940605871998304, -44.38114833993495, -29.064689925585604, -13.388666520989036, -22.279496174808546, 21.20033924714066, 74.30603641777836, 4.7955943239918, 11.842538944046506, 111.12178495302321, 76.01389006186885, 57.613249364896575, -36.87675099886762, -49.021294081912735, 72.08720719480425, -93.62636235411672, 88.78217179507699, -55.71950653844397, -7.2557120856888115, 105.67168586819452, -25.004038945461264, 42.91993500446432, 2.7669125042707874, 148.2545967380006, 62.890887479275165, 45.278209017800776, 24.74316373363137, -68.33212616796617, -110.25288523976913, -18.695928477476535, 1.77997355457195, 158.32727078248078, -26.30562475696694, -47.33072541878006, -95.86648056278702, -139.63418112825119, -16.7096393141036, -13.205673469625497, 46.86325692293238, -13.20420348188291, 36.81896032785481, -144.37423935175138, -38.18007977426907, -52.24021255100264, 92.12516545423621, -35.78376346563522, -154.2408083411375, -23.871909381451253, -25.894224375646676, 10.659485087009251, -10.591775533741254, 0.9262640141866801, -208.23115887709724, 82.43286779706833, -31.41977499014133, 49.63487477811375, 26.0755048653086, -11.090969348798836, 144.80618742244778, 28.181064436800003, -57.24546642613303, -2.4329985345756766, -95.85867761417882, -128.71181856932162, -19.39908977621445, -13.90800380962274, 5.677470064836467, 99.74215759342941, 0.15053219340607854, -27.738437300145836, 8.399784589613738, -45.6179908208427, -102.57882194610619, -81.58668494383063, 25.35426321417613, 126.64722470224456, 22.433572500196103, -46.860917124987225, 111.39142240852759, 1.885192156212294, 10.988036356385606, 20.02938155565788], [-44.45692020268862, -165.94856027902946, 28.04399905656193, 940.3361297476007, 18.078963456290115, 44.219983889386334, 11.437045389187016, 0.5512702309706415, -11.362185541123916, 2.5827277375516497, -174.2871378850607, -94.11382087592153, -43.83118030926769, 111.38866238617996, 21.252739563781542, -113.89032266405086, 125.86331083948755, -51.32999070930333, 23.340285618645808, -56.65475116066409, 27.489539835579833, 44.02362015654354, -114.09798849512855, -99.5739072379618, 86.6139578459265, -69.9786252856007, 32.88142564287404, 25.466078321759003, 16.391397984139147, 6.726103625934191, -43.52016209330127, 53.28374734660775, -84.68793651221348, -45.910116419278694, -16.42555934203625, -42.811863231176595, -31.89848570240255, 60.08825401620336, -16.316016998740373, 77.35049492374893, -44.992522911101446, 92.39572032083106, 2.1984168285454735, 8.354191031456654, -97.72973273075804, -87.14501588464879, -56.83142166372271, 31.356204336123998, 65.36662290689911, 74.14439486473643, 21.983367664802017, 22.27303365094791, 25.474540620299365, 7.987812788159304, 98.59691599765507, -36.391276545210516, 5.758455570168666, 84.57899100514256, 30.136676855338706, -1.0897612428523997, -104.6366739904318, 181.12045967565632, 27.17279021812514, 52.25233313256976, 58.37819168204811, -28.2843744573425, -38.89138265243742, -53.22946731839963, -64.5504623482187, 6.92436793328487, -12.509747952686297, 171.6079267491633, -6.276846806280512, 19.12494525082874, -84.59520668403506, 91.04304769515919, 71.96601118784082, -9.685746327162855, -9.477290170233463, -58.21259112483626, 242.99669956635796, 32.630833776550254, 43.3309451031948, 10.290064970351057, -68.93930364102533, -65.6783005613542, -22.113183961556327, 2.5383022244288576, 164.264456314564, 107.37591234162838, 20.77119659770949, -142.02554876325607, -82.71301826926566, -113.5363415224732, -1.6544059968436131, -110.23572236870469, 17.436676447448214, 132.80377954196962, 9.464985565105728, 123.91110238148406], [-54.66019461836697, -54.955757326439546, 26.772152128616135, 18.078963456290115, 773.9682563750752, 52.70286762587885, -45.98777850156046, 160.52907544771313, 48.34432099988717, -98.98143987335888, -36.51801361675844, 21.91366042217865, -1.5607127858822443, 46.62499360774804, 22.910575827097894, -30.11300065024838, 9.490912786145504, 31.326575050194588, -89.59280865355788, 29.040873660489126, 57.10609761897061, 36.121007919128026, 22.296830097051316, -30.272034813572887, 33.62748962066233, 43.548680571136735, 100.8661194612331, 154.9881205136867, -29.846786069741356, -51.60359827696976, -20.36942403397854, -172.2629426810486, -63.62467708314856, 6.27277034036973, 70.01962519274635, 11.5917931869536, -59.07548486768426, 54.268243314240664, -15.337226461189033, -0.825145331710526, -41.10584363677315, -33.88420839157658, 15.84688046679746, 12.148120968339603, 79.0241055134649, 47.05745598304482, -4.36529146657387, 77.56769745365806, 134.53583190113764, -28.069862209431605, 104.05848842501808, 51.37140890333453, -27.99915636348507, -137.719541927438, -123.94006830983615, 41.540563578303754, 66.89363381767608, -35.83968142507489, -153.0970262688481, 79.9630009957144, 36.266856508175586, 54.5096954197374, 40.999977531940694, 52.4445955764453, -48.302216359783735, -110.01867679400375, -66.41680703630487, 66.86265698314847, -4.108744802258077, -33.8433811377052, -42.28945710837145, -0.4567018566542682, -134.70950748946447, 55.48341558624313, -86.33388558800297, -89.28960107677185, 100.70206491808074, 12.119363433841352, -50.913300894848916, 16.58956755881893, -102.38957065599932, 107.19358194214556, -103.51259093000719, -55.781247051027485, 60.09349697383361, -4.768634040054043, 67.61965790578799, -7.137601680842424, -71.31266709095337, 86.27687939994689, 41.338163922508485, 31.54928301999406, 86.23738785044411, -63.24923814710401, 3.1106548877271587, -9.692914483145783, -43.03220431213316, 75.46633260410498, -114.9005061815059, 54.31604866905234], [-9.496190823954887, 126.6060652782515, -38.698402640653114, 44.219983889386334, 52.70286762587885, 926.8280178018977, -13.495854752140842, -114.4951900864142, 3.789322096753051, -6.885184872821562, -188.6425054121809, 79.37265257571966, -61.45608983042384, 111.06172552516821, -119.14843254583396, 6.030039805996057, -44.34399530913302, 55.93997198915428, -50.56815036580054, 118.10349125626965, 147.39095870493335, -33.27789814997664, -26.025451812944308, -129.82015647926508, -17.159534312272605, -106.10968755561616, 29.217326329464456, 3.8239426231348084, 20.12045835246504, 2.9717997157021365, 115.95313660454089, 21.142076937376576, 94.96332687823752, -17.49113396801706, -28.28601109631133, 11.827620280123146, -83.55921097045658, -31.130483808476846, 20.606899521046554, 36.94273795455035, -224.36451842106484, -57.085698997311894, -18.517753417226583, -11.592734074054459, 35.33176410488423, 6.106412046923726, 104.24447731593884, -29.61430133457888, 8.809300055909432, 53.68424476215127, -48.47743720310642, -86.31502217095766, -29.659385218286072, 62.56480075010226, 4.451957805021824, -92.81847744522904, 41.005422943615805, -32.0096971761366, 23.665156735417938, -115.12668680768137, -35.462467208951566, 55.98132058595656, 93.61214844924889, -56.46499476757947, -39.18593225910805, 122.52299008639068, 44.078710617697816, -102.02385819016932, -54.859083480808636, 86.42126377554715, -139.17618972489996, 22.15812517988762, 31.185940929011885, 19.035830642172304, -93.00076149182199, -12.385448230060955, -111.89079440330126, 18.90623050773023, 48.997867933092856, 3.318881662001698, -72.05060307077783, -84.76470660286653, 49.79629029741575, -60.30191669123114, 117.86334318134325, -43.336582989771884, -30.455862420946282, -5.337603518580384, -128.41976675779534, -8.82931543853513, 101.33538451565798, 3.9643137683048737, 51.248067187259934, 33.415087526902106, -84.46657584608832, -18.380839660986393, -41.17484033823077, -82.74489404972772, -8.826390011691226, -123.6447673207784], [16.289937363746155, -86.11155680302815, 8.189470359700499, 11.437045389187016, -45.98777850156046, -13.495854752140842, 950.4406866088657, -66.83525623039176, -31.835373448857688, 21.4896820303163, 51.51810377285203, 72.12758952965541, 4.998866548406854, 19.169640274389028, 76.00047686918157, -1.9592346305807407, 2.4747419197862506, -0.33725353622161114, -81.00172981557695, 77.51765256699909, 17.071390563461755, -97.28885058753214, -32.062795706874375, 78.16593762017334, 16.222467592373558, -8.536110207430438, 140.58816155169967, 62.97513082702624, -51.52331676315642, -27.38428022456868, -43.26520460348725, -43.079537531646835, -55.88713017706759, 123.3660037690399, -2.2636514381776953, -89.96349378052301, 86.32888127591214, 29.909757377196502, -78.66113336394534, -16.145860230296844, -41.68627367027378, 39.927207319672384, 49.08530959605459, -123.9888257528755, -10.28501313960279, -128.83608047845155, -55.288493987757924, 161.09452788546656, 17.11293850712201, 124.72611821422176, -107.47290501811719, 94.538332294637, 34.10969562927352, 31.40465508869234, 2.887087381525545, -26.627354448075018, -24.71197437050969, 131.9637176519514, 22.076253856546543, 62.08872480404137, -77.14925370668323, -42.88529534075725, 57.65411461104819, -38.649030866005354, 7.437830692898449, -80.67038550853788, -116.13423062406152, -59.92711990494769, -31.60785790880245, -63.31751835701519, -48.493923248682066, 110.66356678482614, -55.879759561434184, 49.98568268493272, -39.15853741739724, 21.26319922373229, -5.058868347651243, 108.7106356967109, 40.17917902189366, -1.4684725021289706, -87.17769176790041, -14.170001533107902, -15.135924629748942, 141.57459030101785, -3.3890006020337013, 13.406341707547748, 17.080596972274947, 100.79211509752957, -32.439274365931794, 90.1257872952016, -68.63340505630684, -80.66278469323497, 107.29085828822481, 57.15744819578909, -53.14957014984563, 137.39384659645648, 33.54475693349829, -27.626262552434998, -36.47797179355519, 15.987533334803715], [-54.53142000407634, 15.858752750872046, -32.664663989892674, 0.5512702309706415, 160.52907544771313, -114.4951900864142, -66.83525623039176, 822.9510049918138, -55.142942832808394, 39.72433210819473, 1.727725678803983, 97.21587755918722, 85.45962582936605, 16.48504517844711, 113.81832459936172, 124.94865156227168, -5.432304376626855, -71.98851015942215, 27.77012134759762, 58.42263148672809, 9.875742359641878, -87.41656230686836, 69.0269343503494, 94.07488656981982, 75.7030391338242, 68.32409646663245, 46.535988513916315, -55.747143894956224, -141.82881059719483, 15.195713217479526, -21.087852752816435, -60.6942376574544, -161.15657771595357, 12.561921315639902, -34.643304641781455, -23.139955214480874, -87.06208866535654, 60.8703932788057, -101.0933919139152, 11.325176406452233, -4.475950361090231, 44.04454219458269, -7.974897146644282, -17.21826914488715, -28.341987538103023, 137.57386039111094, -75.81179368622921, 34.3602394824953, 62.12306285836904, -73.75305126383137, 115.7346027288491, 17.91416215091197, -44.801098468162, 72.88993730147408, -69.29609844511519, 5.027703733428401, -99.47088510034885, -66.9225387630349, 20.92029616841612, -3.3321973459703518, -45.227916846410686, 53.77402102290003, 18.774540521197103, -61.32352777260725, 13.738154638266714, 84.20732764940881, -120.76426251637349, 67.73188622629114, 93.23757845290724, -101.56648535275728, -91.35015914163532, 19.21404333390156, -76.97961112321813, 100.77112457561516, 55.902602037903236, 67.16895107271799, 75.23467271050366, -24.988398490557177, -12.648249321649757, -29.263170969371004, 11.27796234481323, -116.44146607785706, -60.46190414629374, 40.547909088334066, 38.07322320186698, -108.45438895880143, -89.16291248573027, -67.81190699057, 87.7236918811438, 127.41749185403965, -48.15765182674839, 95.13677832151573, 31.879554023921994, -41.27767076230334, -62.97020708218607, 48.804191472202255, 5.217743604931498, -7.144021046976357, -1.8309961029167277, 52.457263211939114], [21.94022604159601, -39.713407083679755, 3.1568834759583075, -11.362185541123916, 48.34432099988717, 3.789322096753051, -31.835373448857688, -55.142942832808394, 693.3194009531128, 16.01924587051207, 72.65310156322903, -53.54087262126795, 14.097973269565934, 33.39429781527561, 40.87826826236556, 86.50080904057714, -62.987657683801416, -52.03295754411998, -43.97578075326826, -124.17681558155348, 86.29030267826737, -35.62002275844484, 54.489111728016056, -17.070379036801825, -55.052835514730944, -57.29445569754731, 98.73572033113452, -21.059199143456183, 5.117276324949297, -61.02253335926486, -73.1941699528408, 15.499328320816922, 34.477618978779056, -33.385992581624656, -126.61663934291762, -105.13449163985065, 19.060899130545096, 12.614468661213058, -34.80582140534715, 127.77504154743971, 59.60832469426257, 59.901720204508315, 9.369225542803576, 8.994785436582763, 19.786092666310395, 67.37641192313087, -43.4032698004143, -32.94901400981985, -39.253298429520726, -47.523079041621145, 48.246444995165554, 31.003378381725412, -53.929373987115476, 21.715607371299175, 27.903431318796137, -122.41776803423463, -17.986888744145137, 123.31914365984547, 30.89795671510414, 47.61518715977712, -128.2486326632539, -19.72030992762527, -1.5882136422647573, -97.3891201617755, 72.63413556250082, -70.85768084957266, -36.041185255106356, -85.39519104954003, -17.11298137129495, 71.98648730989858, 124.5508286217975, 58.18194327008484, 80.07035506461034, 9.49160476130225, 17.661290412845826, -69.30396836668808, 145.57290010361876, 40.96555033683836, 97.56363325701336, 13.30321813896686, 58.67083342412834, -21.862317089123664, 26.624980646521966, 25.03844578691798, -84.15704152100272, 37.23685382761324, -194.89373187689233, -1.4619508189476536, 39.57492839691098, -89.04840660785597, 75.69353628220017, 36.67302667410114, -5.46667299708707, -96.3099104481902, -83.04760874602052, -74.54227469193755, -119.0724285771415, -64.86273540448914, -103.51142552693705, -34.076395925490466], [-18.05477552192761, 13.20613183474538, -58.904086367875664, 2.5827277375516497, -98.98143987335888, -6.885184872821562, 21.4896820303163, 39.72433210819473, 16.01924587051207, 837.341799204977, 115.5440224248235, 37.99075008436094, 38.831776101897745, -82.32195846326493, -18.1606847861996, -59.911401629556785, -96.5882418953297, -63.58328106203194, -71.60424343080115, 9.795250324808729, 45.47439814012548, 51.46282728001209, 61.73183099901206, 11.927197298137566, -63.9446002701002, -27.206836917837535, 36.62822519066742, -10.186695221780578, -77.29790892797946, 30.850103405513916, -31.28642067135777, -2.0275164589693686, -16.2147682336944, 13.620760681268731, -106.58798830578826, 60.42787064802115, 72.31329786948798, 49.54010512236619, -33.853939710346864, -22.492942595200653, 66.35191032476148, 39.079905166513655, -92.82637191999295, -203.2949897396952, -34.60457311666045, 45.92988450720947, 63.90570936019483, 12.108461745933603, -63.29548542627024, -84.81433294542782, -107.79747069784906, 11.627534897808815, 33.89245433025963, 75.68291801338475, 6.121849531680946, -5.364670041635611, 111.99497842770407, 39.65409065203726, 52.09835203618755, 13.730935782440563, -59.578628277494715, 17.700431697204266, 124.90773720880559, -17.4781630637607, -12.789123355932428, -74.05358529353065, -66.39589386387141, -28.3121712250693, -57.02798544198664, 59.9682981808666, 34.86893249952766, 21.56089804728121, 38.78233397943802, -7.750674358355135, -71.87148547556096, 54.50540929722569, 108.9122600640251, -21.620371847591304, 118.7059062772566, 80.5297610757933, 3.0211622705134733, 119.65861132614349, 36.08365157421971, 41.21481346310663, 29.82725530256901, 41.84781589895512, -26.091207673095028, -0.21095294583828827, 32.767806986065104, 40.37630657925805, -11.25985335612589, -79.61656550875271, 1.759815859511879, -56.24061111258906, -91.06384265751923, -47.11131784575008, -101.21349886290749, -46.129615284936634, 11.177887439798281, 107.23562937707986], [247.1203294331928, -90.18502878805037, 90.97602190973471, -174.2871378850607, -36.51801361675844, -188.6425054121809, 51.51810377285203, 1.727725678803983, 72.65310156322903, 115.5440224248235, 811.777908256691, -27.838247718993752, -26.72184263822528, -31.42998703415105, -1.037301714003569, -53.62489516473907, -27.56813527426382, 3.897638740247624, 89.1898230774424, -89.19661032405224, -35.09409052040662, -61.5189027727175, 133.37657314161282, 42.709417911227554, -48.79160737830822, -1.0844886298421248, -77.33850376071189, -24.10577687900048, 130.01473500808336, -27.008877130245143, 9.688827771766361, -5.318493329115918, 9.168721961952183, -80.04921284205878, 32.85968427727003, -41.28451267303078, 3.4122820449442024, 37.21032662422381, 103.6671238207299, 88.98910694455653, 66.60789796558788, -28.47709860512354, 2.883023993937861, 38.81861342660794, -60.695184746642894, -11.796170961456063, 92.28256891299424, 8.601799651348667, 69.47334840232656, 31.9672623185322, 25.455507552367134, -47.24098460881981, -56.16128426035547, 72.85722378703358, -96.54911240159934, 64.33883149187444, -52.871462375683876, 26.83238243432908, -36.419277895629875, -7.781623721525725, 51.24603797012828, -56.81541262867604, 26.153347273275124, -32.49303349107425, -41.19443493677979, -33.74052408091282, -118.41454611298755, 31.126822313230228, 74.13859656635826, -98.51124313610558, 97.78295230859109, 75.6659937107345, 47.51370491320085, 78.61320322649696, 52.07233140091785, 1.6592186402871467, -96.48520133718324, -16.156205145423833, 29.756152786632057, -40.76651412417052, 11.988252016140404, 130.547825966273, -100.78670558772687, 46.44142130565149, -9.894015115263448, -39.68492381137341, -122.99949743267145, 60.45773742621411, 24.260618080208882, 100.11830507843207, -29.67324250223802, 4.707606625316315, 19.008308129120227, -18.02750100730171, 72.72878817662634, 89.19566520877594, -56.86461214104753, -1.768995635076863, -56.1322120598732, 27.09747720507597], [-46.65315278618814, 27.086466202206086, 23.781484134009776, -94.11382087592153, 21.91366042217865, 79.37265257571966, 72.12758952965541, 97.21587755918722, -53.54087262126795, 37.99075008436094, -27.838247718993752, 887.499384203954, -29.81828704738762, -40.57466623538486, 12.343180004925213, 52.19429553413503, 62.43873989354814, -47.51825961662995, 7.392407128116481, -13.315887271505412, 132.8969193550849, 111.02230406990981, 72.04345274179452, 34.66945275621227, 147.14967284989612, 7.323136131248639, 86.43817514128179, 178.68182652082612, -63.23413221029704, 10.842400642827561, 78.34753234833097, 10.1113922857962, 7.00130282087661, -25.960720153644477, -14.726704733210193, -27.209086421027013, 36.78212146056726, -26.28515726293803, 50.817348355595065, 82.09184546486598, -5.959425471979494, -116.60795311641358, -19.92682301328955, 13.27462815875142, -15.652178625276273, -53.59780619105821, -16.867834265001175, 137.4544699463142, 42.12674150688522, -165.46662317112043, -175.25291867380642, -64.9423182929806, -10.512748657542602, -17.72935826240007, 50.63198950177719, 76.13472810472751, 47.861693249064345, 24.96685849936888, -116.96550021634484, -50.35592400565674, 82.12905999503297, -19.018732317517305, 89.48786829557261, 15.740064565476544, -7.618801245397005, -78.58971069672279, -11.473614498292303, 91.57775862917414, 0.7847902062998247, 91.3722169084551, -34.13267807842851, -172.9770321197779, -108.82756711813299, 93.25645690895563, -108.52922560542231, -36.30177625297201, -46.08687603751658, 95.46829617565075, 79.43627176466983, -67.56160877736953, 32.65355729173695, -63.64834167670435, 57.84923981686502, -7.3485650082929395, -77.34012151568744, -31.909633919084246, -35.33616208221083, -33.236109414100135, -27.90834097837846, 25.74266645202216, 47.28217320803544, 54.89709949332963, 120.97177926639839, -137.47303272973127, -94.31971740446971, -34.418481323222494, 44.774288390927246, -56.26396770665646, 38.63518677301409, 35.98656131812168], [-172.05208514401886, 28.28404978159392, -25.084133402662275, -43.83118030926769, -1.5607127858822443, -61.45608983042384, 4.998866548406854, 85.45962582936605, 14.097973269565934, 38.831776101897745, -26.72184263822528, -29.81828704738762, 922.220046107089, -49.153862920365555, 33.534249374416795, 104.43262083704174, 20.182240973119818, 146.0772349603767, 178.77493472680163, -67.88445715359995, 1.284432829364468, 65.23370439271592, 97.42503337496873, -17.906080841840346, -7.78052090768666, 7.60789331018819, 72.49505141378312, -89.44510377323809, -61.286191822648775, 30.74796433322526, -140.79621943187152, -33.03636267295589, -81.56770291069661, -89.07675762480173, 62.50111316092016, 7.957643873929412, 15.97942108622139, -39.9817134843069, 44.73446706716716, 13.107295952681742, -12.361896362263366, 4.707225237410053, 110.64851286013574, 14.829615140943963, 28.26955175618729, 66.35994703060348, -140.19119672779695, 72.81271094458091, 26.745555866396305, 38.237717755227024, -107.74227884752938, 26.775288838555664, 64.83297562795394, -25.506294150482827, 82.98527758934861, -9.70446721042205, 34.44273346179763, 106.54116567570175, -13.576809487945264, 60.342117375584756, -18.92663437977265, -63.14881518711667, -84.96811469155217, -42.08890238580296, 157.32415777880877, -12.88364886934554, 129.19328602528873, 63.69557555917463, 15.477247410687138, 28.337206346800567, 75.18622140146245, -95.29572561427187, -171.5246907523264, 119.6118622980553, -8.490701173538199, -16.932495935149632, 87.47479937642944, -71.18304880026048, -51.89826556239939, 92.34627720304766, -37.66996331085772, 109.72357623695403, -34.21963131531276, -40.321950545279726, 35.48999287071251, -7.867278104847051, 74.26565657883056, 22.785475137601388, 16.94265757356178, 20.779182927413338, -12.868210315588428, 17.87380657003907, -76.76924682168213, -89.48040823877938, -29.03870316127138, 9.39441439427848, -8.383023358648632, -166.86153989751716, 22.083208261022996, -30.612770011115597], [-139.87313724079578, -109.42502720760669, 21.92478708484452, 111.38866238617996, 46.62499360774804, 111.06172552516821, 19.169640274389028, 16.48504517844711, 33.39429781527561, -82.32195846326493, -31.42998703415105, -40.57466623538486, -49.153862920365555, 988.6956598463173, 62.29403424569507, 73.04400214535242, -0.9850010301809481, -38.45746538382614, -63.301748125567954, -51.513925680085855, 11.453843839846893, -27.560506893529453, -59.751837973137, 7.6375947027646065, 41.756504085989796, -96.63261257233894, -118.87308219688173, -84.18880017038892, 66.63953513222233, -54.380426405742384, -2.6253424142825934, -31.922322339181648, -24.024649468771937, -75.38785362773666, -19.45277804263215, -45.86770405840849, -86.41890063200906, 36.796729760911155, -80.23336802953537, -27.999502284691754, 30.655249524869816, 76.11912739817201, -66.74128799540904, -5.478602766122754, 124.09649370991383, -3.555767697017614, -81.6304949285777, -120.88103227089961, 52.43180432231393, 100.36175802761497, 107.5910155479696, -59.11972625067453, 74.56845278271756, -6.26209654838363, 11.886705694071338, -90.31245519179838, 86.56935750841266, -25.986576833884595, 3.158355668513034, -127.52302152521004, 28.000491420346385, -24.873072570875106, 57.20903500507184, 15.615158664197516, 10.23395684068196, -61.85614760358462, -61.4844753135135, -160.13131692437406, -91.66836639391046, 23.57773679918604, 20.152264851675938, 16.48886622127666, -87.05699067667904, 68.35919671863053, 94.13523235072591, -77.11388280557179, 33.68784834560128, 89.09567679322386, 80.89271452487759, -69.69812753937288, 10.567245866750316, 10.17131040950801, -60.63023972251047, -28.264168871305426, 51.92983923538177, 41.93331897735118, 108.66312805888575, 111.6060524386385, -34.71131775774693, 57.0940339457789, 119.76833515849732, -50.57640248370256, -3.24179921964319, 6.708385109876121, 6.099374786768098, 65.78159023071937, 89.6097807675325, 69.01246618539888, -143.67256092330828, -10.090938657814693], [82.47331960212857, 101.47294524686245, -152.86179705868358, 21.252739563781542, 22.910575827097894, -119.14843254583396, 76.00047686918157, 113.81832459936172, 40.87826826236556, -18.1606847861996, -1.037301714003569, 12.343180004925213, 33.534249374416795, 62.29403424569507, 822.9907914459104, 63.40120163402578, -37.12803762815935, 75.94091955137672, -132.47484383096523, -14.768736003478985, 68.35078660225207, -90.70253078568464, -57.649697530625495, 4.666639434365899, 188.13494652696926, 43.02921725172676, 35.4736341025146, -12.887518052206099, -36.40187153592497, -82.63083914426173, -38.605650521891256, 18.834717834448632, -73.02224069702163, 105.94878516798121, -14.74499475801846, -22.96324778315156, -45.410615873539726, -51.807574919862496, -14.041820659351293, -51.683724039628984, 38.23498961049183, -133.23749767866173, 103.30503037577753, 25.69348388959944, -43.18039790843598, 65.63411620128512, 23.854379224098963, -84.86213296757626, 154.5840529532761, -28.678262406097286, 177.09454377525563, 42.13553363887493, -113.23907052363096, 18.51502261441652, 74.90751208536321, -9.59058578261235, 23.28808428006443, 3.8719950010364466, 100.82618699549863, -16.997175104974804, 24.43654485168957, 57.067746321416955, -7.8951833899044805, -51.99945259684809, 136.45463417137108, -16.99296553949806, -97.98682243531192, 15.486685332557245, -22.070320947363307, 8.439398569692854, 55.59249747295107, -20.53479772411069, 78.03001188220541, -19.770869834693258, 79.93898452308575, 9.64166633072232, 45.05855520761453, 160.7556706088687, -43.32190654555453, -20.8219527714648, 45.69170662973584, -35.45424529327758, -94.52486175776303, 52.12642029682694, 7.886853868898463, -27.77251319835652, -5.501878557434804, -43.351090554337084, -58.248018969013465, 59.8204270628422, -47.911816715451096, 8.055772907986801, -39.06642910286467, 56.91980251521791, 49.736623865514126, -36.950808896082854, 25.283234411221553, -51.224386601556276, 0.1943687299616225, -35.48171914372059], [43.163834436801096, 20.2275369879368, 74.94740038211575, -113.89032266405086, -30.11300065024838, 6.030039805996057, -1.9592346305807407, 124.94865156227168, 86.50080904057714, -59.911401629556785, -53.62489516473907, 52.19429553413503, 104.43262083704174, 73.04400214535242, 63.40120163402578, 735.9894874346725, -25.91629716093531, 29.94279060419326, -10.501802679686634, -7.228347947281128, 22.228510017145215, 31.21408120787392, 40.4940656606065, 3.7316648765533365, 0.9253305706485598, 27.512143470119756, 166.02115739800286, 19.752140336518362, -136.18901705624887, -20.605511540291808, -64.21936599716922, 121.14597903423557, -31.63323952783252, -83.25664200483625, 28.971719142836097, 96.26903683024689, -10.801927667418706, -48.08626106995135, -126.08868756238978, 75.72522053159383, -69.591941512183, 1.9709978674471695, -8.912193063813405, -4.1090343685826225, 151.44263774507334, 36.605824553749905, -6.169327493725818, -38.80313155536739, 59.45562229450312, 15.73605684699136, 8.924788696044438, -50.90707044558546, -16.33964762842859, 13.833152602087063, -17.57267364721102, -1.0101389828198832, -69.60806467860448, 29.39602229519123, -6.803034238244174, -20.80356891922353, -113.67497681688302, -59.3118073631442, -90.5027423779464, 76.90833370850135, -21.137532288458278, 53.22115474212479, 65.92969180162552, -71.82875810481916, -46.82407460856738, 45.70310756299778, 10.430681649501032, -47.894976079015606, 1.1631814224043238, -61.55682564211393, 52.93768543087662, 26.871281629798485, -22.484409466343134, 73.08632887750254, 58.614387147679516, -8.294245957483993, 42.74063471530935, -105.13068480230955, -71.051463938986, 34.64062518354056, -19.186650382066535, 112.68110901018919, 13.108170774225691, -128.789575098797, 107.77969210185134, -34.41949527277982, 61.60625739757737, 106.40504582489636, -13.941101783390671, -46.4845032822043, -41.29607676978194, 7.796973506331807, 29.899697959798278, 47.00401410493674, -66.51641074754734, -53.06523997672908], [-59.71000328615265, -50.51879097230802, 75.61106356723015, 125.86331083948755, 9.490912786145504, -44.34399530913302, 2.4747419197862506, -5.432304376626855, -62.987657683801416, -96.5882418953297, -27.56813527426382, 62.43873989354814, 20.182240973119818, -0.9850010301809481, -37.12803762815935, -25.91629716093531, 769.9699909214223, 71.91038622717866, -7.634046687704505, 53.98870881080689, 52.58074857380006, 59.596191437719334, 131.57763536758569, -26.872500036087377, 30.539827188229708, 68.46645441950437, 110.2928728330202, -85.43903694605906, -64.00169798462726, 5.468298160740469, -23.20319943850706, 38.12756458821081, 31.814661828222114, -57.084229940061476, 69.83683004641478, 31.159190020175654, 10.876605813906819, 35.69227786664993, -122.7814970082154, 0.3142541037962381, 119.35644074220173, -63.0698327571733, -37.42456163792508, -37.48109179356011, -4.340360818502135, -25.15621580959147, 5.750623440351244, 15.196376963241775, -57.67242959865203, -12.98465171687752, -20.515176521018997, 83.37009187022196, 48.71963549129736, -136.32536470295545, 0.6295615366420283, -32.157167815606975, -71.54051035183647, 27.02754210139553, -31.47101393746847, -81.21730271913272, 54.05398620308233, 45.946457870619646, -51.0627477179774, 96.86874925215598, -139.5686155057486, 10.951944105104495, -3.066495593266524, -66.88364131946611, 11.34999391981166, 34.712859429245064, -134.5963978736668, 104.41995584033484, 0.5215204913698301, -68.30389339433293, -62.060314805798654, -60.76344020730877, 77.37043908614763, -106.28891393298086, -110.08180247479497, -51.622885954669364, 119.14492048200567, 80.68395558845027, 58.39811883710067, 13.386353377642388, -43.56595505291548, -62.35169190820713, 38.34822701599933, 10.404730142166468, 73.08695313752544, 33.37220841129149, -1.8162396512476708, -133.89284564616443, -38.92722751529884, 23.411659505920852, 138.45850474031062, 77.17665110372866, 54.210071870212154, 10.187311314832026, 8.27467632607206, -26.50917640890126], [41.24814696187895, -3.3531041239788726, 122.91776174928549, -51.32999070930333, 31.326575050194588, 55.93997198915428, -0.33725353622161114, -71.98851015942215, -52.03295754411998, -63.58328106203194, 3.897638740247624, -47.51825961662995, 146.0772349603767, -38.45746538382614, 75.94091955137672, 29.94279060419326, 71.91038622717866, 736.4402677727237, 69.0139828825306, -34.615896189609096, 9.764925863908323, 18.530672995211496, 71.07337791570032, 12.196494960456173, -23.796431964439986, 107.97214479458465, -40.37926835393709, 100.47349848089397, 16.751153737169822, 41.377069947858345, 39.53237709789577, -92.49399273292615, 41.43486255318159, -5.673673962065585, 54.41308965298039, 12.864500319072775, -70.5257886481333, 47.42204043871631, -64.48285377693274, -54.60455016425805, 26.384670521003784, 128.09709146723168, -32.642599887664964, -2.7829252430772913, 31.823567969307128, -9.50869446830069, -36.187709853569686, 38.78347204009138, -23.368397890680008, 116.52419340636473, 11.696560775234431, -50.07289942459354, 26.083966586763722, -4.457174741589756, 131.75424998542297, 38.1710629147927, -7.439584734915678, -41.15737534134467, 17.316618630562086, 5.634650402740851, -59.6403322194478, -6.481014336316543, 32.56102779252957, -59.19758032812702, -59.80050263716493, -117.02928052542892, -31.094394919109842, -13.684106747231407, -84.13626237753603, -18.56906397284886, -136.17078802138334, 91.94915556762307, 39.24264840974792, 8.429180651282431, 41.562143824428475, 81.21825839544564, -30.886257014892237, -27.3569445334846, -33.950065300772515, -39.80282712127351, -52.79476631797362, 19.077408587364875, -106.58227482922815, -1.8955078366886413, -15.570662254623436, -45.601992588498334, 70.9044804505966, -59.19231656482404, -45.303517749918925, 104.09974700720038, -95.33487679238874, 38.1511384195565, -89.23696709892062, 20.94090769734103, -74.60035197610321, -22.76683233349983, 58.77659258341932, 31.405425295211344, -20.99057196896788, -20.685928766551328], [50.48677370751825, -0.7182180742357699, -30.940605871998304, 23.340285618645808, -89.59280865355788, -50.56815036580054, -81.00172981557695, 27.77012134759762, -43.97578075326826, -71.60424343080115, 89.1898230774424, 7.392407128116481, 178.77493472680163, -63.301748125567954, -132.47484383096523, -10.501802679686634, -7.634046687704505, 69.0139828825306, 928.3098410138481, 53.27195032995305, 1.0271743298834768, -82.1306588184506, 61.3178226673481, -15.74402439645684, -36.78523706155381, -49.483978808406206, -118.62439258955368, -40.789577369011795, -8.571980600953605, 21.87124967660908, 40.30103211351384, -145.13194255971476, -41.73342089962175, -27.328686847856744, 55.79851412446844, -48.367984340988976, -36.759430192875406, 36.9545989008978, -67.76583898125853, 56.53673346808535, 51.96002522323867, 95.47367884539966, 28.924633165471928, 58.252129060284304, -36.34680240456978, 31.182964197591005, -53.12018564306049, -17.10387926772398, -84.17517274504345, 92.40306988639729, -82.21633156083, -9.183095328528404, -14.932767790734141, -103.5880205375407, 141.03174397091675, -56.34460572167008, -165.3789628180836, -22.10689584443645, -50.65730596925853, 119.27625861382585, 95.85467908942903, -2.7247687334197157, -15.29304209643784, 21.078341512517106, -110.88422561275371, -35.14524007115532, 139.957306283277, -16.562803737881524, 24.39186279996367, -14.238411216007144, 13.327158103855217, -19.720407297708746, -27.61906719393784, -2.765571061282914, -57.61393608276316, 19.233137565937174, 0.4741705718440809, -133.90523224497372, -23.232133956308026, 90.68897591550281, 4.320114784831537, -71.05298377343212, 63.91167106173536, 18.12892415099396, 52.593667189077294, -13.356338048587222, 27.471747716772704, -106.44416782285455, 24.98927861727262, 27.5083418651036, -63.36352950396309, 55.742464390778615, -36.38440108391252, -125.5291362684962, 44.574358281071596, 32.009730638141654, -82.17911301810541, 177.51715857129074, 4.32029063911288, 71.95682377160186], [-12.387683660669632, 96.98758791544341, -44.38114833993495, -56.65475116066409, 29.040873660489126, 118.10349125626965, 77.51765256699909, 58.42263148672809, -124.17681558155348, 9.795250324808729, -89.19661032405224, -13.315887271505412, -67.88445715359995, -51.513925680085855, -14.768736003478985, -7.228347947281128, 53.98870881080689, -34.615896189609096, 53.27195032995305, 762.8946810434088, -71.23746300747922, -38.234603908745605, 7.865586864626523, -110.24645752009177, 172.7373660691108, 93.31810639150923, 27.303425167108408, -207.393254420464, -78.77040833470717, -51.348490703916696, 9.581229816864683, -63.017832555824405, -18.140588867012667, -29.369169566715073, 10.364129954213647, 47.30328395160369, -187.33593300056108, -148.36558482453856, -80.4275343044182, -58.3394298351828, 15.958402621678164, -51.951815201692696, 52.204221631205435, 27.197127043216568, 52.24733760127417, 45.67555935340754, -29.198126677533207, -61.375414649434674, -61.55106712726465, 71.96161798394553, -52.98705050092535, -76.13391031037244, 2.9358840334241636, -26.349874044847038, -89.0759047035805, 14.707921300957848, 26.90509167266632, 11.959876035201296, -77.10409946362003, -3.649885247024763, 8.999029450981778, -18.272615279361215, 113.46873741978193, -42.65602684710422, 36.65858234866423, 36.07441626545636, 33.999557668931445, -73.49076268793473, 1.6178107460771458, 7.795910421423189, -98.18226201524595, 46.96435629935053, -136.77713309987521, -117.55286321695431, -101.31471677270359, -37.96335945681062, -9.928683502475247, 6.034541914736872, -122.35094819507346, 64.88600497946965, -41.25635955543537, 8.639144482046808, -2.7889777763245194, 53.3661926127029, 65.03666950880304, 28.154316586076007, 66.10151189542408, -59.0718835597548, 21.960303603518426, 13.517706456018509, -17.638530848443438, -59.494917439431575, -65.29218261611611, 16.964665920091885, 56.90020745150704, 141.3335847944521, -80.95433750985309, 52.57006027790695, 73.32507250500522, 45.943478158992995], [32.98170837703932, -136.33686081413845, -29.064689925585604, 27.489539835579833, 57.10609761897061, 147.39095870493335, 17.071390563461755, 9.875742359641878, 86.29030267826737, 45.47439814012548, -35.09409052040662, 132.8969193550849, 1.284432829364468, 11.453843839846893, 68.3507866022