{"N": 100, "M": 4, "A": [[[877.8900483538109, -58.75454930505879, 29.016348318822896, -36.94143654450257, 53.17596308905174, 105.16908585339183, -159.83652783095553, 39.479377534253565, -38.51322843223793, 21.84673439875502, 45.09009454846479, 23.676643805367252, -74.80180324385698, 163.8717199783991, -6.85315812303133, -64.66800058078957, 41.6770918260804, -92.80954347143178, -51.699319885346284, 163.47845630605607, -11.799499744544937, 71.106768871252, -74.71599123714618, 39.99187873633993, 68.9944328255566, -28.285399110296062, -71.90866469263713, 32.01204110345095, 125.99473124205483, -41.42008520411971, -147.9213629914333, 41.56232734246148, -48.5386463522142, -156.6734527995254, -31.065851422920197, 59.729754039283115, 49.24753844291125, -62.778948046817355, 147.80284780172647, -82.55351751957754, -14.03232384739446, -75.5553808694143, -42.89328911330468, -53.25462180185835, 20.65274240796792, -21.077964971495827, -91.13246349322023, -67.00065026291813, 30.14319217835136, -15.607005674049168, 12.08540457224829, 136.49670084812755, 15.645252754533379, -32.47388244258291, -63.38469294452399, -26.98327505378457, 92.94035849005941, 14.878335491291354, -39.66546179376223, 63.98507153715294, -112.20640290560205, -155.72580395647287, -101.90193080951065, 54.79933164367428, -38.6572425671545, 54.55937949190294, -102.96603085186968, 63.94762404835529, -158.22206998688, -27.710349668252093, -19.91981282618019, -29.086686973878017, 56.92665477544649, -18.770952478929814, 66.70197768001171, -37.42158658638285, -13.353805293258874, 52.06089513008531, -74.40747767727152, -49.71060958749949, -158.49722670357468, 24.06508517807302, 36.56979774416359, -11.732408519980725, -128.9337039622127, -57.07936373527182, 30.508073601383934, -20.07999187670032, 25.57589482781937, 79.54399357710899, 27.281961149230177, -108.20943139848158, -136.32931423014458, 0.08410554890239143, -88.33775313251934, 21.040112679894133, -98.513481109161, -119.02693159725465, 66.67670056723006, 18.58390129543872], [-58.75454930505879, 1061.643516394983, -31.39428445682553, -34.32556329879224, -25.02398801927003, 101.5778495928375, 5.852992441617343, 46.642668531514715, -89.64875071936757, -75.78091103584384, -4.732156842778909, -8.070492737630008, 103.04973736103852, 81.63124380216566, 16.072857534723802, -80.98129191429315, 144.0829526252415, -149.48903299562878, -150.778094439125, -90.26461748646338, -97.67783028305182, -47.39483391925414, 104.18508721107966, 10.689229456360527, -88.61039652887273, 67.12334302056034, -97.02712082079465, -91.92461082595572, -17.007428360828396, -15.58698714854366, -40.284751539324446, -16.724796599982707, 152.53582806347097, 9.307023304889361, 102.40684465404793, -291.5419838103659, 21.19242713342961, 64.81834249813755, -34.17576155522563, 11.978904863606132, 6.140029796247419, 97.11747756768749, -78.10283162455755, -21.724160637011703, -62.691706133940244, 136.43986783714178, -45.292479757320656, -80.13904852701039, -79.01335246572138, -4.216550249340637, 45.18973366787059, -4.512207162784102, 94.99322404050288, 61.942749699187836, -6.048983550492675, 19.282803400032414, -10.396617195305518, 296.16411313832634, 114.98238196006909, -47.09598817918571, -13.910419239006986, -96.83780118420451, 75.80136615951184, 76.436211545649, 54.764672044023655, -52.89061163120011, 135.79545179743056, -89.91407865563095, 50.70615473777007, -89.94375269065632, -30.26808183585978, 92.84099213494362, -54.614204930938484, -92.8597548972741, -98.3289041422157, 72.49619278028204, 119.41030482471119, -13.270429115267339, -33.018216984181095, 72.08804581307784, -173.00490182911707, 48.48549876131635, -43.14574225427856, -78.52210719700905, 39.601697067575365, -9.072549126042308, 111.29697776380257, -10.643285173820491, -15.765676970468192, -154.6834208316526, 25.259456649227776, -5.5874173469154975, 74.77535189618227, 2.8294354191603563, -42.781041299606045, -64.70378629345473, -62.710406765864754, 40.20609755059986, 42.40562098247406, 6.447305709235178], [29.016348318822896, -31.39428445682553, 727.7524605052215, 37.52795619563895, 173.52537024323783, 12.884012482522412, -25.05705969620027, -15.54628951886143, 60.522931329519736, -32.61543361127879, 14.339980002138036, -45.26058667141653, -21.838992651013033, -47.686897138585564, 11.31122064660297, 60.4206258757055, 84.66459946485503, -50.292598703124376, -82.77517497413143, 53.11878392584442, -57.92946813109918, 58.57867959906862, -56.26056786224007, -121.68578151275129, -53.99052291869946, -83.29391459093726, -31.937855980494394, -122.70723076521233, -34.6871910987849, 37.350197785487715, -55.59116139946461, 10.043903358385736, -46.75991573544529, 9.474026558685964, -19.50858849879445, -1.3574312293824, -40.653676542247986, -12.238551616474524, 56.631589152608434, -76.55202053269244, 135.5729611814971, 43.27424941936422, 70.67011464506861, -63.073788524661836, 42.16402031152536, 57.193972012698225, -112.78254549185169, -66.79305974706728, 11.236740686670153, -42.98481330050778, -18.4949821053634, -21.625817371831445, -52.244498314813434, -113.87219513264313, -14.332311343171211, 38.2032378405033, -94.41583790068192, -69.70016245369997, 34.38982742436305, -33.163128313229834, 55.31631455742155, -29.55747194542973, -27.708399280626182, 76.0412195432548, -62.08821745694173, 157.1655323821766, -7.921120987904442, 20.78583069301406, 46.62579726085939, 12.348778401710709, 37.4888085610358, -112.91794899329813, -26.421717023851254, 0.8107881401531446, -99.31823314033969, -103.12071288523487, -46.26623625605402, -84.78441071233352, 42.66811162080015, 5.760722985819741, 65.9976223967742, -29.650509234387737, -94.65725376812722, -129.2585328020701, 55.12155765994244, 32.07205507436726, -13.004896418478676, 73.021655526917, 22.27373795072485, -145.7396251717013, 90.16293671860299, -55.619912836996356, -266.3624920579223, 55.24191076826275, 86.85504058681165, -45.59516536161554, 2.628331656295538, -63.191424196908216, 32.67752040020042, -31.837750811551967], [-36.94143654450257, -34.32556329879224, 37.52795619563895, 700.6852708638285, 9.63096707653661, -33.373077148172634, -54.02863794002012, -67.54041434803764, -156.39519577847412, -19.62363688667741, 68.88878351995514, 51.61266605927779, 16.367848702257024, 75.4415673700583, 99.64633695174815, 49.231967357721736, -83.32388315383642, 6.534869093903288, 72.6817504477806, 56.50201850821544, 84.47298202563567, 7.617343969291889, -31.153062890557486, 68.01581062155476, 38.226810134913514, -47.05155229607312, -33.02382791570328, -158.93223945626386, -5.145419190749899, -18.544555262556052, 111.08126026318241, 89.26626050161195, 58.067792291464045, -95.51936106636126, -14.959583604161317, 19.694440953247028, 11.335444366278464, -79.96815141488764, -17.391366790870578, 55.44877073713682, -58.318610953150944, -5.804019051234542, -89.34689825102328, 22.529669237421842, -93.75304890180784, 66.77650008636273, -54.775616050946525, 88.82312970236201, 4.183465900321142, 42.796420298663755, 6.5466772260117905, -34.03282013705774, -45.24997008546711, 95.77334009720856, 134.9740483207619, 70.77701903710148, 67.59066648628064, -66.634029605381, -5.761238455376121, 40.69398039320442, -43.4118026758182, -97.96118580488879, 46.66814059930118, 33.03175359000262, 151.69397704335384, -32.37914414600097, 23.899903898142476, 18.529235557938105, -132.58317922552533, -57.654861874338685, 49.66559809041618, 11.34768708506192, -23.365943320945444, 26.008295608354878, 25.922469576300426, -23.425296559395917, 45.22354121929404, -41.48683187781179, 0.6009995784763393, 37.2727987711627, 74.11377628199998, 1.5267301032380505, -16.33558138167785, 38.251002728343416, -96.27656401933918, 38.38208243444183, -17.95514975363526, 103.88803997378963, 16.271991722823007, -43.95752973805838, 134.81501373564262, 26.416637392866704, -1.5818729619907501, 49.551951179088334, -169.8940771979751, -107.90118729026028, 4.6987526282883785, -58.188874296513745, 35.0133187939237, -48.551800197472545], [53.17596308905174, -25.02398801927003, 173.52537024323783, 9.63096707653661, 951.4914923956298, 113.34245919619893, -55.218009611424186, 30.217850778254668, 55.29535655253851, -1.63780864588346, 13.661489622721822, 3.3148887270737157, 37.72574176943729, 50.76826452644493, 34.01637073155452, 54.29422147679633, 1.323280853448806, -1.6842037120951177, -144.40152208869804, -137.5186193121172, 87.0023005451482, 82.9384198262966, -28.580815441768802, 2.91739908441762, 23.653906433454345, -13.64499844502005, -7.145853760934933, 23.884713304932426, 17.60525698312663, -83.11196994869742, 33.476031692738346, 7.747033665453587, -29.145783756775153, 63.94184896264286, -8.45565016796706, 102.63770962229532, 5.966673096145218, -88.66086304540468, -30.556389750889732, -3.595883560125441, -21.49663865551529, 40.2185664534797, 31.9166752874072, -61.66694604796438, -57.91592688082877, -9.553122026662653, -76.22938484309026, -56.76286835353883, 113.10433999005426, -10.94581562735901, -18.169889711501504, -39.107563804430676, -31.520195367934555, -159.55767473580914, 87.9096196931977, 7.72739350249489, 16.85724079122126, 8.477940237986768, -10.052972783060769, 97.57356948703435, -77.79082415507816, -1.7914539157590428, -230.93743166712952, 80.16744421976874, 43.739336081228686, -22.466600729764444, -71.46039273876481, -16.92863019204603, 123.81425069512406, -115.83955312913268, 22.547787878453047, -156.1295858629869, -49.106235113746926, 162.4506266734219, -24.948910260920076, -16.639413805850026, -121.59480287943762, -101.23972628251416, 111.70717498408237, 23.847419980366013, 71.08176983977192, 88.46665150047085, -19.045664856123913, 4.859669155347876, -47.09815192781717, 34.747800015722056, 79.92123556489204, 52.654964433811166, -62.37475853949832, -104.75056047609054, 81.377732485425, -122.32415167080248, -38.33012818741618, -104.24365260943371, 94.4428277020203, -101.84967530302534, -63.339221031499136, 117.64276060792945, -183.40969898018147, -101.78190604162566], [105.16908585339183, 101.5778495928375, 12.884012482522412, -33.373077148172634, 113.34245919619893, 877.2865644133649, -55.2692980226324, 11.33987353859773, 5.3788659341007286, -88.80330764193225, -1.792855954566147, 117.62787691932668, 64.20428535089077, 37.47742475898953, 57.105471264744615, -45.51439856376267, -118.26531990742248, 2.044104356813211, 51.71919274762374, 86.14904063860752, 77.19803224835657, -100.00545445616171, -79.58507360415442, 34.449162825090674, 46.62651960704939, -50.265338963204016, 37.952708875048685, 23.607427158606402, -77.2257679653541, -77.40086688383403, -12.90452761782748, -42.049135553769, 0.9783486635052953, -12.238526354394308, 42.585939994279826, -96.33061723107102, -121.8266701690498, 21.705842328852725, -17.213671111226557, -108.41012759717664, 94.5895529169593, 35.7742039064731, 21.771455277648307, -17.554821079613873, -71.62730575333335, -25.10985514670414, 30.78365919967085, -166.4600938257971, -35.468535214689254, 12.467178205683696, -4.66933411533633, -23.581328959104912, 68.1661874646621, -38.141783814651426, -21.50793448242265, 22.37611564212532, -68.38601845471312, 51.89168183280971, 221.89090983580124, -61.746824017331534, -60.56044054564404, 94.39428606951404, 9.141203137031681, 202.37937643378018, 3.2971482578344036, -6.113892440013196, -119.02731172159523, -58.8589885841312, 74.20904938000422, 13.41092538983055, 61.29761539401757, -57.87531912971934, 54.12880859684489, 45.312620737019536, -52.094798130857434, -37.00517426219223, 121.61612564092229, 2.638560775952277, 24.704198399136573, -10.221252398459223, -86.12607292217831, -114.65765306103587, 38.001400173529156, -153.25526276823936, 17.577272066104992, -65.22199384331239, 17.421639522777845, 48.42832889307836, -35.704685586579295, 172.26294891587057, -51.59354205676992, 108.41048188532525, -34.70999379542891, 84.12720073320213, -54.86204006371697, 2.758890058966849, -55.26896960664189, 55.18160695193765, -16.212317526388457, -182.08712522854435], [-159.83652783095553, 5.852992441617343, -25.05705969620027, -54.02863794002012, -55.218009611424186, -55.2692980226324, 935.2031696453356, -44.125837119279055, 208.38245399145936, 37.84586449118216, 61.80080490064752, -7.243505849075843, 54.83987866690419, -4.931221035612166, -21.637225720906354, 86.08086235607874, 1.9183271174017447, 30.38465434928388, 49.74037088008802, 17.614590388214687, -79.34145138584833, 8.116060831461565, 18.04270189288495, 85.71294048817163, 23.938363386233853, -28.945201793504626, -60.07782683424212, 53.89575022060421, -79.0732652042557, 62.628981410704405, -62.88013067110889, 134.4188879177003, -72.32086576155058, -29.723326290347547, -106.87281074979963, -22.205226702544746, -85.19084441631072, 85.90659365580319, 14.309070893466245, 72.9075087271746, -115.78855466769444, 65.14541297876731, 103.45924393388492, -73.81224733929206, 57.40575159991474, 85.90257705309168, -46.739986921382986, -264.2300224680305, 36.16346987207077, 71.20788972745379, -187.9724379430144, -23.95130499468146, -8.561792852400291, 26.165323029754923, -33.37456946056744, -59.394766393454894, -46.453798676674836, 112.40596037483544, -53.590635987533304, 42.99932344509227, -59.9365084439475, 29.822339472369546, 156.79895495658104, -174.124341954532, -40.81687486019027, 19.66235224961998, -84.05653925034689, -76.73107870539, -49.66342285840233, -54.78577425860369, 1.8984159540477752, 34.545117577868865, -85.54671356304311, -41.82814760295573, -101.53518100005671, -21.392214379830236, 111.95316969691937, 149.49467707199184, 9.777064483035126, 133.1367544334763, -5.476761452896076, -186.67949581913956, 6.6943206807116304, -27.507466672383607, 36.22376448950139, 47.73158848478816, 21.079698280794723, 18.00282704766183, -69.19541794375742, 8.421458524005198, 82.18761653931301, -72.0249026765239, 39.017898545498234, -77.50808196299728, 56.047016466985994, 79.04994992210801, -6.6011730916558795, 75.4173086823553, -94.25275626333857, -53.32617182737052], [39.479377534253565, 46.642668531514715, -15.54628951886143, -67.54041434803764, 30.217850778254668, 11.33987353859773, -44.125837119279055, 756.8834662224373, -30.633569545361656, -71.35562029249994, 12.137150973911984, 62.687138120299785, 11.774786613551045, -49.180272584610265, -17.87577926822467, -132.1164217247064, -37.91814810384448, 10.60867498157393, 3.8943345304953314, -91.27441838990082, -143.74782044022956, 7.082109305120235, -65.69031771175715, 17.49954383247449, -73.14126902918927, 23.763046383303394, -72.40636368488829, -19.927033376815476, 158.41633635445075, -2.8070150042701583, -10.670550744904201, -3.354613534815828, -32.025372158205805, -99.02523291591261, 61.424017466352396, -19.201900096780136, 3.6611540685055557, 52.710905698036, 120.32839124207585, -42.119024945079, 166.39068222072933, -8.943873884508214, 54.8169078342518, -21.92741674943828, -54.14267944451566, 10.864562323496706, 39.405794241908445, -28.52196543899021, 90.5479433254192, -80.77963250212362, 181.71033699664568, 36.68920656994687, -52.16558609484645, 102.18905281491415, 121.42868766119254, 148.53518503922237, 85.49439405509199, -2.115041322429017, 18.19732443998434, -37.13709536350608, -89.44801730949585, 13.832030437131678, 53.27787799093203, -80.42159061078365, 81.50807729378988, 64.82986533527324, 181.63068972334273, -30.531090280929455, -13.735344178524842, 98.44110000560327, -132.2347548275341, 12.249410385496388, -22.060894140100157, 29.16525885355747, -37.3194237631788, -59.706987583624134, 0.23499731515096964, -74.44411952982766, -44.12214435708862, 25.050990865696715, -58.527141332188606, -29.251608220640232, 54.05882773650401, 153.97967935547877, 27.93734566562704, 29.25652046412177, 160.13392465400153, 57.33359866482263, -45.77163749283465, -34.44764364631611, -7.931943218570731, 31.625196031134017, -8.5267242638663, -10.20315310879827, 44.131997359771795, 19.40899520316873, -44.90698607689588, 99.71645183707868, 11.927626640622536, 81.81009833854142], [-38.51322843223793, -89.64875071936757, 60.522931329519736, -156.39519577847412, 55.29535655253851, 5.3788659341007286, 208.38245399145936, -30.633569545361656, 906.7670557492607, 37.610401442381274, -42.90436509667651, -26.7166390746583, 69.90077437539891, 97.25991281269559, 3.8581426315980756, -78.19093485823834, -98.78758470605723, 0.7785848605251299, -66.2534336475776, -26.12106602870224, -5.01050725376663, 36.801640905712, -66.33779253168916, 16.223283542165806, 97.82071320434069, -182.77904946382841, -52.75756175824976, 31.947000137398533, 7.239582246610832, -47.329185807154346, 1.8527075188737394, 7.413165112949753, -23.119271359055798, 181.09758697708907, -130.1814733653936, 78.19971782416273, 69.20709221467564, 66.32503307479355, 47.114191916749135, -115.54091760168713, -75.76801371910967, -101.07291106695236, 62.04221384725518, 99.19263120814735, 15.739456195115903, 48.627036391866085, -22.129116159128962, -31.990040216791833, -58.68056989741096, 87.23748575801982, -69.22063083736616, -84.84522963171423, -74.11132750652163, 3.1993824171599123, 15.89024341808038, -10.98703317955173, 6.6745387934286695, -58.79458959091726, -61.95486799852214, -96.88851544801037, -104.69691518174905, 88.15771837488815, 18.752427730040864, 71.37411214210377, 29.309054659732375, 54.484113180373456, 54.3115875531276, -17.982030977545495, -139.8124918318536, -36.81180094260271, -41.95208931040268, -15.51139933425747, -120.37664710502665, 49.273826287041665, -55.53306963464193, -10.913420749745837, 51.379744722738366, 88.1619929808115, -14.510341320183173, -42.69330548093262, -32.05555656648264, 170.54584421044137, -35.19298989808239, -121.20825197916962, -35.02091592256645, 12.139617972913468, -60.32766260213795, -52.153903064100184, -135.31080356931594, -9.504654114135699, -11.919665663004658, 16.177372285860557, 17.71879930420903, 39.93033577055806, 196.92604310931662, 22.48854927085612, -110.73900617793574, -6.895824609892517, -42.1424914958024, 37.200043827139005], [21.84673439875502, -75.78091103584384, -32.61543361127879, -19.62363688667741, -1.63780864588346, -88.80330764193225, 37.84586449118216, -71.35562029249994, 37.610401442381274, 713.1003200023471, 78.90447729299366, -94.6713124597823, 15.686014985595177, 52.45188882010479, -13.678547121910794, -104.29674671318922, -75.08054958961507, -28.217661180963592, -75.40422222222348, -23.110655756528278, 98.16322637369879, 0.9452455567868462, 36.166872520995085, -77.56899102259965, -2.489422528303842, 89.27370262641843, 23.611130011960046, 32.11673143243037, 91.2824539239935, 15.703043207917036, 46.733196488473254, -1.1866096397730452, 50.74220845597107, 13.106161685493808, 60.81552387266586, 30.398524780682774, 156.5398312653942, 65.57870148650173, 10.909879715343175, -63.61450140554202, -28.007271250448902, 49.49547453147493, 158.8443771008407, 101.4118714196427, 11.102120338773217, 108.1136524863631, -14.397092516826174, -9.477090709822287, 120.2195728320133, 6.790206341387016, 25.68996059924823, 50.51394543639469, -48.954326162604666, 3.3229637501973603, 8.051316033532956, -20.906848114249613, -15.327378968838623, -72.6520576496675, -30.602211980419433, 132.54732174079652, 76.69852349300079, 30.020849401926004, -16.30669052348822, 22.09422890763637, 2.5388993972979317, 26.499331781024882, 35.68999450458635, 34.26164039813106, 20.991783497930914, 4.733395086446407, -24.21654552233201, 12.278290556666795, -98.19045065364529, -48.87766087639886, 32.26721575030712, -27.99913514689947, -14.944017149560793, 24.04703277543018, 89.58819034340137, -56.41019767171227, -90.48583989947717, -5.991070137532005, 98.30158545037928, 2.985584982693931, 33.08749311117612, -138.72632410758584, 5.738713647433203, -89.66172514510187, 3.490872718852417, 105.96319136762519, -4.050322844620321, 3.228042688394739, -73.64252260836543, 107.54293008897933, -143.26801426993413, -30.71095709573608, 56.278422975989336, -15.502387519837619, -11.121775514420674, -0.0169972269495159], [45.09009454846479, -4.732156842778909, 14.339980002138036, 68.88878351995514, 13.661489622721822, -1.792855954566147, 61.80080490064752, 12.137150973911984, -42.90436509667651, 78.90447729299366, 864.368899321992, -152.4605092626954, 14.743778160535557, 7.920233159804864, 14.183245118174575, -71.78559022877538, -28.570420833462244, 72.8478565873105, 92.20290432384517, -1.2167840260564537, 164.0300609637893, -40.51215865119699, -3.7058641297839876, -57.95395755519633, 4.767509523810896, -107.34030795956933, -2.9077752914829222, -23.942720467564264, -28.354846169601, -42.08462018350624, 47.59242514788783, 90.66424426380568, 46.57049434077385, -35.032341574911506, 101.26370506951724, -26.58133829228974, -0.16196910161918984, -23.301678967650606, -28.086514725246793, 131.20801305661413, 39.8233305057366, 11.565164771094446, -45.27189114656934, -52.541314595365066, -10.81673600552243, 14.604391838315149, 15.665575594131, -27.428263954764272, 79.21279544265123, -101.14850418849407, 70.66386022943416, -165.12613920811506, 27.258631402312407, -89.71754361428049, -16.615960418776385, -28.68293074343928, -23.01456420186758, 132.9183144484712, -58.30240161975717, -13.361840078684592, 41.61848922718646, -49.31167925219434, 5.525329071360196, -62.413277809680494, 1.6442048570874253, 4.294493587273352, -63.73515456679803, -1.2156247732641685, 28.334547219624444, -58.19372116268446, -33.96961479418288, 32.39821417915746, -117.85574076428574, 75.87943333713879, -47.042055550401216, 18.37575741000232, -115.93891399779429, -24.996668178549438, 143.98262179158635, 49.771686198223705, 45.54072936319842, -90.63218304289087, 13.947692629654266, 61.84259126736836, 121.47728239828147, -8.12966434198902, -23.971004454979155, 14.552438431783388, -94.08128528985586, 112.79806493076373, -22.62926159429872, -51.413083051698194, -89.2593586113454, 1.0916261529777336, -104.03078288665772, -61.43882143449727, -116.59391484217969, 0.5039398202527908, 34.24804638728216, 54.14586688977862], [23.676643805367252, -8.070492737630008, -45.26058667141653, 51.61266605927779, 3.3148887270737157, 117.62787691932668, -7.243505849075843, 62.687138120299785, -26.7166390746583, -94.6713124597823, -152.4605092626954, 834.5471918131024, -109.20834743418463, 56.159905146258815, -69.38629259214402, 118.24864052972534, -158.51257223609807, 136.34146920480865, 91.05358645662429, -6.19577926117264, -19.471806802061906, 10.673916396994622, 62.95672336833615, 113.17090506313161, 99.09235674275327, -8.37803799343631, -26.329417138091998, 12.58152906595757, -50.79817695651984, 20.998755742062638, 6.319680254379738, -158.83366459084863, 3.663750576341674, -72.94602135922753, -109.59232324614625, -43.230376258881606, -68.30375337828623, 85.05546190922063, 25.860193959044718, 242.8224990862763, 71.3571903078208, 84.467015319677, 68.10547018736844, 69.5131253057767, 19.342662052379627, -11.365411544787733, -59.37308779624222, 60.06241336247226, 101.28824133335888, 57.69772298664067, -45.44030267097511, 23.92086030537508, -29.86017729201551, 56.55744423821011, 121.80404275672227, -89.87413369079452, -41.011031427588485, -55.23314173631038, 10.761954281645044, -120.15012920578616, 54.98534892139914, 64.1978599420362, -84.62174108135048, 91.87895901606812, 38.610844648473595, 75.59707388831234, 53.23108924275545, -10.714537292246542, -44.863792606114615, -54.99724539035981, -133.15999209481407, 125.84504609913513, 48.89457913496081, -88.10131884487197, 64.08681526428626, 1.1975151419258412, 19.048202828075436, 67.45606429895395, -83.22533162674449, 83.53452308886764, 28.012819413607435, -47.08924124090651, -57.499019234959235, 40.87888338707708, -6.143157673768026, -122.51662156340119, 70.2614274881917, 127.95482072771796, 64.42271384183967, -72.32838416136038, -24.758990736204144, 73.53859931659076, -160.03121510610023, -17.651577973167498, 88.02556748528177, 0.7554395873567141, -34.10477411157769, 125.34019709395551, 72.71578583028517, 6.122353462075809], [-74.80180324385698, 103.04973736103852, -21.838992651013033, 16.367848702257024, 37.72574176943729, 64.20428535089077, 54.83987866690419, 11.774786613551045, 69.90077437539891, 15.686014985595177, 14.743778160535557, -109.20834743418463, 793.9628803348434, -26.560897444865905, 88.04352907855487, 123.8277901043122, 74.34178294817735, 32.527672454092865, -111.7547277622417, -57.90592943819291, -79.81451137341885, -89.92497414304981, 34.145697309564305, 3.608623697214481, -72.81176981676084, 44.931789663702354, -8.397423435944448, -93.46569546794305, -110.79939163033707, 55.72473198091335, -79.3766862399555, 44.17434931663023, -155.25144139364772, 113.58798364297037, 186.6920300460029, 22.74154288607746, 82.39649211450255, 54.70945620775929, -48.90762960446899, -74.36852529744527, -72.61847227216963, -9.287186462719903, 30.02538703563791, 114.85597645999647, 68.87107498178091, 132.77819980182178, -63.21304627898845, -85.25170087491666, -35.96380011141349, 33.29904681623242, -83.29757733455638, 23.530926163295227, 127.89865413120562, 35.02708209941894, -91.3812139152886, -80.86753028398063, -32.255542107316096, 33.96895282318859, 60.63281230814031, -111.9227942715199, -3.6776707865049323, 15.835038056371674, -96.05098139820498, -46.801065030871925, 155.01132097980403, 18.940229372389187, -93.25808081927812, 21.967328214239338, 31.64574670450312, 8.049246732440752, -25.457100147302757, 137.53446109196898, -129.09608576068317, -0.1615691072584587, -74.94655323236415, -117.85489552712639, 2.6944050870543657, 121.98885129759921, -72.11877302653303, -62.25680129716492, -76.02168748430036, -52.068523883633794, 89.72348243804632, -47.250954582988264, -13.127069175590952, -69.80031436928488, 27.44581629967745, 32.908473124720736, 39.42303657154361, 73.37129370101049, -67.71974684458502, -41.79917975858085, -28.325655985605913, -27.40343948472845, -109.06462604723455, -4.067643365496541, 164.35141459838883, -45.15635994411246, -28.21037788586272, -8.854272997559198], [163.8717199783991, 81.63124380216566, -47.686897138585564, 75.4415673700583, 50.76826452644493, 37.47742475898953, -4.931221035612166, -49.180272584610265, 97.25991281269559, 52.45188882010479, 7.920233159804864, 56.159905146258815, -26.560897444865905, 760.9902897113068, 45.870565313621086, -69.24133083782824, -20.040543502315455, -65.4859310736558, 14.60708573427176, 83.58279146646886, 81.2548482858734, -4.156613751109432, 6.121290772502303, -17.98890639933681, -14.464884148369269, 26.469185522572605, 22.032218695155443, 29.102973854935108, 36.970875815945305, 107.02170445355218, 44.52102702810837, -73.75338095253943, -33.05972900032928, 78.96466108574226, 102.74559031020318, 141.82458521904374, 21.334241889483092, 42.62997183782115, 41.84497388225889, 122.25675914162929, -47.11636980673624, -105.0682585967426, -44.20592026157065, 1.8053587478705344, -48.01963856984611, -99.89584961896337, -27.919412240353306, -53.419439108314144, 78.57039073896073, 69.01405606868845, 83.82956007907688, 185.5499486181115, -91.77680323074514, 14.509873136277532, -93.07571190886243, -52.93510159249985, 62.15393309253807, 86.93501936560632, -37.11745233693144, 97.12487677551309, -66.12463978894252, 59.607287976675956, -64.38554275328406, -71.02659808714269, -106.88769917012164, -53.177019228678866, 44.702796440510426, 0.37366115363144553, -47.171610639392625, -94.5931557802026, 9.886400818445093, 93.71495707147047, -29.378077791437494, -35.64447209415384, 108.39920209278307, -1.4453080067567188, 92.02618562245794, -46.0064291688922, -79.93005536218223, 4.0092546240279505, -2.88628382925175, -87.47611643299616, -20.449598506879866, 127.0785887270772, -6.910736746618246, 89.1206439311659, -38.63214831453511, 91.79510108438969, -144.28987965650833, 42.70457312067945, -35.01031103237665, -195.19760061254738, -57.311392685885735, -27.311198938296233, 65.58062978060093, -2.515715585744493, -98.07671316647439, 10.345081631686037, 16.388177848542135, -6.919128622650479], [-6.85315812303133, 16.072857534723802, 11.31122064660297, 99.64633695174815, 34.01637073155452, 57.105471264744615, -21.637225720906354, -17.87577926822467, 3.8581426315980756, -13.678547121910794, 14.183245118174575, -69.38629259214402, 88.04352907855487, 45.870565313621086, 740.089763828703, -11.699392601839504, 21.4009947547089, -42.43765497803274, 84.88529798583801, 23.94277128911962, -164.78272257588077, -0.040734203415388, -171.20219001869629, 104.10340141887401, -99.16682405232014, -58.0136391639702, 46.38383869979367, -42.46298341868132, 30.625582238171223, -84.31901043712232, 84.27479529808161, -126.08477992762691, -127.75796354738016, -59.6592461743943, 69.97568492082485, 37.30880355670436, 136.22446002225024, -106.33659031732103, -3.972956372335195, -33.90035556197122, -1.2345206868121859, -32.41929504976349, 26.60641548503927, -17.696600933311885, 23.761408565934488, 70.40074238235279, -97.44279728115164, 7.93118754278616, -103.49874512125827, 176.68406080673543, -84.36716970069338, 53.72961139238327, -72.68100049954428, -11.827675536182273, 23.65398762093359, -102.33239722483292, 30.460749641005, -29.91734072053975, 80.18649517787607, -74.08845453878124, -36.606322233155666, 33.60417744709562, -89.73348915854298, 65.75312441238084, 9.805606703851131, -72.11960073149994, -8.373524943383725, 4.814419181533024, -36.85288754029063, -19.233618346840142, 82.11649754817971, -59.39969289331398, -96.61307874958334, -49.70400021587392, 128.79290277359652, -10.167695867460141, 94.16257603331452, -35.640212825911235, 144.86991943031506, 71.73071289016792, -137.61877090374702, 62.847443268480355, 11.459335123975885, 113.71789528300211, 30.590491689301054, -25.92771309057424, -134.40510456557837, -0.4074602478462619, -191.59279731883464, 17.010744157239905, 83.91253775545924, 72.35792134209973, -10.337429060843233, 34.26046869616098, 17.957308967130633, -128.1684043181755, 133.88800726647239, -54.4931101876232, -57.66391834020708, -119.54659625168937], [-64.66800058078957, -80.98129191429315, 60.4206258757055, 49.231967357721736, 54.29422147679633, -45.51439856376267, 86.08086235607874, -132.1164217247064, -78.19093485823834, -104.29674671318922, -71.78559022877538, 118.24864052972534, 123.8277901043122, -69.24133083782824, -11.699392601839504, 817.3216931503653, 7.102180905559852, 54.23538881673613, 37.741538612221156, 131.67757318223724, 37.26815138384317, -21.362604471211817, -45.13445139703624, 126.01409554430526, -19.73638219288589, 41.01488951135985, -42.987275195383646, -49.65624877323661, -72.34906736547214, 31.42363433465201, -90.02852416927581, -87.19364902227608, 28.079478083091416, -5.706321055830231, -102.07455267853818, 130.92639880500357, -47.006110553572874, -9.020796486991749, 37.608178836416165, 21.465551178430488, 94.70488088530317, -89.46090433033383, -27.62567132552284, 116.83276268736199, 28.13841164974372, -68.1502353558875, -40.32700411078829, 27.261743433532057, -10.365738037258877, 30.17012655614994, -53.41305907845273, 29.547464784253066, 68.47747937569189, -71.75211405348274, 80.68293480186144, -43.46153013168698, -72.58132175466706, 64.10350154905717, -53.844907578145566, -96.64918553354114, -36.5145396254315, -12.12923690428642, -26.03277805801207, -99.37456190960758, 95.65264864787679, 22.390602993002094, 5.094764259309586, -69.53919530608235, 109.89408698524683, -93.5889397190922, 39.68594742428246, 44.309277094399164, 1.9908990439520986, -131.31962614600053, 74.38650966194652, -43.637411863281315, 47.315707903765635, 7.208088669349496, 74.2317605868699, -6.704237260568585, 46.79414328070259, 14.308996270980058, 90.04561777295028, -33.99200566822035, -14.505770823100105, -154.16774029373497, 65.68033975037822, -45.707408411847446, 54.695460961129925, -95.37427567144927, 75.0891181163784, 10.883144622518632, 6.437641404486406, -106.17587772032756, -32.48251534504325, -51.76099519829983, 146.91126786663855, -0.27634081635391444, -67.87959112271048, 62.55095088568701], [41.6770918260804, 144.0829526252415, 84.66459946485503, -83.32388315383642, 1.323280853448806, -118.26531990742248, 1.9183271174017447, -37.91814810384448, -98.78758470605723, -75.08054958961507, -28.570420833462244, -158.51257223609807, 74.34178294817735, -20.040543502315455, 21.4009947547089, 7.102180905559852, 801.194404917984, -105.64006316233763, -169.6534405742583, 13.037823803549692, -73.07160750700831, 169.57379866261218, -54.5152467928539, -107.84970482426742, -66.99096457523363, 55.36928044009585, 57.48029768119242, -21.796406365786847, -125.65448693562227, -62.46238037135887, -98.85271416571723, -51.89465085845022, -44.08487137191697, 4.6440973642446925, 14.2051931554239, 40.23387844886594, 45.30273653762147, 20.106414773030142, 70.75131933416512, 20.083326865055472, 14.841169774544888, -53.309321947183136, -123.50235510271338, -31.43700951925582, -84.75073170969107, 96.2686791976966, -5.55044743402007, -4.465663362915289, -8.327708536981913, -46.98101805357189, -11.041452813304197, 144.67022589505814, 49.31639288605286, 1.8623948668661598, -54.09893736163497, 42.96414534982059, -51.17254942263744, 104.56355075220628, -10.055327444147988, -82.87958560803352, 2.5801863542734202, -149.27335088675258, 21.28273774660709, -32.181225736987386, 25.389273730955473, -55.954889696130536, 15.489071568751784, -119.02850260972573, 45.90676663212612, -24.27133052892147, -18.87375485429228, -1.7837653630945622, 63.55394920299236, -35.737415869635186, 30.210912790012046, 34.856761571723275, -84.30562390751767, -45.459300421472626, -41.21622860731774, 0.44801185370524654, 0.9392527000531341, 49.93655111043363, 57.46041702672893, 9.662553313534172, 35.05327056963916, -7.049414130957911, -0.27890845692181415, 50.915528860038776, 40.90225762071949, -79.48143548106016, -110.30740946272672, -42.76106198856525, -16.46917113248679, -74.58863553213529, 19.137701940083353, 69.71875243574013, -19.69287945083445, -90.98254642133735, -36.44312607989395, -67.1027228072762], [-92.80954347143178, -149.48903299562878, -50.292598703124376, 6.534869093903288, -1.6842037120951177, 2.044104356813211, 30.38465434928388, 10.60867498157393, 0.7785848605251299, -28.217661180963592, 72.8478565873105, 136.34146920480865, 32.527672454092865, -65.4859310736558, -42.43765497803274, 54.23538881673613, -105.64006316233763, 663.7259740901502, 120.7369012890004, -97.00742051324116, 43.00702698398021, 11.878843423090757, 68.3559303703597, -25.815874383576052, 82.42832803468875, -35.59475226710511, 57.265448282128254, -29.786988757279186, -10.819980271378636, 4.257329885302718, 112.8254223860085, 43.77719632873511, -4.155195511491086, 98.59635327653882, 66.70884365049992, 50.894821996954306, -43.55448577759342, -62.624544440167476, -60.413985505118674, -94.5969510400746, -19.40370014695617, -1.6745598646878748, -23.28873900776198, 80.66783387796536, -16.750115138943542, -64.9511246390959, 52.11388676574032, -34.54876993799963, 83.88685263623772, 27.417081570922402, -5.15513186423176, -25.440763594441247, 87.73773232132712, -2.5655786392607225, 84.599063063712, -57.4572403235123, -33.12523861740624, 28.675461024127987, -72.6895686762481, -49.516527838282535, -106.34279532319152, -15.948777831545447, 4.165469617892579, -65.75774037649515, 61.5528552401376, -52.531384981633266, 77.45731258501569, -40.30661666716832, 102.44258095926222, 52.830993743825125, -128.03915978525777, 98.49575870217727, 79.55889249411959, 51.22100526467989, -10.73043681812459, -2.447258557450824, -11.116478050242621, 62.87853185345942, 44.74609523839336, 55.54016920776089, -19.931622301520946, 71.27440008145086, 69.86109591823603, 39.94536213188824, 14.078550080579479, 1.6845365085175903, 86.15618641982977, -74.5137845095963, 37.64514070698098, 34.343629581976145, 43.32468841762565, -127.77685775434908, -133.30824232944593, -80.60416620012941, 57.546858651749176, -8.136824127615581, 55.047781950017516, 24.13463915761598, -96.20265829701597, 8.77536927968834], [-51.699319885346284, -150.778094439125, -82.77517497413143, 72.6817504477806, -144.40152208869804, 51.71919274762374, 49.74037088008802, 3.8943345304953314, -66.2534336475776, -75.40422222222348, 92.20290432384517, 91.05358645662429, -111.7547277622417, 14.60708573427176, 84.88529798583801, 37.741538612221156, -169.6534405742583, 120.7369012890004, 889.7534387829537, -27.558045843999917, -91.72301259926648, 87.46049690438129, -65.80342848491671, 43.87297408994647, -155.73131816705524, -42.460452054756566, 15.086179443315945, -145.25701350620218, -20.235969405009453, -33.04641113971578, 16.673794729890158, -35.988149579897396, 19.819836729860977, 37.296012861825616, -17.254279452256537, -40.08818213097805, 10.952409009216616, -119.2355931639594, -42.3933263448717, 22.425013289244724, 17.15557493040032, 21.625063916326905, 4.874008088761703, -56.18880367667493, 24.362290765994576, -230.57369495918354, 85.29808736766714, -3.8643444091763155, 39.83153031459353, -52.23009486183924, -12.363645435759347, 37.354344412576864, -16.41868308196248, -13.969459392724103, 1.9278258192689994, 49.39888832606538, 6.191944647986745, 34.017912611343334, -10.072882855184346, 46.8930540239686, 191.49225923287474, 49.100864864095406, 39.792126590927246, -32.95408721241111, -21.952627804611943, -42.360785153099364, 131.5833210401723, -20.673863709211112, 56.52842074950298, -51.98254142689201, 73.46807963830915, -6.660970178560034, -49.02766648077636, -34.099615339389246, 62.29260085940221, -135.09056632302634, 99.86296904754947, 94.41521649241199, -41.58943850993392, 19.568648308724775, 45.24750467459839, 49.844288489839364, 35.16746958696831, -133.18972457327413, -65.42644841880603, 60.86075792445389, -16.039313455796183, -65.26407800462671, 70.2727416924715, 121.95617230397094, 97.58843460201798, 117.94983402018156, -63.92630911997458, -1.968198993463964, 26.09115829781533, -83.4309222161651, -179.4395213672689, -72.99184183870578, -63.143361126076854, -24.792903220706233], [163.47845630605607, -90.26461748646338, 53.11878392584442, 56.50201850821544, -137.5186193121172, 86.14904063860752, 17.614590388214687, -91.27441838990082, -26.12106602870224, -23.110655756528278, -1.2167840260564537, -6.19577926117264, -57.90592943819291, 83.58279146646886, 23.94277128911962, 131.67757318223724, 13.037823803549692, -97.00742051324116, -27.558045843999917, 827.1125331361658, 122.02981586951185, 22.283619979374034, 61.25315091742751, -14.237767706303945, 18.199013699527434, 35.08262672728508, 5.991727790279929, -56.04867728607012, -17.871725289021196, 40.19929423399065, -11.853126469259681, 54.39298156450885, -59.08109928255157, -87.17745959419456, 44.661291336701055, 113.86157374596353, 80.06183890571295, 48.695975993343104, 10.816574777086164, 31.0524494664902, 118.49633355353508, -153.23434594720825, -1.7630076533590453, 82.9871714975745, 81.45275845629872, -77.11918143259548, -71.658646592011, 96.44448048184319, 23.19721389574866, -41.76831772814937, -115.954013295167, -28.065174042001313, 93.50151422166974, -7.579150531773633, -41.05230658101321, -52.37913540577755, 96.56668403534319, 79.11599202757604, 67.46357358243432, -39.984951812253605, 0.6322155931829676, -0.7750893410915787, -88.56957120724465, 70.49530342505014, -23.893245545718578, 0.6210920913010581, 10.023948599349719, 32.44091295209036, -12.895312727062086, -92.78947247169104, 57.08563789952279, 27.889342935153998, 85.85042001431673, -89.72929552053985, 34.76970709986559, 181.0864297554154, 72.7097369947643, 22.337401072959263, 125.82462305224789, -38.26901478984203, 46.34044175246602, -1.719044521099644, -86.75431539696433, 94.69709503499922, -27.857744391487437, 29.590483929073507, 81.9590151486641, -96.20087086198805, -55.139509497194354, 99.27060289253409, 35.166190037576015, -18.551127917101454, 69.22299514792994, 17.08117993253896, -90.2232846818345, 41.63571856153806, -76.05644817655569, -128.39113704055833, 107.94402722577314, -88.51895820410402], [-11.799499744544937, -97.67783028305182, -57.92946813109918, 84.47298202563567, 87.0023005451482, 77.19803224835657, -79.34145138584833, -143.74782044022956, -5.01050725376663, 98.16322637369879, 164.0300609637893, -19.471806802061906, -79.81451137341885, 81.2548482858734, -164.7827225758807