{"N": 100, "M": 4, "A": [[[682.3196355329957, -84.6169123089187, 20.42133491053608, -9.74739192563515, -0.7786135150217764, 17.47499270207584, -23.96895453909714, 27.47225616472617, -40.36386737672975, -7.469429542615868, -101.91269080529723, -0.1038074032884115, -70.03561000193693, 49.525363708030845, 75.11648651554604, 110.19745325852082, 55.134782260591095, -33.94611914378959, -103.16682889973256, -118.39302189658524, 92.83166531121516, -54.49853120358348, -11.093141436947072, 43.80263852563813, 45.95719414340892, 113.9085869367084, 50.41337559949249, 92.51627854214576, 113.16303756532547, 33.96347068627074, -44.940968097647506, -50.05771409736887, -121.30585669734738, 79.14985176695276, 12.087798566465768, 0.32646656684969333, 75.25830988950553, -74.00850508336995, 123.64082741156834, 4.79116011574673, -95.7270653279615, -84.2070650076375, 62.98819778790225, 102.2752784153715, -84.84296347368881, -211.6923807035215, 72.05516125854834, 36.450072050628414, -92.58580902496429, -57.10605233773702, 40.184113152573374, -45.52781906007736, 66.00444301572993, -154.52040351203294, 18.31831015784822, 68.57681169024619, -110.59711267987878, -119.8537384782957, -61.01664945111493, -45.17119102281112, -126.4858184133091, -61.30034544607845, 42.1864602984943, -96.95837532116698, -77.61601406582574, 36.023078209414216, 15.816540856320026, 73.63757285608179, -24.350541049009703, -20.062095227057043, -31.603397468905573, -131.5046765046529, -72.06590540384512, 63.690951683028814, 12.252589881970765, 65.47974744317112, -52.39464731564232, 49.884974356931465, -125.31061059008503, -1.8827474199901415, 0.8903184493809863, -47.64837352981439, 66.71423946473824, -8.166169871907982, 36.52385961039598, 61.764651408948055, -45.34057705295443, 27.06445748737605, 36.107774891822906, 66.55025885621677, -88.97002646774352, 128.12646897404773, -19.6624358690031, -48.92081558374257, -40.507144615117994, -17.999386000540973, 46.77904153897992, 24.18504992265993, 20.755823927203643, -30.52188577602057], [-84.6169123089187, 862.6539396512869, -46.23454482500767, -17.012186847187415, -52.83394047552825, -30.659655241056658, -47.571672296672546, 13.845969410940496, -96.09809403743178, -135.05841269314018, -28.562539314112787, -36.59098036113613, 123.08453169845156, 56.27285461937594, 112.63175354640883, -38.53737527769037, 55.250682939553286, 62.60040472734527, 58.04392880727049, 52.710633103923556, -68.87144942020217, 78.85177594821295, -36.00027301292311, -31.870936184068572, 69.10073802116348, 3.2823532615996776, 132.74386397893875, -29.1703732119716, 63.21102661223201, -42.203749008174945, -111.4705400906561, 46.441521132901094, 88.39814204187564, -58.97907875252635, -14.273352517162028, 84.05358682819684, -45.66852568829669, -50.28367211880739, -94.85098847649195, 160.44376355016945, 38.264330963953284, -104.49079530510332, -52.39990184589757, 96.26524340623506, 50.172847264103, 123.42767616233166, 10.864076817998054, 50.70435536224924, -57.769436984416046, 56.6051965802509, -30.221252860040345, 117.16326536697143, 102.64884931732546, -187.6235942957518, 71.79778790253197, 101.23920048682223, -92.74430711061244, 29.377425767286596, 6.911017794577409, -101.83155110820128, 67.01263314511112, -16.249723421875807, -80.89712766468953, 94.5243541700594, -99.46606119809427, 39.02269602948025, -65.63973141397909, -76.31374535787246, 10.163281251707353, 76.88991205850733, -151.20134319358615, 75.84177096825427, 17.6981502623, 34.076491676674515, -23.710970423239587, 26.430916082195424, 41.28183967794132, 10.62544766396696, -47.60998596282521, -134.79686439320056, 95.69747266735128, 2.172091815811366, 60.29685409938421, -0.45598041333763845, 16.76207135353255, 98.06603728165526, 63.50391958012799, -23.45299972347428, -48.604399500041296, 11.968846624693139, 0.47308009465646267, 74.12410807805352, 1.3474087200889486, 87.56814938650977, -15.42527172746667, -125.94668235144175, -131.92617274200785, -59.79162271408358, 58.62667161113719, 116.82640694848617], [20.42133491053608, -46.23454482500767, 801.291641022271, -39.85708855965608, 87.47351779044683, -32.826417987305916, 131.9838963665773, 32.962973106479495, -101.14322045765273, -18.551115529242537, 61.474884715101865, 16.560983977248824, -123.79625764870256, -9.592269159438507, -73.086553231991, 62.31156136093838, 24.0284455911469, 21.862129035750428, -103.52039593461382, -18.999571255108798, -35.10143710858217, 2.496213708508256, -62.05940077718071, -11.914389939047739, -21.36790602643477, -15.088688583498625, -78.69973448244902, 27.55648842508422, 29.431876793629932, 66.3539043228173, 40.06579765447786, -80.68592044093859, -126.73082019348738, -23.18141718275769, -3.031139276511049, -77.05332635537935, -165.8012712638176, -80.00745436727956, -38.376775412565365, 70.79739083768673, -23.705528205667235, -34.7059356607901, -98.34334597514183, -103.65684822674059, -75.10477787617081, 12.806547524579331, 22.99962384675238, -140.4843299638225, 1.598602337231035, -184.6419374295424, 120.27422355626646, 55.256713112135316, 13.590026090292223, -75.36002928114928, 7.335494402078972, 54.04240172827711, -97.7196080572707, -13.026709528189699, -82.96135560838778, 82.3987232174797, 125.58754111843808, -91.80950392240437, -83.50498713115238, 143.42172225330032, 83.9546547554463, 79.7905219882519, 59.97655641756307, 115.76113155456677, -74.71218758908024, 25.903628769421417, 105.88523865871865, 63.835308455048924, 9.763935587005276, 29.312843297168836, 107.56183017841715, -46.346286721096924, 27.699110683397727, -32.905365570100145, -41.93428164088512, -104.15298055801895, 73.74272510867532, 95.2524453125097, -137.03972166721482, -26.589852922248532, -85.87856058790459, -83.35087508652919, 4.696053664603942, 0.6009545623075233, -16.6010714887723, -18.55882331172873, -24.253303472815595, 61.17721298279003, 54.37498252692042, 41.37126674809193, 27.543708884747737, -20.734082194906662, -96.46539612695305, -15.378077184029793, 30.44378709657606, -51.318121697276894], [-9.74739192563515, -17.012186847187415, -39.85708855965608, 770.7073054882787, -2.4435440877723016, 69.55660780377421, -143.42462160503186, 126.5327707479682, -66.69139362853412, -31.810043146072303, -39.088250766962425, 25.28738788207996, -27.096807059070095, 26.94473164335917, 11.60433087262625, -10.273692553119592, 29.87467422762173, -105.88531646222178, -8.021620702010207, 64.32418147082049, -4.67198615314721, 87.44357790337102, 71.39830486012835, -30.483736275594936, 50.57823344896537, -18.40628154793906, -101.86298179203936, 67.28275119358779, 39.51528171300637, -56.91063011005949, -152.1982610239617, -31.338862480118365, 89.43161879908907, -100.69807051760097, -178.80965283527826, 41.625786326830145, 25.627525913661383, -25.360524960421767, 56.933842070203795, 46.00155520293616, 24.959999985993317, 141.40724136781336, -0.33266620202963265, -19.819292734552334, 1.4467675871399681, -26.650158449346943, -20.94614353699586, -57.91678556310786, -22.872292868273586, 4.323760836677989, -36.34356891795463, 36.480086264816045, -129.98303536768992, -44.18116074628413, 32.96295322223032, 45.352234251167445, -18.98656778962221, -119.08740994939548, 12.854255263189392, 25.4387564597592, 183.99577466860947, 57.80047430247209, 29.25877695798289, -74.85522680575525, -9.617350026516387, -28.079608984235634, -6.313153706540284, -11.841584695314486, 78.74615260178834, 29.738270732888004, 137.52054115263448, 90.15437037986128, -102.34719426662443, -4.1937282942372445, -18.878764468051397, 40.63971344404914, 66.49417834789706, -57.59949451027233, -67.38159387657296, 110.65455700056354, 87.79818427301112, -55.51771280672046, 73.2719919805916, 74.65461720513194, -43.14076351438677, 81.40762944671094, -32.66129055707733, 108.54136266800083, 31.180427280829633, -50.48992354816526, 0.6010872991660439, -49.74815634621975, 155.09122571692265, 40.05029043052467, 54.49081627633588, 56.544874231906526, 9.867796544976855, 23.398324648288984, -123.33525942713302, 18.296607882827356], [-0.7786135150217764, -52.83394047552825, 87.47351779044683, -2.4435440877723016, 1026.5849535528773, 62.528948745380326, 42.96058793676302, 229.99048470004354, 121.65857698292217, 39.81676211954431, 134.33251324701837, 9.454468840164003, 43.20621552252377, -14.763950066021428, -7.2578190244639735, -68.1275515438224, 41.93220092928173, -18.79712174173497, 171.2891267342271, 8.4846977218059, 52.8473222757489, 0.8103061967451684, -58.52680538667576, 60.72930064677557, -20.477855795511363, 63.31788289732316, -20.485341429972717, 0.7501221726742197, -21.616296460050084, -92.43569439784758, 30.683058074792857, 8.448254563814844, -69.40976516517419, 12.439843760747955, -51.37366684962947, -54.656905968716856, -84.94501045424292, 50.60967513925539, -87.7434436812732, 7.9535815766037095, -74.12883096436374, -21.588194725539896, -18.025274712135715, -62.76250315617445, 17.117224083666606, 5.899795926322114, 62.16421633874518, 55.72538646139997, 87.88812228855178, -13.337463460455812, -104.01739039605229, -22.2082140296141, 147.1139721772774, 20.842969469332964, 76.4887167531502, 15.931274275178238, -15.219160656829327, -24.224549799929928, 23.675453448757395, -36.34111881367704, 71.79417393847271, -39.69076187235781, 53.61961921392687, 131.09640026213853, -31.314895764387007, -81.56208657709698, 118.73299624488287, -73.73234379607348, 16.20596768362319, 34.581275526658, -37.77069026842528, -34.82375408755752, -73.63080783381196, 88.75904925023858, 131.47502382307366, 81.1431692856705, -49.90168435219175, 36.90252185323149, -20.198931134146086, -86.86230545741765, 15.366991029135981, 84.33693258938628, 56.18469682554, 10.638908143884114, -160.5540484118154, -2.5946221911436838, 57.18745394559357, -15.905510331544528, 3.531850883352269, -60.55986605297957, -86.9373150888089, 26.368503635998707, 7.328065771096129, -16.558995546681274, 0.538676206969586, -9.814819628196192, -121.97605007649777, 3.261271870672492, -12.430162613356242, 38.32759774874069], [17.47499270207584, -30.659655241056658, -32.826417987305916, 69.55660780377421, 62.528948745380326, 661.9098470375123, 104.8564431157171, 93.0112362328356, -16.803626000797575, -64.16366699803804, -69.860702030609, 61.396454821042354, -42.747808665622514, -8.13234193380579, 15.23499323864973, -18.676921918999845, -60.98075114291337, -166.69556131208276, -77.19597027281468, -13.626439859268707, -21.63506061706383, -55.079777284526465, -111.10287423646004, 41.79039360728562, -33.540993603285116, 44.309620624479315, 218.42461762875965, 97.41032956351113, 40.68821058295803, 46.43747939336401, -124.31071832025725, 5.704496346000028, 23.88231238390089, 0.3417399911955003, 87.3713321277543, 17.483691218950927, -35.756276555754845, -4.759613758201347, -7.181146184001688, -14.275454206824127, 38.94295029413357, 35.661250931423595, 31.035902711276837, -1.8916916710329097, -21.369399739763555, -50.39281916613299, -73.68527466171311, -156.5515444468001, -93.00976734690904, 92.76499041868026, -72.2196753324614, 4.780285577927515, -146.2026603662838, 37.168254712835235, 55.61683915386681, 17.371979802768045, 84.17661208942246, -89.661825014362, 25.747678639709, -9.560261357379042, 20.003663219376456, 20.344983896739265, -64.44615711204466, 29.185690322154294, 13.531810336175727, 21.98271691228139, -3.8173400235416795, -14.527064115588725, 97.44635701089494, 44.90156107067378, -24.359979694436333, 84.40615611088842, -66.61794549252501, 69.64377298786205, 14.125278125570265, 63.11770940167112, 1.9048391474512547, -34.942501189324304, -23.106871002768756, 16.75369291761233, -39.59552750731966, -54.60554645914663, 51.352664435407505, 108.45064484009438, -95.11233721642445, 4.3788936453408, 64.65140904481459, -46.71153058603027, 1.883886087664675, 17.759416311862292, 48.783048495580324, -19.728417995640385, 31.292509922260344, 20.155830117419832, -59.56645898979414, -86.13788247710463, -66.64074539341219, -67.36316466798479, -51.4544485403473, 89.28210019485894], [-23.96895453909714, -47.571672296672546, 131.9838963665773, -143.42462160503186, 42.96058793676302, 104.8564431157171, 850.3339870524662, -48.60826213416571, 81.7893118225926, -109.78134460024249, -1.6495102370165882, 47.30410440713798, 81.01489775777479, 32.79816057188935, 84.79139590050573, -3.530153030018857, -94.59239751277575, -82.15993226526948, 3.989101097642712, 37.093910959656526, -43.948519452901294, 17.721992555455053, -60.729003201775036, 15.241727283648032, 45.70066007821611, 161.7098773604172, 14.825100430962545, -79.81230530354524, 51.15040670549669, 20.111249949998015, -22.14316048449257, -96.11487904659222, -28.577209718108083, 140.59330898623884, 10.234708609796044, -46.67616387827071, 58.67049751998578, -1.6135691582995209, 28.723400402962913, -22.213947573130884, -10.093547786059856, 61.98433933681798, 25.299216119196558, 11.512757509498726, -113.5618526387981, 146.8969094836794, 46.724825081700686, -64.49181154884857, -95.67313346684546, 132.85043436512214, -39.18980291561354, -35.526621003352446, -160.57444465796857, 70.96555386065639, 52.2053047051013, 27.474403389041456, 102.09724176990818, 57.521359277458096, 50.02083929495005, -156.95779406671878, -142.9554301587289, 53.17925516278441, -14.920183455084715, 20.567470528459115, 35.06038962947732, 89.18379625461513, -41.955989021254574, -19.816048044592115, 60.459992145742945, -60.08214049228382, 138.8469497254449, 1.159196152037555, -38.991084021585216, 15.822563465967718, 134.62025084439082, 54.36601320384863, 60.869660358843646, 46.93849558448004, 96.07513046168467, 1.084025855312386, 41.288303703053344, 56.00349063977465, -31.64253429535379, -119.20356636835808, -29.017850286347276, -3.3853298476058273, 51.49627731007902, -38.00095212952326, 42.26021939890589, 25.255739854158737, 8.667238197612198, 41.32016393419798, -2.982209222889453, -7.50644171426309, 132.91603968057427, -85.86559596735242, -189.23299541826657, -120.34178556803474, -28.43107760092234, -81.22848017166356], [27.47225616472617, 13.845969410940496, 32.962973106479495, 126.5327707479682, 229.99048470004354, 93.0112362328356, -48.60826213416571, 1080.0101283076235, 66.49691801019384, -57.75174071230223, -28.952538742063616, 20.358442581240972, 56.97105706246642, -19.892144251900692, -103.67086161376797, 22.797959438713736, 109.21488148446342, -68.29631349971055, 11.354007442974897, -1.3900438782641868, -39.240777441715956, -25.711281551148314, -5.189777848358957, 96.09029180908912, -55.2868079685025, -89.93413244210375, -61.25769974893754, 36.24102661622065, 34.56605193242323, 21.8120128438389, 80.44721367379948, 61.789067504313245, -37.91246085199809, -57.34768619589791, 10.145031684484326, -9.398745383666165, 138.44346159311172, 47.469051159122806, 81.07783372006257, 125.50039659859016, -123.58336305742779, -28.637164631144564, -124.73539962765891, -186.241530279075, -6.003555013677422, -78.63845996892235, 149.22688868508249, 53.85997126596146, -5.748738376767438, -1.655172503117124, 8.78187318717074, -147.95754626597915, 53.00620232992777, 29.7051734300914, 41.367131067338875, 86.8590586829533, 49.348032413438595, 90.3305475420888, 7.511429358172168, 92.22481647773152, 19.490580909836073, -32.13017721473542, -84.96532491571001, -27.378163366871775, -109.94787653069037, -22.92548501517307, -83.4020326402495, -155.0574833299209, -22.163630344886435, 10.851268261532711, 109.69106448378095, 60.41137160226234, 8.29344823735854, 105.38329320884615, -21.88711786728827, 28.27157231990292, -3.650004512074805, 87.07726982202031, -93.19998929421686, -46.722651573576385, -18.847862150645398, 22.31984715943888, 135.74430692906517, 19.27061784733423, -54.961252041434136, -9.391473922994212, 5.056205085418992, -76.85616573023468, -39.82931339231204, -90.0323050534727, 5.930349208669834, -75.62510838776127, -189.0324517885313, 49.815222692664875, -40.45358623706757, 76.70054341202287, -14.143634975892178, 114.7609925633904, 0.2502991880100807, -55.360104301097266], [-40.36386737672975, -96.09809403743178, -101.14322045765273, -66.69139362853412, 121.65857698292217, -16.803626000797575, 81.7893118225926, 66.49691801019384, 776.9453939686463, 4.448126748214061, -29.730113875853792, -84.67520322922273, 30.90502503372808, -42.18627051212758, 25.563210314029497, 67.20977380648692, -26.65994476507598, -97.88638729599768, -6.256215556144415, 25.259096089455912, 16.071639134915266, -37.19494144431524, -70.69305686507212, 4.152751051045485, 41.283992919153285, -30.462646863044576, -19.059140410237198, -150.4801236079012, 9.267691234012034, -80.89033512808706, 22.41013583284873, -24.32208874970126, 50.19996349024809, 49.966897907524675, 88.22470070356648, -85.06369090905108, -2.2087484177935752, 6.700775103782553, 118.79554576593434, -36.1962907957841, -128.02458671120036, 66.5827635727477, -117.100898945684, 131.53959608754423, -28.624749157052154, -25.57060729976877, -8.96123014429859, -44.99634648548144, -95.03247827159174, 80.19731192864177, -37.34136382420706, 77.01298815698014, -23.853736863389823, 71.03804338347373, -31.546662238370647, 27.80089728636767, 47.93080792974067, -99.50981841394352, 133.28134096311024, -9.927496249393034, -51.030937309190584, 23.429928143262526, -15.784795553397778, -42.10175561790358, -59.58673041198488, -117.31595342168967, 105.25601751301473, -119.97265526113448, -133.52165377635777, 15.577299221224813, 68.44410286794454, 89.58591916782865, -29.572348099559203, -78.77478539496954, -9.35191788750671, -45.93586794744276, -25.90481522080689, -31.49624305469288, -25.855893543524616, -38.16974712056289, -68.08072314671897, 40.13925059138347, -20.779212981809152, 17.27714802084707, 2.961223237432077, -73.18927254345033, 50.53867587848404, -25.916211397435855, -77.41398643132524, -31.172591080652836, -38.93721114917521, -38.686649063094784, 126.5042387233317, 25.78780507957448, -18.371617450595927, 65.35547549647362, 4.233205988603415, 45.42505701994352, -12.318504082656249, 2.4953261146281407], [-7.469429542615868, -135.05841269314018, -18.551115529242537, -31.810043146072303, 39.81676211954431, -64.16366699803804, -109.78134460024249, -57.75174071230223, 4.448126748214061, 748.6144633920007, 3.5652797964345813, -18.834311637730426, -22.84847460326216, -24.652008348371083, -2.684622485533941, -83.49479533641114, -127.62127226894451, 76.58049928672709, 64.31693517478237, -27.038477561139622, 21.310501621134865, -1.1145607051277922, 109.01448289512805, -42.306941531677666, -79.64711174513951, 35.54288460925035, -57.42692021136391, 16.34633620630078, 62.92412208566102, -81.39829406926688, -21.49213263479255, 128.63195560892132, -95.62463954336108, 65.07244141334013, 37.52344432739285, -136.56317298231477, -28.28875671975703, -58.861613725459954, 108.11477595686839, -49.366142030899425, -11.2964546668234, -14.522808740499107, 42.40487188839373, 98.54931360243147, -34.23279844139989, -49.73743483836886, 57.38029541852634, 6.801223798378161, -1.9938109145538678, 63.419443807644846, 45.61099016445996, -56.929106746056405, -184.5535724400531, 35.02677222614968, -69.79333058899702, -75.68812323478791, -18.74923010885078, 47.41407504059453, -50.71179316115342, 142.86784620543804, 70.45775700928542, 24.370332815772056, 48.24461547194968, -88.70134216317972, 141.25780573454858, 9.723509783680441, -26.78764682776116, -173.29016582326753, 2.281450816810749, -101.2668501867658, -64.5200097479818, -46.491244278977575, 27.390656322092266, 1.2443274822604105, -57.729464255756454, -73.27718907302985, 24.012567216067744, 38.44778253957898, -62.39405563442026, 15.529239832594232, 73.20094646972326, -72.89650814150762, -53.8647806229633, -6.772932654099305, 13.420616323950684, -16.1272410193108, -36.7250335051348, 57.74161074204412, -87.95104731469469, -147.90917300981374, -86.70299547123764, 107.70116953831351, -91.69507857456769, 24.770167948760307, -33.5581562881657, 43.48477076676037, -68.0607702196784, -2.7201619235517915, -203.85145923156117, 55.72601373527353], [-101.91269080529723, -28.562539314112787, 61.474884715101865, -39.088250766962425, 134.33251324701837, -69.860702030609, -1.6495102370165882, -28.952538742063616, -29.730113875853792, 3.5652797964345813, 1052.862367251417, 75.80205849316019, -6.990841037973605, -25.321553336862316, 42.06367297460623, 2.4497699431790627, 45.91009510280968, -6.830618808569941, 27.848317316327556, -135.2152870778873, -42.329769792303914, 36.39273001516179, -120.83903781066383, -66.996423153427, 15.959625756443652, -150.67478024051536, 42.17142887421752, 20.560117045831387, -2.244421550016348, -88.87409463651966, 79.12793868206863, -2.1102726228919573, 10.458941013749605, -33.089263713468235, -0.4860959750410336, -8.56164069052049, -16.033569054813817, -30.802028459074986, -132.22318359059872, 21.20796732902178, 41.16478141231542, 58.50783872448558, 73.27257688876504, 116.54116578282296, 118.79924776410958, -116.55165720581024, -45.00258233289257, -68.08726410691536, -15.447078063707812, 82.71329715279187, 137.6850617082908, 125.50802877254635, 52.822890312808354, 99.31180086954419, 93.88468105655721, -95.15261606257779, 48.286339941654404, 70.4333144181743, 84.76735061498884, 60.39336458341268, 134.46053737274693, 70.84762323293555, -106.18748743280597, -63.63975097515378, 103.51899099266952, 72.70122140320588, -14.759262343131532, -24.76586841788297, 1.3023942035275184, 40.07166491185125, 120.68699530351938, 46.115245886783995, -30.78434699921231, 9.11981320225457, -25.099158768960528, 96.64841754450427, 70.60323111080125, 177.03374158629666, 122.70069577480874, 156.9025710697048, -46.06178924944492, -2.4723051826725615, -76.8741487261941, -32.49253697192168, 42.109980559426084, -14.138475944355438, 2.9364115762819205, -101.09908645709486, -89.468542395925, 61.382415933197, -115.87608572171823, -154.13430263137388, 42.69330357191613, -45.30747686443259, 56.24083289775957, 105.79050861056915, -23.21041369675794, -42.82071538373148, -129.56260610400443, -67.27817118565173], [-0.1038074032884115, -36.59098036113613, 16.560983977248824, 25.28738788207996, 9.454468840164003, 61.396454821042354, 47.30410440713798, 20.358442581240972, -84.67520322922273, -18.834311637730426, 75.80205849316019, 827.3054165307166, 164.23187246159827, 52.19022461815161, 65.99355252345316, 59.534109438965665, -67.895510349597, -16.899288674146167, 0.8080663308693046, 50.540675507727265, 51.22362290962358, 47.4265834744727, 34.925171792350326, -78.77617837532074, -14.329129248894702, 9.538268206996538, 80.22775599146802, -15.228483223854468, 81.32431781896474, 101.52935913329446, 52.3476352213967, 121.83352774419677, 68.632988687984, 6.7337615031378215, -39.609920190696336, 47.43682390476522, -75.70446711776508, -0.8222785950440132, -110.45588949585856, -160.19191785995693, 16.775867719590998, 77.805890039112, 140.52057529714446, -29.630385375910706, 19.601286311041058, 44.621548418477396, 92.82977264731959, 3.2201677371011046, -16.473558562081912, 36.66799674497218, -84.87222880435516, -51.41524521372183, 112.41443520940017, 35.96388124840553, -105.63334219607422, 27.80350865270776, 99.30678770432017, -33.78633029616702, -81.27228076738574, 126.6769723238543, 3.935943965290357, -154.56284692710622, 34.79668364676924, -66.125282840709, -44.27529737637888, 30.834927378540904, 26.400976615650972, 36.00445355826896, -42.614453644533114, -90.37147932073599, 44.29616892730704, -94.32944325311185, -60.28451174727724, 34.969380715158266, -15.463605490829945, 98.30685743413514, -5.863492664075953, -11.417454860265348, -225.47582939041345, -47.85154253445613, -6.786786218523903, 45.24992042002787, -25.5461187467685, -75.77922637381072, 42.70413237437597, -136.47387274086933, 39.085925487750295, -18.33016907151762, -133.24925229286342, -49.067714220576114, -73.112503135252, 66.01189446303485, 62.565840499118565, -185.07226159141882, 1.3467163834645761, 77.6679421739215, -155.01544220417426, 70.54091170725687, 68.002587085092, -156.98282071163106], [-70.03561000193693, 123.08453169845156, -123.79625764870256, -27.096807059070095, 43.20621552252377, -42.747808665622514, 81.01489775777479, 56.97105706246642, 30.90502503372808, -22.84847460326216, -6.990841037973605, 164.23187246159827, 887.8007429723406, -2.90228317728812, 65.09977466839996, 42.799631666335856, -25.65018190217136, 48.98612348980748, 19.365970619485687, 122.00857634595368, -66.95421548170091, -27.717616707506377, -39.8651677807103, -36.277517147086606, 32.693220281312804, -46.66934483102947, 98.97463354312218, -49.96399361517284, -69.61997415376105, 110.99199914238497, 77.76535163658579, 22.076833825191805, 88.38869964607912, 68.30347342165349, 16.57201345009745, -182.3578637418659, 54.84931184955386, -94.1722283163502, -17.6216134868625, 71.85969854942581, -97.44337445851585, -154.22586031219362, 99.8402889056379, -55.46240550015462, 37.87845825051673, -89.08137924706413, 73.07744684608814, 69.30758517684039, 50.307056737509825, 85.7430489852969, -72.23241392213346, 61.08056766659233, -103.04556769393336, 27.78642504981517, -10.223393290870778, 58.93458614378253, -69.09942090657803, 26.67082022607567, -78.10424555991582, 12.203006825272526, -101.91603189857074, 28.570969066020268, -11.241966393207012, -61.04684175592949, -21.441632119700273, -5.524007475662718, -114.11698778402402, 42.02163719108675, 3.859597787413628, -9.684557663923098, 45.7726837780742, 0.950074173692632, -2.4468365950019435, 101.98799325252898, 12.932101025304757, 6.957723105219137, 28.672652414302448, 119.42316375773365, -4.943073804804404, 49.01939445008764, -75.42606290266991, -66.71507046630448, -86.5171431261369, -55.424999280350036, -58.625128815375525, 31.122895883179286, 34.348798924845404, -33.714751550836006, -39.954011605347695, 88.10055940076371, -24.174938308326492, 52.57982724838159, -20.218918478724557, -116.0096988084258, -39.33938220864557, -64.17204387285629, -139.52175362288037, 78.84521381140709, 37.32112891479296, 105.29878887873444], [49.525363708030845, 56.27285461937594, -9.592269159438507, 26.94473164335917, -14.763950066021428, -8.13234193380579, 32.79816057188935, -19.892144251900692, -42.18627051212758, -24.652008348371083, -25.321553336862316, 52.19022461815161, -2.90228317728812, 640.0065065386841, -90.44104747318325, 77.02667978951287, -63.52895229213931, -8.494485687084142, 1.5515599998586418, -69.31432501593483, 61.82580755754091, 69.34221960233634, 14.944902688468511, -2.713496255627534, -16.727617683037753, -24.994044915068866, 14.814007214291538, -75.01636275527528, 28.66474704263879, -39.86285071061482, -70.08526375745342, 58.03372082112662, -91.64390170917389, -63.80922956614316, -11.91725067594232, 30.169179947240004, -105.98888913083026, 144.97684794139235, 2.8092729364123787, 105.96770666642598, -5.024251156236694, 17.669808197440872, 105.82187969447067, 89.02312819708658, -134.13777306484423, -49.07225861047714, -64.04662248931817, 48.891245891246214, -82.94392241953511, 5.795067581157161, 37.22408081466032, 157.23138072969468, 25.418994113264727, 59.757364729301514, 21.433790127132603, 8.008860812275467, -55.63852448213401, 50.930518186093884, -59.08899963496909, -22.570093304927994, -110.66939519528555, -70.25457248256141, -32.479751795965456, 26.79159706179713, -60.17695850549934, 30.60444547121935, -34.859531626680294, -14.260224927156907, -0.3408620123409127, -64.73298186499036, 134.12666274042084, -58.41590366648666, -6.275629452846013, -60.7357260260908, 26.712119404515185, 141.76251698304418, 26.920630376659414, 114.75600704900492, -55.49377588614459, -60.45631738337655, 39.787521961638866, -49.68374548493129, -48.847052434432555, 143.01292569441128, 60.742078559501095, 105.07427975240262, 22.455287826417933, 121.20223761848752, -48.068224688871304, -31.25683384498932, -10.05870422424371, 27.931179535119057, 117.10151097286455, 13.302229082418206, -53.22844075203337, -17.8497275346856, -38.3945642270265, 37.05297986536446, 61.196669681567435, -123.5861604110623], [75.11648651554604, 112.63175354640883, -73.086553231991, 11.60433087262625, -7.2578190244639735, 15.23499323864973, 84.79139590050573, -103.67086161376797, 25.563210314029497, -2.684622485533941, 42.06367297460623, 65.99355252345316, 65.09977466839996, -90.44104747318325, 878.0713962184586, 146.21554031251233, -40.47091753852255, -69.96018620256469, 116.87157039120169, -19.757850437033753, 123.91282954505445, 96.07163711334033, 6.0427357412693725, -60.76637273067189, -69.36613856381119, 103.05573366681956, -60.318328677173284, 168.6851216996746, -86.75319587964846, 30.144104577385722, 0.2637930293688441, -96.57820467049062, -9.835760457630347, -84.62027634293837, -98.28988255669138, -68.81090991904473, 50.411537651938104, -48.392606933722334, 99.51093351367082, -155.06358852482353, -18.715212352368756, 13.83843083234906, -9.619370565753702, 63.85859494314483, -96.46094460021922, -15.985410725020229, 84.3395450130887, 122.27943305568546, -22.850010363221383, -81.67524210651567, -53.87893877927193, 4.7368523240361915, 18.291580689576183, -12.973513185563077, 22.255721986312746, 21.745386373125644, -84.45742943979121, 36.92790240428697, 34.91702514511825, -41.06858233116355, 11.063822239437865, 5.880839727124921, 63.88843999548196, 79.02312196714303, -5.264355552262311, 31.791959440251976, -83.68047175402558, 30.589959531523593, 106.90104769812558, 17.71579210437949, -2.614285897626944, 147.04253919267578, -22.625457433793322, -4.708604341126412, 13.963512010588952, 43.75969489647325, -66.7013569270895, 69.40155546677248, 115.8704283422427, 19.22395288854801, -104.42508991298885, 86.43324660597646, -78.08264180333009, -94.49629831263125, 28.617417963298383, -49.014698006955896, 91.80707023964742, 55.11674615096467, -60.098905914042355, -41.308007776956266, 9.803908346543775, 132.6587140756739, -159.43633085149216, -43.64137817891874, 74.08297996817105, -29.762222016251844, 41.73199530976869, -47.12137087705581, -54.044201666883936, -29.237574703475783], [110.19745325852082, -38.53737527769037, 62.31156136093838, -10.273692553119592, -68.1275515438224, -18.676921918999845, -3.530153030018857, 22.797959438713736, 67.20977380648692, -83.49479533641114, 2.4497699431790627, 59.534109438965665, 42.799631666335856, 77.02667978951287, 146.21554031251233, 877.6653857834448, -90.5814125367188, -2.515461656855044, -23.0629400501398, 69.3518235610585, -21.164206461425596, 22.97356262050499, 46.82552475210548, 208.848383855148, 17.85774870706331, 38.5841540885259, 36.33250452212259, 14.520596115291958, 3.6264785339937196, -50.51923009956353, 20.445246744642418, -75.04747132252594, -34.90651081532848, 19.12857998917554, 45.469766746014365, -84.74451468421613, -11.052457679972154, -22.293807395607676, 89.70760636665682, 31.942254951044426, -74.43907477724439, 114.6811827655239, 31.776597318101903, -78.72097394688899, -63.22200601749746, -17.775779827998523, -89.20665699719314, -104.66057433422209, 13.101314498581173, -45.22853450464415, -36.71465629931325, -6.372140483144293, 182.95039308435886, -1.9294105135095854, 185.23254074152536, -23.525040414553335, -72.33041245565163, 65.5398919281452, 53.84772974742634, 119.07016859930275, -10.293266174611617, -64.34603261303937, 68.57833140831245, -8.071047026538421, -52.80858438947228, -27.37148185815335, 12.287588529508966, 147.66403308741266, -48.36141257429347, 50.79586513157702, -46.66029424964369, 128.62833104292457, 16.049719400175885, -89.36783296631292, -34.44361924272615, 55.78124209057626, -137.78664527311494, 88.75773211515671, 28.02970718373322, 43.35864845293919, 80.69752636714615, 26.837418141099384, -63.37114548590469, -48.38817821382817, -84.1645778050363, -12.233841447276667, -2.5805745253169476, -58.17544707137269, 17.082572129404095, 54.926400383326204, 56.06803200292871, 48.907054992750574, 64.85932200314514, -46.39425821599898, -24.394630231530545, -80.6700078117513, 41.475957808547754, 33.60574337743945, -42.442393725141336, -52.902945016504134], [55.134782260591095, 55.250682939553286, 24.0284455911469, 29.87467422762173, 41.93220092928173, -60.98075114291337, -94.59239751277575, 109.21488148446342, -26.65994476507598, -127.62127226894451, 45.91009510280968, -67.895510349597, -25.65018190217136, -63.52895229213931, -40.47091753852255, -90.5814125367188, 899.3010487635371, 54.71432869728274, 40.837358419266806, 73.66720399384036, 41.53829297015427, 64.43899018331743, -17.86187868442123, -26.741578125259235, 19.493787491163292, 33.80002250347237, 46.028880182118236, 9.918606471596739, 13.105040986703234, -70.66645676839191, 16.333640680440443, -88.97069794451568, 38.50218069454819, 38.64091980369963, 4.523511656446173, 123.73106374757592, 63.07783379113788, -43.1584016958445, -30.24772356041095, 86.72267981550138, -21.810305202509184, -31.594899755731042, 6.157770079460555, -72.38504263554154, -50.287377035930035, -160.93559064760728, -6.95268014717333, -15.673679975222294, 26.252739094667895, -51.84943853679562, -117.74484149874768, 81.99340613590326, 12.52592429241461, 97.04454360361039, 81.5390303259245, 93.76650913290648, 11.371017138323088, -53.468431484611074, -92.91936484127133, -40.28974828092871, 86.32064593920829, -42.90798044459778, 56.6952580339379, 110.35670819612847, 21.011105538016764, 61.424646289689804, -13.527122306666811, 222.6335777585651, -146.92106884312722, -93.5305925640602, -15.8212734141823, 53.08242111785215, 74.62746959495792, -66.5206499739431, -46.16340190410049, 46.850588032999966, -50.87283939405724, -48.60280009488973, 55.320777452470146, 63.290140798475825, 39.646039015924366, -181.16877649569406, -116.62693721651438, -39.48890922691786, -6.123515239038223, -27.89679850397634, 100.98035864594567, 111.64889707771368, 92.08692449389336, 31.944419681145998, -17.00244426093193, 7.152932991716471, -140.72822666128263, 0.606893074879754, 3.4342618645191783, 96.81955077489853, 109.72165161751647, -121.11294970818966, -26.32220349880896, -134.94155891347415], [-33.94611914378959, 62.60040472734527, 21.862129035750428, -105.88531646222178, -18.79712174173497, -166.69556131208276, -82.15993226526948, -68.29631349971055, -97.88638729599768, 76.58049928672709, -6.830618808569941, -16.899288674146167, 48.98612348980748, -8.494485687084142, -69.96018620256469, -2.515461656855044, 54.71432869728274, 964.9320840856427, 37.94605522438645, 16.56744245880743, -213.40044643216052, -96.05348148007197, 21.949490629128324, 33.61203389158943, 45.454398608204826, 13.911704670187822, 108.62983293360641, -26.026932150418947, -64.51813886565976, -71.39178298382896, -6.334857762924143, 65.80867434796588, 34.232353873180315, 50.007862524305146, -47.26548239132082, -61.08223831745051, -66.54164880968607, -99.18051818740494, -100.49759563312846, -4.943141960702328, 2.3145808813518256, -48.25343834482493, -75.00658551256507, 20.452817598170526, -54.08737880119909, 43.386700118889884, 30.05800208405765, -11.554130872443833, 29.5273967827641, -107.97195948306492, 14.076788911732693, 16.838179631896853, 27.17328188296215, -76.38701746805853, 37.64419685955265, -112.21186914590466, -179.93796760028792, 41.79469557801819, -163.54940334908267, 26.73526128958545, -134.9235025128289, -10.37639176739662, 59.18799341046602, -10.809674673569598, 67.17682017645146, 108.08669365560277, 68.51373379268152, -89.21081967205158, 29.785546404147038, -126.0611691443132, -62.20963354567206, 40.303020685054214, -8.117760281442996, 50.234929919504516, -26.364278501172336, -5.893553463828251, 51.58394320273148, -105.43163864589378, 96.072125044552, -115.5104803789848, -135.66519551549365, 7.0384074564317, -61.01458803172994, -6.843403800063458, -19.647529324334783, 6.159479498444331, 188.2099275684352, -148.44021534083427, -44.54774305849599, 104.74674097568287, -9.377617297635284, 63.17896360554788, -63.44940261187864, 106.64700655474444, 8.589751606927878, -49.87279751183456, -5.222925111929949, 2.1233394538432515, -99.90375666643084, -44.39161917198313], [-103.16682889973256, 58.04392880727049, -103.52039593461382, -8.021620702010207, 171.2891267342271, -77.19597027281468, 3.989101097642712, 11.354007442974897, -6.256215556144415, 64.31693517478237, 27.848317316327556, 0.8080663308693046, 19.365970619485687, 1.5515599998586418, 116.87157039120169, -23.0629400501398, 40.837358419266806, 37.94605522438645, 681.7274422415705, -95.73366915891019, -3.6379789553507718, 96.17564403210282, 91.43177940888673, -32.33185431762784, 6.199686344042654, 47.304136617117884, 37.79874449664515, -26.73000905225915, 15.440544642212807, -57.50041939365484, -35.48847739731833, -16.472807942920806, -28.23384537182991, 41.82495843957677, -30.533942036765424, -22.725723593974614, -10.601675243052531, 84.33242280978669, 44.17022963904135, -80.60337621892248, -20.412043639465885, 122.27988061588565, -39.63581809072398, -6.542919869409365, -16.62738265556862, -38.31834550512113, 39.035426975076525, 25.424697818039988, 99.64698185999148, 70.37384326516978, -82.61333872735159, -45.83174742717547, 43.78687481766497, 6.22164062666861, -9.012148027345157, -21.133658832101666, -15.869459305998891, 105.33553309007172, -117.07271161231738, 74.52776243780299, 39.25621180436299, -4.023208662014415, -41.261598642318724, 96.95571585093737, -34.37992640444947, -78.01463358985689, 88.13852900751911, 10.53996795682901, -45.09289074545625, 23.45116489338662, -42.557175702495286, -3.9570511299377538, -18.43721049579133, -12.860503586784946, 84.50639788793657, 86.23711524974463, 158.711319456073, 17.696069355249776, 95.54410440480899, -109.2227797145672, -44.253174092907365, -70.69269981894105, -3.0926211274393194, 53.56365716158938, 5.582716545364498, 40.66831570339998, 9.763981121609314, -33.0886801437955, -56.521441740176876, -29.212851718179063, 86.57082983680324, 30.738970945047402, -91.05948575458389, 59.61089692419263, -16.910459298222463, -88.88412802015199, 95.52688518424095, -161.54305611376444, -34.15586973829647, -67.89922138161435], [-118.39302189658524, 52.710633103923556, -18.999571255108798, 64.32418147082049, 8.4846977218059, -13.626439859268707, 37.093910959656526, -1.3900438782641868, 25.259096089455912, -27.038477561139622, -135.2152870778873, 50.540675507727265, 122.00857634595368, -69.31432501593483, -19.757850437033753, 69.3518235610585, 73.66720399384036, 16.56744245880743, -95.73366915891019, 904.255572937938, -89.59808189244085, 72.16742562928722, 128.5375655726331, 212.0842018012991, -47.03122139802214, 11.060480955403607, 62.88500241425384, -26.94179339031239, 66.5964544255245, -52.249535170147844, 3.6372662147312265, 53.68630298344674, 74.26311425002521, 15.337509300578422, -1.0491995305315378, 134.81250125917697, -159.55477855990435, -43.96264865103266, 87.6604204911012, -19.092929043379154, -11.178533278036046, 78.49780361223632, 26.54647000678825, -85.62497321517492, -8.492082765786227, 144.59226274164453, 22.898050143061408, -8.896521748876706, 12.175991835768311, -96.10682327620731, -22.576942214935517, -10.191292252098208, -80.95207329726392, 203.74467237278884, 134.5965103067949, -83.84670127369371, 35.3919216594529, -10.279148424915261, -18.834588189893847, 75.73009887633675, 106.98727282287908, 172.9379564688348, -72.2240419196029, 17.551358209033307, -180.27476682930376, 29.1792476640901, 17.990314943716925, 105.65260354598958, 89.70943528348216, -0.7877752648469305, 0.26135227816141327, -3.363099599276407, -35.74064862657384, -98.82028817843793, 33.97872864757948, 12.996424249187504, -87.2942250640281, -42.76204475965979, 48.67015070680757, 105.59793157588072, 33.7226335651757, -16.875764700370222, 4.594981041648542, -28.995672228500162, -100.23955172384674, -94.1953114035711, -10.86169323957674, 33.980134694199265, 4.4147616267959195, -1.8596661770496283, -9.257257480672537, 6.037928934042296, -49.388496339113075, -79.52146639818766, 89.86108435786292, -58.431876571532065, -68.8606337419277, 99.11292884155976, -25.003638972823534, 14.220853219923807], [92.83166531121516, -68.87144942020217, -35.10143710858217, -4.67198615314721, 52.8473222757489, -21.63506061706383, -43.948519452901294, -39.240777441715956, 16.071639134915266, 21.310501621134865, -42.329769792303914, 51.22362290962358, -66.95421548170091, 61.82580755754091, 12