{"N": 100, "M": 7, "A": [[[609.0322694208244, -44.02473737818002, -21.964450472297713, 11.147693466148937, -112.78138233208003, 13.872333040344037, -17.47992453687589, -79.48817830401856, 13.671757126261655, 13.257929749685701, 55.97554325779616, -31.161096171518814, -18.687035187694413, -9.002139199493733, 12.9548200412706, 7.6553639712742685, 13.406066146826848, 69.34743666487545, -28.141827982776316, 15.508279168651862, 32.277474673555545, 72.60495395848314, -1.0192779578524074, -42.39758700520692, -51.48339270938488, -41.482047073569774, -11.811960476471192, 39.57644045518084, 39.44999028316063, -65.64031996204163, 44.05328455017893, 35.501603947685034, 17.420088857133983, -20.20128656409406, 62.5380070239475, 8.339148512440607, 50.617666472893355, 58.04398505615539, -0.41157557055697025, 48.166766770375, -12.039153552741574, 8.460913233402037, -32.30519351722922, -47.9946303398981, -23.45421075221088, -49.9373136325468, -9.185886185165367, 81.86303053496113, 10.412972048231204, -97.95879194408421, -30.445664586272432, 67.84871633834688, 2.015542609675999, -63.946271042593374, 0.2433284724199737, -27.539926503103665, -27.41718108542469, -10.371469125733192, -61.43009547874245, 69.09995522630564, -23.06787182886748, 44.99586776598365, -72.36846861698179, -82.76402276390603, -35.88616167454216, -55.572629242922794, 129.9127797704509, -57.28397085597051, -59.55014281057521, -63.38684727481625, 37.75582936799689, -26.374137486669976, -56.4929481083182, -52.453449195772166, 71.26618996000047, -30.42323331686764, -3.211542441856908, -15.642964185363834, -33.18762055898339, -101.26504020798815, 3.654125710418396, -5.935476821494653, 43.13566344865041, 61.475881017815844, -42.56718292484879, -97.04841801059283, -14.845418307817168, -54.750905552566955, 10.63019345949087, 22.35203695474739, -26.85335650243725, -28.55776663820942, 61.58633955092536, 13.128039053383391, 69.8037421249199, -1.6133344542993107, 2.141770043146756, 68.58222897004015, 91.22141034900844, 29.115685954146805], [-44.02473737818002, 629.0088222806788, -66.25578455771489, 86.67155437225439, -55.520828529552034, 31.28175594569766, -43.563810803018555, 76.23496571594677, 128.89281985984323, -61.660985995551734, 1.684524799333009, -23.010407009176888, 10.80529081340055, 32.65685673848385, -38.938923407948096, -111.63056882459948, 40.980864510654186, -14.068875264516041, -45.182099400605715, -12.29588715315573, -2.42878151337162, -22.536085005129145, -98.74828400660847, 110.72482537052703, 27.12876242081721, 68.60854798351883, 34.16852244078375, 10.836930498201879, -31.395297368298614, 18.848589064304054, 73.64325525181059, 70.84879923045045, 27.179526850672815, 8.560468744723101, 40.45792406290267, -74.36810712623985, 71.67576729478486, -80.17040099022883, -116.86690476287886, 72.30439216614266, -81.83753502461576, 89.93179690913415, -68.23998622015135, -10.067709441879064, 14.096532283986413, -9.803740369768908, 20.79972464557133, -112.84691267354923, 79.15180100176681, 2.503742687684048, 35.42398602022185, -57.087582232583124, -77.25543692690462, -103.44007473733112, -19.962594852598304, 8.150009470789866, 38.98147032759312, -45.56613469417531, 70.97270491997149, -7.03797268828023, -47.55705885853388, 22.999726815771158, -73.3701733468188, -88.82279001020053, -72.7614196385287, 70.36373889002209, 125.08489357123979, -77.42930827072509, -51.57216514037523, -86.57769120702241, 24.346450784677753, -33.22694861170048, -28.192093715768355, -5.277775949633969, 68.13056798376373, -89.64328104433037, 75.2013608422745, 59.26286255071836, 133.5173722204982, 26.34783077032998, -17.952446654463493, -61.77648663897183, -9.013522121962954, -115.62631709176632, 90.59618042003424, 18.905433028838573, 26.56214981453695, -4.845267082836444, 75.65511738801007, 4.586477392338291, 23.6019746128017, 83.70158927950456, 22.285238207427934, -32.75231314067395, 22.273320388900878, -86.76683955876608, -26.082964288285986, -67.50127880736747, 18.433891624294755, 106.23253037839204], [-21.964450472297713, -66.25578455771489, 895.1608844213304, 62.38467159602862, 58.73236824452815, 16.29006937356156, 27.442342930312055, 24.107791041454263, 14.157056024225414, -49.42455266281092, 105.56261934520207, -49.26451972540535, -8.564190519980848, -147.60687481760567, 8.95893797801807, -104.09667466515411, 91.2336490130779, 37.17317777536842, 62.900193932663285, -49.09012929253561, 8.43890954367774, -42.13353968285386, 187.02136806290926, 74.0177266468789, -42.885080761552864, 88.47176509507261, -8.744486955427664, -179.87439654325536, 25.165396688872924, -16.426957664410672, -107.9325523934203, -40.315275501606735, -100.75445631884566, 99.00506456833372, 53.45079029291851, 99.5532500387656, -53.755020985059126, 33.92831611038272, 103.4332104757413, 76.06355144220757, -17.388880893040596, 52.71227581559895, 81.28267686370063, 66.23303768248404, -10.896207823453894, -10.724974380732228, 83.229023601236, 33.79676369045915, 0.39586180504059554, 90.19127056295348, 9.214229302844762, -0.24350729816009622, 55.78100193715445, -111.64394741279835, 35.33891995412759, 55.2051972063794, -57.4448351916156, 14.494547535233902, -69.54780122880895, 8.04727328331803, 97.83063319579524, 2.12270919254232, 24.59173289086558, 115.35146290014951, 19.557030209075393, 23.29560458612635, 12.363108483612493, 53.58500830600347, 93.11838775779637, 7.394568857254736, -25.90050983260604, 15.02991313643758, 95.40198945635957, -77.4214260073134, -25.995321482307528, -68.03169015006925, -38.44846039708073, -1.4993430410445112, 61.462615230617025, 29.96876061852944, -58.437833666050615, 22.680266327262792, 189.51681663994535, 18.87704699786965, 63.50657191531398, -78.11600939263485, -112.85399619746573, 35.966905093044645, -65.31544872742961, 176.94447481849156, 21.83725106182223, -4.908099665961992, -74.89018409447763, 109.40372477929151, -82.65753951865481, 111.0594734358806, 44.79791971800209, -68.04047015349575, 65.83382793523381, 74.4256357809708], [11.147693466148937, 86.67155437225439, 62.38467159602862, 703.0417142318875, -49.04752438324243, -37.3394758433839, 28.293828792360554, -82.61437500493872, 31.183526556404118, -32.11025126292532, 67.68789916354882, 88.50849669379672, -69.36900828869913, 65.36800009844372, -25.521476844139336, -17.799492019818437, -40.24963422547336, -134.61369504797852, 12.531118141156252, -2.7188422736296283, -2.8668906246375587, -62.10715042694431, 58.2878237650946, 30.43602587487665, 32.406434138094085, -88.75798785424375, -44.419862939798335, -99.70723929024841, -83.14855092970728, -18.356987946722125, -48.37369402268619, 9.570615425683279, -23.796285458390496, -33.29601361730199, 13.466045957147355, 21.790806975237555, 40.502034970666166, 9.524964242584312, 37.737642901243255, -53.54151331718671, 1.136184906844171, -87.1580188092641, -53.273789670461056, 33.062397399405135, 88.54437375803843, 33.38184711720097, -28.947714780482823, -55.8799967898442, -61.84458710781466, -44.26722225207869, 35.610229285424275, -35.259711387164714, 2.0104743649650114, -87.6308088740449, 101.81808533212946, -14.752966623751757, 45.42775752433241, 13.256022482686667, 4.346801930123925, 25.11864240001907, -22.195852729356634, -42.40196247883515, -82.1655921554464, 75.44027694885088, -18.42198680204118, 15.416623683744023, -74.12829158973237, -94.73144120986987, 2.8645402794811696, 48.390809140853165, 133.3891323127133, -12.462266301073933, -17.92985544113111, 58.00271768772758, -44.92914015714747, 45.725180837966704, -42.4946428143736, 34.08155706815864, -17.94314199354537, -54.07036037564478, -92.63851181915066, 156.7630657855614, -5.566847579963794, -3.401528192910626, -97.67148422013784, -88.81947559815538, -23.53503926331283, 89.67687398006304, -85.96028015057699, 8.812406317698379, -57.04427624842907, 32.91942163871913, -124.31805769315612, 42.77137011550397, 17.620125625293056, 79.86838846291653, -26.05522590415037, 33.59072955285783, -93.27838830795537, -34.28083725085885], [-112.78138233208003, -55.520828529552034, 58.73236824452815, -49.04752438324243, 623.4840019002979, 37.33412170527745, 18.76453501810322, -43.90174714350339, 36.88847760036357, 136.53654812124137, 43.21791205847525, 100.72480945842568, 0.4241062471702563, 69.82596252801223, 28.463275263905565, -65.36240914371835, 102.3918341745031, -78.94470912656095, 36.69086158861561, -32.829734984913095, -41.18369160117417, 8.631337840284289, -118.00341652254114, 2.8234036956382127, -33.0405597521894, -32.74450770855951, -30.83330499476194, -84.70103756672957, -36.0268406574386, 36.183312903894105, -9.07547771815281, -28.520028612911585, -64.42657331497715, 16.39942218793988, -65.72318615318564, 58.94888249129074, -38.77179161203511, -67.77745715797711, -28.14030498818388, 34.50503951268784, 81.42906799233191, -110.26193868854284, 17.593396159083518, -164.76318327614945, 18.519118713396658, 5.027334551144556, 32.278612537048566, -4.548094350899026, 40.713236933856145, 57.7229084838499, -68.71264891657546, 41.43896048577682, -15.127091190479641, 81.63776301551174, 74.3126065685746, -126.97296785853723, -55.23741951867009, 141.70083880179112, 46.552482970989956, 0.8957678809018544, 25.590212617862925, 61.259654727876224, 3.6415007606030367, 96.16370920196593, 14.807390443744138, 58.33076714533898, -12.433804086685596, -100.77152404923918, 1.312640241331453, 35.35525610571485, 2.980506062135708, -34.14298812552339, 40.70939408032543, -1.2195574308369697, -32.794958165158036, 72.8635983668533, -31.321655294682017, 25.519759134950387, 28.433306787037704, -27.78980322264087, 79.11461158413928, -25.282580809089463, -5.472039253760275, 68.02078220658507, 50.796052672917355, -10.113531245635137, -39.74291159586158, -19.278717272593525, -42.54783823360848, -63.56824378313862, 38.82488528102024, 49.17591605791995, -3.7665170622211797, 72.595601831725, -79.4316421733288, 41.770339549831306, -71.65867813859997, 15.846437586538338, -9.693528976027325, 44.11840744686941], [13.872333040344037, 31.28175594569766, 16.29006937356156, -37.3394758433839, 37.33412170527745, 660.8494840418792, 74.26839300346482, -5.67464473138036, 108.78893466431423, -3.586549637259412, -30.048453584877343, -2.9586692831073056, 65.32409601106485, 133.20185657012706, 25.01660598037883, -53.43326168777176, 17.796433664630584, 13.693026941705284, -53.998435203092065, 22.919921212392957, -34.3352635749442, -27.743425717305122, 49.00682526176431, -66.05020846256596, -50.36991627211635, 25.35683502675682, 9.005160449775135, 7.031586365186567, -9.636679766742159, 84.82786152653894, 80.61110760131129, 23.018143746347967, 71.94588579927488, -66.1499001079464, 21.347132778541052, -50.527584361917185, 21.499214399882778, 2.5851374298240635, 0.6705752258600303, 80.08129058952045, -2.588637187100732, -40.8038351990045, -23.98225265993396, -41.05287783894463, 26.774224574718335, -94.58964745043455, 14.791083166945613, -66.25756113540079, -14.840599028048782, 57.70372561737241, -48.65173726057301, 9.676326695878634, -7.383983544338757, 125.63973286556619, 13.200101712369868, 48.52190385921966, 49.5719643503828, -99.05146172387933, -9.092980773830538, -32.04345007697523, -34.89774652484807, -74.72494553685127, -21.01161237977798, -68.18535716049821, 43.52558965999947, 44.79349535558941, -15.753338928589814, -31.58567741536138, -22.61300334458388, 7.175315596541853, -53.82109628223943, 84.42066070738997, 120.90723802684656, 24.69569479096947, -42.79733718622789, -46.31191464907747, -1.3112621375998432, 6.885638584908633, -0.9749662584560524, -60.08138407855638, -7.4614964897185105, -38.24689428309745, 53.81625063004797, -58.721448135802405, 37.04282184942428, 14.671903211438748, -109.87787708542155, -106.70406949613577, 58.98673384745057, 3.330485488813826, -22.188473994454807, 80.52381531162924, 102.38045769032937, 3.560237613322858, -55.195604025167476, 9.135532699953362, 37.71483616883372, -65.34732973270478, 137.62380596432766, 45.51901822938048], [-17.47992453687589, -43.563810803018555, 27.442342930312055, 28.293828792360554, 18.76453501810322, 74.26839300346482, 835.3132714383737, -113.43027448002223, 15.37028426106189, 95.25741354184196, 77.69476606667159, -137.48263386656694, 118.10408585687739, 27.82821675266943, -33.30883595398937, 47.19239913108041, 8.717353977164308, 17.898804361766395, -84.14047505974935, 111.665076442228, 59.22552535196257, 8.85662746987728, 21.74066334301254, -158.4833095031936, 117.12165220844489, 6.053881296118704, -113.35408694271537, -12.967157883561221, 38.998841724297776, 105.58106914294571, -13.124444755650968, 96.39286853580009, 171.14167376965779, -38.04931760870682, -18.024299316403894, 8.565812318127772, -33.16303075743242, 34.222791976261604, -45.30752682293099, 22.481334534857133, 78.39373174621383, -98.64330623765196, -15.053814069597653, -1.9728634891143892, -26.470422213510204, -73.21659141500388, -77.21029994464294, -67.3282839923629, 6.239384664943542, -12.14276419409568, -76.79684802722532, -13.108686834633204, 85.83911464470431, 62.09074806126364, 24.16135088933889, 29.647910842371587, 178.42338988682255, 82.31529692067718, 39.85919616168919, -24.490875814923072, -77.65353250406787, -55.12003107141829, 20.300821987319132, -47.087866388434655, -15.42122732199111, 104.8116804613791, 62.46577486068981, 13.29720639303937, -87.90686715664243, 87.79486231651843, 107.75944167323141, -21.028007425886816, 18.79375758245771, -108.51840579886284, -145.26320917815974, -31.736625271768727, -0.6220405101323203, 22.938096546610726, -12.435510340771204, -1.4301540353359068, -32.96172525195566, 128.77126924600262, 1.9980424022209682, 118.26012891892631, -179.95004927364502, -0.41376977636967516, -48.04968595372663, 94.24166774064625, 8.44460279064664, -19.43631807415934, 64.68782011340106, 93.90740133107325, -72.30586127300273, 174.26527728875843, 21.360628606831337, 79.36754684699994, 73.63590318127405, 19.67683378544024, 40.96422531185628, 65.60757591287818], [-79.48817830401856, 76.23496571594677, 24.107791041454263, -82.61437500493872, -43.90174714350339, -5.67464473138036, -113.43027448002223, 657.114543131565, -51.58534095839527, 6.139381586276427, 6.952278008466059, 4.5767115085316465, 30.343972421396707, 37.05304318953576, -14.35855399013655, -53.51423425724537, -62.55880458559313, -11.752488600640554, 110.12791953218706, 20.142612433331845, -71.38998906145437, 111.96203571145857, 13.788450245537538, 91.84045474041068, 17.621663063940872, 15.947508190068419, -15.997977823688382, -60.500037122936156, 118.73603156812074, -87.50331226674015, -35.002691234106656, 36.141425176893186, -73.3773954276271, -3.1572101311109657, -48.55208953000605, 23.532206155124275, 35.03130294511019, -64.89819059994804, -24.882548565027147, -75.12412011141187, -105.7226580838794, 34.57024415065662, 39.0259475767946, -3.1408441029934706, -27.799890625985107, 62.050874047421814, 65.81829364940468, 7.30063895436216, -7.2462706098637195, 4.0033892414997405, 70.76321666440916, 95.14530313379386, -36.25856652101729, 11.94447719158153, 22.02289210564291, 94.88977123374636, -103.5538490434746, -85.44935530248318, 23.812608052583926, 34.06265147918161, 93.42133894761368, 8.247817571978677, -74.84460529448464, -86.76167798848829, -79.96686956035066, -20.056182661427776, 38.33919201693662, -105.37465567976258, -58.667990780174634, -77.58047646202753, 32.338172898065665, 95.49955646381129, 112.12514735424449, -1.6984302715836541, -23.582642609680658, -111.71913939821582, 110.53759106289063, -21.850723178244664, 21.976457585229838, 137.56319379426316, 87.33179278873986, -71.72017596122305, 28.049689184522204, -34.375629209764625, 61.0540033211317, 122.6458011045647, -21.16828174714254, -43.46875973209837, 29.140847396671646, -6.363172114354677, 85.63905856168783, 77.17287491359971, 29.872032552705612, 33.786605363532146, -5.794866239167335, -85.64817528519781, 24.33988200125098, 41.62231766785533, -59.825275281224684, 10.780623833746969], [13.671757126261655, 128.89281985984323, 14.157056024225414, 31.183526556404118, 36.88847760036357, 108.78893466431423, 15.37028426106189, -51.58534095839527, 628.1247211511412, 7.8413768597099756, -9.604110453430923, -76.83585823425136, -40.74203757193219, -103.73744839409403, 23.890583544534145, -42.308947309405454, -14.69936212291569, 6.066157225279648, 15.122202641640778, 120.2893179806654, -80.74965166952748, -34.04490771013413, 32.804959575942725, 82.2092373630696, -138.70141877685597, 20.485796741930578, 78.65003158082413, 90.31906609477548, 21.395674526851977, 98.72122530494511, 102.7879518805917, -7.367064654251947, 70.23249644996979, -42.240375108468356, 7.383861847197394, -45.14834467021579, 28.52071481478404, -30.69079763912154, 14.382277411292957, -5.4990537482681185, 71.74419997563996, -43.429617546270705, -54.68739604489031, 26.586119992798466, -126.59599873802199, 22.85666732513219, 56.86769845993563, -5.737375426087761, -57.635996046844284, -30.871417476397674, -135.3067787832305, 40.73658203060984, 65.60877863371606, 56.17772291706608, -35.830840685188434, -81.0998362451875, 78.00985710534282, 16.896083268601924, 42.712194014520804, -53.63587404561172, 56.5772697959703, 54.66131143507749, -41.523810982977864, -31.060437498292472, 133.7796572643045, 121.38308134996264, -60.28532306858852, 58.68006000786491, -26.58078111204588, -25.059130197036673, 5.863189243182548, 25.89349590984377, 29.802148704220198, 1.8503165979818978, 31.4789625709901, -2.297694559654718, 90.57880435466564, -139.34418396694363, -54.774651548831415, -42.67983567146905, 11.72816745249599, -40.73018508064021, -81.92158194681443, -23.01947434524914, 65.50642371138538, 37.884332365232524, -61.663976990196026, 42.15542434469676, 1.9548096320830928, -50.62658600814245, -28.10448184391819, -12.265828894128436, -2.3309914542887507, 2.4982258124130303, -134.48055533709024, 15.928051008812929, -24.989225017628865, -4.920303942531487, 109.83452861601775, 64.12821581136197], [13.257929749685701, -61.660985995551734, -49.42455266281092, -32.11025126292532, 136.53654812124137, -3.586549637259412, 95.25741354184196, 6.139381586276427, 7.8413768597099756, 756.2686024850925, 80.66426495642727, 23.52226888786498, -52.09415219131906, 1.57397666951662, -23.24663905434686, -28.505572979025334, -112.25941906202196, -61.769633475909224, -42.37685975814704, 45.368330243017134, 69.18028994822323, -54.251871571977034, -23.260488415429663, 21.93386305429666, 20.94497535863818, -124.42093966026151, -5.656613377518622, 16.259072928446173, 82.95045154014953, -94.91052098360764, -115.39278558169572, -17.939783375403096, 70.29017668159712, -20.163028068418516, -109.46513272716695, 54.655715381107214, -160.76749908852875, -170.21464763407153, 73.12793401062852, 58.76614976863861, -34.87090295434218, -95.90316000871898, 67.00637201292945, -15.520017044345767, -10.467174432822024, -15.098559327603882, -49.407823551052374, -2.7938524389219688, -131.70857739719136, -7.372296090248847, 79.76229160168951, 76.35250859492393, -72.29354169288247, 2.0262708842513963, 23.413269103449434, -54.37236664781962, -27.156587937842705, 20.11050028160677, 32.49169384123732, 107.42532514758021, -25.68834902909746, -31.53768658071396, -191.5305714138255, 43.21923072936791, 70.68456351456106, 8.364532858523413, -22.89070290838875, -16.840572202857473, -49.61471792002827, 63.180444686364105, 41.452406357978916, -21.87760907219815, -27.447492841271526, -18.845765655787357, -58.25598045103735, 28.204884850270542, 75.41105088047932, 17.702898363992247, -35.490883089506774, 48.48497405564883, -6.416510618706877, -47.79687682937186, -34.67350426285616, 167.32816765956218, -79.43260818586243, -54.5761865610168, 54.71249993359569, -45.592652291543196, 3.2712887993210638, 10.272547194052612, -31.216030420550823, 13.515713814055518, 29.713709820399515, -2.909175466405002, 73.13594331257403, 100.13195655538365, -48.12853898233689, 71.24277343964394, 77.81249237392288, 52.596067407818026], [55.97554325779616, 1.684524799333009, 105.56261934520207, 67.68789916354882, 43.21791205847525, -30.048453584877343, 77.69476606667159, 6.952278008466059, -9.604110453430923, 80.66426495642727, 682.5322183560946, 101.30032503307869, 26.90831329853991, 48.246388163982665, -9.163070207050882, -12.799638803427081, -71.93467638096918, -26.114840689892336, 2.2097796073096374, -5.151811858582216, -47.94418851901969, -109.83861826590093, -136.3253584827596, -38.06795992541302, -0.6904689810961533, 66.51391513389828, 51.7499341128094, -64.0354112331305, -28.68868482712731, 12.402648643976864, -61.377522606403524, 122.25868380137919, 12.198320529146049, 50.33473063941957, -9.50671077370413, -13.73222946748216, -60.13439839989878, 75.71471130779511, 5.124630477044646, 39.24284400629411, 13.027269286832938, 51.43432377577537, -21.054788075646947, -54.59324737400408, 36.35501266659057, -16.3463763427855, 6.273859184418538, -61.7998873814677, -16.163112764627275, -45.67479404880899, 29.11267862271215, -17.248668709412083, 117.88430851701305, -9.403837811494522, -43.04558481021233, 23.95028890523239, 101.52880955130787, 21.12186223966945, 98.54257204084065, 50.18794387600135, 136.09037018799677, -54.1748610970829, 23.602369345083137, -2.665373002123464, 26.95227316793476, 72.20793849686548, -24.88970267264927, 46.49007143985376, -85.84417831291385, 10.89549729011305, 34.4664425137376, 43.93239310799741, -2.3516269370288487, -15.63249422830179, -14.22791435220073, -16.710048177558118, -10.954276703723664, 36.2279729793359, 63.675850438222625, 11.532899460026762, -82.44106520984108, 35.88963213014404, 80.00662543501225, 90.05857004067501, -93.27878815349763, -39.20264013328586, -9.84343072259817, -8.20451942110797, -57.63635780573008, 39.43876832799974, -39.36415898991461, 99.15571784833527, -153.24511692969003, 60.416591586197384, 59.09259232486257, 119.15161779416003, -21.090560859568694, -101.44491879341902, 31.01598334136356, -82.5365148144866], [-31.161096171518814, -23.010407009176888, -49.26451972540535, 88.50849669379672, 100.72480945842568, -2.9586692831073056, -137.48263386656694, 4.5767115085316465, -76.83585823425136, 23.52226888786498, 101.30032503307869, 768.3395253530222, 4.2549044155183395, 34.84498170242102, -24.053465338952236, -72.24824367145136, -15.903333582099053, -139.41276300373622, 46.485716657165284, -132.30347860968575, 19.629330168060406, 102.93679853439626, 92.72930652093409, -5.146012431277487, -74.552901448117, -91.33123919569236, -87.79870791988178, -136.0704396329341, -43.34937477144783, 3.426991666293417, 37.64572413600961, -11.770499041963982, -43.28835914198185, 76.21269327236884, 15.421297737088745, 31.74212059417278, -102.498995971865, -4.611760230416517, 76.05228230613743, -54.126829262747854, -103.14710872721876, -44.17597565186302, 3.237093874313999, -18.22657996567159, 48.0848494837, -1.2071780476094431, 25.909746567092643, 49.564901414868544, -47.482873113466304, -46.45458073843487, 55.662042012300894, -89.96910112937394, 70.51903392328153, -135.89920115134635, -47.40167670214296, -119.28009615190211, 7.685538952434828, -31.955532162632124, -11.323290218182565, -85.67080174943251, 24.4173340617572, 2.264173608855471, -63.02545955378334, 114.4585619406192, 14.679329036289559, -30.99388438980537, 46.89664013919471, -20.184211744141553, 101.49190709821826, 20.60697079605233, 76.83520067822757, 17.381939818598557, 106.63459947580007, 40.19038988138471, 55.855005007556066, -40.60247753056109, 42.71568664445144, -66.28099633857397, 47.65686615729371, -77.62778043807117, -77.1174983199938, -34.74317019254371, 41.169993351629216, -30.139563728036347, -99.05437071438261, -50.685226335700584, 2.391122768128359, 113.97344873110649, -19.868763974227356, -54.31845657759941, -76.37768922033638, -75.66589657111786, -109.52143901898864, -26.704679853268576, 28.021619011704356, 55.15084407048704, -22.085743743840748, -7.221997496178836, -19.83518420148605, -64.55244890921476], [-18.687035187694413, 10.80529081340055, -8.564190519980848, -69.36900828869913, 0.4241062471702563, 65.32409601106485, 118.10408585687739, 30.343972421396707, -40.74203757193219, -52.09415219131906, 26.90831329853991, 4.2549044155183395, 747.575537815898, 90.18436967980561, 1.0534516316486227, 39.23597821561455, -21.125757117106854, -21.555665839979035, -123.4133435836128, 26.472911391049845, 28.860387001497575, -36.381743762161534, 13.9077312031226, -12.16920307983526, 34.846281349364354, 129.4812596132893, 32.97177798544384, -10.970983300772577, -34.48223339082256, -89.24408929032666, -4.9931189950422725, -106.01894502151282, 121.04909057147967, 59.88133593012727, 17.748187835530732, 58.669726105688156, 110.14647905535172, 30.17198609855793, 61.21320642982635, 36.20750666388267, 135.73515668431534, 43.3719279107664, -9.093008728829052, -25.427735145822055, -38.01792507803585, -56.15821178653091, -44.24972241503561, -60.89206721188448, -23.05531322869077, -32.42503680459514, 109.38225656694738, 62.14137812206401, -21.400826256711987, 14.713582548685686, -75.86985249753903, -2.2442519521436495, 42.60412907824235, -18.26641413187125, 111.89012548392795, -146.82156489539202, 0.3971906819239958, -82.07708167479156, -54.77650739282856, -74.47401437689184, -20.074880541568525, -46.8774299488597, 24.476753776409677, -53.994829512317345, 5.259727216529661, 87.2214704734617, 134.76978619015873, -62.34551444713855, 11.174796516248515, -56.81488429794458, -38.379808524163195, -11.101035559323499, -53.02620313449518, -88.51883985911087, -66.22673961423673, -28.081188128515315, 46.730165483432096, -26.635208657036408, -122.36816102928127, -28.1969011273037, -54.22044270757408, -13.65425489002152, -71.46045484409049, -55.694920408979385, 67.33046297109742, -92.50211615838526, -5.265937059985475, 123.82732654047035, 38.95956969303073, -5.975735141546492, -95.02786512972654, -35.89155639201459, 116.43105683780325, -56.18390736617978, 36.47229024041798, -17.85199295177242], [-9.002139199493733, 32.65685673848385, -147.60687481760567, 65.36800009844372, 69.82596252801223, 133.20185657012706, 27.82821675266943, 37.05304318953576, -103.73744839409403, 1.57397666951662, 48.246388163982665, 34.84498170242102, 90.18436967980561, 782.603127772815, -25.08249641557532, 17.201005168744896, 57.898443834712076, -3.3199912359609636, 2.081858732826489, -56.27734509445668, -49.06326571150931, -40.48631979556689, -78.93833815421381, 24.61309210697384, 73.28389014954423, 59.71656463836661, 54.109366375767216, 0.264538201559953, -101.5385523637858, -112.84519274342703, -122.80528024563945, 89.57068418885933, -79.66133256366228, -157.72513803778122, -131.37596707009874, -105.79945931839116, 74.4959219290588, 95.3848854585611, -138.5632499623071, 13.287500994440126, 26.32130066521503, -62.54940708778433, -46.812669949902165, -19.996088855790664, 10.818177131106165, -100.51140387787257, -12.808093386913994, -2.8385385874369358, -7.514931530686201, -88.47888969981877, 64.20194976325574, -39.55180410205304, -106.73857018762045, -1.7795784442147817, 5.610806625604317, 30.855245712556222, 78.26399170108962, 39.95243368264, 76.02186445158209, -47.94220326907315, 47.10242269375467, -50.62190199362248, 3.4221943712855096, 44.80740743495978, 41.744288859272956, -58.23323440153905, -84.81696254585934, -31.558963730736338, -100.1090610263745, 140.17718882691113, -19.487782319872057, 3.3726178119404184, 86.98552044745423, -67.8869991483299, -1.1697537391678077, -13.113214857372013, -108.02078649695113, 78.76259388368523, -71.32942392206522, -28.717677339190743, 18.677594769506083, 25.261952184477945, -131.93734855515902, 71.56951437636675, 0.6092253607819303, 64.19747543733216, -1.9338497914375201, -2.4212049376003613, 1.8650632892652173, 26.763243965279564, -96.06043872008094, 24.79632455731838, -66.3368488006285, -44.54006000017401, -10.222415625631731, 48.185945333794386, -60.8494556861246, -85.50750614852339, -48.51867859904462, 73.42000449930423], [12.9548200412706, -38.938923407948096, 8.95893797801807, -25.521476844139336, 28.463275263905565, 25.01660598037883, -33.30883595398937, -14.35855399013655, 23.890583544534145, -23.24663905434686, -9.163070207050882, -24.053465338952236, 1.0534516316486227, -25.08249641557532, 573.3107645529302, 83.32532471419384, -59.110016287466024, -21.365121841702763, 60.18737264694087, 68.79850626699462, -91.06020043715642, -121.15275859298914, 8.210173763026217, 26.442929659110558, 39.90137122562106, 85.17213732317995, 110.29243660444082, -51.20505771224886, -14.571082982055575, -52.26285505922694, -66.7268377179546, 11.56576537866984, 41.119133393231465, -13.92241164181797, 0.03370779618658858, 44.07215204704117, 6.205783275208047, -31.14932126785036, 134.28102125296624, -33.83806949321446, 95.27191841776019, -2.3441453414738413, -8.325989524030941, -33.0285758967281, -31.739222471372265, -8.586388057993702, -1.4974918658626422, -32.72706295506952, 126.41968097001988, 92.81861558770154, 51.13980981388255, -50.17602426895265, -11.762367267779279, 78.23832777985079, 69.40834301849414, -46.846804983520535, -57.698502283702496, -3.6029449667462767, -31.158658662074043, 42.46241266380275, 14.099630664172011, -17.47968750333356, 33.493041187338235, 59.950843115659545, 48.23598358364856, -104.1669616056915, -34.87431620583009, 24.745146804117436, 20.943138194806156, -116.84490214217003, -3.719263667991648, -50.34132917991193, 86.73679459742311, 31.642872105339237, -55.562909980892535, 53.72221110009598, -43.35678970895685, -9.994084803623231, 20.965645334926553, 37.74264739858375, -41.132977693592764, -121.90538491458909, -65.16821706477069, -18.070968655993326, 3.610434000544265, 11.51937099376165, -82.91936183381506, 42.662168460625026, -0.8988575272781888, -5.106333457071556, 14.910924072476972, -78.8678806523065, -61.956316278550624, -112.3460463177024, -78.09064780456838, -17.073324058387797, 55.72314060669851, -39.23292948854461, 135.57807811215784, -117.53960112158882], [7.6553639712742685, -111.63056882459948, -104.09667466515411, -17.799492019818437, -65.36240914371835, -53.43326168777176, 47.19239913108041, -53.51423425724537, -42.308947309405454, -28.505572979025334, -12.799638803427081, -72.24824367145136, 39.23597821561455, 17.201005168744896, 83.32532471419384, 794.5811718827455, 39.76874473680017, 13.53677646069674, 69.08445408101379, -12.631121059630493, -43.4004804269592, -45.6352411350397, 72.29842734915228, -13.753043700447229, -99.81961444231301, -91.1679605665872, 82.66489845336078, 114.69538859040361, 32.82615062116527, 16.86807292246285, -160.53552046808628, -135.40370068990586, 24.706702953828074, -72.15777809551355, 9.308858968655912, -44.10551114029874, -23.652260726249626, -20.37303637433747, -14.7641330016141, -68.70699783112431, -124.35931757680687, -27.596782575705706, 15.830060076225902, -42.9390179748074, -48.450742281142304, -71.73394192110602, 58.29034341342927, -68.59833967756319, -84.97126319245753, 0.5883792132464698, 174.16111774269672, 6.237925019849602, 60.736038620665305, 45.82213888902904, 68.34561197434995, 22.044872166265076, 7.729935376661765, -12.763988734572225, -67.88475790721816, -9.848349953402552, -3.7807245187870584, -4.049918077285227, 12.799034610350402, 117.54704721881244, 106.13623376689199, -89.26234468568084, 83.80222883058032, 114.6610325300841, 16.811752528542062, 45.630290649739855, 43.513397659440564, 9.379038686167487, 6.698175535490295, -154.67272416730958, -18.365958830012048, -20.966557210545457, 33.45880748424312, 0.34562975232152904, -11.55905385658145, 4.340300599191806, 89.08064559943801, 57.10441463393958, -94.17789377881056, 21.1859888889965, -23.564474307277365, -36.35584882512984, -29.07280468669727, 22.263197018366032, -105.14340907138238, -58.15963540508526, 20.627103601733303, 41.675193893416036, -80.147592603001, -70.16562400370864, -98.70396630914396, -32.37858096562791, 14.249273128895556, 28.116230775411367, -65.07846653926683, 65.99825205080522], [13.406066146826848, 40.980864510654186, 91.2336490130779, -40.24963422547336, 102.3918341745031, 17.796433664630584, 8.717353977164308, -62.55880458559313, -14.69936212291569, -112.25941906202196, -71.93467638096918, -15.903333582099053, -21.125757117106854, 57.898443834712076, -59.110016287466024, 39.76874473680017, 772.3379658712091, 21.00896520742212, 91.39701341012818, 82.93144034225766, -109.68774611465953, 57.93162498263281, -162.7093074700301, -157.21638325774316, -38.779359863871115, -47.086748389278824, 51.769769417836635, -72.0864475547497, 13.7052302805012, 118.06890737553569, 18.373836518189428, -119.40441635864988, -13.041660730476812, -20.193934260612725, -6.467680768462631, 28.17208499215689, 31.53828898884295, 135.9016012652161, -245.94438224891738, -53.96978004075809, 17.23261099441865, 59.68706107531892, 44.782735656860154, 7.08700832331331, -11.49603405626108, -54.892117743780844, 12.295053715037172, 105.96442436146482, -78.13363492167102, 76.887833254081, -63.88644002124578, -129.94872052579422, -26.603757636576802, 150.05169225362525, 246.5227223918937, 22.81406856470956, 38.77515864679597, 89.54052239323646, 31.8161766513056, 99.53293965445998, -50.49438040249812, 52.645408462801875, 108.3984171839505, -2.0444505969097433, -44.12050698839172, 86.41010934565828, -41.913349447483455, -16.339406269176198, 174.70820135226995, 0.9035119448687687, -51.65778807086177, 36.560067488920886, 37.518873592182054, 53.279663901428215, -15.33850991861166, -30.22311536461041, 70.80124762191524, 86.35243795572775, -14.38292615482477, -98.01944189489292, 65.39277554664295, -15.011328327992192, 64.86529894832624, 50.73661621134668, 79.7426554179487, -0.46965142253301734, -39.337219804363635, -24.554189820781737, -56.89143060710395, 104.27017593733302, -64.79657152424365, 8.643066526782684, -59.617682490045816, -94.73103326918306, 8.285029191514703, 50.480455350077484, -15.180650520679164, 24.739401768627165, -6.725159161705314, 127.76351258860582], [69.34743666487545, -14.068875264516041, 37.17317777536842, -134.61369504797852, -78.94470912656095, 13.693026941705284, 17.898804361766395, -11.752488600640554, 6.066157225279648, -61.769633475909224, -26.114840689892336, -139.41276300373622, -21.555665839979035, -3.3199912359609636, -21.365121841702763, 13.53677646069674, 21.00896520742212, 632.749129913876, -22.890971697099985, 90.1240901300696, 43.55049132039412, 61.460257026331284, -108.55275268997964, 104.71250757400415, 103.86811870392825, 11.66007363730138, -30.3362389279127, -2.782951007942942, 71.47784634489042, 53.11926566797632, 39.124320538798166, -23.6209337117285, -20.342424488868232, 16.021136709328633, 53.543047462965, -10.945864046603036, -1.4164469926597163, 171.57538447110701, -14.22075013928884, 78.13199514447913, -45.1268942483751, -68.94453492240498, 51.6904202485609, 109.19230829195014, -41.232544149580555, 78.35049629069518, -65.26735536947791, -10.379939207991077, 65.45948284522366, 99.7550501742796, 0.5140750159765388, 39.18883443455071, 7.383371730574178, -29.110206255360442, 17.986134345277133, 70.39014092165445, 90.13473518431917, -96.78730885625934, 12.70637402942739, -13.988922919462281, -2.941821997828507, -38.78847736577015, 26.797349848242312, -41.778969598705665, -2.791158120778648, -14.262625525537459, 110.72417411564292, -35.692224007425715, 4.060235961012749, -17.562579128039634, -27.26948227962968, -89.59223655916765, 51.25769913104273, 39.677975837182906, -4.373030111393331, -18.166070345827592, 26.95032379515543, 32.14858108277878, -7.792411114775005, -46.22173522960218, 25.634405177023535, -136.03066942614313, 6.21133882429894, 61.61050886332736, -29.845005849439815, -11.912099651437016, 8.336558596726187, -82.74624128742019, 18.410895062333793, 54.31855938397758, -4.30966891768486, 53.3116945829699, 84.7040265443358, 68.08783073670607, 37.72445821206216, 106.97038462622743, 41.10627642836269, -72.6899119765584, -52.0803352442068, 100.29384224059282], [-28.141827982776316, -45.182099400605715, 62.900193932663285, 12.531118141156252, 36.69086158861561, -53.998435203092065, -84.14047505974935, 110.12791953218706, 15.122202641640778, -42.37685975814704, 2.2097796073096374, 46.485716657165284, -123.4133435836128, 2.081858732826489, 60.18737264694087, 69.08445408101379, 91.39701341012818, -22.890971697099985, 740.8084603996801, -34.79839649371689, -167.28851125501564, -44.61596151691732, -21.635660392171484, -70.87244257367132, -47.88787809257552, 50.06045913244506, 124.89822072502615, 63.35109966467987, 74.0831079792079, -68.20639274791486, 42.80095934719842, 34.36860663365019, -153.78306617585577, -97.85797219930257, 71.49839061333026, 58.64536598421211, -91.59520928401783, -24.086420193909017, -91.36657301912186, 28.72049404326313, -52.69535367090039, -18.551379773005173, 71.25920239284375, -55.6373226168179, -37.57612674863832, 68.93812145139708, -19.88942371196436, -15.875187603974338, -33.49285788264648, 98.05867526796969, -27.818217832686244, 69.56086210793795, 150.21867699490284, 129.05006313476795, 32.57719665742168, 31.925947533952517, -59.325043251779974, 3.611044822696577, 54.9508582872741, 129.31349788743353, 23.27481072503804, -0.5995751042621272, 19.582770911946962, 25.737740916671893, -20.335029207746878, -1.8895132133871837, 87.01127605745768, 85.61321045815478, 4.648822454967804, 17.146265963847085, -27.98421787724503, 149.65586544418105, 39.511869523138216, -52.75706199764228, -9.94473222944221, -5.452887479239537, 24.53144442459965, 12.829798229738534, 121.71089207392097, -21.28534113176012, 20.96330241902385, -4.989361335115378, 2.196529558378705, 21.736413801188373, 38.9550247168331, 162.64949554689662, -47.097904484570016, 90.02394645014058, -82.99184978769289, -68.00811952943495, -28.413905642124032, -65.24613509386099, -96.51125024639248, 25.038792981113506, -58.51816107673706, -45.97378145804142, 8.940257349278028, -1.0715726343833916, -65.03730019874756, -83.30617987242701], [15.508279168651862, -12.29588715315573, -49.09012929253561, -2.7188422736296283, -32.829734984913095, 22.919921212392957, 111.665076442228, 20.142612433331845, 120.2893179806654, 45.368330243017134, -5.151811858582216, -132.30347860968575, 26.472911391049845, -56.27734509445668, 68.79850626699462, -12.631121059630493, 82.93144034225766, 90.1240901300696, -34.79839649371689, 682.6013693976453, -76.52438634177895, -31.48750102410123, 165.20198940986464, -1.3680594215233859, 36.82265049198189, -28.221708934457432, 11.93180181460447, 61.95201442781174, 6.868684590352628, -46.89621751101079, 67.3205010272985, -64.20805789074208, 47.43979008902145, -5.057758977054682, 6.475201933357166, -37.82715538757137, -118.85715891731328, 108.48478275655418, -87.92620677584138, -13.497157484571687, 41.686104229356886, 7.594555959854404, 24.00880897685798, -30.40877156802808, -98.02874961508238, -14.84864892768368, 14.770714929216778, -33.679698742956646, -57.133653380489505, -59.49318437236177, -18.8987611322866, 42.88359098098498, -12.287312852153082, 175.9441572091645, -58.026454036216464, 173.32077119839434, 72.96489879112099, 88.8877260486486, 10.813140064561354, 62.78226182822243, -9.058416712555823, 45.36329567887169, 59.14006082262881, -75.20964284564597, 3.258383389774126, -30.446799997500342, -25.99284208463774, 8.248439375944828, -25.41276359727734, -105.49969685391557, 5.315261848483388, 53.636456345385916, 15.539178485411785, 112.19930099308334, 0.9028853825032229, 2.284879548257357, 91.5642904937949, 61.07205687593969, -123.12878437054545, -58.57625007701999, 119.06151817844649, -56.91675873673919, -81.83603184538737, 32.58395953087866, 14.658980087282094, -5.773017272335886, -86.09935427210054, -25.056867152472545, 51.943917067010126, 27.12877753427266, -30.437259374593758, 70.28472169780932, 89.2563591554282, -19.033473322826275, 24.526979120488644, -56.03197690548042, 39.77049911761867, -1.3561420211258606, 28.755382971983114, 50.46512940887354], [32.277474673555545, -2.42878151337162, 8.43890954367774, -2.8668906246375587, -41.18369160117417, -34.3352635749442, 59.22552535196257, -71.38998906145437, -80.74965166952748, 69.18028994822323, -47.94418851901969, 19.629330168060406, 28.860387001497575, -49.06326571150931, -91.0602004371564