{"N": 100, "M": 9, "A": [[[735.7968464980871, -109.76414464172983, -9.542678753296787, 91.46363711945463, -14.818928180028824, 108.02566189774717, 48.3409888099227, 87.24681004299899, 79.2234214810757, -45.62811379615588, 3.6215525770266317, 19.980756620946316, 5.770248827112658, 58.88438197363717, 121.81912022389713, 92.39427666205773, -74.0144923765439, 27.66634818535675, -77.71761787149092, -13.28946373292117, 56.465885399842996, -102.90278810111661, -80.23845266420484, -48.014533154645186, -90.62942048626617, -4.861618735323518, 20.978053364209753, -149.72765029581285, -44.28292426220341, -43.83359551418115, 62.198063335274355, -67.53031727806352, -25.422422213263005, -35.00247977774718, 56.66760989529838, 139.19192433629993, 38.218422177804726, -25.069828141290778, 48.25634090603191, -31.203289672103956, 33.97787072590222, -58.18699667457609, -55.571098203938384, -60.98958762077113, -74.05133993981767, 38.165873762502656, 54.430090589014526, -132.33623944623233, 50.11274084449193, 75.2969909829138, -146.92045782550738, 29.17921281119949, 41.88449425753793, 28.731038314986936, 35.2245745107358, 70.13373410828525, 91.00537185153551, 61.235031400390554, 6.565492858179632, -6.526749745254211, 162.0061773909179, 28.52702900222085, -103.77955741146147, -67.9145671548636, 119.44475977843705, 13.911922491864146, -96.18619399394831, -30.60369542184807, 26.473854692655262, -156.38979707752344, -77.80364937054233, -58.04329246856432, -91.01851912113686, 5.10006820748144, -47.6935746467048, -38.97435004684092, -59.70634046175123, 132.4916324257155, -35.665026895900574, -24.525316671475213, 91.58822809305691, 26.075182709303242, -101.51917375113179, 57.16346822912937, -97.38413331754421, -30.784397917295426, 67.06724368601203, -14.908736497235292, 29.829455551801974, -116.35534978060267, -13.435540462874682, -20.73490654749471, -149.55390666192577, 23.648899486453892, -65.57522547431934, -65.74033389404302, 44.435819285127934, 31.529805225841077, -79.16917697612276, 30.53211339631339], [-109.76414464172983, 753.0334955044473, 47.37420782327313, 19.827775768481498, -4.6443583548997225, 72.47724434519327, -14.834866365168757, -31.74097813391631, -59.56954782066923, 28.712179746553794, -114.34709457428184, -96.09740033601516, 125.58672394416625, -106.02482032019157, -34.49672497877054, -63.24753897793945, -56.67686521745816, 69.29105198120172, -51.181168062112086, -94.70413389275855, 9.2123643368132, -23.852764918346214, -199.8796461270475, 70.12771296659936, -46.67814630043991, 9.338615303923715, -19.86210411320835, 11.639694280297425, -37.30742162568382, -53.338830894552174, 34.39804657649511, 151.7333910831389, -84.01361869853334, -13.21373294216838, 52.101553902157264, -9.997961372750101, 58.29241716331086, 6.456251212544286, 35.14046680890478, -5.477224034304875, -79.60172593920507, -8.914078730475545, 53.9870676325908, 35.81044429063194, -84.21312247205316, -95.3573841963378, -113.6848651271189, -18.15808735106785, 91.29572101990357, -9.766162500390413, 34.52739954710533, -58.51874636057593, -23.64226630284643, 0.9049133416347842, -5.702850746941318, -46.49211764217728, -42.848778280233226, -67.46229917823699, 51.65929517737011, -10.420224780289034, 56.82588506506745, 26.967514336519706, 15.568177440168359, -51.98153991760613, 24.76951208813199, -100.65143193236463, 36.27839166396704, 108.9062563906877, 8.28122029153453, 13.525435020506976, 61.64295058254956, -142.00993297371176, 57.06860748170092, -33.70869713660728, 36.42511701045413, 113.82929851129282, -53.512829335680955, 134.8009575826381, -76.29596746364244, 4.061584534787869, 83.84416401730485, 90.64757131190024, -4.542938818266944, -121.54705334140088, 7.19205176465061, 63.46186337583452, 127.91391840110846, -8.058839428271384, -14.023228835755834, 97.65287900532168, 77.68824758206874, -16.785985117752773, -33.90003921129221, 94.19076288741756, -39.87969552830249, 82.94040341933885, 155.3169180908206, 21.645869628098243, 18.941993370767925, -65.31215525840578], [-9.542678753296787, 47.37420782327313, 854.1747940975356, -34.3458253683735, 48.963666928999466, -0.731706698560384, -55.377123302980074, -10.42344349277016, 53.091600369382284, -34.09071803830553, 16.813495398349374, -31.408956795475447, 27.862939557921827, -10.08779807101472, 1.9063493515561898, -89.46045389604988, -22.705372388112362, 109.56007662349197, 93.58007940658601, -64.44535573056005, -6.842673068911943, -106.24205160024904, -110.99534017734845, 97.89744130542944, -54.537752143397476, -33.772005796130735, 8.688559820689896, -10.39724753708103, -200.07550341688457, -22.26862592945867, -105.20029700013589, -25.64784321199379, 48.496805568815184, 58.749659699672335, -79.53936377061008, -8.440131604596413, -54.263570169996136, -29.86890936415941, 70.65871561445564, -33.30588340348258, 13.738781577587257, 46.875566838390775, -71.56342323010496, 101.05441634687948, -41.88574905559131, -45.43565217143881, -36.83969082127743, 45.95530011640211, -44.24484732564774, 116.5199630848523, -69.4986027952747, -22.940158933869153, 31.291737980636267, 111.99503206714216, 34.56894396309341, -58.48485980904409, 32.25586152866, -75.28670174087354, -79.74972834570062, 1.138000522570224, -13.044206809530069, -8.2857796201351, -78.02591466096258, -140.06177699071833, 126.06044182895786, -7.330396008983439, 78.07410798179541, -1.4291303492424698, 39.52231034318533, 62.42800030865695, -59.43042157079314, 5.511788734393871, -181.3343240214849, 4.085775182054604, 112.08531307820496, -0.5263714321396901, -87.98062154865576, 105.17239082446333, 16.863741394890127, 86.93037120309205, -60.59476723832944, 15.253982494447932, 28.8481169972949, -101.63618621923261, 50.934014817176426, 41.06644702286512, 23.933048153133353, 78.31379737457107, 3.1895229587400196, -51.67472344839948, 42.530776939460104, -87.52230055245485, 58.22117320736245, -78.37450598561288, 7.011047302413118, -39.23383273918047, 21.307612055700005, 41.296470967056585, 112.54883758308435, -198.29650582883176], [91.46363711945463, 19.827775768481498, -34.3458253683735, 905.7145160867756, -66.62412585181657, -38.85584040526589, 80.54286753610148, -170.70412047495964, -61.49002185912561, 62.73612129542896, -40.90859944169121, 40.577983363192764, -35.61290804457659, 16.624632799758846, 12.249595638628692, -13.24501706845668, 111.23940400981577, -70.56465036274304, 38.78010851082721, -0.95129082591843, 70.57973032356931, -145.82958369449696, -29.212865945364094, 84.86375839054436, -44.12449942943225, 27.533751540148803, 60.0716524784439, -56.89083160639202, -61.62305730016227, -36.28872106077642, 19.935706590285612, 75.12929799904886, -45.30719735280262, 54.55833992397459, 26.803933027902563, 110.91648761002251, 43.930449639385024, -8.861997586605257, -44.904632020044154, -138.5743364348104, -41.17652367689991, -11.931872571619575, 15.148499088991803, -57.57480580317079, -39.99270115257207, 44.84065425198343, -19.679854101778535, -77.20066643970259, -36.93693911155288, -31.86790793561317, -58.23600644630604, -120.82458660027608, -92.76457736092186, 7.368330508628601, 12.039508557882142, 146.3621557360271, -66.04400568580469, 72.40243259224422, 43.4875154436417, -42.0976732954988, 93.84783861204906, -147.29167743124282, 18.571436806342696, 140.86849701482507, -4.059884124361875, -33.26731522345054, -28.084216437253374, -123.11403891202595, -1.5431971511271096, -8.270173691806642, 124.66154928410076, -43.205674090948364, -196.69591735339975, 145.0408850364629, -26.021890154856315, 41.72817676560871, -146.4286702808334, -33.27031861300699, 40.6692302471012, 21.68155065409291, 44.82909848199057, -13.177970025167182, -92.02726740946378, -166.7573785766247, 70.3168404033833, -51.826973547958666, -95.55561939444976, 15.526930657875482, 13.17960252699082, 32.79250173723231, 72.3897004451471, -43.2332535900904, -91.70009526447055, 12.398925577195346, -12.063548192453094, -124.77070160113317, 68.6345378753025, -63.54678764562466, -29.954340197364548, -21.82840508679134], [-14.818928180028824, -4.6443583548997225, 48.963666928999466, -66.62412585181657, 622.3822834140889, 15.531620103944519, 13.965876411566983, 45.65749325691791, 64.5840822413837, -20.360973416275566, 67.74909704866302, 45.15031360192053, 110.99942843207683, 13.964816198250553, -40.57641713183449, 11.598817884998965, -10.780267991901109, -48.335498787912584, 44.44486021311713, 40.24264662639125, 44.78743697085598, 39.72824208030235, 146.691327955489, -84.40707871779563, -39.74587994017761, 6.463352235019966, -8.696558028660261, 26.261515309585235, -59.84205414686308, -3.84500408800937, -53.394519577303946, 28.34686722391328, 52.42306178701805, -81.43665089174664, -42.869213180533144, 94.74988477644906, 94.43505065444467, 40.407707726739474, -45.70254664487757, 5.213879185019894, -2.207687072464128, 148.8712907939602, -16.823890651488703, 133.24302300264745, -31.988844578448905, 36.42418140410954, 3.1690977272028804, 52.41671037697151, -139.51529993593758, 0.8846387917030911, 86.75664319134135, -53.20849210499964, -30.19936686263882, 80.23992128145537, 8.785442581452273, -82.73594508233073, 42.64528857968909, 18.041503878989136, 42.27648946584079, -62.05925522872221, 5.650393292445395, -1.451356369541564, 132.65585105236693, -68.09645626096733, 37.51655993302509, -28.821367720234136, 57.25966404844697, 34.373425322636585, -108.63097059803226, -16.185413870305368, -31.975456304360183, 79.27422653878276, 41.310100574111324, -33.97120526342519, -42.1472794582533, -3.323664299058706, 27.15098322060751, 42.27422978582554, -115.71894814697343, -95.15995760085954, 0.7112557857478065, 28.838195363243155, 14.466073177618876, -97.38662048851785, -19.700475598927106, 3.631144624180009, 35.1900121714076, 27.44224066729269, -94.83636775108184, 51.60731681749531, 116.17570534701744, -9.61059281995804, 65.80894189150071, -66.89898866011355, -52.506955577553605, 47.50203594271169, -96.4780111162079, 38.586981522912986, -121.81220145310948, -6.349964882755332], [108.02566189774717, 72.47724434519327, -0.731706698560384, -38.85584040526589, 15.531620103944519, 841.85827305689, 7.576566098716244, -113.69125191867559, -127.63622037372822, 38.55216370102768, 63.96504905450035, -157.15065194624026, 60.23855477770927, -83.23671005181, 118.39475070201205, 75.54290937060479, -22.811386636617833, -14.4140663535488, 5.582041959536208, 87.82012900136623, 38.18610370790236, -62.127987796861404, -34.75739145931893, -77.49169892120926, 12.710859300435446, -0.29795889887417687, -90.4258382617909, -62.6370148635665, -59.78301173867063, -70.17392987159147, 11.979190550914511, 23.85592454584839, -69.11358695255682, 23.881609970850974, 51.74180058606656, -51.54333407966226, 31.332038499774104, -56.38267846951829, -8.860894268647293, 118.98106356623738, 196.09547763367397, 80.1851484144716, 9.277571388227662, 47.958117652046596, -60.67551960931044, 5.928282846110434, 59.60229051658639, 47.816769835044845, -76.49035616515138, 25.28929222576421, -59.14356560303384, -43.21173864224928, -142.61558433022734, 53.86532764766178, 22.71636490623694, 32.0886523865997, 35.17156403265741, -5.778936100195427, 69.29832897703409, 123.28075325112957, 71.20612933886368, -21.858810636062103, 5.208049055342801, 11.85690514694267, 27.236978410129144, 40.54720878755008, -30.366411738956224, -31.105757646964783, -215.45685510647843, -40.39993657676088, -63.882517578462824, 5.858648928904811, -71.81365935754289, -9.466693668826588, -11.649096946570937, -138.19502045612663, 94.22111419290947, 41.69938840499926, -111.20618409818036, -131.86680715938127, 8.917674312918866, -35.47937499308535, 42.85079929370326, 34.20350426135617, -31.085112051510666, -91.41555228608003, -20.067830278976672, 33.94858333456232, 112.26380102767662, 112.47796278039176, -136.52152793822052, -43.42025943096624, -111.68894933901396, 5.8811214622968855, 26.431484329404544, -109.5727673385623, 60.09677068235155, 99.44463643560778, 24.722109445453967, -23.205300464992348], [48.3409888099227, -14.834866365168757, -55.377123302980074, 80.54286753610148, 13.965876411566983, 7.576566098716244, 851.4236220076124, 18.900729548656614, -67.59990481093847, 115.34383430299705, 113.44058581650225, -54.118367301309284, 120.54373118623423, 84.720464877662, -94.29703466996357, 57.37416410508115, -48.373505908541055, 58.90572132421472, 205.37136038116398, 71.00311341919277, 34.0882933374837, 24.345318442302656, 44.79741955056709, -45.302540247917086, -73.77913933776017, -26.7472399668399, -49.248241133364886, -2.3408442063279216, 15.262647828681587, -21.95046337278988, 12.624566500647264, 90.32760605223261, 8.687491376070128, -174.5256695194338, 36.42246224024566, 134.8676867481658, 53.5965611310918, 51.4462086018088, 9.493822116579105, 90.14081333583917, -102.0356023472611, -37.84054658111122, -80.03528800259649, -84.47786462418817, -52.1378852897287, 53.61205522935152, 30.811469547257296, 81.69653353022922, 64.26439723185506, 15.434956289200043, -142.6503048532995, -77.65272165879125, 83.25151841640249, -78.79959207469044, -197.35846596545656, -93.55389203407252, 11.19179512894983, 51.1962623531238, -82.52187151985135, 23.516901777532258, -48.365082369718735, -82.08300285364243, 16.03447732885558, -9.976703896988877, 62.482157706333886, -58.02232497413139, -21.6980441893037, -105.85080276969302, -23.303228116820684, -30.881389586174862, -126.49455232078235, 71.58610600622636, -19.66052388984463, -67.57688180044927, 5.037992406997495, 33.366849330139615, 10.178929515080487, -16.281658712385465, -46.52430156881983, -77.37572265994126, 50.43538736054214, -200.18894203614042, -97.13118505261117, 67.78609437525664, -97.88901921297888, 22.908825312102977, -10.649889825328408, -91.06412670541835, 10.127222709546356, -18.82273827796184, 0.32273573139160266, 18.477036785985185, 56.55669966863768, -137.7830266391467, -60.97420033031682, -92.33806147712738, -52.92163105356821, -12.194862295137366, -65.23571742511952, -99.72678947738528], [87.24681004299899, -31.74097813391631, -10.42344349277016, -170.70412047495964, 45.65749325691791, -113.69125191867559, 18.900729548656614, 950.4644224632846, 115.64422993023045, 72.29332623046209, -131.86874127040096, 162.85494583075038, -0.10236123268322858, -70.62291217932471, 76.8267455307338, 49.01675797979398, -40.63771161692552, 148.25345458796352, 4.725164458842445, -11.870897440812412, -36.6753586980431, 21.505263754291455, -152.1465830191469, -75.51529027820543, 85.53784335788365, -56.06080112455884, 121.36236439599239, -21.799013833663132, 46.358421071211346, 134.8758954570509, 89.39166937508395, 2.944658836018453, 32.558736149867016, 8.246086991016083, -34.04973829973045, -24.19540616537152, -25.983499994783298, 49.33079343686637, -90.55395829291095, -66.6921958328456, -102.04381961905226, -0.5099336438069475, -5.109566868439973, -76.72204689318484, -71.09627022444741, 127.14782142914953, -56.40492486916817, -93.3326064344804, -68.34206102328486, -23.268004377788237, -105.42511155080891, 51.80413115426192, 136.12319270212217, 63.279555109041276, -54.43948020896295, -8.117134812875557, -9.075642163702094, 2.524625454649043, -16.555887549478708, -14.839143429353415, 50.07109848111624, 90.97186198002727, -73.12766794702388, 70.1934926663644, 2.689028505256995, -113.50183305754513, -53.130578422526796, -69.56643085574146, -28.291544605218185, 29.65039515267887, 41.623654304879764, -71.46804507939177, 5.170924828083236, -52.13135926112203, 16.694807894535018, 33.4382015381124, -35.11169537321354, 131.8471041577118, 15.815128764652279, -152.40905840838275, 1.414620056075997, 103.58409161867172, -2.4967967875244845, -0.42535833525522176, 71.0396896654982, 58.66762565474222, -141.08301938510485, -66.22035073110635, -14.413582791501582, -78.1227612585897, 1.5345330484521529, -73.45435978527209, -24.075396956472268, -127.4802276132939, 35.90225726112728, 99.63872382368412, -133.99109441296, -41.74071936401751, 77.91767325733665, 46.12323844598518], [79.2234214810757, -59.56954782066923, 53.091600369382284, -61.49002185912561, 64.5840822413837, -127.63622037372822, -67.59990481093847, 115.64422993023045, 883.03839257882, -158.23577189784433, -124.55744952156638, -6.757514483671394, -143.53799628936534, 53.92160154862376, 75.17450192004033, -100.98199276102538, 24.706094925623354, -32.92950728979694, -53.757946604227065, -78.14813293525384, -5.449492653191342, -1.5431135328765075, 2.2029724142856137, -52.1967588586566, -61.957746752001015, 10.062372813699772, -54.223378055743666, 56.30658528995902, 73.62497359275801, -15.532232130971424, -123.83632106209978, -82.59725180340862, 17.083464457986047, -13.35665786087596, -51.404339302611675, 59.584571675417806, -158.34669651704152, 73.62145602962755, -50.823865107731095, 81.57033974261458, -55.58949959814107, -87.53072505034244, -66.32114957535484, -66.4828406633082, -5.430715640260291, 128.7217753590749, 119.86116603566308, -47.59683634095963, 9.661693340558925, -39.06086373586081, 47.78788444558895, -167.78646853618778, 34.95569617823101, 31.619199823551444, -32.38677855527587, 80.02882446682759, 92.96066608647384, -68.1345548997819, 156.49768649079476, -59.677870482480266, 92.53126982662437, -142.91050821455366, -25.327160322099452, 17.598138226694314, -22.885365087105576, -99.4914850057629, 7.875989278851476, 13.575372945554754, 63.59842412449212, -99.76505245972021, 33.786661234244974, -66.82748878038586, -16.977017001204597, 114.15361387028302, 39.550354317698854, -5.365681411917209, 28.705610918794097, 6.0011659082424575, 19.075059753913774, -50.79516252989424, -87.26163729657797, 12.110580841470354, 7.366412198868216, -102.30261253238578, -47.682525717546326, 108.87419521583, 87.56720095261427, 22.027200252435737, -170.9042052049806, 79.76456392431602, 45.350315901168024, 59.22721927323654, -7.509985237636869, 0.20179625672958668, -20.438646806312097, -123.69418267679937, 17.295312745530712, 166.5168051089292, -98.25797548520218, 10.014294118888444], [-45.62811379615588, 28.712179746553794, -34.09071803830553, 62.73612129542896, -20.360973416275566, 38.55216370102768, 115.34383430299705, 72.29332623046209, -158.23577189784433, 821.4695938733303, 154.56218609936727, -2.038872306837689, 80.80377752759229, 1.7715766541289146, -18.96413573794011, 34.297702138645626, 186.33799463157388, 82.11419787860196, -12.07701275628282, 104.1426170511944, -28.66207083411385, 116.857187023283, -98.16260520524621, -27.306515488777602, -72.76118565110535, 57.36347064395595, 41.016949921081576, -108.23592947366512, -110.07811007255083, 158.11498228678636, -41.34330790017964, 173.3156045064607, -121.67555692953735, 33.51060535532448, -61.241500867556255, 41.7498813087922, 74.71453116052334, 65.51822993056926, -90.67464314049684, -105.29101889571899, -17.714195896721293, -44.64749404786587, 9.721047837497581, -57.878315002905026, -96.63671696144738, -59.41205260309312, -10.775112447559678, 19.640818061388657, 60.99214001085177, 44.97389655672057, -62.81628482187418, 43.467327805446345, 60.82267404707008, -2.7889248146598704, 93.02896838036429, -49.99777708747399, -85.14369172386303, -27.629388427433028, -26.513657112574855, -17.168718405201126, -43.86774508148571, -42.321869014538386, 19.553659783522086, 98.94748495600552, -59.23984075329361, 96.11321710671089, 45.96619865659363, -76.38485221494729, -134.57268969991262, 102.92616823017873, -43.52010903954188, -10.191968413195596, -62.7712581628948, 26.628867840033337, 4.945457523503191, 115.64680691802005, 122.02864560029062, 86.53967066110496, 107.51340727179468, 131.2830574462283, -22.444543157608635, -114.28642639361321, -50.75600996879758, 73.39579366197263, -9.666986386407523, 132.66168733320848, -97.45676195110728, -109.17276724611867, 28.028679132982592, 132.35977215688916, 15.295610202738793, -15.962599635559965, 19.890235639165482, 44.90855761522703, 66.81252743034477, -54.48001618790773, -16.088741068815114, -98.00434787845579, 18.338519538286207, 22.112586138706607], [3.6215525770266317, -114.34709457428184, 16.813495398349374, -40.90859944169121, 67.74909704866302, 63.96504905450035, 113.44058581650225, -131.86874127040096, -124.55744952156638, 154.56218609936727, 859.2182404112116, -104.473418693625, -73.44299308289744, -88.44813631418928, -30.764083530754988, 56.060137534331204, -15.862158205668369, -21.895908741006952, 44.13536258813957, 95.72487446399269, 52.96696347866908, 36.57586926172216, 59.85010829944919, 90.38917076214082, -194.87405032950053, 12.666033280325495, -57.91889099062742, 9.839087030140231, -125.35641999600519, -0.41887293648675844, -66.72222108744185, -70.03765218163248, -0.396166712681478, -38.94280430089425, 54.60776014975987, 145.05791547972026, 13.983795883210433, 33.71701401591002, -99.69699805558481, -38.567218638434184, 11.840796087145305, 88.63190104666091, -111.13609029741676, 81.2639903439424, 71.48220453546566, -75.17357931453078, 31.831577623091004, 26.758535450524292, -79.20524003293717, 24.94874280635169, 102.36661971065922, 34.246448542364256, 9.741740579788276, -61.58308136561076, 139.9884482909036, 17.209897543389754, -44.572481447573566, 38.59299218483347, -177.5972261629422, 96.32031772399506, 21.676371299905483, 50.66859991797468, -13.817834766322232, 76.91409310394387, 23.944707083164502, 90.78458528503107, -13.443505581126493, -57.67861575999945, -177.97847615276552, 78.79424061449771, -45.11995995932113, 43.21517860674775, -120.167272184474, -92.21473036812709, -80.79255544997152, -120.06158945771233, 103.16519719548516, 1.8550920439478367, 56.05399946308721, 45.52005057756792, -26.404360111988357, 15.47723299758913, -22.970838501024215, 57.354404974439944, 32.085918644460044, 144.84551127198384, -31.37095927684396, 65.9096848258155, 93.25468905584434, -125.63989700994385, 1.85618765012318, 59.02167582943454, 34.271915622412884, -16.895300262783092, 76.80133499935829, -48.07172049240593, -9.643797486816156, -38.29762565914784, -8.305553128445414, -12.794262651790461], [19.980756620946316, -96.09740033601516, -31.408956795475447, 40.577983363192764, 45.15031360192053, -157.15065194624026, -54.118367301309284, 162.85494583075038, -6.757514483671394, -2.038872306837689, -104.473418693625, 917.2121853029035, -203.01125480199696, -33.67143491320356, -29.892345617817057, -78.4101351143421, -46.61072701077506, -22.345539836137107, -113.46634620506593, 155.58801325036828, 29.791123511099798, -28.68253291196561, -52.705953143891655, 13.790782236810985, 114.33169155585362, 121.93701477532325, -52.651941795756805, -110.06572877260122, -31.71268745396404, 23.691687679313812, 22.57252617662273, 34.56046928955538, -44.647812615752635, -81.42375575947999, -71.6889414868271, 23.38185725819773, 101.91174303987368, -0.9398422952547555, 54.72990437464912, 7.3320184712736625, -53.81445685526634, 17.655957841316507, 4.585184700482011, 30.48763958746255, 2.138439647042317, 52.69461323811892, -25.386945067270787, -87.65381167968219, 13.69158760155398, -50.040095826382434, 65.31635367668248, 20.127699211070954, 52.398289177577695, 34.01038339338982, 139.20157356354562, 38.1739527064049, 32.825833347820414, -133.45159366940075, 35.51693921382697, -2.5129784041911027, 82.27972469440651, -89.29256532541487, 83.84419938204816, -117.64229908131543, -71.62759988964538, -110.36992049326994, -124.52472733136244, -23.067454943763504, 203.13154374742967, 109.40465371544069, -102.54595144035639, 38.311777655600345, 48.66692213054349, -10.654889676460806, 12.495806362985832, -8.802260127829276, 9.937828204878477, -65.51715644892717, 52.99417842739908, 163.3288305616827, 48.49798266296417, -70.93418526707862, -20.962041250528525, 36.947216784650486, 11.670331052069852, -15.080076755723384, 11.309361810321445, 7.481664948119754, 53.526520526547124, -9.882871074437809, 54.465418812322156, -10.056407085385928, 79.18674528426679, -20.61202005271445, -92.0882876831412, -2.574803723574233, -74.06794468936157, -35.891316770719136, 58.613799600380034, 66.18017610485303], [5.770248827112658, 125.58672394416625, 27.862939557921827, -35.61290804457659, 110.99942843207683, 60.23855477770927, 120.54373118623423, -0.10236123268322858, -143.53799628936534, 80.80377752759229, -73.44299308289744, -203.01125480199696, 1034.3763008123262, 21.227128962744455, 9.816211746544823, 49.339621258334176, 25.900440780712792, -11.545058213786625, 11.450563508644997, -28.58955088556811, 40.46777507582172, 28.591819045531537, 9.169254551467171, -59.23183875945336, -100.20335690910348, -37.10328810398456, -45.302412394352764, -78.24041403985736, -44.04519224772532, -24.86218478713706, 29.70391346226014, 100.2773839573215, -11.094395018358918, -109.97812401995805, 109.82884145418426, -156.9273131370841, 14.335354722186347, 84.9588094696377, 34.85185519839772, 5.440246997190101, 64.41924988912032, 127.66962135891961, 79.99599663864436, 52.306407960972045, 14.344764625751926, 46.86282831911118, -182.7092704414487, -64.36588123425092, -20.855887101090076, -80.25647300237416, 29.503638795017284, -52.527558420734074, 19.730399509220046, 12.336934808114478, -167.33773403954544, -110.59807819394534, -10.734375195573522, 147.57369538054226, -30.658312741190972, -80.9937515886945, 19.20642281272995, -117.55181049383785, -27.340902256216562, -68.06740293507596, 42.62574192411185, 74.63419083623003, 9.079578377826833, 49.60225437487374, -151.9736472769987, 137.681561132024, 49.57995377401298, -199.59958935170272, -65.92369177085986, -16.6045637207158, 175.213974217843, 68.1600902787531, 115.55931404576825, 21.14895146101855, -63.651192329777075, -78.22728404853859, -59.24893870179535, 19.020256385123076, 161.48303668342655, 135.5338185352537, 87.29252777104497, -90.18804090729232, 52.5217947218336, 32.86959924666049, 34.91994239754608, 155.89156051152727, -73.35641343662816, -41.99852367638334, -53.26356397083559, -92.95405354862773, -44.7984346610237, -32.7140353605956, 24.576682983903307, -48.08954337423408, -93.37053699383542, -73.5991740830627], [58.88438197363717, -106.02482032019157, -10.08779807101472, 16.624632799758846, 13.964816198250553, -83.23671005181, 84.720464877662, -70.62291217932471, 53.92160154862376, 1.7715766541289146, -88.44813631418928, -33.67143491320356, 21.227128962744455, 877.8141624837332, -137.23147237645966, 134.82234328587302, -95.31563200385564, 1.0214098615878748, -223.09226439143058, -164.95932394518496, 66.24488598529466, 31.14136893812455, 58.309238445663176, -77.2627885479983, -45.3833407174719, 4.827507476326898, 57.68469311406324, 82.67138611167188, 13.05997240490164, -138.43602593173648, 70.85472505041105, 7.91907735908711, 70.90838754971605, -59.956645459661324, 100.55652878355534, -81.97411382279056, 63.94489647687005, 122.81548500788786, -120.88254351520611, -5.917524328160371, -50.74373939520225, -55.463279632016715, 145.55494378275463, -126.94326301757407, -64.06453978521375, -77.35823244363537, 120.75069293973512, 81.25486136200513, -81.35650027056106, 93.21019428208429, -47.520761144525366, -73.48171999995962, -63.463181118674655, 95.94253357730925, -107.24442032646662, -17.98103832966281, -63.524374610440205, 116.83732571669215, 25.4489284757953, -27.48010194803188, -51.37964312670812, -56.20426201814116, -9.908335247444205, -49.159161623664374, 19.284123844892196, -0.35448078184283704, -79.06946311972497, 24.764007237442836, 65.53348914749593, -78.7952399615223, 81.51780035425658, 132.4937508521007, 20.882795179184114, 13.213002705706916, 14.963165432784312, 5.639599665577259, -117.0717090694449, 12.909321181533054, 177.20036765630027, 28.789489218110393, -46.897324125227456, -68.27315342061621, -90.88930532268633, -17.881876040262778, -90.24739965270831, -53.3123654228289, -114.82368971166898, -42.56040036737885, -200.70164282226975, -10.161835355704268, 1.5572192334191937, 126.60489856250952, 97.83454330496139, 32.377378777353314, -19.00311325294223, -40.33871673172003, 65.1187877349897, 32.28579032172709, -167.5419313162814, -16.961631235063415], [121.81912022389713, -34.49672497877054, 1.9063493515561898, 12.249595638628692, -40.57641713183449, 118.39475070201205, -94.29703466996357, 76.8267455307338, 75.17450192004033, -18.96413573794011, -30.764083530754988, -29.892345617817057, 9.816211746544823, -137.23147237645966, 788.0821817565076, -30.03537564818419, -196.9730749997698, 124.20209120349114, -84.58897375567183, 49.11984034447765, 30.746205046863288, 9.681553064006717, 71.94004107615095, -67.30375905476677, 114.58298525247815, 78.20201515901039, -69.22536722999882, -59.67486916638792, -136.0300683843077, 131.67754950696187, 45.5224083006774, 22.31951100521571, -142.6116967223143, 26.293248858153177, 16.33937004254213, -66.06309251281965, -27.610214587311056, -9.247584975596546, 77.39840895222711, -40.3776748582187, -59.33687072927665, 77.64012924888264, 28.25975260706017, 74.12661754994556, -42.57748928420492, 95.44234285267302, 48.6979074051702, -67.80961164377302, 56.81892192486807, -90.17671100875955, 1.8998720144041374, -49.30370392081513, -46.27716314709018, -74.67420699674008, 20.232814057742722, 231.30423886343064, 70.00932852479771, -72.89885170298422, 71.35537011497219, 37.90218596999949, -3.5078015373730453, -129.7423184208992, 89.51260548555622, 75.17880087652048, -17.011550291757793, 4.870676969547354, -80.7260185773513, -29.52446464341317, -26.762484035526054, 41.67747682971282, -22.920261539610877, 32.43894872331726, 59.01511302955866, -117.56750878921149, -7.901448968108172, -49.769649889144624, 83.77398649224084, -42.286026821240775, -79.75361595889693, 69.97166028588593, 29.245439654291477, 36.20084892985338, -174.4160650032205, -43.12699574088886, -2.444631734889959, -46.49953958200546, 94.33471972971859, 127.30761100204451, 61.52249775988461, 1.4436749144879844, 7.376387497345225, 167.61740754086364, -28.634933859916334, -45.21342652250189, 24.2853517728327, -25.99746784825078, -45.586493158236614, 20.041683471452775, 95.43994094743137, -5.601318275166604], [92.39427666205773, -63.24753897793945, -89.46045389604988, -13.24501706845668, 11.598817884998965, 75.54290937060479, 57.37416410508115, 49.01675797979398, -100.98199276102538, 34.297702138645626, 56.060137534331204, -78.4101351143421, 49.339621258334176, 134.82234328587302, -30.03537564818419, 831.9244284422066, -22.66173134229889, -54.45252940903013, 48.050199870384596, 82.77640013147, 85.19029530437027, -56.20568655144251, -149.25290621903946, 16.286792206454116, 6.085587947854582, 123.42981423086432, 43.592594443866, 88.79286348706304, 48.78468675824077, -44.53751114670202, 31.2968956658312, 7.1690480407858255, 116.96278647336446, -31.524555459378394, 47.552071838301075, -20.61426731286601, 9.837828913498983, 74.23937616776568, -99.57202282581875, -12.39915899282145, -3.273100670073081, 55.24227147175427, 39.973741168802654, -48.16176513021084, -90.96549265486068, 144.28737648418024, -42.840629189024405, -13.756538727741997, -56.55502978998168, 127.6388586175418, -33.01130158847588, 70.1714068391359, 29.713714686394088, 81.7767198671902, 20.06202411525889, 58.89843642128577, 32.38898046393073, 51.20909331159551, -37.407432239012586, 44.01213402555675, 5.073837410391989, -76.42217174456388, -30.069885182156856, -27.566290469969424, -38.22237768922065, -67.28702207807076, -0.1449261566575684, -63.99531733132203, -23.115551674452878, 75.87885513289227, 99.93893084454915, 123.53197058938146, -70.3163544494446, -24.788720666293706, -30.62236726293049, 25.761254558938603, 47.41828928431176, -84.95971532714005, 81.30833492850863, -53.413371025139064, 96.02674353238902, 114.60654768160995, 8.794556954232464, 57.773916030008635, 16.41004072008169, -23.138795300000304, -60.38301053969433, -75.43664900525864, -7.864119537449462, 145.69460775025743, 78.57699250235, 11.960886694146144, -61.98999832726664, -42.068575625333935, -3.8178831039646353, 29.38506571898456, -0.8002430213083707, 26.109521504896936, 156.89304807996484, -11.252168453521254], [-74.0144923765439, -56.67686521745816, -22.705372388112362, 111.23940400981577, -10.780267991901109, -22.811386636617833, -48.373505908541055, -40.63771161692552, 24.706094925623354, 186.33799463157388, -15.862158205668369, -46.61072701077506, 25.900440780712792, -95.31563200385564, -196.9730749997698, -22.66173134229889, 832.4057738584652, -64.17432149122637, 114.83485787412353, 93.96709240845892, 57.96300566061128, 112.32283127969615, 47.05510363921821, 99.3976132890799, -56.508491750266614, 43.306858012431306, -4.383165571361773, -216.9359040680001, -10.127685284658748, 92.21449974011433, -101.98946621264315, 0.29971227367079756, 112.62672757065279, 20.884570041292708, -56.49230305045339, -18.88781092792894, -123.72169081169194, -93.12539893638227, -28.95685952677192, -91.63390594149041, 124.51332384701794, 14.50774255187715, -29.42782194468914, -105.31428079994173, 9.530062171033281, -43.425533922193736, 4.894938462206664, 41.852360458911356, -20.10405102118066, -54.77670983800853, -20.599725016109883, 25.07857710866389, 53.66086814573017, 17.491684802886773, 48.25291104015629, -148.81029207911183, -33.97171446376861, -29.629711715481385, -44.251126855133734, -84.65476837588268, 102.9686832228163, -84.2214575830551, 38.36049584397891, -42.91903954431281, 65.37210028935309, 33.71331561989604, -32.9986371267113, -1.2816675703530114, 44.39779130322578, -25.485891503540145, 130.21934705843816, -79.76585768586621, -70.88753017894678, 57.63970246948387, 92.27920189873507, 60.501673513937774, -37.54909751384801, -80.11218607272863, -35.298909808768784, -9.668997679013179, 6.6330131465528055, -28.711625641338138, -31.23025657853634, -3.7956584535998728, 34.64831879246062, 103.26316262531522, 9.297893049252163, -4.387846627303678, -24.369389735987344, 47.3842465098669, -101.53235785183693, -179.25470005609571, -121.08097996787855, 66.27645457691635, 59.57546824410693, -7.96676448209319, -6.600144570605738, -26.164571240037024, 9.985274495481004, 29.28640731931472], [27.66634818535675, 69.29105198120172, 109.56007662349197, -70.56465036274304, -48.335498787912584, -14.4140663535488, 58.90572132421472, 148.25345458796352, -32.92950728979694, 82.11419787860196, -21.895908741006952, -22.345539836137107, -11.545058213786625, 1.0214098615878748, 124.20209120349114, -54.45252940903013, -64.17432149122637, 774.6968429218259, -29.101823339657265, 21.051566972721854, -127.52801453940424, 36.20716280125535, 13.025141493802547, 15.927407574237268, 3.7190739687669905, 34.43720406001906, 9.022658125983204, -123.4901601864522, 34.27749237036518, 148.55585821065165, 92.26956066194722, 47.96045502635267, -12.07297288370882, -86.9062283519491, 74.76560075050207, -92.05648311112888, -78.76405374057332, -80.75557230552877, -78.66177199968062, -12.531615175851593, 85.65299274907147, -40.03263437045864, -14.836509118428632, 68.6305362139953, -116.15591348828927, 9.383996523241397, 94.40924488578673, -40.67046666429015, -0.29535322832955974, -89.73004249560618, -4.578156705136219, 63.4885507249888, 13.723930274305257, -116.65167340764361, -32.67706193692923, 10.539958988085724, 24.454083777582234, 41.63922454519558, 29.186084060808472, 107.2305995425456, -79.3899680580513, 53.12022108543287, -24.0840460569883, -69.48735813304457, 192.47411055130166, -26.409821535668208, -6.454715070789529, -81.23729673778566, 39.08053738495572, -59.95613187332352, -26.34348879945783, 30.794262034786634, 95.70589725502238, -21.91800126751604, 65.00286106984132, 57.72237540842684, -9.947052099084646, 108.77949067291486, 121.52646394573334, -110.28276906893656, -102.09463751047136, -47.85995032660843, -62.4887026867586, -8.110389265829923, -99.91755197537846, 129.6358618809049, -19.610860638288823, 42.869137960253774, 76.15416809104634, -66.4580743798483, 62.59533129115024, -102.38810282238286, 8.726465434782229, 13.642885019362119, -65.18222904317098, -7.039462778499151, 216.58964691969805, 119.70460215309744, 72.28132281652866, -12.81003780126595], [-77.71761787149092, -51.181168062112086, 93.58007940658601, 38.78010851082721, 44.44486021311713, 5.582041959536208, 205.37136038116398, 4.725164458842445, -53.757946604227065, -12.07701275628282, 44.13536258813957, -113.46634620506593, 11.450563508644997, -223.09226439143058, -84.58897375567183, 48.050199870384596, 114.83485787412353, -29.101823339657265, 921.0450884595743, -73.11992010587383, 54.19156017076362, -45.66904931098869, -96.60846627986889, 104.95165092881653, 126.55226731746839, -44.72707771489506, -94.79520653631036, 19.701521867097533, 34.14847654372057, 15.350255878168838, -82.84704339357128, 19.036241756720116, 145.51826118841245, -94.1748237362083, -52.91237943041267, -41.302158999962, -30.562380845601393, -76.10864780359562, 46.18945138294717, 98.61783505622743, 43.52106194874177, -27.346721939874545, -233.33737730555677, -108.08263963944108, -62.89322725030316, 125.64930478862154, -9.043849727081962, 44.53663961637386, 17.007873679662975, 90.2400088538086, -3.541412611132226, 39.962674565804704, 37.897242556150985, -180.31060177036014, -12.634127473126185, -79.22110642177867, -30.137429457907437, -13.48840160116666, -6.465839417106396, -83.54277837209833, 16.79264244045883, -114.96461223861544, 74.00125182558959, 134.5505366759658, 90.77609613328653, -19.91241119487809, 26.795270414829762, -82.3948853116133, 97.53383531324334, 111.80809243332347, -30.935116456147487, 111.52746360902559, 68.18461129201671, 12.636327117623539, -62.01348856827221, -84.57190685473752, 46.416310380152716, -161.30841419262777, -76.4588065401358, -30.959449050190493, 27.98239414357765, 14.981721403380867, 169.02596235714222, -112.14057376691538, -78.19353081777425, 111.88562937962959, -57.52424481047282, 80.13424914219243, -84.77525725796569, 47.401662414034185, -0.40088123550740457, -101.69859913669528, -20.62531658360906, -103.45381662387788, -31.214355415261785, 87.20063140161626, -25.87445263870185, -78.87708612710297, -18.2103293701735, 51.92740739457111], [-13.28946373292117, -94.70413389275855, -64.44535573056005, -0.95129082591843, 40.24264662639125, 87.82012900136623, 71.00311341919277, -11.870897440812412, -78.14813293525384, 104.1426170511944, 95.72487446399269, 155.58801325036828, -28.58955088556811, -164.95932394518496, 49.11984034447765, 82.77640013147, 93.96709240845892, 21.051566972721854, -73.11992010587383, 786.5178465093932, -85.792647026656, 101.36349264491771, -23.691646501102003, -56.46615420297718, 51.07300509150669, -4.926741737511546, -73.6166757696389, -65.02273933093238, -12.325511949938724, -17.10321046792997, 58.09061796283146, 5.519262168927818, -4.839426923247961, -58.26013838848113, -65.69623493506411, -16.91311734112414, -48.14922685233203, -1.3178962491982935, 46.48897594825092, -46.612187792153165, -1.0065804911359, 24.828243369213517, 56.5279969872801, 43.934655638128184, 90.5506477300323, 64.7509855094186, -10.947436102297608, -18.59326523038637, 9.356242894179758, -124.99412170979028, -39.876869833278946, 86.36490623897558, 170.47446038230268, -79.27749493501926, 128.86578207714226, -21.742002226251586, 11.210008187974317, -179.13572898300626, -67.15058943233657, -62.80195510718823, 73.49488401858032, -44.945340490057994, -60.87411782574467, -20.697892603168953, -50.67649860397357, -63.61756310814495, -75.34353022744335, -35.54660885324355, -41.1798631183461, 16.109241304822753, -144.84660277811642, -35.724260385296, -113.99087294958152, -5.0329644332789725, 23.95088078254038, 18.18989827804918, 175.0711644397273, 32.882121411023604, 147.43923028024983, -50.19663380383894, 43.40469866913375, -55.286459193091446, -106.2563597944014, 20.739828988124902, 58.216184834160416, -50.88456336368639, -64.46241807525429, -78.25512922300997, 96.20772245000204, 20.583336621714302, 47.90810751628267, 130.59364547819493, -143.5885997316497, -7.282049662986267, -112.22992961352705, -21.94883425586317, -72.78079409155231, -82.5984319164663, 12.17108915265953, 24.099136357649527], [56.465885399842996, 9.2123643368132, -6.842673068911943, 70.57973032356931, 44.78743697085598, 38.18610370790236, 34.0882933374837, -36.6753586980431, -5.449492653191342, -28.66207083411385, 52.96696347866908, 29.791123511099798, 40.46777507582172, 66.24488598529466, 30.7462050