{"N": 100, "M": 4, "A": [[[726.4620698656794, 123.01100112752694, -50.283012536100806, 66.79631176915869, 136.66141563599967, -53.01585148457805, -105.04941071555966, -13.038270334931674, -36.33177918080996, 47.37455628607353, -121.7107628981515, -166.48415860973782, 58.1585207798238, 11.325377215168897, -55.2401446506544, 37.720945816905235, 55.97517194195247, 4.946039879013813, 83.44342706792447, -70.0122186202053, 23.461639176990964, 113.14934942101708, 57.89378085317375, -40.28727794274807, 49.97814408814768, -79.46527478344503, -91.85345922189082, 128.5770056577966, 32.71969719769942, -141.0403547032866, 88.06037367275654, 9.772897766511042, 121.23650293409341, -27.00452818927652, 92.63496279464933, 27.544204551196366, -80.4677638960742, -2.0588954735730405, -11.259504728283922, -15.830574166850447, -40.24676184648367, -10.406595251846257, -76.9097115167141, -84.47024349593455, -30.40164825134546, 21.004340550075934, 72.31215750448085, 51.920268844337436, -2.6655071384696813, -66.39640163306741, -7.967819773203741, -37.53377571170856, 11.432953241526796, -45.34276679432754, 84.8020054742083, -91.38321834552968, -52.76869066521446, 22.00227997787576, 91.6271306610087, 26.202673762168054, -23.626872856649882, 101.70833785514402, -106.96915623275665, 30.173317424293213, 205.58120814680993, -26.236323804670832, -12.29340253695449, -63.31407779940179, -27.030746845322135, -62.84396550910938, 33.40445285480488, 76.97841031621086, -31.06248711525276, 59.31726778707059, 110.89087640198228, -169.78602969332155, -44.18533039192975, 58.139683592407295, -18.374578263333902, 8.787434617155707, 8.973583017312013, -28.61534352387387, 15.874639014257236, 104.9449940937634, -8.007336023252671, -14.095137673107226, -18.097170942103222, -30.120394120134026, -35.8862475005719, -74.90958853502717, -35.139430258032334, 57.13352663861467, 44.45062725572941, 45.2286715346571, 60.1637742969451, 14.069397547990333, 78.63560201277254, -145.26740396194623, -103.89081051037498, 131.6857794386639], [123.01100112752694, 950.4024784203292, 95.90237705836033, -18.38464645710711, 91.68486170568015, -6.0620305445742995, 54.75727679615929, 58.886675147605736, 27.35852697990866, 29.21258823688882, 98.84530168164258, -3.8359221890016815, 30.858623902448567, -35.83059149281775, 78.18250975200162, 13.666227180965794, -0.9691208510513731, 76.28158103799308, -59.82248889375698, 126.1011857324409, -108.09776782048911, -70.146989699788, 59.58616116607067, -21.160449310227506, 46.91789531733146, 52.57267143016055, -123.4235182814088, 55.804911740311795, 133.99379738003307, -150.43045921482485, 9.384679438024573, -92.55012677780853, -1.7922900238925046, -116.56172249775831, -45.921945481249956, 11.786901662073232, 109.77233000806177, 53.18714273613222, -28.420231402787014, -160.62609029633148, -71.74862721645714, -46.72410277903359, -13.665280835933357, -36.63242454169018, 53.36131359575436, 73.84660815177565, 38.77648530021287, 9.02025818701664, 146.59097110242425, -133.15382437426948, -24.938229760449413, 59.90177844097475, 109.65328798660934, -60.017782491271106, 85.89399438377886, 125.10913184558001, -61.06254512741832, -48.62104815688584, 42.24745515204585, 86.75057444142755, 92.41746961750168, -80.00397948737614, 91.19427819775277, -29.793148826215635, 78.55866743962167, 45.352752717046954, -25.427792257130125, -49.967328395504126, 83.13961457745279, -20.601111528609025, -99.26708441299554, 8.145116764936235, 27.57023997204519, 86.64592511881713, -23.775663282366732, 83.62457291342986, 70.06210766332089, -93.83139722540162, 25.815872036510967, 231.97716077503927, -11.824515407541192, -94.1349905044116, -45.87819684218231, -0.20996331265661494, 28.718266252265774, 53.88919865447053, -4.288088373497148, 73.91596097353376, -48.69859154967045, -53.96669030196662, 93.77800231146311, 28.84292011927548, 65.57530796730262, -104.35634296517603, 43.14126903288643, 19.38398514074381, -38.313570722551134, -70.39053622249236, -35.57312483555956, -94.98434939970967], [-50.283012536100806, 95.90237705836033, 684.0938258230365, 65.22134725525538, -109.96770475205584, -58.7119399049895, 115.10564578914031, 13.423537894673474, -1.7667103882147954, -40.108399071167376, 35.67756836578669, -13.58778960688485, -6.003084687117418, 129.3511164410946, 106.67621467151241, -116.19714221521151, 95.59440623509667, -3.462281405242134, 22.865300978779484, -54.795881966374054, -29.600960350796072, -72.70650112363708, 39.66729343794244, 5.997295012571731, 84.36410949050837, 62.290582524811036, 41.095302384168946, -62.270253492444816, -84.35999592782974, -111.40126520189827, -5.408931834314175, -239.56072871552885, -71.62165286984265, 7.0505177060343645, -25.314853324234214, 132.73408959119806, 108.11082488008819, -89.7168219011172, -27.33656319171965, -59.100081456599014, 36.87296704374655, -53.697505397506106, -28.15236082480208, -15.113538047758258, -49.837750151211075, 18.857185138025873, -6.626317408950095, -104.29877289053455, -91.10077042221195, 39.4410630297573, 91.11861641142363, 62.363372102996685, -43.74974153104015, -24.124692652696556, -152.96402752551433, 84.56863512040124, -117.04686848510126, -32.67686474736321, 49.66459539269361, -71.68795451025449, -152.15221768092414, -68.06709551234859, 152.7500161418821, -1.0976685231342875, 50.25531334616913, -102.87983795862027, 32.75985151024149, -41.951380112848305, -50.914560481747095, 25.269673495055923, 30.237564453754075, 93.39967132896379, -17.90520407700529, 32.64946772864329, -41.82620134676589, 23.132020428506145, -79.55239802783031, 14.840385526959862, 107.6348185014344, 13.70276597377564, -6.955972462560731, -10.103763315837085, 30.113402861784667, -47.2463549690472, -56.10136591563105, 181.73208884770335, -51.48145812891821, -47.26048121391873, 81.27273660285891, -82.3188666837015, 12.953690743201982, -11.34503419623458, 70.78547500423353, -25.36628011590991, 34.06799838385532, 103.34868101206536, -26.103899088026797, 62.05118020068395, -89.15532038274338, -12.056832471898499], [66.79631176915869, -18.38464645710711, 65.22134725525538, 680.2797279636492, 103.94344003552274, 112.05856886331257, -125.6678273844583, -8.750904601186926, -6.988881005227632, 103.0562909022004, 58.759172075991266, -16.7710160991911, 33.23113682273312, -78.48971001293373, 74.41935230099723, -62.81722031361415, 6.098317882107141, 12.109879246315407, 19.311985375526064, -29.42870310319627, -26.412119621550154, -27.678392966940176, -48.43987472443559, -26.968605801394794, -63.87625201672807, -7.73995589833497, -51.06606475994819, 180.83795381188648, -7.587224622327331, -43.18169450297785, 69.20259040223166, -142.98677905733746, 45.98713160785667, -30.460631724249975, -37.094105690363335, 99.45301089415538, 9.30634514257594, 84.61320669835725, -45.35243167812361, 38.232741637262755, -181.4193241418252, 9.83465177781247, -66.41096867358968, 1.103557675181041, 40.61231940667013, -11.153936120718956, 56.40197302404258, 29.137354717274782, -142.73867795341656, -57.12565989582245, 94.99820460551325, 23.24441135727726, -90.81554657094074, 60.311544712054626, -51.63812818340529, -162.55159595580733, 70.5950092384216, 23.328792988874124, 51.03818607994457, 65.08451301855895, -143.95945583285615, -17.591134986975955, -106.69699442985191, 24.545024538783007, -152.22188146855893, 71.96035783188361, -12.193798835042994, -0.15958590545832185, -103.23097065050005, 84.48353560584894, -122.69989721317725, -100.42197903455873, -35.06349276864285, 5.669180101321054, -215.4539309914635, 105.94071117478518, 133.94915022154208, 73.9575047293695, -70.24659736335572, 89.35230364609299, -37.04535889375478, 27.99636959235612, 136.35799610812828, 7.28302939682423, 18.4413329597482, -5.127547849573626, 140.3618580987495, -59.32129872246674, -22.990478299921836, 9.892227022450117, -78.92970350030876, 2.4621765248739846, 24.16278059557833, 25.62620757201062, 59.53411004491965, 6.9858130312950975, 0.30028199876318973, -34.995470780601536, 55.82545946639408, -74.40021787637261], [136.66141563599967, 91.68486170568015, -109.96770475205584, 103.94344003552274, 990.9385023208594, 222.75299442852284, 16.64280815286654, -193.59357689440475, -4.019384622934954, 28.83630953894247, 55.21610167743221, -186.26097355463372, -188.13482422416348, -185.96449670613677, -98.30843436223593, 128.54392005218222, -4.091238073068251, -30.62427719860103, 123.68105521417668, 80.49377628155436, -9.914828840033378, 52.25332874136257, 45.81061072787611, -183.18712687046488, 85.55023158028288, -88.92193819384629, -33.8842185655203, 52.64314275326056, 59.48752428834912, 105.87237240766036, -60.60753473478385, -40.70765378475069, 109.08701210537109, 58.461574367290844, 51.43061563501166, -68.66759528708367, -51.83677165947343, 5.095228665209557, 35.32688416968152, 0.42452703898609323, -154.45010850453994, -16.189491130847088, 33.833817189934614, -52.20796358427405, 12.322081534730204, 25.21487316180828, -36.88008635914853, -5.478530114930318, -113.59527094327966, 21.13693446468075, 34.60474233446987, 23.634792185819023, 6.177924343084884, -20.03466533536163, 55.15480888938439, 58.47081273243972, -1.6498501564930776, 106.21252030774812, 85.15236592294212, -73.53004391822246, -92.45856944375889, -9.627351375634372, -54.337161647956336, 52.508345334077035, -118.76557906615525, 82.89808154829544, 119.91672145769037, -78.41502124758522, 121.2801575015821, -56.99835137482678, -22.287663190820393, 125.95132232038684, 13.23147389211945, 27.72182532294192, 135.59158804770007, 24.44509401188623, -39.42746174648433, 141.65891645652295, -53.95579774687005, 17.388060033495442, 63.840078864456316, 68.30341600567097, 84.29700235879486, -17.92388679923441, -45.83137766952422, 16.6269797853879, -74.33952050160799, -13.361720523535155, 27.095209478280434, -85.48670743349984, 52.30520594865112, -80.43747164568903, 78.40100210587205, 170.95003431386428, 61.55528908326295, -62.52853817269971, -157.33340896121553, -18.215046295397467, 89.63244049050745, -218.89682463613775], [-53.01585148457805, -6.0620305445742995, -58.7119399049895, 112.05856886331257, 222.75299442852284, 876.8817929305208, -33.55103349580558, -127.25572302254216, -11.440772469270396, 35.90362099233757, 37.348706825014844, -12.664953063053431, -18.941431141677906, -92.43282123927627, 37.3256536217961, 37.53590147084954, 124.06511982496167, -82.97614089056219, 21.05993948580887, 85.65378719994776, -146.71520187812914, -111.46840370262632, -10.135921273229307, -3.0698560010440263, 39.171315364506064, -64.37100234775538, 41.50093919496693, 62.51721339059692, 8.953524861677709, 0.27501376110545733, 4.615733441049794, -23.9616047917507, 3.0764521383825283, -19.49430278110269, -122.76565585159726, 7.6777476939535765, -65.57897148206172, 98.93924559237722, 82.08682722978183, 46.444205750793444, 6.05590412129364, -37.58968318567075, 4.893765927536072, 59.46170881212589, -48.20743693791854, 82.80797976034185, 51.78835750030637, 18.020951314155706, -80.57034337386621, 2.3021308633263833, 206.73455760483694, 87.93466376265339, -11.870019175291867, 18.046469590291647, 36.88049921213595, -59.96078786899566, 75.86929616213082, 43.92180191158216, -4.612973907609739, -68.1739339576895, 32.30451938705146, -163.5676446423527, -80.7127599259255, -13.078334571804481, -46.67841445611135, 4.71419578996399, 111.68525966921466, 114.54144516748596, 133.34215765316222, -95.58158749369875, -34.81504652952022, 7.979280536592617, 69.27261174743498, 76.60042660633111, 87.83673066806676, 10.900082666916289, 12.045789063325554, -89.02808150836917, 71.43067339049156, 66.2279028848685, 65.49557098900145, 46.01633660140694, -89.72406767629309, -29.087714614859127, 21.588427273274217, -74.47562706307106, 29.37480958005912, 146.94634443670412, 42.89746537034648, 148.9904946349211, -102.92072020127381, -13.121497820514005, 87.98862676677199, 23.901620757787416, 33.79106149150007, -2.723892082394041, -52.508569638445024, 8.594885815861845, -42.53720438039377, -49.60427679167309], [-105.04941071555966, 54.75727679615929, 115.10564578914031, -125.6678273844583, 16.64280815286654, -33.55103349580558, 1089.675007552089, 59.63450746572853, -4.210643857030697, 146.97004788217163, -77.5327747085075, -30.338825898393225, 30.21480759153055, -51.61574969495064, 95.06375852726002, -28.261414044605402, -35.291300519601116, -58.68127197251344, 13.258158212041534, 63.4462603855805, 152.37145680944505, 19.703651376573383, 10.579743901445728, 54.584541310784125, 38.4660557530146, 34.86996022024728, -64.62517422462628, 101.80342860756829, 105.31295339717954, -14.919655622575412, -126.65969288407219, -126.96421293253307, 118.16950975579574, 157.08883007970894, 98.0038024861069, -46.81899428478494, -73.84992596713042, -96.12557561399767, -59.99727655080791, 8.843979691618081, -13.230454481063424, -163.1434390351237, -50.76860489674168, 188.02158168003902, -24.258113969678334, 11.700908093680962, -137.1781793182545, 1.2669917372067363, 19.918838986443628, 122.51543363948483, 87.32391560143006, 31.174385807933454, -21.628811237135412, 131.14500479562832, 27.613758738765284, -54.4140872587606, -3.658978315142323, -35.02917652613177, 13.031545937719416, 14.532845153900734, -40.41901547813053, -3.8607870636939348, 14.156313723667934, -59.900634996264394, -68.54457156874312, -20.667572081101937, 49.04106269357553, -43.74297712603831, 67.09290664090476, 38.74357329758446, 72.57794222422969, -88.24571505837542, -83.10777687230262, -227.06438000258566, -31.31136599324206, 31.239859380245775, -88.63345161550909, -211.98074352942618, 94.93905838322065, -186.29148972426, -5.908828729890703, -187.8443903208967, -115.15581376385335, -73.33721682864137, -146.0117451693531, -4.736026488680529, -7.503146880922006, 83.05503968342101, 10.618507755260524, -8.242582834402697, 146.39414377051708, 9.746489893950242, 92.00734082437722, 91.50022165542167, -156.81845759485472, 134.2899133284169, 111.84567505204814, -150.4585678753719, -66.96178652255813, -46.74564819637219], [-13.038270334931674, 58.886675147605736, 13.423537894673474, -8.750904601186926, -193.59357689440475, -127.25572302254216, 59.63450746572853, 782.9038888701233, -7.695513855822304, -93.2509479228236, -4.798423403256577, 106.43807249049006, -27.45799917235762, -28.517907703753377, 120.44414469149672, -144.79139782242933, 43.14033648235375, -111.32526060518808, -103.79415189857083, 51.25288788508856, 100.71988016563121, -105.17969309400699, -60.280199203604234, 64.023271514487, -10.115896358033238, 11.461940385901526, 5.203474016233435, 95.6999952580034, -125.2948372206427, -146.73007833807324, -61.23057635130495, 9.178242674822943, -142.53341259166166, -125.28763840701859, -50.19589808326819, 25.474635689808885, -19.0589491707904, -19.958080641576025, 15.423903420877766, 114.04393461343453, -198.79339501332169, -2.675259807741044, -32.996151144638034, -55.85412544414775, -69.94755990932103, 16.766862244003054, 15.653627409301524, -33.96128383006257, -0.4231839571264311, 29.620855550961657, -11.112828628521722, 72.48752556263858, 28.441639351105557, -72.14112963950451, 92.39810949160461, -18.437446945288663, 5.151926738246794, -41.409683411790475, 43.94131911446401, 46.71199110255661, -55.74538909774505, -45.50514183824613, 18.513446132060025, 11.974896405299951, 29.54539811006908, -85.13224507292733, 36.78299209633809, 40.43231642657498, -2.2884656103661687, 143.25357640641565, 34.13949558380442, 74.73825123961481, 2.221089252810273, -119.12702000176076, 40.975548227378425, -74.2213828151589, 40.22023449522004, 116.95069471088728, -32.64514315829014, -15.757417623541228, 36.62416232515749, -54.44809519129191, -78.30250996453137, 67.44281321349258, 25.84051397731318, -61.94720841745239, -80.76246246377686, 13.308402585282487, 12.551139596211089, -12.504659091420763, 12.49369318973408, 18.945089584706306, -84.68020653638304, -28.102143249861687, -51.23756770564304, -33.43297231297038, -63.0519377526537, -16.348798271978563, -111.69327452649239, -32.037032787431684], [-36.33177918080996, 27.35852697990866, -1.7667103882147954, -6.988881005227632, -4.019384622934954, -11.440772469270396, -4.210643857030697, -7.695513855822304, 796.8452204227395, -40.16005745279381, -4.410592477576286, 142.48086275982854, -21.33729220195005, 157.53793743921, 45.60147732470471, 245.4322134154796, -123.63672084498295, 50.531837639084465, 12.430193822875179, 24.367272174919897, -78.86460642335418, -21.692323435692206, -24.51940428655189, 78.26715386179808, -52.94560044533545, -0.61251053872296, -16.30396729094491, 45.7274566103824, -29.836785595671806, -6.218410681401684, 84.79671336763508, 14.915341170856669, 33.962466132132306, 11.597345210544788, -56.30561218202277, -70.94352750185428, 57.63807012368928, 16.961796883113195, 120.29763551297853, -12.255166043371519, 10.834656562134272, 70.72382808420028, -109.87963753791816, 44.34572155571646, 13.167519887175391, 9.263399629208628, -8.271598621961203, 172.75534687777872, -22.562258873272572, -13.243877756634491, 55.895757883739265, 30.16063807616908, -87.28424167727356, -102.6505141783933, -116.0537236084205, 1.511745609214862, -27.31627467432876, 13.776919610191138, -34.377233916396904, -78.21040705742976, -24.323347140434784, -17.352544765930087, 158.4029953380837, 11.82714693911319, 86.97052363203105, 40.532766460200726, 62.74618664884179, 7.840235497222168, 67.82910633405957, -121.00668667969369, 33.2374698054381, -32.86241900582734, 87.40400419980236, 115.82173739012926, -125.2873018490453, 87.92584022059198, 33.01068126274713, -47.92575660385715, 37.79602505707276, -33.26192905223063, 239.0711436172826, -86.79462116697927, -38.99126034846938, -24.24313739079866, -125.28547469630182, 176.24106346387185, -59.89826073854814, 50.377826277655686, -9.998906244955577, -16.99535768049192, -71.66977154763875, -71.27350305784614, 127.37815925918949, -11.912484396560833, 30.49086452853434, -37.289706547788875, -7.321380183043158, -55.08787629313893, 53.46621748074512, 27.93026595524191], [47.37455628607353, 29.21258823688882, -40.108399071167376, 103.0562909022004, 28.83630953894247, 35.90362099233757, 146.97004788217163, -93.2509479228236, -40.16005745279381, 896.7571704276213, -103.46071086806096, 50.8543758653044, 19.664037424061437, 106.07415503207663, 21.201412930895106, 74.08500580331372, -18.228084686259503, -111.574649813188, 96.51270181703121, -96.58102900838159, -7.134584251758865, 72.70883012657838, 49.66682635698963, 73.24633053132561, 21.304533489723376, 144.85748872500625, -54.32243843874421, 24.97295172704745, 33.44373612563084, -54.73333587267912, 64.87302145786168, 44.791767684496065, 88.8016405323141, -54.397170548066875, -83.4897082875808, -25.08660746005606, -48.76386538139903, 22.0519301870901, -40.037711139768994, 33.733037029964215, 53.48937445444491, -8.125839120571008, -117.38021911703984, 32.585728891555014, -64.67103949712343, 45.11774278566274, 3.806195898553354, 50.16615702930264, 14.05157648077686, 69.76719998445434, -1.6098716914429014, 48.151199679866096, -60.23903612331769, -21.69152536866968, 99.21708015989678, 30.78316152246065, 82.19743070759854, 90.34037042474468, -166.13555784956478, -18.16300838638215, -36.789619106321, -74.51043812149832, -60.672524586225826, 33.04024838702923, -38.84718605290701, 23.5940444586177, 20.052833162878336, -9.779161546461715, -77.0247427499518, 131.3235705944858, -121.44131217069334, -70.00005141516625, 14.15830891672212, 69.06869443667901, -142.05024931388738, 106.64072850917393, 19.119383845722737, 56.92741435068907, -130.17548617863145, -46.34920784309137, 29.931288364615558, 46.812530971996544, -110.00771408246742, -15.354758004790916, -30.052540259123592, -72.13997972045007, -17.225671363644622, 95.97994770542057, -172.93274398366336, -27.08846427513848, 182.30234744054673, 64.72399997900091, -59.17506418314449, 23.678505801980048, -0.4713279832932379, 201.35299101752398, 37.784725467796456, -70.0617782002608, 78.22823036527024, -80.63192164520727], [-121.7107628981515, 98.84530168164258, 35.67756836578669, 58.759172075991266, 55.21610167743221, 37.348706825014844, -77.5327747085075, -4.798423403256577, -4.410592477576286, -103.46071086806096, 895.0313621205543, 116.8764416125804, 25.805649349569983, 37.73105255652651, 54.24440195209901, -118.26345360336431, 54.583248588755296, 90.72006042205065, -18.335528173787484, 89.84877762121488, -108.5606087167986, 137.72952759497417, 12.796473045239408, -7.825086839829122, 53.52197899785803, 71.27977553970995, 50.75745847830815, -69.5801339746904, 63.44139363457992, -0.09398882282701815, -43.70815292232468, 116.34662891812083, 46.26749125339382, 42.72237899508604, -87.64378843320573, -10.670242649362462, 27.143515171487515, 72.93005028596208, 11.030454730430176, 100.6841446340331, -41.469059419286864, 102.20737001400619, 26.472540724918932, -143.12790041071156, 106.52668790848291, 36.47054016021017, 6.073264029945759, -39.6602452931881, -140.64198358986272, -59.63343692149332, 175.02268771746247, 1.2665251265981856, 85.9754116245389, -45.51075931492904, -62.12734179299805, 61.54604265850697, 47.77768584231693, -40.982804166117695, 69.53997096956174, 21.134371835251628, 46.7986570731384, 73.68630335036427, -15.147486066237631, -17.73952507981497, -110.52157317006412, -92.41898413595476, 148.4553241542143, 26.919443850261132, 6.399848895729618, 157.69313194100164, -13.26066610026574, 34.633341389249814, -123.54621949292681, 112.2592312811955, -57.54042084024872, 44.070033115089004, -27.22417035424413, 18.874293767883874, -35.757275861805624, 46.31881729776854, -68.16713137116015, 69.4594307378221, 30.114702376542517, -57.71137835912564, -100.09674110861434, 88.9268700393172, -37.00337677805841, 96.76134903763302, 18.75187657699822, -50.81967564882408, -89.34253499028127, -39.10157670283034, 4.781069493196376, 34.34855288415699, -68.48301724801463, 45.804771338876655, -65.60179299697582, 166.2921682361056, 110.23788205225314, -3.7939916655632473], [-166.48415860973782, -3.8359221890016815, -13.58778960688485, -16.7710160991911, -186.26097355463372, -12.664953063053431, -30.338825898393225, 106.43807249049006, 142.48086275982854, 50.8543758653044, 116.8764416125804, 807.4279265993866, -84.03957038398049, 40.30353533182439, 32.73267156513743, -62.919761915961615, 85.45386492283426, -23.3842356132122, -7.321406734842726, 4.346816474941924, 8.59279827264207, -88.36758594795131, 31.901310293227173, 49.72590550413049, -82.82457146196303, 113.36982266936886, -27.164350351690448, -145.05754485189814, -75.87344136192965, 97.14340667550015, 61.983860314021896, 36.14052724703642, 0.12409173909360753, 121.04381212205867, -36.633031327226654, -191.85901156551853, 13.276378578449856, 124.3486673132054, 45.275964632444, -32.60463285714627, 63.844640742280085, -103.68591493154953, 82.64466169201202, -51.55074078661005, 7.500714467806238, 65.41019923119343, -11.084440201534692, 68.57186024242858, 25.636740179336616, 39.565867280541426, 91.17457512483259, 87.11796822283591, 33.39834159098836, -26.051047443455438, 90.54457241135462, -28.17192090627727, 9.484355330808052, 25.97823430580695, -57.966375740216634, -19.454717143028933, -38.69043645351044, -113.08498837955392, 33.49148782833069, 90.9880896594429, -14.340399594196132, -49.40870936122769, -53.12543008422975, 25.43219662299923, -18.83947743235417, 74.18312984259602, -23.09548338044841, -60.05645266413505, 67.11686166129452, 41.518646105229315, -15.424260131845807, -30.36637662938618, 16.989366344767486, 38.013323012292524, -173.6218349892539, -56.75158405382333, 112.52722787690074, 46.06567241152005, -177.07900506294806, -44.53078635616609, 45.928403561233104, 127.48090291419297, -105.72560572475903, 5.094990809104281, 26.50664615177743, 156.6007903437395, -5.40913418371827, 144.83396147396374, 8.758948979020758, 2.0127593526018352, -97.81020970910959, 7.5973356270392305, -66.26065228763652, 33.32550205028598, -8.125022122477288, 64.22032134767696], [58.1585207798238, 30.858623902448567, -6.003084687117418, 33.23113682273312, -188.13482422416348, -18.941431141677906, 30.21480759153055, -27.45799917235762, -21.33729220195005, 19.664037424061437, 25.805649349569983, -84.03957038398049, 680.9157457287835, -24.509980341247285, 59.5999929402253, -16.226546904761253, 48.969650450842344, -104.0399772536932, -5.053998154536774, -15.850400518589089, -44.5086500275033, 77.28325775688414, 103.30897206670778, -71.76375605881239, -94.28732643503515, -42.2614796548407, 30.916954739204005, 12.417460941033346, 47.310034315071526, -81.39106598131775, -87.53681582946425, -5.347616631093154, 31.814994058822663, -132.27584364641638, 104.09295918400356, 19.12963233718101, -34.80504668498121, 144.4951124705324, -15.251106532608123, -7.601165797417182, 7.54188710794179, -98.24541074929309, 12.392502099417163, 37.95222619831056, -11.728819221953842, -75.12998410070581, 2.4356390153065726, -20.1345762952951, 45.034914183547905, -148.64393917883976, 104.44387190912673, -10.194538238222602, -39.41000056893092, -21.47134737428506, -114.34277445436406, -140.48513359528485, 16.938552187819308, -47.91709826330927, 10.505287651660666, 46.51521025567959, 45.37881411072395, 84.6226450270653, -45.67311785684111, -49.140975458251134, 88.083306789634, 28.58676024572333, -76.08195520728744, 29.5819888662577, -5.431784657795728, 32.65270765532233, -83.28537226126332, -74.71601230142339, -6.680782304454311, -88.76579714074364, -1.7195833440084527, -55.144134448598656, 57.19985543612696, -39.0225003795905, 24.82534332537082, 13.332771023506927, -26.255656461509172, 97.88484209396505, -42.9591951023115, -64.44410571997008, 92.06333484649103, -85.71793964906225, 39.610922545804684, 1.7569566956619653, -80.55788251350072, -51.9322105538887, 84.57661995005292, 19.670842305317873, -110.98396121125039, -129.70821231603992, 97.35642076198052, 21.099996909587087, 129.44210695663193, 36.348713968143855, -5.640160242911729, 79.95194809529049], [11.325377215168897, -35.83059149281775, 129.3511164410946, -78.48971001293373, -185.96449670613677, -92.43282123927627, -51.61574969495064, -28.517907703753377, 157.53793743921, 106.07415503207663, 37.73105255652651, 40.30353533182439, -24.509980341247285, 886.9664593615867, 64.60839004982229, 140.0478776859198, -66.66260145049675, 1.8543002725307587, -11.84360479931772, -131.22943763068707, -28.694799318054038, 34.29930859581432, -116.95890174963314, 34.809145441842006, -20.43545158846321, 21.80884943312624, 32.237155642898536, 45.06640626804117, -68.41916122614263, -41.97844461703284, 46.15674138630537, 105.3062439983318, 28.317809160423288, 29.72253467648539, -4.782065125930527, 62.09283895510018, 18.905723106482963, 31.00247619243634, 29.046603532009964, 37.99745308740055, -3.0085039910702225, 17.69546999681155, -34.54002379332043, 30.454461622351882, -23.201462516484565, 3.4592113194997083, 27.393564037568357, -10.44947390768621, 82.81898258461274, 22.236659437395033, 6.664682928968149, 161.68158008627597, -15.629150665110572, 19.718445897391383, -136.64495296954402, 36.760167565049144, 49.51137050529915, 7.815897417636754, -55.97494855015616, -48.183982982024226, 42.47811856776975, 5.441106656437188, 55.17753891999512, 8.510308029103014, 60.12678808714249, 6.764173608678001, -61.84097613327165, -14.061986165697302, -57.425806520034826, 125.71457253384287, 61.57479571527466, 47.57427284535573, -207.4245393718987, -90.96865456393414, -32.483600592414525, -137.8642572904225, -103.83617740960509, -46.99422876492506, -51.51664882779389, 76.58325672278207, -34.92574722965947, -29.548513012907673, 94.3311428642427, -58.515235499803765, -104.33897563191474, 85.3648900096316, 111.56806724318479, -119.4640380705967, -11.952983539249946, -104.74050340256184, -13.287940827206521, 12.516142330023087, 118.51457701217073, -101.31940614280292, 58.52924066238847, 78.44498199971515, 115.19672094460988, 8.867766957253668, 67.53360492804268, 45.31299685482235], [-55.2401446506544, 78.18250975200162, 106.67621467151241, 74.41935230099723, -98.30843436223593, 37.3256536217961, 95.06375852726002, 120.44414469149672, 45.60147732470471, 21.201412930895106, 54.24440195209901, 32.73267156513743, 59.5999929402253, 64.60839004982229, 792.5570665494184, -29.861043185605336, -73.9312107392614, 64.5587619583629, 20.298768030828455, 3.01422934488833, 12.710193358349082, -140.00353028641672, 103.78222064034313, 88.61631271325506, 43.64663848439936, 93.32397720329017, -104.30330553284934, -88.33455671466903, -65.44160203261322, -17.021545505894395, 35.445120394042505, 43.360576743694466, 23.96905333226597, -51.05167919164824, 134.17336010642344, 176.04998408131345, 19.001855093764732, -68.9508604597711, -120.7318267239964, -79.29562898506774, -2.2877826680285636, 129.97812470775594, -89.18860936829242, 12.802152828389577, 60.592695935985695, 88.81584780745412, 117.46438050301109, -66.57477107002292, -39.70380461864156, 62.23021155443603, -1.0333347725798623, -62.476095299785165, 129.98623554257387, 126.32508069489035, 56.242826364931595, -40.14862621371555, 96.9288899102201, -37.25410763275965, -5.438177241535033, -130.31579089611492, -145.43988240273254, 10.3999070094853, 29.997490006784858, 13.317713474205972, -33.42817385171128, 20.25943033557913, 98.21932560697095, 77.28233511410293, 51.864286035186936, -14.284990302042662, -43.23144250610094, -52.80105920096593, 55.827800625448226, 29.439981700021935, -114.17949735811129, 34.777651755957834, 92.33052248201524, -31.32339145390545, -46.95536105544365, 156.90584788099457, 0.30589259729441387, -80.85763186815764, -136.48893131286158, 16.244579197853984, 55.345554751178426, 15.996829942280222, -64.65230899562454, 32.870603798174876, 20.88496347863372, -62.52796813845858, 46.41246344355315, 31.412343501786385, 75.32556664070042, -148.4427828514932, 1.0252640945679465, 90.00904390085289, 14.800617509505296, 53.40305355011513, -166.38458719513505, -30.549323093087906], [37.720945816905235, 13.666227180965794, -116.19714221521151, -62.81722031361415, 128.54392005218222, 37.53590147084954, -28.261414044605402, -144.79139782242933, 245.4322134154796, 74.08500580331372, -118.26345360336431, -62.919761915961615, -16.226546904761253, 140.0478776859198, -29.861043185605336, 929.4498253979499, -116.76676924770713, 40.67378566335844, -57.665169790093195, -174.18674128066837, -24.773310922893703, 40.562107386672, 16.912148357219294, -96.6480282113737, 47.58418080466873, -48.93118981340395, 134.16360254480952, 96.35314474638447, -56.658021701072, -85.0248768813955, 85.97449109538127, 30.729128479541032, -73.23935803456274, 49.18156197086599, 21.062188929551542, 44.52941074799136, -13.52656613072872, -71.70527761757432, 55.85552267065703, 115.51942763837131, 80.48059059029768, 88.78874905995356, 42.91188746892963, -116.76557332250844, -27.96830944882602, -67.11663201791788, 90.54387313016007, -39.684623747615696, -111.49141098325886, 50.921052187813245, -4.16269466223375, 74.57053045227134, 30.952744286376106, 17.654537396873085, -157.05588759667938, 9.232893477593022, 49.50914616437715, 51.61378191422989, 95.76467700136743, -68.30046282493741, 37.756444913722596, -62.932316849023344, 132.72173896229273, 12.942317645194024, 201.4584398174849, 226.7170178935427, -34.8466247988567, -20.881553181220706, 95.13141251878893, 66.3623770032133, 2.7547162269246326, 65.70783973595869, 42.96211712177135, 90.87939609503573, -94.39907143059949, 89.92062388030051, -120.208477714525, -78.31102334663149, -0.2433278845236382, 38.408122980122954, 114.36889215653368, 60.383836856266726, -128.35509119111154, -138.57284653673858, 46.40020541621962, -59.066976922625216, 11.424722065948348, -109.38297046230312, -80.16640246042019, -25.290030810399877, -28.353974511931714, -12.68410741679797, 29.89200562070833, -21.774227377285595, 28.985080973408508, 55.69397246356512, 8.983936055164945, -99.34302061664248, 57.5229046920465, 17.808369207170067], [55.97517194195247, -0.9691208510513731, 95.59440623509667, 6.098317882107141, -4.091238073068251, 124.06511982496167, -35.291300519601116, 43.14033648235375, -123.63672084498295, -18.228084686259503, 54.583248588755296, 85.45386492283426, 48.969650450842344, -66.66260145049675, -73.9312107392614, -116.76676924770713, 770.115577599832, -103.0788280992835, -66.8701803808349, 91.10601056081848, 27.834120251358478, -91.09379801238444, -38.54523486250156, 51.422059667416626, 57.89125254059976, 65.70838267812638, 131.52872267770675, -41.528426050187996, -30.960873018649448, 30.987800668060995, -56.46386217866299, -74.5117417259956, 77.68756132024805, -49.053949212919456, 11.224907442743953, -64.46933243112457, -13.305657839195959, -59.65146102489391, -73.43579804308959, 125.93583066887254, -111.3052800461785, 93.04161206071343, -47.7288245199205, -32.03365542403705, -165.41356329371504, 4.235408410265097, 49.27313200510265, -179.9843054489233, 164.4767129273742, 10.552720519227451, -10.383627879587914, 186.61089949113534, 54.13205195283312, 15.874125830256128, -92.64922813011461, -34.44609518874181, -2.375242452007288, -16.836363958380502, -30.735263489682254, 128.5225301560906, 26.16423301221781, -76.86935986655827, 67.9780124164855, 143.28854297692124, -45.94044342546458, -47.78993576504612, -9.509937972955747, 109.84583603944115, 54.74144451669635, 3.128248542587819, 37.37598380265252, 53.613809280613026, 56.08973411986316, -16.350802382293562, 57.5550887133911, -72.35966235723885, 66.8719542502105, -24.741411026827397, -8.867884772008571, -150.2962866572369, 61.389633344136755, 83.82839841082877, 61.64134676303772, -25.8687333956445, 33.54801292810908, 3.657979406002468, -85.78018263774507, 84.82357975493228, 63.52510462184788, 6.709628552025715, -58.39208657923885, 1.6594706696153336, -49.11528370491093, 126.40289591544479, 65.90937386876392, -52.08376309813613, 184.3383987437979, 5.457437015952704, 60.70309984905748, 6.6389183869932396], [4.946039879013813, 76.28158103799308, -3.462281405242134, 12.109879246315407, -30.62427719860103, -82.97614089056219, -58.68127197251344, -111.32526060518808, 50.531837639084465, -111.574649813188, 90.72006042205065, -23.3842356132122, -104.0399772536932, 1.8543002725307587, 64.5587619583629, 40.67378566335844, -103.0788280992835, 780.6282834382243, 82.43653530632037, 8.198192522282191, 40.91158532206465, -56.67837447816791, -120.03325512586352, -5.259546901965676, 11.364480642775067, -44.61482137420203, 25.37496536208044, -54.22821276442414, -16.364716753815493, 51.19356650778094, 79.05084261336647, -129.37605963450417, 49.02801327370295, -64.09214799190435, -8.174662632344617, 58.192727017294885, -44.55631233322556, -2.8516309418372967, 38.46588444936222, -49.30519731146983, 39.521531194409455, -31.5927548471519, 36.60924097188645, -32.09197689089241, 181.55705356967223, -13.109637070728981, 2.2617600736870327, 23.82838561550217, 61.4445367089807, 108.6506675469133, -112.0136119321441, 41.56069276266688, 50.99296543704803, -10.364588272469593, -26.03197927490508, -62.991092510780156, 23.82033704227433, 2.9178626762447695, -45.367903524674915, 111.5099270000246, 56.831079320228405, 103.74396692968956, -51.04556319193941, -0.03746046391897662, 79.2716385146111, 15.105296571320567, -32.64418422667327, -42.98328076521405, -89.61350459053727, 64.37349883360736, -17.787076465050085, -25.25716250691181, 102.56599840469406, 88.85125492997055, 17.21112555779861, 173.1216290886629, -3.3314164063828584, -1.128574301304981, -71.66618239765883, -43.75447166267363, 168.28919886441915, 22.905775547399973, 113.00276090315991, -61.209660262954614, -54.04261733061303, 14.487158228096648, 235.27330198886455, 41.89585455404517, 30.470638025572878, -13.051953838967266, -76.58616325586497, -4.683453674962239, 55.86305223022223, -95.90303935041949, -80.49996614095735, -42.78969854430734, 84.83923064867282, -39.722906781027525, 84.73438912260468, -56.21621885050893], [83.44342706792447, -59.82248889375698, 22.865300978779484, 19.311985375526064, 123.68105521417668, 21.05993948580887, 13.258158212041534, -103.79415189857083, 12.430193822875179, 96.51270181703121, -18.335528173787484, -7.321406734842726, -5.053998154536774, -11.84360479931772, 20.298768030828455, -57.665169790093195, -66.8701803808349, 82.43653530632037, 728.3017810365438, 79.76390711233903, -45.226359043333616, -81.7115298878289, 97.37797066406871, -2.617501789467725, 52.1468459361471, -250.41059554836207, -45.32828327240869, 23.71609390515768, 18.079569697728207, 215.26741454736194, 69.51749706437847, -45.29360338039948, 18.254551977052017, -94.13028442916435, 10.20500833451577, -15.466837531401769, -191.67117380353295, -55.480502678996444, -130.8291706899084, -2.6671917378738947, 34.33044207828057, -85.22660191006304, 79.07308885548898, 23.409710946071232, -15.796689144127186, 33.12109569223624, -48.98383880343837, 95.51807824770368, 18.95544160410906, 16.66461178631685, -31.93189278980823, -41.23877728622483, -34.16393754503843, -206.34592241456258, -87.37853441499378, -27.79253331910823, 115.74493623023024, 110.19767694083185, 34.3184426821047, -92.61591479709145, -54.59533926914884, 97.90320428744634, 49.748640653594585, -52.12088391992478, 14.577213460083954, -58.07938529701245, -34.337800872246994, 20.06927061744117, 48.096278821691804, 66.13962516300892, -55.88364532738038, 14.79438137972342, -12.36637075268932, 54.10351612729298, 19.12133188741825, -93.15523321225703, -21.619335655547964, 47.09860866792976, -42.90650585809906, -86.30473651904515, 171.12791840889773, -145.91969118133994, 77.07136757047458, 73.16512790768542, -131.4555872157556, -32.59880576892045, -79.39354491868443, 47.88295284084338, -67.04810919608185, 35.42835311156732, 80.9897783319163, 45.35682837283845, 97.5991670766877, 38.24126908580883, 54.3361545718733, 75.88722328008555, 4.482393539436867, 99.7610040820013, -115.07332485098993, -24.856958548248112], [-70.0122186202053, 126.1011857324409, -54.795881966374054, -29.42870310319627, 80.49377628155436, 85.65378719994776, 63.4462603855805, 51.25288788508856, 24.367272174919897, -96.58102900838159, 89.84877762121488, 4.346816474941924, -15.850400518589089, -131.22943763068707, 3.01422934488833, -174.18674128066837, 91.10601056081848, 8.198192522282191, 79.76390711233903, 778.88064957876, -72.46797356859588, -63.41900220642853, 18.937883533862678, 40.176010838191985, 118.03841564272402, 20.618955423403015, -11.51284999573444, -49.57990856475832, -17.21880088050521, 58.21562431817026, -156.33050472722124, 45.03623537818776, -32.97716288052676, -51.8027383160602, -124.14068309715493, -33.811232289952706, -75.65647461221143, -55.849591690228856, -25.538925565058754, -150.75087199430115, -130.40628340140202, -25.131238783440875, 49.60113746259684, 24.15996922457243, -86.17287901289805, 26.87154177636109, -115.8300209575215, 96.15627990715544, 125.08997657830794, -32.403811152702545, -5.381748235781482, -81.6889163816263, -34.85098766738791, -100.21947795740833, -1.2209056920669623, -95.7765137659201, 112.95028022609002, -2.2616675075776556, 190.23274953676986, 22.78785992217211, 102.10407879610199, 82.56122958750967, 2.516732000550862, -71.76758017089008, -67.3489455922199, 115.32902901705634, 89.26549649258172, 56.01779336093596, 33.06732600791144, -50.212390645558635, -49.41901089620012, 41.09070267236764, -41.03293624775807, -52.555890198445425, 67.03823272070962, -36.85739401758345, 55.589071735675475, -123.67657650771532, -8.94159837913506, 63.85394851295288, -5.398150371797019, 66.3727235937743, 23.79272340755005, 100.6629222970451, -151.83950509125427, -63.331745243194725, 41.27278252162868, 190.87303710824568, 60.26748068379872, -13.365301824948961, -155.72020563932233, -131.90270857458378, -24.496861834011398, -16.44202516003072, -19.293264773970403, 58.74611978615414, 162.83841061106267, 47.814968565773704, -91.7850270977488, -87.2104987877873], [23.461639176990964, -108.09776782048911, -29.600960350796072, -26.412119621550154, -9.914828840033378, -146.71520187812914, 152.37145680944505, 100.71988016563121, -78.86460642335418, -7.134584251758865, -108.5606087167986, 8.59279827264207, -44.5086500275033, -28.694799318054038, 12.710193358349082, -24.773310922893703, 27.83412