{"N": 100, "M": 8, "A": [[[790.5583862491695, -67.82173592980642, -160.38898070484723, -93.95402368590109, -105.86060295714253, 18.59937690219469, -50.76106343842376, -2.989306671986049, 113.12274669290665, -47.77997948151505, -79.39363387503754, -107.4360179424034, 13.83219150456685, 60.27931240079322, -37.37020717357192, 77.641388010051, -83.44044375122706, -91.37496229749235, -60.58802271461103, -55.72803562129964, 72.49778916108369, 1.407141195467064, -52.89275699190247, -27.929127013440922, -60.86540846760479, -20.96864300028301, -7.105571775625609, -31.435717418024176, 85.04690771007378, 185.61046217419576, 7.680381203124287, -29.418682415461294, -50.59620765138657, 86.16667449224119, 21.34590147537374, -6.619925442444206, 99.4434839915704, 218.23010774300653, 100.61764779739053, 75.02645586136713, -49.67735140373105, 97.76058315720344, -148.17355920669144, -139.71661546818584, 101.45469472498341, 67.92761042009658, -49.09832168503586, 124.80953679274762, -31.678400256583462, -140.61366133696453, -62.257044419047254, -18.929739636296155, 94.94719699350307, -8.950587134311153, 43.54062440326346, 89.5948334342998, 112.89864606592732, 48.020170547096804, 23.762767189443906, 47.48430644148442, -6.166199808145411, -1.5151695810997283, 46.57131837679901, 36.43975524375933, 19.021160053921374, 9.868759196507147, -17.646349730831187, 132.77349524565162, -88.4195526193701, 18.519400358949973, 105.13555107687263, 74.3407382062884, 14.109052926386951, 34.971808234708355, 74.88574254466563, 84.42356347097589, 73.87227270507768, -0.8569723314677727, -89.30261334867384, -73.86481809730253, 47.03257080131602, -9.570157197193792, -27.9845575628657, -21.557369222686432, 67.84500008191907, 82.28746564414003, 4.273459372879802, -24.174209414431033, 51.4414309167395, -12.392866375659931, -50.448114075499966, 16.79610576002365, 14.433970452398029, -129.2039260964359, -34.806871412598724, -61.64874139206551, 98.8315059090353, -127.05963120216278, 35.84841138312445, -38.9903242009768], [-67.82173592980642, 673.0535095315687, -6.975354907765592, 59.863606668586684, 133.21195007910472, 73.71118742500369, -99.63798893508402, 20.928509600229695, 0.908494718956742, 32.43574141358191, 10.042364341604406, 57.89085785598617, 15.814677240374532, -29.095323842752155, -82.91655000927095, 95.45129393095492, -53.38878042781888, 56.606765589566194, -20.38430884199324, -47.002001080060666, -103.05749961735256, 3.6255879396889314, -12.536977621088376, -1.5629509724973283, 221.82301377920493, 24.51266713356276, 43.863185601284115, -66.55705214916878, -57.85200593538916, -12.669006041923346, -102.48176648740001, -67.39954352529466, 5.180351052929393, -36.2211438145619, -66.4613548040157, -105.96686142168753, 35.48192800469408, 17.27865915864041, 30.477426729917827, -157.24286868996046, -6.624483744633777, 49.345488802599924, -156.7355019411048, 14.266621476511261, 58.39758042296935, 26.709703149661113, -15.114809391916095, -49.888322962309566, 56.85802097136056, -6.4843127667426534, -13.328716340240385, -78.6468686603847, 17.149428719016697, 62.19153087248358, -64.74212144630805, 25.90740573999699, -48.688466653858264, -59.65633097842366, -37.09615634575764, -110.5123515795748, -15.642765385290776, 37.72493803900041, -2.8521975304151135, -220.482048741533, 17.054278414587316, -23.675815934855038, 20.340353270039508, 2.1415128181043994, 37.78864682257375, 100.66702269658104, 58.876634548672065, -92.23387248570673, 46.48878304276592, -2.1077823600172336, 31.1943488973374, -17.95307683665574, -90.08521888168818, -3.109471336094895, 59.459651984974414, 46.87736125016792, 72.18972239547038, 13.221344900031939, -45.8841178060266, 55.94322352083841, -5.969814094512408, -32.45768055682917, -231.94628941620496, -27.004234375421003, 87.83674366296619, -8.698448656677781, -74.93220291683058, 54.48401997329342, 9.118007636948368, -68.23628067891778, 6.450348977143901, -68.40303484512532, 25.357010356366708, 56.86572218549124, -35.90909551381485, 31.31582967867952], [-160.38898070484723, -6.975354907765592, 808.1914267660582, 76.28539494105136, 94.30640369090575, -119.02098738448612, 40.369895909125724, 53.60691727717146, 48.227057202812226, -50.51728031949469, 37.14611205643537, 79.24462477724626, -17.46138548272491, -18.139315016590473, 114.59285133454925, -124.74227793430046, -135.52124228569448, -102.0730242280341, 52.70175727866878, 19.033739729576293, 62.76095739548908, -60.9458814023107, -69.8257655294359, 14.436532528953538, -38.57951259208892, 86.6570807619904, 71.33522664880118, -67.47506946716392, -68.04039288178858, -89.55935047920407, 76.79946684980986, 56.34678285423358, 27.392781104881756, 16.59307921011938, -89.34004671030316, 115.31280122385091, -39.491707427289036, -73.33087281880525, -62.428802822285896, -24.024581798604398, 22.54497916032482, 76.32423813540642, -179.70336251758212, -4.964618671255232, -29.035015689422984, 32.615064480876015, 48.86297829895694, 19.477384378109715, -44.2984166866077, -123.52725647956377, 75.37093077402743, -8.288176230853374, -96.46941242172295, -21.52440757964595, 47.72110736629262, -71.64826404308809, 41.068634207042024, -10.12341657120141, -169.24199097203316, -76.04231682410999, -46.8064291744135, 23.088479952783338, 23.20926835955179, -99.32909973722201, -54.369905316230714, 138.12390525568068, -56.995639219684264, 69.53778297285749, -35.659105113876755, -31.517424365035485, -83.15574483470895, 11.339958654304327, -48.110911943260184, -110.05588045751169, 85.735465441164, 34.7355664371675, -112.29360691490365, 7.145384457771493, -113.86037803588249, 17.052891885633834, 2.4265931316755722, -8.374745509967372, -22.603556736847267, 119.80098977201887, 75.17344336908297, -21.397923548483885, 0.751823140284839, 180.69401537377166, -151.95166086743916, -44.548805391866026, 75.8223233024179, -136.78579533078917, -44.670305528312795, -8.498605001790514, -11.54580902099933, 57.985359727035494, -130.7062852212675, -35.807625565472016, -16.12737759393562, 26.87293327850922], [-93.95402368590109, 59.863606668586684, 76.28539494105136, 742.9809819598565, 66.54763488502788, 68.2557426087729, -61.16154383592734, 26.414022136962938, 2.612489860269853, -36.07339623508186, -199.62020559967084, 25.581077541880155, 41.29559257516475, 89.88418323947911, 14.944292410929833, 96.77386764938461, -49.97186099056323, 45.95835302816897, -78.35018878388115, -47.398127058593595, 83.63871723351657, 0.2129363219544896, -22.326830454105323, 119.9985050387947, 21.752128184721293, 24.242152765801, 104.88171009073938, -93.6717406042153, -3.175855044275698, 8.963116699125491, 166.22451029867517, -85.8006863843425, 53.15641540906314, 112.20824516835998, -60.73051992434889, 27.840832740823654, 0.8353554454015941, -167.5119437566728, 36.24210179344831, -51.01960977096554, -91.38489158349557, 31.2404475262877, -71.6979536867407, -24.232750768728092, -59.87402414709734, 81.2798163334825, 23.007108339826036, -99.44405506172312, -4.076580543525491, 58.61274138692483, 19.706236172320725, 189.25150559237636, -150.43874649384776, 44.051344194369385, -9.61694082514326, 109.61103848521067, 47.07083856960309, 25.74715765081548, 16.85132459609516, 51.564785138876296, -6.907612559942587, -23.55847217860903, -174.9932911728831, -65.30315552188733, -11.485456692496845, 39.17852874148965, -57.614809272119906, 74.15743703047615, -10.608302512676687, 161.66404950013117, -103.1622715108873, -125.65138649826326, -75.23680938187998, -30.109477582400043, 80.20791111738757, 112.16270159998288, 42.352138192187546, 39.47382413945044, -5.120981989312469, 1.9719343234120126, 110.21459051838414, -3.0245665919424467, 73.41830395907475, -11.307751552573965, -46.222099528760104, 97.23105768162917, 79.25108923050176, 55.60124696439719, -83.03596115155045, -90.87827302945217, 0.40905437501283204, -47.71824630928581, 129.09719178928455, 47.286748472889954, 14.147999901396801, 17.636214669682442, 118.47516181979138, -53.404809447367114, -75.22262212594471, -15.826405578932018], [-105.86060295714253, 133.21195007910472, 94.30640369090575, 66.54763488502788, 712.7863448138953, 50.850324979707715, -20.866103843161763, 18.24349991943756, -102.98443994326692, 16.072077578204706, -59.04761639648437, 29.66682959551514, -14.290279226096832, -12.47124715559817, 19.24837775406853, 56.71322335027579, -11.333670948583139, 54.32106860897746, 155.65870316761837, 2.786269947920984, -6.359123712434413, -43.16598159775592, -51.26837711926611, 64.71999310955064, -5.629706384052642, 18.568358843795274, 44.554872610261846, 7.735692973410026, -89.34625391635295, 2.8114736066831636, 63.33567833792497, 24.165483080835255, 51.441487473498675, -10.107775947699528, 15.297990860692188, 6.512958818473323, -45.55198160813932, 140.00806693910837, -33.24832373748076, -76.97992549304993, 5.069085570896254, 59.76070940335131, 13.24235823159363, 18.949133371790477, 30.624654540311777, 24.55220419321061, -70.10058001030924, -150.04830706064263, 2.718725039690476, -84.34449959548881, -20.68393975977173, 20.857174498011222, 27.646257328313617, -109.23535284171882, 44.430222297667335, 8.459645480645287, -24.124227945053686, -11.686487979963237, -92.93081437701737, 35.03845083829944, -5.255827814766339, 79.24007679864837, -111.80480866812047, -149.01784164738243, 15.117424263268424, 126.37466624114244, 44.24221019276872, -13.504947987976058, 68.94873840281787, -21.296891288290123, -115.6870513510565, 19.293111622143723, -38.847867281502175, 53.01969722723856, -95.65242718501405, -122.1879039604784, 55.310585978430716, -11.535395681598548, 117.30025254798764, -9.910570826159258, 98.26449159114043, 72.58856162873174, 57.03655470689718, 92.21867869835387, -27.83780230739115, -34.18940880123304, -32.181875367295305, 18.831770267982886, 54.3065831076593, -49.1778101069177, 66.24873952446752, 56.67468448222695, 70.18521718451066, 30.870378599105223, 158.91407908978675, 25.66063408169909, 1.247312042714632, -7.784396657142699, 78.76206726617343, -16.072447087745463], [18.59937690219469, 73.71118742500369, -119.02098738448612, 68.2557426087729, 50.850324979707715, 1068.3379000498164, -13.604158046504573, -42.55647651589488, -8.823644935097253, -61.23106400618139, -197.80178537793068, -27.637384820331107, -56.83887462607872, 105.34929560631738, -61.81555528091257, 78.06308980969047, -21.57819657376306, -116.10581563391352, 60.93407742733618, 176.30790326187682, 55.36029803620647, 89.50935543812938, -47.19247996346592, -25.0123459474915, 34.47901996779006, 3.432835721259695, 134.4303142057915, -184.30358226918125, -37.988187220479034, 139.80992237749118, 48.6148163988049, -37.71663403339807, 67.1767655342901, 37.683954115148964, -80.79924279010392, 79.3225896469747, 67.7924739185741, -94.85562482732594, 101.69351551272993, 89.79294471858331, 27.097184986817194, 87.86316941519517, -62.62246818960048, 108.10211033439008, 56.211346466172614, -45.39274293720644, 14.874883032516895, -90.38747261138315, -9.884662511568191, -28.576301494358123, 5.541885134934356, 115.52794551578754, 15.025777138335712, 104.46655887274031, 37.291679645985916, 53.79308726268614, 84.79246360717636, -139.46237383500429, -83.28098465292149, 106.4227719302438, -95.81369446715568, 48.84043229007751, 108.86052364874715, 172.76601848920023, -54.589950440731364, -32.74901832228014, -110.2906109706278, 8.14094207550509, -5.143192557313596, -62.18561536009052, 19.300123050277666, 107.6046488125722, 50.65806764147372, -12.027884041931738, -194.34023079937833, -115.52755291764385, -14.904743654952936, -50.61903785510597, -28.85063998484488, -25.044300323475937, 78.1161844062894, 93.05826241456411, -19.59387416008783, 10.282098926233518, 158.4582011394197, -78.88762322345963, -113.07643284906896, -17.18061687127069, 65.62723447421453, 17.07497670999796, -66.45574835069738, 88.14011481926948, -46.644122735112376, -68.14694819709507, 119.6116182384701, 31.159977830776, 237.3033333216813, 48.02421564618611, -119.12825860927362, 28.80847776642905], [-50.76106343842376, -99.63798893508402, 40.369895909125724, -61.16154383592734, -20.866103843161763, -13.604158046504573, 703.9827687782177, 86.81717243820407, -89.06362680166498, 1.0483928491678427, -27.038830633840004, 51.76399072177527, 52.80397712941193, 69.74802332020958, 22.736369852971958, -32.36615162692768, -19.451217249974906, -83.51648908174009, 67.39367053856888, 21.71986206884264, 46.41211781991888, -38.04070602901129, 110.48882489055109, -104.07149670746142, 52.89774932524299, 34.171967622922544, 53.808730888939536, 104.69269678436017, 47.74259611934896, 28.28947719863132, -57.865459523520144, -9.803122212155191, 144.3487115549, -126.54104969131994, -18.20185199756029, 17.70608947217604, -102.50702899150285, -41.21870885702728, 33.57206694258178, 14.828944617925167, -84.01954976813958, 8.508091629021294, -70.95114290202372, 92.2752040391764, 57.23710480147239, 25.850525032553392, 105.786624818145, 53.167583180477216, 41.21257392669992, 37.952280839257654, -34.24478402838908, -2.661000398392186, -22.729187024380675, -30.952511098905003, -13.13742325921734, -12.205148254287366, -160.83335076006995, -56.0903673687999, -26.10329413121052, -39.557970692690034, 63.237394145820716, -161.64801584863207, 49.078765732294954, 86.39626925796176, -64.82115012521828, -0.4304261454514283, -59.776640549777916, 84.71447214771206, -15.26590466154955, -45.155325173629, -32.75478521393698, 73.15806662743093, -89.77952306483799, -104.27940600323998, 75.61461653195644, 12.056664444073496, -119.37012221574652, 15.27213783913359, 52.92707339668701, -56.73349107877463, 42.23442284800038, 11.57477609885222, -21.433065644998234, -15.012801278353773, -16.20449853590681, -11.195897263029254, -38.20783821201078, -9.602473141232718, -98.06555751852363, -21.996192938917513, -32.75201748361082, -1.7974072812826143, 65.95177383778162, 3.6682711070348413, 39.556827705019856, -14.215821084419678, -20.43078211957068, 80.20629307000881, 16.283043127206245, -72.6691499951029], [-2.989306671986049, 20.928509600229695, 53.60691727717146, 26.414022136962938, 18.24349991943756, -42.55647651589488, 86.81717243820407, 990.7898854770873, 28.960919300824745, -75.53583195089799, 9.862952274516577, -83.83283905959357, -120.28560559334728, -67.69593974597171, 15.715799878534774, -45.03497954468908, -114.27102658670024, -21.679518813732614, 40.262138989161684, 55.845105760703106, 44.219494868921636, -120.50704130973953, 78.68079185250875, 14.73179407811825, -29.733482788251745, 161.640250367281, 3.9372942552989723, 98.34083360449146, 76.86605501721512, 5.610928852671419, 44.40280470400683, -3.6590216283892394, 13.090497143865816, -8.659540929223482, -33.72017419068954, -133.29804743502302, -86.13016945533883, 9.353256043002327, 2.9018355957338238, -42.82822609395844, -44.73305401037577, 70.6385182267792, -32.05303044953476, 134.45678899630596, -81.12130220535627, 85.45004943219682, -33.5079043885503, 87.87788864621851, 23.376770384103185, -116.73504343223429, -127.28050881247998, -73.14150413331453, 97.7476615180777, -32.32012410117362, -13.204351837206227, 180.28654016719065, -48.55527186389841, -13.646612673064835, 34.69755666592037, 86.36337133762484, -51.945343739793586, -19.6701680059432, -90.92677431614192, 73.52308373035173, 18.045625667745007, 134.0839148269173, 48.81044849154846, 73.2935735011702, 114.32175187554068, -62.470525834145036, 55.710281136806096, -6.265943273851494, -80.61127251320966, 6.7860125831894065, -105.45154304425577, 50.27755167401611, -54.969067260598976, 171.75287473265624, -64.15969708337593, -6.357136205825538, 23.58500276292207, 70.27251238759855, -55.17096514661033, -54.55423983991026, -64.67153116871782, -105.5702506761183, 61.565393499012806, -77.24508120589398, 102.21633673384123, -90.97827509589497, -111.2468929527174, 23.36896757133006, -74.62644465746223, -98.8122756907226, 116.26311619072528, 19.601485942850438, 45.32761774074568, 1.388687028302791, -59.3981201237893, 155.77606722349614], [113.12274669290665, 0.908494718956742, 48.227057202812226, 2.612489860269853, -102.98443994326692, -8.823644935097253, -89.06362680166498, 28.960919300824745, 762.7316524118302, -45.345853885861295, 45.18712059272075, 33.126180694984825, -64.41820482308859, -124.23999807780753, 70.12221944199835, 2.046939520380539, -14.584924490028069, -85.0691441492444, -56.93385525244453, 73.80884807954024, -84.06238304757412, -28.919923971580705, -22.280485887092254, -69.84637221565303, 25.725900989707277, 61.104742296694646, 56.29520683929093, -129.02622927560722, 108.56423302635515, 46.66085916572777, 32.414460279741405, -63.723375229263006, 1.0707070504611593, 27.610831241091685, -65.53185305358092, -24.56362215453364, -52.26174798969325, 0.6842203101244151, -40.01234665199623, 156.34877904570527, 22.89836646688799, 93.87254717049153, -24.40801341327736, -141.60210830907243, 38.293008237643534, 19.43954284843573, 26.24917442190074, -122.53660803826611, -20.322179879845915, 31.181142345086812, 32.30401888589081, 102.29130069199206, -63.9575575391345, 100.61397618865617, -19.751962087764717, -18.178494838181877, 135.42533634115597, 77.40229743519481, -44.6604618305459, 7.343184402596784, -8.865521545716978, 102.43436260005332, 3.666722850990701, -77.35401218685176, 63.730183305680406, -25.130981412516764, -194.33334204447615, -7.08200733589256, -0.45675677245726265, -19.544668456882878, 83.7779316021196, 141.9366563155818, -10.358341870310607, 99.86875602813363, -76.95315103338925, 185.46308836247152, -37.723130376529014, 75.41131562605632, -49.63908442296025, 58.615116558411856, -11.92997489653592, -77.03320144325839, -4.2385883381596, 163.45555182341067, -46.083085887731464, -34.377296765915375, 41.0195755936364, 7.980755358986774, -107.72333216212401, -57.93809910269956, -140.69932336368396, 10.919449621567919, -37.24757989813382, 35.01221462076846, -30.010110446047022, 0.3388178169547914, 63.75196840184236, 40.86503562255839, 144.06999181851333, 70.13543543201499], [-47.77997948151505, 32.43574141358191, -50.51728031949469, -36.07339623508186, 16.072077578204706, -61.23106400618139, 1.0483928491678427, -75.53583195089799, -45.345853885861295, 690.153902342898, 125.50789247443495, -2.7800660280732417, 35.43670668923125, 7.5063756078969694, 71.59364940732111, -68.50036995229398, 54.4791582332185, 3.085486948707438, -61.0077096538718, 41.186406935901324, -72.59104285537025, -42.125447242508855, -0.2700565995814156, 11.749492334432736, 2.696406838015907, 38.69497992465807, 23.161070837459892, -131.66213189725502, 32.378370987702766, 76.56948040069962, 44.92334324774095, -60.69329181068054, 52.50389785560869, 85.076135532413, -48.576917106009105, -87.84748739075283, 31.634463185880428, 128.8473550218734, 56.39705115748163, 84.16484727858597, -28.42229331310788, -17.86932970729372, -28.26694556641053, 82.31408281352847, -4.011477625359249, -50.72697299242478, -53.42403326574483, 101.33831431852792, 59.40302040217748, 14.567159571895207, 22.105250729537065, 57.26843761325164, 2.700553512386467, -55.433838365800646, 66.22385847729825, -84.52976120981319, 43.4868289901874, -56.62665321607496, 22.27846342253785, 74.72549982032237, -126.07056915574181, 156.01111681459386, -42.941105470317986, 15.650118780476072, -34.37645593684994, -100.94432944670974, -39.29406494967632, 39.92987431178118, 103.06059701483376, 93.80916547835734, 14.830124446225833, 18.800804592775457, 86.15766756942847, 89.29837189700865, -135.6614425921046, 23.867546225637096, -51.06849715421734, -84.76485646700029, -37.92829794213428, 73.2350869849897, 76.71229440535195, -38.830957432774774, 122.51746459177376, -71.39198769000555, -64.6971105449089, -93.87635712980013, 31.564356435255075, 1.5344428159005283, 54.36210546775676, 80.48405019357995, 6.81743181454348, 4.180070723495833, -29.633890998469603, -35.47317214805758, -68.01408899119373, 77.84810638639479, 10.049229049262765, 95.55821364293934, 12.537376661606523, 34.6290019049869], [-79.39363387503754, 10.042364341604406, 37.14611205643537, -199.62020559967084, -59.04761639648437, -197.80178537793068, -27.038830633840004, 9.862952274516577, 45.18712059272075, 125.50789247443495, 798.481817613879, 108.18962813694914, -44.776977105772794, 45.4364773366402, -84.35927294958337, 12.969501083425383, 51.1213875605088, -85.9105169622431, 56.62999246655601, -74.05907680054814, 135.56425216696255, 66.295076541337, 63.25207190160272, 6.036163588328047, 30.44818656538614, 95.07793220122011, -163.07859637168295, 145.00069080289043, 10.171572552506532, 19.291709324281513, -7.436423866460577, 11.341433660559861, -48.66224947957702, -27.144866749794737, -81.6390831522553, 68.05452654088872, -80.8601258269323, -123.76757950675336, -114.04619155269526, -24.36880814980384, 11.056980671300831, 1.9005913943020838, -57.91218957570311, 8.799592036732609, -42.54234884636176, -165.90651289239253, -140.37232858509367, 109.41877806772837, -54.31202378050189, 1.1083767621971186, 29.969836615842535, -57.373784402896156, -5.565183514983454, -50.31899411541759, -33.74022039419578, -107.23062689795944, 79.1677658534744, -24.79593262150678, 80.62085888770824, 79.37567044279649, -54.29284688533459, -113.5945918414316, 60.76153684813056, -134.8222009867225, 44.37397504915972, -24.887084292627023, -44.53900785218283, -89.28261354772418, 104.81899208832735, 13.636292556253226, 1.363305240703316, 45.45528100272985, -0.18720671924363427, 60.7542358047905, -146.82815339636474, 2.657064280204473, -80.7060931441757, -49.69852748290492, 45.21019116890442, 191.00493749803732, -17.852250702160486, -140.82523295472274, -48.65567940010202, -30.976416813340197, -179.87054995504135, -9.744697265863266, -61.67248833176087, -117.05858038280844, -83.9543157256518, -64.93763246587726, 36.78825820705704, -15.528825205947872, -45.07051056919084, 16.170484064890942, -113.03198751094732, 22.422255712474886, 9.284705293097335, -17.446944021318295, -70.81368823154226, 58.47032463494472], [-107.4360179424034, 57.89085785598617, 79.24462477724626, 25.581077541880155, 29.66682959551514, -27.637384820331107, 51.76399072177527, -83.83283905959357, 33.126180694984825, -2.7800660280732417, 108.18962813694914, 697.4682629503483, -20.772328277922263, 54.2233732751863, 61.442697654000774, -198.0537579626699, -41.88279946034942, -57.06057112894421, -68.06623033086133, 1.7871613131758055, -59.177858545245414, -19.46658235763742, 82.01635231372843, 24.528462523111063, 126.79440008805912, -36.41165345908527, 128.96088727421193, -82.64171239565155, 56.58841637228189, -10.066643936496328, -73.99215839781975, 27.818085706063258, 125.42440850705941, -29.54495059244294, -45.812167028405966, -69.78275826692577, -17.184255708418654, 28.581086256119022, -23.896989533355093, -182.7730728835145, -47.53546901698719, 29.879140119764337, -15.183844432831949, -101.63768946664179, 83.85531005122247, 82.8294588902759, 39.23074945073516, -20.388978285486154, 14.597132778988037, 119.31167949234104, 72.07018802432194, -58.6875638102297, -23.895869265873536, -52.01885663464323, 58.273539843416216, 69.95766761804401, -104.23135529740608, -85.35516982187168, -64.7174311484234, -99.65885160724147, 30.8179677985198, -127.38573413250477, 72.62942019579465, -90.499368818468, 18.109134169220724, -38.025059087747636, -65.74837248238008, 55.710705651548736, -3.924860312248545, -13.635640282975604, 23.971159907870096, 15.336278113495437, 21.00159050449628, -27.093110591288156, -68.3254391234306, -7.9190137386403325, 61.75828130759107, -65.7277168633954, 144.94581778151894, -74.57302175140997, 40.50721252170163, 35.0612787710767, 0.2613672224676885, 41.7976766027039, -41.889594818147536, 34.27354731826285, -85.35784776789134, 5.221218759439364, -77.72607112356935, 34.54057595177988, 38.56413430540327, 90.67633384320594, -6.961728613150433, -69.87819159952952, 22.089391756755127, 67.20743085468355, -69.27031011902473, 71.18648511916736, -2.2327681333196474, -74.60604328641857], [13.83219150456685, 15.814677240374532, -17.46138548272491, 41.29559257516475, -14.290279226096832, -56.83887462607872, 52.80397712941193, -120.28560559334728, -64.41820482308859, 35.43670668923125, -44.776977105772794, -20.772328277922263, 621.4650655228439, -36.13284683053301, 41.48969321301747, -51.63421678913866, 40.404900823699535, 19.879289866529533, -12.862896364511005, -142.89187734175192, 5.914311590184003, 53.08653816890981, 64.55645923100184, -113.39782046198184, 82.32655033313776, -18.725437242352164, -15.857335847277223, -47.80785790831947, 118.45451419842537, -60.889086147155396, 19.428965485880067, -171.12732114515026, -13.093413837671326, 77.67453864396056, -116.75077804448242, 53.842723823343604, -28.545740906202738, -89.19651221382452, -90.14777385894331, -108.54902626680159, -1.0476010540892702, -88.74965802775336, 0.8568127171893353, 115.93326907129645, -3.887708028253083, -74.65470159012784, 77.04988112651685, -24.95077620449251, 149.04866099172992, -32.57561848348124, 7.02976229654698, 22.05162595046499, 37.101652469029126, -159.5021983718095, -27.268932781804832, -120.6074022452424, 31.91435575087658, 31.23155190348369, -2.07397217336854, -0.3923334666203963, -43.896485361756866, -43.38197098494413, -22.33263635121581, 34.02733868199113, 27.015230386305877, -39.11188328149319, -23.250245560696502, 37.86371238479066, -103.7135903938309, 33.73841017967259, -5.968078365470185, -53.928268315025264, 89.54624925948823, 140.5698356117383, -44.39066354857208, -7.559271379565927, -41.695811814848426, -12.527438167603238, 2.1327763292155817, -68.57816931799695, 21.244957908980243, 15.174822835869326, 15.610279434856375, -44.89312078688792, 131.96921080536762, 196.83402087497547, 27.153732643771562, -61.438900725953, -17.782156949431872, 63.188613969013126, 149.1356746912016, 107.91328972407429, 81.81781132773106, 91.8524767607904, 59.12526267021143, -111.48601100049393, -8.138776695065525, -5.680738435437391, -6.641761017331717, 11.333711713137774], [60.27931240079322, -29.095323842752155, -18.139315016590473, 89.88418323947911, -12.47124715559817, 105.34929560631738, 69.74802332020958, -67.69593974597171, -124.23999807780753, 7.5063756078969694, 45.4364773366402, 54.2233732751863, -36.13284683053301, 865.2992307749284, 9.72974590813814, 27.36442301558959, 82.63667566510298, -96.64780984000174, -97.84198576464766, -74.2044479083811, -115.12946578963282, 41.671079883883436, 83.97927983931064, -3.8683883537120924, 39.309518578483875, 75.28232598822413, 32.97217614656574, -63.67818188195717, -20.304234586851134, 129.85376339445492, 38.905770609398196, 37.215924666248995, -54.49039878414438, -83.72205952830393, 67.24822870266195, -7.617719823767179, 30.456449132726245, 50.6099589829068, 24.69700075490732, 116.85064857741641, -11.687448459441397, -5.972190768464436, -103.38052625022748, 74.76911066705746, 87.35443901541235, 118.09900545182435, 211.630763695114, 169.2205281610592, -81.26924018123479, -4.415022222103455, -60.65724659941065, -124.97063496370741, -80.74733973087865, 52.138592288289566, 39.063000782216534, -33.581414489214026, -57.15045672271465, -28.721814941735772, -52.011849128414816, -8.947575915964501, 6.524107659259357, -92.32778016907297, 106.08150124998541, -97.24763230640666, -106.33252710757989, -35.06274664371909, -91.89369400842725, -41.56397960775799, 7.600738781619812, 2.2555104763158194, -119.22477925668198, -105.11807239417621, -92.86994830988087, -62.081289748025114, -15.487071114414565, -152.35441507606285, 161.1728169540335, 79.97793519326021, -103.99734650130844, 11.60383263947711, 21.737574187943476, -54.139471849751544, 18.726253579510523, 55.29582892504503, -23.57457241040318, -119.6165729275273, 44.87989751280684, 1.0910368543041387, -38.114406320804754, -18.792193877267778, 29.16390092704346, -33.90678858642221, 1.6775735039883775, 64.93585572376108, 9.30996481055907, -70.03157791101556, 33.489812449497144, 74.60154123447427, 7.376355124330121, 23.531992011062474], [-37.37020717357192, -82.91655000927095, 114.59285133454925, 14.944292410929833, 19.24837775406853, -61.81555528091257, 22.736369852971958, 15.715799878534774, 70.12221944199835, 71.59364940732111, -84.35927294958337, 61.442697654000774, 41.48969321301747, 9.72974590813814, 802.352418690735, -177.6732970311277, 57.541404930536686, 51.044156079527156, 56.70079721839627, 115.95792524012704, 3.865575955945495, -67.27588832683816, -91.58178092750165, 23.126277525169606, 53.992067758079074, 28.815627907054683, -107.39061820539872, -113.73025487882238, 50.21467871196907, -55.385007670875055, 130.577220280111, -109.93877969863736, 42.702044689032036, -129.55179219688924, -101.19052315779376, -3.9342962784194975, -201.69336387157236, 53.07759338075014, 15.842896568266744, 125.24267426962295, 58.40998560589318, 14.744078283234916, 55.54064529680538, -20.648576955365332, 84.11596178180632, 14.268445616103662, -21.391884058615318, 83.50501041214002, -89.16572389682837, 35.18152629431626, 83.23309277415885, 12.497195940222541, 69.41219688844474, -44.137342334977475, 6.000074224284095, -53.00594227363988, -90.0736208704866, 12.953942722990877, -75.74408411242246, 69.80968334916437, -66.34266840338925, -3.5746676320882624, 11.997695948872757, 53.4994057663653, -41.28330375149202, 47.22851722050252, -35.99923213288754, -4.648644336774335, 94.90013480604776, -59.3941270667163, -31.098035629421226, 6.391606685748123, -91.10204553604636, 70.18182805465297, 112.97167224081528, -6.442369194806069, 24.193904587680564, 12.656986309478993, -190.9148422203822, 130.3282532132986, -65.82684011093001, 91.78721805335822, -31.16976235319309, 9.040309132138274, 195.77011053776604, -95.90419908234291, -97.70241469681915, 120.24736785075926, -52.38750155811317, 11.68024238442315, 23.627726447736684, 39.53162879358484, -64.84396922962017, -84.32044137776977, -29.501352066852952, 18.639890721396284, -8.864065664170553, 130.5603274251252, -86.87376067280317, -15.085680976138251], [77.641388010051, 95.45129393095492, -124.74227793430046, 96.77386764938461, 56.71322335027579, 78.06308980969047, -32.36615162692768, -45.03497954468908, 2.046939520380539, -68.50036995229398, 12.969501083425383, -198.0537579626699, -51.63421678913866, 27.36442301558959, -177.6732970311277, 960.9824240638367, -90.26729786730372, -69.8860853795955, -27.68330238525672, 136.7912988427024, 97.0360510167059, 75.39316822597652, 18.1060985357739, 46.20853562233697, 96.68383517180199, -109.11134203332878, -17.556677655311784, 80.5419341387811, -26.0593873432152, -61.871615755303885, 26.59779477595263, -62.386829980112495, 1.1217593720976125, 15.958626353194488, 62.83103662146648, 24.258314433862814, -91.88940806166511, -10.128176357019449, 98.64943452084097, 138.81595842981724, 90.20961179659402, -55.554665015426956, -24.577033903031122, 5.458632292093829, 57.260133492014084, 34.324966959736514, 33.93389675356683, -150.60883992047198, -19.940245722071555, 70.51797870946312, -107.87309773545061, 153.22295530116415, -53.46237471932421, 107.49483778022764, -62.6696513483817, -60.8893103444917, 69.71614286890863, 109.61413932121162, 43.92483644926491, 70.69891022071326, -3.2319549683552817, 157.0219486242217, 49.526544770073706, -75.53592083966196, 118.66198068770164, 176.38558049895448, 126.49610034252204, 27.69090032583572, -7.03494412853918, 114.21742660116988, 140.36390126054488, -76.04183609933644, -88.06726783329758, -37.86247545430653, 1.0185115678173708, 43.81898241750699, -105.05202863640527, 147.9466000630763, -191.97112244313476, -17.108646475735064, -34.204364180231416, -11.170344288549131, 17.71065830940108, 6.142020221229133, 48.32342101057838, 103.72770091632246, -120.70812819331653, -12.947281079023536, 205.29495092351436, -36.09396629379099, -44.185272380838306, 48.428768972019746, 101.95244788522373, 31.091058566671723, -73.90522299788245, -36.52811679224195, 156.88204325270138, 53.769395155165824, 46.11669062740012, -39.70219459594667], [-83.44044375122706, -53.38878042781888, -135.52124228569448, -49.97186099056323, -11.333670948583139, -21.57819657376306, -19.451217249974906, -114.27102658670024, -14.584924490028069, 54.4791582332185, 51.1213875605088, -41.88279946034942, 40.404900823699535, 82.63667566510298, 57.541404930536686, -90.26729786730372, 838.736220754238, 86.0079874544758, -112.5873106956342, -12.100264214400932, -43.786047099908494, -38.394218769368756, 11.741454606001613, -82.0431905716716, -2.5089453158606263, 117.5512251515514, -43.17492390922761, 67.42242267011133, 70.48282384337284, -91.85919850070812, -48.504345072017095, 69.00343834257981, -140.53011762062775, 30.489407906103114, 53.503059728597194, 9.649198816913252, -82.72365356630446, 105.99109471666151, 57.95495934621369, -9.571049016104295, -87.04205093518935, -55.98892335247619, 5.069680770794272, 13.611398223019783, 3.585879066768081, -124.98830189598493, 64.0325059212008, 20.812173183281065, -78.4325711308222, 37.845361021952364, 23.231069424309418, 127.23192872775257, 55.4121595220414, -62.25583785835967, -69.83550785508945, -37.33023605948723, 50.71693573723637, -33.44756975715253, -50.58917634509137, 96.89528360377837, -13.191311496315214, 60.131693772582885, -54.97055386404466, -8.08227118351603, -26.926860808815793, -175.3958584481569, -31.302706852688658, 13.650470178758816, 59.56315682184143, -57.843509406616725, -138.01527621619414, 17.96957164845336, 55.44455177311146, 74.4695979598252, -52.790608834856485, -127.80366233077154, 148.75809663615524, -0.44176472591608074, -148.17348387373315, -47.41632962104078, -116.75339884311674, -66.75163650009658, 22.525981911863745, -116.96586843459453, -33.62888181681841, -177.56852211656278, 155.9111510608553, 18.289182971388364, 73.81388914037979, 20.71286349809403, 56.19989249864696, -132.59142643695668, -78.83494737475287, 53.44674880168168, -66.11103325221764, 54.63843885481836, 8.570524434418536, -105.91678684677181, -48.33153382198706, -18.782435215390837], [-91.37496229749235, 56.606765589566194, -102.0730242280341, 45.95835302816897, 54.32106860897746, -116.10581563391352, -83.51648908174009, -21.679518813732614, -85.0691441492444, 3.085486948707438, -85.9105169622431, -57.06057112894421, 19.879289866529533, -96.64780984000174, 51.044156079527156, -69.8860853795955, 86.0079874544758, 829.0082610994119, -113.15066367404073, -87.69610681056332, -64.42830256111053, 26.923296704058163, -54.286965416268444, 22.208413281809825, -52.87621503708435, -96.76984923244025, 39.913054404943345, 78.71285741747305, -48.41004977283037, -76.18832262227224, -27.301288173446714, 56.5067057526505, 23.664694775392853, -19.0276940962047, -9.046878149518827, -47.91725682303842, -31.687477871411872, 163.86437177562325, 28.97138109433323, -50.70666444504921, 93.27775605180629, -174.40244728107626, 79.45820843999492, -57.32647753763832, -53.414177530250385, 31.59539599497331, -31.209063501262886, -45.497781298444416, 20.841938512527907, 21.643024140692486, 180.9660299410893, 23.230059158976122, -17.9814932286841, 94.03342413202924, -54.005113250766954, 63.37150776794262, -98.83866089349712, 73.29269294063505, -83.35921909469229, 79.90480676359996, -21.849367922784797, -52.332096629193686, -83.73098181672253, 14.671539944434395, 109.75234001317875, 0.3038517540997657, 85.50376395618926, -49.8405577297246, 66.19962877664219, 70.56948526159121, -80.09945947529563, -125.67041661094085, 81.92438571755757, -8.645382850799908, 106.3710076397179, -122.87193248780422, -31.089354922501258, 2.9892410615817155, 59.56070344482287, 78.23679345998278, -6.729556210654071, 77.4752144947245, -1.434766283012174, -5.750376659384604, 91.31010346850368, -28.529247758941896, -23.72528744372228, -179.8249305750726, 62.446659099620426, -24.200811431003586, 9.883166263892585, -174.99631298994834, -203.78718230817728, -58.17899907360352, -56.71642742475965, 53.70228088565176, 28.683841008302124, 44.22975711742614, -136.99222515173676, -41.17502330947543], [-60.58802271461103, -20.38430884199324, 52.70175727866878, -78.35018878388115, 155.65870316761837, 60.93407742733618, 67.39367053856888, 40.262138989161684, -56.93385525244453, -61.0077096538718, 56.62999246655601, -68.06623033086133, -12.862896364511005, -97.84198576464766, 56.70079721839627, -27.68330238525672, -112.5873106956342, -113.15066367404073, 752.5477406929044, -29.46168151536031, 133.68933923632602, -79.79704516045534, 67.21868278626374, 124.85283161929185, 65.72509583096404, 121.76877785627975, -75.47184402016974, -63.75353102269529, 6.342694904673394, 172.04575742384506, 18.873017718214907, -24.622704647667003, 104.23245902977256, -95.14537091277465, 1.6156312474878136, 2.9668932559331327, -39.588320613877535, 4.895146535648198, -64.99624094673301, 62.47947244924172, 43.124839406572065, 115.32839984978878, 68.74592188436715, -6.024001439948226, -8.628734798001162, -109.92912898746013, -26.20119765662063, -9.036401658143962, 91.08993011422706, -54.22867761053242, -22.575653317634945, -169.65447316375526, -24.105102082287367, -153.85438199780458, -21.344966187381434, -120.29107356329044, -11.007256568010838, 19.104501492230252, 31.95829161221515, -28.500025428038033, -19.274379421449133, -3.9879126148259205, -66.34386154441584, 98.69612691109008, -110.78863205621832, 114.69055442499744, -50.16691646983924, 12.402847428716232, 7.458074999332348, 74.41305239591311, 80.44868695515957, 31.66473914327423, -22.912756590944063, 30.490699551571748, -17.975873264857956, -36.971528585187244, -32.499355525302036, -61.129582127755405, 3.6113435032798833, 1.2585945633827782, 73.07352003692412, 9.66647823830866, 11.938476910073136, 2.1130758733864186, 10.364737125567062, 6.4737115194918635, -113.32643548072996, 94.14019629134899, 54.56878291425971, -37.079069094029755, -3.8866837563889725, 3.5472620321249058, 63.33076172668306, -2.021337678122249, -109.75455759228329, -77.28271012502142, 105.4922072904953, -45.27447402627402, 33.245845122798606, 74.26184295889031], [-55.72803562129964, -47.002001080060666, 19.033739729576293, -47.398127058593595, 2.786269947920984, 176.30790326187682, 21.71986206884264, 55.845105760703106, 73.80884807954024, 41.186406935901324, -74.05907680054814, 1.7871613131758055, -142.89187734175192, -74.2044479083811, 115.95792524012704, 136.7912988427024, -12.100264214400932, -87.69610681056332, -29.46168151536031, 843.153186323929, -25.39663107019466, -100.48669968369201, 14.207781719252049, -15.088981318173929, 61.42025820908045, -0.9857946383309667, -1.3459392301276085, 38.7690102623617, -44.68332066300545, 72.51221047398288, -151.75425998160634, -32.83786235134572, 134.22770086931416, -51.36229567286266, 147.16623630921617, -49.429503919343276, 23.345188786907414, 149.69081000887516, -15.456005114072877, 60.90827688839361, 5.798370273073461, 12.860223051289344, -40.325485290009304, 62.282064238517464, 9.76738547448067, 88.20248185351569, -58.69487721264026, -30.05778771068351, -82.3381100653234, -43.438719812815336, -130.88623862309788, 68.91917411833056, -7.495100123520501, 26.395898443052683, -16.214420313980682, -39.04733227068098, 45.60096276761233, 84.75621203068332, -80.10866689839966, 33.66464358377704, -4.360936947088647, 62.208622138025916, 83.32550354342087, 140.17577890590334, 121.30451162518251, 59.31291173344215, 174.05006194111385, -3.040275637587396, 66.36312833699431, -60.56431365244879, 114.79600364913797, -62.641622564047566, -59.14455129908925, -50.978603548862225, -39.01185154658987, 12.945058500059414, 119.40585099384704, 66.67079412975227, -10.783484489312723, 43.41356415674216, 43.712747526114676, 40.145991941425706, -52.500140321209486, 55.09879934918684, 45.22620577481151, -18.133787299449622, -40.576481422429715, 104.86833442034205, -47.00081846383858, -73.48794265002611, 25.516753324061565, -75.4592786588343, 79.11866767093467, -64.16671558778928, 4.209564945554052, -13.737138462619075, 80.49986181379609, 43.82152705662239, -69.6575488935965, -14.62854700415042], [72.49778916108369, -103.05749961735256, 62.76095739548908, 83.63871723351657, -6.359123712434413, 55.36029803620647, 46.41211781991888, 44.219494868921636, -84.06238304757412, -72.59104285537025, 135.56425216696255, -59.177858545245414, 5.914311590184003, -115.129465