{"N": 100, "M": 8, "A": [[[902.036601734044, -89.5155171610918, 40.848840959644924, -62.838883159946555, -36.815886665261175, -92.73586530043872, 67.19376927549487, -6.053947809929623, -8.046101533054784, -43.57254606099623, 55.02265517461666, 128.4290406524147, 30.84064968266279, -67.94182701204045, 88.70132408641545, 49.77201716608632, 109.86534368650737, -18.404508284062764, -58.3157975176887, -45.166730831425454, -54.43482015637742, 48.85109639099362, 38.28824070796768, -50.87422282650429, 88.2033726916903, 100.78817704963203, 41.90678976317801, 72.2179215110202, 47.60302572980623, -104.69608530827892, 129.27694261646215, 31.5532120471832, -2.4425644091433454, -65.26567706171352, -114.83791285113216, -63.86432833034654, 6.66602218126702, 36.74849645877325, 68.48011650281519, -20.73653678920633, 58.94883642768583, 99.08708348791212, 12.779376007046547, 152.2074027052372, 131.07851600245465, 78.33383176170453, -101.59220160340894, -103.84686084362858, -96.51665611224365, 26.645227303780107, 67.14154355741667, 37.40749055902194, -82.87853207036515, -36.374948272829506, 21.7323507393924, 19.973945905724637, 87.6019719821611, 29.868884490189206, 41.03978408588852, -36.817732382495535, 66.15967740826687, 91.49879290450042, 7.842000458148521, 31.623379388980965, 24.802846040793835, 29.3670453120233, -35.47429372543809, -98.62615171362303, 65.83986095010859, -75.88834811432068, -60.824531878686884, -10.477556432589736, -68.69891794167793, -84.38692921715932, -80.85414154262487, 56.27194331200138, 33.40423414241705, 61.96099978767696, 156.3878999357555, 5.512249377188537, 57.5900526856436, -24.182674824248096, -86.72055798842223, 26.39125895613171, -35.92156964306589, -37.53499268789394, 35.80591329118938, 89.28371305335578, -38.36507974728367, 17.76463914158125, -62.10075493885112, -22.21871097721145, -15.19748182557387, -155.6286548144811, 55.28351546171112, 53.03957978986833, 94.10828190684127, -66.76769655639586, -16.949579776166427, 153.21549399041467], [-89.5155171610918, 739.8088062503682, -41.384259769578655, -6.313123316142162, 84.62855572416845, -81.51856010694851, 70.19209152156914, 97.91059227042787, 82.6622602628836, 6.4330373958923275, -86.76874945446116, -15.044907532940817, 36.29482640811063, 16.249689266989865, -13.212648777667056, -23.985067784395284, -11.284613555280853, 15.94673059864288, -204.08281087995405, -9.724674243463646, 73.93760017296258, -28.00862060985769, -87.97971165057788, 119.27775412650286, 109.1321867963819, -72.40355467809076, -34.194978465108576, -35.66656564953625, 17.934516427243814, -34.08623222613792, 47.31624939382229, -70.16848874681216, -11.929253990901106, 27.05329581966143, 95.02633196013768, 80.04926092309137, -89.98945771933941, 125.14017876503347, -49.09206576864075, 58.3431245487012, 43.43612280755662, 21.69971034210611, -21.622985032687485, -20.346720621214793, -29.430725991258274, -91.21893108682131, 37.57134642209172, -57.86754734389806, 35.47120450199567, 53.8672692533068, -151.0263932439226, -20.37593454158209, -68.49302594123687, 104.84545262778536, 20.464330176066404, -88.18881034839447, 84.37410654434936, 114.10272232696667, -88.60732499507516, -14.164848908564519, 6.955095564094261, 26.672178895721007, 152.5243784205166, 6.139799304971183, 104.81537076011564, 71.58578358249726, 130.9432463649602, -24.044144207528557, 89.37374697508854, -89.02841315993791, 60.17001735784711, 50.21345828443176, 57.27482242032743, -18.853280098022434, -29.85579477995547, -2.460386323185345, -39.2012728217827, -118.78952792224925, -23.051337506107203, -25.06630852046977, -19.115782028528038, 2.3624649530798436, 9.25073375234148, 48.91590520042354, 3.8729279671089123, 44.67969397712424, -11.32173348946786, -117.47698036622403, 70.57596447007143, 30.208985466755966, 97.38086026077976, 37.2245415279358, 63.304910923023286, -15.876842214821705, 30.58311655308799, -11.127569724374919, -106.84004079215872, -27.746452547173657, -46.18261315292574, 103.07302444653561], [40.848840959644924, -41.384259769578655, 895.8533171831778, 5.475844109825447, 84.55301971146903, -148.43863476598645, -7.238888288902499, -33.655939251764835, 82.80706978921944, -179.66109143674962, -78.1998784775701, 50.48998008115429, -65.48942552834988, 11.62386091547906, 82.74380570297232, -34.77113734435674, 50.80103896649642, -60.171992149522715, -37.22245800700125, 82.17921504651821, -30.474014890912166, 29.50913997091681, 33.728211656432606, -144.435019216197, -113.70574550936387, 46.42030014371674, -49.275569582205925, -66.5900885677592, -0.1992371317385251, 27.15943126984736, -21.226965729725467, -45.948619707315984, 110.99239306227824, -47.45493880932163, 18.246264986845382, 144.47646698947247, 44.570773219150794, -21.66173950617856, -53.64850058598175, -58.09636299496459, 48.79541021597011, -139.81202937269535, 138.42168493413445, -43.90407836324161, -132.54630136918323, -3.770002643205197, 49.11836383364201, 27.54733028518592, -112.49857245851629, -27.42115728914981, -3.698275713418156, -14.074572304275755, 33.744464282332885, -115.32921375344749, 47.6679636138689, -32.900022188151134, -34.528514842677744, -3.311550451538493, 139.9776295555234, 54.872027132712006, 96.78809765940862, 47.843935630732574, -102.13449260036379, -69.57660590354155, -25.047370777076186, -66.84513796600437, -72.07161975409586, -28.791113754532343, 65.40935390686738, 49.721333167287455, 92.4667796613573, 16.363475107756116, 5.785578414624411, -35.17872691908678, 43.529482971289006, 37.179474107230696, 57.54023348515848, -55.90189027096247, 40.939561582093255, -135.59681561833384, 10.641781865039238, 4.729466510934491, 169.84749250673505, 69.13510511993225, 6.464931335362386, 45.0945520882768, 122.22889090952386, 139.49058212765854, -31.49059777172769, 23.991235231826252, 40.61350949378993, -54.38567466228938, -99.88859226377046, 15.266155343148135, -112.26139115076207, -56.49432001488632, -69.63772695337912, 13.508536852835174, 61.02201496485943, 74.32680594252972], [-62.838883159946555, -6.313123316142162, 5.475844109825447, 706.467408792913, 17.47093598514482, 81.87751256673599, -44.68490710600549, -13.832508988392892, 133.18946056010472, 64.90619771375823, 53.89759663591028, 2.652291994133353, 87.23291010621627, -79.07921209652355, -58.18305170216355, -49.15594498292758, -57.289729331959975, -28.126720999895163, 27.199763336517265, -36.979837401455256, 21.617702455473385, 34.06813265388218, -51.06837277539771, -57.28284823882457, -31.49711160941488, 8.391066393711629, -45.326629112325165, -1.8692318107551762, 116.69324059602785, 168.05676405603197, -25.355646408647733, 118.42068839254446, -99.47592127479211, -13.941503593465994, 117.82983459603486, -53.9760691661987, -69.26642892338015, -67.7822378513823, 19.085108976352117, 100.43032038141084, 28.097519812239845, 64.97130014693258, -73.01324017524337, 188.27231533854348, 35.09569176632239, -33.36839190502138, 73.35516475672561, 3.216698586643271, 7.827609016783893, -45.30031034780702, -30.067198880623636, -39.66226161477978, 25.362670179960947, 14.441449076949963, 65.46751052529623, -107.0845559753628, -1.2252009748002086, -53.08346399848118, 62.92767255331993, -47.446684559969064, -35.464720718755814, 41.3260097182123, -51.818269780045185, 96.51290222994832, -99.44566715332661, -75.7333985074366, 140.31619411945488, 7.7023841543354745, 83.11727760711535, 94.32281158836739, 117.90363408827194, 51.20606847696837, -1.7047457222427136, 27.55856146840068, -48.61102328891821, 91.74260183514585, 52.39418762832715, 14.8289641032339, 82.2543194038495, -131.2922080100389, 130.49122017311123, 51.599901065111105, -38.114242458739795, -5.748635607727057, -64.8951849528657, 34.99929200332895, -40.60308385430997, -94.19868566478799, 131.11553922910616, -50.41553033815578, 66.05928478518979, 60.99636649095838, -31.599730711332732, -1.8459650822892928, -76.69745764359557, -98.83008679580958, 31.55361488542232, 82.56943360799197, -40.9679691236054, 20.79554713889178], [-36.815886665261175, 84.62855572416845, 84.55301971146903, 17.47093598514482, 1141.1144852234324, 104.0712578656752, 164.0950964745839, -18.892145836677795, -1.442266977998845, -31.683816692380258, 43.60716194606069, 43.29292527298693, 48.214970306949475, 54.01135646204079, -3.462678422241284, -56.55318773067779, -67.87652468193484, 47.9911226739465, -14.132373450019085, -62.02918331277849, -43.502949813404285, -2.5716080987807937, 71.04424086269073, 169.0267900311782, 97.00178328701364, -39.69022011499309, -25.528372937788934, -81.02307616786207, -134.64561196305976, 32.09219722215094, -4.0218606870565825, -133.18814246379364, 123.01111253344493, -20.81634452031264, 53.47739335768541, 12.546471232852841, 20.481116483424522, -28.39744387108686, 39.95516006968406, -24.37489818721826, -197.60038320947044, -40.24619992428896, 67.48377443178784, 51.79282548889581, 25.418260223676644, 99.43158972354347, 51.10306911784852, 127.25588020677243, 69.53459774054737, 7.421245210103138, 36.78306560618196, -141.89954580894457, -3.2294996116537718, 6.499853960801823, 59.39056233993934, 95.11530146500279, 7.172933988772275, -68.54444922020157, 194.0180500982664, -181.99616841209505, 64.1655578360881, 96.90114069784526, 83.61671498534466, 51.4365350194253, 15.861569064411473, 75.06443718755654, 53.113349724128305, 5.258744138560344, -48.87042403261995, 32.16044236250901, -22.936448373620564, -8.11813045460981, -64.23719091092278, -71.27790147780824, -174.25091366212695, -55.78944743751969, 114.95230333914492, -72.50692159097653, -105.09858731330341, -52.03296966384068, 5.572409592396243, 112.81015708348752, 6.932459017859294, 172.72218266905762, -104.79210569142316, 64.70418617625374, 92.11640116755596, -40.588107940371486, 166.9621291782007, 190.9964103738496, 38.9753676299887, 39.323918956922185, 30.70468330851848, 156.86749723675413, 6.413720397216443, 12.367595322267544, -40.27659039769175, -64.66163979813601, -14.343114249811585, 17.483367364866528], [-92.73586530043872, -81.51856010694851, -148.43863476598645, 81.87751256673599, 104.0712578656752, 899.6356298987123, 9.732449452273674, -19.883554460846774, -61.65715342918771, 53.91512458557826, -17.86003309114878, -126.49216581158173, 69.68956505746671, -10.780617706696944, -49.481636334204374, 95.18867740296602, -4.653922789663681, 46.728878950526784, 114.71600427771864, 18.955693846379187, 29.64690738936002, 36.68191155509583, 123.17358094971543, 26.394395785109893, -51.290464222701026, 100.69934213647232, 55.26523094503053, 63.168857179729514, 66.62608842266394, 65.78311256243946, 68.14429543219862, 83.31729638164776, -113.35438032665871, -118.25609204542643, -76.71872641923137, -48.04097912498888, 18.530099979698946, 96.09762359757319, -70.66182900506872, 101.11679797827662, 3.8589111583054163, -4.869910866298094, 33.22311384923089, -5.027720640649916, 105.40953987356097, 39.52114954156629, -5.927477792610394, 195.05275587159667, -10.727275407757572, -2.5817172821726473, 33.6094568259414, 125.15399308761744, -181.6951670262231, -123.2740052541018, -115.85724358780352, -11.178605048952608, 48.13274681786506, 31.858198330953854, -21.006506163214336, 5.90533872057749, -17.168302959907074, 81.03176415079741, 120.79060694154511, -27.312456305295655, 30.45917670362081, 17.60399013986736, 93.01778979960503, -54.188982968827844, 13.556604045122446, 32.91122596662207, 88.2234514586016, 58.30966271553454, -6.503769162541616, 9.66933485067329, -13.35098437837382, 31.574504512581505, -23.275508082034598, 191.28912244438283, 31.608120951224574, 70.29909966550707, 12.446266825708786, 20.97532420149334, -41.74470227389257, 26.607955479636562, -2.902579137789449, -74.51786687780279, -191.61189852451534, -19.50143193244594, -45.501903872934385, -50.69297589184372, 63.41018725974073, 48.540104968809615, 72.24812429825018, -36.0674950809166, 44.74533527371754, -19.195961868945805, -23.81244618164801, 22.98594330653402, -124.8163646633574, -134.96697966814702], [67.19376927549487, 70.19209152156914, -7.238888288902499, -44.68490710600549, 164.0950964745839, 9.732449452273674, 965.6518500879612, -33.901420945340284, -95.6190607766869, 56.20987996068973, 44.35068243428524, -14.210991416790387, 6.907005313669382, -101.67995046213338, 20.95768245396737, 9.749298241305498, -57.601569607493666, 79.34274199237808, -66.52093423706523, -107.18361636607091, -44.272630995251774, -35.6177965091282, -15.723985866868329, -11.79509549853616, 16.629849405064636, 87.03310039511847, -78.74780725618713, -40.760374629071, 37.860375907864274, -23.481542600791045, -9.010707425077715, -67.04718270988789, 50.98480920700234, 98.22395839720647, -16.35931839339098, 59.63050544581093, -1.1564497672747986, -19.14132488444965, -106.46786785199978, -55.968286714938586, -6.717054379854171, 110.96454465393553, 35.81306875120253, -41.45292834320456, 53.85815566636694, -120.61125135118886, -72.99849502413352, -56.09913168762213, 102.8064879315398, 36.10124680144397, -77.02931745014236, 144.35667286092658, 32.95425925273065, -21.298042824352837, -46.88521822154959, 103.73431172437604, 91.58647364707703, 15.022291922015153, -165.96966448550972, -80.02890233700556, -51.425095939933435, 49.32413496838491, -84.78224985493705, -27.24612068214158, -67.44130438088847, 303.7664194646494, -43.12510777681216, -73.57535274955346, 0.5143957507968834, -174.9327775899396, -70.98201821586939, 78.11919076998385, 50.12795324657437, -5.393424341111632, -84.43317478650822, 37.572445108211824, 243.16967048179626, 59.80612025931386, -133.2468692715017, 24.169030381010195, -9.690171559997372, -37.68676438203582, -51.69071818985447, -49.92846456274625, 7.258456507106202, 30.821543517629678, -50.81212401912498, -7.986615162659757, 42.65869766670958, -5.063905891750104, 31.838062303766552, 22.28218903303125, -28.88738055629175, 65.08483281130225, -183.80784335253063, -32.37836671080903, 118.93233896003868, 77.65647050459441, 20.26496867298757, -161.02213356731983], [-6.053947809929623, 97.91059227042787, -33.655939251764835, -13.832508988392892, -18.892145836677795, -19.883554460846774, -33.901420945340284, 993.1663610432557, -10.018426821887607, -78.51707692834971, 80.6424512212831, -116.58754259048973, 1.6401101728720726, -22.980343172564595, -49.21938913549536, -92.72804409656028, 142.26861499587858, 187.8555797461028, -76.33168547455087, 5.431614137611337, 4.034938673989071, 43.258638411537866, -27.24232670881654, 99.86750450753425, 46.16649974511942, 115.78128177090048, -153.04848723389586, -1.2279263070385202, 45.75995330518897, -52.63511700156524, -137.323027007966, -219.79728938501867, 31.349142384777952, 48.45143649677705, 12.835883639846847, -44.036409478928626, 16.252668684023114, -63.27862221090686, -19.448898973794655, 24.13326658259713, -51.5909653198091, 69.67312927083361, -29.46439577365051, 7.099824215748289, 76.21467978776211, 33.710607080193604, -157.58609729095468, -89.00208846350984, 4.554628235163255, -106.9260437142436, -31.251339204541498, -18.7484882211547, -26.693059555353734, 9.398827400631035, -41.356639873589316, 6.93373923958189, 5.37083573546907, -99.43243023279501, -79.34763370391595, 25.933770440298332, -56.9865817865427, -1.9255417054770874, -138.59436571542847, 23.01220484178879, -57.948375327796306, 18.81826865781285, 35.94994494741311, 0.7825662513514434, 65.71939941342269, -68.09388014783956, 15.461950569918057, 96.49758141725134, -123.95999501109175, -81.71940733394284, 47.98353953885948, 13.807077448839214, -74.78402255178412, -161.4237327527575, 65.02782561397706, 66.40814632908246, 24.85077553329009, -10.230951825680716, -152.40102474441414, 28.372369948300438, -111.7521057739515, -78.392198483255, 53.05865242004707, 65.40476160996849, -90.98920586267333, -103.6262078074953, 127.18439721718346, 65.98988900176414, 95.73786846115804, -78.84952090361332, 79.84573701979166, -81.71813309106182, -72.25570257708046, 2.378746746785602, -13.907869536859339, -82.06748453329818], [-8.046101533054784, 82.6622602628836, 82.80706978921944, 133.18946056010472, -1.442266977998845, -61.65715342918771, -95.6190607766869, -10.018426821887607, 987.425650380462, 10.98307098618555, 70.60302943540336, 103.77570124445363, 19.626280282440618, -112.51226168966723, -88.02683000655774, 7.402660375347745, -112.38141724019654, -52.05895690935054, 68.47587304625573, 25.28170902844275, 0.5632125766962722, 46.25437988918278, 161.49975424772106, 41.30144452998704, 23.668837459866868, 4.150824320187759, -154.25263195078924, -56.82834446014497, 57.027576353940425, 11.995591679761482, -143.7165544755689, 107.71550794618265, -13.174065734343042, 3.263419678474816, 22.94528319793384, 101.37877863760055, -146.37785815868, 96.34509609518676, -18.75357636916303, -7.577733224494014, 30.04721864647934, -43.38635371496842, -16.957133535127095, -25.5138332296285, -90.23248802518764, 5.453845460078897, 5.9188005029113375, 56.715252548775766, -45.47729448094583, -2.8266158655650777, -136.49406201008566, 25.145888411524105, 4.203231966019401, 143.36416385085752, 41.92142319538029, 63.324210495481395, -46.87721757885677, -58.109093089295115, -36.69467134797229, 64.14437100680016, 40.980728084359725, 171.02773623709615, 39.808905047857166, 98.13021539125076, 152.16026221348696, -93.58938865713822, -78.80665787121839, -79.78429115342419, 27.36830670744698, 60.615918740819495, -56.11603185988131, 147.30807530502972, -73.62471664971306, 70.88721403947825, 90.10254821620592, -181.6903454826621, -5.704558196029874, 21.300291650116012, 3.1635823987541625, -32.52777553936725, 3.5036798792274215, 21.63411720785298, 50.18752408610837, 17.37320659143151, 22.367573723267515, -50.516005740631456, 64.48860760611595, -91.11526260184361, 6.768203377846746, -81.35350043806477, -152.08804370187576, 21.302724750876383, -19.43575606910694, 33.263649237656224, 171.97950690463648, -69.43974785008558, -44.29989298152837, -14.677606788245086, -98.04252616333302, 157.61301562043894], [-43.57254606099623, 6.4330373958923275, -179.66109143674962, 64.90619771375823, -31.683816692380258, 53.91512458557826, 56.20987996068973, -78.51707692834971, 10.98307098618555, 806.8731601575017, 27.075385876102228, -50.60500988893459, -105.75678935631957, -31.49075408348326, -43.56516758781708, -23.612339520540658, -14.609132088233025, -97.85195460569915, 65.5914388942308, 37.0963252076487, -107.52376906185248, -5.768115808909113, -86.66345122868681, 78.05801525252046, -134.39450164305424, -95.12397916195685, 45.992595163636246, -53.456935699420335, 5.327679505189841, 52.472277812143005, 32.19240301432268, 77.2978600213891, -31.122776844797986, 125.23065979326397, 33.03903353311072, -35.635390934799545, 36.59767465119807, -104.93914922031591, -36.650922185641555, 129.47047180529455, 54.632761102301416, 125.96241027164186, -111.66096891909406, -3.143667718360025, 182.59645293741445, 122.28964989213968, -12.587080052181554, -201.3967260439895, 28.85072782391124, 108.19866460309066, -146.41538793777596, 33.69492578993738, -160.1334826896451, 41.3393112381851, -147.54298582525087, 21.22114392419269, -13.578185417825317, 30.107645178217066, -0.42949392062159414, -25.42892431784511, -37.395393980788626, -134.79429582284425, -50.252112349378535, 93.53743406526677, 78.46643974741201, 64.4681016845155, 116.60124212227032, 170.48401645382606, -6.598754124294768, 60.264226691334734, -8.777978513290057, 47.99669203165671, -12.785313030152306, 84.18197146759455, -114.01326145065585, -65.9451216895216, 15.470726476880131, -110.7448322011879, -141.843452478111, 110.5107655189619, -43.72981662908898, -4.943207420431813, -23.985279563016444, 133.71585014781195, 99.57925715550031, -52.20489852515067, -41.62781608238213, 75.34473351686029, 14.220952428823185, -36.14647224517526, -83.9210233597655, 30.03411508880499, 35.26668913785859, -188.99214659246772, -34.03433183863439, -38.19238221960677, 27.26290668302865, -17.543196984376316, -22.738501278480253, 60.605203620940365], [55.02265517461666, -86.76874945446116, -78.1998784775701, 53.89759663591028, 43.60716194606069, -17.86003309114878, 44.35068243428524, 80.6424512212831, 70.60302943540336, 27.075385876102228, 911.5547194968505, -139.16438082137037, -9.277586884012583, -169.43078268326576, -141.1516632772262, 13.360282432079803, -52.00439136574012, -90.08441657277308, -54.131009054889034, -4.677325676168818, -110.60871575497785, 81.67052154266891, 85.60078113881981, -0.03510434343064604, 39.315411314233636, 108.50281535857432, 28.84196609290086, 203.5940757567993, 112.19037586313767, -33.67183861929094, -39.86292720576854, -68.50252888184987, 10.784477458817246, 23.09075179967739, 27.56968981293459, -54.40963556264384, -38.576256669270116, -12.179255592998834, 49.91542891341757, -72.53272521162873, 31.55774575101893, 92.06872796228534, -99.47628273934163, 40.52274832980307, -0.17652967300534658, -87.75652297494425, -120.67645464059206, 35.37350399167235, 17.947392151756073, -48.117384676905644, -12.577153244343787, -15.58271999674319, -130.19537299491927, 193.71737820964256, 2.586814070064529, 27.753761125255505, -58.552961707161536, 3.2341660854012013, 21.407202489975575, 9.799002056397518, 131.97675158490816, 66.42724407167897, -16.89984000600947, 61.4186135908926, -83.77115718695154, -130.6985854484475, -51.151198284109306, -103.30535966467913, -53.293739151390064, -71.13384661859858, 136.01220260928991, 52.535663484766786, -80.5917779712829, 17.23707211823357, -43.184733226821244, 54.51254952099842, 5.086759896988877, -110.15934436030122, -18.420830656349402, 52.08813610593319, 126.07018033933201, -24.29964074457274, -145.23324088316966, 118.22278028835993, -11.49830972317041, -125.3667326268741, 8.183318388380494, -22.984512873545647, 102.64089257072555, 116.39244424699469, 0.7875364992437588, 75.40085130718901, 58.098337266293505, -33.23787475246298, -38.68855529449853, 130.76153733002428, 133.9589311992672, 52.50431692013524, -75.37553550865444, -127.99723396194159], [128.4290406524147, -15.044907532940817, 50.48998008115429, 2.652291994133353, 43.29292527298693, -126.49216581158173, -14.210991416790387, -116.58754259048973, 103.77570124445363, -50.60500988893459, -139.16438082137037, 921.5378090984224, 57.03856460268983, -14.280197587278929, -111.80767119363313, 113.32162534206506, 142.58429189326324, -4.006979520744038, -79.22296327115085, -39.50389181045973, -40.777289853558315, 46.46708251596121, 12.335179793626581, 52.483004681560246, 47.51846802725177, 80.09629870073856, -22.777821236861428, -81.0604988512533, -86.21156946136514, 8.52045526993739, -130.9780197941395, -13.686985445643977, -28.114853729764107, -68.18043557874412, -213.58075989760516, 57.59317079813258, -1.10922703704564, -84.75240574837139, -8.874682180112744, 51.46421743856689, -173.10315448382323, -16.99115802340993, 4.43810866910824, 115.94053753036, -73.7001393370925, -62.1852678053851, -3.7843003816246483, -36.36744851783446, 2.5347463559760444, 135.2590380930472, 64.30926808586868, -37.69144557569256, -14.7896949911475, -141.0085676163099, 41.07316463872772, 73.26285650709347, 74.8555262401197, 15.850976988079871, -22.535272701334993, -99.25675439795836, -21.74441494376525, -23.878783487692626, 61.89812253832729, -25.64309764532908, 76.45557258888435, -84.86478748903242, -31.000540378120302, -54.026695906127294, 17.189716036771767, 4.506098707555619, 30.91671537717578, 7.920701567994342, 17.468775899848485, -103.35797769071337, -46.96447531532221, 128.21093862535324, -79.80704352216931, -117.74998787134393, 177.79211236818261, -79.44286561540879, -3.805523941309309, 60.116725950400415, 72.72968944336306, 48.28081954989995, 59.23100169770007, 54.47836388624047, 6.245112447087982, -200.52804930927397, 51.890780527125855, 41.186935539567074, 87.99179865514547, 63.3866123057321, 14.390327334423052, 19.601511629279106, 10.569118223211982, -129.09570149339473, -54.08017456994616, -150.72465331771744, 171.81570153294686, 18.751841788546336], [30.84064968266279, 36.29482640811063, -65.48942552834988, 87.23291010621627, 48.214970306949475, 69.68956505746671, 6.907005313669382, 1.6401101728720726, 19.626280282440618, -105.75678935631957, -9.277586884012583, 57.03856460268983, 731.6459565702215, -66.3481748460686, 8.774029129905285, -19.41022698281375, 152.43151182441756, -134.1046654364502, -30.46369096822196, -31.51709771056607, 86.07696157302452, -51.64381042588583, -29.414650630556448, 6.0409540287272385, 179.38152048474768, -39.11250388800477, -122.02890907271532, 10.548589746549956, -4.569179288494217, 88.85471970140794, 146.94998120497064, 38.97217928604683, 11.269155023237998, -13.13160776180882, -71.22035440454223, 62.90800792604461, -39.43703961116362, -24.65266605087938, 94.89364976614998, 54.11504093248407, 97.64288778673773, -28.167841030295563, 117.99045209671687, -66.88488623093535, -84.76349859517711, -141.8432922518856, -49.92919245663413, -54.678700290069166, 184.16056058699706, -39.898789122932214, -75.60986319506215, 43.898195153294886, -3.042362662628564, 87.35617854464756, -84.27283961915721, -39.13632672984383, -89.81627520921863, -73.87979339350026, 62.85003360984691, -80.90429977196779, 13.806789555030088, 3.9422058454215296, 53.42105306662296, -47.43037893539388, -71.58200370148711, -121.72273416983735, -70.03803590686925, 20.53921191041396, 134.15178334309925, -64.57949406649664, -57.213713885003955, -18.809148279853236, -101.62659345888207, -27.198526251425896, -38.03917262285059, -1.8837719068960022, 84.25367530587137, -110.75214945046193, 55.526517795478156, 7.805369544249434, 29.738876720065598, -142.8805856891073, -104.15160378962287, -128.1921836702078, 72.04218425278981, -31.80639127452298, -100.67140842700755, -8.4087870953593, 3.9261936704075215, -106.78975993900046, 130.26501833296993, -35.14767716838162, -45.63035885908762, -4.250559477081661, 0.6952486579547321, 36.23937976511205, -9.767373036740734, -76.66604897430297, -135.51642883108778, -4.016652179694269], [-67.94182701204045, 16.249689266989865, 11.62386091547906, -79.07921209652355, 54.01135646204079, -10.780617706696944, -101.67995046213338, -22.980343172564595, -112.51226168966723, -31.49075408348326, -169.43078268326576, -14.280197587278929, -66.3481748460686, 854.7914496287714, 69.46670385677345, 95.38481783272645, -78.68372233418746, -26.980173101752598, -38.380884264911465, -102.58449953271727, -49.70342250096125, -107.88970296174313, -19.826991776859128, -24.657636269273382, -114.98179405003047, -7.8447484565807395, -32.92901206891844, -21.262349202786584, -94.5354903020197, -77.0519063228003, 27.637594832316392, -63.934378118186196, -26.95932760171314, 70.70049587581812, 100.83406609676148, -95.08280247415001, -48.79111272717085, -70.52258863875439, 69.6381061223923, -59.6328069134854, 44.44707160290731, -95.01067904700706, -146.4102346914575, -83.864974400488, -98.70896236237334, -4.481590534304026, 104.70359634228151, 12.270429521401702, 28.930023134489204, -28.235372914732107, 52.689532359142845, -38.07721347237988, -99.28096975426584, 22.348675811630663, 138.20110665815798, -56.30769836274833, -78.20820862048511, -93.29469041925061, -29.20906831989163, -27.213854814665122, -76.16980007703384, -30.27240982562185, 5.003242006850124, -9.57864957947993, 120.39851779530393, 42.675948919770086, 82.92931676985678, -53.932680594073055, -126.24773073609389, 11.831147758808845, -17.34834900812372, -61.57832603395879, 36.7054417927496, 22.764899951313165, -38.322255416418386, 3.3091798691376746, -32.8951714772766, 94.17345161477327, -19.61476077620101, 9.844911991228976, -67.914093073054, 75.78861622445066, -8.099445261768423, 161.67023869681898, 87.59103844714477, -57.64164020132854, 99.53335731294372, -30.64218640079446, -33.05279701597615, -70.07691269231411, 95.22879332468786, -102.54345634444681, -19.53815630365345, -13.80974646880651, 63.07498189136129, -0.6361649310689307, -110.57290892953873, -127.51118255895035, 71.78199084396137, 94.16501554714672], [88.70132408641545, -13.212648777667056, 82.74380570297232, -58.18305170216355, -3.462678422241284, -49.481636334204374, 20.95768245396737, -49.21938913549536, -88.02683000655774, -43.56516758781708, -141.1516632772262, -111.80767119363313, 8.774029129905285, 69.46670385677345, 1056.984979911385, 48.23225308034079, -118.70567406681825, 54.60765595987486, 99.92078104207914, -46.136764807687236, 3.5747974159218825, 66.94815247481542, -3.3740469103658524, -117.86493165539143, -57.15852742740089, 79.24706953410872, 17.012393404954683, -202.45552361951906, -24.022460845493587, -22.21351908768849, 31.88290176393243, -242.61930526564794, 25.84069912304297, 55.81106674274736, -10.71205641121358, 19.3711770676418, -78.92786871903128, -42.46162210166466, -79.83208459341454, 38.97576330223997, 93.92137667682003, -17.850244788659538, -54.41438706027228, 70.78311027864194, 15.30142055601678, 85.20650395393733, -95.61868113686043, -10.012373646556727, -11.005954995103005, 126.4145281496074, 64.52291767393275, -5.039339754377288, -174.4431972956837, -13.001936898827067, 8.209288977128272, -35.54877380344304, 76.47041818765652, 79.48890310881492, -124.90703014999949, -42.16328883510658, 133.97220340163514, 47.33471373515556, -21.37446774422379, 61.91914866209456, 29.90055288408075, 1.3293533382115208, -28.34946081548327, -82.68718372784552, 45.2224375794889, 129.11570341105937, 0.9923032047832355, 4.028247737923916, 319.1950542486711, -7.051280829868885, -12.3396708270011, 1.5662900849789132, 27.13792325426975, -64.41826487051107, -112.086282226132, -131.84395912718364, 24.232578177633208, -138.4335822987028, -33.61237469748485, -72.09144253123084, -5.860151961008905, 124.25846109859609, 19.93643507606621, -29.654749166325942, -92.61338829824066, 57.83041775064688, -148.3485120900457, 62.03789606390018, -4.691346725514573, -4.083628445975242, -40.436196567229125, -100.4958287417236, -118.18555331701626, -182.36952568245908, -157.27895658215584, 28.323267578426517], [49.77201716608632, -23.985067784395284, -34.77113734435674, -49.15594498292758, -56.55318773067779, 95.18867740296602, 9.749298241305498, -92.72804409656028, 7.402660375347745, -23.612339520540658, 13.360282432079803, 113.32162534206506, -19.41022698281375, 95.38481783272645, 48.23225308034079, 840.0138875112444, -104.46236634787995, 23.688527004138503, -34.80983209536686, 7.781409909715442, -4.942036950046951, 54.269263530483066, -55.0768939302465, 29.537109696334717, -3.8324572697992876, -89.86023303972624, -126.28998703917617, -13.1808094002544, -68.6653905090738, -6.722432917116944, -69.33802332998953, 64.27231030372825, -17.43132591073356, -4.468152776410937, -69.09627316436685, 10.444086016450036, 86.46612686140344, 105.49296445798664, 3.93265240349262, -110.84313225218571, 90.7894958341488, -70.01193393882234, 16.915316748789575, 156.79269473941548, -106.10828169457555, 7.5021325454773455, 94.29714163042652, 67.94112627302393, -34.67664492736721, -25.205474590489167, 31.616883129309482, -79.36270534395372, -146.60378660579346, 126.81495903777196, 47.17873801658395, -93.26707983379221, 67.24048429147032, 148.2945863218127, -127.87114876358828, 25.588913070491103, -88.1696339531915, 31.394463953048245, 146.3634642540147, 29.698345384366135, 40.8804549602587, 19.6095823496785, -20.551428919487734, 28.05737568309598, -31.473237390991105, -73.73190356452871, -89.49540385422637, -27.971565155996412, 96.82787745335213, 183.65814001651802, -52.85523081195612, 62.4789941373954, 148.222125967644, 1.3525678769978424, -22.007984944950717, -65.07044055158434, 13.227559099291438, -38.024073759814144, -68.36500273213805, -1.3085882199339416, 29.35928299349908, 54.976156456278304, -56.069418237979946, -64.84970594271147, 80.60227937007377, -64.3665841467499, 69.11544506440984, 27.05198116036551, -37.6958619507812, -79.71833662035556, 31.19607384303316, -136.4998842347665, 50.5930447702674, -96.43162446464419, 154.1427582464685, -64.97819823253415], [109.86534368650737, -11.284613555280853, 50.80103896649642, -57.289729331959975, -67.87652468193484, -4.653922789663681, -57.601569607493666, 142.26861499587858, -112.38141724019654, -14.609132088233025, -52.00439136574012, 142.58429189326324, 152.43151182441756, -78.68372233418746, -118.70567406681825, -104.46236634787995, 975.0697198506732, -5.301322106566048, -14.825625557240597, -56.65673857557383, -59.923789545246734, 87.58877464413476, -42.802777030811576, 73.50884101173872, 42.92073675591057, -17.077515700193423, -27.640350087828125, -89.85596783300454, 26.783926391074733, -14.620926239454711, 45.97293399911198, 33.754160800841824, 29.68548089468201, -53.26177036489795, -13.231390168171533, 96.57572033934406, -66.42113759322804, 116.82279519760971, 31.198568280858154, 81.58731207661712, -19.676760954300185, 177.8846131724893, 10.032809506527103, -153.8742267012037, 94.3407971850581, 20.726738594858126, -123.03203242400039, 28.42372496930201, -46.8013092041955, -110.17682779865838, 129.97567646413455, 53.85792856686447, -31.944517853415764, 7.724042566060422, -51.13026106531524, 21.58525391641696, 78.45566769638103, -5.632675138221553, 46.03238527409, 47.555380661359294, -73.35262446478788, 26.11468470051858, 0.01827433688378876, -77.113906773821, -82.27709384486799, 36.22482991715516, -70.02999955087138, -14.117185462172412, 116.8927448737935, -23.00826546250091, -5.4350972168791305, -92.66617390200288, 4.239579774670638, 66.51211885074943, -101.37173044629957, 61.25720212520686, 44.244995653335046, -82.89503184845276, -35.405637514385226, -81.10008181263011, -120.49107697185833, -67.99032700621149, 133.74568321553522, -40.263975411902244, 49.71797657668043, 57.266784973861334, -144.5770469056513, 27.489600940428353, -125.41762806737829, 140.91603282013918, 60.23712287054178, -63.36354434559087, 69.7749230399183, -63.014367600027754, -123.83581568076549, 70.96647198293293, 48.968542913421814, 14.63510305707027, -33.88721606482336, -21.605941443235306], [-18.404508284062764, 15.94673059864288, -60.171992149522715, -28.126720999895163, 47.9911226739465, 46.728878950526784, 79.34274199237808, 187.8555797461028, -52.05895690935054, -97.85195460569915, -90.08441657277308, -4.006979520744038, -134.1046654364502, -26.980173101752598, 54.60765595987486, 23.688527004138503, -5.301322106566048, 1015.6548754785591, -38.94931223816838, -45.745157825921495, -12.53170580136495, 177.8545443212654, -64.77103049285779, 3.5862409179145094, 33.50766303101521, -0.81735041461728, 35.80554559262125, 89.8529697728773, 52.58070352062482, -56.451193253778754, -157.5924793523354, -163.09286038079907, 8.999275386724161, -47.97579531375056, -52.117829458675125, 20.76391855495085, 18.845073017607227, 121.80388224642091, 21.367347616419394, -1.9302706306978514, -46.77607254525844, 310.9574697892461, -42.433886084205696, 113.9291097992308, -40.75329763142131, -100.24845713862304, 40.12283257958067, 101.58076876593302, -69.98677554886963, -32.15436988925104, -67.63723775695715, 16.82424942868852, -169.93249353856555, -49.09815934794392, 43.97193211772491, 66.34035445031084, 22.591866878887423, -68.07587414151874, -17.80747316981161, -83.07226536735357, -2.7150469698856616, -75.42326941719455, -25.77209462919435, 176.84029482589557, -37.15271470971838, 91.00640977593797, 164.5852000791699, -2.5519342167834025, -34.29180852418675, -67.12560539481956, 91.51904759847788, -29.87704724897319, -6.147780349797786, -53.282626949358075, 179.66068681078704, -141.49159057811062, 6.046021961990535, -101.18933595506766, 0.35406987817778524, 28.375802315057626, 166.92268607205395, 116.17544344544635, 91.65118888552237, -139.29009434790657, -119.17048116621082, 73.98433154513265, -61.43297278534473, 120.99817897699683, 53.206867427522084, -48.94962642055237, -71.60291333149983, -93.27033836607978, -83.9236274023749, 75.46439193563918, 93.53110633819394, -47.23947754615454, 32.26683441079118, -13.847601346436907, 119.1451613663761, 76.82268101768372], [-58.3157975176887, -204.08281087995405, -37.22245800700125, 27.199763336517265, -14.132373450019085, 114.71600427771864, -66.52093423706523, -76.33168547455087, 68.47587304625573, 65.5914388942308, -54.131009054889034, -79.22296327115085, -30.46369096822196, -38.380884264911465, 99.92078104207914, -34.80983209536686, -14.825625557240597, -38.94931223816838, 785.5526698432278, 83.38415430407568, -10.941143914417273, 228.89219171687674, 102.22279049144959, -98.94001858379453, -41.04706029921065, -105.95369746458341, 33.817054111264376, -36.372314191549094, -55.82738675725304, 13.80039512506539, -132.17199812655045, 95.47345578429284, 3.2878262663619093, 57.88481100045882, -19.205178640653983, 66.93503931767, 119.24528154451208, -1.0964317821060785, -104.9620927834596, 40.08009086954088, -30.20917043808066, 88.53606270019264, -33.55134691953597, -45.35566635400048, 66.81644947247916, 12.290844695061972, -75.1247423543304, 53.732538154239805, -22.97889274162969, -36.351786128585175, -23.969941775686088, 180.60675573164647, 34.43447740909921, -23.46803028266025, -51.11590852623171, 75.5572633208204, 61.22676081926501, -118.7672108352501, 14.860215203964364, 36.37794071551362, -38.03308316441444, 16.920885672118512, -75.95814148116601, -16.877577846660433, -99.26130063248014, -14.735605577115043, 2.1439631644900303, 53.60767560079798, -101.06627120654862, 73.69215452665696, -143.91023516216757, -15.382528146047152, -44.18671260221616, 95.91132953664481, -62.07146335670071, -86.80637791009167, 26.928898313543183, 39.56841790469907, 86.28356446275129, -65.27581540767719, 79.90159470065427, -43.149337132184726, 92.11612882170992, 69.22640035193021, 84.04132639917262, 32.29085670053869, -145.2179628666287, -4.342510289127792, 17.214947760340586, -30.170226867006445, -14.719283099092975, 164.86628528862374, -102.63664261483977, -50.537447606624355, 47.41494509166886, -38.9705602049713, -3.357997615855266, -2.972940697720423, -144.82277753380774, -56.36890169740804], [-45.166730831425454, -9.724674243463646, 82.17921504651821, -36.979837401455256, -62.02918331277849, 18.955693846379187, -107.18361636607091, 5.431614137611337, 25.28170902844275, 37.0963252076487, -4.677325676168818, -39.50389181045973, -31.51709771056607, -102.58449953271727, -46.136764807687236, 7.781409909715442, -56.65673857557383, -45.745157825921495, 83.38415430407568, 859.1668354053546, 107.69338924105615, 126.59423636001785, -41.09273428724115, -142.03791980426598, -53.63357185797243, -63.09517878079158, -47.30276089155525, -85.17744148686587, 22.976120484269394, -37.56043480839654, 13.691331983948421, -110.87553337263117, -108.17073699413294, -1.554572023928074, 29.359115346150826, 72.11993212988787, 12.446444069077039, 159.11528436884848, 31.008007579756715, 13.829991353380944, 151.3286478100877, -63.184363511869996, 59.349225776937004, 15.528952821270686, 0.9852700362986265, 36.2037808216609, 27.548647371797188, 27.77248973725626, -153.73596324247012, -54.97269687382511, -48.1006125265612, 80.8080978134469, 138.72898489430662, 13.907205074400212, 77.5901988355266, 111.16319069657793, 102.68474472143602, -57.67927366121201, 79.21614502662739, -56.71101334698444, 67.8276407936073, -94.8034697848831, 74.20560693348287, -46.147272030461956, 15.884948640208375, 21.304130607119973, -30.485429804950584, 146.67681193915777, -40.86082645890795, -59.58392065711669, 105.34120056155683, -50.7182659451722, -129.8059352572951, -2.606643478507878, -82.09335562467244, -25.884850466945245, -159.97654016487095, -85.86392699102356, 10.854588379529982, 140.41359663337352, 9.821707831152745, 44.60196692826938, 31.47052738165631, -42.8121095867446, 185.6142818208344, -51.23522362644959, 51.575300433743486, 46.65736888468979, -23.067457732127448, -86.00732944155318, 78.40185941895031, 140.9090184329748, 197.25742414828665, -96.87930483110031, 124.0910014912642, -37.121381968755394, -0.38890083766098216, 63.91440049164973, 16.19359114518329, 59.36896484753679], [-54.43482015637742, 73.93760017296258, -30.474014890912166, 21.617702455473385, -43.502949813404285, 29.64690738936002, -44.272630995251774, 4.034938673989071, 0.5632125766962722, -107.52376906185248, -110.60871575497785, -40.777289853558315, 86.07696157302452, -49.70342250096125