{"N": 100, "M": 4, "A": [[[779.7570938515461, -76.36167978435812, -58.43410987762889, -3.7007885110442147, 100.12368244984539, -57.00515579411725, -72.82167386518721, -82.69393787604226, -107.65570469458834, -73.93783917387202, 47.20932631952317, -4.28258450904008, 1.9601134948047814, -102.45513126643341, 73.6877887259325, 59.48369487168773, -3.8818755665539295, -44.235056940180705, 15.765989469222113, -1.1029381953779305, -77.68265340389829, -49.35241827407524, 38.55977665305109, 19.171427097013755, -69.11695760905803, -44.618950674597826, 11.010518546918961, -46.649153786316305, -30.59539605639055, 9.157121296381714, -147.28564124381697, 132.68996682690607, -101.7012344872703, -118.48408086646079, 25.56296947808991, -76.22601044450147, -45.89264426784713, 100.48947631281229, 37.09773406686075, -40.80524312975507, 16.656588754664522, 66.63556748130848, -68.59212020110648, 3.976353067805017, 49.02166190039325, 17.967710373251727, 58.256629692325134, 146.81777201862235, 10.705966210796472, 72.3418983345242, -8.599230385722127, 49.45201433876801, 106.56479581447297, 76.17115665463466, -114.54696654866657, 52.67660084036146, -0.22134116205649243, -17.843266656949694, -32.11189114788055, 98.5357070422719, -10.954568412628925, 16.181876278933476, 82.81829795917184, -10.97195024700506, -103.96037063077429, 10.821829342232236, 11.541031674869107, -76.40221542616919, 0.22593585400336538, 121.66019947055247, -22.06628662619879, -75.48863457776847, -25.851810854613486, -122.20188492664218, -92.82043596694868, 142.76356291563133, 41.131366389498154, -48.17728749621158, 54.97799154861732, -9.62822308097113, 68.7092467954491, 41.34386157323791, -13.482239439316826, 117.18812990997573, 85.57624308111087, -6.615515302596319, -17.244254351010834, -52.449417749927136, -87.39555411017324, -16.025802242242502, 0.39537780394444777, -37.3997875980471, 55.37894003924406, 36.129505789724774, 11.836342742249512, -140.6927084430387, -184.77638495178493, -1.0608087892328348, -72.88410160368925, -122.16477600985253], [-76.36167978435812, 842.7897449508206, -35.66448618841125, 52.972315058846824, -89.10095861431994, -2.7966612162614597, -34.29311701494855, 24.36827656663199, -125.22821812912633, 13.957356924924706, -38.370140671723426, 7.913687067433149, -118.82074811788017, 159.23313284744168, 61.376234421129105, -103.17148507164424, 17.535862734445406, -51.31230250469926, -68.8232172298114, -11.60311927048837, 54.03777256074267, 53.91958069185677, 77.9671559017652, -26.02391740503938, -127.08643874900798, -108.37944014959224, -137.45896456033051, 114.9418578585438, -134.96550904791104, -164.83200192537288, 111.18023892349858, -103.13412459421198, -86.90875346267923, 63.16505402794474, -4.742333229903869, 71.63962481682542, -50.75349455482805, -106.56589461503539, -58.99803228630916, -43.52644513478779, 1.6739576075115092, -77.06625784860789, -115.63705910476641, 91.94071569670209, 38.414279153988595, -12.874516361808546, 90.68006242809722, 54.32500684276806, -39.82599462893631, -55.187816727255075, 77.61211138206288, -140.51304659335952, 128.83471223981934, 71.63752756279332, -31.606526766857744, 125.68305336587517, -67.88829995178729, 66.92475756409246, 78.02411840638258, -14.910522088681999, -23.997580178086526, 3.398050695570069, 26.760374619408758, -65.61966572793206, -54.93477272442265, 69.38675564160788, 24.590390744237983, 106.12357811210396, 53.3056284730679, 29.07503216436196, 27.990146352229818, 30.393439690327924, 132.99918454509202, -127.02206211765257, 163.4291570127877, -22.394164949135718, -74.06447241639124, 14.249638641704811, 42.22151454754002, 116.0649083335619, 66.00294670327045, 10.546007127169796, 74.16411305083808, -40.73806988467019, 7.337643124376119, 7.855943052784426, -58.75248851593231, 56.779933921932, -92.61227747625243, -38.43717440840422, 122.76898063642024, 2.531518664382532, -91.12065622203204, 14.98610637637316, 49.89345698659389, 128.52463245269016, -63.62421318079124, -108.48296716245653, -88.18498108393666, -112.74110421178445], [-58.43410987762889, -35.66448618841125, 746.0851120785575, -80.495851950107, -19.38777982954067, 31.708436803115106, -67.42744913834677, -49.872373539409146, -47.39668489888729, 29.761504933113507, -49.66569896804897, 45.509101613439654, -22.042081918825282, 42.02795680231462, -16.25042156954823, 30.05396348927826, 90.29728423330744, 13.664123962418532, 44.13253783435803, -129.350351551412, -3.115779880472884, 31.95631946421549, 144.1176407900604, -49.91765769567831, -25.090530411766675, -79.61117127002332, -39.32706657524447, -13.675702054504658, -1.0220973544766354, 5.878362775711386, 47.136092226231504, -87.70436761722381, -110.10261735764361, 110.51279129494432, 48.156282701486894, -39.17878471877557, 123.33602028887957, 15.26674722322322, 93.98043415650301, -5.9987972761422155, 59.60557826814331, -114.75686388320747, 47.79228733784012, -6.7782787356240295, 8.593287238298487, -34.7619978820788, 10.19180924274995, -55.13841333831853, 53.1386197033147, -26.34177086413366, 8.742528491655811, -213.10428540428828, -46.5148102230957, -8.091471342175733, 140.8480027831345, 204.80941697303717, 86.23691639010731, 20.741259200170045, -21.003650426007372, -83.50929124730652, -56.83808323531522, 36.97616295745072, -4.952177912066253, -64.2248431530465, 40.28063692023415, -79.06591946795106, 15.052445315521856, -27.385301322093106, 86.04590583950785, -64.59973118913975, 24.56628306879283, -42.152573294019895, -78.495389630134, -19.859288978060754, 15.765738026227304, -2.8986357824762257, 34.22498574826771, -6.810432440473631, -96.39514399430469, -57.00027975329352, -31.411535477061864, -62.53056585881376, -148.25827562237038, 8.27389271706147, -53.1851211897463, 52.95104901830232, 46.53216860028643, 35.30112043481748, -55.359046464646646, 81.21324192909455, -45.29416539770219, 62.58046257434502, 29.83893997832948, -6.695590852310894, -23.234319917359322, -140.01528321689938, 30.21291322929665, 57.419266727243595, 46.50343418283759, 10.506386846716582], [-3.7007885110442147, 52.972315058846824, -80.495851950107, 955.827664356237, -39.95688118911991, 8.904621787465434, 87.30617047720403, 4.8899204716132285, 35.0165255719916, -26.305890058803673, 87.33651471513593, 146.59384049516078, -49.85891868646911, 73.93234407536245, 103.62390083353147, 46.47894175423565, 38.24830397615935, -19.178788108368384, 8.162330208855405, -79.45718921549651, -53.11409518310107, -41.14150935802767, 14.17313011238747, -69.72749263127199, 29.202105549201217, 50.746888650535, -62.0832760421703, 14.204024326516956, 64.24906718542486, 11.963986424100119, -11.450383900416137, -92.69049186013359, -26.748125880167052, -92.11268329225521, -87.67566680450543, 71.75716491480625, 69.443966018666, -92.50523906942624, -59.424821162213036, 67.7761533336788, 15.78600278693148, -2.2254718554645625, -14.99779451434845, 13.190456024331937, 178.37282142216046, -102.75727700841513, -15.683390154111722, 63.167707473376154, -40.90070045770395, 24.250512436462536, -1.3697791682871872, 64.07033533365193, 124.31763905518117, 4.412659690020078, 26.217711649162002, -20.97046208027045, 26.877011748004108, -64.27783034589442, 62.54872643625334, 27.481248201329397, 54.98917238312058, -41.06172425620779, 2.954581650011662, -35.878459935608156, -113.05824243737332, 35.49602670410448, 28.738607078541367, 49.681336129970646, -54.11434984734198, -47.91638639962566, -8.779707915066572, 186.7778899311116, -14.511537925415489, -76.92561770284607, -63.18530227479681, -59.25101689163149, 47.40801685796192, 53.94366557211626, -25.6090027613221, -25.52752166825122, -103.08653103577113, 95.4410867292463, 32.373121471607384, -57.65384337169132, -8.439118158932256, -79.848611847626, 51.26634888451738, 59.234731736663484, 93.76785552254466, -37.78094020451965, -96.87447605287483, -26.408230941892818, 14.187457848555429, -258.7277046757998, -8.846408690163697, -60.25859806416814, 2.4227773038601357, -147.8721015995431, -47.39830262929015, 73.42132572299255], [100.12368244984539, -89.10095861431994, -19.38777982954067, -39.95688118911991, 773.4050595867939, -87.56478432312836, 72.88292325534876, -7.183012909240614, -18.52495400809105, 56.884753934190684, -85.90109852065962, 63.33099809634641, -56.30995377163006, 11.435834440448726, 130.47027686830978, 38.51475737260584, 11.903518732952376, -46.54357392672419, 51.717729728878695, 53.07038745219617, -123.17917473427352, 5.6322524693565965, 37.54100462429498, 34.553635497317565, -9.52424404793537, -16.00831730235408, 6.328435121996763, 31.362553744512898, -32.44757460862147, 47.06230979573984, 16.859500819518185, -17.59657598200833, 22.681132032906394, -8.85337356567751, -51.719054808807435, -46.27812482685585, -21.320497392156845, 52.95492211664274, 11.718992391354801, -44.850052541918785, 106.9392644648756, -0.8720434219498143, -31.4274525334131, 143.054814276065, 11.85451933556122, -30.20402329359124, -30.857971034915366, 91.38377262192841, -177.67962357706307, 13.76035581112406, -104.89475196528758, 21.794932640203307, 32.81745935465695, -218.75341710366524, -35.41838958525017, 88.25142212649143, 7.708716067218113, -42.426209649921944, 36.66742576346905, 138.06592510423607, -49.32369606010877, 97.68876199240279, -14.58464844863601, 149.15591655741378, 4.034514405632012, -15.767941771629276, -34.528590982636665, 16.729475912243483, 19.31242124512796, 8.355056044607446, -11.476346243549976, 85.46142673013271, 156.3187026401582, -120.22698835660368, 43.785794995822435, -95.8615472787497, 105.08096488602065, -27.68914871028361, -82.01792619156632, -85.31182017268132, 65.85927875076987, -137.30707155813147, 61.01307365376994, -127.40828335308345, -32.565081824993314, -30.66506641826939, -67.99610851073281, -14.560173403396723, 44.99234127326442, 2.6948602134093416, -2.0598439366832793, -28.119620193855887, 71.47043380084511, 46.82311277078576, -28.86386467572552, -18.788764757000997, -132.1547148858805, -0.25396754610675876, 77.1652210677305, 70.02302511973622], [-57.00515579411725, -2.7966612162614597, 31.708436803115106, 8.904621787465434, -87.56478432312836, 872.909599952957, -75.26618013588514, 32.95700411582689, -18.993693192724095, 92.64781889662095, -87.41367409306342, 44.26527116064494, 36.96997853118595, 50.8876088155669, 44.74446562151619, 37.909050032769976, -130.6754566264553, -55.975318628706674, -27.32348400607431, -56.57466487061725, 17.478670693784235, 17.68586596973001, -6.605553451489024, 16.484407672802362, -53.52269200246471, 33.643176943135984, 52.9003512117221, 86.9770747635668, 114.17213482916054, 138.10884234605743, -121.82716659690445, -145.35565661622726, -35.68260335531998, -23.208949274230534, 20.56782106383486, -81.1086335630488, -47.253977444787324, 68.15374531425915, -78.68625355393814, -93.49178079346002, -77.23871297141466, -96.27451993991306, 1.6788013453406474, -20.424989251606593, -125.06596662427461, 24.53798787810396, -134.4692598582129, -32.03766636620381, 62.40665030359446, 80.88452370977531, -7.189422761030364, -9.24665312378446, 30.282266731175437, 151.23558646535204, -45.34526950581525, -89.38122362223278, 37.490879206911664, 11.724211030402257, -68.12618183568348, -46.10964345573483, 155.91005766777593, -57.69650112294373, 2.162352864816048, -62.93804701119721, -57.79703628164324, -48.22720742912625, -12.393156733618465, -11.961443037417537, -67.97263312181116, 47.273483646699745, -86.44788225858203, 129.79234215542965, -19.296364794564557, -96.46230713383106, -49.11564869477173, 198.92751773993388, -89.75731667200364, -113.41197570924936, -114.10683244725843, -2.086973823043193, -94.76576591473557, 50.46983288236405, -5.957854513803995, -79.67994456983513, 75.29203420973175, 88.09679585184603, 31.999235715899967, 85.41340724475995, 44.33328666211635, -23.624271436066287, 83.47262739062951, 75.51534936240455, -117.44290935425774, -30.750620296816127, -76.6397840909551, 54.43767539430391, -102.09376985857193, 20.105834665640927, -54.71461755530271, -138.54155230203068], [-72.82167386518721, -34.29311701494855, -67.42744913834677, 87.30617047720403, 72.88292325534876, -75.26618013588514, 832.2640499987535, -37.14887650684335, 8.173688079901114, 7.729255979289173, 41.20848963954892, 12.827100457087266, -13.048394096302085, 14.65503044636101, 31.241201203180925, 15.9580060886965, 22.22824998579662, 45.599039356900704, -126.07845196893403, -1.6420301959413868, 5.7368566237733525, 73.54547727169277, -4.257765251556094, -20.173819141041598, 36.62621006793989, -36.909053113135066, 0.33239819553579597, -90.925048587457, 16.625657630317445, -6.0649717112960015, 125.41647912319846, -117.87803876352442, 19.36619900325176, 39.548643469498835, 41.78789300818679, 68.48325897644142, 28.616115762674898, -25.063152048398052, -102.91070764339898, -85.85251111085448, 73.12549622604041, 19.408953246608057, 90.6150649116368, 168.01405674372143, 4.592552173065285, 124.20085048475302, 105.23141437818437, -33.33199516718713, -94.55023288481601, 39.399788224341066, 47.585115841497, -60.95526268228643, -26.876223011165933, 75.70475185443337, 39.09203280329924, 94.22391095328085, -40.01482845541245, 36.59508432980801, -58.858559849374295, 3.1864709294341926, -78.34862258261387, -106.14275618600433, -72.08223022625556, 122.48710864788642, -65.46334432840823, 8.376465546996997, 56.927982349020574, -7.315240981630681, 13.830913409545749, -116.90480254994763, 96.92505955565903, 35.59054933618861, 38.3768209463311, 97.33279076144171, 36.83692664424054, 110.49676168027084, -105.06900686730124, -32.308477588139326, -119.56580080471839, 21.734682493477084, -23.6416282095384, -56.60274431290671, 32.01462612769066, -1.2217904361992018, 130.81732793232857, -71.48475879361355, -25.692454186772498, -29.85176244141592, -55.348749420851846, 24.57917323464182, 42.13742150437385, -48.14213478765198, -64.6489979918367, -41.608235134714434, 6.212434961765698, -92.55782294419862, 70.40901632600892, -4.144826997318154, -51.6032355132153, 34.92535626767131], [-82.69393787604226, 24.36827656663199, -49.872373539409146, 4.8899204716132285, -7.183012909240614, 32.95700411582689, -37.14887650684335, 808.2319336817831, 57.77125550244767, 15.059846545989428, -34.95104689417961, 8.587869860600394, -109.12128580553983, -115.39084100475173, -50.5560330599789, 61.77604928359011, -152.78241270103362, 89.30334674220272, -55.0479597556049, -4.226708126538685, -25.02030634663182, -128.0774821299613, -75.8364281410693, 158.7386541779617, -69.45636081546316, 82.33040278316139, -94.6092549062939, -56.299390413974194, -24.415168405993718, -8.386234227233711, 205.26585775421108, 0.5239311104228243, 28.024031966092767, -58.431864549976474, 36.912407960895955, -238.98330431776205, -5.395857268485325, -32.95263324001828, -9.429037668088034, 42.25491874462666, 83.80109414280496, 109.60062729557235, 45.63447211686386, 43.151338692799065, -50.09834729376124, -89.35838556458052, -74.24721937621212, -64.2625352029731, -57.861977122970394, -89.85434310746768, 58.47805940685798, 139.464036991486, 29.602229096729587, -94.11201185881258, 28.877349372107588, -44.01697909269051, 158.51244572235834, 95.68372063598451, 65.53135827327118, -109.07637522054787, 23.2148321814003, -10.995844340365185, -30.635529364008384, 106.75511450423531, 43.60907087779998, 191.0000316347026, 67.59374061366475, 66.37340813566352, 13.404363376792844, -115.16219305358123, 107.23423363612392, -10.93781264782744, 59.15087045420773, -31.78106638938228, -89.5731745484723, 70.74285104176428, 73.07515179272838, -3.7063711957005108, 48.25061421018852, -64.72070648979609, -29.763318688183563, 36.15116762344659, -23.14067908322181, -62.75513331370384, -14.95956822509434, -74.30193399121197, 75.9489916394787, -33.19717434372383, -47.67713846622771, -103.67143685183667, -41.181442834268644, 56.32803894921215, -23.421486573053077, -57.23925695067429, 106.18024625460568, -116.03460007317533, -83.97676968631926, 127.90147893667775, -1.4015453950724528, 54.96851824301494], [-107.65570469458834, -125.22821812912633, -47.39668489888729, 35.0165255719916, -18.52495400809105, -18.993693192724095, 8.173688079901114, 57.77125550244767, 733.5051341222695, -23.82007904853756, 70.0273185906442, 3.785975302668836, 37.60347007754887, -47.74517886702454, -61.64763890290056, 66.66069294904827, 14.18160130815147, 36.07057126341449, 80.12776294809038, -2.7578351716030665, 35.90417854186587, -35.31022124874553, -16.96824401023787, 144.37967494300977, 30.741492538817898, 19.44501427304875, -27.914595245854724, -14.305770960654112, 169.99456121152411, -59.71136688337713, 42.086528141127715, 93.2925844510508, -25.19215538643319, 35.63415297383006, 96.36059993479898, -45.11549205783499, 38.674269273640284, 82.00113940152468, -103.51125752528066, 111.01747657982692, -52.54618831281187, 79.37309109452819, 12.779751484793586, -38.97205023975484, 81.03068296674972, -25.81111184678293, -123.17388131401324, 24.80892465342199, 45.08288658563295, -12.310320423217561, -102.95280558856335, 113.45203050375831, 13.23925851959783, -1.5506479341368677, 18.118163054298012, 6.331578353722972, -2.0422211192850845, 22.247610187576576, -49.32287858845241, -84.17958772527045, -62.1735360476506, 70.35373559166993, 51.11417972416312, 44.449816311970594, 24.544370396601874, -127.73535737613325, -57.504462367222025, -27.03107726471451, -3.9799743124375024, 42.819802949118476, -40.598643463502974, 22.731068550551285, 60.32174208116332, 55.70521062056486, -12.143998232777255, -95.30094833448713, -20.77982141542648, 121.48235225662407, -48.50093092735067, 5.033746458854541, 6.616352279370583, 44.69433721602251, -68.60660812276825, -30.405144960540024, -40.137262541748356, -11.166943091784281, 17.57223184122361, 38.38531467041956, 16.449127928081737, -117.04410838950707, -39.9280796908967, 6.907391484557514, -55.897216317911784, -116.23954211342014, -91.25387778714162, 112.68137252113256, 70.99855896330442, 133.49021372285154, -18.053508119583874, -98.67362194122454], [-73.93783917387202, 13.957356924924706, 29.761504933113507, -26.305890058803673, 56.884753934190684, 92.64781889662095, 7.729255979289173, 15.059846545989428, -23.82007904853756, 681.3144733694713, -53.16624666896645, -131.53200760594171, -2.899538976650893, -61.014678754718595, -9.149998791251907, -45.98784554960716, -127.51557979194729, -84.0669323655792, 15.56109542937732, 172.64039800293622, 43.278150347995, -43.44023065876368, -76.58036126533017, -95.6275944526916, -52.075251826583234, -65.4410538028641, 12.479044134688344, 83.5475694841034, 61.957354150028976, 38.54945565667387, -108.02737491709986, 4.445701416885084, -16.79082827311291, -55.453586640422486, -39.73947318576722, -26.996695451421594, 76.06436028829039, -4.610944316106735, 37.075326561158995, -12.661284954518628, -39.47773803817957, 21.423311672381416, 62.34924822068249, 47.29140397322701, 53.57699443518444, 48.58736495312249, 62.20633955056832, -46.04793128359949, 93.24559139222988, 29.426609624325337, -106.78610004043462, 6.058764814645788, -148.86808745221413, 0.016057554024515204, 56.48948150739627, 89.21713483126787, 26.275859509681702, -125.38365932107114, -70.58919545660935, -20.27877837086927, 43.38921501435272, 7.487315605764044, -29.754682899403864, 7.445864442133662, 25.588359814672195, 59.90297378733008, 69.65411268197118, 122.3605741520708, 1.731257527532153, -28.272247806904485, -50.4690251887313, 62.234887528281625, -132.9219386579867, -29.001934693220974, 97.59015949204081, 21.617206525104205, 16.83113620173718, -13.33881170539871, 139.77819772721557, 143.87503523124312, -39.6131953809822, 170.0584734094568, 1.775820188469819, -10.902221778011382, -45.49117234329781, -31.051045437335343, 1.1867446948230038, -42.74544692280715, -28.826906156622506, 76.29236769847974, 10.443480722488328, -76.43322130540678, -69.41826544846492, -12.439041783210538, 21.457410411108295, -3.141766126439804, -65.38048225805173, -47.797490744668636, 50.750882586271864, -18.694589271409917], [47.20932631952317, -38.370140671723426, -49.66569896804897, 87.33651471513593, -85.90109852065962, -87.41367409306342, 41.20848963954892, -34.95104689417961, 70.0273185906442, -53.16624666896645, 665.7064792634931, -68.92552487041407, -60.246696548042664, -54.397541053026465, 30.411769766250814, 86.78022357119458, 70.99417170563714, -1.2666165643005374, 89.22215789403772, -20.737110130841025, -21.130161611017108, -67.67040656174952, -43.386970772576134, -48.76055070652726, -28.136228799921874, -13.25259258545022, 77.04485669639568, -72.41500342698009, 222.6057674955578, -42.459760246496295, 63.42501332831509, -72.06978157856152, 72.84126774669106, -58.9367418085718, 4.035350361638538, 50.045885847609625, -50.15188650162997, 15.123376585728789, 110.55231870929025, 44.34630095882163, -31.0156519052747, 120.0454233723685, 23.549044216487474, -33.39818316200532, -15.440965889950853, 7.81968815298365, -8.37553508659696, 64.03899967838683, -34.14192226792692, -5.509004048423826, 48.2595370576632, -120.85093125003976, 40.017585918225855, 59.70737313998507, -1.4990425966535799, -13.4840971629201, 58.38309792076637, -42.951534441034426, 42.58781311296815, 3.351756198198877, -105.13703427740032, -65.00107084091125, -38.53686018491226, -94.32863508058018, 20.713215976888087, -142.44388733006298, 65.54020414275898, -24.65850155385824, -79.00634911909839, -9.05553838648035, 49.01898394754135, -98.24711596317492, -41.51278485250955, -27.291897939847434, -16.637660872160836, -135.15021786168936, -121.65333845929273, -10.060909686406204, -22.259039202369674, 115.93987956826815, 25.441680728280186, -53.64654274338445, 33.940164764702985, 82.33009796410266, 37.61564892421212, 25.244929157353155, -42.131802926809385, -18.941656775034087, 159.5784963535282, 18.66480608118417, -100.1355762616255, -79.06880673192066, -17.30755544279619, 31.80826891922717, -33.73134323853086, -53.638746815509, -114.69918944961996, -147.82585939247724, 9.897058716621366, -42.44695957960294], [-4.28258450904008, 7.913687067433149, 45.509101613439654, 146.59384049516078, 63.33099809634641, 44.26527116064494, 12.827100457087266, 8.587869860600394, 3.785975302668836, -131.53200760594171, -68.92552487041407, 776.5645491493832, -4.760249100314299, 24.363839728167516, -24.76609734867857, 33.985435669137814, -23.828736286347926, 51.606901441278424, -2.6163132112427365, -58.412612573938674, -40.35699311522889, -17.764293639266366, 36.58622971489298, -5.349873562607373, -54.77637626243599, -70.86873792497904, -141.0398812194332, -24.383868538525547, -128.94136615020093, -27.93681436369607, 7.834247294749618, 24.42288974007711, 15.050629814209262, 10.31821501163756, -35.01271743778751, -5.7834601028212855, -75.75653964872896, -14.260268999835162, -94.38460453625376, 77.78037780627845, 35.57376820603975, -84.77458204399292, 68.18979041707493, 12.800974441465126, 22.34959301641249, -128.28020468301233, 41.66098788080789, 8.607170976953427, 22.758705055271633, -13.365669266617674, -34.61340770345092, -57.25276903253743, -87.76897158658895, 33.42556997730121, -47.78836463145961, 66.82559753078233, 80.77479536799497, 45.235745094484585, -143.19471469889734, 67.58168330012167, -48.52028996432871, 20.870101792496914, -7.464382547894885, 92.63253549358957, -128.09023647328647, -113.59678054447357, -50.01397506258651, -1.756375782306633, 132.87668301722462, -64.08987233979377, -55.54320435675968, -24.815718705335943, 19.64976525521397, 9.179538206227575, 57.35123198564645, 86.42123147592729, -98.60933977050699, 13.15950967504015, -27.05370885598111, -137.86553167232725, -101.90685516418624, -103.3131325109982, -21.079848362764157, 57.37390882546619, 35.52131031277446, -32.782462485278835, -136.10413260579563, 36.7038537711831, 54.468708350649734, 76.35449336395463, -20.279817996965498, 171.2501592818783, 30.00381363876418, -37.334480007455916, -64.26049640850397, -18.920097880300023, -42.62845635883368, 74.37283406780665, -117.7915633181447, 66.16852878690868], [1.9601134948047814, -118.82074811788017, -22.042081918825282, -49.85891868646911, -56.30995377163006, 36.96997853118595, -13.048394096302085, -109.12128580553983, 37.60347007754887, -2.899538976650893, -60.246696548042664, -4.760249100314299, 674.1214849715016, 36.22938479001742, -0.8295100965853995, -20.986404405600947, -149.34687974827227, 11.86944381678428, 53.262876669008186, 8.616177143225721, -32.171912834409454, -68.43012560809326, -13.500546474274211, -88.38394198743306, 68.2961270616255, 91.24971559610358, -66.33183401015496, -8.63976422296437, -60.260025025311336, -16.010607991452137, 20.71066731601602, -20.50889215892533, 30.984138928919226, 17.397690155104467, 69.29471018509042, 146.80839728813828, 44.93726726491473, 75.36583610492279, -62.48867422151039, 89.59838996938889, -36.30112804505063, -67.27279273099757, -76.17495771327197, -132.9278838426587, -138.34114142078636, 50.746772279619215, -16.885287050504232, 53.746674679976024, -30.95212157107677, 33.577584845686246, 137.93339024045179, 19.419900354630993, -10.753946482072013, 1.5634687264726093, 13.738630775566511, -21.699709041793913, 42.89686198659628, -104.38968803650408, -74.16693161220333, 20.139055651817173, 49.109536849441895, 20.062872044993295, 39.54478468720937, -3.493278698376406, -111.23340713926191, 1.2201509439598617, -27.018184725762403, -40.47189753356016, 28.220909035051577, 67.39309111592029, 65.62648604843562, -23.21397576405713, 55.51415186013052, -24.14711384681566, 70.18842751839726, -4.334905733697349, -0.36872826064129777, 25.272578915432195, 29.3955810273697, 94.97251870929558, 70.01948589937126, 74.60245516566486, -41.938009382143605, 42.71320241014238, 87.22345431194502, -7.487635719401712, -20.78230261853739, -10.290750794420303, -8.496940805278298, -38.2754748422535, -142.44280773463237, 29.15154160570033, 52.095365208448634, -128.85645115512983, -76.67317340518596, 131.03074021787566, 76.2815724865721, 20.311087717461554, 104.83661213920942, 145.9748503660669], [-102.45513126643341, 159.23313284744168, 42.02795680231462, 73.93234407536245, 11.435834440448726, 50.8876088155669, 14.65503044636101, -115.39084100475173, -47.74517886702454, -61.014678754718595, -54.397541053026465, 24.363839728167516, 36.22938479001742, 788.1002316026706, 26.245186700929615, -42.03328502765792, -23.433093659353236, -20.928834723870878, 2.069548075925082, 30.338547320005798, 108.64342302016183, 104.461384518074, 54.150044139194414, 35.01475863273701, 34.70794061721308, -52.50749716908769, 17.53935439921954, -35.06599056397979, 69.70647006098291, -52.35660625540752, 94.80781110156582, -102.78116670610562, 70.42635340623855, 53.21045150451388, 97.2802983438874, 72.57672953732923, -140.89660374271773, 10.848180196207144, -104.82835672343221, 23.99002650479601, 91.63423762786658, 9.397048728026768, -252.30642706669585, -24.607392456041207, 9.146097112144838, -64.59946383890215, -94.01137025011307, -8.904534147807079, 148.10593641874078, 58.33881149164364, -7.142298190862921, 1.4299390385236501, -126.26507823114224, -18.786305458303293, 60.283577616377165, 33.66674859954778, 129.72329226741834, 0.002667139163378508, 100.22094276608405, 91.55203698166365, 16.45917499870189, 91.06055192199088, -18.82962017382138, -48.039847281049425, 49.78992488095532, -96.64408955549823, 90.34968302163277, -44.52584638064409, -58.173820062125536, -41.252876180727654, -18.21104323985088, 126.8100128056728, 118.51879847910939, -27.046604433866925, 118.099435205729, -73.256707471863, -118.24778957063519, -59.70854194343524, 52.28423352627095, 82.79603005228456, 70.67753112593905, 66.16469742349192, -11.798202422922989, 24.699685221054732, -67.99573424814311, -104.10093245679847, -70.83381690757933, 98.71613270225161, -166.80896670839252, 82.21935864726387, -63.31737037049381, 26.183537312875952, -15.840757399383092, -58.685314742363396, -108.59830074836165, -0.9866290493590558, 65.84635896785782, -149.7450964115135, 95.57837029877426, 60.97326227269502], [73.6877887259325, 61.376234421129105, -16.25042156954823, 103.62390083353147, 130.47027686830978, 44.74446562151619, 31.241201203180925, -50.5560330599789, -61.64763890290056, -9.149998791251907, 30.411769766250814, -24.76609734867857, -0.8295100965853995, 26.245186700929615, 882.6059710854082, 55.685218630336095, -25.900843211616632, -142.8963100200429, -54.79391722909271, -51.14634588340727, 53.57669428674967, 58.507068454642756, 30.15259567142577, 4.381009125211331, 147.07834267446296, 89.72295925117382, 40.565021070849674, -46.12725701588014, 20.530822042431755, 30.591880178125248, -125.71169550744634, 58.4110530062457, -79.21555630074185, -103.22882940233234, -24.656959526545762, -0.2566818524567081, -15.777174730839718, -12.750299248870302, -138.68320724596532, 5.665415366137336, 103.1216282923412, -70.24262356296276, 26.23709443868785, -0.875398305880375, -2.455819560023803, 35.72840837589757, -1.8950389067036968, 8.015231547151844, -81.88068417424172, -28.026190910669083, 0.4070950732001327, 16.908322156625314, 153.51998694784098, 79.30818626507522, 70.1830922913421, 130.81861457544565, -18.174600308468055, -77.46915041711465, -100.37655336720579, 78.36149962889975, 78.99914486711447, 28.562773821397236, -27.724615900053767, 1.3155636992028474, -4.555980842010018, 65.69579256398762, 52.14212954230693, -85.40550172444715, 94.00240576962335, -42.534937529229225, -90.44630409566719, -1.4016306581255078, 198.80710685456592, -123.95282809615273, -89.40806518346473, -48.10521215649334, 66.07653694216566, -81.32177121626754, -28.146535740811782, 18.578593113183096, -60.175008170441025, -241.25730950734624, 38.36608156196497, 142.1983711876063, 27.146991756335634, 9.068133328689177, 34.39029689598909, -2.556377237935438, -53.38636548350429, -40.78169404202713, 5.045039374928248, 130.74592395896977, -32.63011965861144, -46.45570151148542, -60.913333486830766, 32.66488581753247, -116.05459916741711, 10.404844180110203, -68.51600667751194, 54.42465578791214], [59.48369487168773, -103.17148507164424, 30.05396348927826, 46.47894175423565, 38.51475737260584, 37.909050032769976, 15.9580060886965, 61.77604928359011, 66.66069294904827, -45.98784554960716, 86.78022357119458, 33.985435669137814, -20.986404405600947, -42.03328502765792, 55.685218630336095, 870.5805354335535, 67.6066734253034, -23.096056121605333, 18.05580019122816, -37.36384899705706, 52.73669136337022, -27.547172360654397, -230.93786404485982, 1.753565602419053, -69.9104441082003, 64.82747013174004, 142.00323466601114, -114.30261721708153, 75.31104161739427, -64.34770137790565, -7.89609839831033, 43.78088843099787, -40.23514506200168, 4.674160254184727, 74.63914577817302, -18.197421808330173, 3.6331022257041696, 54.60954134487913, 50.788015355386314, 26.668532213001303, -12.10957446155818, -65.38286331871413, -51.279835937332535, -38.35557101325964, -51.22467906870963, 74.51076612203289, 60.51001542942151, -10.406255861979329, 95.35341261504956, 120.96030939128799, -162.55568370652338, -118.68281746729963, -19.749478261532797, -47.520408249271426, 6.071209951938259, -27.294076532535545, -45.71666159354102, -23.6201361382705, 56.10203766935532, -100.6637886936989, 44.11871725710149, 56.39154094485184, -57.44345753010748, -40.26773279861809, 20.068538776151428, -10.932640901637258, -43.78958080203624, 62.17384525157802, 42.826892048749606, 97.21814012648579, -11.090342462478636, -89.9574406329113, 60.46416385223681, 115.9536699110866, 63.738019015234954, 101.41621238879046, 158.04884735061728, 21.900798655348463, -188.56914250850838, 64.44075476072047, -60.67323870612176, -144.9718140507859, -108.98856830019699, -134.83568001986046, 56.811213233513406, -98.93647997693627, 82.04735272680529, 62.63373524921365, 79.89428927443355, 82.30605551224838, -44.95374539893406, -116.94174742936934, 8.924276431876967, -58.49627215121145, -125.57297424462641, -19.32624654668848, 12.431969328542856, -20.553135908920137, 47.63220146828284, 7.302313142961687], [-3.8818755665539295, 17.535862734445406, 90.29728423330744, 38.24830397615935, 11.903518732952376, -130.6754566264553, 22.22824998579662, -152.78241270103362, 14.18160130815147, -127.51557979194729, 70.99417170563714, -23.828736286347926, -149.34687974827227, -23.433093659353236, -25.900843211616632, 67.6066734253034, 738.6966717219527, 73.66537323285002, -58.682569606606535, -16.400010580067605, 46.943954338821584, 61.87616235991564, 89.57357369030862, -71.09973679633896, 0.9972158412072386, 114.27595975933136, 13.243357526962132, -14.096280384400956, -77.4246675311768, -22.927183352552383, 13.470452984984393, -21.74276449252156, 56.487247126705654, -26.50574774587109, 28.20317677644049, 126.0291418553918, -7.910383918194499, 110.72394109821194, 23.87143744065334, 25.061927872839533, -40.9933062154132, -119.24753356356925, -113.88999036511372, -2.7579741059106926, -29.805695497505308, -4.200623878198036, -27.075772157581113, 38.68308982454403, 112.34219554857336, 3.8219040305504697, -7.600772872797954, -50.6034664028167, -23.90811372832226, -2.5135018267364972, -21.838255033129336, -96.7914292394692, -39.15854933222105, -16.102335925338394, 34.82381918655481, 14.776683754044063, 23.45416380843967, -102.24636807602481, 8.115971136151757, -111.24142997939936, -133.508271138269, -140.46960888127924, -13.668589216099353, 131.93816414101758, -83.76599752386231, 75.2772058334087, 13.851095663946237, 35.75535058488551, -4.325547265215011, 97.04759639495708, 50.599120845425354, -21.77678488721343, -17.623290843457756, 49.84560177384097, 31.403139077105056, -30.838359392966005, -6.479557378537149, -173.03963643665205, -33.258590591406794, 49.19579161336456, -62.81976505166018, 42.040078952049186, -33.37752921885241, -12.500162435054406, -31.242338835372895, -5.311176581198921, 45.58458388568255, -6.133830480634526, -83.26791274998287, 0.7494039360518614, -26.271637195231683, 9.466079336406292, -13.441031211138984, -89.01207204904726, -33.99459089683877, -65.9023698023592], [-44.235056940180705, -51.31230250469926, 13.664123962418532, -19.178788108368384, -46.54357392672419, -55.975318628706674, 45.599039356900704, 89.30334674220272, 36.07057126341449, -84.0669323655792, -1.2666165643005374, 51.606901441278424, 11.86944381678428, -20.928834723870878, -142.8963100200429, -23.096056121605333, 73.66537323285002, 895.1278102376792, -84.98660062506714, -128.8263371428285, 58.728161773400515, -66.36114332501084, -98.4483533917093, 82.93511302839669, 111.18429038003646, 89.50033539020225, 9.642513878165715, -55.861732896662076, -73.81435524447546, 61.43873657374788, 58.460846884803125, 35.317334860838145, 19.494936052098705, -71.44944839320377, 35.44391677003967, -16.542243096897984, 15.84346778347701, -109.73978285224774, 24.834271390305148, -41.6599507045252, 109.83812385378043, -15.602751086401772, -74.21204161867259, 52.48792104718397, -15.868794501613797, 27.58460019575923, 83.46162806197725, 125.81073316949042, 134.62673641844881, 31.53289416049369, -101.14171035856403, 117.1005151501731, -32.122829847976966, 32.2357922482931, 114.22822663338613, -121.97014354834262, 22.153128234263757, -39.93535409182146, 61.15780102770694, -144.24408888280348, -86.21247780427699, -15.183280092855172, 187.17109304465075, 2.4933765414493294, 106.39643991377945, -11.718893904689432, -171.8602144310269, -10.533293329721038, 51.41454338167735, 26.688185179572574, 34.10605174210999, 29.42265264891849, -110.21640519980424, 22.46388423004151, -14.961740527745103, -42.55602848517174, -115.18676265846673, -105.58548019948603, 118.4483643842734, -90.32840309526173, 71.08403744954425, -30.85585614755189, -83.4032526636891, 10.28607038468409, 20.167265022337933, 101.96012382555304, 7.631055982553081, -47.855439986939196, 114.01052803131671, -111.19079011533398, -71.21307340650591, 59.407614293239654, -114.55754990030546, 134.41300573948078, -20.051957210852688, 72.54011893001734, -33.965765433418326, 27.976170147448098, 61.84174973566815, 23.784813617495566], [15.765989469222113, -68.8232172298114, 44.13253783435803, 8.162330208855405, 51.717729728878695, -27.32348400607431, -126.07845196893403, -55.0479597556049, 80.12776294809038, 15.56109542937732, 89.22215789403772, -2.6163132112427365, 53.262876669008186, 2.069548075925082, -54.79391722909271, 18.05580019122816, -58.682569606606535, -84.98660062506714, 709.7741401055598, 36.07587987599917, -6.99252964751073, 40.157885091190174, -4.5710291433341235, 95.30995339895313, 36.63785557098377, -108.32677656721881, 69.91052428972222, -30.262290004599308, 55.9986228214908, 103.00333460649648, -1.5514951144188325, 24.787467441780546, -94.79681581895844, -84.49480986529967, -145.38847717782875, -1.3097701114000389, 18.088238066746705, 189.7544825074393, 0.11253946390533083, 62.601621997663166, -100.30180864867049, -14.433036865376021, -28.6927813502425, -68.17091920589057, 163.45920277542888, 63.56343959577436, 29.622974787604768, -44.97765936983032, -18.925570748239764, 72.08160850927695, 16.334333157371145, -86.1402273878677, -37.00415170709078, 25.522070737627157, -1.2273807163839654, -47.65852921975665, -81.79846821917218, -6.579815528309387, -20.54195853266891, 31.658295802106114, -5.701424499621595, 57.263563101688256, 29.98369970528537, 39.689882433080385, -15.783920904216075, -16.711072936348547, -40.62121427273311, -53.33537631371143, 17.68221100036276, 18.47370231188014, 99.5344628581278, 21.496894905313667, -57.89488862542769, -72.83718348240248, -75.98470557222844, -75.36731862277561, -1.493985545701235, 86.26276983131483, 58.69412623663869, -5.196171526770648, -85.36853320273728, -3.7047395623368145, 53.314823276687406, -81.4732598071794, 35.43456564138943, 9.620135082373663, -52.79102911361628, -66.59888692714114, 56.47646951190489, 160.17168592677362, 9.004971211242053, 193.6943229206335, -47.81800691710499, 4.712168569499864, -2.1376870592576127, -23.55707580450457, -8.25953306181415, 1.225434904025353, 23.260510940269608, -8.115553148388454], [-1.1029381953779305, -11.60311927048837, -129.350351551412, -79.45718921549651, 53.07038745219617, -56.57466487061725, -1.6420301959413868, -4.226708126538685, -2.7578351716030665, 172.64039800293622, -20.737110130841025, -58.412612573938674, 8.616177143225721, 30.338547320005798, -51.14634588340727, -37.36384899705706, -16.400010580067605, -128.8263371428285, 36.07587987599917, 637.1383960877624, 1.8055166156128017, 41.07380885025714, 24.053436685630565, 57.51605411349183, 3.175910883054186, -33.92765102060014, 33.10484411739277, 155.2476108738248, -68.57581067479417, -22.750204846154727, -74.49710105944045, -86.87352293313181, 8.518754691920615, -60.659906430134065, 80.51205536666676, -86.8421677060552, 119.62455401163434, -9.642502438597521, -128.86386604242838, 37.34355955726842, 16.553100190684876, 5.170894261549564, -40.485921778046524, -38.04072229269905, -61.71360321336173, -66.75323213924823, 0.5070135903042416, 29.811459974731026, -81.76492757703625, 76.48857034060941, -39.44887298339654, 78.27677984370791, -78.77197970340725, 89.71110704235433, -28.6608814109527, -41.594987047859014, 30.25799789293862, -88.23969029619222, -0.02787790846603695, -65.83374238857577, 14.576390915724055, 5.57587643704806, 53.36429462381323, -15.17436916923794, -49.248901021946914, 31.909289307800957, 90.16318796215236, -26.010432515313415, 40.38107555957723, -49.988286266004465, 6.203288818799482, -39.25324272376343, -33.23024873340408, 82.70615733430614, 26.267374279971296, 47.0354874454699, 137.20021055309317, 28.880213321226265, -79.78557058097032, 163.75369770930428, 71.78056223269282, 142.75108849605928, 43.38324868616525, 51.314252688491415, -125.45759577821813, -78.32578183827529, 57.23803648864119, 138.99680593169793, -71.7944560202534, 26.673418341527388, -8.954427921247666, -39.65812910118511, -71.76223191387959, 21.060472300175686, -3.2262131633059377, -63.786808739088116, -87.28028114960244, -35.72658829191894, -57.8112901109076, -48.48514158732599], [-77.68265340389829, 54.03777256074267, -3.115779880472884, -53.11409518310107, -123.17917473427352, 17.478670693784235, 5.7368566237733525, -25.02030634663182, 35.90417854186587, 43.278150347995, -21.130161611017108, -40.3569