{"N": 100, "M": 5, "A": [[[745.8986588453753, -33.357889985273, 130.29622441611684, 4.52736865655806, -1.6883529770784742, -36.13065014890355, 25.185652440255506, 31.174163921780174, 42.37369364882994, -45.090933739772076, 11.250079497357815, 16.923540781380666, 37.54903367958245, 75.0583243415854, 86.49351405156179, 39.490574023384326, -96.74287168102491, -123.7453896008776, -9.17063350379443, -18.258014728111196, -24.479895768068765, 35.38349207855414, -80.22576512686463, 1.911130762159307, 100.91657472020442, 86.39899762107731, 119.09388807168276, -158.15650164141007, -21.95491651848888, -12.550142095546724, 52.56987617280235, 75.87599277451702, -19.82491951316158, 80.7853841998287, 70.16101644507941, 125.91514570620167, -51.324294245303825, -77.86690032102328, 37.09806426962233, 1.3230416364869386, 17.47576830861099, 136.39398569919192, -12.969833373829426, -7.3355982502047405, 20.922772527041364, -50.863549091025284, -9.80830805919583, -16.55192228328087, 12.770393488124887, 51.492023479890044, -11.188547618287416, -5.087951077306886, 5.628871195361598, -86.05004663961155, -103.9425283306746, 55.60587509145745, -79.47034950845641, 26.617991151826093, -65.37249216981063, 73.65886953706328, -48.626153611987725, 72.03856899404808, 20.477633826492387, 26.735031607629292, -7.889806227137129, 51.66768003943078, 78.18554134723355, -25.303848183955285, 30.200789083024777, 7.898446142301653, -50.53122981547321, -22.37114082056877, -5.369487466372006, 10.216147849910731, -49.28962441739362, -106.44672858158832, 56.385049448396195, -92.81466220196438, 94.27733065471335, 104.52803881511434, -40.077580261328535, -0.4105345008841158, -30.846077545034596, 15.061611983971469, -55.23571185159222, 38.54953344714726, 159.7523386226932, -0.2739036746602933, -71.14164468588693, 3.4347697243325594, -25.285171106157442, -35.30732821292336, -33.06258579291631, -3.114727839220512, -148.73738275668043, -5.70579685645978, 54.74624521425414, 65.49734755251066, 5.932874697828017, -41.17842957603875], [-33.357889985273, 646.8410043579968, -42.13016273049017, 116.69323658297196, 130.31388081483706, -17.46080191885346, 29.379959731085957, 59.759132339138766, 2.122042391197567, -11.907348185222315, -60.93742777402808, 25.910924232165605, 34.69392410726146, -19.689341838076984, 13.367829876619892, -41.1879583322552, 40.643098541874, -20.510946653321014, 54.44461587562934, 46.546620504827395, 51.797219827384296, -26.51423713946063, 4.855582181144279, -14.710653181203625, 5.922655939627934, -7.651434980514362, 13.187930504794817, -35.441833182872934, -22.833402517873605, -22.476250974144335, 1.2098011421580985, -90.86707700397831, 20.51572252864971, 60.23817885103841, -66.24791989179933, 47.73040760235865, -1.0135663019583407, 70.66428025497079, -131.8014143786123, -75.66504401791323, -48.83983120490301, -66.65773849005738, 99.45072484292685, 4.889089836567707, -69.8291194157252, 16.028394463317987, 48.78587362648783, 16.635508368990905, 33.986069417024154, -27.161949829723913, 85.32296694031126, -57.525583945955056, -64.98040250989708, 1.3960733604986406, -98.58295513833113, 91.8696830485536, 77.91237100807516, -61.81371231864138, 7.417798737123461, 100.36330786661128, -183.64123338588118, 133.3991592263154, -129.97604441729737, -96.9568772109091, -44.26790101668642, 24.66209614819319, -27.806631501344583, 0.5646395633213876, 27.93923031182954, -38.408600203384644, -74.64579545050408, 33.63607715992417, -1.6091802273660931, -35.74717211608275, 64.07386313973663, 6.43865011803434, 88.23928094171937, -76.18278816558448, 49.139102612119466, 53.09745655745655, -64.59902344945723, 3.088294468056853, 11.95095761755688, 10.422974810980538, -17.29710726482581, -70.42823294883313, -10.690545681741943, -13.728030122405427, -88.57566363901755, 66.59915869698267, -81.1919362559358, 29.498433239746227, -4.085144687346264, 70.48379739919153, 91.59105776006426, 27.534676271813094, -3.177066683898869, 142.2003030565332, -78.03296952155381, -43.1745189489914], [130.29622441611684, -42.13016273049017, 673.5729376640309, -4.466813331229584, -69.94246195341499, 4.852878079089003, -47.153945067820516, -37.05703815019921, 31.94079088354439, -22.691316618277238, 1.0068337243115384, -6.561549440966846, 58.53905626545053, 96.29089449811715, 32.50388266413592, 9.088883402215574, -62.87142979408777, -20.05616847846632, -23.80260905994312, 62.14705548548184, -85.28867170126661, -87.03719535910972, 9.489928425356844, 4.807323358031949, 49.95441893577009, 12.27425597450079, 34.05674220628232, -21.56319493333899, -83.28679962388671, 19.1731760778175, -5.552181186807807, 143.0533830128953, -90.78891359026623, 59.238084661861464, 146.9003867121074, 19.170963941850157, -29.616688156699034, -42.7614984514619, 38.96739194429722, -40.059426953347774, 110.16179302904294, 62.91591413653952, -82.13285700987211, -105.84946491475885, 41.43068718343798, 28.715758264928066, 75.56114099851831, -22.2864995151019, -73.94406953194053, -124.91637023978599, -55.16252978127992, 72.75118677213132, -153.46159122439255, -74.80010376670083, -119.51149977432175, -12.170875106652614, 39.69151730066792, 49.90443591620679, 25.724115293517144, -88.91282399003622, 34.241476552634914, -46.723394916886804, -7.022148348113346, 17.942193275831936, 41.97634853867122, 78.49357997728815, 32.79309913694834, 60.62658840127455, 40.93828998800235, 22.03325089440501, 37.86039630695049, 68.95138237185306, 66.09362305004831, 24.90389351663756, -57.82243451036491, 39.96875963485789, -169.0342007829567, 5.932855896195857, 125.59817948560858, 69.0169244546163, 7.26562210408729, 39.02256397816754, -41.821850666959975, 76.99247930927287, -32.696355170764534, 7.396831426058377, 38.94845285671716, 32.94340514381004, -70.35110454585205, -94.25428008494784, -1.5665874434112743, -59.617564247901285, -28.386894891191147, -35.17096655012536, -50.0329044514739, 60.77894155315786, -52.73763499491399, -53.2517901605326, -39.701586683244194, 160.32129155668773], [4.52736865655806, 116.69323658297196, -4.466813331229584, 823.1142771780665, -128.36551107423796, -63.94651835258961, -2.0116655964657326, 57.207289040290135, 44.556536371378215, -15.800948650282598, -50.19198014115875, -2.9819309504706935, -77.16619229912635, 55.209565996389735, 41.09823725369475, 62.78349881393883, -42.01485722153663, -4.584398950411087, 48.63242201218876, 157.98982963135174, 91.21280226733508, -22.421339862224315, 85.89186772309486, 7.428618769093703, -74.8431326177868, 11.609261085091276, -62.150067854200024, -15.99326501454199, -48.94668356702883, 69.45140583564306, -76.5419842079054, -49.38699798452963, 16.780782029678512, 35.326486619974304, -132.3060292840735, -78.4676456293889, 30.077676787219904, -118.87263243268595, -30.16013908847323, 132.25012627046968, 62.592988091391696, 55.13587589904683, 77.67230099688776, -54.74552212656822, -41.55517264541138, 90.25476152907699, 38.76714589282925, 48.673494565457375, -97.60632911650714, -73.72459836208638, -18.99465685429379, 17.7047410381181, 1.7303803809788445, 30.526225609189684, 42.328941018311795, 122.37477043748387, -112.39321604181987, 75.91822216259699, -2.00455935150121, 60.02685518183893, 4.156201554511608, 27.535318587429355, -35.87975945475314, -85.34095090221143, -66.12451515171223, -10.118349115352515, -31.334589414629075, 52.1810792910959, -67.35526057106706, 129.81162446145618, 40.478057908244175, 114.17255801230151, 41.24490033226612, 2.824847530058648, 72.11541040612596, 15.36170898928556, 107.32389643703809, 52.62674752063883, 78.03688993117733, 161.141923947982, -109.1991521049699, 79.30556784207869, 207.4679504467761, -3.242511393349922, 155.65626558043465, 45.74923247955934, 28.775956203028667, -46.23934820856806, 71.64975668526613, 7.475669373630601, -110.29071956035625, 87.75951818550091, 48.26788405380872, 180.41902040187276, -35.185673732541574, 11.421081801124881, -22.36715707285107, -40.12527426791267, -29.28094003142714, -139.2537657331646], [-1.6883529770784742, 130.31388081483706, -69.94246195341499, -128.36551107423796, 811.817675122, 91.69074723999894, 5.377510565239842, 63.59517335230074, 110.91286100133682, 37.07161209376408, 129.45229994677777, 16.125496166652688, 157.97389053189949, -104.98921278803567, 130.48764698362416, 8.909891730093648, 96.21996342100593, 6.484011828531071, -80.0427396873617, 44.429062460537274, 58.26134272350609, 33.20787608626894, -86.13976680982255, -14.603712337582186, -28.75779497142557, 43.18876017925357, -6.857407979211199, 24.53549092950186, -177.40144041531977, -126.20804731023426, 28.350337898412338, -46.7050347770683, 56.79814211977188, 187.52728521141506, 76.88167179791853, -22.030176911107684, -22.627453089011603, 47.00648822453954, -1.0617421104417144, 50.70557944302915, 61.897400578757804, -69.91058611516993, 87.65356778077158, -84.71281055491737, 53.82338091421681, -52.71310253608555, 15.049388353975278, -98.20998243849063, 149.05021375380045, 55.865749925073985, 18.91861220902672, -31.73421242206884, -68.36903920914006, 4.48489353254193, -28.21242836116451, -46.65032756171184, 159.53059981507676, -34.012613860007576, -31.670163409102415, -61.945490787987524, -138.44205854141296, 71.46627971678407, -32.92941570176257, -33.34557258531461, 55.374942013359416, 47.888156899751884, -55.91697603633691, -129.6133767614867, 31.906657965089018, -14.30952129791545, -16.767702629771676, -53.129860355953134, -47.84914850857298, -2.5335828368499462, -40.69537249459205, 5.349727258565585, -106.00336613278563, -89.34151285784426, -91.06476833442983, -7.180384510154434, 111.83336083129628, -51.53097396199825, -46.12242600309135, 113.27527009376118, 145.0487202809002, -206.80678997546613, -58.23422045672771, 39.33901281679192, -18.806027202546456, -51.977056473981065, 53.66416990129686, 50.56061279477371, -110.98042583555174, -84.10414111630375, -21.837676439441367, 89.00977624708582, -90.15241314339505, 71.79841177508376, -61.7560268457436, -39.837345038287836], [-36.13065014890355, -17.46080191885346, 4.852878079089003, -63.94651835258961, 91.69074723999894, 638.6652629972393, -39.75614458828104, -0.2754606254321588, 82.2281435679821, -11.800121029262543, 33.2294653189018, -216.63125468598636, 68.60985160682121, 87.73184924291157, 26.69408389444113, -2.747627516345763, -81.68894820681898, 24.144394140883556, -12.356086445135032, -42.53266981863637, 59.50222453279192, 14.328347205324098, -45.39947937728514, -31.55543348361124, 12.181483704208548, 49.606358333722994, -55.41731129234176, -1.0300641500108931, 78.75114480529898, -2.1634039270584355, -31.44775079290827, 34.86068542951338, 9.856625281891652, -85.7103672999482, -62.714475290359076, -75.1991629210674, -28.976705061566616, -15.87942791196848, -16.98614356620284, -34.65018215710457, 16.60058157110523, -13.896861384141202, -38.100154381051304, -1.3413020596122338, 89.40581412262063, 43.59552325319806, -8.586306256538188, -32.47441877535251, 47.28754138400628, -12.70112462259001, -71.49752351576925, 61.58755568378606, 81.16932347918657, 127.16321835365747, 36.94971147322555, 91.43570380702623, -27.468463567470245, -118.55782024391398, -72.53369618824166, -93.76881046694676, 61.259149746618014, 17.283394488256874, -58.231768793014396, 134.69123772156422, 23.00188115681116, 225.07804524878657, -19.81987463248934, -59.080918762445705, -57.63258560154309, -20.094196008795482, 79.65053652226575, -14.803178109432398, 63.14412785949966, -6.8201779902895945, 58.801570314843175, 23.783076893645383, 6.1865599330123775, 140.80972445956652, -15.884587158457823, -78.3640414831839, -102.01195697231252, -15.806519822161839, 28.881884944900555, 69.42301775446501, -11.5540978803807, -89.56952636123278, -82.72554175684029, 27.92438674829924, 20.597305169365413, 158.9478105592409, -10.238060417051308, -5.660121189734616, 20.427202484016178, 23.35359527648485, 92.89233463856871, 16.456928528697848, -51.54767799414276, -7.533714974974924, 6.522621682325056, 19.90511697227889], [25.185652440255506, 29.379959731085957, -47.153945067820516, -2.0116655964657326, 5.377510565239842, -39.75614458828104, 726.3379503969497, 122.82885859662842, 61.96765459773616, -25.573883032769654, 6.797716329712777, 87.76934529107385, 47.7843449960189, 41.512407396328165, 6.823121307180609, 48.64811824724363, 14.964027429065165, -41.1948541100458, -23.818666812652946, 11.881711457534196, -58.63568229587484, -26.35953420235227, -29.44877982909677, -45.89280824922629, 38.74146914980225, -49.09404856389653, -48.26867222329667, -128.9373470278417, 100.43252074172572, 69.44894430842277, 0.31335710874742556, 42.55876546341917, 20.43554281946198, -114.56249750018713, 9.80579770708278, -42.58623004462164, -104.12375210558136, -42.769553849619236, -69.94129246711346, 43.69072273279439, -19.55169755844166, 31.740325976836566, 84.64219418816097, 106.55517581843029, -37.0437794600904, -18.32259945660937, -0.9958264055036297, 28.082423166931964, 90.33364250978026, 14.705554558899856, 50.47150500257421, -24.68461681499428, 89.6289541923886, -40.49087319726115, 55.17784250008304, 33.637479388869835, -23.44776617760481, -0.6146483219479448, -77.529984977621, -65.16903305464938, -49.47720312428701, 73.49798880521537, 52.68054981308172, -1.325814279848524, -54.304356197678835, -9.374600250137398, -9.178659380806874, -24.83101815106464, -126.37616153994243, 60.183882912049, -129.40504463196146, 32.036467766852944, -17.028298192556132, 32.30818466763314, -41.433182834392696, 12.598320075108777, 113.26345751668231, -98.84284515482983, 10.647214671544296, 14.9105569030654, 12.794917678301578, -8.458990234393605, -76.99329320027158, 65.8803056717331, -20.39833516510044, -101.63237674964321, 81.53735340574195, 91.62463613856707, 49.74489617438848, 39.71968817693586, -21.10206605806559, 0.09230374018642577, -13.278490547109632, -26.463354138471036, 3.5729320887110982, -188.82125014028557, -17.699650879593886, 33.53979670615313, 15.279075447422532, 19.53874710316346], [31.174163921780174, 59.759132339138766, -37.05703815019921, 57.207289040290135, 63.59517335230074, -0.2754606254321588, 122.82885859662842, 834.5637317009512, 126.98256630002273, -68.52813183803418, -24.82310648430001, 106.90345446096208, 103.44641099846595, -93.36554912668464, -147.2480761184619, 2.434300308536947, 4.107950603579629, -82.9993076579834, -31.133587553767317, 109.16285286331028, 79.88568747492694, -16.946510600129308, -61.47687220881952, 69.07159986656202, 148.86078379847933, 57.96779063132119, -117.85635308738465, -7.459616585445179, -99.78251474252575, -69.49987879366812, 38.40045365535046, -7.751366911713715, 72.42379529871084, -129.51134083398847, 45.11636355821073, -95.95402935253992, -70.62188237502342, -92.48899456841559, 2.4835457314745675, 19.084861279757057, -60.88760275912071, 28.009283944926814, 105.41696712902345, -14.124940468233895, 37.93033522232964, 23.260386701719376, 36.11707995189427, 126.30554751049596, 32.26679016903818, 97.27289589692393, 42.947844914486325, -38.40501310853182, 33.82763731924242, -49.08113899814412, -63.376760061638784, 27.522768810280443, -56.15085957879815, -97.17928488232327, 121.21869225648678, 36.52354725479352, 19.64422312756687, -3.2330166189435405, 95.86952985292073, -16.401078674472636, 68.90171254831398, 158.79401540079746, 26.180186413758094, -26.99511158299416, 4.561029564659282, 111.29352836442794, -25.621729740596912, 87.99699257876965, -46.90646559691649, -25.884848396224793, -0.2349307269938499, -138.6749271256496, 59.91233093610672, -41.07059230446954, 7.876628371137747, 86.02110586761603, -29.04607813186586, 29.452538241087154, -41.99434798984579, 81.43797790806882, -101.07659927937598, -47.382194285805255, -44.52540307228174, 15.4437522866583, 32.0032086657414, 53.5329194227685, -49.712179133643986, 10.33526910036851, -2.846504872405264, 81.64474056025728, 58.28435683746677, 84.89802134665707, -52.66251033049773, 14.06043658174905, 110.75417826446, -16.507839519240946], [42.37369364882994, 2.122042391197567, 31.94079088354439, 44.556536371378215, 110.91286100133682, 82.2281435679821, 61.96765459773616, 126.98256630002273, 802.9900985825863, -49.4755601377764, 7.05045098515616, 5.455751431887578, 11.786951483330434, 212.28474324406412, -67.57458572928346, 10.957844995890492, -4.299957924837162, -92.06600103031839, 85.07312048204628, 33.851325219747444, 61.6183148974227, 18.06533878285201, -29.677515839732145, -36.32409738381624, -71.28198039492518, 21.28521268656888, 107.27300711037032, 27.295908225427223, 21.447791797987204, 7.800676717382881, -43.7731292773887, -87.97990189779411, -7.295297118986547, 17.789261159000358, 45.53320046698552, 58.32454068073878, 116.4653293871324, -122.300663848963, 59.83498939406975, -3.898064374079918, -7.583158439371967, 100.07509580609991, 87.03276275358321, 1.3090882778206105, -43.90742116701639, -17.889920251306915, 103.50980084388291, -7.381146125928815, 6.598211315833131, 7.940344792489715, -96.10957894342455, 5.860710025067883, 70.06740229812617, 0.41823728867763865, -6.714306702104457, 25.323161275730453, 24.33298940832187, 52.2501401985108, 144.74816441249448, 68.94613118095296, 27.91506102984252, -43.806140495933064, -107.10100839422357, 13.223654096929272, -158.15306051163063, 81.75471512357953, -35.64158257213132, 65.4152962469904, -52.71331197667607, 73.14057252209876, 82.13349815386428, 71.6568237712731, -123.48794257724818, -16.383248667225846, -9.659839352022079, 12.464416268095288, 29.9206357273902, -1.0589850391018074, -43.87643538533841, 26.79405250685133, 44.591384491886615, 177.0917728364913, 9.68118511535578, 46.62278963717245, 59.18228772648236, -51.83210443203917, -85.42770084421781, 48.241794938485135, -11.702544389178327, -18.683247425606815, 74.88613115687785, 10.285481217093535, 17.65429571520043, -50.498768725091736, 16.64859534238345, 81.67720983899413, -45.912545144591576, 191.9208716862007, 94.44928845126819, 80.71096362023196], [-45.090933739772076, -11.907348185222315, -22.691316618277238, -15.800948650282598, 37.07161209376408, -11.800121029262543, -25.573883032769654, -68.52813183803418, -49.4755601377764, 613.217307570275, -6.605213984312639, -30.583547660185374, 73.79967570187812, -33.29204298846458, 38.369822938705006, -17.7752389772745, -21.36237589322352, -34.161800148682644, -54.79513705431917, -36.806871049431074, 8.654074400098635, -18.122803136645796, 72.33770178769267, -25.737923291618603, 6.244621171775642, -69.54303801534398, 72.5031953366287, 37.74735947462016, 18.229522855174817, -66.22857547039304, -30.22265830908253, -13.507256313970545, 112.20463009164835, 16.488816235766848, -67.77845032520764, 35.39094297664109, -36.613746195094095, 49.74667102427639, -82.92608706903428, -16.517399875433632, 29.593246630759868, -90.85981913015112, -26.30143155093584, 34.85343591067386, 98.83767283811423, 19.615428069783537, 46.28205909582265, 31.588155937748464, -28.803777386936016, 9.058534238973213, -38.261159697633815, 95.57321723791779, 49.4910780212462, 25.133477139613404, -122.28790354391332, 45.311069907085226, -5.064415559114953, 28.03421254195511, -180.13732427966693, -58.3382199578314, -35.62641223320699, -15.237820542038346, -67.33412689613223, -80.70944656033892, -111.74040863100207, 53.9561548219429, -71.88832027136804, 31.196225388395185, -55.64082608402596, 77.78198792119407, 104.49209619641103, -157.96309714553968, 49.6580099427804, 108.56924808267931, 113.39356460608069, 17.96415614611589, -40.106335749358685, -48.78585563104338, 58.262904797324936, -22.169665420250485, 25.08326044131146, 19.449321310206777, 96.87731644473139, -35.273759367052094, 5.867932218915253, 14.296531612554663, 114.04208852170963, 21.017182202040033, -24.131891763945863, 36.64243641028647, -17.278082961213407, 58.42509417390761, 49.02267525234396, 35.70135470216577, 54.94165822535311, 11.893081084502615, 72.06882642728617, 47.69955369639343, -64.65217838719366, 61.21539757282008], [11.250079497357815, -60.93742777402808, 1.0068337243115384, -50.19198014115875, 129.45229994677777, 33.2294653189018, 6.797716329712777, -24.82310648430001, 7.05045098515616, -6.605213984312639, 584.8230628319589, 16.11094757767696, 75.53695773642622, -49.38403803395574, 10.497811594824029, 54.71072811455998, 23.111487402145872, 3.8748064672990794, 32.74048578710807, -41.43760439432112, 99.48697510067898, 0.30762307896067004, 25.143321642865818, 12.941012644420635, 2.0205951511315248, 69.63496363036263, 54.20996046675781, 2.70595157155493, 39.284534272256295, 10.34945434175237, -54.869096518221916, 15.018446147281749, 47.62903879821973, -2.795924680744956, 96.38129541831992, -21.10691965656035, -7.356799853747388, 50.79128701837222, -29.96418371597198, -48.62404327265512, 109.87779395637806, 12.142770521218035, 4.9493210231409694, 20.63627405232655, -0.8434199236347144, 59.60927776158718, 33.01119277560197, -53.87282777934907, 85.3545796650345, -58.269878315424485, -16.411164691789654, 69.9696601805204, -64.26422479358075, 12.184601378814255, -32.40431398374324, -67.66951253075058, 61.74497336576334, -41.31578093069181, -39.94731075715256, -135.8244514822653, -31.641161883870918, -9.482691606300392, 1.5983944991416035, 46.57647122315645, -23.420198229344233, 6.369719304852782, 17.769219144674054, 6.118314657434502, -25.735656585606712, -5.183478787515888, -48.429915414313605, 83.94214795062608, -6.260881834634342, 33.17056743919802, -80.21300158309059, 24.41130579595499, -33.2821970027011, -72.82215209251262, -140.76571442681052, -49.58721571313, 32.42536774955109, -2.679674342066263, 38.11017784013281, -5.3615119608380475, 102.3294360097683, -1.2700312677579584, -74.00064846454381, 5.724299730962289, 60.9096958457047, 7.264608243805657, 114.08574232327155, 1.5256273797849713, -7.702999560272143, -42.91919980849708, 62.028675834491075, 30.34984644476523, 47.69347679789694, 1.4856160753926533, -18.47350241239762, 43.5003108105328], [16.923540781380666, 25.910924232165605, -6.561549440966846, -2.9819309504706935, 16.125496166652688, -216.63125468598636, 87.76934529107385, 106.90345446096208, 5.455751431887578, -30.583547660185374, 16.11094757767696, 727.538975612009, 76.28098079491126, -10.652542018091678, 25.48478301886487, 12.781832436690637, -57.831093754170595, 20.613580591012045, -54.40506747007308, 28.429402450058685, -16.985063106642908, 33.11529603720003, 9.49691556272839, -114.05102326362501, 76.36546222587779, -124.74186304661251, 203.49642640719404, -33.10615205918238, -76.1165891330412, -92.9357299939548, -3.4981213022636553, -8.786105731748181, 45.95363791880378, 105.99857138866743, 50.309683591105475, -105.01566619481778, 4.578861324235347, 38.085559613426724, -66.86963959131276, 66.61591772302494, 10.884239942504365, -37.8651274486793, -97.1633222632116, 14.596189595725251, 13.880161750234315, 37.048842841788954, -59.018827220523804, -5.692601175640783, 56.124258159846676, -17.680217305580552, 29.449041207090712, 29.493073303305206, 20.808476319184212, -2.708070841575373, -5.217491211249465, -19.01328823736405, -88.71592507350876, 9.362019416069371, 35.754597383798746, -49.0860507157705, 24.95222292099033, -22.815141871277287, 32.462956119487544, -79.34672170263768, -42.70611279716798, -34.34412502084016, 23.208162006752914, -43.718906086328275, 77.18917088445643, 48.54084962433828, -56.71926129137851, -66.73303792270526, -26.955365849205077, -49.562394160918394, 16.520672197746585, -53.3458641811316, 65.39320665706786, -24.22102995994787, 35.84074756519602, 10.986395954915524, 44.163382076994864, -20.865950277099063, 37.523381469252655, -37.92501966616754, 112.84057996691938, 32.787770626900375, 171.66950583699432, -73.28016253700036, -0.6859560888097844, -25.47694889109018, -18.05951871129654, 56.94515899526544, -97.40318095394107, -23.127652038222706, 7.40842881548101, -86.38356064403952, -41.552021759602546, 30.400838645957588, -1.7784325754000918, -15.82368169422939], [37.54903367958245, 34.69392410726146, 58.53905626545053, -77.16619229912635, 157.97389053189949, 68.60985160682121, 47.7843449960189, 103.44641099846595, 11.786951483330434, 73.79967570187812, 75.53695773642622, 76.28098079491126, 759.9194022495876, -59.437383434632885, 59.04022948989779, 51.46718645547381, 14.885742755801257, -15.562668441758763, -39.16152662123037, -35.77417230866442, 47.46542022201289, -0.72364463963619, -43.17640386213669, 78.95208004482419, 27.149790592124315, 19.796245453930563, 64.4347782477039, 64.72314311999709, -107.77145284944926, 1.4369260927952257, 22.19067369793085, 8.33278878444119, 89.53956017216619, 18.249925591261484, -74.0163721331284, 90.13322233994914, 22.97093890095004, -56.60670138340296, -95.48919670931993, 63.493166790957304, 33.76049410324589, -54.66787184482995, 86.03057915221648, -14.722102817680353, -18.048937697902762, -5.667072969851691, 4.599905462718418, 0.30816838113288064, 81.66350332591514, -30.87865781269083, -21.2813262236414, 7.4454443832979464, 36.61767948691307, -68.54299282664547, 10.161731967524458, 61.96982247686323, 45.64405470005708, -16.58940870547625, 59.114654544694055, 43.88485609073233, -4.599345467983315, -10.331305383243762, 32.23780103118955, -138.1562887113878, -71.23625771282894, 28.378520920773845, -13.546527759074342, -17.54294575053838, 102.56905254231341, 15.664724537810914, 4.274205700346466, -3.882945980267847, -93.1856295995885, 27.354667880858727, 28.380843042647545, -32.27037565667209, 87.11426115503379, 7.381990669401088, 1.3931260769517255, -195.15719795971754, 43.461544076348865, -42.51399395310953, -29.246753672507406, -17.336837863749146, 88.9516085468159, -65.6777575373728, -81.48972946773624, 44.80453467272993, 25.748832369504203, 65.64385715558701, -90.78001075920648, -77.58370685655754, -41.704848732899016, 54.62149876663733, -33.36491613142841, 43.09690620199886, -13.615342962129093, 163.5095162304448, 46.81435407660007, 43.08588625640567], [75.0583243415854, -19.689341838076984, 96.29089449811715, 55.209565996389735, -104.98921278803567, 87.73184924291157, 41.512407396328165, -93.36554912668464, 212.28474324406412, -33.29204298846458, -49.38403803395574, -10.652542018091678, -59.437383434632885, 800.2980904806996, 87.00760589686756, -28.872683433112144, -104.35195045062122, -92.1602937473114, 43.91010781316872, -127.97154573771992, -66.88338702868602, -88.62229878775901, 32.96095095306841, -47.03286474739073, 8.158862047245249, 12.45481784523185, 109.56148450085864, -79.27525079838725, 208.3760230115782, -121.50713881359212, -39.91212152934891, -15.341600375635492, -32.570862514002826, -33.90822713983014, 63.295524987824756, 87.31994603945675, 2.0169298765338146, -110.60366107281693, 79.98683779637315, -3.475510876828625, 92.47879024124008, 95.6122602992264, -44.07138648904375, -47.4309199851595, -78.90038469247777, -118.14101214835057, -73.90309951300887, 5.567111683895448, -91.84427291656792, 11.68646080819299, -70.23185502171627, -24.97238847041324, 34.08766345627254, 3.046016036153251, -118.20391381678404, 97.7172482598704, 57.214537204194535, 31.78533281237909, 55.956495560726104, 90.04421470705937, 53.9059116805457, -80.30493423064428, -145.15747051254866, -37.88029296118668, 8.315160287213983, 10.693760119168019, -2.2287320512805, -74.64530551897182, 6.690302118499541, 19.879659867976734, -103.97569154080031, 27.378725708636775, -30.093999505531787, -67.92492935602985, 25.44171339556711, 134.19450762977874, 93.88377947243849, 101.02994571136982, 105.2382056037066, -53.38218181682616, 53.78708879631122, 165.88585232967628, -44.3144161990212, -50.81130259026855, -51.06052389754452, -13.434549834775149, 78.4273758193776, 11.984163512202043, -27.83994778978016, 74.86847243328342, -10.732784938524215, -139.36499101529967, 0.017037495730511144, -32.984129302052374, -17.44692323537133, -59.29831599759886, -7.4452884674809745, -70.68241549870326, 50.4801996691778, 83.67377082777031], [86.49351405156179, 13.367829876619892, 32.50388266413592, 41.09823725369475, 130.48764698362416, 26.69408389444113, 6.823121307180609, -147.2480761184619, -67.57458572928346, 38.369822938705006, 10.497811594824029, 25.48478301886487, 59.04022948989779, 87.00760589686756, 727.6876675258989, 8.55813243778864, 57.37897764963934, 78.47847029920572, -98.91254340761198, 64.03157092089988, -89.25470176242585, -4.1405945729315246, -56.15599903316395, 2.0666494117407925, -76.7722923025763, 29.290137292762154, -58.24512156086738, -83.75986027903859, -73.71381400602367, -72.53034957832654, 30.21968180096313, -56.6253390353904, -21.274659859894648, 47.860826235041706, 0.6914807975578207, -1.1424680671635108, -17.66979416226954, -31.703021777802807, -13.344052934219313, 77.69775399341927, 33.760229183175575, 26.294448218236305, -102.54619488318858, 70.16802208552635, 47.09663604520392, -63.06230977680931, 5.375975506056771, -150.32201531434973, -4.142753797677674, -20.256975155297813, 16.619271267978114, -19.568624547543248, -24.280211070472287, 11.580523557478587, -98.08883403238002, 43.0606674231424, 109.01112180255373, 16.789416667807384, -51.544417562260996, -96.33687068497586, 1.7679668414054774, 34.558710900292574, -22.618129595319147, 83.44912055281377, 20.1726091038635, 76.04908147333437, 10.833734246932556, -119.14356991775813, 83.45295106797988, -92.28641977209301, -83.90051012843362, -100.74057713577243, 111.56794344177415, -36.741754933468535, -102.30981400322625, 22.817911670593542, 111.32239065099657, -160.0566554976686, -12.041557128636645, 62.460327414786086, -46.86581341975555, 93.78687303128977, -11.647273646022274, 21.73108150717862, 130.9737485224234, -27.853871443072464, 135.01873371109124, 51.43012777668397, -78.76628467561629, 103.29035139454221, -36.93299178919934, -11.147235380017749, -38.750849348256544, 20.624536927181637, 35.28165468182555, -43.26555906817022, -58.39038428180057, 38.260035869935635, 126.4150829517364, 6.373668159078555], [39.490574023384326, -41.1879583322552, 9.088883402215574, 62.78349881393883, 8.909891730093648, -2.747627516345763, 48.64811824724363, 2.434300308536947, 10.957844995890492, -17.7752389772745, 54.71072811455998, 12.781832436690637, 51.46718645547381, -28.872683433112144, 8.55813243778864, 587.9051309744168, -12.975448902690653, 87.35687252568603, -10.388420386859355, 88.60168917555991, 88.43782649807005, -14.154254368521352, -157.86825517468802, 47.17257380392914, 3.4329436584081776, 31.567189158241835, 63.713032583572364, -85.31706741629722, -38.26315050793809, -72.13661566775316, -33.98929423667826, -14.560219206741559, -26.73157348612071, -132.8115018788874, -67.84800166804644, 48.41816835903041, 5.475308674927408, 32.06409336700468, -21.043661151695268, -45.89375409077095, -11.341662361367991, -7.17982016531988, -28.754761562162162, -17.105676261619355, -56.146962195107456, -46.39689841181173, -63.079221131905186, 82.59316392855708, 35.745982158719784, 13.504925858776483, -16.118378975586904, 66.83760147540308, 45.251699085318286, -71.36754389519254, -73.68304633147615, -27.174588292839672, -108.32680135338403, 36.12482290312418, -2.267213934683849, 38.1929482644725, 9.612914686919716, 10.935370955358257, 39.65356313302077, 133.43674578090727, 39.382245981965866, -23.85676579686493, -1.644514943715754, 25.511544810609596, -89.5598489831013, 5.484742299094715, 36.820180961754794, -16.38241337531248, 111.1105784436831, -11.27523913664968, -56.44333567164371, 15.925001197171017, -23.95524786467248, -93.74732847803486, -97.05280181353875, -57.69232846650856, -46.44511453019297, -84.63456512050887, -48.489592578317236, -26.222238798682866, 37.13487869161587, -17.01841402125867, 68.81691397221235, 80.14678722415968, 76.89142470899694, -49.69494271255428, 69.58767039786599, 25.27138845995031, -46.04610364162272, 74.40714335145661, -34.03671292072374, 113.96997250361159, -38.41616441833844, 18.271834004921818, 3.34640681299847, 24.80639204429103], [-96.74287168102491, 40.643098541874, -62.87142979408777, -42.01485722153663, 96.21996342100593, -81.68894820681898, 14.964027429065165, 4.107950603579629, -4.299957924837162, -21.36237589322352, 23.111487402145872, -57.831093754170595, 14.885742755801257, -104.35195045062122, 57.37897764963934, -12.975448902690653, 627.7847103263347, 111.87977706127138, 2.508337683201724, 119.89996725545646, 20.849747370528917, 52.382007621606384, 36.55610302278402, 22.694272110357964, -5.839560322317155, 72.89727363009771, 31.800772470535662, 5.552545916045654, 71.51365468408612, 49.566869605841475, 112.62578294434157, 46.66449831044672, 112.47656503646546, -41.566304835359006, -12.03135156422746, -9.654042388242363, 23.155052245474337, -18.358065933668996, 60.04080193038324, -10.283565833387172, -29.892373056434668, -88.19218069580471, -37.379717307210505, -25.16623516768139, -31.112624620332173, -142.99092050364865, 32.88610853649562, -33.1936141981607, 4.904576034284485, -23.530037204308684, 81.11589520556879, -76.4883357160027, -57.90500399581512, -2.0630963901854353, -50.310340674528305, -84.58648863589939, 90.34056834544775, 54.76515380867195, 23.31458893085058, -4.756550018543457, -87.26237510832725, 56.45277269715404, -1.8561383329610177, 34.182455302515926, -41.63718262583034, -99.721781303382, 16.898239529686833, 12.889077514971419, -12.661294779078938, -39.46964966980648, -67.55329895531686, -27.169536464621284, -55.58502382702136, 22.976371721155417, -74.96485934121591, -32.4470662041489, 76.72582786032375, 20.779552263910848, -11.61911251900962, 22.422827274369748, 41.225473332869235, -63.226180516676465, -31.31232258262615, 91.54748271966105, 2.8107065240141567, 81.29414572878574, -21.505670106898357, -25.73623595156333, 60.82207628898683, -24.85783625624949, -21.843117009598924, 50.39709066033051, -37.21746862574374, -92.56880946684461, 113.87820112919432, 70.86404204060008, 72.9475827838909, -14.335315662117685, 87.59661766915323, -63.03819711311209], [-123.7453896008776, -20.510946653321014, -20.05616847846632, -4.584398950411087, 6.484011828531071, 24.144394140883556, -41.1948541100458, -82.9993076579834, -92.06600103031839, -34.161800148682644, 3.8748064672990794, 20.613580591012045, -15.562668441758763, -92.1602937473114, 78.47847029920572, 87.35687252568603, 111.87977706127138, 757.9707035698058, -13.221019788869915, 47.17967657100177, 37.29533161004993, 80.91485671006582, 20.86082906282623, -2.7640428889309514, -70.06986150951965, 68.56611963135344, 6.193060842034934, 70.09670619679306, 107.43348348790148, -106.21113783273542, 85.35081707175728, -39.81856057629815, 70.41566709992365, 10.630222207305154, -56.96546048065813, -40.68670307512414, -76.22887575615965, -71.94046198206198, -30.00070948101421, -89.20309449907535, -33.390628081089666, -84.86809184334288, -53.76165418348393, -88.76406770220343, -62.64212096123948, 52.644405946416406, -153.21463869120817, -22.911403519196472, 30.290894707809485, -42.07730702570093, 48.769330870611334, 64.07828147041666, 64.7580594880205, 94.80248493394338, -84.59213683934198, 92.1268189206933, 35.31054783109636, -4.830057169847963, -91.38116062434607, 18.556467916928902, 98.84692909179995, 65.85508658696811, -28.349055854801456, 30.606204085131107, 12.226525358260405, -178.5509431271278, -25.41669666150603, 29.543552568707135, 77.99999231047313, -83.95837486758494, -34.93062230574836, -138.01752908341484, 13.94573416090776, 12.288614601796425, -102.84878875182231, 122.58040550734908, 62.22514014648859, -3.3866795436625616, -35.24253340953452, -38.16371400842563, 9.41691398561013, -55.744520357087374, -21.397417557735608, -10.841267791296179, 59.18209899179028, 16.6905804877674, -4.6472157393265014, -52.657347962008096, 38.898710078451174, 32.151675866424085, -10.214097143065304, 73.55119967576913, -51.733736015066405, 65.02288777192494, -42.37962502080943, 57.08942217740046, 83.2124389363423, 78.12258908486237, -29.166436095168798, -20.011101210137415], [-9.17063350379443, 54.44461587562934, -23.80260905994312, 48.63242201218876, -80.0427396873617, -12.356086445135032, -23.818666812652946, -31.133587553767317, 85.07312048204628, -54.79513705431917, 32.74048578710807, -54.40506747007308, -39.16152662123037, 43.91010781316872, -98.91254340761198, -10.388420386859355, 2.508337683201724, -13.221019788869915, 638.7539604320574, -49.586798728486514, -13.53996919474962, 11.620607536781906, 34.95221583143113, 18.925518916640524, -70.22796563615546, 35.4284242447155, 89.42628198289752, 4.517920217155896, -55.453505677961225, 142.9960365548646, -25.19270172391815, 89.33459980543904, -41.74782046875489, -32.27101233960604, -108.53415387955204, 121.32058849352373, 46.83092340049582, -31.306170526351714, -53.90845285985347, -80.07051870144507, 61.58006987278019, -75.04250230608315, 25.916240631424632, -59.48865728673508, -103.69700590621848, -3.804598897544571, 59.62022160102807, 56.90742164173984, -97.84111640983576, 45.23649362204474, 27.536828454075092, 69.99018827572125, 167.42759869500415, 44.06909047971444, -86.27119930047664, 145.13117246781297, -19.204288312072432, 39.87755675503181, 99.07320973094562, 1.5735143210304332, 7.574912779668446, 38.32517958014955, 49.96980586379499, 87.81248928417627, 45.02616000631728, -3.3706230762300438, -6.190897036323612, 54.802807964399115, 57.06441553591542, -68.22935412944804, 30.291727547419697, 153.58896007875092, 56.464406547022186, 33.501050960684125, 8.541473841873998, 18.52652923312742, -46.84118445474322, 85.60171545275426, -47.765604539133314, 81.25632347152848, 126.08140369104643, -38.085475364608314, -3.754270698588345, -90.79810053386164, 4.963432481553066, 5.444243974511566, -130.33901452958293, -78.43029395222217, 76.47098824801547, -110.48400168888548, 0.3637300206986517, -49.96755718488083, 65.57844597656755, 76.99756145293532, 7.373885114860358, -9.207841014903805, 43.50278061701812, 49.49768881262024, -24.78802247049381, -28.13560904164307], [-18.258014728111196, 46.546620504827395, 62.14705548548184, 157.98982963135174, 44.429062460537274, -42.53266981863637, 11.881711457534196, 109.16285286331028, 33.851325219747444, -36.806871049431074, -41.43760439432112, 28.429402450058685, -35.77417230866442, -127.97154573771992, 64.03157092089988, 88.60168917555991, 119.89996725545646, 47.17967657100177, -49.586798728486514, 759.2880988588057, 21.8362448271262, -104.0731017186349, 46.51984379183326, 13.855026585445746, -23.548945018505087, 13.72402929143813, -120.49737439272639, 4.059032472832817, -26.799908166514562, 31.083035274893405, -29.751103492999388, -28.132850751968665, -104.67056051602971, -112.64574230658802, -65.06300677980357, -15.528480505537525, -26.112605019442178, -24.349298146562614, -62.08544448577754, -27.44047780390828, 4.467852611819005, -108.42862027020287, -31.387167038570972, 71.43610664952188, 53.95948537497454, 28.139185535876294, 19.53211745518447, 18.728005101142596, 100.74302930796817, -93.29307586928081, 74.08652629672424, -20.388116672150485, -9.364297608942344, 44.89475129290855, -25.824014094948712, -190.481040199708, 6.794383543985279, 56.10412690860445, 1.1627123514159476, 21.21683657631689, -144.25302215789918, -12.919373983702537, -145.85411571050605, 117.12328847173444, -18.86697274167529, -73.94067267099153, -59.61509453555356, -84.16698174265724, -165.51146288569385, 63.59455331100839, 29.454499955397498, 29.876565345839023, -90.78325348338579, -129.3916703254582, -0.8365972401841426, -46.90559835927842, -50.892933010599826, -28.862934497333818, -118.3761129796033, 13.932922101368407, 21.53260983447237, 4.840823529427824, 84.17378887452773, 32.84262532402577, 132.4861891889796, 240.69080073472838, 1.9056904977454943, -23.27004857697349, -11.086784606197014, -28.650693707777283, 53.09774702876361, 72.10805320800033, -50.47579377945634, -38.69224761123675, 93.95660772363982, 5.724272463396149, 39.37064975567714, -91.96870145643953, 39.53204659141292, 14.482898386542978], [-24.479895768068765, 51.797219827384296, -85.28867170126661, 91.21280226733508, 58.26134272350609, 59.50222453279192, -58.63568229587484, 79.88568747492694, 61.6183148974227, 8.654074400098635, 99.48697510067898, -16.985063106642908, 47.46542022201289, -66.88338702868602, -89.25470176242585, 88.43782649807005, 20.849747370528917, 37.29533161004993, -13.53996919474