{"N": 100, "M": 7, "A": [[[1007.6148903523796, 122.7373743957501, 25.464390455271424, 120.11400850847168, -41.10309086635596, 83.4669829459089, -49.87518117814855, 42.437620284450986, -79.40522872437433, 13.454798328345003, 65.48915075086391, 87.6246990627444, -40.67562131316618, 5.652603543358156, 75.31955311133926, -56.52375845730978, -30.700233667547476, 9.992298286462653, -164.7378735709045, -57.29504707362428, 3.7235014419592045, 75.52665820387321, 82.47315194297596, 32.56936783715534, 100.45037313304182, -83.94507786649066, -3.3965588472610273, -90.75895815747559, -158.19992887115131, -53.56051955779568, -36.12168788692802, 69.0433915083479, -179.73907350502432, 74.10355820626499, 8.011000907907933, 78.1451400209336, 16.5929755189489, -87.07765893943835, 94.09451025648067, -43.18214273290216, 68.63442665808066, 41.48536015009263, -151.4259065267384, -11.405128008489868, 132.83007590815745, 90.89854005384755, 119.55266729149841, -17.612331283530096, -10.813259217097343, -13.411692960896898, 107.04372700239779, 38.41274458186366, -30.549489394833913, -38.14732012731804, 7.77223892034528, 78.00538453745736, -40.85275547083137, 63.12404138779251, -32.91210116309488, -5.233243987198103, -51.159295234218234, 30.497511562177586, -14.183672631518732, 73.53151153337538, -61.190101457395066, -117.76319442658597, -97.97827306076073, -146.81234261981632, 182.9305234269593, 99.72451898683563, 48.99154888550487, -49.01284979880835, 111.26443894549492, -19.548260220756397, -3.7686808876049214, -116.95110773901422, 141.18908829163274, -87.2438538876842, -28.061657812407976, 3.4363631729965243, -39.683455119873514, -143.76455532288472, 84.35047125844325, -37.30601137889125, -45.30719466136809, 139.15744165599804, 83.34231530317274, -72.96441974331748, -21.50194885125731, -72.57426987794797, -124.75618650712397, -57.951123562397214, -3.3411824334894593, -88.90404883172064, -95.3463757799929, 5.727233065349359, -41.73556981224583, 10.719527058224147, 149.4613429504795, 29.17866032617074], [122.7373743957501, 915.1868001350907, -107.03291296324583, -51.39924188777018, -39.55255355846345, -27.512596847256876, 88.86126019057832, 142.5053968915788, -27.707000144866036, 9.811366668215273, -26.879312018710216, 79.66802276848358, -105.58642162177019, -22.375217366887505, 77.58248051099729, 62.545769278368205, 44.77982419769452, -207.66162479007806, -11.868201013175995, -154.25618598975137, 0.7389623198146731, -153.17713145086248, 66.8035480276957, 49.199367627655135, 62.46056769210193, 84.8299374786182, -112.46428158893015, -39.03997477813377, 31.974235446045373, 172.07977871949532, -71.36354900570024, -48.106404315773396, -11.03278340801599, 50.2946830214749, -85.24727463742855, 7.325244346145522, -29.158842632493794, 32.103631764474535, -92.66378828045265, 102.51208327219024, 96.07453478025442, -2.648768568935327, 50.01925873664758, 75.19376759319181, 204.6059103910508, -131.00187146496341, 1.7836005332838594, -11.966372957223953, 86.55924763162268, 46.260811480311595, -3.3814309365545405, 48.22772394213128, -147.63704595095874, -4.3767442462783235, 151.5087918794787, -72.95311652793909, -2.342871760037339, -5.95063578722791, -64.71868986338703, -110.22630254042657, -0.21048218466576704, -35.07200694904931, -19.06682678650566, -24.472030425063515, -93.20117644737746, -51.3213194712112, -60.859068809755094, 232.23920346949072, -59.58461847059888, -53.39944754450523, -104.81317197544, 56.75484706331617, 27.005808460325696, -98.66098809681112, -85.28653572908947, 114.61000701968894, 91.65625376555016, -75.43640055291465, -55.90741529670101, 38.616307558694174, -62.02741629301345, -132.7862812311595, -31.515025551665936, -3.135139918510764, 18.53329970552997, 67.6347614259337, 105.44666970335285, -8.849547656982537, -6.5177871599037625, 67.608612744737, 17.50937351575584, -48.39426953098205, 57.74473493371613, 72.02900336475135, -115.87171570051957, 139.5541982598868, -114.88607904969514, 18.70315638385246, -1.529626518577841, 87.57972589794548], [25.464390455271424, -107.03291296324583, 852.8460721506035, -50.03249300841764, -19.98613343397051, 75.7888535842922, -37.449205309615095, 170.86030672619242, -207.17309229634068, 56.614425699238915, -116.82590504168655, -38.79612296985378, 42.90424088089217, -4.05051604575007, 160.7935328715981, -113.60200453704951, 28.804837319016706, 41.24650333916842, -15.434889099581785, 53.61101508426466, 57.81536620604634, -97.26129080627199, -74.08898348901567, -72.17683863312938, 71.63155342150199, -47.591264923217615, 166.31559943928033, -23.24879395525887, -94.38538425175481, -32.33681558571292, -55.03748282234475, 15.893631300860092, -15.407526496390497, -145.20464135689676, 74.9004185386128, 46.968283507874446, 30.70377217518886, 2.7464233907468936, 73.34054978431699, -66.27769157519106, 1.8572087831981834, -102.80579319732779, -90.22287695272239, -46.798144400583354, 13.522389550097751, 142.07849134626923, -29.171681653101295, -129.36901675919538, 61.41578711421796, 55.90823117079944, -75.48915691161629, -0.6412045243579816, -22.595499898955342, -31.396810602845843, 27.781944546936476, 60.85165885756769, -15.760461940234151, -27.40180577633062, -76.31557019427572, -112.37297424458772, -4.0672682560334, 6.435354698755701, 54.276843747064866, -64.08237620040869, -69.42451183814866, 0.5763129840187149, 78.753559587388, -25.81407743001809, 133.19039097780686, 72.96170935148632, -0.9673014883079646, -14.283849750795435, -59.766709497047955, 86.9212820104235, 56.489906965042785, -0.16043178402029803, -116.15091232551916, -98.33158308150158, 35.56353662477527, 80.86044462197404, -50.714975842461, 42.019446606366785, 7.257681125728885, 4.891781145484816, -15.749673972923903, 64.63899726562036, 38.65876966920629, 125.34773343169785, 83.65300988235362, -91.5413760175672, 89.67027780850638, 29.940557023569365, -32.88472399713111, 80.64734430836168, 38.783215881189285, -38.708805650138906, 125.67252299895748, 105.69765670939093, -33.31888189580951, 83.44508955508644], [120.11400850847168, -51.39924188777018, -50.03249300841764, 816.3486451190024, 93.85038237154727, 100.75847268582636, -51.10051820007788, -65.06313376518077, 130.98563068843671, 78.51930981870184, -49.486529134848084, -48.26326685540128, 65.55665104563033, -38.01129302863673, -126.91778064817323, -37.835895377709505, -40.91691993933636, 146.40349847399546, -19.76482642787681, 36.71478922537938, 138.97597421646154, -63.514243216858645, 4.970656216920229, 162.8080932477999, 109.17857902913279, -48.67683451784585, -58.660025029364114, 25.18193068449429, 22.950686027230116, -138.26971036929012, 100.48923609399864, 96.820290809846, 81.74849625822534, -110.58533900484551, 20.379454076837035, 18.193540728011367, 18.837348537043304, 1.4408503551358403, -37.70749078692731, 34.560624782083956, -13.43517066800579, 61.137419594168165, 69.5651603964158, 50.74969654734199, -53.72701680432878, -6.604259458290166, -45.59756900426285, -102.8218685449378, -48.722599691922966, 56.55832832077708, 8.580599393398057, -97.8800901565767, 90.17586620969075, -87.90543675497707, -40.606313549759946, 36.75878040175991, -14.266477041904372, 127.12561377918239, -121.8896515817707, -98.17231570595945, -14.492543978271161, 71.72172882842466, 125.75497769473516, 69.08353898616694, 85.72151813731764, 85.31719661712027, -97.2530978859478, -4.448281455461468, 100.08716348160995, 98.58723301395408, 26.336524790294057, 81.61356822796698, 45.872577672786214, -32.37054899445526, -81.68267184140903, -101.35897060014092, -66.93369974203128, 7.636775766538916, -19.367100635445436, -31.882966204621074, -98.9208363026837, -21.764569642253154, -64.3594256913451, -19.30690222328968, -10.3358469475405, -66.53780585502743, 44.76753571381482, 121.40221217122647, -195.06461278296956, -29.278597590924093, -73.39115555121712, -75.28175107033829, -62.01841925017143, -10.327127861869569, 14.625597749401592, 80.64189817634825, -94.79027953067686, -77.51447322366698, 48.34253700871655, 37.15674720921939], [-41.10309086635596, -39.55255355846345, -19.98613343397051, 93.85038237154727, 912.0801621321132, -59.319375370095756, 66.30301246908755, -89.31408203863344, -79.29067735912166, -110.19748539215716, 76.9321259351085, -64.51991226951269, -75.48543835438322, -164.46730469549055, 10.474020471761195, 20.451463620829557, -197.17543254598, 66.72174157578624, -84.44571333513669, -43.441614096049726, 40.85385515604077, -82.01739016899273, 27.69522993812159, 124.9102226855073, -91.23420961979339, 49.356909911685186, 53.02230261996452, -78.60584350663473, -1.0448868889590524, 35.75327523652979, 49.82895572106003, 38.01471585713131, 162.4510884145483, -51.93006277096422, 40.062837377921525, 12.955344358001453, -129.39401211264698, 44.812371156120136, -134.6251949814041, 109.93435119446713, -128.3372934240118, -164.06503843177575, -9.124941801911989, 137.89738267692766, 33.27986696627746, -90.11052982457181, 122.26512277434088, -47.166415604612226, 45.396703178934956, 96.31254961053689, -21.72809603094352, 21.237425530579454, -33.80978740920011, -56.89223321707236, -59.94273545543576, 44.34206292422855, 5.329805815097347, -22.216781958447324, -95.02540362959442, 23.885418743716695, 69.56883897035787, 83.95229159409662, 39.298885951413276, -73.19655956999918, -3.0685055858716304, -26.512119109680807, 73.38241349413728, -35.698370329069256, 36.8546990600441, 41.1901289421017, -49.523250927050164, 137.7336105503956, 94.60186134910822, -55.90065444495147, -104.06631459536037, -44.91748923617742, 156.24905345709527, 16.181995530751482, 6.4343249779186795, 44.50950074780543, -112.27116393030369, -70.06561513663064, 46.295311091655684, -0.936356580773251, -77.17004602580785, -52.13319851762566, 27.00176441374467, 22.93420046357802, 14.927570138351086, -6.600297510390259, -46.836603879293925, -155.07674857021402, 47.052569068965305, 28.70483216477887, -48.547994136630685, 23.14619993980155, -44.064061165718215, -73.34545348938552, 67.17738274912412, -201.12603370259356], [83.4669829459089, -27.512596847256876, 75.7888535842922, 100.75847268582636, -59.319375370095756, 877.1296387602168, -8.593508035593814, 137.99179156439172, -152.16105589156084, 81.84591984613247, -43.475916273836326, 216.2283135055709, 36.13786801189685, -104.53096148216622, -84.62769633772962, 8.270178390187324, -3.6142193566300316, 94.51992468975779, -103.89646504045088, -66.17488033191871, 95.51342081039562, -45.23332889009885, 62.23555665367658, -44.1755797610765, -117.24898764051444, -24.094652318216244, -21.921045401617533, -71.01713039450064, 38.09022095480522, -24.67586444228849, 93.55360446098109, 48.8028368298433, -102.33500194791431, -108.5056287499807, 31.63281489360818, -75.87879290918798, 44.40975976911501, -25.15260952909024, 38.497429262141196, -103.43040989496438, -29.414032908308624, 111.95744627191232, 41.182074910477446, -45.084041412555244, -36.51838167521376, -74.50640085658951, 32.21400446098423, -9.277126081875917, -79.92926496485435, -26.65846059007368, 19.607844420453347, 9.857474677014755, -9.493105763986366, -21.3214125096721, 11.88528805971174, 47.651900673613376, 47.42927154044948, -50.74960287763353, -7.021059818463504, 24.719728809839356, 16.780737809466864, -59.92628012294706, 82.67728810858031, 77.24451885065994, 10.530726991670626, 83.97825202058976, -118.59992628314056, -20.56219325828614, 46.844815963263954, -72.62797306881937, -89.95224976764257, -110.07875626123324, -101.11781622715675, -101.75095140566305, 47.46316003708418, -45.44295604478107, -88.7339471103074, 13.695823851801148, -17.293879541935734, 30.398911795258222, 27.176685694313285, -22.620139734313, 25.97219475961429, 46.34193915750824, 31.243273530543576, -0.39726089461474223, -74.74575812459278, -40.53053393489049, -113.66350336418029, 9.818019941178513, 161.2852207280341, -186.1754728231545, -63.817782319499905, 8.769382805440074, 86.58277123869047, -10.265100811793216, 71.23932981500431, 25.805223147380865, -74.39684766781717, -3.8836033237369008], [-49.87518117814855, 88.86126019057832, -37.449205309615095, -51.10051820007788, 66.30301246908755, -8.593508035593814, 776.2490277973693, -2.465747420261279, -5.131993752089147, -159.18566151986104, 30.3684058442429, 175.27829393918685, -134.70986953705034, -40.61706765475592, 75.42845156914267, -88.71423672411207, 42.26707161803358, 118.10218509279636, -45.6973286634932, 8.43512507096853, 39.112982710247664, 55.96587341208436, -103.38037425202981, -36.06597643909772, -1.0872013914016776, 113.47153719131414, -55.6604195995615, -31.380919267382446, -16.510664984827425, 29.72715726093496, 52.49263652442951, 44.97896811836681, 159.3773598959151, -47.111005552823684, 44.87211720428042, 9.079021061546024, 34.120187517032285, -14.063393383984476, -76.88015135432413, 37.26601740652645, 29.86326777860836, -5.742893128334833, -52.57903049279397, -12.72087326534279, 12.691151627796662, 127.39442611920802, 53.388235672467104, 32.29950153831592, -25.20864372983125, -112.67980117567721, 30.20969098544903, 44.95614053429005, -0.36302928945355983, -31.080287584890876, 75.41880953394204, 29.65201576488209, 42.33670733750652, 27.881002481268236, 30.99980450605401, 75.68968408620086, 30.772964791977348, -4.692045382704937, 9.410444572493294, -66.35144133250591, -9.569372432900401, -107.05054375310992, -65.92137011422025, 164.71588464178137, 37.540353554075566, -42.624062889680104, 44.94617066092369, 96.50176827725524, -166.55991396670592, -42.532243372186514, -55.14169458525277, -147.64620324162362, 35.307514247933135, 70.19700184547948, -58.592228708187164, -27.326276199124717, -14.280957508133147, 48.017617605306135, 84.48951740371005, 72.70779419685192, 43.124821823113905, -8.244684247977483, -47.61600736157767, -114.11111065144496, -61.35825050191586, -124.10791066194093, 123.16942550399027, -136.51639867992563, 6.621131729879628, -8.588400665858373, -78.47049438615544, -16.183458107047, -92.2424437865086, -40.551078613803895, 1.4698360155669628, -25.565167798359333], [42.437620284450986, 142.5053968915788, 170.86030672619242, -65.06313376518077, -89.31408203863344, 137.99179156439172, -2.465747420261279, 934.9105659495954, -79.60908228328154, -5.843101360885303, -26.07740820741152, -54.783365168383604, 46.22705136117348, -143.8435602163451, 62.70108144906774, 77.00031677614587, -87.87813496572622, -49.18269049835138, 93.3168100290603, 97.48462433007548, -83.80435585283206, -116.47010349423432, 37.118767697312585, -24.208942352102515, -44.46207031973336, -222.9521087770906, -121.26888608211593, -109.6708756524064, -6.150340296535788, 13.923530965256132, -22.257344630783425, -60.86150087217349, 7.2831810271546535, 1.861825803947503, 38.14802764286723, -75.78842090949526, 12.493943088940618, 33.917794103072865, 103.70779156667781, 82.357249226279, 13.092260598983904, -56.19840424187212, 56.633548004147634, -36.40919724523384, -16.743204894729562, -69.27798305003635, 8.108140931253292, -139.36682730505228, -79.94637518765083, 0.9452292516833593, 35.77738110335676, 7.116213942681465, -46.616925027672096, 87.28443099186819, 45.106752417852334, 71.43448051211584, -64.75506156425635, -119.11866084949833, -20.341936017360148, -40.65351917644581, -77.51315571865538, -75.7661288486443, 81.1630883116267, 75.01651250840409, -86.15217306213266, -91.66361522836243, 71.48803620695998, 21.35954262864362, 23.641173399756013, -9.691490988155868, -48.50973204038258, 20.730530793052097, -100.7793366886278, -15.22402701188221, -41.536251387369546, -2.5255962933732032, -70.73934334763366, 60.07668640168497, 105.50013184242746, 31.973419676598304, 1.6608936450353524, -33.624437703956616, -49.093513540552756, 9.134475832555335, 100.51713502671025, -70.08622535574116, 8.852005625879325, -26.84341891562165, -17.49016989303769, -10.968629923962201, 55.825656604710446, -66.59682488368502, 28.277350219788364, -41.3014968389613, -0.6612538676269476, 47.31057244772587, 12.162416082663178, 97.47056691917649, 59.39709735818742, -68.37786862943463], [-79.40522872437433, -27.707000144866036, -207.17309229634068, 130.98563068843671, -79.29067735912166, -152.16105589156084, -5.131993752089147, -79.60908228328154, 913.0457359166026, -8.12166887534842, -101.19347416094315, 21.268212094782484, 87.26457339454085, 94.85658214679387, 43.93014554461224, 81.32869750074524, -87.95887183148126, 15.305871081767664, 23.61411928452327, -57.73956634276243, -60.261928587930164, 45.09009329002693, -77.84281818084946, 37.4835191147494, 12.189975046935695, 125.44190131203936, 23.21586663350763, 97.05881586443006, 180.20161565742177, -168.8917221541369, 37.23882554478735, -38.73191595066902, 68.51171873574323, 218.26159667570087, 22.02533438673187, -64.55142010798608, -33.24506764818071, -79.10604981652212, 3.779454621922211, 29.69012098639719, 68.82974141102561, 11.491692689709023, 30.701550773222404, 7.660765262885036, 32.386127784361335, -39.818828440398846, -80.00385460382456, -45.25757258736728, -25.606644326763057, -28.799948133403802, -122.64575671616659, -7.643392461896395, 90.89264980382826, 151.18130454187812, -113.21972603350824, 56.90763140587074, -39.0432233480895, 32.28581769366845, 5.764414183439899, -134.13249869142473, 34.15141492839502, -52.08674960909067, -10.919469735164853, 88.03379439435531, -55.364168501307965, -55.822109724028564, -42.22574600337644, -38.1122962434672, -112.9269513637595, 30.778356448207433, 5.626239480776107, 69.04782252576781, 133.31393956770563, -76.40398222425233, -154.1824113437423, 65.88513464014648, -2.0280309416984905, 76.9414515236415, -51.13142322777537, 6.753887515416829, -25.783004422511446, 122.28377791266234, 108.80224055332869, -86.21488062320826, 107.75088064823497, 25.968830226884567, 82.50696021374183, 109.94629704812334, 47.17927584755184, -3.9089208884318034, -22.316816933026807, 86.99653728835908, 50.242010772605816, -79.55977584329625, -23.58289611787919, -104.86375707116653, 5.645850344900741, 145.3489432530665, -14.346057976828572, -99.18651637370618], [13.454798328345003, 9.811366668215273, 56.614425699238915, 78.51930981870184, -110.19748539215716, 81.84591984613247, -159.18566151986104, -5.843101360885303, -8.12166887534842, 1022.2829746705446, 62.41207010108609, -77.45813433603585, -146.06599457527264, 4.354016951928086, -3.2300270992601123, 35.82271450490922, -44.527651610639246, -149.35870635417416, 39.43033704096723, 59.53718914103124, -5.692729504081439, -28.74180307522284, 18.565281767975534, -66.4699492216578, 75.22647161783368, -7.370001136803115, 9.513333433130194, -74.4563389627358, -63.819337059158244, -50.36776652986619, -21.198380909047117, -86.24178125247177, -121.51893155173053, -86.34545078234197, -131.91385093755545, -151.66082362722884, -36.92519561720176, -116.37852063713096, 64.2779917226725, 12.056402853431345, -2.713663855685506, 38.91581986542573, 29.888123086169877, -146.11709246040166, 33.06028963423162, -92.76648366157889, -82.27104096106541, 108.7261128946846, -17.614753413521157, 15.49047109056454, -0.7502772005678896, -85.82163800520698, -21.8703280063365, -21.47532612429972, 46.92485934609184, -68.38216471179872, -15.43105096756187, -69.89463708026527, 171.4120761238355, 26.508857249547408, -65.17827202932993, 10.447339051757599, -126.13209138221433, -19.246694705150603, 23.525226021675774, -63.9101101635821, -53.23015531620618, 19.86857366890015, -52.97191120423921, 0.5909472147978215, 103.37395607006097, -43.739401123052524, 104.85343019018694, 5.171065809159268, 70.56824769294103, -4.258725109939705, 103.53385693924382, -42.78092341194409, -104.75799118579319, -84.43406341278678, 56.18686471713943, 142.32495019837705, -38.98250157884785, -77.74182056660464, -10.992295347675892, -128.8233922548475, 36.405471068778134, -19.33265407258213, 51.66663484580879, -16.151586533846963, 79.72780320838947, 97.69190708437641, -133.71142185003058, -2.505781034215098, 63.48848132338904, -14.232046502037537, 5.876925193584585, -34.23307001117062, 58.1445040440525, 97.67965917518586], [65.48915075086391, -26.879312018710216, -116.82590504168655, -49.486529134848084, 76.9321259351085, -43.475916273836326, 30.3684058442429, -26.07740820741152, -101.19347416094315, 62.41207010108609, 1214.4476733533907, -62.1754732657316, -90.01746671187519, -61.855831071330286, -89.68283336842023, -27.32693858270676, -80.49594253286001, -104.75442992418184, -11.95580522311666, 2.019251185621695, 10.943609917619577, 59.976112571035365, -33.27000931473134, -118.97257863574505, -7.604067723317597, -72.1826293408384, 71.65588547002008, -18.92420084559659, -18.288172490065488, 53.592564986854846, 145.0367215912713, 59.60534498574554, 84.56584453862337, 183.3938468611912, -90.74935629697602, -24.87044969460138, 8.63607238874497, 65.16969072854826, -106.38019964769514, -110.9923400655847, 9.398554609493003, 78.49429545729087, -36.18522554862919, 65.03991916639697, 37.56900291844611, 33.01183288761808, -101.27416500186217, 3.724669870470334, -63.793666163241234, -70.60733367525869, 108.86109068466936, 68.57537877810904, 26.068233913332033, -70.40289637039285, -18.852917457964267, -39.476957245302465, 94.10654527437258, 137.29016633140606, 6.460930204100717, -24.444615586582838, -36.70946760269716, 101.16006006720642, -119.57617784339132, 4.636933624652712, -112.11040346680748, -108.33927191911329, 113.58017630443278, 78.88395859780624, -100.90835277366526, -49.37673265860308, 146.64079868772762, 36.460086700760705, 8.335768636168233, -25.987117136161707, 7.169465466698397, -40.86979837180762, 91.03095274430834, -105.40964549759481, 34.42379267783339, -156.9252335257728, -86.38121045141955, 12.653679290664199, 3.6994814229904067, -45.37838428071071, -57.943640597512946, 93.36189272191109, 52.6401506449942, -21.77315990814995, 23.101499435572762, -16.88013036431068, -163.5208921196756, 11.178738462758437, -42.666415351715855, 16.65004617544131, 99.11894845493516, -46.835498459868475, 167.56699913151346, -157.84633074148215, -36.59929886054174, -39.836881950690035], [87.6246990627444, 79.66802276848358, -38.79612296985378, -48.26326685540128, -64.51991226951269, 216.2283135055709, 175.27829393918685, -54.783365168383604, 21.268212094782484, -77.45813433603585, -62.1754732657316, 930.2142010486747, 38.74271363064114, 150.81198323170534, -71.6611259560012, -74.78585204961531, -5.5555805683595745, 70.56063257445823, 5.0513909386234825, -27.657244771528227, -70.66012901282139, -91.37086628062018, 49.234070257451876, -86.79317492472218, 4.565842259752836, 79.02128483776116, 39.07726422970005, -86.23435214120224, -23.54643993594295, -44.86832943104701, 47.62001548740078, -61.88526396901987, 57.69209660410049, 3.5612245365917157, 47.504354593572565, 18.212769303813108, 70.79059673540593, -146.87940126705368, 53.87479398566643, -180.93543376647767, -88.9489206684713, -68.94471685275913, -18.27692907126727, -91.34121089855282, 29.221727754321275, -14.888225161660122, -30.496296385859097, -61.196701369861906, 80.22920627494612, -145.2450213950624, 91.23774823431017, 202.15105216774677, 37.280953934604526, -4.629955522787321, -52.1439532627447, 52.12438431778607, 50.510465709459005, -41.31314467171016, 69.94499477418255, -14.668541852156626, 23.68099097564993, 68.99189884597129, 44.96126188593374, 52.63002298830909, -41.861864813053906, -24.22789022126514, -99.78866846440668, 19.938503482550484, -108.66808690969856, -183.60860902104505, -16.494911983301744, 26.917015141051287, -165.8128506058507, 82.30695497606546, 42.266634241743354, 83.11392882333725, 103.68327481335173, 83.44587289499874, -56.352966956546915, 104.7782296794636, -6.1636348730165045, 35.23621500746897, -136.18154466008173, 110.45855421600204, -42.66943049079137, -28.090649662058144, -141.77507876419597, 63.72790751787063, -35.41453790101156, -65.89898901370333, 115.01069734099285, 36.91804787954342, 145.97423986799967, -60.238671590509036, 5.16651479985832, -44.13653441143053, -14.106833669409873, -98.12330480507363, -171.74096222065867, -103.71756515891556], [-40.67562131316618, -105.58642162177019, 42.90424088089217, 65.55665104563033, -75.48543835438322, 36.13786801189685, -134.70986953705034, 46.22705136117348, 87.26457339454085, -146.06599457527264, -90.01746671187519, 38.74271363064114, 903.3204686566742, 50.378617760802, -56.6678166414954, -79.33789668880108, -46.34663534134509, 43.52827885048921, -0.8684171918687595, -93.59247665768179, -3.0134483430464227, -16.952407955422743, -7.8359888637079536, 48.98777510091674, 11.89945546038178, -9.430595468468068, -58.087614093389256, -31.98675808981242, 29.659416533786214, 118.99776767745453, 16.147446822283644, -30.596214731429182, 21.904729069803885, 81.538185170169, -10.875996114562996, -1.575997159589018, -7.634417862680105, -8.265850858523766, 11.062509469999389, -84.51818250624794, -118.52698816269051, 60.946800539605576, 98.4336125398661, 21.423173930066497, -83.22611498279747, 42.410159759779745, 4.660548274310628, -144.31265837512007, 85.67284753487608, 16.629312164105777, -99.13588369225442, -14.96390547788829, -39.475075843433764, -4.214706646074999, -96.97827299346032, 19.952225494714913, -25.426651726967155, 97.83655426403291, -75.1224211882515, -8.086412779250553, -93.34868786221193, -17.742931680784302, 45.88864346734606, -12.609134634270886, -50.011587833634806, -43.743112893190236, -76.17174442187518, -49.273233175951425, 97.27302807263673, -5.324001808519516, -84.50064670735263, -167.9885992807626, -47.94933166973112, 52.3200573627712, -70.60056181786551, 5.58757365328904, -37.17334648782494, -20.231024055460875, -125.3749332542043, 95.95339213641438, -28.3255278928033, -9.233397887810835, -7.445413218411402, -83.23214118077962, 48.39608166819768, -58.502700700896405, -19.296201841506242, -83.72324004651101, -107.74681362901224, 8.104994157117318, -12.155762788137142, 44.61900092203769, -36.655143754456375, -67.43146549711597, -32.85321276299612, 115.15365868435757, -78.04216857775008, -19.63137857990817, -27.92324936911638, -53.17377873205113], [5.652603543358156, -22.375217366887505, -4.05051604575007, -38.01129302863673, -164.46730469549055, -104.53096148216622, -40.61706765475592, -143.8435602163451, 94.85658214679387, 4.354016951928086, -61.855831071330286, 150.81198323170534, 50.378617760802, 955.1630415023218, 38.05595066834153, -134.08843326670012, 87.70479574896572, -69.21731720613526, -37.002604769559355, 42.266092055583286, 15.194044209019006, 76.86152082910638, 71.91845076003801, -19.197557825478132, -4.853567771028766, 72.38450472993705, 45.25270280623932, 26.606775292084556, -21.28828790582755, -32.37325364010589, 18.895726448040822, 10.194271857534405, -88.38932596392021, -53.64954301259809, -129.7623147027227, -135.18646295455986, 111.29729823519773, 36.07251181507474, 53.53736312543706, -68.84524211463817, 14.659880627255992, 18.097947447793448, 10.7654577910014, -66.44076676488054, 110.60464603719944, -92.79456001332103, 59.38465370252213, 4.897665944293616, -52.93646091889095, 47.926628178008755, -51.018092260556514, 120.39443871433792, -26.950000759323924, -72.89089035826815, -25.28476541671168, 177.61340966976587, 72.46438057629987, -54.91320260030897, -35.2264527679639, -89.85543249347556, -35.648992319590135, 109.12840099246078, 10.26302414075471, 52.98966328901828, -10.195484054293843, 43.96761235754865, -150.33076184396603, 8.770677928674937, -53.52307056345137, -9.336527362662565, 37.69357417728611, 190.41683294506595, -12.13014954656241, 63.68631157809743, 19.282754901500418, 134.3547501989849, 106.60905444745181, -37.30988112979376, -66.7348252429167, 64.015241742567, 93.06216310522441, 77.44536483866204, -44.526511993918675, -43.96521262355524, -71.154830575958, 155.73556335197583, 53.93901244507285, -42.31949489717989, -55.072049170001335, 23.720950675390068, -50.62174040210365, 98.25191098264247, 53.25162275708769, 37.56724315262723, -5.282581076596533, 41.40709218332406, 119.91269900039917, -30.836458828539097, -83.9827649477109, -56.01015219547199], [75.31955311133926, 77.58248051099729, 160.7935328715981, -126.91778064817323, 10.474020471761195, -84.62769633772962, 75.42845156914267, 62.70108144906774, 43.93014554461224, -3.2300270992601123, -89.68283336842023, -71.6611259560012, -56.6678166414954, 38.05595066834153, 911.3749023503518, -27.85711383455573, -113.02861831942599, -132.6252391473009, -8.13369235348397, 48.22592416830377, -163.18297879937322, -1.121361753098275, 103.84806491350295, 8.01364864227842, -107.70036671602018, -4.310923796338174, -127.75836029778462, 5.466300686184685, 24.447169649061756, -108.41990268824583, 8.102655664723715, 85.71394615381192, -17.911896755893164, -55.396685432870875, -5.508543198675215, -97.38367279718537, 26.310005396978912, 108.28130656682754, -8.358367768511567, -22.279866638580295, 83.71909690213857, -115.59385492964243, 18.62634369242592, 62.54407854146399, 66.3136554777471, 91.81906235576594, -32.33850905974148, -44.854116146654796, 79.32943766504977, 12.461260823494015, -53.68242870997728, 12.497310276600832, -107.79802087108757, 108.8506009537271, -163.20076518816688, -95.77616373136588, -72.53002374579998, -1.2131465997537454, 74.47249668090281, -122.43009680450693, 61.809582627233695, -68.1515491609565, 101.64097427505618, 34.85220268964579, -150.63296795482594, 104.07414261249626, -31.157771740564364, 61.341576221102066, 54.56971305656308, -31.010970287052313, 49.511241601871006, -68.55287344312576, 100.76997926986277, 24.487216348121724, 3.3703087004500705, 88.08146540622823, 11.438577987546187, -2.9029890941732437, -129.1713027025142, 14.842164365446756, -188.85025045117152, -57.905014520497716, 206.55934874663672, -129.99986256944504, -92.6189666071029, -56.42674604102129, -59.81834882837063, -75.35808731435772, 44.33036336595083, 90.13277443941327, -30.28577368044183, -43.702409422332536, 83.65955296693781, -97.0823077654247, -30.692630351846304, -44.75311459733913, 18.72682576392696, 45.350012971565114, -10.802523194382028, 163.5256300465515], [-56.52375845730978, 62.545769278368205, -113.60200453704951, -37.835895377709505, 20.451463620829557, 8.270178390187324, -88.71423672411207, 77.00031677614587, 81.32869750074524, 35.82271450490922, -27.32693858270676, -74.78585204961531, -79.33789668880108, -134.08843326670012, -27.85711383455573, 1037.9518377707252, 115.02604358876364, 28.905909024516546, 60.83600286224158, -36.48513753091301, -109.34365974385219, 46.773947621229965, 94.61151886408895, -35.582214379792546, -7.966425485230454, 40.603967629964714, -34.43574774660269, 65.96586480938164, 74.53765033370311, -33.579428151645686, -30.68069094584284, -9.450716576445688, 10.290613473259299, 89.89111104989395, 19.582948891156416, 64.36062947735901, -220.08086520324912, 84.41052390527891, 94.02255020215024, -32.97282152413863, -181.3943648887291, 35.309120284891044, 13.921556340654764, 32.635953658768, -188.64679584627984, 42.42847186543042, 15.507155953016984, 49.15103290413684, 36.26959505289819, 133.995911514347, -114.04616201409787, -61.87786579731698, 88.93976742284178, 82.48862450611111, 86.95328309187109, -26.09613127517153, 2.0285094171951004, 97.94949234968627, -73.80125755061933, 21.31638844453673, -98.95039763684765, -7.420852524135639, -119.82142023819294, 31.417507555133685, -133.90418339583883, -64.35873297780326, 89.35936488500573, 117.54830859068714, 36.69180321442895, 51.22618918030549, 60.51817990134563, -63.97294587553185, -28.208161456241445, -41.87351776834115, -90.24350311862052, 15.326610992740223, 105.13691914333957, -86.09847066083252, 71.48199463243476, -1.333629044139679, -109.84000486750593, 63.046330942996036, -90.73695785309972, 3.963014109504732, 2.80546236535951, 14.371997063054412, -107.24494335042391, 12.228323078291846, 51.73837360307033, -32.66753012767763, 190.28051630153072, 88.99953967733163, 65.29247989420547, 28.951389145142695, -76.75607171458554, -92.5341285835476, -9.326157807630212, 39.2853222335381, 145.23719853520774, -33.00993591979536], [-30.700233667547476, 44.77982419769452, 28.804837319016706, -40.91691993933636, -197.17543254598, -3.6142193566300316, 42.26707161803358, -87.87813496572622, -87.95887183148126, -44.527651610639246, -80.49594253286001, -5.5555805683595745, -46.34663534134509, 87.70479574896572, -113.02861831942599, 115.02604358876364, 972.8410876518857, 61.81043695735548, 141.06817194501158, 39.412283822632226, -18.593063299143964, 6.574032046269403, 31.950339825834266, -144.78610499600651, -151.37890819664463, -33.29290919225851, -70.29389980733612, 74.38771136763165, 0.628223528911136, 13.474077935642383, -9.044787618407554, -11.487718286959385, -55.63882119990022, -123.38822015405177, 113.51113383055308, -127.70053859376483, -24.015886857050766, 31.147779151769964, -133.58882094831452, -165.39090000446706, -18.629927414734222, 153.05949544123712, 9.851928670020685, 118.72075395856525, 76.2479605210864, 37.876603692214275, 11.923653549171497, 64.83068024429183, -1.9050588132333928, -134.13318536791672, -78.14449277605051, 56.18778899010179, 86.99983672395459, -87.64015402745629, 198.61713604409832, -19.377860720492237, 9.975505540981871, 130.76437389332852, -143.06177287772002, 71.72755161796167, 51.61545681896383, -0.7961060245711329, 12.161654514180487, -124.99747044611301, -2.3224303892475797, -12.380654745843236, -4.38096961693119, -73.18259164429134, 65.36980945317752, -25.5599204302776, 92.31198313040615, 30.81908200269897, -154.1909672427849, 65.22801421226262, -118.06711061808781, -142.80140818767416, -110.88780247558448, -20.250675690818557, 56.765979445646785, 105.30786334511286, -33.51674230884766, 76.63881316432406, -64.52684386955438, -87.86610250656028, -45.8384106588904, 98.56505860912446, -56.23410708939535, 109.95860688300424, 105.32209046398363, -54.16950408257395, 57.19877103896491, 74.15440364695596, -124.68004837157574, 112.78951083389357, 203.69319111443838, 62.05569735551177, 15.755065022017977, 184.8451954070503, 89.81193922926319, 72.34801708441768], [9.992298286462653, -207.66162479007806, 41.24650333916842, 146.40349847399546, 66.72174157578624, 94.51992468975779, 118.10218509279636, -49.18269049835138, 15.305871081767664, -149.35870635417416, -104.75442992418184, 70.56063257445823, 43.52827885048921, -69.21731720613526, -132.6252391473009, 28.905909024516546, 61.81043695735548, 822.082624493979, 27.134284841695624, 29.01807790323012, -16.376354637843548, -27.59872246512808, 3.2690654344854613, -64.1913527586558, 122.5307126469906, 22.84983133452957, 14.68367991065852, -23.416601735102603, 44.41006813371954, -6.0130140011974405, 7.082815643754189, 14.844110211406454, 74.16664213469079, -11.100004975824923, 2.4516398949446865, 117.35812620507077, -12.28558389697392, -3.912278881250227, 62.62262589223747, 28.3694503017148, -90.9691408851408, -75.50127442812142, -36.27711239713502, -15.96368735868212, -88.33981953186631, 64.86007124568415, -20.336302160850103, 65.08055781207317, -34.82317618268832, -10.73116036161551, -38.59506409571202, 105.63098721757972, -4.793066447018262, -62.8658805843425, -30.31435104240659, 154.6596661640218, 38.24477395114052, -79.01771584790703, 20.160474204192823, -34.520503894712014, 32.267801864024655, -141.9786247601651, -87.25283569449026, -10.837665625153193, 39.8533172596662, -87.67742330627111, -147.73169256653648, -11.358967175720725, 56.514073287663706, -66.55142052668126, 5.559774950756963, 84.66744053593125, -52.29912855540399, 95.74402477727216, -105.7701446864345, -63.52353242933125, 11.40354717833332, 55.591404755497656, -46.794643809470394, -11.160832466346859, 85.38085541552609, 149.08455203100928, -30.228215416211448, 112.96646536748196, 66.28343131456147, -98.09093500550841, -13.319316650982227, 0.5525056357161832, 54.93433013786878, -19.71818431819256, 75.27283704329886, 9.162089792893335, -121.97135025332804, 50.353695308636354, -9.12224206519095, -18.53044343693289, 39.925928833596245, -51.923379841429316, -74.00498181474694, -55.855463558808665], [-164.7378735709045, -11.868201013175995, -15.434889099581785, -19.76482642787681, -84.44571333513669, -103.89646504045088, -45.6973286634932, 93.3168100290603, 23.61411928452327, 39.43033704096723, -11.95580522311666, 5.0513909386234825, -0.8684171918687595, -37.002604769559355, -8.13369235348397, 60.83600286224158, 141.06817194501158, 27.134284841695624, 820.7994948368413, 39.196468610482164, -92.16227482094914, 67.85076763234638, 55.41337978830155, -136.81795719900387, 76.09833672767498, -0.3841450030487441, -86.98307046835404, -42.09467436001488, 98.04533091654586, -12.781568023761034, -35.623241850076674, -17.6854630216184, 81.5946496267012, 1.765963005232175, -13.676673233920306, -50.51596047675801, 67.45114398115047, 41.50302655106671, 56.5113422439827, -6.420777873854767, -4.346509674361491, 17.551942342757272, 9.033964363035267, 33.6745791434538, -41.08242089182917, 17.002823841724762, -67.94921707772961, -48.58622421162886, 9.486347571133205, -85.61053337274853, 51.96297074250201, -147.64062180174113, 92.29046188077515, -140.06729990139237, 59.50721767645773, -128.33581185123137, -101.76789588625694, 41.15593890598765, 0.2734541925846504, -37.753720672775124, -14.50714203489886, -16.80297227942471, 1.0783500524566159, 25.402454206097676, 121.05099633665881, 11.462235341685666, -32.82974901306422, -58.16487524494196, 17.972961638609995, -153.54937676552854, 71.7452565543115, 16.272375420758618, -16.383901860372234, 18.689834038285937, 71.6148494438757, 15.303922085681668, -77.70524172581675, -57.688805174775, -21.196312384430602, 75.65749177264864, -2.0481950733586505, 94.35487380949016, -43.75640918960232, 70.56626380120824, 186.24656071845638, -171.34303158310252, 7.7617557214007835, -76.31102305572742, 15.915852663127362, -45.20721609521675, -30.75220394651017, 76.08051078816555, 34.03643768832381, 27.11785741071067, 66.2507800591369, -63.699146565636916, 74.12357047598293, -125.58307174004455, 24.661147794038563, 0.0005669866977083565], [-57.29504707362428, -154.25618598975137, 53.61101508426466, 36.71478922537938, -43.441614096049726, -66.17488033191871, 8.43512507096853, 97.48462433007548, -57.73956634276243, 59.53718914103124, 2.019251185621695, -27.657244771528227, -93.59247665768179, 42.266092055583286, 48.22592416830377, -36.48513753091301, 39.412283822632226, 29.01807790323012, 39.196468610482164, 731.8403325862703, -26.69101660821819, 106.36465951573751, 123.37043701812853, 161.4860466950461, -91.85170071710156, -24.02292136650468, 4.277373220171061, -12.84851272124187, -60.30997200329246, -131.60951970663106, -117.15172928461611, -28.930016184707156, -93.59777273210564, 72.60487501719454, -16.95227907457053, -66.99109942079092, 102.94332697709677, 85.85150400469588, 3.5200889192025806, 0.47954840415923666, 44.51986508087608, 25.023992696155375, -27.660860587515188, -41.68295106317683, -119.20318905824385, 41.777472068514996, -47.73900574903028, -52.70064585107099, 62.09827359963592, -15.095811526427934, -79.48710258984916, 64.75472306937675, -35.37308238825138, -37.630637437858816, 33.66322101349972, 64.14681326578322, -55.19149061669477, -152.80916215623486, -29.02316826571816, -8.126867253366184, 55.13436108058854, -21.06761251964409, -56.65720208576599, -128.39938505408756, 71.9890144638239, -66.16554612095128, -13.753288869162287, -0.9129450447223728, -58.51686382816149, -38.51284697377777, -68.56654512580016, -35.50804930298673, 14.364294434270667, 16.66355877044129, 27.88485518681716, -74.4952045727037, 31.702255072550166, 90.90657582513022, -1.8614316231480654, 75.87155759497482, 25.3253530121498, -30.829849893659272, -48.31917225871444, 33.49184244151754, -125.45022456184923, -106.20857643321303, 63.80277201294924, 24.11078494782672, 28.961675209644323, -111.24673189952827, -6.806582067490091, -167.3319247019233, 1.0292648763820589, 68.25705379918037, -112.52059576814409, -36.79651853855461, -43.61240617167448, -89.66521642848906, -29.82765345558473, -41.727543389680115], [3.7235014419592045, 0.7389623198146731, 57.81536620604634, 138.97597421646154, 40.85385515604077, 95.51342081039562, 39.112982710247664, -83.80435585283206, -60.261928587930164, -5.692729504081439, 10.943609917619577, -70.6601290