{"N": 100, "M": 6, "A": [[[981.1483410397162, 21.933850030101013, -75.87042480288677, -49.33389799439541, -53.154302401392165, 69.86385495540688, -1.2265038099767405, -110.81648239609268, 1.5276047966341126, 38.67260720242749, 25.756871572188285, 5.921702307185114, -18.149665751865523, 147.7275606003163, 10.87761972093552, 81.8184642625325, 30.69290475759439, 45.521415468745346, -24.00799723531658, -37.26133487218174, 148.94189003712626, 65.4938131967869, -11.561831615318901, -41.88423941966355, -39.544231627956776, 43.72264972636753, -77.31185224073788, -1.8028539825334617, 14.329609418169051, -133.0253622657781, -1.9057681320960984, -93.55648051253348, 19.76920364558696, 30.24247763795498, 58.40737813136768, -156.58140614778569, 5.561625196520252, -19.29862425560875, 42.78333577319318, -224.1826232027498, 164.53515327646613, 76.86325269537559, 40.81453994714928, -36.85033830151203, -36.46085991495044, 69.601339956254, -25.87197372028946, 27.066188167404555, -44.09561559924808, -18.289007771727753, -18.697752047220572, -88.01863300681633, 57.96076553399999, -129.66415996974902, 11.719913407210866, 51.9119531032972, -28.935004157462913, 124.63562876481632, -97.16722508972924, 35.72708966385559, 2.463529009576717, -41.8964662978425, -67.76822269363699, 42.066104908078785, -4.977585896407718, -7.0793158091601205, 32.6023011261986, 6.873075969381496, -74.37001468292829, 130.36370770861924, -15.014753662266745, -43.91910733843299, 42.187823942019534, 5.731501783903792, 75.11172103470523, -66.7534125006652, -26.069902684882244, -31.51721359998239, -9.543450704516053, -113.91625226030776, 150.31591314422494, 46.439373197538806, 32.02599277720027, -101.60094152549802, 142.24275752432055, -115.46804868878233, 147.61182769577857, -16.36874254528814, 156.3071620214729, 26.7697273092586, -113.71537240281145, -17.489567366282195, -34.54321336286804, 34.588732704199785, -20.380056967844457, -37.589811997811985, -69.82981274828532, 65.40763266279833, -57.39871145424402, -47.642301649298794], [21.933850030101013, 557.4391362430576, 32.13984243809659, 34.83514098927548, -155.668232403961, 82.3000242808987, 107.22629574057268, 38.131062457719004, 49.757550145553864, 88.717093915783, -9.750535608721147, 63.61324475826931, -51.16735857670386, -14.70597633443831, -32.30547750727099, -12.124980868893141, 151.91648624522895, -119.38885190707724, 106.11840514551456, -7.212677088950736, 7.2842642738249515, 12.445565296113845, 74.38371283930375, 80.35492622987854, 26.382824829931156, 5.24227992203943, 110.08833009512377, -34.164527612445895, 123.77959775311365, -65.27847821376359, 4.700965035283341, 60.567804221243144, 73.01117852525488, -34.61058816521754, -16.46433504714469, -91.20787621374268, 0.5681142692072891, -36.58607579685118, 52.83809556911054, -95.02397669959569, 61.81856637192051, -54.48784810249143, -34.76079538649011, 15.157368448436785, 34.28482736753598, 17.225726068433403, -149.6093798689249, -100.22751265693661, -55.58690480478728, -35.77719727117288, 21.32250736721064, 24.611490499370497, 36.87758723391581, -20.332281537437137, 21.64847381324104, -77.05953534312688, 1.0900732341117487, 74.86325485377004, -28.37610510475509, -12.796081697306956, -50.18929757354635, -12.010079044155447, -97.39715300727771, 4.349314209727522, 56.60980270244876, 52.486578114958746, -13.285009581941924, -37.08965170446055, -76.45451542978599, 4.804935350592949, 38.90040901031421, 13.837751020923164, 105.02485257749866, -34.99024300724357, 11.261351600346808, 12.894774985755104, 33.70072832473154, -51.885964837253105, -122.53605328622669, -81.47248090537335, 17.919093511016364, 79.00421544243646, 97.16227927064553, 35.4019579665662, 30.934188281382912, -46.31060782604207, -93.04423802606478, -92.63173149385251, 48.16963371393215, -4.797603146845528, 48.44699449864565, 44.07947052698006, -44.224329948437024, 27.555922052152653, 139.28640561744274, -109.24059001973976, 74.01312198754754, 7.884278349954095, 18.093708817327542, -31.591219754140916], [-75.87042480288677, 32.13984243809659, 693.5168646571409, -62.813898739908524, 150.39313861775446, -155.91926610334266, -32.97881924684601, -65.02552744420043, 51.00663049776583, -21.17181605703606, 17.926823999065896, 35.33527336150499, -48.503014735792725, 17.43395876844503, 61.454233743292704, 6.804251245983714, 2.186178863065925, -23.661878289791602, 68.89694287897406, -0.44999775130966224, 81.27488531659404, -84.85059669114027, -22.16192839748395, -3.2063201720006287, 41.35574857797149, 93.13203930259341, -22.199956364298696, -50.22699373213875, 12.992125715622725, 90.83100888823644, -11.875143753081597, 6.21289675135884, 53.203759715518736, 17.442391348863456, 89.17081555751889, 126.46916375140658, 8.288779664399732, 100.45829671043924, -56.99675185429759, 89.6664758041239, 119.11859622738173, -7.430597087167103, -60.41612717259802, 78.8898852473367, 77.8916687145933, -46.04730379506674, 170.24372307145669, -113.51946646705257, -17.493774875308812, -14.466342757078563, 13.470026422989068, 4.1048179745376245, -46.23484642184812, -16.46360748102699, -0.5414437289623181, -15.723267230568128, -103.40715292047942, 73.98398521882213, 44.144061788828004, 123.16143567309581, 29.796808395081197, -43.331921710565034, 76.03381156657433, -94.28897396242762, -19.203209452951253, 93.96827839393107, 46.995842173094545, 101.66889504572292, 65.4403539399527, -105.36969965738513, -9.859497845677016, 40.78810461756484, 153.7656223007041, -9.205720198202444, -171.15552522834815, -152.14246810714934, 13.411779844265693, 111.93364554021986, 10.203146052023081, 150.60620264442022, -25.10859748850218, 6.454934873481926, 17.59383447778757, -15.963959784925885, 38.37444004128272, -2.9026106814707915, 123.43488214036448, 34.357235880388856, 34.66672947181559, -33.01234953837933, 126.32840810849714, -97.03134639456083, 23.24235880945428, 11.011683796119888, -93.8492426827454, -69.17338750350694, 71.9429554853568, -82.03010339784969, -35.197046280257176, 49.57478168413801], [-49.33389799439541, 34.83514098927548, -62.813898739908524, 702.7755844498595, -48.35604788209784, -25.24700990990082, 8.807937965245635, 44.20030097040384, -142.27840766030482, 115.79358994462432, -18.569298051591876, 4.470951031881079, 59.11657650414591, -17.238464164157637, -37.40107791588055, -47.468874487907975, -162.35988741688243, -112.23779143872834, 83.02713835496749, -79.69422749469152, -0.8822121033081679, 233.03810819521235, -76.46879982928661, 13.324878393188712, -68.11546271973936, -102.65478946350632, 129.57284919856295, -38.955998435117394, 111.41996654437341, 62.388234485864004, 94.12075805666927, -9.058546920755903, 5.7132515143146865, 11.264393288774038, -14.23598603704387, 71.4072476479955, -128.48588686585828, 87.15853624676346, 75.18485865823975, -60.87993229381958, -70.20498298678477, -28.324758443452577, -58.675823673207645, -18.363876800367958, -92.20997247607441, 49.35241323358595, -52.7912076352923, 85.95371398368215, -82.4591885679674, 42.40644749695556, 22.664814362003366, -108.63457015161654, 85.64034491714976, -31.33423073715733, -93.63433475565034, -39.918611485485485, -49.07764624995822, 82.67631460626859, -14.053329108813333, 29.933393836923962, -74.65493002608353, -69.76468098704096, 53.496101708700806, -4.808809667898908, -70.47669918276196, -2.3377705388194685, -45.16188619689598, 98.32932344895681, 16.00687254933129, 36.98583794617949, 8.697129113895354, -29.97190724991693, 20.910779085843007, 112.20864877667732, 68.66223220116768, 11.336111147425175, -66.51802597454167, -3.818824663457533, -138.84254731293208, 8.296278244375864, -35.785478123525465, 21.17438754905258, -82.83356816149634, 56.90221374296039, 25.2422350779262, 25.489905655669695, 24.68614764281739, -53.875329081347026, 23.36420176588536, 110.07166235523272, 34.52432920052334, 109.7707614634013, -66.3866182716176, -0.47235338301064067, -15.6380794468848, 32.814535080055784, -53.045340374614945, -3.1691032219512123, -58.41445930427114, -37.20714190806038], [-53.154302401392165, -155.668232403961, 150.39313861775446, -48.35604788209784, 808.5766983910734, -63.04072450580934, -56.18777930144778, 21.38466977688499, 47.168870985161114, 131.1409336474555, 23.91739035036553, 153.5214054675159, -120.7585075443247, -0.2210863557483234, 107.13697686450573, -180.8195260611663, 39.135104665821345, 87.72082366608693, -13.623890905256891, -41.09264608245331, -8.290644667473348, -48.792272476334944, 59.35417418781866, -59.88628920107814, -27.75588466061103, 36.95959458028145, -22.968292462630757, 74.23778725358687, -12.708021324485053, -3.718868957115943, -2.871705941557065, -122.34903349302456, 80.75681027015317, -158.03634467408693, 70.29314675074586, 107.899573065132, 93.48059968984187, 55.231204120204964, -211.74961781681688, -97.86775758703946, 122.08011121082937, -24.741300347287503, 35.59890933400313, -108.04334878459454, -48.351448215902394, -46.10213938913525, 101.91979563788291, -44.82037492465146, -18.06316322352494, 57.327433968221484, 40.06492241770754, 49.897279532624204, -15.829359840202226, -8.190871533470046, 63.25403059746942, -128.213780894015, -99.10115855658921, 33.34733467266774, 141.81799036763564, 137.43241846424888, -9.419085300531924, 46.7776759892483, 124.69805328814337, -36.137588711155, -14.793482840272471, -111.0956987456793, 60.82078087291893, -8.714074526969803, 101.21437788742608, -11.441699285576636, -172.19809082780154, 21.96965875240193, -7.914004506744709, -13.40177579572596, 26.28010813968683, 11.75420363499044, 95.09650246280188, 62.58695276187149, 3.1151106958529544, 74.82913932662584, -83.02713208706781, -4.592306252702584, 43.95427254301395, -17.538718177403148, 26.371596136386707, 47.09527429481974, 71.9704587900428, -19.108353007499037, -100.97245834858172, 7.919010241132795, -97.8503786154613, 86.83159459455368, -49.379515253852475, -98.19411537717828, -99.46928947593058, 95.96743541553559, -126.88900869517005, 44.48339536107313, 51.347943380508084, -23.473185740890337], [69.86385495540688, 82.3000242808987, -155.91926610334266, -25.24700990990082, -63.04072450580934, 719.6700954670627, -3.5600966911898237, 40.73266248237754, -29.181415454212214, 40.48607544311435, 53.19368589574165, -64.94201542503863, 131.9019640304082, 26.596822504741166, -1.0945605188104146, -25.583645082411266, 21.637532532930923, -170.6468605153331, -13.218148376271312, 54.6383719473157, -0.8479798282060261, -20.631214643241275, 65.6334115403446, -37.57259061719193, -37.18704390883426, 71.55326726818363, 56.74127325472826, -41.75473669306555, -6.961619408093116, 39.631522498671586, -53.558407130848614, -36.81602394111938, 12.803776064101223, -15.458883369818956, 44.11776787867798, -164.50007333087657, 74.72434865150795, 60.083133237257904, -53.829495774730894, -20.004263128032584, -79.35972748038034, -2.183170430281988, 31.216307656296603, 24.531005022506893, -1.938723285889938, -17.623408778450962, -131.28440160419643, -57.31831836151102, -13.692567900980196, -30.106127613528876, 204.63411246933904, 70.96880917528298, -36.097956754649935, 50.10228898784472, 92.09734379390008, 154.93545212898024, -42.84189021944502, -149.11625957221858, 2.3177441510337466, -56.17311983497992, 132.77706656007263, 11.533344480728182, -45.45903895321467, -23.399604115585106, 50.69512895142249, -63.10266431952951, 62.80495429272783, -52.567419117693575, -100.59307103297371, -43.67319232727738, -17.27597725380529, 35.57139302935006, -143.595174456519, -11.594213390952676, -58.349733972959086, -88.95018706742526, 64.51344216641323, 17.302544424445987, -5.014136072097027, -70.3838983967876, 81.27406833362043, 55.84507769152828, 67.58228354925679, -11.903387003680908, 17.869938970420485, -9.757363500384907, -136.7925372815598, -55.5167267884029, -19.838798910061655, 63.01038043738717, 22.838399889174536, -1.676113921524912, -37.97361634929144, -0.6550071763480019, 88.03964664411728, 58.074659247744336, 95.11309003319657, 33.12419686167691, -28.021620063224013, -53.615222495391386], [-1.2265038099767405, 107.22629574057268, -32.97881924684601, 8.807937965245635, -56.18777930144778, -3.5600966911898237, 911.7114080573059, 1.605641248013598, -6.347308017885111, -80.01124047724026, -56.54913575202657, 39.57145838469576, -119.05235839096223, -93.60255217360964, -51.587903090803934, -184.60949581493665, 3.0018678419491547, -25.731569846528892, 21.10388931997547, 9.210070368395176, 72.51159531620905, 151.846522130291, 2.7088652932451955, 95.93649506333571, 59.46123912852578, 187.56330907415906, -2.0735989488881033, 71.69346508356259, -72.43689122319283, -53.383520992029965, 102.6855318011016, 50.49311563176531, -55.18492841000612, 124.5618162161596, 106.29188739784637, -96.81084732985303, -210.59409789063605, 44.78214084155044, 16.432165058060615, -149.5152193756126, 25.178605782680528, 60.80617374868215, -0.30412682124229284, 61.967127701250746, -90.61438437261451, -67.77225879874723, -180.1646346992794, -1.833977688911285, 19.83625529116583, -131.5027453593971, -203.90916794645423, -151.42056935490214, 8.157687852549579, 41.324731424173834, -1.0008397694300244, -152.88581113071186, -117.108260960958, 4.45303566540672, 6.27454059139363, -118.65041890842566, 4.613347102085665, -37.60794027243856, 135.49860787817047, 65.76042701199506, -35.55118534815873, 82.89128722482572, 11.488529772863343, -1.1897110759188985, -127.29349670691566, -9.683730861375775, 110.21813960003874, -107.78425923077218, -4.109516919320534, -88.32750590105026, 19.196460652646536, 224.6222041591793, -47.22857288459241, -64.44487909570034, 95.2648208557388, -79.78259069186645, 74.34387092108669, 9.335269636403455, 42.17803950784602, -18.05467937565509, -51.04052020960417, -29.315513828517346, 0.13715498761350692, -26.741561937122473, -13.94000165138683, -14.898293562896733, -131.50904904674945, 34.11133291316675, -122.14639109004817, 42.03538946969915, 152.31967905995737, -18.36384647189774, 146.78137321025494, 22.25102593511873, 25.250204556253145, -53.029122455188315], [-110.81648239609268, 38.131062457719004, -65.02552744420043, 44.20030097040384, 21.38466977688499, 40.73266248237754, 1.605641248013598, 810.2638664108952, -92.54050130633286, 73.79782613320441, 29.28869308476668, 79.29918800140916, -83.77533317368712, 19.152565844963075, 22.5971934932758, -87.21809701859453, 23.97390869983759, 89.36275335351674, 7.180104998120108, 52.186643397474455, -43.424667612761404, -52.68298519744473, -54.348117809601284, -123.44221394131928, -47.09809419169906, -39.754635306401624, 63.332407301360156, -53.308797304137656, -26.54735745844124, -106.90689656990631, 82.05408763875292, 54.07282496939284, -104.38274475091865, 8.140620304249827, -38.280754329217835, -65.68390442397265, -16.64654354150184, -9.809172725519712, -52.540187899149196, 67.32173995267667, 41.80823354141601, -5.738437490115994, -85.46732561820518, -123.01859464995715, -157.3111660875877, -11.498506803824654, -9.13534215546858, -108.30167588188145, 41.86224427160113, -10.970854137147088, 20.945119535669676, -26.702087783982062, 73.77459633917361, -35.57219091044219, -92.86329205705691, 22.370779578150596, 132.63862710341442, 115.54091520427673, 75.36600550555436, -27.903676881434528, -67.45000968138132, -41.47351787881579, 0.03201084408549314, 61.15686263551452, 6.730186480033344, 103.25529733101675, 91.81500423961434, -26.855731931118974, -65.23068622089029, 30.435297156029936, -30.920056785177533, -8.525013371219494, -10.889352463626606, -42.91952749587847, 48.616905719860824, -5.285900706772819, -34.12090777316676, 182.63474100782884, 19.770693273834823, -24.354274686823278, -6.790474976501664, -91.78730204791326, 85.9453853825814, 19.522092226600137, 72.63118800835527, 24.064914352764475, -88.85124216002367, -22.26979007638409, 121.39217024745595, 30.2068374154726, 43.88196258450222, -66.6264600261868, 66.48010823666561, 84.65218086731264, -48.71631849130163, -17.074262028647688, -88.15111591443743, 121.0429818232055, 74.12406935215122, -2.9592839897304866], [1.5276047966341126, 49.757550145553864, 51.00663049776583, -142.27840766030482, 47.168870985161114, -29.181415454212214, -6.347308017885111, -92.54050130633286, 809.9232127410233, -25.159469816081508, -124.66567261356232, 0.8958925014090875, -27.933531295817936, -66.71601791097446, 4.1257084018049826, -16.154474903354984, 56.130239352897014, 75.70651515780655, 77.6862050458116, -26.861167299235138, 66.96877275245393, 29.75711906033154, -2.523516738783971, -102.58188816121323, 146.2306315849655, 52.33730279528772, -28.34124124615025, 32.45418316739911, -98.07916496038413, 48.49754834183707, 70.77301530412265, 85.34481788639566, -20.46220125008679, -82.75519734064471, 44.8131393898546, -113.7790176502341, -136.50282177581758, 26.76373439656664, 126.88944674237133, 102.34883781687117, -42.15998092466012, 46.58768467439969, -41.2583457454046, -18.078419334056466, -39.2317848884767, 13.492288654502469, -22.040388027144058, 97.32440855979848, 56.950770895478335, -20.901184129797695, 33.991402973460914, 55.5589892646453, 20.991963732426385, 4.239570732309505, 34.18615715189276, 72.78942679800835, -110.2539509417383, 13.370480251390344, -135.39909960998273, 107.6995774287378, -87.42783854308146, 34.580265630111825, 77.09823962889917, -10.921866836145755, 100.48708929657793, -8.10153835092612, -152.07712364079757, -37.08283090732295, -15.539911679336043, -153.64323189492248, -33.12917017904531, -44.65826865470183, 38.64152925737437, -92.20808890520279, -25.66250446257438, -74.98939490432348, 60.824685405924264, -60.12089365389412, 38.229249346414264, 142.7167596703528, -77.17453493516261, -8.80548729232254, 75.3123162270309, -6.222917361069867, -34.027888822931, -31.122362433354105, 94.12904201922797, 22.098559689836932, -74.79473484435542, 11.694774988773428, -36.97510556427821, 28.334749402618513, -54.743249889524236, 2.38815485272644, -19.277886936465023, -59.098464315682826, -5.623066184575189, -72.95872430010478, -46.2718467091724, -59.318978476863755], [38.67260720242749, 88.717093915783, -21.17181605703606, 115.79358994462432, 131.1409336474555, 40.48607544311435, -80.01124047724026, 73.79782613320441, -25.159469816081508, 830.8085465088575, -15.821659364069768, 78.79225129772944, 19.48162434074839, -59.590433915512854, -12.946751224201934, -23.090287959293907, -11.099026839599924, -19.661477866110626, -35.00608656015762, -139.24955421487317, -100.71060881381634, -11.727523593099528, 128.95882945263244, -76.64880821119158, -48.287084950632725, -148.64188940226387, -67.76556581602004, -1.6502977869487103, 84.0008929268715, -5.425239028639672, 46.05451184713983, -71.9355244581068, -14.918556956393044, 16.939300871941484, 8.434074927573608, 48.66536736320358, 22.36102980588658, -85.29781063000698, -35.20454203804975, -194.98364005283585, -81.39476128549805, 33.655961207364356, 1.121991292092482, 132.98208312957067, -4.0744911860945185, 24.272591836510337, -73.05214471255007, -90.74088949883964, 17.682809110760214, 80.66550255677134, 208.7632919480453, -30.931513479035495, 43.27960278516708, 41.4220822173439, 55.338266193406525, 20.410466982083605, -5.621592703562719, -119.55054670160129, 6.950222256019434, 32.366486802547115, 32.98548345691576, -153.93451654437393, 18.96053123759839, -16.592865662896887, 110.48112886948452, 17.7004936237979, -146.76856270315668, -18.288074988848077, -25.83432765334115, -3.85890450290724, -18.625741442515636, -217.84305754763452, 31.850130630751234, 55.39051081648744, -90.6617637674613, -9.843446337051926, 83.96045514861078, -201.71602265773473, -63.935270739523766, -21.25013499275919, -62.275060332064065, -56.9355502932642, -7.6147324805715595, -81.52896985216111, -11.522121901991559, 15.782722009261944, -62.06581366541711, -46.27913472623392, 30.25189732969281, 115.53101499426795, -39.47174221262961, -24.446967851953602, -10.810057922808513, -142.7274470939091, -57.94790014469281, -19.85505407951651, 70.67457523741363, 1.5750326653604958, -46.610951352399155, 21.45741323197438], [25.756871572188285, -9.750535608721147, 17.926823999065896, -18.569298051591876, 23.91739035036553, 53.19368589574165, -56.54913575202657, 29.28869308476668, -124.66567261356232, -15.821659364069768, 554.0409819944182, 42.94146276449207, 19.062750851894013, 72.8115686642365, -58.17021335951759, 25.148771118949917, 15.015797672110798, -73.4473683720827, 22.359833508238747, 47.22400241472323, 55.400907309112654, -55.05826179065785, 22.958101482534268, 161.51541361930123, -31.746325803359134, -16.570599358225788, 36.44335692966639, -100.70616413137496, 58.18566101019541, 8.52122443902231, 50.99051840000244, 52.13914530353889, -32.4724343205149, 19.985954504487783, -99.62699712383953, -153.2064634022868, 6.921576658127903, -44.74736242348026, 63.69996764908682, -30.350186846994028, 135.71508640666246, -47.99191137566951, 99.7034701283315, 27.530363636396835, -130.95246059078494, -175.0322139235551, 61.95748143418104, -39.11847583488584, -17.843165164111788, -13.722477627803496, 78.1550455686454, 30.595428961557538, 1.2140080656150576, 26.953976201603044, 22.074929092069922, -25.155902274740363, -1.4384372732977662, 44.75359027681608, 56.472064584544036, 21.404920426903193, -21.190944366254463, 8.899010655649153, -44.85107925230611, -57.14566195418394, -142.23745025586672, 50.714784280395, 115.08354045189323, -44.87955124262761, -26.550690085970743, 67.66698615045614, -60.73374026841846, 127.6460698723711, 10.184203754858062, 84.47553402522803, 12.364977373052888, -30.89865230546064, 96.77815357842255, 6.01864563474743, -35.72004153196503, -6.01645490459557, -50.33440116103139, 74.3567543121208, 59.39543514285832, -36.7750979334911, -54.99014810314243, 30.321660835515896, 61.75106749608667, 24.533135464503104, -42.57742457011421, -6.286453946553748, -53.365881121107776, 48.675677549426226, 46.242114404220935, -85.42787974982913, -59.84100195657258, 5.898658741240355, 10.555016365143748, 26.628269033511913, 39.4261180945941, -96.84070479500711], [5.921702307185114, 63.61324475826931, 35.33527336150499, 4.470951031881079, 153.5214054675159, -64.94201542503863, 39.57145838469576, 79.29918800140916, 0.8958925014090875, 78.79225129772944, 42.94146276449207, 799.9495449481084, -49.738087923944875, -17.1291891075083, 63.13756977956202, -48.980531644743216, -78.07651488846669, -38.67328450941971, 98.76798269657478, -49.46021827803985, 42.031739545733465, 10.361093694524529, -13.467483728559138, 94.09707100923481, 85.61024452378858, -90.01445073019273, -86.57149822086582, -65.95285219599477, 33.23060457350225, -174.29675503376214, 51.56635799650846, 10.908788673226443, 86.9548264113933, -19.23099476357212, -30.231369539047435, -114.54160490549607, 103.19748043860838, -114.6567555503072, 127.9209525653898, -68.41667434187909, 5.965063687595416, 21.013308214498586, -60.362713304170605, 89.86908448890914, 14.183036690455136, 14.11260975908307, 129.80065833833106, -84.53569005126741, -76.58528413898847, 0.8739622499060736, -116.22650543335867, 35.644288186434096, -82.23029726010903, -81.509883183362, -33.133911330578165, -84.94853465047086, 46.93842208486821, 35.90168880551272, -25.32464537310069, 176.9895370436126, -91.27474527273307, 13.103754492171126, 0.9267711599784106, -11.790031334846262, -82.41664620909849, 66.55849282158057, -68.80967655803164, -90.44186468994828, 0.6046176492639653, -32.46313070321751, -80.66393019729853, 135.6517199608094, 147.12163670400992, 31.338530367457917, 52.867428606367646, 78.58704422439313, 11.73384468896504, 141.83641675406872, 10.149619079764712, 27.908980871373384, 37.55560341933855, -29.003388672564896, -15.020302670433535, 8.37009385294605, -53.33005327328392, -38.99415500411637, 126.08898321758682, -119.70674442846125, -32.21420619468335, -21.131098221815062, -76.93852758194325, 55.83516525817321, 77.97090440632046, 34.64178586955563, -0.9070981960306975, 3.715969058690029, -43.28562475422232, 47.73952370209677, -49.605629129433446, -88.23166643848674], [-18.149665751865523, -51.16735857670386, -48.503014735792725, 59.11657650414591, -120.7585075443247, 131.9019640304082, -119.05235839096223, -83.77533317368712, -27.933531295817936, 19.48162434074839, 19.062750851894013, -49.738087923944875, 571.5825602048888, 56.013269325493326, -79.91675439232723, -40.790924837593856, -36.10690038790697, 2.220384624518343, -61.047432013897854, 71.63542918381239, 25.430951357327235, 2.8028340518378307, 78.5821432687686, -48.29150131046597, -23.103553766177118, -79.31436443052132, 13.616801375042085, -72.55265024816943, 52.26642498668619, 105.06092540719051, 42.15366864503582, 24.71380163674096, 31.566556910547472, 78.51407747657944, 17.46871540167123, -63.58357250680294, 21.90744136956856, 71.55737481055627, -55.920177034729704, 17.731785603329612, -70.80510717578333, 11.227088124781242, -17.083951508486305, 94.19283515192387, -52.76299262262138, 45.93467542089587, 28.281863948884798, -3.0826346338102706, 108.69582818414848, 20.69160270253259, -28.737941746284214, -39.62163142939123, 72.20538107025841, 5.741322845029845, -78.47459429495645, 42.65562728134896, -60.2361513090692, 28.672065548729506, -92.35927223390249, -99.42031815484026, 90.47399255155806, 119.79545511833659, 9.376578923338364, -20.02850435477469, -30.874664853976082, 18.690044566671833, -112.84711616633665, -64.4154168326291, 14.89702698947813, -91.42995578317839, -4.2562712223492385, 40.46445837876447, -109.18136561272996, 77.2003123759843, 47.813668416772494, 3.926867766601801, -32.25641558681476, 36.16773239212006, -73.98955067533248, 35.75527996093206, -40.483633049744874, -70.18294156421082, -87.76666163051904, -11.482412812674195, -161.2575616638545, -63.42641833254345, -55.1370088753528, 5.829397057087724, -35.17381414486994, 46.17223607224117, 27.160271436408664, 4.861065099960632, -165.0801805231261, -77.92183051246468, -125.76494329778176, 37.96353653832391, -27.761984145993928, 30.82696707275744, -125.2728490112514, -17.758755118579295], [147.7275606003163, -14.70597633443831, 17.43395876844503, -17.238464164157637, -0.2210863557483234, 26.596822504741166, -93.60255217360964, 19.152565844963075, -66.71601791097446, -59.590433915512854, 72.8115686642365, -17.1291891075083, 56.013269325493326, 845.515790616632, -127.5931474719345, -49.57118111598667, -3.57765333134334, 48.15501329814557, -132.69102680018705, -60.67647833596685, 5.609674663613347, 40.23625201777345, 62.44972744752909, 8.695940689738768, -40.803951540796376, -96.07728750490452, 75.63776862703932, 68.3770797526725, -35.536122030501154, -2.369652850843102, 53.81937447912068, -29.081244564757466, 32.74574916371069, 45.978084371141364, -102.72106354276274, 13.370641781557124, 71.12260364298908, -45.17727689802591, 43.986053751745786, -63.92724877590416, 42.09980818649675, 132.15913981011795, 48.222971081733924, -51.87730195638071, 75.7525980981607, -56.98147766985877, -30.394372890182577, 30.317591174488495, 54.778463694802454, 5.623326882768415, -37.571089982625345, -31.205448307858205, 273.3156656290104, -85.06301219983332, 61.109116364232726, -185.68728376301877, 15.629575668596061, 136.50554546791116, -61.466604268481554, 145.32680539275097, 81.11682943725211, 3.41126689415511, -78.07595508252217, 165.58629263183872, -105.10827340071205, 47.439104474859285, 34.125761310890404, 61.67142379949917, -73.1827656261969, -41.45507999811407, -42.32403695016542, 0.06818854376247116, -199.1651155859012, 129.99005768017867, 37.43937727671144, -43.194897687412144, 34.28604886891902, -30.48808244776072, -45.515059333365926, 12.584433706369955, -40.61040020803148, -87.79464405381806, 16.03352821324493, -13.792476975907382, 63.225598616345856, 108.56372090123021, 22.621238273088576, -56.55288063470057, -105.39284159652428, -110.63695792663488, 96.90244239079594, 6.168958036969333, 100.73866537711798, 55.201326714759745, 27.98378622467233, 14.968162549503287, -8.048616977088122, -83.55953763346399, -60.4053418784748, 61.145727331776335], [10.87761972093552, -32.30547750727099, 61.454233743292704, -37.40107791588055, 107.13697686450573, -1.0945605188104146, -51.587903090803934, 22.5971934932758, 4.1257084018049826, -12.946751224201934, -58.17021335951759, 63.13756977956202, -79.91675439232723, -127.5931474719345, 896.841496100402, 113.36185731812398, 24.29730433964492, -2.492971325681659, -15.632467177446204, -30.79555189540735, -90.80458446028643, -122.70101276096678, -102.98456048035557, -16.25560988869973, 114.97208636460347, -122.67982649881638, -122.7775867771844, -14.105613568845866, 115.01207962449966, -70.63254219542762, -121.97427132955158, 53.18306352509837, 53.12676245302027, -85.51823743544384, 94.56213959259318, 45.87653027436199, -55.91531723100433, 38.51317335424971, 88.68431299502546, -15.545579419626776, 115.20381524942219, -10.167513650741506, -23.545839958592868, 60.857356741853785, 71.81821976964403, -85.32598498314249, 95.52923255067256, -28.213845795965067, -106.21437038197203, -17.80253465683366, -97.06837528425143, 103.08202218167986, 3.3322425871728005, 61.632777809145544, 127.3421567830778, 102.44682183154436, -78.80805216352023, -9.467145521413528, -0.1250205098095674, -91.77641454577856, -124.73368487266029, -150.22270146882366, 26.6235406170875, -132.08213224786002, -89.57876501907758, -173.44701400052045, -62.62054770441556, -38.01928922124488, -162.7045253085309, 25.82928647909641, 105.77236575775062, 80.64419032506652, -124.31527200304258, 55.29775789926584, -7.637918354279928, 76.63162262279157, 56.017718418813175, -106.4555850025667, -86.44400418353831, -8.978697440075912, -5.193283940480929, -8.765072714278348, 91.23154291456487, -101.74274825909485, 187.60121430983253, 73.21432235736106, -10.837934310867032, 130.66231002629573, 86.11311111851647, 16.551884761611813, -90.90437816578651, -51.58172466686018, 56.40150960065666, -27.964820018234143, -3.5683040120279776, 22.6703168468782, -46.8090816211956, 192.75190299540336, -85.98946789598135, -65.22146659424182], [81.8184642625325, -12.124980868893141, 6.804251245983714, -47.468874487907975, -180.8195260611663, -25.583645082411266, -184.60949581493665, -87.21809701859453, -16.154474903354984, -23.090287959293907, 25.148771118949917, -48.980531644743216, -40.790924837593856, -49.57118111598667, 113.36185731812398, 769.585259658415, 2.6921547893131668, 36.76937943788782, 82.08382254313858, -57.169051515413194, -34.17455953365693, -13.009482396516487, -75.099603633974, 51.68841639231344, 13.368207521608872, 65.89632581065035, -113.76664521865342, -37.294724639354655, -67.50419214460402, 48.73049328969767, 9.425936728923666, -32.65459720751806, 134.05597743870672, -112.52604197124268, -21.94108474823965, 91.26316287060222, 46.70841526076675, -53.99037508889841, 52.83564425354171, 101.16246223735028, 58.73891306451126, -141.36146525878215, -23.96848799829772, 53.39492300234108, 36.127470585037415, 1.261932749126225, -8.828347744770502, -70.41490261177154, -33.12469354929884, 103.26997189696114, 142.13146009514574, 128.58211285482363, -14.825168546934295, 63.802987781535286, 174.39162048820486, -77.56745584348741, 119.8325119280508, -67.2270157315333, -94.65641818073806, 50.675121428403436, -53.493510901494034, -49.874376276634614, -147.65920256117167, -27.20875705734747, -38.03852040691039, -26.1428346627613, -73.48543291217148, -106.49674561687195, -18.155832546029664, -113.13268723256634, -7.595572832222555, 68.17626697362525, 51.34745889152772, 60.54827051617612, 83.20642315194613, -42.18337981025301, -59.33305907791922, 90.9372413975833, -8.440426036595037, -94.08488229777262, 3.094190195051619, 107.24486662738356, -67.67860133180126, -42.60514114631166, -70.72556689705543, -29.591688637347538, 39.799686668913374, 23.37144265449331, -122.40204917319895, -20.309449751908303, 56.65786724883606, 7.033856245086058, 37.677676750893006, 37.79700456221733, 124.84119244677652, 16.35313343655243, -42.25498849036897, 45.38856488653683, -36.34460303677089, -166.79179061636532], [30.69290475759439, 151.91648624522895, 2.186178863065925, -162.35988741688243, 39.135104665821345, 21.637532532930923, 3.0018678419491547, 23.97390869983759, 56.130239352897014, -11.099026839599924, 15.015797672110798, -78.07651488846669, -36.10690038790697, -3.57765333134334, 24.29730433964492, 2.6921547893131668, 701.5186467356331, 68.33887741047373, -35.87616872202773, 104.50550315780293, -102.65094676472272, -57.182341722919894, 82.40845383294857, 62.14830023342061, 86.59373868043733, 97.76137888130705, 38.58446781274677, 55.675103153470666, 24.855264805858052, -67.55411164513548, 1.4259733775115937, -10.456588954972084, 139.8453498514834, -102.82054271624449, 60.50526381099351, 98.25083612718724, -37.870222271195196, -59.53070020124548, 87.47911276010234, -58.85338050095043, 132.01971591140105, -31.82346586167809, -80.58147066734807, 11.225227413032998, 13.729778460559729, 40.73361256595476, -16.775913738438625, -63.32896350156831, -20.80048833273559, -19.48461686590038, -30.720195199325552, 53.92139926178135, 59.51454582895545, -1.6833661436976344, 115.77957456243125, 21.146077475802553, -55.90095083500819, 37.18278092665833, 7.790226114002787, -20.955227115764856, 43.006861864359564, -4.260937843371213, 58.76947694244932, 0.23528192768003264, 75.04846978865912, -3.904183097890058, 33.31443942540691, 39.169260203793975, 54.91681648906707, -30.291430284414247, -24.03424185015657, 34.788570016331434, 27.27086614550604, -1.4926606322015004, 21.113865646760356, -47.8424128292478, -45.415870256112434, 19.87354061325748, -62.12998536663155, -60.033889363071694, 129.63396619209007, 8.55227415095154, 129.77519376375628, 103.91051149000815, 71.9843578373977, 60.83210653680964, 0.7514657325259047, -147.48797498262454, 59.66194887040025, -123.10168776946992, -102.08175119757298, -36.8566107418949, 60.079841625502816, -159.5835457100884, 72.37154194974653, 0.4486512729590242, -39.22507638217291, 14.879707892881443, -66.48820952975494, 69.36849020417567], [45.521415468745346, -119.38885190707724, -23.661878289791602, -112.23779143872834, 87.72082366608693, -170.6468605153331, -25.731569846528892, 89.36275335351674, 75.70651515780655, -19.661477866110626, -73.4473683720827, -38.67328450941971, 2.220384624518343, 48.15501329814557, -2.492971325681659, 36.76937943788782, 68.33887741047373, 805.5203704238825, -109.49882584659389, 33.24066590804066, -165.29060736427587, 100.28509702912444, 8.699123125887365, -99.48872386135577, 252.91358967420754, -120.88242944188298, -38.59563903257011, -26.70373322326069, -67.57329146607024, 163.02978525310755, 52.57152002554058, -53.41320863201343, -85.40219444692298, 59.610103611359754, 84.30067143571637, -77.9032930512957, -16.805509882902967, 55.01465478983369, -56.73678034154541, 63.013237745957824, 48.055911596554026, -53.20451303441594, -11.139734779326748, 27.31064983128973, -75.01406936715607, 47.202104945073934, 41.97699682772505, -27.78531811547331, -23.309608482604638, -23.8022605757411, 36.658022715850684, 27.607701689425276, 71.33769125902367, -5.070408003173504, -82.77008039413444, -33.37880652479189, 29.61178453895318, 22.220263331000247, -55.862662301129504, 33.894651534652596, -3.172194394303779, -3.4401612816003984, 14.786266022241398, 19.0595955139848, 15.124431374531614, 21.694769345176525, 92.10088039998647, -30.17187104925147, 8.207858364157499, -29.223486263035156, -26.13547208838179, -44.44000845312486, 97.80803455349813, 59.625717351066136, 31.50990160580422, 112.70234567299762, 85.62905627172196, 55.74512916229066, 153.72836438888152, -34.74484082925238, -49.74497686091424, -91.88477576231406, -27.020022419687578, 46.179789788287856, 8.057432984701013, 88.63360623374845, 25.726082753555154, 27.66297038442083, -19.689329023663856, -77.73732920952247, 92.63859813628501, 37.11360532145406, 56.11427893948356, -27.02572816779302, -5.972419436359265, -10.07396513191475, -45.723922831385075, 75.92861399403934, -16.866777060928655, 34.17131007290672], [-24.00799723531658, 106.11840514551456, 68.89694287897406, 83.02713835496749, -13.623890905256891, -13.218148376271312, 21.10388931997547, 7.180104998120108, 77.6862050458116, -35.00608656015762, 22.359833508238747, 98.76798269657478, -61.047432013897854, -132.69102680018705, -15.632467177446204, 82.08382254313858, -35.87616872202773, -109.49882584659389, 751.9766876533997, 25.18232357628037, 127.33644063112156, 63.35744078765615, -54.128395578894484, -93.20361508208028, 51.16467954003499, 58.63091638409169, 64.06691301356099, 3.7453828370971016, -63.1082608048307, -113.644547121139, -37.699084262123286, -17.01123278102202, 27.55310286363112, -34.08747663925906, 28.521616191692413, -24.919609230057613, 104.09645682648774, -27.57947801569765, 67.0688189076465, -69.33795530936737, 98.04435785088032, -157.87237090874117, 37.7797393831871, 19.632782698243076, -83.10224932720014, -167.55557018765708, 75.665723524568, 32.89284890796387, 1.6274641946184194, 146.50558761770304, 138.37238053803648, 137.31427291575292, 21.671364171782567, -36.04466293834541, 57.621965314047486, -37.863097724293674, 94.58018631171966, -29.407369124610817, -144.14758415108136, 46.92644481882233, -58.040175842628706, -42.36117665530183, 6.702929563090414, 8.361081794061283, -38.1564449296792, -18.73168865459305, -58.9825685414892, -65.23691139102326, 46.08490640568708, -32.6151263116737, 38.49076658390921, 13.877400171675623, 141.7827534698163, -68.64200162172415, -15.941346168914837, -94.94901978117109, 6.062243642547438, 26.482444501705807, -19.352883942474854, -20.443215085217762, -35.48390109205297, 105.70229460713017, -22.00779913608184, 120.57249674156907, -48.67301800869675, -129.2464810940764, 70.82911203176592, 35.769047645122086, 71.72944632582971, 161.3501320011233, 44.69700164279322, 36.895172605701006, 17.73782892471067, -123.34492983538959, 39.41074188577532, -111.89481103176571, -68.1341147533972, -92.68794414084792, 112.93560792646382, -32.7957416251353], [-37.26133487218174, -7.212677088950736, -0.44999775130966224, -79.69422749469152, -41.09264608245331, 54.6383719473157, 9.210070368395176, 52.186643397474455, -26.861167299235138, -139.24955421487317, 47.22400241472323, -49.46021827803985, 71.63542918381239, -60.67647833596685, -30.79555189540735, -57.169051515413194, 104.50550315780293, 33.24066590804066, 25.18232357628037, 845.1830161526797, -6.1730947248680215, -121.25593236528736, 0.021213453324653447, -4.8535028753866785, 41.71684806764933, 88.57088067328819, 19.493063767526884, -0.4095006505032706, -48.48577593952007, 10.30370983480364, -134.33459891558815, 38.24481609033075, 44.369687895612024, 75.06162604580813, 26.726210621428855, -6.6187024029139465, 50.320387994383054, -80.37847551340859, -55.9754965342272, 22.62304127404617, 77.98434900817452, -56.260280638007885, -171.36718072172675, -20.87348160139352, -81.10910125955859, -61.642134063022084, 190.3331673832108, -162.65413688092622, 25.790283953349174, -11.224729775442421, -87.96826646824321, 84.76166680554303, -38.83958889990303, -36.905588242029275, -52.390314841877945, 8.443562865255041, 52.959617346137414, 3.004809306494661, -147.9933162910627, -5.925882860712275, -20.795389587614245, 10.242806378183323, -41.324760045899886, -226.90297606049052, 3.0350487868951275, 106.94473335791686, 117.32194318371089, 7.911904597741463, 37.776351429464256, 70.11708438776472, -15.717578708517612, -49.74986236314574, 120.86458224009813, 24.597018693758827, -7.842237512405967, -29.13591609089393, -56.52951970698354, 55.16218090945269, 61.69870378351626, -95.4229261786648, 35.439417777216335, 95.95739263494829, 183.29404259842417, -75.41127688354686, -92.73277456870476, -150.44549029467535, 5.300212198407137, 40.841931218564184, 26.723784445559392, 3.099872424205258, 88.09088697880551, 16.98531060060345, -151.56743460748407, -59.07812530490374, 45.09358404195619, 19.37942448847148, -106.58450863791204, 25.145800425291757, -16.366493141321847, 121.61454316083918], [148.94189003712626, 7.2842642738249515, 81.27488531659404, -0.8822121033081679, -8.290644667473348, -0.8479798282060261, 72.51159531620905, -43.424667612761404, 66.96877275245393, -100.71060881381634, 55.400907309112654, 42.031