{"N": 100, "M": 6, "A": [[[742.5894713225434, 64.97648383391285, -66.26351786973683, 76.4992150947946, -26.12917825348208, -37.79872218379125, -22.54481322181088, 47.01295848515243, 57.9933885761336, 5.705704946992698, -208.04672553795697, 7.113696284552374, 7.15458270040583, -120.74265521453857, -104.86387274312563, 19.02181407327611, 15.579552723756915, -39.35461707700381, -13.546133412448153, -4.364164028251845, 17.726121585104377, 142.3111635825155, 18.736266824780728, -45.07254767162694, -100.20679370124809, -49.71723590393769, -9.41522600909951, -45.962880657339376, 67.72788418197935, -197.00016866375609, -13.624209206331596, -30.748026915800406, -173.13838259728212, 5.224911891929583, 73.62428219916802, 43.43131559057077, 41.96430655356568, 17.305497631461144, 24.278361096663655, -39.371513529198985, -4.516003933184324, -100.57687075164351, -9.341268812287712, -26.483279053249056, 43.151005270388005, 176.08988434635856, 33.222822130051085, -55.737050352341896, -12.092659089456605, -53.95069566687975, 16.67660618727177, -15.115303155914633, 66.18536510515112, 22.76893767493012, -7.731402188150906, -89.60924300727119, -22.123303570705552, -19.615903073531353, 139.86100422364106, -14.032966440566563, 34.76693884933336, 61.41644068154783, 42.819325695659856, -102.59621200135707, 98.69243949637985, 126.83972013865188, -18.04066882689779, -82.00438094217657, -39.294306645908875, -65.12761095174969, 191.51883753471273, 74.2514727509387, -87.14062790030228, -63.721156847406654, 103.4935780840862, -173.42184888861942, 97.22592374460726, -124.91628940887439, 30.40123789743393, 46.785985632399594, 147.67836740997186, 142.00959787881462, 52.67603769478606, 107.23472697239349, 70.7642231599033, -39.060964346027355, 0.513423073687093, -29.180645871282973, -105.73323885129273, -18.87840643075435, -19.462216960664577, -70.18492440953523, -28.87490934694534, 12.367104042693294, 23.796219559877805, 59.21650663758648, 56.82608270710031, -38.984981582638, -58.06295891248964, -108.81280894352939], [64.97648383391285, 596.8004228089794, 3.412065368216677, -2.435003058409307, 42.23984001097823, -39.60634627584719, 37.35240524275387, 50.852835087257475, 14.472405495922702, -57.71768004336461, -1.8670532835481326, 44.816522646804835, -94.70527096554325, 20.237407174384266, -109.979898202839, -22.216641011855092, -43.425357496322036, -37.43347394069443, 74.1646614297416, -105.96972383546529, -30.571629438126063, -45.26160748478391, 66.01871702905764, -12.291041155644507, -92.62551908144498, -18.312812541893077, -36.33393965763538, -85.11850424986326, 27.68706760039019, -63.211670705121016, -44.71652094016842, -54.26783128815201, 1.3688749256930794, 58.76918918818832, 46.9939330777329, -80.69110539617216, -49.018833860257004, 8.122524349906433, 100.69654086155609, -1.6087050606563102, 30.83546358617553, -32.55548710777859, 130.43387353252308, -18.487254462504175, -50.784573356781365, 12.999450219408732, 60.337608752066004, 105.21824277790789, -29.09793825881466, 76.96312236309099, 94.83668551993867, -73.38034901805646, -43.67249356514749, -89.75389264758657, 54.33401157650351, -27.5247611609601, -122.06017763157568, -104.5157934303001, -36.70322918437603, -97.72393722753101, -34.27240810742652, -67.31135511958784, -93.58554741103936, -66.08896472884194, 105.1609210785355, -66.22268171664248, 78.87633578496124, 44.86501177554352, 80.50736399363456, 5.997542182054709, -101.38177962019057, 72.5152269930534, 108.04669684882076, 63.415563232182286, -102.4427491836434, -70.88823183892652, 73.06321992618176, -66.19060215495993, -77.3927574597582, 48.36564406657409, -67.37022546391877, -2.5322648088174953, -78.34120033559775, -31.161132841812865, 9.873960835460874, 58.76680901057245, 5.394913072586555, 10.04751216450181, -6.930697969725443, -200.67688390974186, 44.88396367880448, 17.516749926268783, 98.56272513938995, 12.54403654225072, -64.49586300162737, 72.5900844025942, -142.44447354913228, -44.77855017183221, -29.61143230306142, 11.667288597315615], [-66.26351786973683, 3.412065368216677, 811.6850271777179, 36.59643383857223, 67.94939576728731, 135.0497260823218, -20.65088045025553, -36.6286201868752, -67.91046847984568, -7.937965035944351, 157.80910173888122, 28.09757714337042, 87.99773132601833, 12.28315176201708, 113.55333905109092, -13.373317854031052, -8.90703976631774, 30.36124258335659, 9.365582162069247, -35.20379210575008, -102.29303527731338, -89.60036724833299, 69.22888493717475, 109.4397367692332, 77.87685339363797, -74.55886281542902, -40.63960191645884, -47.709878839541226, 127.81754555238061, 66.45197289800647, 31.683255152203998, -5.8950839562594295, -53.42390307652414, -6.7199705279333655, 64.2772501578698, 40.512104327202955, 15.714714014695767, 77.43810445824383, -96.19030172865536, -89.86643666771475, 74.0453786778637, -106.37427120614883, -26.01480555772138, -86.836776162514, -64.52011279480938, 89.25274685965542, -122.63728812290887, -6.541594125914081, 81.0199709236307, -45.6344151971409, -119.61390266316101, -10.764782120409494, 74.61033344380559, 49.97408573305335, -38.40817610896701, -33.67628339304586, -31.329946968667535, -71.97424859398885, 87.58327239494142, -4.927457694890626, -53.79952503766284, -303.15755765322155, -14.000147078017235, -51.269334195805506, -5.8331322846757026, 97.74950158576561, -168.07514936428953, 38.15909587349293, 33.299759920425416, -9.733403537995393, 34.29872471296694, 109.18961494363563, -46.36069621951419, 26.437219985244273, 13.704443325235902, 22.30674070318925, -12.196363218634197, 77.32854462023944, 78.39613549070566, 103.73442226041166, -121.03975366491161, -97.21021254256185, -21.05410494051001, 43.24677623779575, 68.3591432242983, 97.93742597289572, -29.265324389922217, -4.4804125895755105, 49.165359023071204, -6.549164626494905, -161.7337363191458, -58.47605330122664, -15.86744834960383, -30.82134126998637, -125.02643753326034, 45.20896070819111, -66.80055602417514, -139.5854352364947, 49.80318633597602, -6.707430294743798], [76.4992150947946, -2.435003058409307, 36.59643383857223, 901.0450131274993, 110.94949087892316, -117.47727827510018, -24.24291293663534, 57.252200046733, 42.04717955732036, 91.7555875585979, 60.28212052199018, -48.593425126114454, 76.88098734139709, 32.83740786391994, 39.17400159499911, 14.090698008412195, 18.575879585690593, -33.00408687179192, 31.705575450499957, -39.238898218652054, -3.8589620807503953, 25.830963158675793, 109.03965507983109, 9.599582658261978, -114.35827299596484, 3.778164114604862, 53.90101490378688, 31.931621779089564, -44.35984368155992, 33.632466441180014, -10.53419314759477, 143.14646982232318, 13.496071590225377, 27.61012356130345, 197.7938704566131, -127.89759202321389, 138.9478586673724, 94.0609341695983, -39.804487762458706, -86.22625304235652, 66.55528447467981, 22.692508011604918, -42.740696253886135, 42.39338889565604, -9.49777610322153, -55.70675944218209, -21.36597077583333, 167.8617231804041, 1.564754993085688, -47.551949980399286, 16.596521520705807, -5.416258709642999, -61.79021669936791, 133.83735877467055, -109.64815421711613, 51.775992211912865, 42.8325335221614, -29.77212282316083, 161.40988022197718, -34.01465797424232, -36.181693546725626, -87.24115257016115, -1.9741133823669292, -26.76450746956751, -34.403951228927276, 50.20282210812248, 89.18895473504477, -33.21538714194782, -46.74229517326405, -13.59153311598562, 60.3038125624383, -135.86559231447552, -85.04697084037126, 4.374639409592753, 1.6935814686257578, -97.4454967884812, -7.036572992164863, -137.84186959112282, -71.78250772118247, 174.19910075365414, -31.008369644570173, -2.8959858415993254, 51.40044368481659, 113.15007025033248, -1.5135059322150788, 57.727079284076964, -58.130891453764136, 4.166956894640717, 67.31532447938956, -14.004829861071089, -31.92810068093401, 103.16367212051631, 58.14722426824219, -12.656711562627745, -127.91640484539182, 33.59324978279902, -118.37534999258554, 60.63380049836403, 27.281999529133895, 127.5344871752589], [-26.12917825348208, 42.23984001097823, 67.94939576728731, 110.94949087892316, 1027.2195399219686, 17.334432361435958, -81.51919552204892, 62.34080506214357, 36.54452674453951, 50.79445661159017, 39.45923632668153, 148.5578180731678, 87.26224360208603, -106.00672866286621, 26.656935707791373, 38.497560870957685, -24.643954699428466, -141.27460369674054, -27.34130030077835, -2.4952928447661873, 111.55475646023125, -82.78761595146514, 79.16719984049335, 35.59852512456859, -13.209968254170112, 53.390449394589844, -98.53229563112014, -19.248021435592882, -178.32573889739425, 118.67987605328216, 216.64507301219783, 62.76234610842562, 70.04121760176386, 104.0929567176695, 120.65379183135278, -45.989942611406086, 141.59105262209366, 33.96926659080279, -7.148066845712194, -161.3288365703023, -150.43267666155285, -136.3106863665927, -2.5793793242055294, 100.04016367680511, -11.174618558483472, 70.51468831669015, 111.82351696734597, 59.80000379979445, -104.76906111372642, -230.84104365699105, -60.560973061934476, 66.53198723086308, 118.78410992462781, -47.484795792213546, 66.11777436486238, 15.154814018752377, -75.20150632296719, 28.3915226785587, 99.85001169591293, 119.44696325440103, 99.834921395813, -87.3695685357514, -101.34487362514295, -110.59426919250627, 36.20652083889112, 70.74978732375345, 54.09699276665636, 169.39135674038044, 26.008993900228415, 47.39411399755878, 34.78323456443368, 52.29932962336235, 54.04827175984357, -7.002560259518311, -88.2739574812504, -92.95189310081506, 30.586466807875237, 66.40551556752843, -23.995236414157645, -48.141794838701415, 62.908544098901814, 106.17467665611417, -230.71967186519356, -34.354001813748326, 69.83262785322017, 168.18016295063157, -112.23292062438654, 12.472078679217084, -27.48739561917431, -16.578021487570645, 60.4087874431007, -49.99895530135374, -29.946475558296378, 63.36119084467318, -41.1694274442764, 121.34497298982248, -95.85946591097934, 31.892784610215163, -67.16101841151823, 26.87645730038597], [-37.79872218379125, -39.60634627584719, 135.0497260823218, -117.47727827510018, 17.334432361435958, 723.3823130283953, 37.9729520085135, -126.37009374296893, -50.25368515492726, -30.2003416222461, 48.13006747136513, -98.42430788437021, -47.19281491483339, 4.191140788181781, 54.33684933273908, 44.90064029641227, -131.56361748620483, 53.60637545502859, -135.5093579116855, -108.31443834814532, -138.74329918593807, 26.60849830429159, -58.77604987313972, -59.209905081057315, 25.54531938481451, 99.72530868737212, -122.16062457943785, -63.79457707956936, -36.33898689050926, 7.088051548738592, -8.880184168638833, -126.61374992053824, 25.18915292542781, -36.77869078983223, -2.012842558016284, -112.44885554939509, -20.120311153957623, -29.655163507120704, -138.89488247191363, 47.18819387583306, 57.337076596262094, -83.33975123532723, 95.64823353154294, -95.24570958315208, -148.98565216161126, 0.9989172521571239, 123.77899875094396, -68.19869189947372, -16.7197591483946, -193.8120010528329, 67.5796850935982, -49.50993397974759, -33.49799362977438, -80.92591929153883, -44.76357632314673, -227.65880492493088, -82.07084473176623, 63.695245979508975, 4.715931611588474, -106.87999820361934, 14.889401626107993, 23.599266553885066, -46.12209664271008, -79.0048555231609, 6.983720267114502, 61.79174055262055, -67.44730071756545, 12.025752898579968, -18.91467735682147, -42.94390770033822, -4.629987385477428, -0.8561904125190669, -43.74926861335993, 140.17569353792013, 82.10977532356387, -2.041718335620515, -49.112979614924, -135.20495978329896, -3.591878359881693, -108.70533110839986, -51.76249388274376, -69.20565694941534, 30.998022235144724, -59.2219686456175, 163.3903636271338, 10.537512400308234, -23.358772392766113, 31.642472754315005, -103.41309822969488, 5.753508108240553, 10.652769896674606, -91.42039869085274, 22.404510768016095, -57.310455488500644, 34.88286197643872, -169.851366836146, -71.24134295264223, -14.142446686194852, 69.47102177559088, 28.744787994757328], [-22.54481322181088, 37.35240524275387, -20.65088045025553, -24.24291293663534, -81.51919552204892, 37.9729520085135, 569.5588222484429, -7.929020942024621, -80.40966212427865, -120.94418443774738, -49.7115754037835, -30.509806967234688, -105.60269479193192, 113.09317043141978, 60.7787597959855, 112.6858257684419, -24.323530475110797, -9.30388094356565, 9.018404210614584, 43.320905929634634, 69.8936124415533, 28.605022328054147, 54.68585338755272, -47.28735994021833, -43.56155512741248, -80.53841850546299, 65.62437397371674, -65.65053386286083, 26.61424002080746, 39.35903928837475, -151.43499377190656, -23.218567586912123, -69.09332415731251, -51.37610587006618, -81.58059805108556, 40.372759804934034, 13.020448349989957, 126.42272180374817, 14.266901367442166, 89.0480896613062, 49.16527222662663, -2.8731798338974643, 24.39190781454103, 35.03179356491356, -19.915188184663286, -9.740194583470844, -82.51860526177582, -3.8594510787548506, -46.02411605844729, 13.221852263395967, 98.76281509032941, 24.626191855884205, -2.2015058847211018, -61.164338541115434, -191.52906822773278, -63.18226067039634, 6.40393328451782, -116.2964409981609, 60.914711531066494, -77.5927227516394, 97.490779771313, -84.72913681138796, -40.66782428498764, 103.1530341144332, -22.383052252660217, -9.506082211152911, 17.66464079222935, 51.76209476685931, -18.628465881794423, 28.26566464694622, -17.302385577836137, 11.748535546574917, -126.17754572151993, 76.64892933346144, -32.22549589175069, 30.82299157408717, 39.860052027187095, 102.88874432509225, -3.3003412973260957, -41.44062770403423, 2.0626887377938883, -8.6659803919133, -84.20562188956684, 49.93281408636415, -60.83956279240551, 30.0545208147624, -28.18091444801901, -31.657930095658948, -132.05905590094986, -119.99354011037391, 123.64624830501337, 26.086208368570002, -26.662402799475313, 54.53277774588302, 153.43692811383553, -27.46961973896527, -5.805294906951901, 116.45117883261912, 13.80797332805139, -25.024871787514233], [47.01295848515243, 50.852835087257475, -36.6286201868752, 57.252200046733, 62.34080506214357, -126.37009374296893, -7.929020942024621, 662.858421646539, -159.76917245939364, -27.298659501827228, 0.1554140092591917, 46.27980351511452, 33.70373475665182, -131.9627705467149, -33.26066823925221, 64.7056923016602, 45.069980844336605, 65.34588864948067, 81.94505311013454, -52.94387552783397, -50.887244739085325, -32.982312544729105, 14.248446333040096, 10.826731251285706, 7.012302854908542, -108.22348753540778, 44.691062720174926, 16.335682085227806, -0.9956549913802386, -36.47219673819141, 98.73556492325685, -93.64124771913201, -50.98985673036154, 6.618816177301606, -30.786762356865193, 62.38984598505931, 23.983229061574466, -66.25474161312837, 53.63956000061927, -40.89273569539678, 15.647987179838761, -103.11745166188291, -26.04164985099589, 72.88200201749109, 21.65237729681103, -84.79745937146798, 1.5758981841553505, 56.82796505796355, 56.10543422012584, -93.3122926220363, -13.270182854841094, 0.39091693652399967, 54.767260346412534, -48.738141708829275, -1.596390863345428, 67.94331339497242, 16.851380784491585, 55.20234173287346, 149.92390000272317, 16.512314777239027, -20.530400445071983, 128.3976319782369, -76.19941352048112, -48.62531552624032, -18.039973743266483, 14.410615777122038, 120.53460890583885, 11.255108333490677, 102.47630532381756, -73.16658504370936, 102.6356762707799, 32.50110362613523, 112.27163728436133, 40.24263177931082, 4.120056004980909, -6.02183497388285, -50.73557004416064, -27.755016403054857, -12.31281220847267, 4.79631064562415, 7.340757652842294, -99.11781585320057, 92.83100432225059, -16.134038922004702, -111.74840590794722, -49.70616266580758, -28.259241434297362, 8.965143704241079, -23.54255795530659, -80.7442529073119, 113.87658994358654, 10.334031683869744, 35.93558569948477, 110.36230725543005, 116.11175002926456, -20.990130537251623, -241.49958290175823, -152.0494687714185, 48.091503430900616, -45.15220599725648], [57.9933885761336, 14.472405495922702, -67.91046847984568, 42.04717955732036, 36.54452674453951, -50.25368515492726, -80.40966212427865, -159.76917245939364, 841.2472327178014, 168.53308756676896, -25.997975445013267, -96.7291780199882, -33.80653424134784, -49.78762116752978, 11.270807060961934, -212.54640971983315, -37.92816315159871, -52.34964075938828, -42.002972270440104, 0.17693040564336143, 117.06636026223735, 52.31544468138773, -81.69191933575352, 112.8639056711471, -59.81744341107522, 41.26713333486648, 52.93776912865477, -9.473747763339922, 49.41271038719311, -141.55981471496804, -47.87714915934324, 32.51721719615504, 197.52792643491543, 117.59793583015656, 30.312589392396443, -20.380790667992507, -75.2757269953916, 26.042192241466903, -1.745670637707838, -12.69784447355461, -92.23513530052088, -112.45324080524604, 61.01889275313658, -23.775936505385697, -59.87828179975908, 37.861516678959084, -51.06732118078288, 75.20703831313743, -59.942006858066954, -11.296871071694081, -111.80184013379694, -174.08929513955198, 6.7630035652910925, -13.621966726297138, 17.367551878575522, -70.42409322704448, -35.38547230429274, 92.44494721739166, -38.75702071380827, -3.1809738924288116, 24.41821672169972, -12.61075142146474, 117.4698717155771, -27.849165602683584, 59.251720278111264, 36.069075002230285, -6.325837655218325, 50.881180747519004, -174.4390864939691, -46.99600314023726, 175.3975136993836, -25.58908488984935, 45.48924354969069, -47.62809943069602, -67.37776086304386, 9.85740430125258, 39.43729766507435, 20.549409171111833, -44.96078056502836, 54.652526371788575, -10.685676902943433, -27.853525846634, -26.67513708483019, 146.73810992084998, -35.76995920390787, -107.23798528001392, 154.7835592048581, 81.31361229456505, 31.74862870484301, 171.6203080359972, 74.34943019855388, 103.74273669079716, 2.5289971501815076, -19.672607988659877, 2.1846249565782427, 142.80740822380974, 236.43196562865026, -52.755190563774285, -18.236963178265984, 187.1366605152703], [5.705704946992698, -57.71768004336461, -7.937965035944351, 91.7555875585979, 50.79445661159017, -30.2003416222461, -120.94418443774738, -27.298659501827228, 168.53308756676896, 660.9807802718421, -23.12136589471617, 84.75319506958432, 6.66851140080483, 26.23780145742197, -27.35142173056848, 79.93981572761618, 75.94841094199334, -88.1665472983999, -53.534315529395464, -24.025353085218555, -66.70944986189608, -107.50577035323577, -61.30210484893383, 83.40936395868493, -6.218183523488463, -21.19485510434977, -51.32875575647418, -24.335356604807735, 36.89115608088558, -63.41676298382984, 13.190813035273134, 36.50877941670496, 47.344870443479444, -84.87577680626002, -68.8515087421973, -32.11485131266471, -51.42903188902813, -110.63427169401331, 6.814752802826745, 53.30263141431135, 119.7946162702365, -36.099776231315346, -41.311232240690686, 18.7252193575754, 75.33394852850667, -82.22468617144048, -77.81635736004056, 7.787473790979188, -141.63738007110322, -69.0788045594277, -39.345099059323424, -73.12205007253299, -81.4209331387796, 1.9766815872147314, 16.791186640220147, -99.52982209615107, -12.484087224437138, 0.9686485585630658, 45.44106496494272, 92.03355006295887, 66.17658037671148, 58.19647844647898, 89.19411374715179, -113.65758254930795, -34.24987522594753, -31.567960198236612, -32.31701490847653, 43.36176176050153, -79.81126410871407, 71.73241584705497, 10.322614382920035, -149.26607962671227, 109.26364982426533, -146.4918586122358, -20.38070325551605, -68.1987015199183, -28.420968075231578, -74.66206428857636, -30.769725009104125, 7.585973458713296, -17.31848075631989, 0.29768235917652275, 4.926269631498217, 89.79641374196846, -97.61694010479735, -125.00920043283175, 27.990071179242594, 3.5826435426901724, -19.470679743221115, 0.7844831360811897, 53.369187009377505, 54.42538635000115, 91.3442493720325, 16.20807088240887, -157.69658921625788, 36.1123069905771, -36.05487614680131, 45.307330283268286, -5.938610496931337, 101.00223511133649], [-208.04672553795697, -1.8670532835481326, 157.80910173888122, 60.28212052199018, 39.45923632668153, 48.13006747136513, -49.7115754037835, 0.1554140092591917, -25.997975445013267, -23.12136589471617, 824.6373739501287, -62.883056086121464, -34.08383688222135, 69.02927201132796, -6.337761902747771, 21.869877280155336, 32.99229931170919, -112.90050789636229, -87.60782469654531, -100.90581596185396, -161.03853742388682, -82.56426115721428, -14.318399715138527, 204.50168056981417, -30.987399364039558, -85.733535306478, 123.0601265333469, 24.631768805188784, -70.31569298175059, -68.69843228219486, -58.2217586376415, 113.18161901145375, -5.760219409879392, -95.40803775766229, 171.42744188196232, -31.433639866270767, -4.837625775241573, 52.78349197474947, -121.96649072324581, 1.8329350700221763, 116.83421245590777, 172.8355979246394, 90.88688818515645, 47.38695396555299, 13.50396003322225, 54.63875854539748, -46.17682848340353, -26.57614622246127, 25.433053665191444, -26.072540662089555, 41.21472451813807, 63.109375951231186, 82.41486270881785, 101.05298911618142, 32.38566650560966, -107.28072355518654, 9.240250871903166, 102.73501112461564, -61.64203234669086, -139.85144975487114, 42.48059259910045, -31.98179277313285, -96.86812674934492, -13.466349117343873, 16.314467421515182, 76.35882395679172, -14.100601598053082, 59.44876200967095, 48.17751852963708, 123.89389575100715, -16.32596105145647, -0.282826116393347, 197.90967015678063, 114.3188649710731, -66.93017112383384, 183.12329724203352, 159.42087464809956, 61.10934964183745, -0.2248989453873765, -49.367882291258695, -93.71100899388236, 78.609108780988, 1.2859079954277424, -133.39719182839565, 80.14338770710586, 68.98938778810196, -51.85962083919495, -34.740038673133185, -52.10069444367142, 92.49777268340796, -54.50729256021638, 94.94477971007659, 71.50616040759846, 21.365759379681514, -49.75921198473341, -68.54573475455813, -112.11250776360777, -31.686291619510385, 21.301207306899503, 7.309932157634955], [7.113696284552374, 44.816522646804835, 28.09757714337042, -48.593425126114454, 148.5578180731678, -98.42430788437021, -30.509806967234688, 46.27980351511452, -96.7291780199882, 84.75319506958432, -62.883056086121464, 871.3139663280544, -44.74450938329399, -103.86335298168075, -25.13510371954224, 167.7095176799698, 36.85704834564941, -80.60725274985263, 114.04782646253129, 2.4491876566022652, -99.20264267781944, -47.51081392944099, -24.259812091022038, 18.217424772391972, -6.242436785924395, -13.313897232158906, 61.42013627556128, -63.2967733565667, -32.10888862308957, -52.80496781271404, 149.4930438755041, -43.07731075209562, 46.89059356412125, -82.49756190061234, -123.67250898865555, -133.2050892444466, 33.780805533057645, -62.34407046313803, -28.233091082903975, 9.287730936288307, -83.80072802971141, -77.19609530327519, -80.64372855057628, -54.71550582068737, 95.77925012839286, 51.244435847256135, 114.67582992986726, 67.79662188195155, -53.664714965228, 30.348603501897006, -126.58411097657776, 52.38274589891782, 38.18441817182879, 25.19347343929417, -62.43517573232275, 208.16905274475064, 36.79084767759047, -63.3836255549487, -94.90266928848632, -102.33419297625197, 69.29478708836649, -93.0398520138254, -66.66705670862113, 4.620489809091687, -71.03951222226766, -37.63900216733814, 170.49657648094882, -42.63407645630589, -85.24253708492232, -131.5754810744393, -54.70190116460446, 42.255167887843804, -0.010096847614438654, -0.7121224924827115, -179.77848762035276, -54.96953412072831, -9.459436663410406, 30.963941673906515, -64.60540604295093, -41.77203135790302, 2.8349795318655526, 60.69151480893668, -87.53490018215264, -30.556258006519297, 12.44026417275819, 19.58417695500517, -47.75861201429493, -119.8031332279586, 208.50458538685453, 124.49235245454257, 40.48240614056004, -31.456334429709106, -58.047230695590876, 29.928953381303018, -87.17776755140923, 88.11449170331515, -80.29012194336124, 98.98017633280955, 180.17006642241802, -17.270586920477466], [7.15458270040583, -94.70527096554325, 87.99773132601833, 76.88098734139709, 87.26224360208603, -47.19281491483339, -105.60269479193192, 33.70373475665182, -33.80653424134784, 6.66851140080483, -34.08383688222135, -44.74450938329399, 782.0853538290351, -35.42975690540717, -49.99421726010361, -21.5475317081974, 97.1492784476689, -44.97694649131463, 77.5189260945992, 13.797073346192734, -28.041798828105875, -89.2834962742668, -96.91378583064352, 5.245206698854475, -109.30110505867708, 34.395018266917624, 29.083164203769194, 70.30935846045111, -92.09361156303291, 177.94169585205677, 104.59740077216445, 84.45693152080078, -62.774560150269366, 129.74647996104972, 143.32195704178835, -125.4268207677691, 77.71542537536247, 10.183401810170016, -23.151071242680487, -49.239561388568376, 56.68680017313373, 56.76576896900072, 33.88208896932208, -9.268148277793493, 76.60660649895246, 43.528690390158246, 27.293888035323175, 10.932295104689763, -4.092011081158992, -78.92413775827809, -43.48676865790215, 26.74634553052166, -9.613342313559144, 92.38481646763645, -24.82401827185251, 94.04663292585873, 91.96744994979431, 7.0452539942684815, -11.571150818660616, 132.120459616711, -89.83434289334947, -46.72724813624636, 83.85895223378171, 2.198459426204305, 171.33937051434327, 3.5703066262290073, -17.509828431952656, -16.67007567574057, 75.38494093741096, -7.917403690240701, -105.09867963309591, 99.56265085331594, -14.666089089884998, -65.64170441789179, -56.009512780912154, -53.481057832902614, 19.700956407541934, 28.085421033590347, -225.67021320360445, 99.9870861728996, 96.6003143087004, -24.378184114833267, 58.92294189897574, -20.49982685334316, -49.32782164771329, -62.26196603510677, -76.21797584176659, -93.4282610467611, -118.48931825158245, 94.8186932461764, 27.731798756126377, -88.24247172588545, -132.59037920555872, -46.27619568822254, 50.741179806289125, -22.67135944374593, 32.15137763712672, -10.25163504485951, 108.95770421666565, -41.84865518300492], [-120.74265521453857, 20.237407174384266, 12.28315176201708, 32.83740786391994, -106.00672866286621, 4.191140788181781, 113.09317043141978, -131.9627705467149, -49.78762116752978, 26.23780145742197, 69.02927201132796, -103.86335298168075, -35.42975690540717, 753.5975409212067, -19.812963584397803, 8.36854503602754, -37.475762168831295, -86.43332354845741, -49.36007390328283, 32.380836921366246, 42.04155576632749, -97.88162371695313, -22.184238082761443, -15.959780040432875, 52.09924487706622, -31.411775765239923, -100.8335074559781, -46.50750353927354, -16.291714630769988, 75.90294275642528, -277.89615962336364, 69.98917439916804, -57.20098825446184, -134.87580424750698, -51.6374490423851, 24.40226519777577, 91.69329099866034, -64.36307258272991, -95.09612457952679, -4.869716971866065, 52.51450207195463, 138.39433633283429, 19.813395260893632, -83.61535090814918, -58.27619598931654, 26.97146481344806, 0.35218066778469737, 111.93459973606294, -98.28370233089099, -149.56693239834252, 102.83409995776557, 67.44351595432134, 78.45154188209004, 54.553017668947945, 28.338289812876905, 30.632849866306458, -36.88670902265062, 72.64568674162886, 7.988861837483883, -18.71729856074646, -49.36864328278526, 10.658928259850365, 41.939069989422634, 16.798120315323125, -77.44089417973055, 24.60473789339575, 92.28044050861112, -86.7942308327119, -122.42800582007419, 18.627378873909233, -18.496161627060452, 70.66301923306912, 43.416570656766034, 45.298929096023336, 14.545538386774936, 68.92630035157582, 140.00799817578937, 58.91471530252955, -22.18879376158442, 83.59768649830012, -14.468548097538779, -8.063507962303754, -13.892249399229856, 81.53732351118599, -53.53295323755698, 3.6093173953453355, 71.14773068025706, -5.6240888328825775, -51.38231978742359, -21.143619923843946, -92.23414063669195, 34.5532182744334, 24.8723696199003, -125.96099268415335, -125.29966222285283, -44.94207219948468, -157.6155233269353, 159.96185904854192, -37.08778648264426, -16.994996611266128], [-104.86387274312563, -109.979898202839, 113.55333905109092, 39.17400159499911, 26.656935707791373, 54.33684933273908, 60.7787597959855, -33.26066823925221, 11.270807060961934, -27.35142173056848, -6.337761902747771, -25.13510371954224, -49.99421726010361, -19.812963584397803, 638.0212367696545, 50.89559821602778, -168.7049719203666, -27.236394009978884, -103.72450504932941, -46.37029537448421, -26.28446596799179, -80.41482133537158, -54.90411904008293, -93.69042605395184, 31.83285754604627, 34.85274888256333, 30.37939096265299, 4.016535545009518, -36.68541669076445, 89.73277726401201, -71.7544110789596, 61.19908170334726, 62.55900737864704, 7.21494982869569, 10.452904315077014, -157.43034511747337, -95.7891420725019, 88.67315221362574, 37.96879947316537, 75.415061573165, -38.968555291380014, -87.77276483289363, 32.790460770790325, 73.38839620983251, -55.453602750738426, 11.29995498672025, -90.68696656979958, 31.112218454907588, 16.59289694608508, -34.90984530470433, -127.46828784877798, 106.02841779954244, -39.78788579054668, -71.84654722140621, -87.74215948199327, -37.62058106928988, 47.779792823921234, 54.46869948385333, 28.644630205970458, 13.816642738727756, 40.337878213774374, -68.97443128039616, -30.686653446782046, -5.150136799884661, -15.109520302780657, 18.471922654817746, -125.76694725706898, -116.52688564516173, -56.420962776998145, -1.2156273817786187, 46.41969872963965, -50.72830222421583, -128.03261268915142, 15.848624910091743, -7.941932414704678, -30.8572801667435, -18.353791994025702, 57.64691326101392, 1.0139664269076791, 72.80892938180912, -87.40668285186176, -13.534556539238698, -62.34853872108539, -28.021813292196125, -93.92103177092173, -19.801844442810918, 58.013589626771896, -81.44530138424712, -93.63796858940538, 63.620379761851375, 2.6501437390484406, -144.0101019508968, 59.64049676692843, 176.95532279428053, 81.28749608237369, 52.68647010434949, -99.27822736199803, 13.24044231108289, 109.09134095161761, 97.74705430492305], [19.02181407327611, -22.216641011855092, -13.373317854031052, 14.090698008412195, 38.497560870957685, 44.90064029641227, 112.6858257684419, 64.7056923016602, -212.54640971983315, 79.93981572761618, 21.869877280155336, 167.7095176799698, -21.5475317081974, 8.36854503602754, 50.89559821602778, 862.5601234723949, -16.226163640251766, 71.72874836950372, -6.773607791648505, 30.001701253050918, -124.14901768014987, -145.2863423719942, -25.04869969443377, -53.575561209389214, -55.112453685946896, 37.84153626495523, 128.22398199469944, -93.25364064512365, 161.69054277481618, 39.624969233498476, -50.64160748777472, -102.93404624714827, -117.49540865202819, -109.87248447730066, -189.29903239531592, 50.83629368434237, -114.40599392617091, -39.28570838102565, 44.011622801230786, -115.23412105560318, -3.7700680816048866, -143.4441740449034, 84.98920485963308, 18.911486725240188, 69.86987153412534, -35.64614136305772, -70.52562901641218, -21.01647353055057, -39.7020053393298, -87.72766573768628, -44.60584142664829, 140.9950642835831, -64.99611708929355, -4.888503395133492, 42.879311870805246, -57.96918073801448, 135.9624186237724, -105.71902427244196, 45.03644044286911, -14.985139407398144, 60.17549963462921, 128.85771569080353, 65.16536937353759, -2.160636883725019, -114.1095314679131, 18.312753270741126, 89.21399293345935, 29.792985922292285, 33.74678228270704, 75.03115675186893, -99.79777840612448, 15.55482330821073, -137.06175417203917, -55.64560283247701, 39.20839259924588, -75.59027870145275, -65.46632045954135, 53.0199501737652, -77.00431381454862, 29.480713901783556, -57.595313484672936, 24.123308975924004, -68.5244230389212, -112.0136538937174, -79.00051180500611, 84.01593730034257, -104.34547853072739, -4.020934816933355, 17.781220459665306, -15.012448071507238, 65.00916141736016, -125.20317206119456, 91.59142152684724, 27.291025624930707, -108.84100311684124, 135.087498117527, -12.319625726448056, 21.909940158877337, 103.32714002054706, -67.78250065594077], [15.579552723756915, -43.425357496322036, -8.90703976631774, 18.575879585690593, -24.643954699428466, -131.56361748620483, -24.323530475110797, 45.069980844336605, -37.92816315159871, 75.94841094199334, 32.99229931170919, 36.85704834564941, 97.1492784476689, -37.475762168831295, -168.7049719203666, -16.226163640251766, 1027.6663226870871, -16.200485190309966, -26.09342362939231, -125.26349514921147, -1.4332109417874384, 136.19740898455504, -78.29607918550961, 86.34326285774176, 70.75045088577542, -25.997371834579667, 95.65942707244827, -59.87724586604012, -67.65233957203742, -97.87886138208613, -43.51973824082034, 86.68723768562369, -45.28443544902763, 94.26600084537154, 47.63481707691167, 14.375374805270148, 84.25808605656034, -59.28651557695499, 99.40933683045536, 10.694213441913764, -26.714037168893064, 32.563552068610456, -55.6689606948209, -109.50302522701747, 243.77026659786213, -2.1614533801201015, -34.427421908015425, 43.50833234254767, 32.230109739891475, -8.864322549407731, -43.73550358398639, 83.90356961137758, 49.8238736027303, 18.951065904231033, -1.5478507986825458, 121.1841182174077, 33.372506697672904, 41.286132108635776, 1.191510227512566, 10.133476983296791, 41.2252820861306, 12.613332821860752, -67.8170180292985, -76.24062792837927, 23.210108642903165, -110.1583940644505, -60.987955375984455, 123.66746645981681, 22.398057862392147, 7.911089188625515, -17.881005972100084, -77.82092745055274, 134.76843562966187, -100.31209978973072, 20.205336392333447, -30.25327677126078, -101.78042703319359, -15.79905664853508, 51.05777153286545, 36.125326706204966, 16.559146560744008, -113.31851336880902, -36.55782654727083, 59.39768329381235, -40.55216636717386, 87.23607923236295, -2.089030308046783, -28.910715466682756, 59.103166862596346, -12.651595410325868, -103.79086077017382, 13.508918272531002, -182.5255324619399, -102.86765945999956, 15.952885176828884, 2.859014959090633, 31.30450926356731, 49.21328007904916, 52.133556706358185, 35.029033793069765], [-39.35461707700381, -37.43347394069443, 30.36124258335659, -33.00408687179192, -141.27460369674054, 53.60637545502859, -9.30388094356565, 65.34588864948067, -52.34964075938828, -88.1665472983999, -112.90050789636229, -80.60725274985263, -44.97694649131463, -86.43332354845741, -27.236394009978884, 71.72874836950372, -16.200485190309966, 703.1836416206947, 26.576046977482076, 107.83125015786374, 119.02034327883972, -41.95249801870906, 59.434665879037, 76.75638101648534, -40.6385753796785, 199.1401918534178, -40.393312983716314, -12.836163774471677, -17.12732088710121, 88.43104446866154, -90.8652688008548, -147.40024905146166, -59.781108129451255, 48.4103261757037, 27.983389387244465, 22.842877119191577, 37.58259313680615, -102.68105421565201, 57.96621862964294, 96.1773505328577, 84.50911270757521, -87.44987578161611, -30.51088066449545, -12.047510992302659, -73.01168361449582, -127.70441652949204, -50.32530358154986, 21.664463718233897, -86.84687019814082, 84.65741550832752, -82.87738287540247, -54.8845733059971, -20.26300983006916, -37.39656679835388, -26.42702047296438, 85.02938761198858, 48.84520859304994, 12.987759821323255, 26.115319830465054, 69.61584084252551, 26.30508736564449, 7.372812625120743, 68.36147109057936, -5.455673089588379, -69.14981910437342, 10.870756094895755, -33.59332531686966, -132.0353364934126, 35.20546244535676, -196.79972510593086, -6.425243841078414, 54.876318115531404, -72.7832127694144, 78.85295446525112, 116.05332164909257, -5.1966594131631085, -79.72555424487068, 124.2422817477151, 57.170639561190406, -61.65274575680987, 16.720714479767476, -0.24794061851017132, 16.567655775291186, -89.72009626459345, -60.779717115621466, -21.68306351851613, -86.23222651105581, -19.482944775186578, -87.47315790140172, -150.06623392866805, -30.466966374273092, 111.46607283685213, -81.83725516486614, -52.691516546971656, -59.81560065734154, -13.245008980452422, -9.560463490820664, -151.3204760569312, -113.73015289858006, -77.32178534936021], [-13.546133412448153, 74.1646614297416, 9.365582162069247, 31.705575450499957, -27.34130030077835, -135.5093579116855, 9.018404210614584, 81.94505311013454, -42.002972270440104, -53.534315529395464, -87.60782469654531, 114.04782646253129, 77.5189260945992, -49.36007390328283, -103.72450504932941, -6.773607791648505, -26.09342362939231, 26.576046977482076, 799.3939383960957, -55.00645378825437, 6.535582845753259, -58.992256808644164, 36.06131417091238, 54.55427517761083, -25.861133557585195, -48.49330614442239, 143.7430694516007, -55.56591851536575, -36.68574924665883, 10.451761238831446, 42.11742565698678, -145.45466840493515, -97.54840893819785, 132.73219321869487, -14.17433199204857, -16.840718766958663, 19.03046792057782, 106.47952317943871, 92.70682769564695, 53.84534247878087, 1.170927108152052, -66.18231772866338, -69.39535789299349, 74.7969030473354, -54.03311558046713, 185.12827758082125, -34.99674301979332, 53.48833145925089, -71.06461066930957, 1.974819676893951, -30.986476998725777, -19.337483090654402, -49.8484834781755, 54.38858018806953, 74.66469340135477, 43.14939140575431, 78.51530150746474, -148.74294493084383, -22.047314145002634, 79.92061851949501, -95.61831636790785, 50.07252197467373, 27.24692355247186, 92.8627736947885, 57.9628834590372, -5.672918230879987, -11.235082355144753, -48.28189969477755, -8.77394067442502, 182.2704483134115, -48.912696709784655, -74.95855371815966, 69.08834884663139, 111.79885694576265, 29.605066714810334, 78.66965162621985, 47.401744184182384, 18.979606381431577, 74.68316063793353, -76.78836087557256, -75.98339310257276, 34.529035139153116, 162.6574410970275, 6.8729442705020665, -11.789899514209596, -28.18007843646019, -38.27515890615745, -34.3068144355508, -39.89071137989702, 27.591282900482472, 104.37805666287767, -38.39740211041043, -118.7005032452723, 99.97674957061302, -118.95079725217481, 1.2142331247978173, -125.80117651138477, 92.40507126747102, 108.3431743114349, 7.098925050542553], [-4.364164028251845, -105.96972383546529, -35.20379210575008, -39.238898218652054, -2.4952928447661873, -108.31443834814532, 43.320905929634634, -52.94387552783397, 0.17693040564336143, -24.025353085218555, -100.90581596185396, 2.4491876566022652, 13.797073346192734, 32.380836921366246, -46.37029537448421, 30.001701253050918, -125.26349514921147, 107.83125015786374, -55.00645378825437, 628.0672293405154, 134.8503751558537, -62.84022150378589, 2.9612943361789963, -40.095892198383304, -71.93922149658543, 95.85143301357185, 53.62151480354053, 16.245200304497864, 8.666545033994232, 52.61369736189425, 10.277885537635978, 14.663160955098334, -128.87837429062782, -129.37072702976832, -72.47876390766471, 152.51777909717816, 118.57342020058847, -16.824311251207806, -15.03119885638066, 27.61024422930262, 105.08270949139576, -37.38113476670882, 97.06733125626349, 3.844118613714791, -54.7683539379905, 32.66059635115664, 53.511475668793324, 85.21275975148573, -67.21509589015113, 99.34980153500963, -63.599510525048004, -55.91525955432119, 48.126874724512874, 94.55842458046294, 40.25289206690122, 64.85772378938182, -70.79182343188764, -31.352328006423047, -39.258540228775665, 17.89039827152512, 60.993794409755026, 30.979469089269692, 59.81278555550562, 105.96980028851124, -13.101860681575806, 171.95721503218596, 4.625018476658511, -77.76533015596225, 55.38664456370757, -106.5821415877327, -11.593295478562275, -11.918068893595247, -5.995468332900555, -131.99077055328243, -127.27884169703597, 110.90744338628744, 19.36455956151133, 13.990186258974992, 18.351013516739087, -41.34058266824783, 28.492401470342216, -96.00012042992743, -68.91201813042147, -11.34949278759706, -58.79844426957172, 11.148322982513752, -74.81108836744188, 35.419735526408935, 54.480909932056996, -54.30090897791998, -119.0096475278468, 80.65599780658827, -109.6896734382723, -2.593412324579603, -43.33683855262544, -66.5315217510749, 118.65903845889193, 61.43703029455984, -2.330931641649399, -88.71605589028105], [17.726121585104377, -30.571629438126063, -102.29303527731338, -3.8589620807503953, 111.55475646023125, -138.74329918593807, 69.8936124415533, -50.887244739085325, 117.06636026223735, -66.70944986189608, -161.03853742388682, -99.20264267781944, -