{"N": 100, "M": 8, "A": [[[954.330149811119, -93.07453026351737, 34.257204086022774, 66.28482922079623, 36.60270563972275, 60.5547135896976, 25.417605414466856, -54.16015692845069, 34.29044497397466, -14.906842228533996, -16.827863597423278, -20.42361933639877, -83.9278152567736, 4.30349049573542, 144.24012594313714, -40.00255824977917, 15.697011016168188, -19.760803397521716, 33.06094412887223, -3.0585876655657387, -1.08700182625379, -77.74031024896136, 166.31734646910664, -64.81690640452983, 115.80219065701316, 72.78668208409569, -72.12197895401034, -11.653997474384115, -58.42843814637378, -145.00250118968407, 12.510470221020135, -70.94910184612272, -29.555354673771735, 39.594554785910304, 26.20861137924353, -122.29866209002867, 61.712346938981455, -29.163575871869195, 65.97797388040813, -92.86526880566478, -60.25831988414835, 45.596361480745195, 90.0460674685979, 90.0520227176729, 34.94936357516805, 26.52957658386881, -60.1675487913753, -21.78887619416962, -78.63686142062812, 75.93164214982711, -40.749300314031615, -17.456224174548062, -79.64757046901525, -35.9243220021398, 97.25546722815132, -25.209740834194154, 84.60176208410067, 71.18826735740579, 22.685541316959352, 65.36494848559269, -35.996852678188425, 2.8840195321743622, 90.39026337768176, 18.89335908373349, 130.70412599798382, 17.23539828829223, 6.490584627734108, -57.975133071952115, 92.55590134118668, -34.50914866063202, -63.60500217928359, -34.948696732631866, 101.4788975902123, -0.4644016150611396, -187.34406381030163, 31.126449321263642, -47.50582280868224, -76.35086920969793, 17.99157817777282, -37.1855852825289, -73.98281510089879, -0.03878377711726105, -4.813255170020928, 8.907309446983842, -34.531460004527425, -41.02126633513562, 232.11280923349034, -58.81084404232986, 33.63120167215004, 89.549040737199, 10.2723691014225, -142.02842092661047, -78.81742182077608, -8.241983227963301, 79.09124767719683, 14.361448506809285, -132.89046686858393, 85.76282221505632, -163.71777442651577, 18.58400063297671], [-93.07453026351737, 860.6752393918947, 20.171872358634044, 52.109373249869066, 108.29094393661356, -58.31012496117075, -27.234407926276536, 15.07675673397881, -142.26832227354225, 57.64101941041702, 16.12210909071498, 29.842034891777242, -63.11555768686533, 13.740840828043506, 58.416721667682324, -148.48188924973056, -35.348226679473136, -14.62377380762296, 105.09721375540842, -59.4946986073575, 127.28660366601463, -44.21110441749998, 66.08433597562801, -63.40339038314513, -16.438143999895882, -24.941958371370575, -162.8596995618659, -116.14342068167753, 22.80939205550697, 111.12012209479957, -44.32577762173079, 41.75335847080564, -20.19240891998298, 92.002687269068, 77.0519705207763, -20.94180644899298, 143.79616767793948, -28.95562053905344, 33.70986042380913, 0.6792154502571087, 27.48078543451224, 16.50137880499948, -78.47234079888398, 6.466420690674734, -89.39740769321989, -12.463431765476365, -79.23846620254724, 21.853904442172457, -80.18762121991557, -101.55893475831142, -106.78232068454824, 29.633159481704013, 122.77923940125729, 106.67131955173421, -39.426469325152134, -64.64690968824289, 11.565061031217617, -58.30022757342866, -56.748655717511376, -0.28435130826444477, 26.222774891613778, -44.3242228716461, -28.206047713244224, -5.913137695073788, 18.35803237196836, -53.81617478418692, 35.40055467955552, 160.12534245271144, -29.148665631008164, 13.42197289144201, -11.611587744785352, 34.43786049388285, 21.227972989892493, -1.6901557289768663, -47.38541839700087, 105.22888445423666, 55.77926782033947, 174.93252540355093, -84.18651272326841, 89.49198546229304, -20.953392190579606, -57.10044158406406, -52.0700783694902, 58.31219304117377, 94.99780765389772, 118.92690945412359, -108.93900114381411, 35.83887712507786, -43.04154536059951, -83.00719235069583, 66.06690995065665, 91.19649472520582, -87.44759996475976, 63.460030330143, 20.480332602443962, 107.20366718350958, 36.9749274640105, -98.19195120966464, -53.268186179852535, -24.28960122255657], [34.257204086022774, 20.171872358634044, 774.6052381442616, 53.96552477328252, 95.30197641989686, 18.84660214434048, -67.18219768135003, -115.91313654638688, 82.62513325048621, -53.86587020890557, -72.40617726976114, 121.23762604678876, -150.68396046748947, -21.412917789240677, 43.70058428748589, 53.79300262722146, 35.558395551971756, -18.540644748486084, -58.87502084038033, 48.84213257433544, -101.53603324577603, -67.085396254084, -4.933185379046664, -22.672364156824905, 104.77766657510985, 54.52221722369949, -85.45931287830095, 1.1083325729746005, 149.7980198543398, 4.280829601004222, 21.04518411552652, 44.14344076366741, 30.12534109378865, 55.931532245077996, 42.59513214731342, 46.0377498409372, 46.561608737059686, 31.139490919318767, -26.342961188622425, 73.7207728758991, 4.230501426564595, 62.84471309497164, -21.534275661911373, -34.47643789394094, -91.2110325657768, -95.92542335902955, 43.63148684453757, 58.858663484711464, -35.75819139194514, -106.36031536306595, 51.75644050266065, -26.16912269602889, -98.80155473086386, 57.7582828078404, 23.64752044791051, 52.56012622057199, -71.55813380178459, -72.36532286306891, -67.09466522639624, 108.59876483873204, 203.96465628718346, -37.34756375532956, 49.37842512706972, 5.9605461738596075, 68.86429338448174, -22.36880069662824, -92.27305346051924, -33.22311976118407, -14.11336557992417, 64.17256050803095, -1.5055717822730446, -55.52663651336002, -23.192347741058192, 6.262087508143448, 31.30624058785149, -29.968577570161063, -24.94471023065475, 73.79400605229344, -4.879915892856652, -52.75013620113716, 17.54267868839341, 30.737023557265783, 60.69512265138729, -36.864151059555766, 122.68136486778928, 1.2193334156765743, 49.46739855771989, -45.93895776191208, -19.608122524448543, -112.96389286921179, -63.60033719974183, 186.48135744781388, 71.73662628736744, -43.24710176983205, -25.707662834768612, 65.726038781759, 54.38110730727145, -13.522658001279247, -57.13550365667865, -62.4201431813194], [66.28482922079623, 52.109373249869066, 53.96552477328252, 710.3516322582466, 74.47868278646474, 118.96801060734667, -38.91564874746254, -60.15711769509159, 55.148579990095975, -82.95791740734262, -18.732421257513217, -1.3912703816888692, 137.08207747199904, 88.789658491175, -27.4523849824878, -29.38523490504088, -27.425822262385896, 31.283158498738214, -104.95136226875557, 8.647043990485754, 19.43748495341797, 65.01344343740755, -14.802135334477349, -11.80144024164739, -16.84823491454611, 18.598553469315735, -101.22309483461939, 42.0824567624786, 152.13792241345396, 42.955909932946774, -144.79376625411788, -63.094512963237506, 20.61915263199851, 98.48951359048016, -24.83909251735684, 109.65382295968323, 7.697406236931556, 25.204625742449352, 85.24548095318775, -56.138295513654526, 49.78257410091401, 18.55548724431893, -39.21055673731164, 39.05486353639073, -105.56491918200507, 54.13433448715488, 30.58718613933942, -16.593476297993806, 1.6905036056722087, 22.04138354444284, -47.94043979944681, -44.99159903274704, -98.67436873597029, -32.40227443336973, -90.2044881821704, 57.20622422328024, 48.619728735266584, -104.12539198802989, 64.0703617122174, 143.54388058489928, 81.69228652160993, -0.2128258505010903, 4.60815775464615, 30.786097476498846, -85.61736692521718, 55.99431648577395, -85.03139021357211, 13.548384985399538, 44.009237930555024, -141.81860592315843, -46.63885316349144, 9.276313116192972, -42.72686818573031, -105.55673658207567, -99.40466096592493, 69.36458099233465, -48.76212191307162, 95.15082013605875, 137.83420306230647, -112.576318868096, -153.76820764672436, 104.04369017459476, -6.383099134456032, 36.988003002554976, 37.564921524098615, -159.79525625217755, 50.844317424185526, 9.979228816110046, -30.358095651261927, 7.748803672005458, -1.350784350934348, -13.65197932326195, -65.56023088515903, -15.792431697104478, 79.15555949971962, -35.324024406136466, 35.07959352334362, 0.719315551386001, 36.2875898511991, 23.419338259434706], [36.60270563972275, 108.29094393661356, 95.30197641989686, 74.47868278646474, 748.7722795454463, 12.212889072534626, -2.415419433712449, 46.50004614321417, 144.2148676072233, -27.987820631939183, -75.84662891895832, -46.37693440083155, -95.73693416167669, -13.96769302043619, 23.76415683198349, 5.14565694270729, 148.35992884818745, 45.02214324072924, -49.15932371768757, -74.94530784969628, -17.657577403052823, -1.147899633696273, -49.89429414877904, -170.8131525690287, 80.31621881050252, -35.51327358357229, 135.7662422848833, -33.959570464713345, 129.98763589346575, 68.15190549275775, 2.1016241474365693, -49.52327282750694, -41.5015045207348, 29.553465389890942, 28.505721894258212, 14.65177966941219, -14.588857756576873, 112.432363053077, 153.08651573458346, 50.49081839112425, -163.57630559020532, 90.87297630600413, -66.57640060687307, -40.07773637154817, -40.92950780473949, -20.55099636496264, 36.57271152394337, -8.271353656564578, 0.9492646222037193, -31.603003588431545, -41.08282555143487, -46.14059845026307, 35.538560893768576, -10.196614471111284, -20.731861037809384, -34.16147516509999, -19.14369545836042, -88.65261389828416, 66.51051629721513, -20.52919807713691, 57.53672443128043, 149.35111649439446, -47.139211220547956, -70.10662765875281, 39.94818790576422, -55.29591684984075, 28.9509688723339, 81.01752206969506, 127.44443480195943, -19.777426067597773, 156.55286494920745, -19.014682071424865, -10.506256005098544, -12.544071338134497, -100.41340052127846, -31.072976480098575, -67.83323315504896, -75.05971646485467, -31.241867900538914, -32.722150565859415, -13.783468440572037, 53.76350783275324, 48.76599021106628, 17.89555728763817, -39.96431592522022, 119.99309335122207, -15.471189131276262, 37.10843153187076, -102.24988082877647, 18.316439002401907, -5.378310703979594, -43.889703579449815, 14.18995907857006, 7.651323812993332, -21.8164113833049, -4.2369810842617905, -37.37492663018659, 178.60412654466953, 31.227758243220833, 88.33440030978127], [60.5547135896976, -58.31012496117075, 18.84660214434048, 118.96801060734667, 12.212889072534626, 771.7325996041243, 33.91460494064038, -21.537825352837835, -42.87460000701142, -88.56573266777147, 13.34270514037597, -88.0040394200693, -22.92325680906227, 88.1674786290759, -36.47994686531466, -70.39760970017223, -9.239510023797997, 15.67305423504038, 117.981814484032, 88.43372372468316, 40.75883805992183, -19.64208084594397, -29.972411684622354, 67.12757294320711, -37.54932616268904, 22.966706823831135, 46.51299061959961, -38.324540033956666, 40.49373855860003, -39.15156935428596, -130.6634403591268, -29.485220130196353, 7.515524160494201, -82.6776154734171, -7.748844203583773, 143.3168621520434, -29.849661122200427, 12.100010888693443, -6.410353601150539, -81.6520438058482, 43.38213671626143, -36.15033318567637, 37.844320087926064, -23.190825733601006, 83.13794802879038, 118.65898604483023, 51.05718763677066, -15.44014292916404, -81.98116478390101, 15.11280859913318, -51.49164152721263, 13.08010482953616, -19.288670416415513, -11.785843564436133, -43.56586840986979, -3.944376293636089, -67.99265013430728, -23.624030219513923, 66.6922490139776, -0.6718973044549352, -139.99640867850385, 15.638068342141594, 35.935180621792654, 70.40797756750214, -3.778557159475691, 103.25803431091666, 17.06696737113071, 28.538744209829698, -15.047737371567317, -38.62245052041593, 96.99802192817731, -46.784554849487485, -43.76638037365646, -51.529151762809484, -19.070112223695055, 161.88476565058454, -123.03335926442412, -92.64778055969514, -65.61265318037958, -121.51345924711018, -50.991713113476, 58.031026917256796, -57.65427915665141, 49.50775595501197, 59.570700457465264, 4.057433471466756, 73.87033898345182, -55.114384481521576, 54.6076018891526, -55.19572868675839, -63.28200347415084, 18.491185538262553, 61.023189295400535, -38.166944825704896, 75.12434699534913, 56.96361290939134, -49.16218095801122, -55.989468107801024, 37.5872342025623, -20.191708140253496], [25.417605414466856, -27.234407926276536, -67.18219768135003, -38.91564874746254, -2.415419433712449, 33.91460494064038, 673.7585616901441, 82.95286872636582, 24.862072629841553, 98.03531425998516, -5.129756878043736, 89.20841586990753, -7.13988191796048, -6.0053525459850405, -42.05178005126535, -18.983824374947428, -81.69287214264867, -35.55114990535941, 41.63794724359451, 17.051951226186972, -90.53451561458564, -125.76600571545342, 13.466095056166594, -67.9898907535071, -39.5758854682068, 141.97526083840128, -24.69554243773623, -46.242704579561035, -123.03239647165842, 2.7820946755727025, 40.06207938697084, 55.906244052357906, 108.59115152680137, 31.89903690172582, 25.793011391093273, 15.070456275672905, 48.48278170818164, -12.847820171877462, 32.41748568238767, -87.45831952723555, 121.66200974086065, -21.69451740593475, 53.348427459758, 44.622142406649, -0.3262492816179253, 6.011817623258113, 42.94121053316664, 1.6558489446298819, -47.37587761603593, 153.35398069813368, 8.081727318002544, -42.99216682741688, -42.71947061441101, -13.3585347800965, 19.573111568487306, -19.390581265737165, 59.40243581855159, -1.1010916283977596, 59.79528794327666, 99.18990553474133, 40.2569736233569, -19.50241589607264, -36.21534985789452, 98.42735587248801, 83.31062808166868, 37.871461016490265, -78.12916859200782, -52.262384177197205, -75.09764635811354, -41.94990322760344, 34.210133457054894, 3.229742152015624, -26.54119405860575, -8.174704384590934, 10.576091986007583, -21.934592268962895, -92.87146369288524, 65.73766024687346, -50.77773184303025, 58.69392894480724, 18.587741068762863, 56.355173903094844, 13.477161123661512, -53.14115897088779, -15.195356442552566, -17.460756682273107, -142.19596467784984, 1.737193811376562, 96.9901451719875, -3.1256761267086506, 27.779842316683023, 95.88044328176221, 74.87827661908452, -71.42330699713794, -30.763736417125102, -125.99039089770007, -175.91343627795436, -42.4793313487679, 11.596002869051109, -127.3453375762001], [-54.16015692845069, 15.07675673397881, -115.91313654638688, -60.15711769509159, 46.50004614321417, -21.537825352837835, 82.95286872636582, 741.1596714894841, -86.60565732767017, -49.60991292459126, -41.49433006414843, -108.83844142421792, 36.07718072639503, 48.24110184369413, -102.26186072824692, -99.94995491625531, -158.96064743020844, -18.572135127468357, 26.942995118800457, -102.50656290492012, -4.85181776630004, 58.90040167761334, -39.64293157004201, -38.962178685161405, -38.98736935036956, -10.525557311206084, -90.76445172490092, 154.5724368244057, -4.399649702102945, -78.4769314854023, 61.46837476923258, 15.730362476645004, 22.63715049404235, 50.15814287308333, -129.44382306269674, -36.52770969661463, -62.60449223170903, -91.67776477980283, -48.36989645762296, -91.57425372646254, 24.55630631783292, -49.79214602304596, 31.034211170954435, -3.9621873323089534, 3.920676534876139, 50.889888970245984, 24.30676561725946, 145.49043543960366, -40.77696971515135, 5.274203099028486, -52.84371237598108, 34.49379955733151, 77.93438939096384, 29.776659531434067, 152.70688337377692, 25.107304359953396, 117.8014461557288, 75.19721279064015, 181.94169164934894, 45.31420687006595, -37.17248285097701, 41.01817345273972, -17.974411410455176, -116.77357264982895, 69.39498791791146, 62.955316900891056, 102.33111941437566, -45.59488266742397, -127.26158870213435, 88.88891458175566, 38.66404119858312, -5.169131958344066, 95.34846359496466, 61.839397989662245, -101.27071127433953, -123.31446165393312, 26.591167671154277, 70.94880386186175, -76.76214218179346, 5.0999314280571335, -46.183901210091435, -0.596637072267868, -81.79819242491178, 116.65250516540819, 36.174699479011394, -128.22593213212213, -50.99008575635892, -63.118321693028655, -72.45366176309548, 54.78343670394217, 76.6474351449212, 87.86259877950573, 6.496321238413831, 39.392317010603904, -99.73002135228228, 34.18669471561146, 88.37140450858782, -20.883105620023883, 112.74002559878942, 39.1980249964571], [34.29044497397466, -142.26832227354225, 82.62513325048621, 55.148579990095975, 144.2148676072233, -42.87460000701142, 24.862072629841553, -86.60565732767017, 756.2883537654682, -84.25725137743277, -16.988866007243498, -17.679209088980382, 63.23140939431271, 166.97774044088584, -45.23112353716521, 34.06938084525436, 58.93696076117283, -28.49796881379611, 5.507777000506496, -48.82108300241344, -148.76686795800316, 40.791611052261665, -13.001118512601007, -67.34515043670613, 1.4374836428903246, 5.730915931290277, -60.46088956429126, -96.00643715464916, 89.95383388714134, 90.99973158075468, -103.02273952635257, -92.06912580480635, 78.72557110458077, 65.65391793347548, 127.39981983605763, -13.597318508351249, 93.59284794634144, 28.895771922755973, 115.12614280915139, 87.94669143653438, 70.05403778461488, -5.853755708389383, -61.01092413027167, -141.896771731025, -121.28611167632585, 14.448041390606015, -89.75796452493685, -9.756410769924033, 5.424987399784623, -34.205928675539305, 5.757867403961559, 15.999115402992055, -91.42582032085342, -95.1410914559945, 107.75285230898459, -4.6042806999644235, -118.24893516833738, -10.7044608258001, -92.07004694562195, 14.253350510821397, -20.242084809779055, -47.9637457875244, 41.36044699857941, -107.69405196030779, 38.17595893789892, -26.99772763228474, 73.8508306815157, 30.511898420223893, 146.7559167985567, -43.2788328306883, 105.15282778396544, 28.89658994314976, 42.43203003424979, 8.46420421499225, -19.668797410505682, 8.48196259661665, -67.40683077135547, 40.252856490821046, 85.43188626776046, -8.115828903980704, -8.187671795537865, -90.49806861295971, 66.56514588363949, -231.9149415323852, 30.50696794539658, -8.984348130003637, -58.15557758718636, 111.59087614587644, -140.40394034488966, 43.4070925110999, 45.870476640608445, 28.577500456456647, -51.75361362839261, 65.8975573641744, -153.77351779017013, -21.51398213100525, 44.97547452685107, 110.25395212033757, 84.13432938764542, -25.516341389899853], [-14.906842228533996, 57.64101941041702, -53.86587020890557, -82.95791740734262, -27.987820631939183, -88.56573266777147, 98.03531425998516, -49.60991292459126, -84.25725137743277, 763.1465262118102, -104.45104289587859, 82.18142775392508, -15.325247299434395, -95.87601173652423, 15.988883107498413, 56.7218254457394, 181.56294025235977, 50.62208474351958, -37.82915679612793, 16.061376565729162, -81.98486426103635, 32.050684287213045, 3.6601296292152465, -58.08259611985385, 85.44151383860627, 6.840811735284553, 25.779281710919875, 77.49886346016694, -30.65894715027123, -31.450258302322457, 87.11515378499003, 101.41767817623527, -78.64566269992, 33.461753209489586, -2.9767569377713774, -14.764025932547447, 104.9588903162503, -100.72450573746961, 2.5051634737640005, -56.94099559930396, 3.9526512255052744, 1.5358848763484703, -42.29778558716717, 104.64938414177604, -28.18589486766453, 133.9438857419738, 6.917787188974875, 20.462291484700785, 17.997640220877773, 59.252391222972015, 7.1287466551702, -33.61185447617258, 4.332105375228811, 74.05931399388314, -44.95115961880535, 13.25337838945413, 8.332530096109403, 153.81946702925805, -75.85936434001425, -140.71911761564158, 39.0223561848155, 110.85684745606426, 78.88187192487176, 87.32655232851815, -82.68029253526764, -138.22147904893802, 34.298283541983196, -54.82714909313137, -4.829965830200078, -75.85184925802153, -85.21235028855679, 113.54969132717018, -63.009649184151925, 9.627613443876843, -101.85699852519242, -173.4549536902247, 48.384167728166986, 50.866920316091296, 12.524489822656436, 113.55322027151482, -26.355273671432432, -96.9933004784891, 70.73151670803838, -109.28238628551222, 22.923897796714193, 42.02829988764944, -40.72016284223831, 19.42643917444102, -202.72756900507818, -85.62861274793819, -31.606561163774142, 147.72676394452756, -61.91017910136011, -139.2279336219116, -35.29998403594695, -80.76290421045192, -59.290174121544, -53.1750390135131, 53.880471454730426, 75.11534801735792], [-16.827863597423278, 16.12210909071498, -72.40617726976114, -18.732421257513217, -75.84662891895832, 13.34270514037597, -5.129756878043736, -41.49433006414843, -16.988866007243498, -104.45104289587859, 785.2961367903538, 74.03252772550672, -94.26668993259084, 45.333101863376136, 49.511160122224524, -56.42598375061985, -65.05355619553694, -76.14367270962872, -35.40641605285533, 49.85547945772295, 37.85325521425109, -57.836680238116195, -62.56119588035512, 57.396942973126805, 103.00527684150593, -71.33609020020916, -44.493290076220816, -27.799812216344616, 48.44049632707647, 100.56272469240051, -72.76766356717665, -24.1024536028203, 48.20665614596792, -79.56312175217182, 33.392247958424, -25.541082956732524, -89.33123068419972, 91.10257094255509, 12.32637808475798, 30.04647082541072, -27.144092694203728, -32.70052413460711, 111.74385327916795, -69.37427911449622, -65.9969651712691, -80.00867523716607, -22.488266977279082, 23.487537122543724, -13.412872582247186, 125.60443722864015, -83.36695665578475, 39.77816669953015, -16.225833461656546, -1.9936391708628787, 31.40234870742346, -22.35496360605023, 83.74561153785847, -59.505489716807666, -46.026254753246285, -54.22845347617084, 13.990890641994557, -136.1915938584987, -22.288001358362294, -148.83675595396807, -46.949738439664785, 87.08860242428567, 4.884643409777754, 6.606798445129156, 26.364835035754428, -14.775334477808729, 76.90675018126268, -110.61223267799892, -104.0393398089567, -7.4365706735614365, 69.92441638699844, -33.357589363132945, -64.76244624219605, 11.106144573348505, 105.12654438762455, 69.73528688656113, -94.03160318341612, 37.04699907122734, -112.81751185392449, 30.424783276627224, 73.84561614925823, 2.7471371288332223, 114.63501745363712, -12.887381366753173, -43.55452826078465, -20.46682668245397, 12.80456006190569, -138.71122987867648, 79.76122940931353, -11.101762290274705, -31.619499344257864, 26.358812323867316, -35.36048828132323, -25.380877936383225, 50.04664679017129, -23.65188832352432], [-20.42361933639877, 29.842034891777242, 121.23762604678876, -1.3912703816888692, -46.37693440083155, -88.0040394200693, 89.20841586990753, -108.83844142421792, -17.679209088980382, 82.18142775392508, 74.03252772550672, 776.9389770406314, 71.7085552717463, -65.87853930723496, 24.34800700474593, -95.05134824321831, -26.431270302262543, -15.08606226696234, 34.77495295297403, -179.11814398642113, 123.31450707702794, -21.3076408798685, -141.67822188013832, -15.479996785981948, 46.669027978455496, 99.96147051532262, -150.6350042225613, 35.39068209855763, 15.61992080557836, 33.00204860635813, 117.29897177495975, -13.334506495485003, -20.38870084047862, -107.33959499634454, 63.61544025091539, 9.312556624796915, 15.568584237606547, 67.34655410481611, -152.52953327005193, 85.48672819086086, 43.67280917616857, -106.06002461349203, -132.29339203272542, 153.51973478116054, 35.147593114818335, -102.88546176370565, -63.67327843627542, 15.911886718443023, -36.40000194496515, -29.117474038292627, 32.07789223943804, -36.63362935504393, -26.443443954523506, -44.3845205861288, 15.767103402568795, -161.1244371849202, 31.730165056178162, 87.77670582844999, -202.2176118542732, 71.63597521659511, 19.735313595233684, 5.252370757056162, 106.38945106652925, 27.532178425325455, 35.69711983412621, -35.077845267693974, 38.98880710523992, 82.44864129064824, -52.3011891611355, 53.82132299749919, -123.08138814907218, -59.97598939120343, 9.524920024241688, 63.69138363210185, 100.79941800974558, 28.875078024097384, 95.66876638435998, 59.85160413888516, -121.74052738925364, -13.315289452484778, -82.42978689580131, 62.50462466995326, -42.485596606452084, -69.8311347531919, 6.9124105278396755, -12.955599658165859, -17.76111499058752, 92.53771752608048, -40.70283169828634, -36.01658313986454, 54.3933519463492, -121.53486759338207, -14.618587620592967, -63.6831880339943, 25.39050201128219, -123.47957867247837, -136.04806379041884, 69.59551197994433, -36.06086879676189, -125.10611132829673], [-83.9278152567736, -63.11555768686533, -150.68396046748947, 137.08207747199904, -95.73693416167669, -22.92325680906227, -7.13988191796048, 36.07718072639503, 63.23140939431271, -15.325247299434395, -94.26668993259084, 71.7085552717463, 666.3287110038892, 21.805160386646826, 36.243941358057064, 58.53439553786865, -16.691390496572097, 46.81886622846618, 47.788469209112584, -98.06719602552417, -26.09427615816011, 111.11546683539358, 91.16716779984775, -65.55118605068728, -32.492984794359955, 33.59100932447699, -52.66837462093252, -134.9728728486368, -73.86402590647849, 36.4493597683563, -82.29747295561798, -48.29449888001665, -58.54189199476159, -124.22995810831146, 75.3426098435706, 27.66187503543705, -93.10584384897594, 28.043756500386817, 2.306049395910678, 3.419671295660587, 7.3854347301864385, -64.3856726270198, -0.4550623441320084, -12.008393612661001, 22.481917573505747, 41.45206340389836, -67.99059975888161, 43.88537777023041, 64.94911988835295, -44.66243755453502, 49.131697478793704, -111.91437777085815, -124.51141516883038, -11.891562525641104, -46.21000511756237, -103.82043117877315, 87.72340286957501, -14.669204667505138, 140.8739477483922, -9.275180774687596, 4.860984118805719, 16.6525098266979, -46.92533411819039, -14.538952949845367, -35.96952683426583, 75.4989420583241, 12.822063651826387, 114.26421667480263, -38.043696683893224, 8.58723969303517, -67.6744550622504, 6.959436107976828, -9.677605629397428, -33.565710795078196, 20.226388033815663, 39.06122494727139, 3.8843572460644165, 25.25190792556878, -54.840972489479704, 104.81039915893408, -16.125325358174578, 94.57072514824756, -87.28354256073135, 36.14450851691052, -81.33811747873517, -110.94473749628997, -75.31486567082818, 36.47659798141233, -15.2838559984977, 18.87525627342441, -22.198824390696966, 25.831656055897746, 44.92898979321552, -40.85214270201547, -90.47906096902511, -56.6291071166555, 58.04241782371305, -113.88465906440042, 45.53105911850979, 67.07038474831727], [4.30349049573542, 13.740840828043506, -21.412917789240677, 88.789658491175, -13.96769302043619, 88.1674786290759, -6.0053525459850405, 48.24110184369413, 166.97774044088584, -95.87601173652423, 45.333101863376136, -65.87853930723496, 21.805160386646826, 874.4527798210438, -22.397278338472866, -84.54439315501017, -111.77458273755515, -112.33882674734649, 98.5743688560202, -76.9563274601794, -102.28680184724715, 60.66522116300191, -116.77679495478337, 35.278821757913846, 23.67446089294152, 34.94869336544797, -53.136113026492836, -153.44819689431714, 127.06674487487771, 25.17794661446051, -60.35123561482995, -15.414547849970903, -123.64392230573621, 132.61542740049453, 1.7758240680214552, -10.813159411871048, -13.20997316686925, 77.7896244487501, -11.236581549309589, -90.81311555300954, -26.212552635725142, -22.7607527361396, 60.927364992940895, 40.24453725770094, -44.54729610514448, 208.19305705087424, 65.70600630547733, -51.87969184199996, -13.225985236687842, -44.41318164685446, 13.0969624291465, 81.28790985647724, -5.507540113816795, -68.76423576161477, 99.03059541608768, 38.5087449378881, -107.30308824408539, -2.2294131477830077, 17.084960137270755, 96.85867056150289, 70.24948640896291, -23.494138140017437, -37.87951028130972, -82.54676016442876, -7.927581540523703, 26.74781613228723, -28.22391284340246, -13.284786881487324, -51.0013292987491, 35.4051935169367, 4.986065694616676, -38.13329150413373, 94.4999578469642, -145.78754936644643, -112.82872420791098, -72.85412009365544, 2.7438139068260274, -93.95962676111536, 36.26817441211522, 36.118343011044416, -153.60460591241318, -87.45503591585081, -1.3670991319678354, 142.32269563259655, 74.34155338633384, -120.23972962747193, 76.68805032327658, 111.84458992158092, 50.82908691893532, 66.24172754343059, -30.674449855682305, -44.942008214412375, -59.707417655443784, 54.065524901825775, -63.7740568360935, 90.6079482861669, 154.88976439294512, 34.28029589614095, -25.697015842471558, -75.36211197731792], [144.24012594313714, 58.416721667682324, 43.70058428748589, -27.4523849824878, 23.76415683198349, -36.47994686531466, -42.05178005126535, -102.26186072824692, -45.23112353716521, 15.988883107498413, 49.511160122224524, 24.34800700474593, 36.243941358057064, -22.397278338472866, 521.8883020690471, 39.19146904399945, 176.4526288931639, -69.66670230700292, 7.793404417253952, -0.11923997078555845, -28.49351965695037, -32.99888270064046, 19.776420469174628, 33.54327060473867, 15.656149932776428, -43.988829710859775, -22.6362360276424, -19.8496384930755, -27.303411964591664, 144.2775155574177, -79.64935225592421, 17.43379840550071, -117.24440912588531, -26.350084572743707, 38.033764091889935, -8.655667167180798, -25.368337069264285, 51.47453576672984, 62.766452690121966, -12.383648261272537, -70.46470717789445, 2.5142810361004218, 28.38060221588469, 28.100891929823092, 56.90022066914463, -15.737887076421654, -105.11282445374059, 86.61588434708138, -9.751361274976492, -66.97929913842606, -55.96272655797655, -25.0407536083859, 69.18854619279676, 96.99039607274216, -75.46174856474163, -43.406575607182255, 4.095627907199083, -29.83766611881229, -25.397800680898825, -79.63922531952772, 72.69465390290732, 88.16004280697796, -3.7882037167658393, -8.076585828365891, 62.66034285152345, -64.73903816064086, 43.50468469815183, -16.8510512176153, -9.65085101037367, -0.839409094406925, -84.90007716462762, -89.80651413596881, 6.811433526171168, 10.74601849250641, -30.84588715067439, -12.0469445828192, 30.19596931888295, -20.45277859268909, 94.3392666241107, 128.9321125224739, 16.063331502196952, 68.1864391081215, -52.647437274939506, -104.93717698168908, -16.327515021745285, -50.11778682401909, 53.961310282232766, -40.20359634618694, -15.376722523976449, -2.3544807368033673, -85.31880895673295, 10.879419276972703, 57.143064842786885, 42.23864879265888, 65.13980554692104, 20.186361441370835, -72.14853473810341, 33.43456554363402, -26.691329143310416, -12.719626960249556], [-40.00255824977917, -148.48188924973056, 53.79300262722146, -29.38523490504088, 5.14565694270729, -70.39760970017223, -18.983824374947428, -99.94995491625531, 34.06938084525436, 56.7218254457394, -56.42598375061985, -95.05134824321831, 58.53439553786865, -84.54439315501017, 39.19146904399945, 731.6212853039096, 46.54509527473418, -67.67794472140476, -134.98440781465527, 65.19084451060793, -64.1060911277039, 29.672988176383686, -30.45812419093228, -44.56858701180764, 64.71450992499531, 3.510346836931224, 28.474433948522975, 84.70095826542668, 49.18041859834514, -60.82091798255393, -118.9633050290506, -11.393236725148327, 52.4924464104132, -37.5021686969805, -32.43941206573658, -63.95295447818235, -55.21439747313759, 39.14875679473264, -9.786993084829183, 8.396093447435069, -160.13201992993098, -35.107620500969404, 69.10092577738426, 20.291644865471092, 37.38129856972003, -57.21185470192347, 8.500113455167458, -42.954011157079805, -3.4897544853605345, 64.42446997813308, 9.47516011981675, -140.2638279262388, -30.51645549965014, -33.34901071052845, -131.04179466614107, -16.545878542140578, -95.11594293102107, -3.596787925132165, 30.652719762123546, 42.731834598114595, 31.395661965244404, -53.824496036657706, 35.40951143430026, 10.50011093159252, -0.05207674139352068, 34.15345887079652, 71.000806467804, -1.991903525256301, -10.924323814323026, -150.88746016084403, 90.46257897597677, -25.580768193151044, -32.256296467388886, 4.918525718122591, 31.78155437875032, 23.82320892515292, 36.737346948542765, -64.84655871618516, 76.35710379498052, 3.15659780750754, -19.451302192054634, 9.114134863732671, 12.153902931258578, -59.340019703805844, -49.310553701679524, -52.198785571608305, -130.0532761017029, 24.402767547614186, 79.22982987707555, -2.8800748270232304, -15.231153156539541, -14.734173754619794, 15.0928923693603, -73.43412511300384, -33.22062904496383, 12.350675965081983, -60.150463984194886, 136.57818174655867, 16.92491495929962, -110.86431899112333], [15.697011016168188, -35.348226679473136, 35.558395551971756, -27.425822262385896, 148.35992884818745, -9.239510023797997, -81.69287214264867, -158.96064743020844, 58.93696076117283, 181.56294025235977, -65.05355619553694, -26.431270302262543, -16.691390496572097, -111.77458273755515, 176.4526288931639, 46.54509527473418, 961.3939397095692, -110.11836793396152, -18.366962172678484, 14.937919108070743, -164.25692231583193, 18.410951164805883, 59.57147633205304, -79.49626971824577, 29.281787880067963, -107.203762082136, 105.86554246583788, 0.8023183520694004, -110.99962410654764, 40.620097587263146, 136.72968809653045, -132.75486431522185, -48.477079236357824, 16.052576610585355, 96.25652318839956, 70.7161346003549, 19.9813189116386, -68.84630869070666, 89.73811073287703, 23.696145263160922, -90.05839151114469, 71.77707948619809, -9.265754528929127, -61.41111212867678, 79.37501867617195, 94.98762369134965, -83.26033814069626, 74.81574113545429, 39.1305549497825, -14.924762802668523, 49.015268182858975, -83.66217038761214, -34.763621863057594, 12.505372156145677, -109.46087318058565, -129.8717481338943, -144.0018713093458, 90.25394082980979, 70.7078928270703, 5.097372778857469, 68.92840696934275, 192.2195887168689, 32.947342453793, -42.73270365137043, 20.499448749085012, -105.71155878065473, -79.19741178561914, 77.93265979703193, -2.938600282219885, 49.877529603044806, -51.50994938375712, 9.013402258162703, -43.35934075609093, -3.014380149346763, 19.894854397978392, 91.33738392240312, -123.45851359387487, -24.58862335768182, 30.371072987735868, 74.28847362415046, 78.32456344332755, -10.836660527807018, 41.78577364709041, 60.676940338324414, 16.203176469116617, -97.14374809095733, -35.82635443342305, -101.7789468945932, 47.7955518610504, -48.4231020358007, -91.75881374910222, -15.155197596206389, 43.405085204772405, -77.19047928209449, -52.03061419690784, -117.1268527595422, 27.54514678343218, -15.376108723795644, -13.656704098249644, -71.74108246789551], [-19.760803397521716, -14.62377380762296, -18.540644748486084, 31.283158498738214, 45.02214324072924, 15.67305423504038, -35.55114990535941, -18.572135127468357, -28.49796881379611, 50.62208474351958, -76.14367270962872, -15.08606226696234, 46.81886622846618, -112.33882674734649, -69.66670230700292, -67.67794472140476, -110.11836793396152, 679.839476083506, 74.60130655426893, -47.38074834306117, 59.492618537911206, 101.07510273639332, -28.642522620329785, 92.57928380243055, 130.01811003866695, -22.579642584052703, -10.398313415889536, -31.902500781946614, -64.49165563186585, -95.58279957460799, 61.704796888281564, -89.68095780863943, -38.01493373360704, -20.61854339652737, -38.63692427182342, 58.113073241901674, 14.731212579221058, -37.07008783244257, -5.708058931139228, 87.02103739283464, 215.8457306753406, 76.53959654706306, -39.73338113870877, -78.40337200205745, -28.487401716285806, -26.05975819866205, 79.4077648262296, -22.169678294005923, 14.427177543402818, -15.063974646848303, 0.025851414585104728, 182.07586892758275, 15.140984705888885, -39.335616114350174, 67.47787787950915, 44.09093414157935, -12.700028117534176, -16.71102034450914, 30.003675721947623, 51.470830526559084, -85.25516245075245, 15.733967010998688, 20.560706922910637, -8.15617324020075, -78.08889163125261, -70.29852684225722, -5.9646084008939555, -131.44113276445697, 31.62742812033872, -28.397428221102306, 125.86146177018341, -49.964060219975295, 34.89784764329762, 45.010024793065085, -1.3359196021439679, 39.419959913375386, -43.6840439428104, 55.550184113068156, 83.21970703636582, -51.52344765273943, 73.26124537593228, 25.195117896021678, -47.324265467904254, -68.0902742532134, 32.724427165207956, 28.178600718327555, 96.25301447906205, 85.378528048821, -165.04996442897166, 56.178012592413154, 18.353210856675865, 50.30682193687119, 111.96159888635039, 94.2828296059795, 103.61370544027776, 36.437895219107496, 59.94530735981603, 141.330364671956, -21.573065037708595, 122.2339643041978], [33.06094412887223, 105.09721375540842, -58.87502084038033, -104.95136226875557, -49.15932371768757, 117.981814484032, 41.63794724359451, 26.942995118800457, 5.507777000506496, -37.82915679612793, -35.40641605285533, 34.77495295297403, 47.788469209112584, 98.5743688560202, 7.793404417253952, -134.98440781465527, -18.366962172678484, 74.60130655426893, 725.4635032854972, -18.373502415316043, 12.569286897116417, 23.24756700036119, 121.99947689228613, -56.54519360268883, 77.25019632843406, -8.727121933464428, -32.953275861541485, 3.7158948035372203, 76.26251751197834, -17.32171294566088, 102.0425898440182, 139.66967715498234, -60.955515862072566, -127.47548053623757, -32.657901476119015, 78.95079084011714, 143.0464280748747, 47.49333138356334, -65.88967330078333, 3.6701523337851008, 135.65298074034547, 122.16459109487079, 7.515232812174985, -115.33700360757062, 55.097905406131886, 7.63448130028027, 24.66574077014486, -86.44990343991826, -134.36072516373906, 0.5842353913488719, -6.840396837245931, 51.39329114173411, -6.748607705485615, -109.62137393378111, 64.7309620554319, -105.53506555634415, 20.12995904277357, 21.848522947281335, -31.663805411258725, 9.226597032407396, -154.7483120716711, 10.758015331906758, 61.36349508586063, 73.5821207692079, -21.828412555885475, -74.34415169489067, -45.16256228654877, 1.0494385148845218, -47.10909959126939, 56.43068221518779, -16.55912201775204, -72.70957122732337, 59.56919830273353, -19.336247645165734, 105.56330279216152, 87.16327081125459, 65.5667160721356, 164.67393332440176, -125.43935168793841, -25.885658164983315, 44.395932322274206, -59.23612752779753, 93.70422165215382, -61.81305417547169, -95.02098747663055, 65.58879162109486, 169.66881965453635, -15.941761304841085, 51.057292884363726, 114.52447178948975, 25.106545429370392, -1.0899148456994954, 39.481893121655716, 23.903035236954032, 44.48480112775341, -92.8370792152943, 39.39068073728434, 30.30483981942013, -71.7658165304802, 24.337208648928502], [-3.0585876655657387, -59.4946986073575, 48.84213257433544, 8.647043990485754, -74.94530784969628, 88.43372372468316, 17.051951226186972, -102.50656290492012, -48.82108300241344, 16.061376565729162, 49.85547945772295, -179.11814398642113, -98.06719602552417, -76.9563274601794, -0.11923997078555845, 65.19084451060793, 14.937919108070743, -47.38074834306117, -18.373502415316043, 735.2337812685432, -66.37919799423833, -88.34924926989248, 92.9741932822858, 62.463337050881584, -63.20688695978329, 80.26330537897944, 45.94172484588244, -81.59612399275969, 17.724312343318953, -30.874998921225703, -7.161517339537409, 0.3328216649957075, 5.965617335029371, 55.06979148480305, -55.872808829652314, 78.3100251738533, 21.552975362759742, 33.711486420763734, 62.51392438893758, 10.070467058583477, -133.09964324345682, 143.1034916811973, -16.913555780906613, 74.995551088318, -120.13659589218643, -11.136640898561225, 7.203035767796843, -9.758429563607853, 68.70204643500651, 61.36889344407193, 63.832934068251134, -39.39135968573616, 110.77529709417486, 108.7585174949573, -55.65917155254547, 81.96458948441446, -21.776284820691018, -189.1512194651051, -29.390720439174288, 104.21405855589556, -30.003685671253557, 91.0303593157482, 12.576386342679045, 129.53371835440686, -60.97511925479757, 58.21552039628666, -86.56320681370917, -89.54778352046118, 35.56351830929608, 89.8979055144419, 4.712168094776867, 51.835920998183695, -80.23405356907426, 126.65728501122905, -1.5107275291326743, 21.879248667053712, 8.178023352325676, -20.230935806797447, 190.5286806562719, -61.61042313009841, 21.673136278197433, -116.8552220866231, 130.92873510276135, 77.91433371154224, 59.30066185298719, 59.46464452687762, -25.819877566139514, -94.80842045057764, -79.34962519297163, 115.45559782760438, 5.3486136478358866, 23.04794287922472, -29.539131526867152, 30.818463065466098, 40.00657350508129, -16.865758730608494, 110.41283869728845, -83.86468876376333, -30.099314297733944, -49.85552323568548], [-1.08700182625379, 127.28660366601463, -101.53603324577603, 19.43748495341797, -17.657577403052823, 40.75883805992183, -90.53451561458564, -4.85181776630004, -148.76686795800316, -81.98486426103635, 37.85325521425109, 123.31450707702794, -26.09427615816011, -102.28680184724715, -28.49351965695037, 