{"N": 100, "M": 7, "A": [[[843.576049930109, -69.20568093699588, 6.9919379426294945, -10.784267978374167, -54.36954717403769, 69.71081012737079, 16.06308591285371, 11.704714157842398, 107.14323423077916, -42.35876276334038, -6.354621724893052, -86.59652213358244, 49.22751029508292, -108.8310684151949, -63.96624195891307, -62.72027037086774, 10.21854775951238, 223.49294889256717, 6.225339476773547, -33.357352228456065, 138.3818287933701, 7.9307328106077515, 51.90671389349564, 50.823733441604226, 15.376829569470338, -40.31997010826488, 14.256053700663596, -17.252512627319355, -149.59428028752788, 52.97855899183759, -28.687504505983455, -96.92866741493347, 62.14047088628924, -85.29500391591776, 18.354663028060397, -81.49632330754433, 13.320301447907488, 59.87584659647535, -5.332413940112031, 41.178347359810395, -111.6763275755489, 26.441531902908615, -33.56319472472594, 87.51364689659418, 17.385101358670326, 85.0510992239978, 90.35100333553265, -50.940630051546, 26.52868211619911, -95.33632718745831, -111.35757142115033, 8.90804178534239, -23.095203772233784, 102.5028526200393, 57.66931273737478, 19.454659355056016, 107.80548046185031, -48.00943362216046, 77.31179846505985, 72.59797583429263, -31.94646852059354, 3.827542083191012, -22.8540717645402, -43.37499924649768, -102.64594695817854, -3.5387262741485555, 20.79923530998628, 73.92072963590017, -50.53660125486858, -1.8512232598413625, 66.95626866466186, -106.3589607590706, 52.62414829552008, -11.972914430628222, 2.934471328914654, -70.44372821448292, -52.72963501176797, -72.75333960011875, -6.179385987113838, 47.038373426457774, 47.351352156906856, -0.4083824215678461, 40.655187846274224, -22.98707677103004, 42.53730069200479, 30.594245866809104, 33.32055345326834, -2.7571330631522826, -113.36085436189538, 11.785917551352597, 39.55736973738399, -97.77385888179967, 20.356933105967222, -88.16085622199593, 121.93702028651583, 65.50987677236789, -51.83427909418542, -111.17249076447027, 123.96014848244008, -34.08727453367325], [-69.20568093699588, 844.6912999441645, 105.19774738407541, -0.19510012143769462, -1.300664966232959, -75.51438209691366, -29.481637906177635, -51.10380737155979, 28.025479672249762, -61.159054613497, -5.0019224851984125, -30.966730037132592, -11.567007249145496, 70.47030158515545, -57.02233978442726, -89.00113603978293, -76.75641747477063, 108.6280904756999, -42.47287279248543, 22.85632392508205, -19.741817735525785, -94.3575491986292, -42.85017018869055, 3.51944793884953, 53.20998889804223, 27.89607063638576, 20.540869229081395, -122.61536807775974, -38.597129464181464, -129.2883124883319, -140.17292464925816, 95.9208511579499, -107.29609216088706, 61.83588943589012, -164.90839757773648, -33.48984102926766, 16.10608602706246, -93.75626245972893, -59.218946617398686, -100.20077979282772, 12.816915970026008, -38.57955161370224, 88.80673218929789, -105.701874440326, 87.6554471836456, 74.46571807262013, 29.714622239687227, 78.42880513670032, -71.46660582657441, -17.802004135003486, -32.30370562978843, 50.84827384059613, 80.91949441221567, 62.21763775327637, -6.067058166844131, 14.583082182517254, -61.39139430042588, -49.02880078825554, 90.54643347935139, 13.084066941448315, 9.113647303589923, 57.21880622705278, -162.918699100423, 10.600215246248382, 97.82429727516929, 117.1370160702589, 53.941583428738596, 11.373293267366499, -30.04471464088162, -83.24994298158246, 2.4726301000019304, -49.997086009046235, 4.161577919917283, 50.03021994516578, 54.430296594540884, -68.1542622042159, 123.07683052295957, -91.78550841039014, 45.02130465471142, -51.882466515072004, 44.25043577626704, 7.027903928559268, 53.21033646198135, -126.89632271381333, -27.884281048543432, 17.219338213683137, 76.62242555926434, -27.21553037933586, -104.9916262936178, -84.18508361143579, 46.91507267030544, -70.91653574115165, -25.168369787257742, -2.385541521242164, -7.108019269559506, -14.699207002755253, 6.995238493902693, -27.65997123604493, 28.843984499473056, 122.50718635465634], [6.9919379426294945, 105.19774738407541, 803.6165852585071, -134.21333113650996, -55.203341000711276, 8.062959993470047, 31.65846561118029, -4.340298882470922, 22.686625202782764, -73.01473554460782, 155.6881809488484, 100.58921275473656, 10.79559356519864, -12.153361083329735, -41.71129956269553, -11.3276562520278, -107.16995669969856, 50.99839647352912, -41.71492936117777, 51.91384260939241, -84.68725131596013, 32.05150101316336, -83.7888127680941, 20.59095043980957, -98.07471251590205, 66.00009734307976, 31.71312186938035, -139.1533369011114, -44.786189980348716, -183.31684862993308, 1.964163654406855, -38.94851535885167, 25.011200311570214, -169.41425864286583, 111.86780740296078, -21.75429555654306, 102.79323129730473, -10.426217598806572, -42.834479803850485, -149.77462006240833, 53.12391829148697, 249.9682428718987, -3.201325694675419, -22.832346558908185, 32.02110632019402, -29.287715842533927, 90.6969301681575, 51.0054099617063, 35.73821277070556, -78.59091954513688, 60.81408020663995, 21.52689528743852, 28.948826828592555, 2.0573977419267586, -11.393164417616092, 61.44148687765101, 82.16628818288913, -102.32723969943918, -27.516603475369738, -171.22697408858528, -200.43783625440798, -61.96371682962089, 184.63459001695006, -60.25383486414726, -123.41813586119225, 23.502386358853972, 118.99430804151285, 29.60938668683109, 2.6460901210390397, -21.062026668609782, -20.571312313680263, -10.648494363255407, 49.65779065204188, -30.54216429439492, -0.8543204585600475, -18.873789683911802, 93.09948903388101, -73.55746976128896, -10.69620194629995, -86.95037908832502, 47.73658826544324, 25.36097265065778, 61.20881500774703, -101.54694328513915, -34.296874365263385, -9.642378528835525, -48.83154254642995, -10.069197590635715, -133.17003817617, 32.937860534245964, -18.70495849512966, -20.325638723444072, 12.325100163787525, -10.260546418812451, -19.10608321532485, -55.931540999931016, 132.24531407343264, 118.62404766736348, 26.59102115333243, -41.54226105036174], [-10.784267978374167, -0.19510012143769462, -134.21333113650996, 868.5723045199876, -14.523006911844858, 170.72005257968598, -49.1212442762558, -65.90228925733399, -67.63850646783328, -131.90485539157382, 20.79273038909114, 10.636768555097863, 23.863977522926803, 20.926920305582783, -16.114151160529985, 16.42267372940444, 85.37999261538346, -54.04844451601163, -48.94397989534995, 42.488741606175886, -43.57060859353023, 59.56096501800122, 46.70188579326349, -7.662883638829784, -18.637613876227203, -38.89058917498031, 6.319673086883005, -56.4974196999458, -83.86793169420075, 44.08047492536847, -10.279925235386099, -68.93509458738417, 54.03057552174706, -25.423999809225204, -57.00150000795099, 45.57204124076642, -166.81007092119557, 65.46520663574775, 51.62478786889179, 113.66006561179358, -73.4127605429794, 14.9513004633841, -143.43553542439744, -68.12200585800724, -24.911490351982447, 36.49178507160104, -41.479821467728215, 54.97769057784519, -110.79930179819691, -31.68448949099226, -38.681776495613825, -118.64448881198423, -57.473594764059705, -45.426484116542795, 127.9139870671589, 4.393333539831921, -5.08066780009557, 69.56383662535796, 47.2174117298808, -47.88582344941271, -86.48050952492818, 14.05542407787096, -151.1011075329357, -89.32988605214793, 53.16802517068519, 113.50512292860277, -89.12146256866625, 28.25795759435047, 12.490168067504836, 50.90018958576272, 47.76944725773771, 21.43445055989313, 1.0986008513961858, -2.635792947386684, -24.25094000887049, 4.239473048022287, 8.855472977100543, 73.95639375286592, -3.053089814259288, 120.85944014638018, -48.3591165237293, 21.58770893622217, 113.30753992016906, -85.75800671365414, -79.29503424899906, 106.0991009578976, 37.74447401523054, -19.466871638310653, 4.356007121749097, -62.96646748613378, -38.721996869673724, -150.1319014370329, -75.68030268695618, -46.84794561867005, 31.088307052332333, -35.806454975445114, -146.6082290319394, -196.37826056682837, -29.183026770903417, -54.344264054457476], [-54.36954717403769, -1.300664966232959, -55.203341000711276, -14.523006911844858, 749.3558323577239, 54.103643041972, -42.654432601850615, 13.212203103109237, 41.92626579931269, 85.37540696584936, 15.501968824919413, 7.010465535174679, -55.74219559405787, 132.16489528471865, 167.06501300984718, -100.92761742074738, -31.797865776648457, 107.4108947942032, -78.64876471830185, -125.8773845562074, 21.437981866185048, 62.03295304095386, -77.24398976099032, -41.27358015309357, -129.3032050996036, -5.391919621178619, 95.39928348543233, 77.79527639839812, -20.954816487205296, -99.41434943983343, 18.718279737117527, 59.766184961026745, 79.5070966141419, -65.9216277065227, 35.66608840130988, -95.21617380383958, 112.47023352702827, 25.16151564504432, 66.01701191226826, 29.964809421722094, -42.8708731599964, -36.84443639974338, 143.35897137340692, -144.5924226540672, 16.78581576346909, 1.9305870678032444, 0.9023501379283059, -24.30328243779554, 32.68696510843356, 38.11313021536621, -151.34749890740002, 30.06302018027553, -71.99185118853691, -51.4484172311705, 31.47903651081099, 94.28907234738452, 60.31798419905941, 31.49159131240201, -8.999715106584771, -36.66211144965036, -61.823260764725916, 95.92216218518904, 14.388518370631216, 60.26039017625184, 6.928362959678595, 85.4563582047101, -30.565973421400884, 141.40810569466748, 90.80847593793699, 50.683498944017344, -11.47032267021193, -57.115797034887585, 77.88919342568238, -16.998546242415923, -91.23726545801465, 76.41986545719253, 18.253349225487153, -8.712831471315146, 70.73615255494732, -57.61197846714325, -21.82150908259888, 68.46814423989157, -52.185903304319154, 8.757239819032653, 27.08549720653564, -8.35420576902806, -5.518837608776406, -46.30037103847718, 41.88624108699298, 17.765103204872954, -74.70146475241128, 68.69766828526748, 9.130937823802544, -48.89083623469627, -116.3227461505109, 46.11194121378128, -17.468393541256713, -3.5528951329448466, -22.485942828894984, -34.75970519945589], [69.71081012737079, -75.51438209691366, 8.062959993470047, 170.72005257968598, 54.103643041972, 912.4420148875138, -98.66679710661374, -54.90595947815123, -102.01873065627449, -19.39318521487542, -72.30231308762409, 57.99965150309817, -123.33222092909536, -46.942571795572825, 30.18474344592806, 79.4604450870373, -50.02628609739865, 24.0168669856046, -71.82277848643025, 40.23586795273557, 8.006246252950051, 48.14840641899774, 49.607371189988434, 80.88550528842121, -148.71778001790102, -72.74676016848115, 146.64450702602437, 53.306346635491614, -60.28744020187894, 84.68016593136835, -59.35407038264053, 24.035509153767087, 51.27649683873905, -47.882084012307, 39.49190457355608, 1.9693463987400004, -54.86423722911335, -16.24311783680672, -72.71690525668961, -33.396536790873874, -43.59970485697855, 121.22170372304805, -53.05825070301656, -125.2557130596181, 67.29928948900518, -58.893597064375136, 71.73472307268132, 20.005669207082615, -109.94340450460312, -31.200036130560836, 23.226461608496212, 68.26377784828986, -163.19226658782694, -90.89465175417808, 110.34114978518406, 34.816185250324885, 34.4686236929685, 36.439460205980104, -102.32658572918209, 26.38959010564868, 89.94769662918985, -96.33872692111974, -68.84082909738464, 41.81153117409356, -52.322123080085795, 5.547502262944786, 2.2546405833953997, 52.88379349557161, 52.52624959655236, 82.9830305643381, -55.06356469769068, 59.136766784242205, -107.76871045872257, 40.19200707008726, -25.606534130329187, -20.463213339353008, 19.943098598442507, -21.97554987132099, -82.01194087180801, 93.72613930799625, 73.74430205859893, -83.26944726794973, 5.418921092356993, -123.37642723086431, -24.759446002029986, -4.472570228468058, 167.84696432941345, 28.216408488745618, 127.45139109477924, 117.01306732416005, 18.338820991204393, -94.1404904483363, -2.7888805413396636, -44.935228138546265, 49.568648729821355, 66.33884036904608, -2.590036723282291, -67.06370904329945, -81.89425000963602, 64.00555395794619], [16.06308591285371, -29.481637906177635, 31.65846561118029, -49.1212442762558, -42.654432601850615, -98.66679710661374, 802.1461499254825, -55.905893145000924, -130.93115831731853, 174.76811202256408, 50.43633312852333, 31.686967271304955, -20.0703413444381, -119.2607107650248, -60.30570342952728, 15.674834772975537, -26.459790424305456, 0.45601801152747534, -23.026690414936123, 64.58588520284243, -94.78868581919035, -166.2752587270486, 72.26230163943843, 28.574127399190512, 30.636812822751804, -11.214605724310323, 34.60237526704984, -103.95743464503585, -30.914909733980853, -87.6332191248262, -5.239679342527913, 103.34730559390896, 91.4981471003032, -8.536990216293095, -53.86818550139523, 50.2811269032829, -26.018141565319457, 17.03687312571962, 34.676296282706225, 13.925642469138479, 47.55663225618652, 35.149694920643455, -82.50984504116315, -5.261950258684567, 138.35953530106505, 45.7872973878322, 30.495168566995, -28.20383909509786, -39.59980650861294, -19.974597331010564, 67.17313192423043, -10.983346860133757, 85.11336173951892, -128.89125320726995, -10.019059348978752, -61.793723305937206, 100.62626324149738, 96.12720080232914, 76.959333675173, -37.90560197233432, 90.90393664440305, 3.0790023159123883, 67.76173693984977, 18.629518839483502, -50.20913544194294, 46.292448228717944, 8.228474181240198, 75.6116665718266, -26.02566467721447, -58.23066571751839, 1.4135507771515683, 59.42994674594273, -59.39627151157003, -13.31328590484795, -49.186053476550775, -45.09247417220546, 52.80964312916112, 38.25585864673573, -44.976067474509655, 80.46451745753272, 57.629891873106295, 43.248393800576785, -93.53519386841788, -12.226933413730057, 3.6963882251578406, -14.501178322243733, -53.94235322974694, -56.566333265216095, -84.33058313881828, 17.569817170096403, -9.168238873563695, 9.609006010207377, 76.74582872968487, 13.198333006922686, -67.58291195853519, 141.25975556981203, -26.978344432407948, -28.8680820359556, 35.15480501090825, -171.4812785980215], [11.704714157842398, -51.10380737155979, -4.340298882470922, -65.90228925733399, 13.212203103109237, -54.90595947815123, -55.905893145000924, 775.5590613599536, 28.47406601316747, 109.08972877856323, 118.94224340285766, -183.71302212873704, 76.02156572919782, -43.8426329922327, -66.1465526965118, 90.92385587647262, 31.986309786638458, 81.91772785054835, -59.01987142487437, -110.5712991564615, 57.88540249017699, -63.662048841218464, -64.88917233477264, -33.90791341318066, 18.938041863020377, 75.88902241452713, 49.11140656546708, 119.38606785333006, -114.8455032440536, 122.94728053829789, 104.19629726628877, -38.26372070269548, -19.462517628850062, 1.5612554781943713, -32.42757727694227, 36.407350857380564, 74.22528606296412, -14.51020780184013, 150.4375986544553, 3.3155530868825895, 113.55985434906673, 52.46523271054541, -6.946512026117657, 226.87460008280695, -106.066365318932, 1.7566717574025115, 66.87482414366485, 59.51983170162213, -44.78528830598857, 8.782459885666595, -5.204819933876456, -38.44153991055416, -31.181656411333684, -9.162255171962395, 36.1036474966544, 7.461065711808983, -72.44500370695897, 7.053663306160089, -8.675988069863793, 234.20627338268866, -89.02570642821954, 44.71148248538589, -57.75369851703154, -26.61389131978643, -3.5175928494566575, -99.64302564816141, 158.68142312949035, -18.534208825935135, 12.846741285822356, 100.372579008982, 29.78419186462611, 56.32138408684311, -82.99213427404543, 56.33123146901177, 18.789621590769574, 24.48375442424712, 28.246618385430132, 53.21855147402447, 5.631565851916643, -25.50884856439543, -33.74563427859864, 20.15927599430131, 3.0262193202867413, 80.04223967828216, 104.52439488473794, -80.23286964051485, -38.05425967573536, -8.749947762459051, -37.331232953659146, 26.960230630490184, -79.38040348821137, -43.30418700079991, -66.16019560812991, -8.310229637496118, -11.542928966229896, -41.6092035843148, 63.4419806253335, 71.11157698937727, 35.17835640657663, -120.74157954822743], [107.14323423077916, 28.025479672249762, 22.686625202782764, -67.63850646783328, 41.92626579931269, -102.01873065627449, -130.93115831731853, 28.47406601316747, 774.6484709012755, -44.18633022392786, 54.72395234100274, -64.03126158530577, 55.128635234651526, 78.99272337179063, -55.272132321578596, 103.3961922230879, 119.22936727770016, 24.94636295412917, -28.574839884048213, -62.20231126216633, 91.4045577263681, -19.26350979628142, -134.00454248326412, -43.54624937533088, 1.6123503578316951, 52.84332196640105, -26.20959347554972, -1.605286395532309, 16.37840011095404, -129.6331858368615, -34.3739065549974, -134.40179264403082, -24.681973622397468, 91.60082873924381, -94.8255755840184, -55.42068395916366, -77.3368728568533, 30.17660861221207, -8.974304114085882, 60.21463008315801, -73.87991641533137, 51.62293254196973, -46.151175051084515, -19.83509645566516, -5.8023892487945075, -63.59715933842453, 243.3555233570088, 11.055510194316918, 69.2640069429194, 23.65967071032162, -10.884088064571102, 5.620588117624743, 91.60481562187974, -14.084664327524118, 31.309951985304753, 74.85832754568402, 11.210111251571965, 0.16632267220086885, -56.28877130792024, -68.80820665234855, 37.601040939762534, 20.612930237765134, 26.268635506760635, 35.73262877200609, -56.5707494092695, -132.8096679544942, -88.1658391176351, 121.76271597071272, -31.59298566076037, 24.41043175124353, -6.673935669069811, -24.389267595770125, -56.03469883870784, -63.23885044153227, -166.22676450516218, 44.11542401824383, -34.275368227412606, 27.921536646987086, 46.18627402495067, -63.76683076432332, 68.7782204900328, 30.332210865923155, 76.28110830737953, 188.0800773500368, 71.9638377038679, -12.30544217543643, -0.4181154483253236, 202.83460565239943, 79.62707604313351, -1.420947710533649, -13.892900979611602, 89.66273969701568, -93.78632496743518, 5.087984247188054, -59.616209572622076, 116.45196046118495, 22.00242573045599, -34.77443225384237, -133.18641834697857, 45.035461001327526], [-42.35876276334038, -61.159054613497, -73.01473554460782, -131.90485539157382, 85.37540696584936, -19.39318521487542, 174.76811202256408, 109.08972877856323, -44.18633022392786, 816.489360241426, -27.61186079237084, 5.782604255143759, -46.78479309852755, -10.322926245310102, 68.1283005009386, -3.4083113213414133, -74.60430147987364, -2.4943500971261336, 46.678679059908895, -113.01579920164983, -127.09803368601749, -30.94412195031226, 43.90217513793186, 25.76469725851765, -95.76121831192292, -50.86735233468356, 25.017584333586502, 58.3131431558696, -69.68429098895507, 52.20010056740536, 89.50068329378031, 24.229296613500246, -48.04256111793516, -12.83526210989188, -2.25703056793904, 36.38118438666025, -39.679445193654864, 151.50039905169814, 68.0516539365835, 75.80869872754144, 79.70516304535018, -12.022063531086554, -11.727612215326438, -103.6468979244575, 63.40127152194004, 65.22757661980847, -217.41356544004506, 39.06261322830331, -93.34260082729203, -13.190990331510863, 129.55157795397835, -18.364621688774694, 12.32817893382214, -38.873035961510915, -87.93762380437579, 149.62625225487972, -25.19282104920378, 114.54106454187676, 51.55982292186458, -117.1953224530374, 78.94969580827667, 109.7243466034759, 125.33214829183883, 31.56927260509481, 10.505344098753952, -58.65458870647574, -21.125373634375027, 42.1203104564001, 75.14935491609386, 39.391810874616326, -3.0967925192835013, 100.0494562170516, -152.19314412117274, 6.4265756843235105, 116.38146337057636, -94.86987115730409, -79.29448832105315, -6.976873422192635, 68.54779812779498, 46.44325433718652, -120.29670426650081, -98.02800109612335, -5.841701543550279, 106.0821679116294, -31.156839874454835, 6.404357273430951, 138.08577132070963, -33.71939118829425, -81.65992944009093, 23.31223773929247, 3.2591964433318106, 64.38680443842317, 36.37374993359208, -66.04980780470103, 68.1075558201667, 137.80964114361652, -44.4571408242005, -125.5167270787753, 16.4794847698906, -38.48358373377932], [-6.354621724893052, -5.0019224851984125, 155.6881809488484, 20.79273038909114, 15.501968824919413, -72.30231308762409, 50.43633312852333, 118.94224340285766, 54.72395234100274, -27.61186079237084, 856.463403644745, 71.19121167927666, -28.035313736421333, -113.10795649562925, -35.551597865802286, -19.082187491558088, -41.80125316136175, 105.21653783118285, -120.22669861270859, -29.267948072029824, 6.789217460051077, 79.37979560295565, 52.366569823846085, -30.512351802251796, 104.38585461512584, 114.19844040881881, -47.71402506247065, -192.84193371207186, -85.42628605020222, -7.522110412192819, 173.4429786835472, -93.1014879235413, -50.34840987770653, -102.14715263790009, 117.74738253438362, 7.8506011949964005, -94.52836953182155, 124.36312170807244, 15.952629091681139, 0.19547112283898546, 106.84099256284482, 68.82631222357878, -52.13457916764062, -31.5240436752477, 83.3395147498579, -47.72301211475352, 68.72804690816263, -1.1532306024577221, 31.164388594125185, 104.39620847543627, 9.537137913211936, -56.67157778159467, -4.0457738681847735, 176.18873623237454, -30.673280958798692, -121.57655231910637, -49.73986442405092, 18.304972498052717, -10.04452633922298, -40.89499412815131, 9.122332893918, 27.5479160683642, -12.305129707558276, 69.60632269762662, 45.709772219502234, 29.348274264238267, 26.106589064376312, 50.05671409616986, 56.851816633309625, 70.10695355778203, 36.00111343234479, -54.62468502082639, 10.378496833815916, -99.40083427737804, -105.19107860501312, -17.923842484570407, -103.84320508357433, 84.51290630554627, -24.9879040210159, -73.30500019880044, -8.15034838337646, 21.846940507123715, -4.506341379175817, 3.7885267640814604, 16.404191219669887, -63.54714376514858, -80.30740155419657, 35.433181740160954, 24.409067066408046, -46.04995349718826, -116.58922056574124, -31.11633239939822, 47.04474366704809, -77.06814277819585, -29.119161830447396, -147.10905206401492, 6.887573246395564, -18.677600901334046, -27.786797779564765, -36.202468931816775], [-86.59652213358244, -30.966730037132592, 100.58921275473656, 10.636768555097863, 7.010465535174679, 57.99965150309817, 31.686967271304955, -183.71302212873704, -64.03126158530577, 5.782604255143759, 71.19121167927666, 840.0578409204594, -17.42732098730216, 36.531065816750285, -47.09358285817689, -36.599949063643265, 66.27501415259712, -4.269162596223772, -27.77065915219159, -37.156607597177306, 47.050137231347726, 56.24756354361136, -167.77663423712926, -50.59464762286564, -103.64266101562758, 13.591242874538489, -23.851925173289708, -46.22374249080953, -63.38013110636112, -91.3740300689875, 34.715729881479454, 88.74626711621013, -7.224777193562259, 37.57018935053458, 61.729693612608365, 28.404262910678977, -97.9675591529422, 66.20550735355015, -94.41200484408724, 19.369978270361845, 75.61055587071161, -63.443628349154956, 138.691254286946, -53.02768242539899, 59.72254253360454, 30.423965507067052, 16.985923843171392, 4.5090117899558075, -11.74335410375796, 23.26910091605455, 24.989247211568323, -42.303375943294064, -22.93905747212172, -86.19487560551754, 45.331441311681836, -2.7151373093121474, 15.109663251388143, 29.48549090288392, 113.29260583783348, -60.94918043001434, -51.65618249081954, -122.71475099185704, 46.62261596209942, -50.33895922346314, 0.3698907098016114, -118.54090642152568, -61.500761021593014, 13.44448399395025, -24.39174442419532, -68.72540252185068, 60.648304100464856, 129.11004204229314, 129.7533362762739, -84.88523211085212, -108.51668616599486, -72.90555583985766, 2.0450053234839407, 48.92530671478151, -24.96636488113132, -39.15371817222705, 15.105139938294613, 53.18846330512813, 35.67707163035393, -102.01698310103804, -32.46648355010085, 38.713147475453276, 193.85699975075588, -102.22329068340294, 34.350239873918085, -105.25623515965957, 116.62151056409778, -51.774045721176705, -36.60217858000667, -47.95874865090264, -95.35181128894345, 37.204290610659896, -35.87008844809121, -75.23409242920292, -169.8328900778604, -100.26654908612163], [49.22751029508292, -11.567007249145496, 10.79559356519864, 23.863977522926803, -55.74219559405787, -123.33222092909536, -20.0703413444381, 76.02156572919782, 55.128635234651526, -46.78479309852755, -28.035313736421333, -17.42732098730216, 812.8585951348356, 58.691706171148766, -35.7686623031192, 76.87054384488138, 105.4480514764241, 46.90214233996153, -28.225988834491794, 92.28372717028994, 75.66657716633551, -32.90780029967024, -5.776005205208234, -11.196817934969074, -53.50346528590475, -15.361242365691849, -20.927798207290884, 19.355327134162156, 65.32165550623672, 89.12171497453429, -6.961639952923071, 82.74357014888811, -78.55977792775413, -164.04002162542838, -48.71585793922731, -16.374872967683448, -9.523226280944748, -25.77309879526671, 116.18389019925618, 52.7311418717369, 68.13188202320586, -96.81024591614153, -81.10796971575118, -48.98229117073991, 29.331081896982308, 134.62565748080476, 30.392318866592888, -26.540599276852085, 38.13201774363707, -70.42339626790374, -90.49689776185161, -8.521968497567213, -8.834698946455495, 187.98777106762418, -51.78123894426937, 5.4292585910954765, 98.4102129728031, -71.04500782030304, -1.5738719197242639, 45.660201471468454, -70.09135182130083, 9.143237133328405, 15.685999982317487, -11.289721261604686, -35.52611226922153, -92.46425751046824, 61.54846416701041, 13.293306655165082, 13.209447509239965, -76.74681859325197, 66.49470289734545, 25.1130347531653, -164.4851702102301, 97.063538506861, -60.90947588247844, -59.46637177718596, 67.8015943017675, -228.17247881474952, -112.62407274532858, -32.57274379531859, -95.57817902855105, 9.872198709864325, -39.162389198289816, -19.131710048704203, -8.053817691599798, -59.17734091841794, 37.577692270805045, -4.365076803972013, -20.001028040961053, -34.95686479786993, 10.181576096507065, 140.33674743520064, -68.61031446514411, -120.2247424074436, -170.0159818493217, -43.75785495119565, 40.591730678268064, -49.43382364308613, -139.4497742572046, -73.49599403859949], [-108.8310684151949, 70.47030158515545, -12.153361083329735, 20.926920305582783, 132.16489528471865, -46.942571795572825, -119.2607107650248, -43.8426329922327, 78.99272337179063, -10.322926245310102, -113.10795649562925, 36.531065816750285, 58.691706171148766, 654.760520863062, -26.425322614722766, 19.415630519660045, -28.60064249774517, -24.76512544654799, 18.33428148460679, -41.29944038827098, -64.5729351776878, 36.44798463353442, -85.1233043234812, -40.14954087628351, -29.221321883709, 22.199364675227073, -48.0621381790229, 27.777920175324113, 158.09191599078957, 36.566217810930844, -84.47668593616964, 48.14647339086075, -84.79493434098788, -68.15109389825379, -78.44549835630204, 3.640935951236288, 42.21530238849982, -94.2808399185039, 67.24391494570538, -27.45596423718524, -31.781757541366108, 74.48194031970215, -108.05764883540513, -110.82262789589315, -22.57758158236677, 88.98355832514885, -76.59182214481993, 57.296065122909894, 45.96180605353201, -19.18825903073269, -15.039120026816422, -132.9784409454407, -21.28222283077037, 13.46866153562603, 4.248843048516337, 81.56271221408575, 86.98747817266103, -50.36857079874336, -19.907862459707143, -31.269595478716848, -75.32357845325663, 29.43868244168391, -51.555890736556535, -34.50420420058472, 93.35771705666478, 96.4262490993079, -73.05510615691293, 34.50831606455942, 4.878667969132426, -9.061518754767752, -20.643393923785144, -3.1536015149988126, 163.30357028368368, -52.87301045817636, -136.2428099582863, -29.75830457792373, 25.753986043031095, 18.911084728715817, -59.12582999393447, 78.91238600774454, -20.01238510333657, 121.85446070928403, 35.096720364513956, 95.9235476607146, -18.70428953149342, -39.03111959074307, -26.31363661151886, 6.283522402457613, 45.35638696362911, -48.26087360933675, -44.64980322421108, 13.828549652839733, 26.66818104736087, -12.324623647441259, -55.146510781558625, 76.40805102581065, 82.45763655389972, 26.760241708141947, -38.39437414379268, 44.46041798938688], [-63.96624195891307, -57.02233978442726, -41.71129956269553, -16.114151160529985, 167.06501300984718, 30.18474344592806, -60.30570342952728, -66.1465526965118, -55.272132321578596, 68.1283005009386, -35.551597865802286, -47.09358285817689, -35.7686623031192, -26.425322614722766, 874.606791633647, -63.34717240967053, -146.6292508507018, -26.75077321809997, -109.75346551062474, 32.08826404328074, 50.74385666708277, -50.01329335998936, -96.80631733167978, 1.51907021752872, 77.89656874581404, -89.39780121746143, 15.155585662753753, 69.2129032354926, -83.75737459650648, -20.934878113726526, 3.7278374620284382, 138.99827786083927, 110.27053178982275, 22.972649155994958, 47.79342393080663, 68.09756648100343, -37.198991239882844, 81.77891984170154, -40.57991621587645, -106.87313886248076, -85.05942271028093, -30.089687991411342, -22.497397117707244, -42.390595625191416, 4.938125765985901, -83.41401578656198, -1.3901155378767218, 20.804167998479365, -91.90750260361585, 92.53310869164686, 19.778032584266754, 47.43012197818711, 40.99420202598347, 52.2275212461878, 63.77315182462115, -50.50466112859963, -76.3338667984633, 85.55967390503761, -3.9565129097774685, -66.80031018962478, 10.592235977230805, 32.25081291371876, 12.4132079080739, -54.215869700304786, -107.95157368424552, 70.85545294069067, -141.73273515086538, -53.39976385553676, 7.647516239997818, 154.64575857050227, -136.8906329520618, -160.4393806684646, -29.766465425101618, 15.201901023982705, -35.18727416402965, 0.938776641052017, -38.11189208533917, -78.94983956950541, -17.819012971398056, -11.339865093558373, -231.63224419245776, -104.03764929073999, 13.63368600867039, -50.76055398963494, -37.446206400518115, -51.507572857559715, 34.018787452074996, -37.707389581325025, 17.510228147447087, 80.49586361209512, -141.1446417822801, 76.45063108343616, 60.75563267845997, -50.16881603308162, -63.876947383016415, 68.1356983088931, -133.84872529086414, 54.75861327545092, -7.36433113974986, -32.534088035067036], [-62.72027037086774, -89.00113603978293, -11.3276562520278, 16.42267372940444, -100.92761742074738, 79.4604450870373, 15.674834772975537, 90.92385587647262, 103.3961922230879, -3.4083113213414133, -19.082187491558088, -36.599949063643265, 76.87054384488138, 19.415630519660045, -63.34717240967053, 592.2625065275947, 38.399010001895604, -29.319363055442597, 4.788165898804622, 105.21769491945037, 35.265009872976364, 34.62074246522896, 170.38896152661465, -54.34390131808267, -5.456963871637143, 77.850996605991, 7.093888928534276, 20.775164684221156, -112.06914312266362, 45.32369960901741, -23.17344783939169, 61.1720107364768, -13.436645737924353, -77.65303922481608, -38.51747672043818, -8.32800699977686, -76.74589292410745, 22.709791598045122, -84.67675048909015, 69.68334452876107, -70.88183717892458, -141.196225690189, -9.503816677503876, 15.138882507391743, -84.24256667580403, 18.95067972136812, -52.293544637872536, -8.76798004341967, -88.80846378559133, 117.49072934140497, 71.25071442313082, 67.49296434119319, -42.509794684376224, 84.89994114331209, 4.933080267064312, 8.666942253916952, 43.84452945116754, -68.08383037325075, 58.026952198113335, -116.3086858334974, 63.89069246639077, -54.39013873924273, 39.02612094294505, 67.45682928388987, 89.7284117155181, -26.264369045753806, 60.50532705060713, 5.5515426248470465, 83.07390153966287, -6.411471355526966, -3.3631566595431117, 93.26855754625888, -65.7555432817588, -63.72214145299153, -20.55969016703548, 29.630352882081134, 46.26108225706531, 34.05408736964441, 86.15791753026997, 60.14769624110641, 32.114672618625605, 3.129895064249047, 23.95354576432651, 2.682912777398829, 29.367015276392607, -49.570232295082505, -12.641617885854695, -3.3235568075995348, 35.038412478527206, -71.33661569226649, -5.9787542945151415, 10.220031945954915, 4.06973542688643, 94.75322348759862, -28.003511238615964, -8.127252409447639, -26.783485328687814, 41.444904079372286, -53.495563052522805, 2.8895133095403347], [10.21854775951238, -76.75641747477063, -107.16995669969856, 85.37999261538346, -31.797865776648457, -50.02628609739865, -26.459790424305456, 31.986309786638458, 119.22936727770016, -74.60430147987364, -41.80125316136175, 66.27501415259712, 105.4480514764241, -28.60064249774517, -146.6292508507018, 38.399010001895604, 698.8789228369716, -36.04103001645333, -59.505250682662314, 130.06867587402635, -7.915008781411221, 22.862147396882982, 0.3780294152723486, 34.477358906413706, -39.846645342959185, -53.350005471646, -16.25137402938696, -1.5800528870073283, -27.993533932897346, 98.37604770315637, -106.61476690738576, -42.207651009606764, -7.004162184088601, -28.243870081896745, 51.500840020429784, -44.06929780135542, -21.8693172082505, 29.776019121480996, -1.9315282388378159, -35.27974695442218, -51.23132982123933, -32.89312581004622, -23.602154597766624, 71.33258572283799, -15.643969226773216, -43.671649106345946, -32.9424592067183, -21.28390636779184, 107.38666715152064, -36.53118836677836, -54.67150818101192, 77.29617731851326, 70.34664096157512, -152.20318428127547, 57.12370499206286, -47.260775443084896, -110.85632508892135, -37.363096537859484, 58.45053321227, -69.93412993801907, -61.10596303669452, -61.52230620364071, 49.52108020638141, -72.71752301272687, -3.8699916979378086, -53.522924083555644, 8.130108693215977, -56.075216043280854, 61.80557538520713, -130.11950393083217, -1.5886998780412758, 83.61511660204346, -76.12306535766368, 80.47144788027009, 76.01224619115895, -93.49189003796317, -6.334685193118237, 165.13326642969645, -17.67190345794928, -72.10236427345863, -46.44319034224891, 79.516446903646, 15.357467050975062, 58.40675053875314, 86.30922338330544, 3.7844244089915593, 29.8996485344828, 66.99260162571707, 125.80194882913284, -45.61366846701763, 112.19648889198858, -63.060994728120455, -88.46081490348364, -62.893500699679656, -77.64735492559996, 49.805685439049306, 10.240975594512735, -120.45894496373695, -100.10151381900114, 24.55083021841167], [223.49294889256717, 108.6280904756999, 50.99839647352912, -54.04844451601163, 107.4108947942032, 24.0168669856046, 0.45601801152747534, 81.91772785054835, 24.94636295412917, -2.4943500971261336, 105.21653783118285, -4.269162596223772, 46.90214233996153, -24.76512544654799, -26.75077321809997, -29.319363055442597, -36.04103001645333, 906.6102350224203, 41.15802823426133, 1.0288768508853168, 169.3743327137583, -26.863220839624454, -88.84201902875078, -33.567301087293984, 38.04188323940586, 59.725074276424834, -23.15861844194558, 32.021985967129154, 8.73086265322596, -52.20400729228521, -68.09082588883729, -124.89260191114727, 191.74211366906403, 38.82408821062444, -170.429543151301, -67.13555927169217, 42.866484644582165, -22.952609022719273, -63.80060625462529, -6.448884764944925, 28.828761672776192, 10.50885147282396, 10.111164812966871, -78.03374997614176, -96.36780940818022, 91.06212926308523, 70.07474923075898, -0.013639096743527599, 32.587010632076655, 0.5461210492993942, -48.779475181647484, -36.58507540625203, -103.6399491261502, -115.30894107719232, 9.591242819090382, 59.8453053079137, 53.85905883302175, 43.41877134968553, 122.685622634008, 15.302504042058326, -38.991002148313086, -125.21746695168672, 6.842215233435968, -47.005580530349775, 83.14416578106982, 6.556632171099756, 2.2780935157389597, -24.863275507965458, 67.08419626628229, 20.30814008192997, 30.456594149628366, -123.93828859043683, -6.591505688803124, 114.49871393878585, 24.604288096261776, 178.63520587849055, 48.65557038427822, -1.418575371910993, 136.47198699245834, -66.51226776360858, 72.2931830690909, -101.59175051394244, 21.56529038562062, 6.972791015255445, -8.973301274888325, -74.08247034051494, -24.14625614590551, -32.66340844253257, -76.6907166688387, -163.14755245355985, -8.232088077272394, 49.725956319655246, 137.79310715580525, -44.3823097881467, 124.58756489007524, 48.096481288456324, -2.582677844754264, -1.672157231829797, 77.00202689362088, -12.553107825849278], [6.225339476773547, -42.47287279248543, -41.71492936117777, -48.94397989534995, -78.64876471830185, -71.82277848643025, -23.026690414936123, -59.01987142487437, -28.574839884048213, 46.678679059908895, -120.22669861270859, -27.77065915219159, -28.225988834491794, 18.33428148460679, -109.75346551062474, 4.788165898804622, -59.505250682662314, 41.15802823426133, 805.7938708501571, 1.6130959358210744, 84.98892527477553, -36.86978787694004, 117.3270653768385, -73.65389946412411, 77.23499165937224, -35.05828232534869, -35.953760351845276, 35.82404542374988, -74.13286387215871, 36.7796636588262, 4.5626283024568695, 149.4831035685033, 42.38337926634175, -40.71183719207679, -92.68724568326137, -70.61544939109348, 105.30539889465173, 39.02930244800531, 79.80511962809418, -7.724204398379717, 27.05418828706111, 73.44714594244243, 79.76288101593343, -30.940353799436565, 60.54579695170979, 26.439847645253487, 67.4239034412647, -76.330306265162, -34.0068887382697, 62.82316131922575, 62.52958926620581, 19.99362543864554, 51.61758973800163, 31.149636426007476, 57.138804075891535, 44.823958109680476, 11.701125456597667, -70.27800392578808, -62.13082829881468, -101.72383173719417, 26.022175202032646, -38.631351263073995, -84.01182871500966, 96.13135176076429, -144.52416845518277, 98.36259428801203, -118.52617592687832, -39.19862807657791, -40.16511614036053, 27.55488585491208, 61.806626376087486, 10.29794617913441, 85.7041253251259, 10.894238557996596, 123.36434952504081, 103.04201770330778, 126.47795128042554, -10.049012190024559, 5.8754276907312315, -42.77770300858733, -33.953191126163524, -26.67257434690358, 28.756326002867635, 26.817010098012613, -18.292095336853066, 11.677208395971382, -76.79981978573096, 49.3098041617218, 87.7411509995347, -113.36637288041223, -42.91063700351202, -65.40379416882548, -32.6819970723325, -6.9648515623248635, 103.36931079650417, 76.52948483707998, 8.819192959711964, -98.1642359627831, 0.41073812107917906, 25.56762112019083], [-33.357352228456065, 22.85632392508205, 51.91384260939241, 42.488741606175886, -125.8773845562074, 40.23586795273557, 64.58588520284243, -110.5712991564615, -62.20231126216633, -113.01579920164983, -29.267948072029824, -37.156607597177306, 92.28372717028994, -41.29944038827098, 32.08826404328074, 105.21769491945037, 130.06867587402635, 1.0288768508853168, 1.6130959358210744, 673.0307812368517, -77.4603141322783, -76.23886602115194, 188.5998300538294, 89.5145287987402, 68.73204093612489, -23.812561428698015, -37.3821387286918, -19.257164091912276, -10.41622046749474, 36.02427322996907, -95.81958189479242, 163.29168039454564, 79.65447284648302, -88.83502976968987, -35.50259950597563, -96.31979565707645, 61.90648551987971, 12.030767145818656, -31.089342853171434, -123.21641823824075, -81.7822240437797, 40.90616164112466, -18.194603266010056, 78.58983554295926, 35.028320370735166, -41.099866010591306, 25.529570215745547, 28.778869045049987, -19.243197500105236, 52.80012854352871, -57.31950572225883, 18.540652766791105, -56.52856635595687, 13.938997738796502, 71.46859584924071, 77.0840313995885, 30.131826691770332, -6.8517404711342005, -84.82916294484866, 10.013274139483281, -105.53602322994263, -110.30847049539484, 93.68980794635895, 19.442021646489728, 82.2613961546167, 33.20899826698059, 61.86820710461436, -133.92696509178222, 121.97699650669037, -33.51653616460772, -10.70610486397367, -32.3034096194133, 54.44509818142863, 73.28380418819366, -50.414680472619686, -22.45278791658084, 32.14010607579674, 19.501696981172355, -75.30348155971423, -12.928114429770615, -71.36143727377141, -17.328111453926063, 100.11613833765179, -34.578809473859245, 39.500350108527115, -27.90757629937734, -10.044093555220794, 27.608006237464235, 65.86562870494538, 20.580780333926793, 19.658889442392564, -42.13980633923535, -26.967924716032318, -18.227801421288053, 148.3064512226651, 60.55130565340706, 27.681010708122418, 29.010246845751183, -60.39634092083458, -6.429459314644578], [138.3818287933701, -19.741817735525785, -84.68725131596013, -43.57060859353023, 21.437981866185048, 8.006246252950051, -94.78868581919035, 57.88540249017699, 91.4045577263681, -127.09803368601749, 6.789217460051077, 47.050137231347726, 75.66657716633551, -64.5729351776878, 50.74385666708277,