{"N": 100, "M": 7, "A": [[[970.3762181024599, 62.26208321047998, 45.3415262655947, 173.79465509998118, -20.567542444247938, -60.72066348557979, -84.41053765397456, 35.660493234959354, -12.629368805724756, 37.45632166982754, -37.11645040916333, 6.754786092620109, 26.795796759501584, -27.387150804764858, 33.537263193754484, 13.412990610170585, 30.652649540631376, -15.507376945329074, 80.71848137956665, -58.81778240701301, 19.223920259395797, -91.651906173146, 193.13646070720486, -41.62685021361858, 113.77873218065297, 150.28367069549842, -76.4869421795822, 62.72099550541092, -108.99603573459561, -107.17594973225403, -12.05379578833028, -2.3575241058424483, 176.80417169256486, -96.53021991419918, 16.664673706844866, -52.91002796116375, -48.475226271396, 18.052370203015418, -11.622905845425691, 21.47542015425643, -2.9524376723599497, -66.3483880360809, 37.29207462431721, -10.671905951856298, -24.3571200942293, -126.45908514160499, 73.34678989239796, -35.46142243115832, -40.21748173069665, 86.74874101947387, 115.43523193933407, -7.563234342326369, 163.93837456768128, -12.853782737764686, -28.920751903707473, 92.93268134318265, 15.20101742483722, 10.212550729721828, -17.604106996538466, 35.96901888787562, 180.41205049980454, 63.206234725419336, 66.25199544089098, 4.572485267145691, 117.50673264681068, -102.33129644936217, -86.4746428895551, 29.73012980880146, 95.2323743797222, 21.152280431701136, 29.286815951396125, -8.769714516062713, 128.43967357670596, 91.51087245876653, -37.32734219626965, -16.87919361163618, 80.0832073645656, 36.28056538830995, -108.48474610533923, -99.62503498995206, 11.268229823885491, -47.64394988207017, -2.0193468676805106, 35.782614448850886, 115.42363449397627, 105.37972913072404, -71.38046244782852, 95.04464681890656, 20.556206052367422, -30.97406643312629, 164.41271004754717, -78.35755860043797, -11.155508328833617, 21.096371324138072, 117.30227066458646, -17.33756330077287, 5.879344108740953, -131.86718407992362, 16.719941248189226, 20.164831016332865], [62.26208321047998, 927.6829749265939, 2.6510953916717503, 75.42687927414984, 13.016377378755914, -21.939306362128917, -102.35443781257246, -0.13565271052736994, 114.43618346799695, -81.44932876369995, 87.92084374768315, -63.36522461876064, 68.49448589419872, -3.7849497908268153, -140.89872094626116, 40.51402097739397, 36.34257590709146, 24.785657784799785, -41.04074446880947, 139.01373568046552, -7.387853555825063, -93.11635510723282, -20.09641008954472, -39.77939667357065, -39.510160222563535, 37.60994469080263, 112.96731733068785, -72.67715417847262, 0.8840829290719485, 104.94855584478464, -59.80710111122419, 9.811121138040225, 27.6121947512531, 13.48361510705396, -7.706887841288126, -70.05209971129905, -132.63147588913412, 64.33801233225617, -97.12616398301613, -35.51457637690494, -22.50925191889781, -6.549457814249064, -9.79465039297177, 18.819257314053154, 39.48475623412041, -58.82750370121939, -58.726327665695194, 24.810332911399577, -24.996116137471574, -8.246227582348537, -29.41358549922479, -31.077044139376355, -65.48340321336498, 74.96379657806587, -42.931316335944686, 19.397242055622687, 102.88043406729102, 67.54906241217432, -53.66884832181197, -42.04384925616502, 67.27025243370726, 157.58869475562972, -156.6036820076684, -25.040896769937277, -17.959565024577515, -111.35592039343844, -31.88022959559655, 18.60698749358137, 49.65701914306609, -174.3224056337188, 31.97680935734815, -137.45439086671175, -36.06346480232116, -21.302301994091387, -14.645772827761753, 15.81041071006406, 95.33203849640621, -15.430296607439693, 20.602029753777536, -78.56544435011796, 57.605376187382426, 21.72339105271799, 43.011743562922895, -44.03533693048197, 12.172277276638997, 36.35993697990171, -22.865666427209838, -74.23957710470407, 104.22278239746923, -108.0070615540689, 229.62691757932834, 98.62298613347292, 143.67042215184313, 117.4733255872096, -96.35002729007637, 79.83782146206643, 73.43142070088454, 46.77710043480747, -57.43449460621637, -68.71391021587685], [45.3415262655947, 2.6510953916717503, 770.8495594034107, 50.29114384567783, 50.971851935485866, -34.939755152096886, 1.6194819104197016, 70.22326127418538, -8.203549928779095, 10.40620279547017, 47.85849703694381, -36.288644549135775, 70.53631153403664, -52.60384201749324, 14.216721103789906, -60.839684867648124, 76.02053700949725, 28.28605939579117, 15.126227019486366, 112.24808831362049, -11.218403418870157, -5.504135343658778, 22.905141215305306, -87.35727530629191, 40.29989119671192, -8.828990225212213, 39.369998227008416, 124.45847439747995, -97.45964453092182, -20.82932509059365, 23.030723860746246, -8.616109995552039, -156.26750525727104, 75.37961787515192, 101.45157329831414, 121.12196793080756, 105.51534161784615, -7.27871409482932, -113.85053695042316, 10.930415494518186, -83.67572727044885, 44.583467553249655, 28.294631842206996, 14.261442703299107, -16.122174772524954, -35.63814839140272, 19.070784833274626, -3.5484571094313395, -43.31165255121902, 15.456502980193747, 52.838102266814516, -52.82569139616784, 132.04645253924812, 166.61804583525475, -90.29815970424232, -35.85155305865935, -42.85568066663945, -16.485289995139556, 33.3144902179017, -22.65239802485973, 107.74262674523892, -25.10698329713919, 10.706166087378591, -33.46739910431173, 11.47353090771138, 35.492267281695135, 36.42675881194908, 96.77742878726583, -21.79272336527586, 104.46510613896461, 27.637495623313566, 43.12936222803622, -145.7965139755759, -12.273973192747015, 77.31343962666759, 35.283187610210014, 72.01603892814849, 130.5171785060176, 10.079338998160873, -38.50434733144053, -42.18279233705026, 61.06515393146127, -53.805577279322414, -5.263875529551865, 3.3345891349212704, 34.05044381541382, -14.368872073991799, -111.6750159426088, -70.38274937205311, -56.53777466288176, 45.95657687308184, 73.52328011755532, -29.605973896127825, -1.0170946904569458, -109.57069911570409, -10.912830498243453, -33.69836292478245, 30.817216170982384, 59.44149430363631, -60.84372265658049], [173.79465509998118, 75.42687927414984, 50.29114384567783, 954.3452629035669, 21.526749435094544, 30.447916699892208, 183.01264735894898, 127.44637194960572, -90.2261269393353, 16.924283580327966, -0.5910510200309235, 87.73890209829753, -44.387515805304545, -100.56720935507583, 40.369479931922676, 29.80106874232759, 94.27895891756282, -69.7244275709415, -58.38747032257658, -12.600829023648618, 72.1813856925915, -28.754412785120458, -22.728186137440915, -62.89021825709033, -40.574597611788, -33.21438751165978, 1.0611368558711016, -66.67023880475435, 53.07121787360392, 56.37711985896318, -38.43244127087349, -144.80179734265, 19.221185403642156, 24.43004335534511, 85.73198699874715, 108.02952132902858, 128.69638162852115, 92.19183989420296, -31.083176263982445, -99.22261650277026, -83.28902565589841, 143.53707215483735, -30.637441746221768, -13.877722528300277, 140.96117772890494, 9.188798884236089, 13.22183178048245, 59.94661372133032, -43.416001385418575, 68.92490417033275, 16.719610399739246, -44.83978502450761, -8.940587112146762, 40.93319291340581, -5.43556285254623, 123.25450166858936, -85.29026102160243, 44.2186985091634, 142.92417839071456, -15.406123552525528, 67.27992038570906, 91.59655579863907, 3.506270667509722, 119.17534028987652, -96.19451161820692, -83.56051398685646, 107.40913337315997, 4.171385489241511, -143.37080307333633, 5.3389300465393825, 10.016713500134486, -57.68729150446988, 39.172044687338214, -60.76731460672953, -94.28760368627626, 32.05267019074404, 3.573260993760594, 21.722368213583795, 70.008903075714, -113.56826645959534, 125.57518085470595, 56.420949471619814, -131.199449299485, -64.56626498714184, 50.114011439071604, -69.26684331239959, 21.110584033524745, -79.0622710080579, 20.195689364673278, 5.507062484945866, 50.06746138571369, -33.380153956150714, -78.91546399345361, 104.67630600452704, 46.85982739082906, -14.00394365552414, -51.22611950773594, 12.49901750272183, -163.1284621883139, 135.2503817494737], [-20.567542444247938, 13.016377378755914, 50.971851935485866, 21.526749435094544, 600.6904923354631, 104.38659256132544, 23.784060043776023, 56.707347491981935, 0.18562958523801204, 23.560270710331093, 178.87624061205761, 126.57173565525, -124.780388045413, 1.0804761087753358, 22.604313865012244, 70.72277244497984, 40.9124438520115, -12.21346503608457, 29.35304209857845, -109.6488422172649, 43.888889431213876, -61.18887852892726, -2.063746770603748, 58.29469782048707, -42.96556718598462, 43.231122886234026, -12.075046662986718, 40.34704410851434, 56.14374677586244, -34.27104914648374, -8.418216636614927, -54.595585556060556, -105.77305583768975, 49.67665762866838, -46.594416292725846, 18.011977422514825, -62.2180038043161, 86.11569502974224, -69.82441548297238, -24.1741106600208, -73.16624021855783, 93.63007726158106, 56.13756274059567, -104.33982340177565, 101.97259230581649, -161.03938281743353, -97.64701218699639, 106.71404982445024, 47.38881452771266, -129.62144117722835, -33.54052577758279, -32.9827089612079, -3.462362335816286, -0.9238315267510075, 58.59137825815982, 40.3630897904387, 5.4138959675175, -67.40352058899862, -146.36289527734266, 132.56015005534508, -16.647027568988914, 36.30147792512489, 22.36628277569842, 170.5179417730704, 42.935254033926505, 51.03923714014673, 33.53828106457999, 58.363250975647134, 86.15052441311605, 111.78680696308761, -48.65446331453119, -5.346668684071109, -68.34928626343064, -56.68657040300724, 109.17510906302923, 67.71405559113005, 37.94433880351801, -12.214926287304639, -94.59972528279928, -54.0877478875762, 81.04156870501104, 18.756489868877615, -2.8132906288849058, 92.76184136896013, -103.42738058851715, 34.200295593628795, 11.904318190292388, 77.77444604748106, 94.4487161034284, 43.53687244613062, -34.143009792590135, 106.52157111153878, -9.578227085801062, -6.522935044877606, 68.88282918312477, 37.74001419938136, 23.342618913592727, -38.56483624633996, -5.621286807706072, -24.960684754932224], [-60.72066348557979, -21.939306362128917, -34.939755152096886, 30.447916699892208, 104.38659256132544, 840.7966316628612, 60.93938017824996, -80.80161355358963, 9.229138931369075, 72.9918661204448, 27.30289109981549, 60.361694162514006, -42.987858952198515, -61.612986528199514, -16.082688641049298, 81.32966322239928, 112.61553957781646, 29.421877637675944, -50.4877219747752, -134.91930594000164, -25.296263473680593, -33.43180791858477, -66.09045834218797, 17.444693693595383, 114.93096956435083, 59.999705850870676, -81.16455431913549, 66.4559592559934, 37.87485733339233, -21.31396784208937, -52.15090300476498, -45.383453133565055, 10.896353495234846, -67.76307059208035, -89.53367021286934, -4.655714821038719, -143.7636677877673, -44.71531439728849, -158.0940072130503, 38.9323770613208, 13.59576079544324, 87.64453261465972, 26.565474608926458, -133.71135530261756, -93.64714373453792, -7.578102264094755, -27.327475416038414, -49.339726405347285, 19.91683820885428, 130.62292356326387, 136.60919863164344, -30.11766627062316, 14.750007089431843, -37.2222114954223, 140.5136657651594, -57.08217744004739, -116.85512995587098, 37.34959815455983, -1.2383502648208002, 17.518740562575363, -6.180999535284061, -53.34548767451238, 3.6520926335565864, 137.35055019510222, 46.07010093370657, 22.476805096492285, 22.187226940374007, 90.90229064979836, -24.49785082209475, 63.784905037311724, 65.09105634950802, 107.85056999440836, 28.342589136143435, -15.688529590739666, -63.722388482805556, -17.067780613283244, -82.34764069871689, 32.302765362372035, -54.78385750668489, 2.422476011404881, -93.63096505759336, 0.2582826045774717, -52.2386556815657, -4.542383255302936, 8.717599169845183, -45.43111124147852, 26.559006666310697, -52.71062714677442, 126.1532907288273, 28.10707629639588, -75.25289956802733, 18.456238419156836, 71.22093367228987, -1.0526214280786688, 137.25112519072172, -2.2219880630275117, 6.8189749574629905, -47.86912192028308, -18.38814317582492, -42.09625038385808], [-84.41053765397456, -102.35443781257246, 1.6194819104197016, 183.01264735894898, 23.784060043776023, 60.93938017824996, 847.9918753542146, 44.03613228246219, 28.56817681196243, -5.563329856652066, -14.17267151077526, -43.91429176826212, -52.87303417526172, -59.8050511874204, 146.5128216048618, -66.96152961978672, -24.060030879147018, 72.163259943437, -53.6382876732762, 24.799329357286346, 69.75050986526784, -26.552793639816755, -85.79161535980282, 15.026088376499272, -8.836061312385644, -20.025434955552758, 70.26726751079278, -34.938285091099864, 55.94522768223737, -4.864492308041553, 66.72955107806969, 5.274572775179852, -29.83665658601422, -32.663900676396075, 11.998794902476966, 58.15727518081912, 78.68594142565411, -59.95930501243642, -4.752195997204662, 33.14292769738925, -82.8915385720869, 69.06363453201413, 49.870951173951156, 33.694490302228, -27.750250586673623, -15.992466154454226, 89.57696950056851, 113.86824655521005, -8.615172328885564, -25.455948652676863, -38.78644873325746, 21.54107445059131, -63.10381468338575, 25.678756741737477, -2.666619303631453, -80.34921170216668, 0.9330467286456664, -51.86968382565719, -47.765925351741075, -96.03433754625655, -29.832598066479722, 61.05929471908472, 122.48084206787034, 185.6056563921097, -10.241944800395228, 23.49385176204621, -109.01276884487184, -75.05733190145479, -15.49964620913444, -2.0258414061240213, -119.5771994958999, -9.851514142066824, 26.381298785215595, 72.26772972669919, 10.786171647870352, -154.17513415353682, -16.844594993727583, 186.81594059491218, 54.775229502223794, 5.110325294320852, 25.67560591289056, -35.91616094463988, 54.93479389065998, -21.75408717307967, 102.85661970777466, -33.32522661642787, 65.9731394348884, -202.57770396666064, -31.221505996824114, 83.64580747150247, -131.95321390394457, -79.92029074706534, 4.633276532418217, 11.712624457205322, 93.87542547189385, -53.93074367008446, 40.69061486663021, 4.129033117009742, 125.35552612890959, 93.84848033056596], [35.660493234959354, -0.13565271052736994, 70.22326127418538, 127.44637194960572, 56.707347491981935, -80.80161355358963, 44.03613228246219, 766.4475357363432, -15.194770458889591, -11.143227502630333, 28.542317396285547, -8.98659221564133, 65.5931252940031, 33.19280897315771, 28.847015374181186, -111.25626565720528, 116.91066859601264, -20.323590700254055, -1.3294757960226578, -20.432931565559567, 41.97808864912002, -43.569280084326984, 29.903243635451165, -31.019017873999854, -116.47659583749234, 36.38805393515726, 102.5294939803837, 32.52293610721366, 97.90127400142484, 29.65014569010003, 91.65409352345883, 52.6614610960369, -68.02947370361697, 30.793798335060856, 25.80884307952987, 3.511745889029338, 98.79105186286945, -47.278991273395214, 65.55683304722706, -1.4467297834620996, -1.9807083268013426, 75.04934142037388, -104.83217841243251, 46.58310349193532, 132.99575510811692, -128.01207765834013, 97.9382524634437, 109.18252248579462, 78.93777349155346, 30.548063826239172, 77.52528042009938, -4.651849819207167, -33.23693738126028, 159.46931348257633, -63.22958513684527, 50.68941375444546, -135.05441644025998, 1.505409183961813, 69.94664146493038, -38.4933534059296, 146.30336434577526, 61.35567874209835, -24.09069620757758, -53.5050691250418, -53.81229454994384, -77.26536823302831, 23.557237648952313, 101.86471166519037, -9.274705621789003, 62.07248754795204, 87.46085637305389, -165.67355901872492, -28.259483795361348, 30.690235400198734, 1.303209661638858, 109.33700139130445, -119.18437340492449, -11.031146501845496, -27.92460349403715, -87.48774515994258, -55.21371761695598, 74.41894280028822, 92.28037745126171, -64.56117093100956, 67.65205352009862, 37.29167019493147, 63.720027127437696, 50.35067756005063, -82.36394064906274, 55.60127549938476, -60.30188937831464, 17.10376477554715, 51.138433209118865, 14.010846394823771, -54.879950108538594, 124.46407355837837, -76.97421018523646, -103.48864881712288, 5.14718301182247, -89.76783440960753], [-12.629368805724756, 114.43618346799695, -8.203549928779095, -90.2261269393353, 0.18562958523801204, 9.229138931369075, 28.56817681196243, -15.194770458889591, 854.4372293969539, 16.38656951542832, 36.50901941649796, 173.89082343190196, -0.8988473263493434, -83.95065324571823, 2.874375244522424, -39.07091668500965, 49.957529662035334, -124.30855118370246, -11.42147545729425, -61.275016842312425, 86.69988024080622, -12.991478592048255, -104.20179168568033, -44.25513640957828, -104.28250602032263, 118.16350859733352, -35.93754424547262, -167.94782570987786, -103.39945068039782, -64.79880435037362, -4.284312939265694, 90.80086466147905, -15.255321560953329, -83.82515287082056, 93.37359370435797, 8.904389625756792, 117.06459130067688, 6.9708946658305475, -108.46088911174478, 103.20639581139989, -27.578660635210284, -34.68861393291304, -142.2816398523692, -171.08002464854482, -35.669243200669214, -37.52470750595319, -40.32007789336825, 43.23706090901818, 31.678110973260534, 97.09750757084508, 127.83504654022911, 67.00961983358535, -9.789359069081904, 15.86116780386791, 4.817954684495378, -12.568312105951497, -62.120379153685406, 70.40100251922267, -91.28351883814392, 10.346004540723959, 51.066561819725464, -185.13848258216888, -86.0571922641381, -27.310877132444904, 62.606233375809815, 57.18442792503445, -52.58851079056489, -113.02758862010035, -79.94841107427582, 81.43983795073379, -39.38194632655652, -11.988260277563132, 24.015908740598984, 84.14117511217647, 54.11613223215588, -82.91546570597514, 16.976366895839927, 4.695291807299228, 8.975940222947624, -10.623497179791322, 39.45137000186825, -33.280121247811955, -13.571913917420837, -97.33120071546382, 17.47254756588851, 23.421061094451176, -37.32781584082123, -111.12408322266566, -163.25579160250203, -82.31927201963941, -138.861234015272, 84.65777765633152, 54.863326502635, -6.662822607123148, -69.70519564250782, -43.18880279679513, 120.51032798675097, -40.76285399142973, -20.90770185864804, -183.63257814502666], [37.45632166982754, -81.44932876369995, 10.40620279547017, 16.924283580327966, 23.560270710331093, 72.9918661204448, -5.563329856652066, -11.143227502630333, 16.38656951542832, 776.9870941796964, -175.2046165537871, -102.77197566970781, -54.35972170610415, -44.96288033234803, -81.63219851106291, -92.22702935582333, 96.59059574429712, 35.70702620338812, 29.942005409003468, 50.36484392023393, 127.37862734526313, 10.708333905537588, -18.74775189708355, -3.843398702182165, -47.64497930722232, -7.935761495035194, -49.061680930875674, 91.3359753760834, -50.17671691375031, 4.886949329029507, 144.44868986588858, 50.71907968295661, 14.795813481747832, 8.238359868828093, 7.935541876095642, -90.94259634581186, -114.06083590244158, 34.00462851947396, 2.784621847001454, 40.28135678095091, -42.39019260512313, 96.82514944348765, 112.39926058339658, 3.1529314905576706, -12.947124802236633, 32.17014393126637, -58.50995255540659, -46.09911065378833, -62.007398497847525, 62.39688960010518, 87.49765468832773, -22.039426313264467, -8.581488364237414, 85.06890408873282, 94.55928547834051, 21.497542737379952, -28.32799342742675, -46.823077685392214, 88.91979130332874, 7.810413947915425, -15.874653407871874, -92.03833808730505, 59.70115402624509, -50.57901740968228, -94.16685464508983, -95.59425731018692, -42.84051128541148, 91.85429117351924, 106.58563168727301, -30.270927380929564, -112.39106194445841, 62.59702223271769, 20.004563598304202, 34.43477704320869, -62.564427029941484, -22.93233058193626, 108.25522912923988, -55.9662293439392, -42.979383674583154, 14.681114034950856, -170.69472723702123, -74.66373142415469, -21.218690447718313, 36.54685699262331, 21.28832238583392, -50.90032701259259, 40.78466428438726, 160.3476435924681, 54.352946823202835, 111.56141885293059, 29.687970982414633, -55.11261221839383, -14.920168188559211, 76.68423864750756, 205.12067262249292, -63.33594081549981, -29.09054408977531, -107.17341719051953, 100.38247941455508, 25.758842932296947], [-37.11645040916333, 87.92084374768315, 47.85849703694381, -0.5910510200309235, 178.87624061205761, 27.30289109981549, -14.17267151077526, 28.542317396285547, 36.50901941649796, -175.2046165537871, 896.809951457223, 61.87958322661557, 35.75590205332642, 41.32471569092351, -50.91458988102238, -54.94901837640731, 12.945219804276373, 76.89520410488815, -53.73790820871374, 20.463642723319392, 89.39652642234955, 25.24450988010627, -18.729091966889264, -42.15328150121168, 109.40683710188428, -31.628094683853753, 43.230579870179945, -62.02329068657077, 24.391049665935842, -77.34891518009636, -37.02390418011075, -29.622417272608658, 47.22278941856234, -34.28925995317646, 26.887214855346446, 10.972284153216988, 0.43227977775991044, -61.02161086877845, -63.34992678325394, 49.902435993300934, -32.64163974517536, 88.58812830308861, -82.08040292682021, -160.23642863818463, 1.3592366299447376, -28.637298256439053, 27.337776337340273, 104.21283849639262, 34.07902769103496, -50.94787601180623, -47.65384210496253, -29.492203751185823, -119.52953735246508, 11.738977602252165, 74.54974273562908, 104.65798702025101, 19.347354478916362, -62.83226891404249, -103.3539271340795, 27.90573310837312, 11.473491115330663, -101.12912204576598, 100.47355007553402, 54.14893980945264, 19.696195768313647, 30.86209551798724, 107.30402038519114, -100.07835631185837, 52.286659141581104, 42.28368309628273, 149.4997674800846, 1.2139365115384604, 38.12127841880675, -103.79988130486167, 32.61274726494524, 51.66132597665588, -64.65043269092789, 15.485210489267516, -235.58633016871295, -110.18054277444465, 139.77198397833394, -2.343595319326111, 59.95744809426043, 104.6550201145293, 29.069758604174872, 47.82695690220877, 82.01469428131868, 33.0383353407124, 83.38271564720763, 40.5264159673669, 49.294357222882624, 32.467999147553385, -13.901485685653693, -67.7882730890991, 56.28276706707761, 120.38040959450782, 72.20357106684209, 34.16678777290387, 25.154822009247642, -30.593437447642767], [6.754786092620109, -63.36522461876064, -36.288644549135775, 87.73890209829753, 126.57173565525, 60.361694162514006, -43.91429176826212, -8.98659221564133, 173.89082343190196, -102.77197566970781, 61.87958322661557, 825.2583034719976, -131.8229915544265, 19.179546426965288, 94.66789195058354, -10.252046468079584, 146.98381070445967, -61.92796526384131, 36.28602324507195, -75.27495648115035, -151.63593684243835, -89.02253662989453, -56.13059857948725, -62.0046286690266, -55.98434875004378, 4.903184785285879, 10.679149246735664, 75.76900673605697, 31.568204218067574, -37.03036204678142, 17.263937338865304, -26.923377124640208, -53.84280758026546, -41.37798558082744, 75.1355401597409, -2.0224052420490612, 36.23277665298094, -62.150500520239916, -82.72721589459249, 25.528778366946398, -8.127431352097823, -60.331917927430865, -100.34333985840014, 34.69307082771651, -46.363850542707034, -82.59338759895726, -111.80817571189719, -23.696768565311192, 22.60917151370015, -27.90998140443344, -85.48018382897321, 107.48863048332886, -20.719170671752703, -62.92533313396443, 30.168295859743, 179.85055060259637, -58.32818762522878, -6.595331225260198, -60.28995377717128, 83.45878754111772, -48.90256019106196, -80.6581544189716, -37.63911648592292, 82.23518095003976, 6.894753444216154, -54.87514348232482, 142.64214318756217, -80.63137825945998, -8.289430054766646, 0.49443130456847106, 75.50093552016403, 78.69287986420119, -24.640171002614345, 3.8083085611231833, 23.93850496113008, -18.008569815726695, -58.4832349656236, 79.05984326301525, -57.00440427800423, -24.21858242165907, 108.77409469018536, 71.53724334376999, 77.66086785753222, 0.7536547405434706, -167.54588459547736, -55.32278319287817, -67.7321354923731, 23.738392703742342, -56.90281657163843, -212.20418907684893, 40.91960605338198, 73.43313995286702, -109.19476032584376, 49.32000570182185, -61.39910467849689, 49.029985485874434, 104.52265139271587, -48.16090344473069, 110.78530549929026, 48.48063202845422], [26.795796759501584, 68.49448589419872, 70.53631153403664, -44.387515805304545, -124.780388045413, -42.987858952198515, -52.87303417526172, 65.5931252940031, -0.8988473263493434, -54.35972170610415, 35.75590205332642, -131.8229915544265, 778.2075453845898, 55.102125064475025, -103.41366561817159, -86.98089127273394, -71.83008492825053, 59.47059371818683, -27.06814947635952, 63.99300700379264, -57.39474493237258, 63.91109626321276, -26.93303472872204, -97.33733157087055, -24.23720987010409, 17.918143476351066, 24.38294004213583, -112.31151560666542, -17.953189626286402, 95.48369418636906, 121.85984546099711, 50.24271334640932, -69.5924866402293, 85.38577834100337, -122.81489915760298, 62.750435069640105, 40.12158593095638, -11.014705668976644, 134.08736059045998, 87.59604573361166, 29.478393787221727, 82.33967214824051, -139.15711641775027, 34.470476459204654, -75.44015101196655, -21.92213849326605, 59.9412730452223, -6.419260857608403, -101.76827639746996, 168.9042571550591, 51.88332208796453, 10.304504709151612, 143.1274165343588, -160.85099322239745, -67.10961565339682, -2.863981156637363, -16.008195282822623, -44.09082464269716, -117.36358070189083, -53.40462928296128, 17.092593957341776, 35.11769132800299, 52.46561853413128, -140.87535748163785, -2.582139422307968, 43.87946991705058, 82.74329595800928, -15.61949146763101, 88.47699505476226, -69.98318627219248, 111.18359920550512, 62.79490206840473, 63.71694127152753, -20.0250903021301, 28.030728050085543, 1.3915218058444068, 20.43094539289064, -17.87156301584123, 62.99331145503205, -69.3889975888894, -89.98867894516249, -20.158843143736163, 14.592489489889948, 139.70307530594, 92.00840012478562, -107.45699510183968, -35.09805699858771, 112.8751700196196, -214.36028912829298, 105.86777822586147, -102.05840386323528, -63.38140127227256, -4.186349792303841, 24.833845045599315, 42.47173996545849, 113.07287166374613, 36.3061257227893, 118.79182260811673, -31.06943669101592, -29.179240114713963], [-27.387150804764858, -3.7849497908268153, -52.60384201749324, -100.56720935507583, 1.0804761087753358, -61.612986528199514, -59.8050511874204, 33.19280897315771, -83.95065324571823, -44.96288033234803, 41.32471569092351, 19.179546426965288, 55.102125064475025, 781.9775050695407, -1.3803299106264006, 43.78606787278335, -151.0348877524521, 143.9928447902888, 97.76372098466841, 13.276168181953192, 56.584740859137604, 61.075179898459346, 102.57743335801582, -35.0305540887715, -64.76149047380342, 100.26384701878617, 82.45811715994245, 2.7984205541020386, 62.191326784565845, -62.82422726778015, -22.217230641337544, 80.96484963540388, -43.49085324509802, 26.585225955911017, -38.74063278473321, -47.48397679678476, 11.381840325492073, 59.98225874301113, 174.28634170702747, -105.4941147221325, -106.8291944536982, -82.44867184745945, -121.47627392897046, -1.4905046076630464, 36.17289511936662, 20.36467206477375, 110.18659086087101, -63.012965783681324, 69.00084157335374, -8.662856964231226, -97.21130602078527, -10.662466581543443, 41.71056603819677, -59.79507040238219, 107.61035923096073, 49.75341615185032, 81.33731964210256, -16.585802063382435, 110.68741745520136, -79.39755882917873, -24.314008582110972, -37.50858758717782, -107.08389321733156, 138.25140560539984, 2.9911211020347004, 5.763002715265421, -20.052400452160246, 56.41678917794753, -51.57190217873886, -101.38441275685993, 30.285650729284345, 17.427829639649925, 30.589266772329612, 7.305674162518428, 12.823496537723859, -25.091201569335638, 120.03050248630048, -108.19515558710464, -109.40583143757046, 12.863115021343985, -79.05215964774585, 163.47927856057095, -108.37778726073135, 97.87743171991558, -45.19258477970732, -1.6992217176756468, 46.71573932302852, 8.67144836299109, 8.842428667889157, 85.89357712629167, 55.45647613884833, -5.5480829402678165, 134.8666906813763, -14.360030463571203, 11.998030182962173, 55.95988776408246, 26.004582932360016, 50.48320825306104, 10.508771647239076, -62.85804125552324], [33.537263193754484, -140.89872094626116, 14.216721103789906, 40.369479931922676, 22.604313865012244, -16.082688641049298, 146.5128216048618, 28.847015374181186, 2.874375244522424, -81.63219851106291, -50.91458988102238, 94.66789195058354, -103.41366561817159, -1.3803299106264006, 615.8955279288997, 11.400315602270984, -148.3041103845153, 7.7819348149723275, 38.84515772603973, 15.714610287272222, 43.42161626434001, -16.690697127256996, -81.61602640858763, 14.061591457561127, 19.67158758918176, -0.7509424091639143, 1.9302376851105947, 153.62635758661457, 6.674166353157778, -113.31192212085128, -64.25101464433386, 36.67570417637857, 68.46355512080255, -93.99998427268044, 94.01301040035924, -48.859600269877845, 96.57248873535411, 86.38136138771861, 39.560330131184806, 0.14611541770522224, -26.60952016930271, 19.32894665109962, 26.739098620924082, 26.066825528038375, -176.37451809068128, -132.94133193423724, -41.34133161819692, -20.349162093355666, 121.14161634142513, 20.639789953763906, 77.11611272237093, 88.51951271053711, 1.1791026212199005, 27.009026946835455, 75.9673471487197, -60.82723084705175, -117.38270311076688, 27.447437783935435, 33.12989171532354, 21.341070254887732, 10.669615989287381, 40.94930793649477, 9.04361755009225, -26.188411512517373, 47.94217556410606, 42.36685071122262, -65.6469244270251, -40.304044469910274, -44.423218379375605, 60.81306904537943, 36.94492653433541, -27.73817711433536, -119.99209286177368, 173.43013560878663, 119.98471703095272, -49.834759917976534, 26.020606509990493, 101.74421146325984, 25.78591839481261, -66.02540500229101, 98.3107354155028, -45.3385121281699, 145.59134750684973, -36.69518396527843, -99.72647720638152, 51.95501018960157, 14.864826548097371, -6.971288703910979, -58.17363929474057, -57.84080124112842, 20.077363619531702, -27.753860640839488, 82.27448927119958, -42.90324823555766, 77.02510536413735, -10.176992658175386, 56.82510356066026, -37.29595554828993, -72.85439494688917, -19.09850958431867], [13.412990610170585, 40.51402097739397, -60.839684867648124, 29.80106874232759, 70.72277244497984, 81.32966322239928, -66.96152961978672, -111.25626565720528, -39.07091668500965, -92.22702935582333, -54.94901837640731, -10.252046468079584, -86.98089127273394, 43.78606787278335, 11.400315602270984, 698.2832024938997, -50.717833109114984, -34.60088527874424, -52.45673613716969, -47.129506353479734, 82.43510923522415, -83.44391848865922, 17.81501267019751, -21.863741754855262, 102.82322509497538, -6.6818314278335205, 102.00213221875029, -116.45076129320836, -0.8491500457018356, -10.327440372682066, 1.173553475787154, 42.120634891137506, 21.39500062215699, -74.3550744997304, -33.08640719503961, -33.52710048449324, -53.98561077727703, -16.776942639550295, 131.71456891191738, -65.60477470498479, 1.6875052696976363, -11.761182053248714, -23.884263500276326, -150.23315668149328, -14.11161720860723, -48.47640869197647, -28.02424298625434, -26.476714973192895, -21.33582739649414, -83.74527771372864, -51.339272956570454, 137.30353953585117, -13.132437135111834, -34.07216189856277, -13.532075604957752, -21.13096824687199, 165.51055360893764, 18.85153083854387, 155.61983848838798, 86.88092946279558, -129.69614675550233, 86.02233720973119, -10.976897957091335, 68.87675705048008, 75.8702121684714, -55.37951962120425, 9.819873194711313, 102.57806345831621, -78.71224274797756, 31.141113679231307, 37.93948799475327, 13.629426456852439, -16.261038490659548, -71.46528645583754, -113.71273668208318, 103.1221970520668, -57.33884363379795, -74.03848393180115, 109.20562198300279, -66.39627697218756, -41.89961628864852, -10.10231833754711, -36.95692978942818, -10.948929792197967, -66.48546285530668, -105.314698337204, -26.104022985010396, -62.28343785486106, -30.96165691120087, -63.788669205160716, 11.60901823430169, -20.349220719385983, -1.868461290618675, -29.013781226485367, -94.42550479799125, -71.66788669490738, 59.938178854255845, -43.42638594456896, 54.44576062802102, -54.27612700636301], [30.652649540631376, 36.34257590709146, 76.02053700949725, 94.27895891756282, 40.9124438520115, 112.61553957781646, -24.060030879147018, 116.91066859601264, 49.957529662035334, 96.59059574429712, 12.945219804276373, 146.98381070445967, -71.83008492825053, -151.0348877524521, -148.3041103845153, -50.717833109114984, 820.113164108612, 18.323407365863122, -143.93825722197064, -7.446735375035611, 103.00692279362059, -37.763568871410286, 91.80918360216519, 120.40799827154281, -140.83526668512926, -34.06734479165877, 56.07047139363216, 15.619905206512444, -60.18816839330631, 48.579806376597006, 17.879734449284495, 87.4488936406723, 15.400227799627622, -21.73487094424581, -78.65165962467889, 108.24064427733134, -25.195945321622872, -79.44574397807814, -30.163391321635487, 64.78395586796474, 56.777005570149484, 43.9431631380947, 37.170579715068754, 13.902394862832429, 151.76066081551284, -5.383938891737262, -130.5271708370377, -58.820001922562305, -75.78301271197418, -36.18650224842373, -7.527560520637955, -67.36479877898196, -50.55532948900999, 26.819952283828925, 120.76750225637879, 21.17054439249042, -55.2374926851848, -19.500823507985224, -3.8944974730426862, 112.35970038232631, -47.692053049736536, -74.97801256697092, 46.98421370488651, -38.95231068592119, -65.18228808035578, -79.66107801016793, 128.7609110800066, 10.835752223862569, 14.667979922048335, 54.303568064286104, 134.78535766402896, 57.97019817995131, -101.85420930774299, -158.5991721018469, -25.79271433165987, -75.61946371823817, -73.01486940279547, -195.817103255301, 94.66007750050089, -57.19098651879001, -82.46339686972547, -28.443960485243537, -78.7613288592294, -48.90090181604149, -4.679565521057789, -88.1130667989095, -98.90425958842256, 99.36831393146197, -74.98293903416088, -78.17399660158895, -6.555069716913316, 101.58545154012442, -77.47932571355622, 40.04795361595893, -12.813993224590144, 120.46141405010297, -9.143266562298178, -127.38618247486374, 44.5194144064395, 92.12465728159015], [-15.507376945329074, 24.785657784799785, 28.28605939579117, -69.7244275709415, -12.21346503608457, 29.421877637675944, 72.163259943437, -20.323590700254055, -124.30855118370246, 35.70702620338812, 76.89520410488815, -61.92796526384131, 59.47059371818683, 143.9928447902888, 7.7819348149723275, -34.60088527874424, 18.323407365863122, 804.1991573274278, -0.40810429264328363, 103.09549553139055, 50.37632231405913, 74.26413580888389, 84.96052698894657, -49.721307483126694, -81.92937974850682, -22.19904338982568, 53.1002611148914, -156.92918771776166, -33.393249790534796, -29.01826080746857, -71.91399778914999, 79.62169402522574, -45.25164382558645, -23.025215615080704, -35.595323988477176, 69.91854293778182, 42.366942334826575, -83.14717222136422, 112.12587197649432, -18.308473135729233, -85.92950799595806, -87.91483622705762, -22.608090513663456, 79.02478729100827, -82.13639861056883, 54.04602090303579, 35.04874057745511, -77.94285994493275, 5.950274241451065, -72.58380398306089, -119.25719026359944, -23.333465773572787, 19.702217535384214, -67.54684617796805, 39.28523450871359, 21.53530879626033, 61.35615849397042, -27.543821951236247, -39.89539393520188, -102.5924963737796, 114.02945097249086, -20.843346244729666, -81.41024858819875, -17.157261080550427, 12.96223979469694, 55.26479268777339, 131.70457854076338, 94.65732161034919, -35.76606339410598, -62.98326533842338, -8.059125220778963, 87.37136413002752, -55.59128850726238, -22.780767404761093, -35.908963187074555, -86.67831727816295, 23.90046948158713, -42.23765920413888, -7.10764098434929, -19.755741827691907, -50.428187246924956, -13.850652809257369, -2.962762883788352, 97.35452109221724, 3.1637603543350368, 37.93376935867809, -4.873220746825505, -61.95737475693988, 54.92837186523013, 90.49380286044875, 147.76516434924272, 2.4259072026715494, -1.1768090225780425, 13.341963513423748, -57.89879328783349, 13.976440553427953, -21.034432189714508, 45.450145325016024, -6.243489505783239, 72.34396356360699], [80.71848137956665, -41.04074446880947, 15.126227019486366, -58.38747032257658, 29.35304209857845, -50.4877219747752, -53.6382876732762, -1.3294757960226578, -11.42147545729425, 29.942005409003468, -53.73790820871374, 36.28602324507195, -27.06814947635952, 97.76372098466841, 38.84515772603973, -52.45673613716969, -143.93825722197064, -0.40810429264328363, 790.3480578105195, 37.15445839380038, -70.07907089702199, -0.7807791155418699, -27.48680876587682, 133.23170853550616, -76.34601779124935, 38.352398940594135, -7.749955575629957, 82.13828667598574, -62.68710239579862, -59.32879935625406, 58.47260635891703, -106.68692434427938, 0.6820578915155697, 64.08157712496212, 51.52016540449039, -116.23753627669737, 66.71845153692709, 97.17975090217602, -64.39946489941686, -71.73073700488456, -10.854326092228945, -56.34224328444569, -78.84543892991519, -67.21927029945363, 9.85891813047706, -24.355820280922426, 92.80843814716907, 22.166750513676018, 80.57497933803114, -40.598913575654855, 98.09664131223681, 95.60092442453751, 95.90703031844136, 13.484338409416514, -202.42796838575774, 16.780278954633513, 100.29596920325218, 12.829868071836362, 13.427325567436103, 80.07108576579336, 7.1640764643611865, -95.07857025525566, -74.8958823877536, 162.24710182888396, 3.336301768104076, -100.38521886624842, -47.51805480034269, 67.02961650336486, -26.772406851075704, 23.24572261889817, -43.20214457955077, -16.49368141642414, 109.13899321658317, 91.65037455113149, 85.51574591904695, 4.857689122981051, -79.85987863830006, 47.31585979557802, 16.375887878648662, 52.905599814252376, -14.740033660907619, -59.23185190278821, -27.524103959316033, 82.89121018970421, -16.773932880706255, 38.699943148360354, 25.537728220984462, 47.98514744000705, 8.299160560366493, -10.457136226695585, 49.52192703771603, 123.42062446822082, 113.9780215518313, 9.757719011900965, 22.874304333167004, -22.186597172214555, 22.50493820369576, 5.709154223242931, 83.2538135040287, -75.01576689839806], [-58.81778240701301, 139.01373568046552, 112.24808831362049, -12.600829023648618, -109.6488422172649, -134.91930594000164, 24.799329357286346, -20.432931565559567, -61.275016842312425, 50.36484392023393, 20.463642723319392, -75.27495648115035, 63.99300700379264, 13.276168181953192, 15.714610287272222, -47.129506353479734, -7.446735375035611, 103.09549553139055, 37.15445839380038, 892.2742703888181, 39.39428062580256, 49.548222181766995, -35.207323098401275, -52.402440246131505, -4.1686511249314, -67.85234612550309, 5.7214179806591945, -150.3225279092056, -11.13573521464358, 62.98915141088409, -8.836592047739522, -28.29234932978109, 148.62423695441217, -101.8895591192726, 10.656215348519352, -71.2927902370759, 11.467082528795768, 39.62109786926198, -41.761153944998014, 3.2170423510385433, 10.323436565051672, -96.67486650973571, 77.359676322846, 100.20020972312314, 13.5909798544793, -145.9225916168439, -43.799888816177706, -22.024969619793836, 12.439596911032638, -113.45914437076196, 59.91623754856117, -80.12161291617309, -0.517468459019249, -21.757438849785053, -50.880207620611344, -119.23316042832721, 75.25560544495562, 57.23889612466987, 87.48259667735263, -44.047398504410545, 132.9928679400362, -126.62049549676671, 24.040825682943844, -143.35938941681314, -45.12174943586525, -62.39072932333828, 0.47551027169046806, 100.24409787261493, -73.80957373629141, -44.5073279024416, -111.97983344611832, 15.343935418019743, -102.0732712123114, -22.46799500884928, -18.123486644183167, 36.79076266555031, 97.27974632830974, -87.23452249841557, 2.095501645685922, 40.73484284525302, 2.8140307502850863, -146.40013017970827, 145.54683168789958, -0.44577764835466915, -78.00662822599675, -22.84657740599931, 59.57891290934639, 93.92888925677383, -37.441755675617905, -6.623815228552613, -6.353915507115628, 92.39005420197185, 64.60599957449192, -4.493080653994944, 50.177907553572275, -41.503643148029816, 10.029891803121725, 114.40295525972525, 40.17485780288007, -42.07213374341545], [19.223920259395797, -7.387853555825063, -11.218403418870157, 72.1813856925915, 43.888889431213876, -25.296263473680593, 69.75050986526784, 41.97808864912002, 86.69988024080622, 127.37862734526313, 89.39652642234955, -151.63593684243