{"N": 100, "M": 7, "A": [[[743.737238991621, -40.19304470448404, -26.672136816188605, -137.27932698496042, -3.051010854322011, 70.94885929163603, -84.05052719774741, -59.893230690152336, 26.193454671452006, 4.669276815401045, -35.733625976765076, -11.595670248028702, 6.954847458523243, -19.71900934150765, 96.0703720608783, -13.893571718685395, -66.8063611001537, 85.86029052014537, -9.546323825364537, 105.50911792764362, 18.083237154990364, -63.03596284776346, 36.43768756929181, -85.15199174318224, 109.74631726987201, 30.273473153214017, -30.36125868576773, 63.13176965267315, 58.432131005325516, 31.200940721129086, -62.172234615703346, 150.24538351269533, 29.7273052353502, -71.72769413577917, 5.860405474907278, 134.83597812895607, 46.31084571803931, 50.88334542754142, -39.46768461484643, 8.413879489967739, 34.64244502925115, -159.10688553844773, -23.760345130790206, 59.17990605967574, 8.773274343770925, 94.7191031740238, 63.91770391841069, 122.45728182842984, 55.03794728303107, -57.16285516672881, -39.90440054904476, 12.518745928301874, 68.27378086833104, 101.02160591385055, 52.03491530614018, -58.863339222490666, 80.01187400318199, -28.486372667217296, -2.5764047939365176, -18.894363540969646, -22.503338863594323, -76.23814058490476, -9.116244045843214, -59.535524834999094, -41.274385415871315, -27.936189264579387, 16.494313605014913, -11.666536094283135, 56.745404997424984, -23.634583703556803, -57.59173113710734, 34.1093302639008, 45.325957616869815, 195.63491613466678, -91.82880371392754, -23.73980447283424, 108.1000351235765, 40.70730130824891, 11.74629573511276, 62.32615656466759, 85.28123395878681, 9.032718204710179, 146.63309446193284, -33.9972235847292, 66.33369829136251, 102.74075999382879, -42.425665849192086, -46.539370665063586, 180.85676866761295, -7.881349605536012, 18.38895465099217, 19.170853565242293, -77.81191693699358, -37.06612332931454, -30.684268971146714, 47.31733929496892, -96.0603563880795, 56.27873041929756, 10.214635685972926, -96.70352660205563], [-40.19304470448404, 785.9638839821771, -101.96920750813801, -34.40241894484755, 41.734865855777194, -25.78735817286194, 7.8038096287609475, -40.367616327890104, -4.965209387575714, 9.421549789929728, -31.20881790335225, -111.47293560306315, -27.65019723147705, -115.2135288637791, 56.29753959351846, 57.969145094654266, 68.14067436472826, -41.89823019288967, -116.11655015527, -56.75366954973882, -27.76698516543454, -4.148758843324354, -9.444183091129993, -23.919531253547838, 38.50440116388693, -38.17858994063407, -6.653847033549345, -86.27627188161024, 47.83134194284016, -115.92847458884847, 96.68082470637464, 11.45499141819452, 17.390940057446244, 15.928351314830884, -13.239854356402063, -7.340163147651098, -152.5931009358606, -1.271503755168992, -68.61703205837955, 30.091438896403403, -150.5886321725313, 6.23292785748688, 16.420919721830217, 17.75536840476113, 42.79783249274659, 27.30988132550188, 42.1916871398811, -48.192695657433, -44.91656136259182, -21.450722636072364, -106.05009686149796, 24.596206842612187, -25.85496338555518, -3.1875399138626075, 109.07766807489469, -103.22607615453182, -160.04992211942564, -99.26054921245426, 51.67794475690478, -120.50677819029053, 8.299715017587149, 1.3326137738651798, -39.54426260803785, 114.25717797430481, -58.801867725638935, 69.17271827753521, 137.25800005727532, 67.67008021867692, -25.119819715469113, 43.59416428893283, 75.2404771911472, 32.613682538509636, -103.66624983249348, -63.443351926339055, -127.37309039891218, 16.160432310860354, -52.14260141235101, -95.46893248835156, 67.25366781835106, -20.099742403543875, 18.72396340685212, 53.43313001118606, -88.66477397369653, -46.95793538202973, 32.01133139170443, 18.72906697067258, -47.01595368501734, -30.777215287131984, -67.59435049016083, 60.85494521894961, -84.67977358370482, 45.95591853018996, 51.73869879623818, 78.77295517639656, -35.34247292046135, -7.802718682747283, -78.23440554250824, -82.82912686198874, 52.080090848563515, -92.18995978323419], [-26.672136816188605, -101.96920750813801, 672.7309761045694, -63.88885011491515, -57.19902590103379, -21.988521021975828, -4.0537266093683595, -1.4302471044838965, -30.5500933102811, 27.916905539677106, 4.879434993880929, 11.495055498871057, 70.36749480474361, 130.9440089428966, -41.51244730888006, -78.43506076567974, -40.04616940009985, -77.33545134549787, 15.731960190473432, 117.01857795293354, -33.25366807033047, 25.246686448908097, 76.90438896670146, -34.774096649759166, -23.61070338600908, 15.840259856764215, 70.11447437598436, 52.85964365743334, 32.47534738794092, -11.16551977183734, 97.46918930502535, -56.571678137580165, 14.788163282084291, 29.602358204695975, -55.589943891542234, -40.27969738930024, 23.11637548702448, 48.26445274884974, 28.651509140579364, 50.9479167240542, -23.05089031024679, 44.651660940921715, 64.15703112487995, 29.499182228925466, -43.73056852257998, 43.61604895822683, -37.322277911258816, -47.88305894956951, 31.63300133214842, 88.57365265264987, 101.5813499320238, 135.1351037089175, 16.026349496549518, 130.9678938313283, 142.06727627445474, -35.04247742269547, 15.83894588549936, -1.3987755010069594, 29.829281914116883, -52.29483193929679, 32.25820393224335, 108.4001735360069, -3.2859506920013897, -46.12710295277679, -32.44852178484258, 98.14652070637729, 77.94266928042504, -57.10297988853706, -14.17500326338624, -50.24418374498874, 107.23425892861779, -6.277556388367103, -57.53750825936295, 71.46820339690436, 11.428711850178598, -1.4155493444150176, -93.9323279430032, -28.437743299993674, 20.62093374962839, -21.29996453852759, 100.18778148646216, 166.06044657981116, -55.4240133021857, 31.148471745303443, 17.874037090183286, 5.45508938587589, -69.65456016790112, 2.950019874515596, -161.26525448217112, -131.27121680103872, -0.5657835914395555, 55.58891470566446, -32.310184105603255, -42.370353660779855, -83.10710189731634, 65.7214591761717, 44.151518113454586, -96.80257986968573, -105.66048354108433, 65.78368250492338], [-137.27932698496042, -34.40241894484755, -63.88885011491515, 922.8730378276668, 142.67059714422368, 26.387637283920863, 52.34986831004982, -157.5890979270053, 104.48864570755099, -144.1201654491021, -2.714192869611151, -20.60659974081327, 41.737822103806224, 45.33438117839355, 32.23313107839742, 133.0161122016121, -122.63169610064783, 174.35199450177632, -117.1701912344014, -60.7797459053174, -116.85370650752901, 97.37023352127302, 23.327752069285225, 134.71516106900276, -114.80108983255504, -38.64908121370582, 25.468813047927995, 69.87631056807625, -169.3061819539694, 48.189396323807365, -46.749854413947084, -144.48767151101993, -51.117791225853196, 22.920095155832826, 79.9815465039332, -91.20117063665285, -85.39115776120552, -90.84239819945897, -115.25943300204715, -83.37118350294776, 131.32700558160337, -85.08480258438084, -63.82129061221888, 15.98930571548479, 82.84388610112961, 56.96661326332368, 13.968497463820036, -52.005012299514476, -24.07155669762889, 87.99973277502814, 43.69240370075054, -90.49225349779302, -52.555837753291065, -56.58444596415239, 56.35719086197329, -39.123032987279835, -5.986265319760886, -37.64909106231689, -74.28269214757742, 96.43454549766362, -32.39816338623774, -31.607134285943285, -40.785670983386574, -19.189270837053623, 8.56124914250319, 148.814656271881, 97.98429664220149, 64.21164415170865, 52.46448443007019, 136.29602546087213, 34.680329580814025, 28.756335125625462, 46.191124807888706, -79.1464373609062, 14.640060345269688, -79.24190484409512, -33.36218385093178, 13.790079829026544, 23.42977417413246, -1.0380974421000067, -77.46150397970024, 117.59560265583494, -87.77932032304388, 192.15115363606597, 186.17981149066193, -138.8710089018374, -60.75258637115507, 62.43708478353939, 8.428154540711393, -23.98800664639632, -45.82467264388734, 29.702384717213707, -35.47511888958251, -83.2829750953146, 9.148330658309657, 3.7503558151011447, -39.9985610083552, 36.86941468560841, -52.05038198607231, 22.634549953814183], [-3.051010854322011, 41.734865855777194, -57.19902590103379, 142.67059714422368, 643.1971073856674, 8.9729531595753, -10.198844914351314, 31.09464483134602, -44.439838845879905, -45.64973057125479, -43.90440491592116, -6.70322890272471, 61.90056899304497, -32.74488124590722, 52.525029508756994, 20.41363516080384, 11.534066137452458, 41.99534318674109, -114.47194523956951, -84.77039894440608, 87.09270674221105, 31.413436034617437, 19.518975973551736, -23.847232893862678, -141.34539899219837, 11.50170903425152, -13.900607611584915, 38.55930744097614, -35.5732486309336, -20.294214670585454, -25.479497694844248, -147.31591899209536, 3.6722696022954873, -33.88782666619877, 53.08914068108961, -14.919662950746366, -17.288673917509016, 3.965170803352682, -6.726115626566946, -52.198841881020165, 39.54790007545545, 1.4990727384709348, -42.036638360757316, -110.86968977928913, 16.629157138318824, 101.01471757699981, -78.97697329522386, -43.31819198874858, -56.151009125236904, -45.205500405861585, 44.80441229435676, -107.43410478183232, -22.100919834121505, -10.2073453343622, 2.016727730706897, 20.271068230170574, -9.458617828783247, 47.22432678548986, 33.333169871519466, -89.89192491555774, -46.31689329125352, -3.1416808700385443, -71.91927106985322, -42.741770348052334, -68.76348828428625, -54.06003271084348, -3.969304162583266, 89.16258701609743, -123.83850973199239, -10.02679882720981, -104.739291628524, -56.010466184031685, -74.85570319919817, 45.738695524949804, 44.45028513641575, 83.26690297041189, -93.0891209305389, 100.38418366665886, -93.67168850077836, 19.32765185961621, -40.93890880411031, -104.70053161318795, -28.75445900658816, 3.795005595757095, 67.55800805123218, 52.33582313788658, -45.96901002498391, 56.95023307017755, 27.29213569939988, 184.9080476144753, -68.16889911379998, -128.80113086076383, 41.97299154996372, 57.79274758273517, -58.07520948887561, -45.88444338838061, -48.13289763331697, 63.522808689385776, 117.08767770885417, -43.60125503895228], [70.94885929163603, -25.78735817286194, -21.988521021975828, 26.387637283920863, 8.9729531595753, 664.3744463612678, -30.030696980489324, -144.64435237344827, 102.77070005018942, 17.48452039763545, 43.34276663507541, -61.520065211255854, -34.88306070406781, 135.44144362571328, 113.54122021069134, 24.86627281399516, -81.26807246315545, 66.23470067148372, 10.676551327106187, -27.370424504675654, 34.23497650559401, 30.057887349216095, -81.93362848509193, -23.122888956473346, -77.84047442354749, 81.09992797868222, 22.463690982529524, -87.36641330714784, -37.302472968033946, 31.184094872543433, -163.5181467035656, 64.42632576933256, 26.2919618326978, -26.808463537181957, -61.430117479022165, -22.230421712811864, 12.275623958554045, -111.32795781100528, -73.26165362260221, -130.02585057850163, -143.89814128092516, -26.770204770095503, -62.106585390517246, 0.16365476159560088, 54.84862526244368, 57.66403499607455, 65.76130505907564, -0.6762135679219305, -47.692937209267214, 29.935414208826256, -130.66938187865463, -124.08152989768126, -46.66746413273482, -5.017997240982221, 67.57876227237459, 18.3781778771815, 24.859373557731715, 66.41940188998318, -92.47762843766735, -12.090352796893864, 20.72126862846845, 1.870009855808439, -16.393073575513636, -32.005296195017365, 11.76737434706483, 17.1813555732471, -124.99062017031976, 103.92206010868718, -60.5805667823804, -34.93683182261178, -6.225055416642573, 92.22895537352218, -73.26791740733334, 100.83735161567034, 0.0295968191505224, 32.16513882327864, -62.39016168892872, -43.513532002810265, 84.50200731311689, 44.47517123113818, 39.98650503169776, 57.75049915729101, 61.73608391671222, -44.9955980344686, -46.6789858046413, 13.501106725175655, 13.625366410982009, 126.0855797123466, 50.99779766290648, 40.06876768248688, 69.86396662926728, -11.034431977869824, 21.276291771615377, 8.74275152909245, 88.31945049222632, 31.93712787072521, -30.378495794774416, -28.087954521852495, 14.520868050449966, -23.457467843316042], [-84.05052719774741, 7.8038096287609475, -4.0537266093683595, 52.34986831004982, -10.198844914351314, -30.030696980489324, 706.9970071689867, -45.89440759348706, -82.22816372058267, -40.885778099766384, -127.99509488616124, 68.67433930811914, -73.45125588650325, 33.31258833034961, -19.757755055591925, -30.722484051489978, -78.60623385337422, 129.36597910443484, 88.24391019132577, 29.59440545572846, -110.14556675800429, 84.5038679888302, 16.864064362902933, 2.149314456860072, 11.069456028110807, -18.99698697965887, 1.4752148971172552, 55.13894064575122, -50.86160531308627, -55.149221357698, 67.67916439185966, -23.548698388381517, 42.47120314836384, 18.364129460269123, -92.62681238885632, -93.78912781056071, -11.722589575578699, -93.94083325145094, 30.363791698176996, -60.311754420001726, -57.3693466179656, 78.7509380619175, 62.571912505041574, 34.71864540141785, -78.0088749827441, -5.6630093097612635, -41.2920418996267, -60.29931527130738, -80.8987845516817, 40.3403746299632, -113.36392264603357, 102.37571725515323, 153.21412944351573, -44.47801433378668, 73.74778514067971, 19.940617802955707, -83.02565846818456, 10.842198201043583, 38.10231173823943, 26.620218909306594, -41.318221730145666, 9.400150112529733, 16.12603007032575, 16.71452185454259, 32.02064246289921, -78.17673931184629, 119.01737434617239, 20.779114995226376, 106.68395941877588, 70.03485393705428, 48.40470704962059, -39.365153262201495, 37.67468968675322, 60.174746142127674, -78.80158243329392, -17.739011370551406, -12.073945932556924, 64.5491494635515, 41.58929586475201, -115.51279426044225, 52.57337037248709, -100.23347649451222, -110.82349304162953, -168.88456134340132, -60.29244849952487, 45.28397392795284, -44.40901293191179, 118.08782098623554, -10.250779490747686, -9.79366530873191, -37.74187343154404, -72.88850836263373, -47.99304055615048, -48.54897034477904, -6.046499841418929, -92.914540226946, 34.876726689078104, 94.71529832224046, -89.21411161902026, -66.47466629189111], [-59.893230690152336, -40.367616327890104, -1.4302471044838965, -157.5890979270053, 31.09464483134602, -144.64435237344827, -45.89440759348706, 639.7223273135253, -67.03753749848539, 4.289670365828442, 88.68076705831278, 17.847367045452412, 14.810164532933456, -25.71778507998604, -14.126821688887818, -51.30626121494149, 79.2688892324371, -17.34414119320101, 55.61128457316769, -24.13603450014244, 67.62770192802603, 30.435998275969222, -82.78990850249491, -17.194747680601136, 5.971182434880954, 13.778559290304306, -8.689291586983428, 23.43701395434219, -12.58504318919702, -20.786394186051226, -8.889776472579024, -94.80396756911178, 46.73468160362537, 7.846440278437675, 7.403943944023281, 137.04144723847816, 64.67931146763584, 65.96060394959174, 45.964568057327625, 53.47675994205099, -59.51562001769411, 99.69764836507848, 30.388541972130415, 8.105561474237396, 30.20927467256213, -79.01546649241618, -198.45674176742347, -43.3379231319568, 59.82888910278424, 135.76920156442594, 52.21704790830155, -55.20134050876536, 22.090427971986454, -70.68482627658038, 34.66323707754483, -46.73562588127552, -78.0669617520688, -50.1295095125684, 25.741222044228294, -61.34788501874082, 35.3804280032134, -14.487032882529684, -28.805776889250733, -55.116191023583596, -5.692854191354479, -70.93911881031444, -40.50666664347798, -0.10529137503494275, -19.955479559041258, -69.23767357963963, -121.81039560321878, -54.72142052457714, -54.214999202508686, -55.05741408177369, 41.463969933860454, 39.357537149906314, 20.070833274961764, 5.212669468485369, 10.022688830560465, 14.162673795075111, 70.086494349631, -109.29757697671, -11.251332630742365, 46.52417447353199, -93.93569557079795, 53.043573446008615, 15.542565121198889, -157.7021946730773, -13.793381999089341, -68.80819230653842, 101.19527790489721, -33.819113858671756, -0.1386606712114277, 37.13192792428997, -62.44662772165013, 64.38330301104185, 52.253343599239905, -43.57133678765676, 8.604795398226573, 8.49073884705412], [26.193454671452006, -4.965209387575714, -30.5500933102811, 104.48864570755099, -44.439838845879905, 102.77070005018942, -82.22816372058267, -67.03753749848539, 889.5292084121112, -21.321959887374792, -51.58471375438906, 51.86695091316826, 63.55704307494949, -75.80300765508223, 162.52637962423907, 32.91114058379977, 52.17121114068857, 61.300028252485035, 81.42293195727476, -43.7034148670608, 60.253148983944946, -112.150779154261, 114.7373246343935, 37.36532001894632, 7.122420992338125, 76.15539757805097, -22.93854089405691, 11.144084417480306, 39.85392681648104, -60.092876036449425, -64.43054948027222, 38.959551396098924, 82.80928060446477, -5.279946383832017, 27.05731241331076, 96.33260891249688, -92.04825193333131, -19.47254667941188, 52.33688503929951, 37.64688499982, 32.00723526652996, 117.23414912243153, -10.317522345690374, 24.791168212712982, 131.09324083866042, 106.86945428880257, 25.67317921060396, 94.91269317551323, -34.811279352674525, -11.550318118584128, -64.20336298430665, 34.725383645508366, -59.24461308292703, 64.0416768832371, -23.06586155292584, -13.685766961655665, 50.052586916842884, 124.32815428777805, 137.43398819930673, -49.73365455739188, 89.35106949465974, -149.62761004044322, 14.705991617158828, -26.66165596617505, 61.44655749696882, 64.7758260713565, -43.070059546009546, 156.77756690709742, 45.86968882847663, -25.45621379789942, 119.54069930019178, -55.833616298040326, 29.20290205981827, 54.758648084832636, -95.64348253308636, -54.636719823793094, -123.53857013651528, -47.97508773029985, 65.1120393507592, 134.66417127727019, -20.21503100430434, -31.149905601923447, 89.97322194267043, -50.76200291998818, 110.4013826652868, -34.307233782109506, 66.90445128158348, -74.68573392742377, -13.451188938165846, -0.08516786859192452, -9.07351926570314, -23.536526861385845, -20.9204960674495, -24.083134568968354, 5.669793420143385, -84.30925076531513, 9.198918048300476, -51.21238855028095, -37.851986251083325, -21.49194790623679], [4.669276815401045, 9.421549789929728, 27.916905539677106, -144.1201654491021, -45.64973057125479, 17.48452039763545, -40.885778099766384, 4.289670365828442, -21.321959887374792, 707.8598757544429, -70.8311993769628, 83.6973099280067, 52.830961943393135, 50.637732269707385, -1.1444264990318858, -32.5101426817362, 67.77273645133991, -59.65734980291242, -13.105177951795174, 24.1381032095461, -76.49081481146557, -4.3881002633306085, 6.657124462790049, 91.18260985993807, -92.14525464769582, -74.4312477055906, -6.987808132389176, -67.24098003646706, 139.11065153605435, -58.07494272217479, -9.310516962418976, 19.39013418132172, -151.47440967118033, -61.96590875699008, -6.356084520566426, -26.295408749438316, 42.11993794529448, 101.29142263933713, 35.08668278922735, 6.41639343197825, -31.113477072986168, 76.58802547448389, -75.3921120178731, 108.6993861017927, 52.23505857511382, -131.0216922058449, 129.8273521881488, 107.56943666249659, -93.37576557333321, -84.11265657158918, 23.496078144337, 0.841949252359829, 82.8365802238093, -39.163685600096414, -76.57247372007737, -54.06228070486566, -106.74651583282233, -1.3243305900395923, 116.83389263325955, 2.0274639384596806, -25.559499130359455, 14.633371038301346, 36.60592190404222, -25.884927382878036, -23.549186789994756, 23.930746882130027, -145.81981791972044, 42.159429966497, -105.88903348865293, -70.25688384767868, 40.35131567990398, -55.75619637840906, 102.81095245293997, -96.9492941482526, 78.12484285320916, -41.85184017098118, -82.5804703430543, -39.83877762105846, -165.05547621259566, 23.721403509488713, -5.205182197565903, 84.92961617554712, -31.269159065444278, -17.062283845744535, -83.06840011994446, 57.17621327062876, -17.70737415566101, 80.29662032027285, 113.93125984217544, -180.12516652373736, 1.2877367783891265, -31.471482486899706, 34.395182191712664, 32.12731910283288, 100.67022697757719, 47.12181151391356, 42.99347397879548, -66.07062853035151, -65.06429222928767, 88.24926445297854], [-35.733625976765076, -31.20881790335225, 4.879434993880929, -2.714192869611151, -43.90440491592116, 43.34276663507541, -127.99509488616124, 88.68076705831278, -51.58471375438906, -70.8311993769628, 746.2662106983819, -5.273940988433773, -76.35361613316562, 69.55635373573774, -30.33608242346455, -70.34740305728029, 46.06779970470763, -28.832948602327775, -65.39637260058362, 102.74162422513103, 132.92518734392885, -31.655431056286226, -140.61271467744064, 115.97356389640775, 102.24911748401857, 29.71650710182041, -49.75484222472022, -38.85221863061916, 27.121183313846124, 108.41233925853359, 13.884370693894853, 135.6313459369368, -91.51753440823802, -50.55418946723648, -57.18806732716966, 88.61767835929099, 37.40026242991549, 15.919344320714865, 26.502582389865143, -22.424360230366702, -43.85212127497044, -49.836697749079285, 2.224043667321689, -92.80065666819486, 80.95981119986415, 109.5706604617778, 85.91688207330179, -113.59050168824989, 74.39992035012341, 26.934281126674918, -2.792260105670725, -113.46024382557448, -106.1114175781999, 6.140855234217393, -36.755756652976025, 49.31710779244372, 21.743946973246413, 20.579390142280207, -77.38851135123016, 79.62140181733683, 39.7920575676151, 7.613251813923524, 14.463223417393088, 40.37279062238658, 53.34031277434866, -3.413078623062329, -58.26182256178458, -22.17211655761126, -33.71556151482377, 3.8064797423936487, -17.160836215374115, 83.63522753192716, -53.2867425212192, 29.074026730212577, 61.92029687218224, 60.55409283966702, 141.15378248064056, 52.600009008962736, 140.52505925200094, -34.31489373364401, 56.968562802175455, -27.742992209956824, 79.07577348405542, 94.6969070588473, 62.96552317711452, -73.98316992927272, 86.35153622124555, -104.35612985262486, 33.16673921330493, 18.17483158484882, 27.936062134158348, 170.18059147492613, 44.251378632753244, -29.097669266521923, 42.828320232696974, 220.72211319335884, -87.53746508789396, -37.05057564872789, 54.47573846001703, 71.21355805555419], [-11.595670248028702, -111.47293560306315, 11.495055498871057, -20.60659974081327, -6.70322890272471, -61.520065211255854, 68.67433930811914, 17.847367045452412, 51.86695091316826, 83.6973099280067, -5.273940988433773, 797.3606978845053, -12.7857649282454, -17.343498436034835, 12.307624798438683, -15.045710822094552, -74.54209110965813, -56.40817375553203, 20.514186552003718, 26.30643039995736, -124.14673837054303, 3.9509756801499054, 16.124834459897134, 70.42509581605137, -7.3097589457959185, -125.48505523968903, -66.88466376129885, 79.52575914171207, -58.995628467918095, -5.791868204316636, 13.381770425512817, 3.885635400731073, 60.728430949205766, -4.495098995940244, 58.295169838851024, 150.48512358218028, 18.292352410241623, 6.2914241781227185, 124.60005963680135, 96.56762590003066, 10.62578784606327, 6.263463745728218, -75.94528272166215, -54.15704655861755, -99.19278855903057, -44.156990224661186, -56.92543288148552, -137.39563818115803, 30.001798831191532, -83.5163196373151, 35.23915692149521, 45.66733568988025, -10.856053495793756, 54.28233271130044, -8.19968148072981, -1.4936990882678105, -32.59935625555024, -9.743002288774672, 55.58952331170909, -59.5548796115376, -60.142700533216846, 10.664746347658637, 221.02097930214725, -57.828654991389094, 96.0173382397576, -11.289578416339008, -56.50707378595008, 34.244658934620816, 1.596285927817748, 34.80565070948819, -41.283136362670604, 14.567927692554859, 169.82581888356643, -17.076222955380317, -23.569417610488262, 14.42811369527112, -12.580288696000895, -87.62583481568205, -24.02221735977951, -53.04961797520757, -27.87508562120683, 8.686189398611486, -54.65476726311728, 70.77372175377698, -37.781122537889864, -18.70242677427795, 31.771049994791, 29.485791064599603, -48.791105965394806, -105.94707035457812, 6.975321292070409, 31.22495949967249, -63.71381164794254, 70.79319176647041, 135.93725737427644, 69.70801199029202, 28.866492208329255, 133.67176494792395, 30.615330383530004, 17.106630348934623], [6.954847458523243, -27.65019723147705, 70.36749480474361, 41.737822103806224, 61.90056899304497, -34.88306070406781, -73.45125588650325, 14.810164532933456, 63.55704307494949, 52.830961943393135, -76.35361613316562, -12.7857649282454, 672.1208473386722, 15.058658018334553, 33.34365690976839, -80.55884901403672, 0.43932036634754357, -93.3477522940845, 8.553593543120353, 9.901254736267568, 45.575527195648995, -94.41520852518822, 41.82709274255962, 81.90473239076582, -105.79742517703419, 8.734281626537676, 69.94991267421901, 65.85603346945571, -54.7804324943368, 45.859784785991536, -32.87802479872312, 87.71117955318381, -41.02985513036806, 94.62154469783955, 28.135758450798235, -29.421307477744556, -89.24474801430951, -70.49534434654089, -28.045021202685554, 17.63749513252518, 28.92962630144059, -17.439079106005256, 95.73580107274871, 94.3274735885639, -75.3463372984605, 101.57716117500458, 65.37225431551667, 17.1861666511867, 64.64150516184796, -97.78929616524408, 99.69337133734899, 14.267722403123253, -24.929454974866022, 170.79059367884662, 20.130595053572872, -105.90052668712754, 58.668318797162776, -2.8424506382385224, 173.5826196195605, 8.869063500738617, -38.19311000001347, -13.15659134527221, -11.961798623028587, -74.30654340019944, -92.44377966847543, -23.107624970797023, 27.00415782393027, -19.29589481896381, 33.8812012618668, -80.62187228140935, -11.55294484247707, 99.08281786304183, -70.84160240343454, 10.24305352212444, -43.60819183660364, 12.075023254475688, -33.16471927650317, -37.20620476855501, -55.60472115260888, -7.952286091164787, -134.72036243185232, 19.07673447319595, 55.42424575403388, -10.239559626920174, -51.474052056608734, -85.21394355671855, -18.966310720475505, 55.82959184616613, -26.615719936731516, -2.5043075062324576, 10.817414151305424, 93.84984014939295, -35.98091205307748, 66.75924406365539, -93.00092949902756, -80.65375258715635, 108.89052082326168, -32.9142289699965, -82.05198934240673, -62.88027766056122], [-19.71900934150765, -115.2135288637791, 130.9440089428966, 45.33438117839355, -32.74488124590722, 135.44144362571328, 33.31258833034961, -25.71778507998604, -75.80300765508223, 50.637732269707385, 69.55635373573774, -17.343498436034835, 15.058658018334553, 881.014849616736, 25.963348950642573, -11.427753351308155, -43.61975480826581, -18.984676954735303, 14.43772909561313, 35.866503473920915, -59.376091372972276, 17.545554609306894, -81.81004018779034, -52.784246415474264, -2.132072050592047, 6.55525366347058, 73.7055304294386, -89.56234939683154, 7.6457704564964555, -53.31029221148445, 33.43062393104695, 2.9045509200210446, -87.09949021342915, 8.723418725282245, -167.7735139755533, -91.22119967970427, 37.199548554850246, -97.48874428568963, -66.66536760397473, -216.92706001543726, 21.777725242666786, -47.32286623253843, -15.692324595777379, -30.073476757267706, 108.90892485105141, 129.2917102340745, -65.582246386501, 37.06132227941221, 35.612946328255276, -98.2183095669858, -3.3648687056878557, -21.024597556993402, 64.2953599949052, -76.13700021423585, 22.686590349846007, -40.016870773592196, 116.29935544702705, -3.208141492557528, -189.22825136153477, -36.47724795111607, 101.90831403964164, 18.645053927240685, -27.306008660295923, -188.9717487178341, -1.1594132718741932, 24.40777696107616, -22.59100327711956, -87.47896037207413, 44.66325030090699, -35.000612013175264, -90.12739549788705, 12.894803128753711, -84.31725774006001, 50.45569624292021, -28.411916408092676, 86.04588260567732, -156.0005039383495, -5.570435554545231, -79.11913035784394, 119.01045260422275, -40.85175342505977, 117.0724193692287, -160.35382782577688, -68.02783340279815, -22.950735843129827, -21.073790949960095, -53.67613293741098, 130.41049770393272, 12.9845802391878, -7.727860263388907, 0.6317798917562574, 49.53187255787496, -131.09320508275638, -60.74306546255209, -134.42851510266132, 43.06910549961868, -16.666224664242637, -12.929015827999432, -24.87724723885579, -24.159938366458615], [96.0703720608783, 56.29753959351846, -41.51244730888006, 32.23313107839742, 52.525029508756994, 113.54122021069134, -19.757755055591925, -14.126821688887818, 162.52637962423907, -1.1444264990318858, -30.33608242346455, 12.307624798438683, 33.34365690976839, 25.963348950642573, 905.2268562317122, 70.33115556997022, 122.53024977152852, -16.658154933622715, 156.07693179993686, -100.1845488274221, -19.045692438080255, -194.52936573590216, 42.41858532619712, 44.320687486131156, -33.20658233624216, -0.18618955905950746, 106.10252109038765, 34.691812103691696, -50.09867789116493, 70.81179783550562, 49.487273866245225, 13.440122233860349, 26.809228497692754, -8.770148468501747, 23.86304566078744, -3.8814367960948655, -31.369789819934084, -108.82406927666075, -117.02381735649068, 41.47927927301342, -26.44471481639054, -28.870573575416618, -119.27350998770511, 75.51726250355574, 140.18471450225687, 3.04919968549864, 23.305234500096116, 91.25888675235124, -3.0698878376773506, 26.4253258107274, -8.70963161596, -21.725970542173272, -43.83498533317563, 35.34870183285402, 101.1424406153791, -7.0745342604509736, -63.0814049698282, -50.3827248937696, 2.7219569768123995, 8.087426242687373, 117.78761256525351, -79.89825772950236, 128.93043181963543, -28.87275885452897, -42.03281786460624, -62.98615413784187, -220.82783025402384, 99.4533445267952, -79.74481351906923, -41.140160290674665, -116.09476139629857, -120.0645087558713, -27.539584049701865, 2.2573188109669164, -60.66405546281275, -86.55419349583937, -47.133337707682045, -28.688931102895275, 25.25959229730059, 22.581040667411706, 45.7254227026866, -19.5964754999175, 29.991247231129197, -10.939723697027, 67.88759409832176, -30.740240506677345, -27.49021440178329, 123.88836013390627, 98.56234907644699, 57.169495975697075, 55.84981760339246, 93.7938936882427, 69.69486840519019, 37.638137088557244, -48.64122576435646, -113.32210141666133, -4.861841043155693, 20.92305360769099, -2.703766191406354, -25.957616099536807], [-13.893571718685395, 57.969145094654266, -78.43506076567974, 133.0161122016121, 20.41363516080384, 24.86627281399516, -30.722484051489978, -51.30626121494149, 32.91114058379977, -32.5101426817362, -70.34740305728029, -15.045710822094552, -80.55884901403672, -11.427753351308155, 70.33115556997022, 761.5185311113286, -42.53617225297647, 41.74736201163177, 36.77770098390454, 50.59618477004166, 52.053125339969995, -14.760537971326734, -59.944946708412594, -51.16098563520958, 36.37001278130492, -22.364731947809677, 41.631350898805046, 11.781753874160424, -19.234440834570233, 25.670250996205358, -8.743067571375017, -103.45055054621564, -63.87223846533431, 62.30450198703518, 82.94913940856283, 8.833774978829096, -89.83275518680179, 8.2486268193178, -43.99694809315144, -96.11052471996322, -82.76987160499093, -7.879356134592397, -106.75705948350152, -13.560353800310317, 72.01278492066895, 39.33489402479311, -72.27308003567073, -97.70737351768008, -69.80129799255963, -93.88586364080263, 20.974513980535292, 21.489164035513667, 96.0425795612443, -55.35554226424162, -19.014032741048982, -69.16038451743269, 64.14457957836056, -13.171107778064282, 5.187981798887656, 16.612185258235964, -63.47258006224325, -9.143269021245443, -68.37563800363807, -70.57465307143666, -176.07777042807146, -45.89210924191885, -97.88613688025555, 132.48140837265814, 52.33265592899385, 136.5168667703004, -82.52951781149434, 1.2801527573592304, -72.08705777664443, 55.62741957114224, -109.42087007287942, -87.6952488494537, 66.08269549994235, -78.10215114497556, 148.01284650390298, 2.6925507648380242, -35.07754765668268, 49.30511744808014, -4.423674686880986, 25.88810895324278, 11.74247770823878, 93.6607661709678, 72.9630436828276, 26.628495360045378, 4.735824740727286, -61.75043877612773, -33.437058240063244, -122.3040156708833, 102.59783657058264, -13.467153869457492, -56.62058380208099, 38.387144920051, -70.34669496690042, -65.77601312088642, -74.49335591426599, 7.722267038049415], [-66.8063611001537, 68.14067436472826, -40.04616940009985, -122.63169610064783, 11.534066137452458, -81.26807246315545, -78.60623385337422, 79.2688892324371, 52.17121114068857, 67.77273645133991, 46.06779970470763, -74.54209110965813, 0.43932036634754357, -43.61975480826581, 122.53024977152852, -42.53617225297647, 631.8810009351319, -88.34832723248353, 4.163782401160087, -79.51543273893338, 85.82726791166677, -30.9387586473267, -29.44929926495192, 91.30295986154081, -40.86019737901344, 61.761152386391814, -149.14992628911955, 112.07168951331644, 53.311741140012614, -13.084851095006057, -2.572654761221782, 79.1403390297393, 26.849618295669107, -113.4001341119305, -60.62193097212389, 59.429476019426104, -53.415298904231186, 41.902637274003965, 40.61148041418402, 19.766074913829385, -31.9532992775059, 22.717956242726462, 53.94349465609062, -30.530748261361033, 45.82577919554159, 55.83492951862836, 17.73143108496345, -88.46239502130324, -116.2498464608608, -47.60680503903162, 127.68843801399396, -8.471033977429723, -117.0676678377472, 54.82196770127501, -121.20317488859676, 8.821473458280447, 22.02804914226006, -31.633070004022652, 96.62857574721895, 47.12775113243015, -70.45071793335521, 6.192585139241556, 28.811274864460746, 56.91793376166886, -9.164019431872704, 46.33319369841836, 35.41412161499949, -101.38985436032488, 15.4844924404391, -87.79015132665077, -128.76987960335023, 56.4431981984259, 55.181590269745485, 75.92343934045145, 56.31877342866538, 57.590820608183954, -36.2507634112619, 16.697028599860843, -11.655276142131225, 119.44164867042198, -50.311652572884576, -118.8672177345615, 26.372084949262387, 0.6554178543652829, 49.28584019724086, 13.375835663247553, 22.2174516908824, 70.00609975700083, 38.69635557970637, -128.5234656736715, 99.57778590360923, 73.21806328614208, -3.51870620787748, 126.10723101776132, -89.1054740346719, -3.9027721491056107, -50.158916157372026, -28.35129427267025, -41.52529356229746, 60.419580780624216], [85.86029052014537, -41.89823019288967, -77.33545134549787, 174.35199450177632, 41.99534318674109, 66.23470067148372, 129.36597910443484, -17.34414119320101, 61.300028252485035, -59.65734980291242, -28.832948602327775, -56.40817375553203, -93.3477522940845, -18.984676954735303, -16.658154933622715, 41.74736201163177, -88.34832723248353, 724.3395091516509, -107.37386203667673, 55.01022824846431, 163.8207612764257, -8.207583218770178, 47.92022747425228, -102.55324207982481, 45.73928774137569, -67.13498323419053, -8.798981017625927, -72.53115815557994, -49.563028656791545, 8.549628917173266, -74.71293448595966, -37.53254903563179, 13.243446559481589, -132.49151692494158, 43.83786732247922, -51.896888744739655, -0.4058345712970111, 25.14582911633142, 28.75809846469514, -15.815384210752372, -7.287996571748749, 13.483613435253607, -165.86199575606548, 23.07443061217727, 43.95659680293703, -0.34139371565974536, 47.26620384160862, 113.55179604991815, -19.81452602540843, 146.58658756302256, -53.72055774058593, 127.23956170841646, 16.481396104105666, 28.28858170343625, 54.92661665532389, -74.91128878940424, -67.74959890525929, -10.88326907316893, -0.4361685421257684, -27.15399939194801, -14.085626219312552, -127.46150419418736, -31.017262539397123, 58.19593249349677, -39.064997380885586, 91.1484405770671, 69.85570929712634, 53.69712293001741, 59.83303794512839, -29.33102897551372, -36.30112973274938, -81.75692671304115, -150.86089066996027, 56.09975390160692, -41.09627718433781, 69.27151565147072, -15.984890471758577, 145.14740425727726, 60.51505233749005, 19.035206655349477, 73.83054971969429, 32.62369118430065, -50.7830800090997, -152.07164293797848, 48.284585174545214, 120.96353543956674, -98.8503091406587, -74.75338578342476, 51.319661122770654, -10.901440458757433, 95.63483456143982, -62.03181906087183, -72.93358697252891, -92.99527909837794, 105.36183120482569, -15.5635032286322, -89.37861671976593, 100.20281661262246, -15.43553542173024, -46.13889128285214], [-9.546323825364537, -116.11655015527, 15.731960190473432, -117.1701912344014, -114.47194523956951, 10.676551327106187, 88.24391019132577, 55.61128457316769, 81.42293195727476, -13.105177951795174, -65.39637260058362, 20.514186552003718, 8.553593543120353, 14.43772909561313, 156.07693179993686, 36.77770098390454, 4.163782401160087, -107.37386203667673, 912.9797769443098, -34.281004174542524, -93.31529682453011, -173.5225821891525, 4.4929108553022195, 50.07827899339545, 29.0724853540836, 28.074696768557157, 109.9862711765491, -1.4155029695242525, -31.81124566361335, 74.8782185053306, 21.618995705116202, -88.7525237429925, 97.55119828886491, 72.00848052627761, 54.24255866019105, 24.561227236254837, -7.089391288840323, -102.05337273668978, -79.81349127963986, 29.191012578547582, -27.887962420800037, 31.28021891245365, 105.07728424426047, 40.71760386078855, -65.43379514042122, -38.33371419744368, 3.9692677193602464, 39.3077118686064, -21.884088719967814, 157.6593522804794, 79.7279979661137, 109.27147372570496, -1.3739971020806387, -60.406100387964706, -18.68265845660791, -24.463491515086915, 110.28260349269775, 132.1506221522341, -79.94845697335344, 54.153155450617135, 90.30952613329241, -34.54694125098558, 88.64841960614459, -99.02233538688975, 86.4667201154134, -39.53560105846309, -119.44367407852944, 20.17912614420694, 46.7652020040351, 3.702751760901515, 14.062374009215782, 23.3647786087405, -30.10827196148831, 141.36155995463932, -47.89550704292628, 39.41342772206941, 53.89306481387609, -91.67195942392262, 140.29909704683237, -77.20956444794726, 9.690385444367053, -57.45886423229593, 70.19461440089988, 4.518035561676724, -8.354152296994927, 48.010610878251526, 36.83936939915337, -63.077893581290425, 40.38663144571935, -44.50319601533843, 102.80571007585029, -41.37113603959032, -4.833249423418066, 43.729141171382054, 49.76408412646729, -60.90220742351585, 42.860324482291745, -156.8190690590313, 1.4644033940537216, 64.65524334312484], [105.50911792764362, -56.75366954973882, 117.01857795293354, -60.7797459053174, -84.77039894440608, -27.370424504675654, 29.59440545572846, -24.13603450014244, -43.7034148670608, 24.1381032095461, 102.74162422513103, 26.30643039995736, 9.901254736267568, 35.866503473920915, -100.1845488274221, 50.59618477004166, -79.51543273893338, 55.01022824846431, -34.281004174542524, 762.1678116955422, -51.92571159853726, 123.27352885979579, -28.787058092325108, -59.11357134207689, 2.833118014198811, 65.15180672444541, 59.0861062879124, -13.371120011632573, 186.10287427047322, 34.02038329322919, 13.672966755021271, -48.368154967136846, -143.27082501081637, -142.56855543980447, -128.84554800818407, -1.4570329957709374, 25.46164806626451, -130.8956348711941, 61.46211813285246, -57.036754948452796, 3.7377872655791027, -44.46898260723818, -148.91196398901442, -60.678935903862985, -31.609873968693883, -142.97419452323103, 35.375076902601315, 126.93165614383618, 103.57969230326508, 56.10355581730171, 9.266401838231246, 28.783255200530835, 133.74305349259083, 114.98353356776579, -38.375073525664426, -1.0358764838948313, 58.82096332478041, -59.70146069101138, 20.745413014685354, 109.45865323730877, -55.529783702813404, -2.4911419164306587, -61.764415665331114, 11.447215448206414, 126.08757650285835, -32.27249100323958, -19.251392132439126, -105.45888571124678, -131.3616931402673, 62.88957001661103, 28.324744536416816, 114.48080884825802, 1.2979069399003669, 70.78483478400351, -187.7497288067824, 4.217331421493232, 26.614714955542997, -64.00973657940779, 42.91753135650782, -10.169368534884173, -73.31424814654191, 110.8002178678262, 55.82124621804676, 14.951786740804515, 148.59168910973375, -7.0368938642745205, 134.47233886998788, -39.291342723232994, 41.266733554642876, -69.0636752708658, 151.52376293059004, -71.15348995501684, 41.47560567883565, 109.8718211940207, 61.99603209393072, 127.10109585134522, -47.07715187484249, -36.81835806500069, 23.92012132339278, -6.147016056550139], [18.083237154990364, -27.76698516543454, -33.25366807033047, -116.85370650752901, 87.09270674221105, 34.23497650559401, -110.14556675800429, 67.62770192802603, 60.253148983944946, -76.49081481146557, 132.92518734392885, -124.14673837054303, 45.575527195648995, -59.376091372972276, -19.045692438080255,