{"N": 100, "M": 6, "A": [[[879.2369934847516, -17.17336940367713, -87.59852832481424, -17.351170950735515, 29.985087149193642, -49.236390709847385, 134.38851619935954, 135.0732699465962, 12.412627985552309, -66.30086507932951, 3.1379713995731944, -92.94433938289694, -48.8624172110106, -21.474986243691735, -6.908666379040326, -56.57327155937238, -40.59469861419308, -38.477660911056745, -63.776745624225896, 0.862310799559358, 80.0876750871092, -41.81316535807547, -51.586513844396634, -147.7748384390221, 17.80731381764206, -100.33595338233404, 62.25403426480059, -16.62857931889673, 72.23720103063498, -25.434505061130764, 156.47474852863778, -30.849072384442714, 78.95958393281596, -76.96809840669309, -90.17935738777462, 1.4380472012651986, 26.17473561218582, 30.83621786170051, 43.719022135828446, -20.48846831917179, -34.81155660634586, -72.04571644778737, -51.797646210616755, -12.263202756846754, -125.85740139560082, -25.58438194523382, 30.187114395850468, -74.32149085047789, -2.704697332784757, 63.455623136741266, -56.87538984621237, -0.30638470464625633, 89.73747762265508, 92.99118828185424, -84.34761299404904, -6.641658587538552, 187.50861121120477, 66.2778780738356, -102.08432555720502, 152.20047000578785, 163.0195251383196, -8.8648744169948, 53.00230300459033, -19.633679013833927, -60.29231863894857, -62.83064923049944, 198.34128234400245, 109.20993662232112, -122.83942919091544, -58.77324714487666, 24.783141507631687, -14.082390826556235, -69.68633708650493, -6.800420388267722, 49.24703015068834, 77.47759616767202, 63.99672197415761, -61.156508359574524, -30.986263381896528, -31.854382333350596, -10.292010981480658, -0.06168070813507088, 62.333656276352805, -19.449417710081114, 95.45602139511237, 28.5307535666749, 12.39402935400444, -121.29826618295242, -81.63827653058529, 51.54034683060215, -215.06905346430443, 34.95346399140995, 46.8191614496282, 43.30285827852382, -18.428978399354325, -105.11654029911226, 20.784668531715578, -95.98439127219197, 70.90475321348964, -44.637297095640825], [-17.17336940367713, 741.352475784224, -142.03362292121233, -77.1163201604837, 89.42483717765815, 162.82796891053275, -128.95917300593945, -2.439625129619604, 81.8769673125123, -70.68190823022198, 123.53012909699575, 10.104938922522642, 57.249824593347114, -102.94568974631926, -26.9695878391962, -16.41658167164493, 18.272013796424293, -21.267871599756653, 133.8447516848792, 41.40577911445962, 5.3647509256977175, 55.75776412013303, -106.73664075604691, -40.9175850204676, -15.634239729400226, -13.675047126809945, 8.223846552460925, -97.48781799801525, -105.53002705976478, -69.72483990793306, 15.227851902699028, -30.179717543217137, -5.960100086355812, 42.387363402939805, -45.74904656970268, -20.898738411349562, -20.236038707927243, 58.242653337420045, 32.55852826958657, 31.47888395719076, 17.20576866516825, 12.227520377682763, -69.20307805681222, -30.776556363952924, 123.84447531947178, -21.88751446660975, 32.038904148920345, 57.58812417015498, 123.78943337848028, -31.077068111426552, -43.40179691549655, -34.12576889940977, 59.21002307517864, 138.3069235497478, 8.467369084446272, 31.16275007160568, -123.35567900316437, 23.293065629113286, -19.224676751592554, 18.07870437268973, -84.86238074184236, 32.321453905962144, 61.747634775512196, -120.64060281253637, 61.080843288683695, -26.96354729881423, 5.277805539390093, -10.240794786083024, -8.250771213983091, -30.62601662023554, 8.195265218543753, -31.98938265018059, -27.277153685497293, -17.307999206539016, -29.492324915239227, 40.62353027414323, -12.372875476501047, 18.77069454119663, 36.72893481074764, 13.713901015267625, 19.54980453440307, 71.31046003630186, 103.66015193170452, 54.30651505883231, 16.66027695060984, -108.38510992837863, -187.31443690181692, -4.81027234739305, -18.18544590315661, -13.927006753357379, 3.1955730561185014, 3.1885619195669967, 32.52003027915105, -103.73544501573103, -12.878510810442625, 64.18643352368217, 39.7249583529717, -41.98806192279051, -7.44542672079824, -63.89291657876956], [-87.59852832481424, -142.03362292121233, 755.4213719722571, -188.445700246802, 21.266651971943464, -80.71695590036359, -1.895069251970739, -23.891301437097194, -41.43641833873167, 51.741485564528844, -173.47277684038266, -3.5356084198526463, 6.0860300462045975, -23.790179344105695, 14.135628005528634, 85.89065238796462, 59.11126905160906, -82.69790716653938, 11.813185158352098, 44.79514921494086, -163.5397274591271, -36.06028071237984, 89.3131598704778, 68.50704039106284, -6.564643906705326, -121.13775239638927, -43.95712683328673, 70.69463112233329, 21.62441324772474, 36.32094324674993, 3.642547905569266, 4.928534278380359, -102.49846751561094, -28.3006695013268, -44.050056441993384, 73.10563622125248, 85.7010877764986, -16.661921443735654, -99.24528239606414, 45.12773255848348, -42.40365986245154, 21.275599846473924, 89.39109457924815, -39.24646024894049, 58.713162672361065, 5.5382863465216134, -132.18326554401642, 33.28870900641755, -60.87048874151377, -1.193389030512413, 59.68578016206596, 67.75802216684548, 151.44983177929706, -41.418888708280434, -121.66377260295646, 131.82482906926487, -129.30090619717424, -71.71500564413356, 97.93430651152347, 89.44435503636896, -98.7193216307785, 34.87446469266381, -41.28901979083534, -12.74072970320984, -16.028132707107538, -58.80587609877194, -22.136318658466323, -59.35642619948873, 21.06442684831843, -62.70634532599991, -53.4941502868741, -32.90611166565245, 10.00896375785087, 9.951110784127922, 13.773077098128455, 31.224484632615177, 17.260605411810197, 86.44940309528789, 29.62972781943707, -96.31054151182374, -18.466858383643576, 22.00175348794625, 7.516415197761157, 21.201886591553276, 119.50912662966645, 43.5016297140079, 112.95915633752082, 10.159553139644865, -62.744277158372974, -5.999301544471169, 43.497163616891505, 20.86489947593462, 6.185371476695739, 144.68784652443054, 47.83187532102532, -31.60043618720918, -114.36259610961528, -34.07501952522812, -36.583026589965456, -153.88606604170698], [-17.351170950735515, -77.1163201604837, -188.445700246802, 640.6237492684295, -24.203669756168377, 35.810502358554245, -36.43211557824489, -147.977849529026, 8.067431028651182, 58.06896427974703, 52.044203146224376, -26.943422022805965, -107.25645524327646, 136.36173600008425, -63.312250454061946, -99.1455349986087, -6.613839938588812, 30.5490330360172, -46.248272625843754, 42.81031175444299, -12.123456097776945, -52.98868148941994, 65.4843708081857, -43.07196279207124, -27.20741459862765, 91.50493821662893, -44.12197237733172, -68.33960463389548, -11.494824434709043, -21.71629599970553, 71.88228657002553, -96.58688614316567, 105.96218534094399, -125.90898491052903, 93.22636631805453, 101.89627546464875, 36.87737236047184, 59.482567137697636, -61.54211683346593, 44.90293160479974, 45.0449466507707, -10.518414494183851, 44.38629248513234, 176.4567347308495, -67.3807270380332, -97.17848259178949, 171.9151358161755, 62.60910507337394, 22.906794566741972, -61.804544154230825, -47.58870585563516, -42.82376884203195, 38.550903432267106, -57.78473904132797, 135.48708088483414, 19.049796292123787, -27.572198264331735, 33.79516537880196, -1.854271622573131, -105.25143764241302, 25.064818834562363, -18.479616404132916, -14.063228513054174, 17.83559258533686, 138.0698292559187, 48.95071648198638, -7.5777045431079655, -7.2002465626816, 3.888349516628782, -11.647628008264087, 52.74540189207934, 82.28671662772847, 104.81440209779069, -57.59359347654391, -56.466786664656176, 75.62147757972006, 24.001034289810477, -17.90939612227389, 57.69233910553039, 53.7509309001892, -70.12314963813765, -58.17120818402247, -122.4978169585611, -84.52804867036166, 29.91335778780926, -90.989029419743, -28.6312378267085, -3.988536767735392, 11.607341587802345, 98.66655872428201, 63.68684547733927, -52.20514494448364, -71.98109814948639, -98.57067693445639, -36.93360041591101, -21.402847793997008, 3.282720074246134, 31.637572488044228, 74.9728809454569, -20.07011705905373], [29.985087149193642, 89.42483717765815, 21.266651971943464, -24.203669756168377, 731.8616487671766, 54.87192072790457, -43.37823295739127, -25.250968139962907, 75.0878671093199, -52.68309446472865, 50.74418772950982, -14.535759912781124, 86.84727202841046, -84.81655030739073, 12.782979758067103, 34.75623481295625, -107.6242004325397, 116.49222653030897, 6.357141022900235, 38.51906829926168, -73.04258002285106, 92.79099993799828, -71.55403457418912, 65.32234916634708, 43.30171031792277, 32.94768984128892, 119.55904669112482, -17.365739243276337, 31.269599846827795, -40.09534937503936, -10.561450739559344, 8.294430451170413, -18.70214067035695, -38.63198624304437, 133.8201666827821, -83.02516559668184, -25.50165942978091, 31.33569059920591, -11.641734701467945, -36.77522227186045, -116.24527488526923, -50.896683003615706, -4.700567162315274, 20.9972514360955, 46.35114421676362, -52.469649134008264, -114.68606079220798, 152.3372176077488, 5.7270277756766035, 79.05212897979307, -27.757509491547218, 2.2217984609976016, 90.76575260211847, -30.035689769724538, -55.99716168221672, 75.24199616384917, -80.2183474198518, -24.385609480089624, -81.74154574749174, 7.381707446096388, -72.66085954972534, -8.365577405743045, 78.07650283497627, 25.512442222734435, 60.62501325773127, 70.91606250718262, -73.78686178028723, -74.52753919194653, -92.72438527660053, 79.60993054096573, -31.3807576259624, -63.39305716528851, -142.1392812184967, -77.22711494634272, -49.82844308496626, -84.92605495766482, 104.58310899751709, -3.374211199475009, -5.220022575020979, -75.24039211775661, -40.69638419941549, -26.62821845197701, -42.708548174209966, -94.92456250707633, 49.75849070316959, -140.61223488596147, -4.451300232393972, 30.861240859233988, -9.536639843802948, -26.46696312655904, 2.0302599824951897, 78.30968727599601, -5.051550911889531, -90.16943765231731, 18.8108732621382, -50.07492553059083, -34.56333078248866, 37.69319482427559, 29.862692281110213, -66.9021123510283], [-49.236390709847385, 162.82796891053275, -80.71695590036359, 35.810502358554245, 54.87192072790457, 648.1630467129357, 31.111062054535513, 0.014310292178247388, 28.85548617881629, -51.69683791069889, 78.73494498193683, -89.52077527142859, -61.455461405015086, -173.91593431760236, -55.37557980303452, 33.83401473021472, 97.54170028608485, 39.93986315855118, -9.355623680097327, -14.111582044200448, 43.22592081134205, -11.007928834114438, -76.21088083772156, 9.843100496334861, 35.5288983472657, -43.71020529642594, 71.3889022587636, -112.97459650300081, 124.74497430034413, 47.0988445457639, -137.0641121530824, 60.58567322230702, 31.481085347100006, 3.646618450378358, 48.76818275806018, 18.561555355429547, -23.076727357155125, 35.889525266753665, 61.8662502349478, 41.29512462267761, -21.110825272609123, -64.80000843161102, -45.02309016700157, 51.518569234199155, 50.33704033850113, -57.75120308931873, 74.05752453193207, -6.180328636803981, 14.765134321926944, 32.63629338728927, 80.09370723826596, 129.3293516420632, -69.98065914199249, 45.63467180931531, 23.08160121147391, -10.62584289379359, 2.553649810265093, -21.301185653350537, -104.19903611481186, 15.266864081797788, -66.61728174039476, -25.966692952381628, 16.591378955054104, -3.336723023940048, -15.533325818628855, 21.453484503360944, -82.71750108194881, 145.40610881344384, -40.40249848927618, -30.32700074261551, -8.63672255796307, -89.01421912344043, 133.06108660928035, 6.0372457821636685, -92.31228573695985, -3.3829161553277176, -15.76053431190507, 12.658882276359822, -25.019772652866134, 82.17466594667593, -32.751015753815565, 131.20922541291776, 13.803494697397179, -130.07934444501402, -27.337591055361184, 14.388612822492112, -50.562956950444956, 3.3202526854553693, 80.33885044890907, 47.27703510452699, -22.76960536447497, 5.143336200173282, -34.69618816612883, -110.36070517287136, -41.6003195470884, -83.08789274989448, -87.51726848704895, 46.61590909135023, -59.032187661080236, -25.708750379017477], [134.38851619935954, -128.95917300593945, -1.895069251970739, -36.43211557824489, -43.37823295739127, 31.111062054535513, 831.2740563995147, 96.58508885108535, -10.501961906715716, 12.920268764155361, -89.71773204529991, -19.898741065026112, -18.829371185948307, 44.200439319927895, -17.79627799036285, 138.72596646242954, 68.35806760445813, 23.10068133286615, -200.12088045158734, 143.29554660895607, -59.76996413745806, -16.495720801156146, 61.25692920929032, -13.272233247054073, 98.02136313170233, 51.363901699377166, 25.35564635304898, 38.62758787992517, -76.24475415197557, -32.066559678740035, -35.9898415758703, -134.45559635676963, 33.02681861158025, 19.960260678744064, 52.26936031496785, 28.60754381201767, -32.723950841932464, 63.18644854482289, 89.23496377140378, -87.03718953572893, -174.19501374495053, -58.4636984209853, 60.94895715043596, 5.7155175747219635, -6.148476129590981, 9.316084910690789, 120.74178503776281, -73.57440687437872, 32.18774360495427, 58.081229114996425, 117.0023292679058, 41.335885225935584, -91.88811660570836, -31.71115911673434, 46.96498721356229, -91.91270076239752, 73.81095868273708, 86.35480110418993, -91.33711885618104, 82.39255123018094, -30.059940186294174, -26.976549103078046, 7.639086210899368, 149.80939459400864, -156.08981378807607, 104.76715244236449, 112.1793463878305, 93.68312710285987, 81.13011377013463, -21.196010992838808, 21.731079570000755, -30.335107503650853, 107.36026040499725, 105.68188035188504, -63.892359780407496, -4.609175942704081, -164.9641206401656, -137.91696305709237, -34.64019516744868, -139.1232114471824, -27.98831479360176, 3.2467642480882035, -91.0781760186409, 84.84458281891442, 9.794126109509515, 107.8674321215215, -3.406070442528161, -77.01600216898551, 78.25299559670866, 129.21707236318477, -16.60690471013424, 28.242932030946676, -13.927120000545814, 84.95462664021208, -137.6055737139866, -82.43073097753279, -61.651045752133214, 29.198479081375222, -23.550317157088116, 39.64750256391333], [135.0732699465962, -2.439625129619604, -23.891301437097194, -147.977849529026, -25.250968139962907, 0.014310292178247388, 96.58508885108535, 733.612860552989, -45.49570331738207, -60.912978776941586, -26.342269176378426, -167.93662675214486, 45.78681493741163, 0.6073760032255819, -38.186204278745635, 103.63203729346442, -6.342485220442185, 118.96457177550539, -52.64537312635126, 55.47975277179001, -77.68028182051468, 58.42338490431084, 54.1695751539148, 42.96786704765465, -87.8086676876209, 74.80818840766639, -39.90091846257353, -110.70504852612122, -59.77992268754826, 20.742976590396434, 70.40484529346365, -72.57943342071569, 126.53428557846675, -5.251253664175131, -97.28308067058356, -89.40097367113498, -63.93813549369494, 94.93223611645355, -65.36064081929858, -4.359354706600652, -68.2361094103159, 66.34931212029993, -29.727092684694412, 84.1792282245384, -108.25936959476633, -19.57071635199508, -81.52438341609916, -45.47747585455035, -34.881506298158456, -27.556232148002714, 10.594544135638538, -11.116465471056252, -3.856183757160876, 74.31361642287385, 87.6588122698038, -64.18768778850507, 19.31514444864229, 24.556968019521666, -24.301621550294435, 101.94701298220447, 132.20985746105808, 6.779901611003686, -3.5804848483575182, 7.763627754672963, -177.25221406346398, -40.84927901740282, -5.103478249863049, 66.1982228033311, -86.37857430558113, -115.06569189026023, 24.448115566079395, -51.27955238368658, -69.34241099918295, 104.06570583863729, -28.516247192452298, -2.0993984394826035, 120.90594233962314, 27.530500739775473, 63.84593655293493, 0.896499046089326, -123.51668929518576, -2.5073206352431576, -20.142858542805197, 50.61269076850163, 50.760852543660846, 64.8686152672971, -81.3734492389147, 90.88914195672386, -90.29228376749286, 67.79510019479426, -95.89476574417091, 42.9219951906725, -176.5395041559024, 62.71855462367765, -35.72482076778562, -96.99074998371354, -56.78339115886522, -5.818395132950056, -62.50869763751335, 81.70040799757162], [12.412627985552309, 81.8769673125123, -41.43641833873167, 8.067431028651182, 75.0878671093199, 28.85548617881629, -10.501961906715716, -45.49570331738207, 560.6565783976889, -48.127676230978615, -56.558961000098904, 28.448043872051425, 60.06630065689572, 57.98051679104418, -11.479868332349188, 55.774394473332784, -104.74465976275168, -56.38224714964285, -15.907698851822275, 25.96938659327838, -45.25181159331181, 132.79173800022903, -51.168649615150066, 28.34186606285689, -27.305176563700524, 102.73459056370947, 78.06448100272175, -60.87714684457843, -42.94289233207489, -42.49547630944619, -16.478088635009616, -44.16069453309244, -113.74636509961285, 49.30743170193635, -1.5108146872986936, 1.9944321034760595, -141.87683048311916, -128.87647937929626, 54.06915484942465, 38.353954739149955, 7.03386650255375, -2.670542877358871, -20.3525401243712, -66.81008434412117, -0.0999697150312199, -26.590669302049978, 53.995738544513515, 6.91102653723307, 57.0504804565246, -6.893984232012395, -34.94966486873713, 52.906961379211445, -42.170428993670015, 40.21604128804308, -9.345294741426383, 51.09772103995897, 75.95992426845051, -62.99993380349271, -46.68725618560973, -25.648585909523952, 100.04784707127018, -14.284795893040835, 33.7815833328706, 14.268983320466964, -2.2848075610992487, 30.70671296933675, 78.73385552483445, 61.98123691381567, 19.029567832746203, -9.393627822272386, 45.39596486864288, 70.26321911487653, -91.47987170692222, -35.70480505287073, 65.0408756220569, -39.8868974477969, 23.402991201754396, 37.401311068701574, -28.709221400333256, -81.96710868036071, 35.03114500017712, 61.35522594406569, -15.431448540355289, 16.458631548002813, -10.083530556391022, 64.20325763119581, -71.59294865730664, -76.3160033693163, 95.747868873972, 34.82812290205353, 17.023274869325583, 1.6557297675710656, 5.139411630140509, -27.16467746635979, -9.649536293470133, -78.50041511607508, 91.3332882266432, 81.79722198245277, -13.002639015762382, -57.04156342396056], [-66.30086507932951, -70.68190823022198, 51.741485564528844, 58.06896427974703, -52.68309446472865, -51.69683791069889, 12.920268764155361, -60.912978776941586, -48.127676230978615, 767.8211643348973, -1.6454614236234986, 159.7969980384569, -8.861488780259636, -4.836976525974728, -55.307283438263795, 18.15553133019224, -21.857059317660795, -46.0736644010943, -59.66948797317985, 134.19450163152837, -4.702841536257004, 55.170370468671344, -10.158676535118046, 129.38682682763772, -126.90663784405216, -102.69884442448354, -9.866031855829931, 153.0302048886082, -30.761560886564556, -11.998663645787325, -15.839039615630808, -25.13502378688359, 75.25174334060614, -18.439175482785007, 120.8002494613907, 84.05721611172544, 32.29301738942963, -49.538061569256705, -93.11199052889727, -34.29693221475798, -80.47898435407244, 22.078038194024757, 16.969546133802638, -70.44242071307642, -53.92463652406687, 86.68293271051088, -67.73985153133621, -27.394402517085833, -16.347416807845164, -75.35169059068015, 24.08142159260809, 93.93049572319525, -29.219944456393264, 50.25335822450209, 162.0334953526947, 69.63236735459508, -58.00424915458722, 50.76086652059027, 11.200962113992121, -49.19795603824606, 148.2378226174885, 7.402486813416844, 79.43542509856752, -3.2621410398501287, 86.96334814786614, 84.88359671899983, 76.4401870137409, -36.19967413708042, 114.74934846870251, 68.76130559405438, -73.06594508499956, -33.90566104955248, 98.61775107892552, 74.74242164151416, -24.770281094739452, 50.73395592569386, 62.34843813043688, 131.68625995246342, 32.062965934813654, -140.5042382046358, -1.784522401718809, -40.54196561408886, -17.293863490243186, -5.802400618681841, 12.476894748553427, -24.759200599251145, 12.649638461947214, 95.5789766852471, 50.362574822745444, 20.87027360475809, 88.11114271202686, 0.5036916858632513, 150.27112381498864, -8.575041944743704, -52.272136349527464, 51.85531411294683, -114.68930925415894, -6.371509826661604, -138.56104525680507, 33.7300914555105], [3.1379713995731944, 123.53012909699575, -173.47277684038266, 52.044203146224376, 50.74418772950982, 78.73494498193683, -89.71773204529991, -26.342269176378426, -56.558961000098904, -1.6454614236234986, 731.8344419818764, -30.842475367883946, 94.96527195677582, -85.79296456362893, -75.26296198155168, -119.46070929146514, -103.22668703395999, -1.788056398328558, 58.094474857660394, -68.57125747793336, 52.66450555942508, 69.2334991232417, -46.17254821506847, 83.23373043166043, -34.49608064425036, 92.74454201155646, -52.64977470696008, -55.16781114984913, -4.631149144817823, 119.01384594146634, 18.435477674422483, 77.09960372448114, 60.26610166855443, -11.394790809273072, 58.17354422970821, -36.031797248756234, 98.96056030795407, -5.073314122776467, 119.57491800247291, -10.437643834463207, -27.453307513930575, -8.42334797319899, 48.412610874524084, 32.354286857664185, 7.612592141322459, 14.643639044085532, -70.41944711118677, -14.400770910791604, 30.590083812753672, -37.58907653531401, -10.849557512672753, -33.335548869362064, -12.190247929286326, 151.62346084236364, -50.27205346122451, -27.89994174415534, 79.31386929848223, 56.20482692253343, 40.79814495694073, -147.2177825378637, -13.852049645130135, 56.893076738810294, -29.137755881052065, 45.85849001237684, -24.234613796860863, 11.14733834209942, -81.59684135464492, -39.40008600031996, 12.0593032376887, 59.834973219856124, 15.417003084372624, 99.71043436345569, 113.93160859532072, -84.0353557708149, 74.37005353906468, -113.82805603081877, 24.2961682245397, -93.72986652934685, -40.30326840861386, -47.5113943806062, 3.1366720570618933, -67.08236711163939, -66.33744672595363, 52.90589372081163, 88.8770848775703, -99.82753717250472, -18.36238308789523, 62.11629724158332, 86.96246641783482, 11.794045232502521, -46.55911034664269, -137.3901084662135, -7.868945892369466, -1.018217064150461, -119.51441692541876, -7.617263153598601, -13.996155272975626, -19.55296254222947, 83.71919112449166, -59.790007966262706], [-92.94433938289694, 10.104938922522642, -3.5356084198526463, -26.943422022805965, -14.535759912781124, -89.52077527142859, -19.898741065026112, -167.93662675214486, 28.448043872051425, 159.7969980384569, -30.842475367883946, 699.9259990849093, 0.8492922632195328, -8.172600383730376, 21.325356522710145, -12.012832773674187, -80.9631132779095, -140.9886482969319, -53.30356975246472, 53.98804654730146, 19.8634114007558, 50.74091920070629, -59.895796690591446, -0.4305061724988815, 68.43211249174539, 44.99400560346923, -74.98562654789285, 36.71415113312481, -81.84909548533072, -23.1658056432168, 50.41282927269198, 16.728938171367584, -44.641925040991495, 60.99960180294762, 37.016399441182884, 66.25950369345466, 21.299490433620765, -27.771237848251065, -14.929973003309252, 62.22334340891396, 53.37522202591923, 12.866931602431075, 92.4762848361978, -66.85511147627075, 28.534519104506632, -8.518575738408169, -30.28157264116269, -96.25217693708869, -1.7393668894443903, -104.53790872851782, -128.2642405863395, 45.10319444366934, -114.50964786433725, -103.92618733530642, 9.765502082177894, -95.88224425173564, -60.459979554742425, -40.35389112381795, -59.4369785024325, 33.90408955736271, 55.65865696161567, 21.345330544648554, -60.76954010429318, 0.32153410126467535, 12.32507722769628, 108.80329735868439, 5.653562521917953, -43.71612347487683, 163.12883828512105, -8.711887998797385, -24.98724188338206, 1.8381170132372024, 5.716171086780925, -31.526513485166564, 51.28801242441223, -86.70420021476761, 47.77152852440533, 21.4816752603138, 12.619190469339468, -64.42204051217067, 19.09045241325522, -82.73593432638447, -89.34531065361995, 127.27747386672658, -127.26343015338915, -119.74487178113553, 79.87976682606252, -99.43627769682874, 130.38546716506346, -35.623375335839555, 81.08771326560954, -82.69877724935732, 77.81810807700896, 62.34029708171303, -4.757980944733944, 165.76322103662378, 91.31991134136292, 63.41164723421748, 20.286088237241255, -7.8113739893938385], [-48.8624172110106, 57.249824593347114, 6.0860300462045975, -107.25645524327646, 86.84727202841046, -61.455461405015086, -18.829371185948307, 45.78681493741163, 60.06630065689572, -8.861488780259636, 94.96527195677582, 0.8492922632195328, 690.3519825804933, 88.92109548662187, 3.851106014871807, 4.209620977965018, 68.13613722677826, 17.665154993545073, 96.55380624010401, -32.70716192924784, -16.802132500364344, -20.2569239532076, 126.94644983191179, -48.45900869186009, 60.44480985800118, 86.26899042125633, 36.97221497807574, -40.12415730855651, -11.22900087976312, -90.86412878477054, 63.831589149401964, 101.24660771965507, -43.63826125078086, -10.060393015814562, -16.12151301267315, -28.6443310980797, 31.78385184612585, -95.45876624194479, 55.215197829172226, -90.30484230573734, 46.39715529279726, -0.8724032006959157, -83.41464068115371, -116.85006778156472, -25.914435331562718, 38.10231652622721, -20.22952634231904, -17.84896298591368, -22.452893341190748, -77.09034710967987, -8.831919607061243, -97.8066459735522, 117.73760851877277, 9.648380456829805, -15.79564883407047, -9.568616439424533, 0.6323270021190198, -4.595808917650955, 0.9397424431555802, -27.283667927013898, 48.01397152257667, -9.879182619499431, 24.879585807821414, 87.47931037689634, -7.079063459645265, 73.28986490965174, 13.738760962577018, 134.56932575685585, 105.65644089558133, -16.275894056900725, 49.49023721930083, -155.38296770719126, -45.37494654861329, 1.9243498276232638, 29.664994067978178, 46.21641287666004, 7.259251718190094, -171.7626788078128, -6.7084572590329, -91.5002537069825, 59.8554816146921, 21.210865057068734, -20.642196599285352, -53.25627539948316, -23.216651535914426, 119.21189437268282, 70.18579406629205, 162.2289000175548, -67.72285932625012, -128.59651277326006, -19.551210075840558, -110.78887783256971, 56.225532682030746, 94.0343408902575, 26.409877432453882, 68.8962596817524, 61.15735647637425, -66.41841078080948, -87.52374202699289, 50.23115664093782], [-21.474986243691735, -102.94568974631926, -23.790179344105695, 136.36173600008425, -84.81655030739073, -173.91593431760236, 44.200439319927895, 0.6073760032255819, 57.98051679104418, -4.836976525974728, -85.79296456362893, -8.172600383730376, 88.92109548662187, 647.9723152010687, 68.60019730303287, -9.05307334509875, 4.450147813658623, -95.67027312270582, -86.37043929215454, -86.96052672450715, 20.688482607676654, 17.28447641604953, 9.664195577763124, 106.37660729500858, -36.830739197305334, -1.7834177131023718, 31.444378650224234, -140.90306819056144, 61.5901229924145, -131.12899232666325, 161.32695238158135, -30.44590660416998, 42.8127915843543, 74.46635027813274, -96.08904749671629, -19.948076265627954, -8.36943521639417, 33.0994131847645, 62.90797334667095, 9.289863099693086, 39.362199125572275, 167.11443623858474, -32.78484770677296, 22.490565440650414, -86.26186691778409, 43.50558079560942, -40.36038657112178, -37.691838258340674, -8.007133533248926, -198.6120222339101, -158.97228940396994, -89.64843201986423, 61.61792843694558, -78.90969236845874, -16.943252346065968, 58.1477512088069, -32.985209993108924, -45.159021890947436, 56.87197874146367, -124.73499756363903, -12.587577282897948, 31.094102849134373, 10.635585899979759, 28.629421337109356, 8.841903629380306, -6.221920414213798, -11.314963075220037, 17.11065354548252, 33.21316832713468, 12.328416202219602, 29.063470658901394, 58.994856534634565, 54.10527223912614, 100.57327391119665, -166.0345178754294, 11.163771792139626, 5.54775428349575, -3.444865799942891, 35.23362552910074, -26.154719609961898, 30.33967764125438, -15.804314795735893, -10.418744895536442, 30.6063241884921, 12.159611559108697, 34.963092003648086, 71.4126172855259, -5.200858652579531, 0.4847420844882661, 135.22559313802125, -3.5946880839007176, -82.14916744914144, -14.930799193305312, -107.25939913991826, 55.868423811484725, -3.9558254327534197, -10.75156369008699, -82.37253914047086, -94.04510087788401, 32.82682922288764], [-6.908666379040326, -26.9695878391962, 14.135628005528634, -63.312250454061946, 12.782979758067103, -55.37557980303452, -17.79627799036285, -38.186204278745635, -11.479868332349188, -55.307283438263795, -75.26296198155168, 21.325356522710145, 3.851106014871807, 68.60019730303287, 719.7134091864933, -103.02156271678548, 78.38724507852227, 20.15308925849866, -94.85181011524926, -69.85567217514814, -8.648178755646294, -20.603187355568707, 11.874058124990666, -5.324432154917738, 27.447380244512964, 31.51710764856819, 31.00179068021611, -6.30126411759984, 46.74811014800273, -47.55298541397485, 64.04032788284309, 32.00389645240386, 4.04237314153055, 34.424929265060115, -59.26549151711179, -7.269016851703027, -55.05625915993584, -1.8695296921810667, 3.9218880423916977, -11.362155364312576, -77.55614069823054, 189.68269367300752, -65.6128929196884, 202.58806324439894, 95.64177244246216, -10.278327566266526, -79.54922528198958, -29.031981831112375, -98.26927427607066, 42.26967593557787, -54.07571221393361, -121.08933456247604, -24.9835097351891, 23.667307378943374, -14.027312874214632, -46.35570838647462, -36.4691784150976, -50.90775742483605, 79.24384157998844, -63.39335401996462, -47.61211606092488, -117.48170979463033, 63.81724792565718, 25.982391590673636, -55.92296191425747, 46.946124062128014, 67.84639941326688, -153.0879935867197, 49.60856106222941, 31.34453612353323, 112.59977396081042, -88.18465708864358, 54.78604672775476, -28.352129379667275, 67.62918613620123, 20.318590515198053, -45.27007001393383, 35.76457100382404, -18.961471821385967, 50.33707662415569, 87.79528343671589, 57.32064350838476, -12.065662271078375, -19.347434565197712, 46.3949134126674, -176.76411108156017, 34.28409327419661, -11.203212669798514, 6.656465326535847, 37.3346186063213, -9.31876182113104, 78.93820477962866, -123.18774391009158, 52.10652413612405, 2.23381911662218, 65.6788318762203, 55.66010328212375, 1.1273853958290405, 73.52846119577589, -61.05164525724852], [-56.57327155937238, -16.41658167164493, 85.89065238796462, -99.1455349986087, 34.75623481295625, 33.83401473021472, 138.72596646242954, 103.63203729346442, 55.774394473332784, 18.15553133019224, -119.46070929146514, -12.012832773674187, 4.209620977965018, -9.05307334509875, -103.02156271678548, 811.0689225458494, -73.52273334750788, -26.931725529646084, 42.05279704526553, -19.57141515218687, -176.0126584539369, -155.95577426039958, 27.207249063025305, 62.2044636556483, 34.406019159886235, 57.3863089274336, 162.27646296229358, 7.404038415071075, -123.48585138910842, -51.65492438730811, -80.5578047582294, 42.170854618133816, -5.8576358732661715, 32.09000006030463, 141.40850282537446, -45.39471104694566, -2.8764332793265504, 71.16388622836716, 92.4442369407773, -18.546173197786175, -134.2358316615479, -150.81845934698464, 72.09513056656168, -4.964987643360333, -48.72053386411178, -33.73840164637124, -12.245583993274243, 119.71323151783811, -155.99866271124873, -9.64231793802163, 170.80404390354596, 83.86017099909095, -135.845638158574, 41.8969597223494, 103.95987752846442, -62.790263457628875, 95.81833999121353, -22.899044628855908, -117.26249662913048, -59.42549864386054, -94.97118989676363, -8.784979552137202, -32.36583089651035, -34.957541200866935, -130.51874412790337, 35.04100627607241, 32.56228323561191, -56.155580061789315, 37.32714656348181, 0.22557159457561277, -56.49577867681161, -69.96824470513567, -79.31561024780022, -75.65925142525158, -82.8488741849205, -3.31888572982269, -28.145905006086828, -7.016451134059674, 16.417502222733173, -170.28282884078357, -141.84902540557766, -137.66924459941123, -126.98433844045445, -28.246958836529043, -152.47511173646654, -33.0864411853843, -38.47391808750622, -16.58885191310774, -59.038462630603405, 7.39401764168373, -55.467138019105434, 43.8582964763709, -9.227924318043202, 71.41819705823549, 34.82810893494752, 104.0061854158377, 17.5899395899246, 187.65368367987975, -17.414790928351877, 5.4617716755638615], [-40.59469861419308, 18.272013796424293, 59.11126905160906, -6.613839938588812, -107.6242004325397, 97.54170028608485, 68.35806760445813, -6.342485220442185, -104.74465976275168, -21.857059317660795, -103.22668703395999, -80.9631132779095, 68.13613722677826, 4.450147813658623, 78.38724507852227, -73.52273334750788, 795.2530460079842, -76.80877910858959, 53.030014964391476, 93.04841701512852, 32.9287067028972, -5.1105380597338925, 6.86407924468022, -179.48800619721857, 2.25371910173753, -43.23065877718086, -79.10282806257008, -83.72523732367331, 1.7703850051546988, -15.733953959306312, -112.6211909485672, -45.328866880444885, 23.675686150416333, 55.509287094867254, -1.8132075638433738, -112.22281383021858, -46.64896589102176, -57.20978455252002, 0.6236926948732096, 137.6720928269191, -2.387545048419938, 10.637579814734263, -120.27409463465219, 72.1078193473721, 85.80612231916786, 4.908047078580671, 116.40606033926726, -44.15852643021416, 70.26661602848246, -81.12758834652438, 39.53339909968526, -109.00753619782523, 70.86050684015717, -100.9052806154379, 4.091035901695125, -20.92192740959908, -92.13272179961015, 44.65945330669481, 32.53187544453834, 5.860814157402399, -43.8904517951802, 30.411555355395716, -0.240992042730015, 20.041333739188293, 107.91173949856888, -6.273843397246742, 32.88322245969177, -48.832234366657424, -40.204898671221216, -12.797784654009696, 9.765055047171627, -54.19861482621362, 131.21709174031443, 44.201356734976365, -69.02253536782585, 27.55173907617394, 44.658622388201174, -55.18848031964075, -14.26710613554159, 127.9344149684297, -16.777023637514883, 5.402573691595435, 35.76092948414862, -124.85283282944236, -81.15630953263118, 88.96709814225693, 96.33928488854654, 1.8551553008688912, 56.336869412939315, -95.70392003638122, 33.62971071024822, -29.57393646540364, -11.919419201355884, -55.591765669770794, 8.63164238018223, 97.76530601206635, -35.948790690884536, 18.562186214777427, 19.729094933137148, 57.10993370103499], [-38.477660911056745, -21.267871599756653, -82.69790716653938, 30.5490330360172, 116.49222653030897, 39.93986315855118, 23.10068133286615, 118.96457177550539, -56.38224714964285, -46.0736644010943, -1.788056398328558, -140.9886482969319, 17.665154993545073, -95.67027312270582, 20.15308925849866, -26.931725529646084, -76.80877910858959, 689.6136800034839, -77.9051592181235, -81.29396502803586, 32.153808417262056, -55.9833481767199, -0.3074776685285347, 35.38431148719656, -101.71888172233318, -13.531345135349676, -99.64903873060635, 17.557341607404744, -1.2208007506059908, -20.790801819600578, 73.93589165070533, -42.74126749034041, 86.36211154338058, -151.02715590711614, -45.09355396878159, -44.49868103550468, 144.9724426384104, 68.10241965566347, -30.352554952574767, -28.985855594857373, -23.908304451837925, 66.32786830201343, -29.22099115029903, 26.39955919967591, 122.75505453698005, 34.75793617225659, 1.143826329320983, 36.038677572669386, -63.445583742175145, 15.225613792795269, 51.85103513894874, -60.68860084290985, -11.784216173989483, 58.105790233646246, -58.113427621252086, -26.122105708442668, -14.053567339218073, 57.29369235384096, 39.52630068953963, 29.083144292186656, 39.38339146067314, -126.45851422011947, -31.63283247118271, 133.4142388410027, -115.62359407961753, 51.305151762040374, 58.53785276703304, -48.30172162759189, -51.11954032590947, -13.002411123106617, 24.15104929911549, 13.041556252848636, -3.730971421095672, 76.98154199352958, 19.227796741039082, -16.860306625035808, -99.67530909356599, -35.06768389788683, 148.20581875221185, -58.505460205516115, -88.38648651607814, 123.24989936201341, -24.00082953289121, -59.89309165740878, 128.28695552038036, 103.66229044979248, -12.798760382527266, 47.11982884100307, -73.00256216445516, -12.12088974213543, -39.05328749831252, 29.33480264014729, 0.6403853976891025, 79.1399007325091, 2.9310172375171093, -113.74193644893556, -23.19249155377794, 49.224131954604296, -48.13359029029298, 75.3486154014172], [-63.776745624225896, 133.8447516848792, 11.813185158352098, -46.248272625843754, 6.357141022900235, -9.355623680097327, -200.12088045158734, -52.64537312635126, -15.907698851822275, -59.66948797317985, 58.094474857660394, -53.30356975246472, 96.55380624010401, -86.37043929215454, -94.85181011524926, 42.05279704526553, 53.030014964391476, -77.9051592181235, 774.0270083465454, 35.144289564121614, 73.79879051110686, -11.39878790065982, 90.69721172803385, -35.556791745403814, 39.67473317329296, -15.417583371214427, 185.60232504284272, -43.68232190066725, -55.193253565394826, 79.60304469090674, 44.55069152148826, 47.28707199660231, -8.40399270666354, 59.02266502917588, 98.80843982674493, -148.9364725957852, -24.89178282786329, -70.49749898840585, 30.87669950474268, 28.320414592004976, 55.8152936476167, -130.83275442950165, -72.89875150778816, 28.253541317297937, -43.0768020231987, 39.90477040952242, -4.449385653284878, 29.42619414608966, -56.890331465663955, 75.57171102978492, 18.806912527260742, -8.278830357770548, 118.52580085333734, 17.262939128139315, -29.825345566491833, -77.01338887676766, 70.12965723136551, -7.926589893150046, -112.08950952688653, -58.47200031596204, -86.63428848022542, -59.94017415979093, -41.589545140660356, -19.213748842095832, 70.43815170166587, -134.83749313310835, -169.5916719031873, -56.03789923296497, -82.79462036377015, -44.79864956094656, -22.69491126881262, -70.24071257451149, -91.14027626636447, -58.91816645387196, -15.450625780315436, 44.92991976594538, -113.87520997397424, -36.11055840267969, -11.860267292670061, 202.9547729547051, 16.45717619997787, 17.35262456473153, 136.25680794147112, 6.357949564921773, 10.64592467282547, 72.69033796100096, -80.8662733262112, 71.99887965783982, -12.828183931804732, -51.197352296128, 81.2991325747875, 8.329833120279503, -56.05192961089978, -10.271204914680014, -50.76061254389121, 45.04923502545338, 80.95143116919823, -29.320871529157014, 83.96815347751772, 12.870020344347898], [0.862310799559358, 41.40577911445962, 44.79514921494086, 42.81031175444299, 38.51906829926168, -14.111582044200448, 143.29554660895607, 55.47975277179001, 25.96938659327838, 134.19450163152837, -68.57125747793336, 53.98804654730146, -32.70716192924784, -86.96052672450715, -69.85567217514814, -19.57141515218687, 93.04841701512852, -81.29396502803586, 35.144289564121614, 710.9660152942255, -93.2954019919817, 112.1490685884861, 56.53648697659855, -93.32213988000744, 18.69306404335384, -75.10909035218927, -74.36657166092256, -56.22622174390434, -41.0756855430525, 45.55295671920189, -105.2352805801854, -55.69559347930445, -96.31304859521597, 59.0781830050491, 73.05388399692528, 21.745215263713032, -119.94624053730286, 8.50661802202147, -91.74197906448244, 37.66886285773387, -12.61338067870572, 70.96957906323671, -41.5605645675355, -134.8346091211162, 30.385624476902134, -52.740477942535726, -84.93610119883745, 117.94737391542728, -14.576139934970959, 14.535139752240335, 44.15420317058909, 60.33625811406684, 14.959127186277563, -58.563902242376145, -35.79907172664727, -40.23951537244605, -106.14576986960289, 9.536375490470304, -169.1318191336557, 46.097629198533326, -16.247744988421726, -5.625465135372727, 128.02021104385585, -7.559190539326218, 48.54485660023028, -72.40619224841308, 30.807655765716273, 107.67320106802985, 47.96549067489896, -28.157305973218506, 53.409351820235564, 28.413534049963555, -66.69651365027252, 27.89753821242704, -44.9426027988574, -30.581872986924104, -86.76485735008696, -71.23063088551832, 56.32423852982811, 41.287794683514626, 90.0357967841507, 83.38559240645584, -46.97482976932015, 8.744155275298827, -53.15927110103017, 28.336415212050504, 30.30832313042497, 21.034821627140122, 94.80273142743788, -39.617155881334845, 18.412297612677893, -101.55754872743978, 22.56123850295307, 8.95699378083084, -48.65759334103132, 20.297439527138174, 28.504720273913627, 41.587063175392, -63.57473818872746, 106.48809934047986], [80.0876750871092, 5.3647509256977175, -163.5397274591271, -12.123456097776945, -73.04258002285106, 43.22592081134205, -59.76996413745806, -77.68028182051468, -45.25181159331181, -4.702841536257004, 52.66450555942508, 19.8634114007558, -16.802132500364344, 20.688482607676654