{"N": 100, "M": 7, "A": [[[903.4864476989089, 109.64842897730672, 33.50736331325358, -49.75211755910217, 169.000110412179, 14.270323425134496, -57.403678326375854, 123.26556551277528, 127.7652045579613, 52.40324841784182, 86.1556479520242, 23.983465052062417, -44.749508136217344, -32.56937790379829, -7.476899989101276, -64.47907909541377, 36.87751613703313, 40.49866822475633, -14.802582375797895, 55.5692337517861, -17.748891101987862, -42.326515562388124, -121.17682596073283, -84.60876280473407, -126.12266423089845, -14.22513480919395, 31.907213717280683, 28.811061934588565, 60.28157463566266, -16.657603179341375, 80.68907784692398, -25.064911414908742, 1.3294933592598623, -31.82628658708164, 102.13047123279745, 72.6349602186606, -3.9787374931702204, 24.352377438775132, -127.46744758689586, 101.27935015435199, -31.444221273155986, -2.0421422065325476, 16.184383048400306, -22.15858662449689, -34.95712628834281, 6.300829015172502, 46.951200136520825, 32.33417995183883, 34.87551657055703, -6.861615382414251, -14.958531555925914, 60.65798039427881, 9.256987182928997, -101.89517254901156, -73.45448950115603, 67.90601616364496, 20.479736938274787, -71.44506378011259, -102.4102685742667, -76.19117121782494, -65.00585633528695, 20.505194825436934, 57.17796080487714, 46.946713462216195, -56.75461615444546, -13.45785408229793, 123.26452827215294, -8.043718917825302, 39.19135776439583, -117.1487044102213, -15.020347349655683, 21.24238054725506, 48.04879595876163, 47.789557619358106, 128.03428762257224, 8.551606938220612, 40.93442659994834, -56.29142300210544, -54.41298914050488, -2.71988056135053, -73.74945656014422, -111.50208908019174, 12.393686612297971, -41.03339819299291, 97.94865546875253, -114.51668864621155, -174.1994213129095, 139.20020739864646, -63.95930186095974, -237.26709320375585, 63.44291334974459, 92.24052752428756, -45.700700256244225, -99.32332564730366, -60.022680693984, 59.05490398714186, -19.596641113176574, -61.48152530507764, 131.14584941589047, 82.99026823426065], [109.64842897730672, 901.4122720867017, 90.80658143406812, -73.74444326475432, 27.742923897856418, -69.15035447442766, -27.979423250587395, 68.0015561270188, 59.855922259496054, -24.15547014653625, 6.362099669427021, -44.80906680288586, 129.69500916356614, 24.090166503001964, 99.88245630380379, -51.78593886017151, 125.20837466103613, 4.968375521061283, 76.50477891036141, 0.904680269646393, 72.01082774481328, -28.797532513585768, -42.23920905901757, -113.63613527473973, -32.941786440349546, 26.14601265154471, 26.434102520193235, 6.566962704294913, 89.20678148520919, 4.263092504119932, 92.88047007143241, 11.405904768135013, -83.16080071342722, -10.607831863643218, 53.09459141624891, 11.263777728281246, 143.691701674177, -56.457260850476175, 32.842687138297904, 86.98777773964332, -116.31651007116783, -120.4495838416469, -75.53808136700366, -29.268288789022055, 91.87537781887883, -132.80824732018306, 26.87445401549795, 34.91110749728466, -11.755043317372943, -72.54870872720646, -25.353990360471446, 57.606689362516654, 91.07499246843098, 126.92951042865508, -22.780517877011377, -105.16610085002179, -1.0691530090970618, -16.114829108170824, -23.618544554992035, 26.51132345763186, 22.208569291355584, -110.37373500865166, 63.27872374688941, 60.87473895108047, -20.080658283918908, -25.93245833921717, -89.82265261256408, -33.710341103827105, 35.723603362852685, 45.785068070447075, 34.660303717382774, -70.44747067112267, -40.35825185239768, -59.57973301525133, -33.2414879937723, 110.62873790986025, 96.80569605873178, -31.622164981117812, -39.258280381635515, 39.89587403419012, 26.99042368015329, -22.382193038753925, 45.17495992284713, 83.05155694215637, -9.012144095001279, -119.45225816882501, 59.71683846148151, 94.98757861069595, -113.53376888406089, 25.973791895951592, 165.07091121756596, -36.57689455901754, 12.96684904528986, 134.1477838586216, 72.41229695302398, -159.82481788463943, -8.928702859303273, 81.30691207348482, 18.934502377934496, 124.22757058324538], [33.50736331325358, 90.80658143406812, 971.2171745539133, 107.00708397923832, -227.7284346216576, 35.356908857364544, -78.30587021670776, 57.84768025686098, -159.158567969124, -134.46928172543315, 129.40204338170585, 50.695973719457974, 4.581402224365105, -30.76301578902825, -117.27242704199077, -89.79180879482338, 75.29132143789566, 52.23278588987593, -12.844768446354932, -83.75236225344588, -15.715488461058428, -126.26128329745133, -23.186035466355293, -152.49054288379904, -87.60862673770727, -12.135938998457304, -68.18309582073003, 13.050959404009907, -4.849905978717094, 17.516216864447617, -28.93134426934405, 126.56336848210798, 69.97432977798195, 40.24106671625651, 204.9812577856868, -160.04687682291248, -20.95099891415187, 20.589382797390076, 71.33302249340507, -86.81417295622906, 18.267409048969128, -65.99158676223433, 9.000596595917555, 63.028701820259016, 46.551360452939974, 65.64098937837355, 47.30563817289674, -125.58439515345765, 44.14459404662402, -0.5979406076385055, 121.73333291207277, 107.43221433060641, 71.86963061336849, 65.69838563818283, -101.41074689683927, 107.37928261917091, 48.61541592959805, -32.52966592416678, 85.87048027773766, 70.3966008853315, -99.13241717737246, -42.73209665219439, -2.9276495526251485, 27.318762466787685, 35.636944605405596, 30.659444292715406, -45.23884249257463, -89.09196233517041, -43.90978059928845, 30.582910482911768, -60.67766835122414, 29.164862966707616, 5.599866377011427, -35.73736959191461, 5.831952311870534, 90.95552049649034, 17.80440442802667, 140.44061014890676, -33.69103814963514, 66.58403382954943, -85.82763873472697, 59.334509466941334, 42.57871288734242, -149.45029269166577, -28.709691185405088, -42.87019155537917, -36.033242290334904, -68.55673071776351, -106.23068987113568, 59.260804711118446, -6.1830803636187746, 90.23271951621602, 48.49754185793945, -93.55255039005544, 38.019049721776945, 2.051568811814266, 114.36147904192181, 41.910135354459804, -13.77412681547803, 127.73298845521765], [-49.75211755910217, -73.74444326475432, 107.00708397923832, 1012.3393468288043, 4.666625812271159, -18.472685620031967, -35.55906296814155, 95.66983602619173, -66.13951148280935, -47.15465140717108, -86.45246056351242, -1.3108370412859225, -143.0415009024749, 82.48975110397984, -36.41081343310481, -109.73886687896268, 92.09756232399452, -12.572089036925417, 42.72159273484513, 7.695159367832779, -54.27524192356902, 18.427218582198332, 22.28841929263992, 73.09183966511323, 98.01539259306207, 51.86873015758028, 36.270935262913035, -5.758117490166384, -71.92179960062545, 37.51742945371818, 20.78233913657075, -15.647932996399991, 28.394207075457675, 79.39907994754394, 32.252945789497524, 71.22265144058883, 26.335370147617862, -36.32257841273052, 101.43025110523187, -52.15607995364031, -57.24344381222931, 131.10457398418916, 53.88486783126503, -32.30346790728941, 69.87216388025963, -120.05346670317773, -111.53006013218513, 177.40664948451695, -15.5707308573584, 33.35644240265905, -37.96711808540581, 32.292196267116125, -29.39566345077168, -18.332689599260206, -20.386033896528964, 177.83287753720705, -82.88959951888448, -56.70126614785657, 41.92905143892135, 41.5197489923079, 51.89523030557394, 25.938475347431545, -83.10020735288289, 74.19952078227031, 40.11599375878967, -79.09220474489067, -20.693550907896938, 233.5162603465776, -128.3819167903181, -5.25998471392652, 37.265265116657346, -19.260759300723155, -4.961703614274238, -1.3183729714549703, 104.82381897205686, -88.24435832141691, 119.4405195795573, -53.6892304958611, -27.386877317770637, 51.71819283084938, -19.522930273261714, -108.62933668866296, -91.15004865610162, 3.10116162414422, -4.255697570095202, -8.999726898238617, -137.95466105110054, -107.170802977636, 49.11816470997626, -57.24483329919834, 80.1829887822368, 5.190837534165469, -50.56556432483767, -99.67329512248895, -48.60337119826752, 39.33779046670209, 33.751935495675376, -70.7419041695639, -11.863414750539969, 68.49067320897665], [169.000110412179, 27.742923897856418, -227.7284346216576, 4.666625812271159, 924.4964114952365, 94.20985494172525, 56.44098245997434, -16.315693497645565, 87.3878865726483, -123.13365489928549, -16.224701808898665, -148.58016544209752, 18.33210337555435, 10.309330245602668, 142.13727921263745, 75.90726482895185, 54.143120175141966, -171.50483652301267, -54.264375194904446, 155.87653525081967, -144.87183378200135, -21.83325877955168, -51.661989888720875, -32.72140723645401, 81.67165041056138, -109.01895954643594, -53.86793952602576, -57.18218409840575, 95.63159656914566, -53.36252654462558, 28.240659366709508, -40.63591166302563, -15.590347113321773, -43.58405069597854, -24.091561618329603, 51.457561080827176, -48.49316959105508, 46.259603888683166, 57.31760669897223, 15.67176113332214, -8.32494920333014, -10.015752416186166, -36.12161951250352, -135.12206506963187, -2.7373640387716924, 57.001096613510086, -99.89906811113036, -62.76888692065319, 88.16881216797184, 25.217707360265454, -30.03526956660746, 147.75440252786274, -70.02968476790848, 69.98722618663395, -72.20912667142835, -17.404779345462718, 29.671357757168543, -92.4072640137008, -49.67222597321114, 84.26949843683592, -55.27240224825937, -99.98849685388899, 47.205549646767295, 11.037578428617996, -56.626548407247554, 27.28219133838956, 13.760831325220513, -32.2145304390706, 36.26977762985975, -56.045420660454305, 11.957428011392658, -64.69488996401181, -5.664149779179705, -46.04415349714348, -89.35030117814031, 9.32781754646441, -39.141021270843524, -68.8180750798797, 91.57080822390527, 25.540882231688546, 58.23762740038108, 121.74007589074327, -49.21412665556614, -56.92349715437663, 21.459318091563667, -32.67369443233052, 88.12994725570488, -66.5928801805564, 11.386485792220427, -152.6914467913143, 43.34626246208819, 2.3266615955485404, -27.361091383444517, 37.93857887951635, -16.293156518395584, 47.093578608345275, 4.666467763760779, -91.09101325254328, 64.33315474836185, 98.32312764546606], [14.270323425134496, -69.15035447442766, 35.356908857364544, -18.472685620031967, 94.20985494172525, 685.1219843127808, -3.075200657698924, 57.5780757617923, 117.37883657213256, -5.216590971295803, -6.006392497884731, 23.57681422853275, 182.49841984819693, 8.568143409650311, -35.16496739839737, 14.552733845623916, -2.9421730819198744, -51.65406493268862, 32.30576137097216, 13.424200598519315, -49.070735692439314, 88.75085105903045, 26.400079933481475, -54.375408244572895, 76.35394962565573, 59.312403195010425, 32.07891658401168, -15.993371138301251, -58.1110527505632, 51.14461130366455, -92.6046947955251, -4.365363748580458, 90.38277988733597, 173.77204368436844, 91.6130812403778, 153.69719991355248, 65.46674199233102, -28.759335167937355, 64.19568594930318, 27.261106531160436, -126.82822865972149, 6.532404035561068, -25.364427381724973, -140.6064780321541, 37.146117052418795, 16.980937484792257, -20.958907270767135, -74.76290129085717, -35.624510726808296, 46.405363104866936, -100.20918463251641, 91.80582651783399, -74.29075253472192, 73.70569636933902, -34.63478522233084, -51.11102724005373, 79.87256017231714, 176.90859683190752, -3.8431661214580144, 22.97044852298855, 42.71338953712844, 24.355181330095515, 15.973369627273502, 33.55382895631168, -41.776277733011845, -2.9263505935710827, 120.16181775153059, 29.79697765342923, 65.949240608037, -28.693964747264193, 85.26656248604267, -6.2703887841733, 79.198514183469, -73.72776562630256, 41.36122943349102, -69.37848069711485, 7.815909764223866, -19.808067601336017, -103.77907085139452, 84.5051206304045, -82.15657086954036, -23.14223370193169, -54.60339226112284, 13.726579364352348, -136.5792860019461, 34.31271559927907, 30.540451668081626, 61.61396015948257, 60.451696611522024, 24.818800735833097, 27.300163540647542, 67.87072919921248, -56.403499029460235, -55.41267703454075, 36.897741734086985, 68.70608094876592, -50.55599810454377, -116.94603862889477, 68.18528372762572, -112.89284106709451], [-57.403678326375854, -27.979423250587395, -78.30587021670776, -35.55906296814155, 56.44098245997434, -3.075200657698924, 1043.2680423312302, -124.54490922944844, 11.573218773255917, 74.58856177740134, -64.952290272703, 26.574892709758412, -118.023712673186, 34.88445366597128, -50.67137193782325, -18.079681492437913, -39.55498892191305, -96.61920967157458, 56.46448828878289, 46.17717826613189, 143.74684839922455, -36.7756371151409, 56.15210814354528, -41.091642174476824, -113.39128663124467, 40.95543403110573, 90.21484729072326, -39.57167067775761, -32.84608359101959, -120.28033874145746, 86.28947954184696, -78.2423639909191, -80.8906035250602, 138.70571164128793, 48.697367288025376, -55.51709812165909, -133.9032483441259, 74.35215889229467, -5.292754944406128, 3.3926013900381524, -55.77794576823942, 113.06844727860272, 46.71891107020953, 39.695686841170144, -19.571189113797878, 36.94006247258835, 61.07791085764287, 93.47763397656259, 93.874174689312, 248.13039606723203, -17.85335603758443, -14.439946158025377, -52.12593343726424, 66.22465575470366, 33.29788217826039, 44.73358402345378, -205.47271305050404, 154.0768119722687, 38.10148366968162, -137.22137340965327, 49.5043272711425, -7.048332890799193, -284.52549553525574, -82.34570310446402, -47.304265510715545, 73.7042992990841, -28.536203646410716, -12.213142706986858, 120.8105695771849, 98.30326557906763, -165.62678476456335, 62.626065586197925, -33.51433018900259, -104.16277293770082, -135.55779202066034, 34.106816421910196, 29.207018042797827, -92.06388808668471, 107.2059776037367, -39.11976622446734, 63.606438543495074, 53.4036769182217, 22.85604580510333, -127.4634729700817, 29.640009308988635, 158.31857254761735, -69.282625938176, -7.218820276750034, 60.277449872097385, -67.7347572532246, 2.9710824824895146, -61.39925664188871, 236.3576998436383, -71.21323784154292, -8.965237775260235, -58.66224601918472, 62.70278623946446, -148.86642738174484, 115.12916834054028, 80.06038705657824], [123.26556551277528, 68.0015561270188, 57.84768025686098, 95.66983602619173, -16.315693497645565, 57.5780757617923, -124.54490922944844, 793.4865689325819, 14.726708827890038, 0.8394768711154915, 71.156345629031, 76.83124777151608, 4.699604010347199, 69.9769018508668, -9.050668587688357, 63.50785335365817, -2.6393009133097594, 46.09494983641853, -33.06325980218646, 123.26824347367948, -86.46181160631292, 109.36195517075153, 103.27098701819689, -17.70597278014854, 6.494230914927358, 40.29388414410479, -33.78816746887235, -48.56052323852505, -73.10762834642165, 69.31220834787143, 93.24125952329302, -98.82110230190229, 90.38589423243303, 20.929863132893253, -40.76961268090314, 32.3035199375186, 114.2678218270088, -137.23697352247464, 41.024348642531876, 90.66318520531351, -74.46750826742303, -91.23052169139734, -20.343704277023342, -62.826932622463, -45.01065039237714, -18.55893178082332, -87.89761202220352, 3.479679311169472, 16.183349551950702, 141.36220822165947, -5.670430402058236, -107.73691922698956, -96.89459450020448, 65.4692915107782, 184.93719337890977, -117.39655314303648, 111.10393937982377, 21.9049772546492, -10.9141625899606, -72.70422359354643, -167.2749686212643, 3.0741448731230974, 49.8864907256011, 131.97300585220995, -89.3714388915524, 17.198586772430946, -126.2326702785877, 18.30769781396285, 32.492011954359505, 127.79731318829613, 46.943239233993324, 90.4058988273074, -3.838480998692191, -21.481722659642447, 45.364545911349154, -19.865548652417022, 28.353380801446303, -12.257004002377307, -15.482357416015509, 45.703087112967026, -34.60973655677015, -77.58982278611423, -90.81498880577917, -106.435293136258, -1.9370260879555021, 38.61950699631229, 34.482425780895994, 24.196014524719114, -39.08376592850416, 62.75195963207135, -67.67640307003248, -4.64256509855455, 101.30081899656012, -75.19310227345625, 91.90758765833482, -69.7136156324403, 51.51618934577769, -129.9479959524744, 122.2003313003042, -0.9522729527833145], [127.7652045579613, 59.855922259496054, -159.158567969124, -66.13951148280935, 87.3878865726483, 117.37883657213256, 11.573218773255917, 14.726708827890038, 789.1248536694784, 72.82393875802165, 110.6726478503073, 77.2974412131437, 99.47845635088709, -12.047767886787268, -72.4724610707639, 96.8732935180194, 8.87889201153358, -0.2469371440176965, 21.391521939853558, -116.71699411937686, -0.7201865401708303, 28.86066074248292, 44.276110850493595, -46.93874958281962, 7.704451025266783, 40.29119742372347, -92.77872256740855, 2.0495420915178117, 15.881521641014197, -24.641384361448768, -33.008525871954745, 70.00943718131728, -54.3149944226622, 29.404748922763073, -73.26335314196285, 23.319440639896815, 44.095412427338815, -73.80471243287138, -37.90952997796492, 60.755926916311665, -74.75761080620045, 40.154457181319046, 28.587111246192336, -67.08883675340749, 28.51345599698381, 60.41538361158481, -135.25600977650004, 82.22642466792095, -160.98492090041822, 32.93932074942524, 11.429803027486688, -17.136640658371963, -96.07246463251143, -20.893681198438756, 78.50913016338666, -11.9799090787865, 49.73795376519192, 22.17860128856585, 49.75944393960849, 136.2230548726725, 17.531198398734283, -31.353591236929113, -27.982889397744618, -65.40635615349734, -4.524273031380144, -24.353966460834055, 140.0685254580078, 1.5193875630605826, -38.09213575846774, 188.7796160983957, -30.34157668217978, 117.7894374378743, -111.15834332484442, -92.46400190660272, 19.219932841463375, -103.80022130093695, 119.57478532720843, 31.56945737689012, -40.7098468736957, 55.71154749207652, -4.0052508583194815, 98.30416667180434, 50.81173201194643, 97.72544336522014, -18.670503957691988, 64.1300072303298, -67.67124053357696, 39.06344331896415, -2.3772551907599464, -52.163206151342315, 49.54004576483869, 61.08315282245491, -75.54392764929167, -96.50911614761013, -163.11509702156957, -31.616825209432736, 74.92321798779098, -40.042899927181075, -67.85409573882153, 10.405175611892384], [52.40324841784182, -24.15547014653625, -134.46928172543315, -47.15465140717108, -123.13365489928549, -5.216590971295803, 74.58856177740134, 0.8394768711154915, 72.82393875802165, 965.5620322304856, 48.11976057349807, 56.84976636842343, -141.33394665036764, 37.199965248575225, 47.26134239245874, 67.35352686979056, 6.8252509020677445, 20.19917840045355, 111.18625242931923, 10.48242854088087, -4.603484702711647, -14.793206245539519, 69.2604511852306, 23.640499561305454, -192.17019845360574, 126.62507425903223, 62.59182960131326, -135.43902215270944, 42.70422451283141, -39.486497329183095, 35.293533093981104, 13.787609483792696, -10.234984792019148, -38.8724538349875, -20.350872533187253, -27.368440368666064, -57.051883729437726, -15.425785460548456, 35.88329792858777, -97.18641994356409, 37.57740506193464, -27.716087111897135, -89.3263684073194, 72.92651360730537, -76.8631098643712, 2.4281376569979267, 59.39860613090293, 92.3529404608632, -89.23655685549456, -10.340436865775853, -98.65338067255824, -74.30442580225612, -39.04722977547525, 41.25003925567623, -132.20066538345046, 17.804453655554973, -3.869043654700225, -194.2856726598938, -119.4387197420746, 4.575150833100848, 122.94611383810388, 13.17614541621536, -9.555827938901658, -64.21481529974396, -108.33346832360292, -24.099409443314826, 63.78944837678495, -32.539233613833204, -86.9583163353235, 11.825530135662994, 144.58969247018237, 37.55239239628823, 13.154007308236379, 13.743988604069102, 109.80830504006221, 5.974436266950953, -13.233159981870973, -88.18073098866488, 49.48876806920558, -109.08898318942202, -33.53522252894533, -24.973650283512775, 37.55350336087584, 49.103833544792316, -42.56019025235819, 41.339037185904374, 183.15980046314738, 28.9012383856864, 101.15346003602991, -67.4210154851554, 24.30713804740143, -18.460100146693488, -82.13461208782262, -28.49649017009699, 61.932759528942334, -22.630670468803196, 37.01068456563544, 9.645474361484732, 18.023388497937813, -67.00304640603649], [86.1556479520242, 6.362099669427021, 129.40204338170585, -86.45246056351242, -16.224701808898665, -6.006392497884731, -64.952290272703, 71.156345629031, 110.6726478503073, 48.11976057349807, 879.8850617454077, 19.26910098083908, 79.33596269054752, -27.060695610769994, -216.83875683698489, 12.234988491567734, -13.322332146760054, 26.77101551387627, -10.735609527919872, -2.865809556611709, -60.97435860892669, 10.737335327065322, 90.32275242024636, -50.597150370225194, 5.51353022111325, -90.89293459614998, -74.10688092337786, 39.21827355396102, -0.2791265672877369, -79.82613787305486, 68.30272959062121, 28.90366412891266, 29.81329049395466, -46.32297937566205, -53.669975363084426, -4.594621412751839, -55.884268127038105, 4.8490329997088715, -26.976187063798697, 13.014528210255907, -3.0098414183033717, 20.996369886464, 17.521794629658643, -104.10862179659411, -43.179867668282064, -149.449548575946, -126.68603380259876, -107.73974201540167, 26.760196814524438, 66.54089953084927, 36.95987795046419, -17.701709090364698, 79.64534702088416, 63.916264574156806, -90.20234873806477, 103.63931995846308, 5.776979021367998, 11.819436782450653, -45.33649512460535, -67.659449921952, -37.4629279458498, 44.70263571682275, -20.757270047938764, -95.86232035952231, -173.01663310661635, -35.63357457610481, 12.06110672199999, 62.99403196243436, -31.264020919590724, -62.89651241197495, -99.7904294215108, -122.02151094717043, -119.68603966536985, 64.51392259875888, -55.88871438276158, -57.732115629523776, -22.977864730354238, 50.25885758444678, -165.18661423781805, 27.34244226024783, -49.62496351963635, 106.10925194944824, 89.61766127273566, 26.62090783635622, -15.316721864958017, -67.97935648544328, 67.21545561007342, 58.04489130684245, 43.38058345985567, 113.39809840267657, 120.43744203059612, -72.23035845391338, 200.61044172704368, -80.57283664965064, 20.844607803537425, -102.06114062846272, -69.1268197346379, -20.15921882067629, 2.025307341044201, 47.098105297554795], [23.983465052062417, -44.80906680288586, 50.695973719457974, -1.3108370412859225, -148.58016544209752, 23.57681422853275, 26.574892709758412, 76.83124777151608, 77.2974412131437, 56.84976636842343, 19.26910098083908, 900.1904720778281, 20.2119848800511, 37.41067044452365, 55.849877839588494, -3.65511955734765, 139.99111455000946, 73.39268901309937, 7.811872990217554, 52.694341726628046, 40.06086377638527, 29.0050743401245, -39.76165640888483, 64.68635121001704, -45.299778321500845, 18.558815509932398, -29.92306908069486, -152.82201286135248, -43.39143078896814, -38.51582034776988, -23.364058251703344, 16.920100214373317, -51.019023860503765, -25.205094271686274, -35.64956687722755, -32.36312677754248, 86.76722050374364, -81.3408738041286, -1.2834864155200243, -107.45519016777686, -2.817752853045123, 113.58684536975504, -95.8986325469465, -33.595487990498114, -35.52259388201285, 128.92331211034957, -26.994824803650843, 47.819716430785206, -4.849068173038175, 79.79338868680895, -61.11626797956911, 42.33873766245954, -111.24834465400669, 73.23423933193456, 91.01768557630287, -68.90215037086726, -16.855317158956904, 25.589188045607862, 111.03473490015466, -38.81287599482979, -35.77529651731333, 9.102626571449347, -177.9066213051123, -69.02386518297317, 179.95098176585077, 85.51089790466177, 95.98556166766116, 84.00366760076727, -46.06590147050168, -57.30863006845013, 74.13489318818546, -35.37094994257346, -30.935669810763212, -126.56709072541085, 55.724474270874005, 84.37152075310108, -159.46038318827206, -218.93785598873828, -33.52061217494357, 127.6184695433601, -31.121175208208825, -111.73223304516515, 37.311189676314925, 87.52374994665435, -35.49156699345444, -23.91472161524052, -154.4932142062484, -50.146924933839614, 131.68613157445182, -72.80432994690142, 27.246744145830334, 75.37731093179569, -43.74970456100617, -103.46050549839771, 37.33889593094947, -28.95980943835973, -76.59984939598651, 6.134654652224503, 76.3839224222584, 2.5742540032976216], [-44.749508136217344, 129.69500916356614, 4.581402224365105, -143.0415009024749, 18.33210337555435, 182.49841984819693, -118.023712673186, 4.699604010347199, 99.47845635088709, -141.33394665036764, 79.33596269054752, 20.2119848800511, 950.2308333122355, -20.85735856434176, -76.05615390479801, -22.650916369985165, 69.31003902417504, -68.18367269143606, 35.70668248763432, -54.80940361586696, 179.98309150194441, -18.18548051612822, -62.46993984345768, -164.1833346695291, 45.57189897310185, -125.58725896200637, 81.30860795593428, 71.38399519668734, -44.167638586193526, -10.099059748809427, -13.06075712516453, -0.9415703967459321, 24.458347615302234, -147.81074446147184, 44.771522585757026, -103.63331551504628, 62.12702213860292, 17.819498352019398, 113.28892330536944, 60.993307985572855, -26.929525198246953, -61.29133152526104, 26.24659387373006, -40.10281686681762, 126.18724447974121, -4.986893234794681, -20.486520766699748, -128.69222375591804, -78.78276564037344, 14.5966433874962, 87.70389341939041, -6.1140612809528285, 92.38258599944878, 43.043392061172725, 88.14377183723808, -11.266840499707076, 228.52810229228422, -63.707109943171766, -4.272512925407588, 18.083256018079965, 74.62361020043772, -19.677993041951517, 62.66013072374957, -75.34467943643689, 38.7572541215911, -138.06165494647493, -17.12519593717559, -8.516454419379105, 79.92904394914615, -31.727615926374934, 132.45704132351054, -175.11148256802448, -140.1981644723742, -145.33000914627044, -45.76253108106958, 22.458559083429222, -53.72969522492277, -9.976228512328586, -49.44236472497203, -31.676139384263692, -11.870762389395141, -25.03666292161211, -48.8905728216274, -39.0679279992681, 89.2815372556396, 13.699657248386153, -27.094421922451787, 89.2545934427301, 135.93270890233177, -58.084944534086716, 70.16105278755137, 52.71386837689421, -77.76474096816067, -135.2479100019622, 26.967130090229833, -112.31458725104663, -28.52778430368574, -1.5246416490136736, 46.919752549994534, 11.831114270575947], [-32.56937790379829, 24.090166503001964, -30.76301578902825, 82.48975110397984, 10.309330245602668, 8.568143409650311, 34.88445366597128, 69.9769018508668, -12.047767886787268, 37.199965248575225, -27.060695610769994, 37.41067044452365, -20.85735856434176, 1008.4549407631425, -40.902002105063865, 93.36401248783868, -1.4398384109528775, -44.85344477119694, 49.39765768000339, -29.02021997678141, 0.7967183741650209, 16.287113189960262, -60.652925738608985, -19.662762909490194, -56.8761223000374, -61.94043510905021, 7.034896063324361, -126.35303005216177, 26.989787814935493, 89.60177031875163, -102.37922209825383, -153.62575243163664, -91.88504802548049, 138.31660231467836, -101.09658538319518, 120.51264834688853, 6.800202522267727, -40.967161303108476, 50.06010571518473, -31.201397786984625, -177.637981674332, 48.60963711613065, 46.823473927094604, 163.79692587424333, -18.259446068639306, 38.11344822040581, -70.46980962263315, -141.32235973054594, -158.9269686729253, 5.579320918614615, -19.59044757653462, -109.39886400846261, 77.16331564500047, 44.64010796540064, 105.22132794818152, -229.24570002933388, 40.92944988018919, -99.5009425673284, -62.10997295366049, -72.99729596537622, 69.9613481053665, -144.43139476785984, -39.24747597918483, -19.46174856643353, -53.14959217121584, -38.76619089982308, -9.091395983921293, -18.908778782350726, -44.451327246466484, -162.14346405044034, -5.67579546938835, -106.5641878948767, 53.12348124293212, -18.428103489983307, -53.35558521466914, -8.338698375933003, -64.49567683801547, -116.61613122921501, -1.0043473571074482, 110.3097606888365, -26.2800083075868, -68.63690551470698, 13.217634038670225, -144.118408338708, -11.634889636966273, -16.432449431759984, -42.368128798220816, -84.86705177482203, -4.70748544658076, 4.406448671413246, 17.275688433505774, 70.30687081831448, -87.42456861417318, 119.52832786246147, -158.94311498260112, 43.04998288954298, 104.73763058051726, 3.7071936516814037, 38.998820725373456, -37.45556651571417], [-7.476899989101276, 99.88245630380379, -117.27242704199077, -36.41081343310481, 142.13727921263745, -35.16496739839737, -50.67137193782325, -9.050668587688357, -72.4724610707639, 47.26134239245874, -216.83875683698489, 55.849877839588494, -76.05615390479801, -40.902002105063865, 1062.1187129661073, 114.5216042217933, -52.51854601942158, -36.81856362627407, 48.552719024302824, 26.81359038842727, -81.16014956663807, -187.16778518825257, 98.90884029412098, 91.69414580746998, -29.666133704286487, -75.78950651548155, 30.901792155372977, -61.196625224451324, 81.51652386454808, -38.54917712488023, 82.12196347577625, -13.518291467742747, 57.640741514932614, 43.592708791908535, -3.014189697194214, -60.723813353155975, 16.8959071226185, -89.07973130611202, 36.962114885044954, 84.24009658917946, 12.584895914966951, 83.80913688367178, -75.63050047733525, -109.12840001018829, -56.92119421685289, -2.6657348121688287, -63.7983449044834, -73.50236248858381, -54.71337340310486, -39.280249212406275, 78.66815685769332, 60.05109106199154, 65.56870459759449, 126.4500674664512, 106.71536055864968, -18.51701229143761, -43.60844724944172, 67.79620234549962, -15.014318129746032, 44.04775778396777, -112.3568124006402, 38.35858363726853, -67.75386092357769, -81.60997877482214, 17.997987677153308, 105.72011243301581, 8.185578879823504, -61.735663505727196, 78.19920054114239, -24.27000844070245, 135.77920440331664, -74.6500091026651, 13.626931756017802, 316.881778666227, 195.60042966472648, -3.779480047240073, -122.14435556718172, -82.25071031564592, 66.50764724054591, -82.7061936642193, -64.5282541599299, 72.9135839594203, -144.977321166202, -47.22933353240071, 73.45810431729934, 45.23160583859207, 129.19749362023055, 49.339303173046936, 38.24370335541991, -88.99317921186191, 14.951075180948614, 3.5043103063474454, 54.76973504108827, 7.349460000532296, -38.497061633390665, 3.8343887245367227, 94.09250052281321, 37.45997420207605, 55.26752979508647, -0.6394721413407358], [-64.47907909541377, -51.78593886017151, -89.79180879482338, -109.73886687896268, 75.90726482895185, 14.552733845623916, -18.079681492437913, 63.50785335365817, 96.8732935180194, 67.35352686979056, 12.234988491567734, -3.65511955734765, -22.650916369985165, 93.36401248783868, 114.5216042217933, 830.4116336137292, 56.51053870251235, -56.15186100863113, -2.2118850315252545, -2.8047238451280627, 2.9063885343501394, -30.52435435823592, -100.2089763729051, -171.8837670730829, -44.57041039899552, -61.30310001797916, 95.66144510889224, 52.20436129174447, 197.64525289562374, 49.389419015339364, 92.93764327739441, 32.93089407661329, -59.64470210553585, 119.01708069007526, -70.14105056371397, -2.485294170608248, -20.05140200715891, 0.5578191079855904, 69.74883778008416, -24.696357349593296, 11.170871341075456, -46.42667686179998, 145.65310621785616, 4.606290764334997, -37.71054982358865, -8.465870253989083, -174.5173598843014, -5.215610535877579, -89.60467602271922, -63.73429385473763, 80.56047455266994, -6.960526994750807, 25.873399337294344, 41.89737013645492, -73.59121418196969, -10.730258681883443, -155.12236128520672, 91.58603059187499, 138.32007070254554, 14.298785583220306, -65.25393145484436, -59.360261222991205, -68.04988769995632, -25.73381553164185, -18.80886104059167, -41.01470261327358, 55.69069265150707, -57.31895865229828, -58.58867660540008, -47.58017752542868, 91.68788541420825, 96.19415263318507, -27.41746475611625, -2.4115063335077247, 54.93910180417037, -1.736896856765206, 65.05695984383631, 15.575111619962474, -17.220318158686833, -62.04786875453135, -45.45022676746652, 27.068500657340984, 44.945718197031084, 53.652377018529485, -144.6101424484631, 39.85086554184401, -44.63327133568474, -75.89170886924073, 46.05182937587117, 80.71126949565432, -19.18456873073632, -66.23909984555367, 12.249565850629995, 156.4938653471665, 56.859051756708894, -135.78068492341166, 35.79072998780824, 53.93391135181529, 86.01806344562308, -18.765410958837524], [36.87751613703313, 125.20837466103613, 75.29132143789566, 92.09756232399452, 54.143120175141966, -2.9421730819198744, -39.55498892191305, -2.6393009133097594, 8.87889201153358, 6.8252509020677445, -13.322332146760054, 139.99111455000946, 69.31003902417504, -1.4398384109528775, -52.51854601942158, 56.51053870251235, 779.844357966423, -145.95079202932314, -97.12247174928991, 36.158485536601326, -37.571213674348805, 116.55175079096936, -44.57438830166558, -120.04406640276534, -98.0526992610014, -4.008101923893621, 35.502949731669695, -104.03227427796845, -83.32674937457024, 66.81225310252643, 2.9074043920719213, 32.15450674027318, 12.290862701412628, -73.11482349435792, -0.9797922834603534, -52.967071783715085, -8.256224237460039, 20.915592511933188, 45.319556741150166, -18.457555778735205, -111.38397735958556, -6.809445851628269, -68.67943362089662, 9.374231926393854, -92.41456367031705, -14.353564143671493, 112.35691087685267, -20.792313603712937, 17.149944886581217, -87.00483196131276, -72.5065657103922, 70.83527892503206, -99.0681553811059, 6.4123807206121155, -64.98861791186259, 47.62387754336572, -2.5366901833569546, -24.602762513037206, 80.35075008060558, 125.4083842960638, -48.29771628042485, 58.060277950080966, -60.04361270048975, -100.57119684461334, 58.77593860684368, -34.33756759357061, 53.3453770379266, -58.414198391964405, -141.91858464616755, -27.75427070311307, 28.80247864045394, -39.15707045787831, 114.56916043511576, -80.99865246280925, 7.353721555746548, 46.837026318787835, -43.002971835799194, -124.26308937035752, 36.51461573069759, -121.10651971905233, -43.15380065804872, -20.832019498017644, 61.85182390406655, -8.083714319938855, -93.92627775703748, -48.49740541191171, 71.22063292186067, -46.16497966043034, -102.6420182667757, 40.10872142375491, 34.18738009125019, 48.86193287691292, -95.90015242565016, -112.76837299819321, -16.766315534823644, -104.14012389665069, -28.734618027115516, -30.111783495886318, 72.0246931284149, 132.91656601541365], [40.49866822475633, 4.968375521061283, 52.23278588987593, -12.572089036925417, -171.50483652301267, -51.65406493268862, -96.61920967157458, 46.09494983641853, -0.2469371440176965, 20.19917840045355, 26.77101551387627, 73.39268901309937, -68.18367269143606, -44.85344477119694, -36.81856362627407, -56.15186100863113, -145.95079202932314, 812.5920098097654, 94.27966184617303, 58.25296646292044, 18.883823515551644, -95.16644823832858, -17.45889258191631, 126.29614315301697, 79.53740817236442, -4.060640921570536, -40.38033521276712, 18.92520656222747, 36.9149608243026, -49.683104160373944, -13.872130524410986, -8.924727944246511, -5.5605966849262165, 21.87536116350604, -44.436799844367066, -133.56186829322473, 71.03585889634086, -119.25710747758643, -63.83421934870575, -71.800231857804, 38.6158815914671, 97.57278415647168, -44.46240729277681, -13.099359969849711, 150.24148201612587, 199.39054403163271, -101.81722695806383, 51.60242324358509, 9.338768750512166, -102.53820877022297, 25.034825370551495, -5.8550557777786665, -86.0457714995284, -141.6507798264184, 56.15181905309367, -186.63228696264858, 101.56715067176606, -18.572703331251617, -66.71845410583283, -57.83499872462269, -84.2569211869916, -16.62997134246177, -68.38248858976954, 45.02723424825427, -14.699064184324325, 25.974938620640135, 114.31312920319426, -19.658604249423576, -23.646434165383965, 5.373345412546806, -4.325753082854704, -22.52501514307546, -87.70573892026434, -58.190692869636756, 96.52208140433008, 65.98574566431103, -9.232503641100298, -7.415567850056869, 11.026118766488256, 75.9914334132034, -1.154194010116986, -14.541595007978556, -7.469694394151262, 63.26583275558367, -83.27225193613455, -208.28322203950734, 26.656114507028803, 82.67419876941398, 66.10241157120191, 4.3961277301060155, -9.967886820461212, 21.202836191477772, 70.19171151947106, 26.17869158092294, -22.198914493700126, -6.264996763952558, -40.045393195648465, 49.15151889688701, 77.77523805285935, 52.44307722180206], [-14.802582375797895, 76.50477891036141, -12.844768446354932, 42.72159273484513, -54.264375194904446, 32.30576137097216, 56.46448828878289, -33.06325980218646, 21.391521939853558, 111.18625242931923, -10.735609527919872, 7.811872990217554, 35.70668248763432, 49.39765768000339, 48.552719024302824, -2.2118850315252545, -97.12247174928991, 94.27966184617303, 852.0113982948554, 65.53850865676435, -28.010212719133015, 3.2463047229651485, -0.5339411844529351, -29.149640670767567, 109.8606023239452, -5.7748240291392205, -91.28308613676604, 27.355332756803275, 53.25337385321876, -79.3970404359805, -212.29425445074625, -3.0920866792950283, 13.756040875654099, 36.58450277211278, -28.17567382715139, -173.6810236071987, 57.18587972347065, 74.34608215357329, 40.48023785166632, -125.29336631233639, -44.69252023707862, 90.77235643131483, 52.632073836807685, -54.65348978524405, 25.85605651573685, 89.52195471726803, 52.724335618544565, -91.59410204562508, 149.2030576820355, -14.271214050918585, -16.852793562427046, -91.79343743782255, 28.99888217017641, 15.35412887292324, -90.17246998858886, 44.427108335908514, -158.0793027096551, 70.90177122911624, 19.189693296883604, -58.360790394107134, -5.61788481127397, 54.50221156469046, 36.98184044750331, -128.93907942962258, -11.574451609221542, -57.25362313221094, -26.463865083591287, 56.06377140504081, 32.408099300518565, 37.70420454222758, 24.082548057435982, -22.311768925588208, 34.54414938983215, 76.51947955671004, -21.195475557850198, 89.22098198899872, 207.007706631289, -12.370019374067699, -111.28009518277585, 11.718313876985137, 10.438559995206106, -163.1276876569785, 36.85417992615249, 18.730905794564155, 101.38061730083817, 8.588462672593629, 61.99415258655009, 13.080718432849832, 11.537455654818599, 47.895005728667364, 52.23944650648675, 70.0307050352237, 50.41289504875087, -120.46603802208605, -2.9457859441480685, -112.14568281921822, -15.240004796061246, -72.88033036866412, 137.79621222609998, -5.857099238220433], [55.5692337517861, 0.904680269646393, -83.75236225344588, 7.695159367832779, 155.87653525081967, 13.424200598519315, 46.17717826613189, 123.26824347367948, -116.71699411937686, 10.48242854088087, -2.865809556611709, 52.694341726628046, -54.80940361586696, -29.02021997678141, 26.81359038842727, -2.8047238451280627, 36.158485536601326, 58.25296646292044, 65.53850865676435, 855.4826687451693, -10.358350135102409, 42.15717176727623, -3.321270178756391, -28.460087588041468, -42.97351664296636, -9.430079981158709, 73.430235211955, -2.203705951244604, 32.326005156995706, 22.19731870099994, 87.26748376666906, -16.786051195178093, 143.7301877472864, -101.51506717308821, 70.43911025164313, 23.864318433861175, 81.63145693251494, -12.189582791387283, 51.680150989005824, -106.86768881277845, -20.601720954039997, 50.252092051987184, -75.37156102136643, 18.39118954441993, -3.1870231095190595, -47.84785561418107, 3.245069511731932, 83.14787247567611, 52.274557819547844, 116.58867915717128, -51.52233487102416, -67.49631384104286, 170.8376170533578, 50.52271683534674, -99.67926196317694, -22.743712204402303, 44.99229446690743, 43.3371043033297, -79.07900550777704, -33.20259405275334, -41.08923694379395, 54.71674490320552, -75.27772568709457, 19.910424289494703, 58.35355266637902, -192.1662725773809, -90.741744476309, -35.13162509261031, 59.51797923925537, -57.847362395423644, 77.257971147899, -37.61301282590685, -54.56523016427738, -66.29009487473269, 39.720585823739924, -19.00125526634374, 3.5459119595504878, -34.87436015554151, 148.07298129142166, 44.45125970918104, 157.4423751935096, 5.22655035228685, -20.047767747538664, -109.86379633529594, 3.6359549035532823, -49.74620664417964, 25.45665412650442, -82.3166367155866, 12.979067319089076, 88.25276138431904, 44.98196673436651, -14.453140074371834, -28.609977270270118, -15.233651879366153, 64.73645608317166, -27.771178931308842, -178.08417276477186, -27.313307687041302, 30.270033685438893, 25.759335036105952], [-17.748891101987862, 72.01082774481328, -15.715488461058428, -54.27524192356902, -144.87183378200135, -49.070735692439314, 143.74684839922455, -86.46181160631292, -0.7201865401708303, -4.603484702711647, -60.97435860892669, 40.06086377638527, 179.98309150194441, 0.7967183741650209