{"N": 100, "M": 8, "A": [[[858.7824789952541, 34.33865911672321, -50.4015860728299, 16.970205420069107, -45.959815200506895, 31.01025516156022, -79.39855976896293, 64.23189684034435, 46.319910300052136, -45.44486688696945, 66.0880429336098, -47.33045465317875, -22.560892314511428, -34.44360032740698, -3.866407704073477, -107.24624620146959, 156.22230438644013, -25.644695352741575, 32.806506152034395, 34.582278451505886, -35.65034532914706, -34.25404852421271, -27.96717492401401, -89.62813862869956, 24.923606396224738, -79.28937635722158, 28.462735952334665, -113.1461632245041, 19.419803417970062, -29.99997118356086, 57.38645620825965, -72.56034631262573, 87.53606267474991, -41.40106042448405, -80.95676328800519, -38.40652120339768, -91.41026981678223, -74.20250254890156, -75.26608110828597, 100.49368292221298, -118.78972134979885, 0.32686341691241383, -45.71809876993606, -10.457194787104461, 13.655226015002093, -62.21144577274048, -17.43362398755655, 13.83512453848155, 64.2815836972523, 77.76087854857789, 6.545989440477998, -52.73400664729421, 79.00413248143177, 45.286099451967104, 27.446163079010315, 94.9483346211315, -40.318829401050436, 132.0667460299409, -8.13698246521755, -119.14131785807564, -85.91428931809627, -50.763357311655604, -113.68480727866535, -13.418020524581268, 64.8427773889129, -21.25765738073369, -119.27236781392831, -1.4959448510236422, -94.30215649843197, -36.780802283263355, 35.105729980671654, -144.3121092379096, -103.66452194704165, 76.75770923137009, 33.59212564292016, 126.84731172037488, 21.771360486721772, -42.87062764195919, 80.32849674447156, 83.16743018803211, -64.43571670096863, 43.449610121637896, 36.76381368842008, -1.5291122656658662, -6.387586450222643, 196.7518325435958, 55.958699490327525, 3.6067782255377754, -46.52103842523461, 39.017269208658476, 50.05703673863055, -10.041328207474548, -5.375187219414616, -92.6645325576734, -24.512589888679376, -73.27407967238298, -176.2530522844067, 112.6290924041332, 88.88178578620932, -6.868911105820685], [34.33865911672321, 837.8549299933807, -76.40668871337189, -23.24473506873174, -96.16651778787413, 121.8011213722395, 10.830888203152744, -7.8092656759281525, 57.18793682677004, -132.45165755709152, -45.17212156818054, -6.7057955880443, -78.87221844903702, -21.417513454133456, -43.15129671894605, 49.034376211832004, 20.64356882098713, 39.515378780565236, -98.34567716106827, -26.725911625735066, 81.5158870081721, -126.77576008723437, -26.95978040207486, 13.611454960907032, -19.266588339279178, -37.26918775282665, -58.239963142751876, 27.24256568818114, -4.138480830632058, -31.93808189100188, 74.54921647322786, 89.17221559958456, -34.195078538504085, 60.27711550678396, 98.78873947135789, -123.5726231913469, -74.85990636481928, 61.70320489826822, -10.445210329217185, 40.38263993829481, 39.21515430345537, -100.34435305624646, 123.36443542164247, 65.68631641309004, -89.72668616805852, 27.70298196627553, 77.8836771613725, 0.9762799643192597, 236.52385534345137, -24.909487727971005, -10.544139150193967, 72.20534652655219, -25.43541135005153, -145.0384542268657, 59.0234972241586, 11.643182948889054, 20.945849190737515, -7.1583257174115325, 17.540423404077153, -12.749658052908408, -30.971458475779507, -113.11905429392694, 13.75617720610271, -20.649699472466974, 56.46277652719563, 36.231194361311914, -0.19597366041595216, -60.734066386740885, -110.62293978449607, -58.769786838290166, -2.629815357039707, -18.914963100969864, 16.034541334838234, 25.92256537890216, 114.15547754907033, 0.7794633859033874, -127.56477835141561, 58.250770018877, 44.31031811941818, 21.051839285486565, 23.586016673166345, -90.13475731299134, -72.258364105683, 4.593331232085222, 57.29732850017325, -41.040557948777995, -14.004749856107203, -43.629306789847, -3.2910807369788135, -86.70388210057877, -39.73079172955681, -46.76953114168977, -113.47935183563733, -87.39492913819588, 98.31146757728143, -45.81810556746006, -12.978681189325496, 121.99462477798694, 64.46060919873429, -158.2454960627086], [-50.4015860728299, -76.40668871337189, 936.5049866426025, -6.36946951942543, -59.87251705178389, 113.21945307003314, -122.09127393819544, -93.48196179958337, -34.448540929226404, 65.97696824510506, -105.12413981843598, 59.63488984186122, -25.58236724421955, 72.30596355184272, -69.18912731897261, 56.28786456632814, 38.1786937869818, -1.8615973225962452, 29.62078673473172, 18.19714474674186, -37.03091106183678, 74.86533550466672, -5.548321491487252, 89.87016392975889, -48.64341895301452, 90.22841225339971, 79.09872380248316, -88.83450270052688, 107.60459710975714, -94.04125874712135, -36.436727350984306, 61.0347777105206, 6.149344836997073, 24.729980105290824, 59.0385377952704, 135.9645200267902, 10.613453124017623, 78.34144703167279, -110.81199819970305, -130.5374474351722, 105.10239744588267, 157.89765149170077, -79.87536515706587, -91.44848908253537, 23.116617298273063, -3.3195871729947557, -61.8273364868978, -43.399748887522726, 51.94607009820531, -63.47960994742049, -76.56650513960501, 36.251324712775286, -96.19167036335843, 103.13371710642181, -84.43291689535347, 143.27299002609132, -18.150333883712182, 144.34660995755442, -14.128280398353363, 110.69533906317321, -28.12393536297347, -31.704806294558132, 19.25112518601689, -101.18015862365895, -105.9760619511861, 11.987314183800825, -42.917143155397575, 21.87179089182284, 43.05764634028716, 9.844418081465246, -7.738889948060609, 11.407888517274033, -14.893271721258783, 11.00290664852207, 171.0953894292376, -42.35455844723853, 56.595276307087566, -88.18797717246828, -53.108117618554424, -115.91997576841105, -60.34140384967631, 62.39503161140446, 54.88464263503723, -54.67746150975005, 8.504549326051638, 9.664533874873667, -58.788561422342006, 15.693730606717308, -38.58871817022465, -50.218661271425155, -19.80879165728387, -146.44927831197626, 10.641668296182347, 52.55489621887665, 13.977781568133278, 35.06986719905066, 5.7595474692343105, -33.11452490870612, 69.42418903120453, -31.613371868778483], [16.970205420069107, -23.24473506873174, -6.36946951942543, 821.0208334379971, 44.416609341279695, 76.21249890643803, 149.0534770819204, -88.13024047012568, -12.561567600889747, 9.517759459921843, 44.63574009536861, 79.97827524023113, 13.408325132910898, -31.551674200923266, -20.47252493830878, 120.07095647909648, 33.12079514169494, -8.202830809768939, -47.20768836035287, -5.306796638989246, -30.555172337734508, -17.641229698904407, -106.58895519423993, 80.15752272250144, -46.725244170401986, -36.38595390451271, -46.206457904888296, -147.8996519745437, -37.432160859329336, 91.6542036538714, -78.36796651820652, 71.41568487310612, 71.43160486062969, 160.3190545934753, -113.89316840120323, 101.25492715409807, -34.39512820627374, -39.29663821343096, -99.75303456944647, 44.84135135233142, -53.04977501529126, -116.12249390307578, -12.816728729769986, -189.09702565887287, -38.29367383371296, -118.36073563444799, 131.89592335712237, -40.42475897130271, -124.35754462264705, 149.97142763412504, -16.96580154765887, -184.85195173006588, -32.00128590185289, -38.3834869832386, -10.427460264416027, 2.7284482454496493, -1.1751335246067438, -52.251999543651834, -54.083363799743, -92.05448135017691, -102.30057164261683, 31.602700657401762, 135.28946146545783, -171.36756977133214, -113.50981700170497, -33.75207811770093, 117.90173310131239, 53.559674847732815, 65.39289215241266, 16.734975897934486, 129.20803673273645, 39.7692013488761, 93.21086371405922, -85.31365971254414, 9.059208836030281, 39.03132851050547, -130.60257038516107, 6.895075240077184, 49.69735051439639, 81.19177625908684, 23.129146215612636, 89.9912114264826, -7.826655849428057, -66.13545417491426, -7.281205785124971, 24.118017458460987, 107.29538991378189, -31.067250624921765, -85.06157470153845, -41.88200381023913, -35.60488366290102, -51.11560808346737, 79.25166752811744, 16.546829273938037, -57.82774129479078, 45.25394112232909, -5.509314920942041, -9.180985833488107, -2.188502013795491, -108.48504208877763], [-45.959815200506895, -96.16651778787413, -59.87251705178389, 44.416609341279695, 984.055719121662, 56.529823846192464, 5.750829639741741, 170.54615008526005, -34.373840417130154, 33.71791049835082, 83.91329669709366, 68.70345913539754, -19.807757343376448, 92.73646437604688, -51.9853616625066, -22.69448616918666, 39.21899010135329, -15.400339847615635, -2.027350228661315, -66.13410457728001, 120.76412514126216, -27.52145968952483, 138.61983206081592, 36.44774218763851, 82.4142520556637, -66.7462831548905, -25.733998869807625, 131.79781135517513, 121.71824605504418, 7.24700217283444, 16.736049984361177, 8.90233083081142, 50.22228986759726, -19.916365175084998, -29.234321437205537, 16.98376017304417, 46.419743786870995, -72.87426791968676, -19.96678505095218, -82.02256657375816, -110.49475416092987, 42.35873253182569, -45.8477656892544, -51.84258584097233, 43.98084966670046, -114.76635573726506, 27.673207244562246, 123.34667008188089, -9.113121616067456, 74.41525546345245, 55.133932421189584, -93.7871160724898, -96.93146784088908, 58.89340864629697, -50.623066222884255, -5.341355004800165, -39.10082439288326, 44.38372866893263, -22.39439714874792, -122.36271266647736, 72.38915949869086, 29.434544522947512, -0.8030636764452009, 67.52931685222039, 77.82223300937996, -33.85924653534001, 16.5382588059064, -84.14844211159615, 93.18392187112526, 0.7197971070705239, 23.076856916800498, -17.063815805802154, -29.20639058634962, -161.69298940354548, -57.234194051345185, 3.700469044314687, 17.52062148737842, -143.7910977703513, 25.460084135501347, 126.40874773166111, 133.4270401535635, 32.139960416619495, 19.638008775215276, -99.05181650730374, -73.0494621668612, 100.70497045691813, -50.341393287317345, -1.9103609327017779, 20.878988091822446, 47.78403642170343, 13.50005233482005, -77.26299189840785, -51.94021778170585, 59.95548992205186, 84.71160640484757, 23.494825451837634, -18.190851436130206, -59.39111896868107, 28.113848760641762, -72.21731800094634], [31.01025516156022, 121.8011213722395, 113.21945307003314, 76.21249890643803, 56.529823846192464, 990.9680375067653, 40.30118392865804, 90.80543101188668, -10.6697827680788, -17.787509361950963, 138.70590110087508, 81.52628749771169, 50.93207138508097, 21.51603006273084, -24.48016050829895, 23.708411616943927, -11.563943721836981, -169.90626087292168, -41.87201628896051, 102.63775986852217, 18.928543395859176, 25.822359669303687, -132.39003296836916, 24.05421971435826, -39.147534474761244, -24.40065520259289, -20.523782751584147, -37.48434801561463, -10.832951798964714, -48.847691619729524, -2.4408239415729325, 36.97145962347331, -0.18972614571378207, -18.89577617852514, 22.539575581205398, -57.35725986325145, -185.63621127061842, -168.72319624300184, 19.459108682357435, -43.90129020841365, -43.0402876488264, 41.66292504916332, 46.88494202714493, -105.30430481439882, -12.244057215633319, 80.66561264958482, 125.75258295506428, 67.38812174919956, 62.11801271248282, 45.22101395988161, 124.53438348733016, 146.61164779683662, 42.40370828831328, 14.35031648619522, -77.03821101928318, -57.29303087585049, -79.56585716975125, 87.79634159952506, 17.544304033432056, 13.28647489657041, 15.276206364786534, -17.85558753224007, -34.14932263460432, 72.54743685440928, -60.096278563940345, 5.490189850196507, 29.0664010738323, -65.7589360584209, 8.30328034058575, 21.00163513665674, 128.69945955518486, 7.66971076232475, -182.4887594527698, -52.92767331235525, -76.51278806445629, -13.768352257255685, 14.042748622516353, 67.0923156363153, -17.175319750871925, 116.80186949913549, 30.517019299660703, 71.80024948789085, 155.03917497966, 19.30781956115769, -71.20722624574353, -68.6326020426542, 19.7777239367631, -35.87260404814259, 82.62413350204616, 15.230340703922966, -41.81695756878058, -72.06314958643311, 37.83755259720838, -73.46919175463422, -4.843811515356024, -3.6366275167562394, 66.805342427158, 19.29028098493237, 32.85963251817949, -73.09819357460913], [-79.39855976896293, 10.830888203152744, -122.09127393819544, 149.0534770819204, 5.750829639741741, 40.30118392865804, 783.726411824594, 95.57468320222267, -67.26936621709031, 31.774159858469964, 104.33480906733615, -5.907408853484624, -134.12911416236003, -41.82558193671392, -86.42669856318876, -138.00975749398938, -91.91386667833093, 26.19355171385596, -15.53821196608751, 32.7353728707052, -54.8099148116023, 31.883139565385882, -47.66817771627626, 5.874337031843877, -0.6712224845326501, -93.13127573920113, -58.10942043426096, -68.05857340545715, -107.98168935303808, 4.27759402954651, 67.23343398413662, 98.55945821907405, -29.283441200265052, -22.6878590282187, -100.25068005322402, 54.417909809172336, -73.75767323477645, -51.993079322442014, 11.183675195850972, 10.62127302326624, -52.73636542339041, -124.2210411576877, 136.62261522149387, 16.848960628431154, -97.73517603813983, 36.085059460795975, -19.0029040251379, -126.02857804255264, 0.32843332600853836, 35.98784193414037, 105.073995900284, -76.75776972298046, 56.25345456629318, -107.10119388212834, 153.18246370008399, -76.39943469464417, 43.64889669563238, 62.20934625086142, -48.902931245652745, 48.66256155042996, 108.54503872391805, 64.80308406581196, 86.27430401042488, -118.21562170923535, -50.94586758492266, -123.28612426976487, 58.63362001094897, -24.293086197919596, -13.701669102085901, -26.290867709809387, -20.5611389926428, 19.37989547164461, 83.61991235849082, 30.09690825720881, -12.840707856733266, 3.8844029596553833, -150.37280334016202, 39.043540968349696, -21.422680159121537, -17.63846925639108, 13.238473604630608, 107.46263265587649, 10.114102867797113, -4.524488459875481, -10.87655949729093, 32.35077753359389, 80.13322202560404, 55.726487075261026, 38.85260166704118, -43.572512378593366, 35.536978933947935, 44.183517393449215, -15.366854309386529, 135.95778228599218, 54.230270525504594, 1.7616565457201367, 31.81000284655937, 4.222435140395294, -117.32932885665454, -54.84692797556272], [64.23189684034435, -7.8092656759281525, -93.48196179958337, -88.13024047012568, 170.54615008526005, 90.80543101188668, 95.57468320222267, 1024.4687640354887, -131.64771627279507, 89.36713807669754, 89.75255628184297, -116.95719192706974, 36.36399556264627, -14.77683401797339, -7.22528756747276, -7.952983888075694, 106.9691867055633, 6.06465171116888, -53.47496095914809, 36.08001804211538, -33.26104141010491, 43.49407333116389, -85.62016169764213, 39.78732813281631, 72.51037812466267, -212.73764578608635, 117.60869352305492, -85.69668682907805, 85.27516092448684, -54.97576935811527, 18.40165062758041, 76.242765284841, 5.463350902112949, -6.389146186061137, 62.38521214239427, 33.27834555825274, -4.866404558545388, 11.853662759858187, 38.751970329200454, 3.388154444897201, 15.463306123089222, -118.23217896539222, 124.23503462624282, 23.59599008712533, 14.79044210536241, 100.822671272723, -57.074359523178586, 22.195964479174037, 24.398820877044106, -57.377038803196015, -5.258475415229888, 117.1941161570426, 48.503602027950144, 104.36847261621776, 26.41822701877094, -57.03394159986522, 55.44748258963297, 133.26382657777881, 131.6169982227133, 86.95208465694652, -45.516946470818176, -23.55943228143278, -44.65764111531678, 15.068878773153688, 168.46334732100686, -118.8404438365274, -59.18041806366093, -86.38535037550146, -226.41524685554245, 52.84550462637194, -79.99942091793011, 6.275709663047404, -25.820105154517478, -55.23758199822724, -55.76056446483558, 50.68358333190053, -36.85953287235857, -25.023975720591828, 88.34252811153962, -30.505667052057515, -56.034596372422634, 82.86410125806454, 106.63239266904614, -25.246505637471586, 7.934155523379585, -131.07342411612643, -60.805310286635496, -198.49521270261755, -23.726560690975408, -47.93703974468204, 62.4536308214274, -53.12466893528501, 53.3703475262735, -29.814671864111226, -36.291919017238186, 6.083875232985056, 45.62736555635028, 156.8411101113315, -40.83183089726303, -35.088068426381085], [46.319910300052136, 57.18793682677004, -34.448540929226404, -12.561567600889747, -34.373840417130154, -10.6697827680788, -67.26936621709031, -131.64771627279507, 935.1847683848545, 24.2119569108996, 41.29269263147958, -80.93164710653825, 40.09489452147083, -19.777904685343497, -52.77957784094506, -20.521256753464822, 133.0412678790448, -81.55183162707807, -58.155940253689515, -1.4987542548867685, 54.152249784860025, -52.62421053457489, 77.84846420104505, -89.91623712069125, -10.522500011014298, -31.167017402203232, 82.1703063064914, 23.607271612352317, 72.98801026798769, -10.03704723355742, -65.05953255841428, -99.99016770527204, 67.06662424001682, 18.713389322446133, 103.8508982750382, -33.69989275156384, -29.089582730592667, -14.464526034510717, -50.459105041796896, 75.68962995231894, -20.322292057374106, 50.89325027710441, 45.23536781876211, 18.845479796721563, -56.4676488882669, 25.166083200184303, 54.04681782268209, 36.90113681853275, -1.139131834357264, 38.113419415508375, -120.5692872504446, 121.68538406423839, 14.239950084990383, 104.26552686385428, 46.38555352650188, -43.07777794114742, 38.91112730254013, -39.76241160483897, -201.91730718782136, 60.601750825034856, 20.61965463675084, -71.12819166294727, -114.20979452327654, -40.43336996771152, -36.85186473980172, 22.74718219614483, 72.22894087380332, -16.369408719876414, 29.860625302953547, 8.373644186384642, 105.68196002814163, 40.547799012648674, 104.25184708217864, 97.6464973992636, -185.89456913139205, 86.68350746862869, 27.329462591403214, 56.20485582293731, 45.75945271696333, 47.51942948728379, 22.364102360165997, 50.06921999732478, -73.84270179382025, -84.1628074143307, -169.94280749018665, 68.63553005493075, -75.87330546123805, 144.72803602101055, -57.552828023259764, 43.42548124667677, 122.08247367018399, 4.178055190930603, -104.07965468046291, -58.63477857579397, 7.3809673127467725, 43.09635592011339, 13.701525503136814, 28.21829899796544, -13.674529706707368, -42.42658492100677], [-45.44486688696945, -132.45165755709152, 65.97696824510506, 9.517759459921843, 33.71791049835082, -17.787509361950963, 31.774159858469964, 89.36713807669754, 24.2119569108996, 821.7192460962923, -2.9048008759721986, 103.0555828977157, -71.81522007407109, 19.213868954405786, 37.10301056896719, -39.92656435139561, 84.69512161040942, -47.82668823632843, 17.723140280956464, -34.90953623638882, -17.37904469791941, 55.541461381325234, -10.189303085422482, -46.744029745126745, 36.42564257584772, 50.06383371286607, 73.30056201496954, 8.748685431375343, 101.98300934247202, 8.238113495485608, 0.6469157785724103, -55.66324944615369, -135.0131925436704, -167.2687031448779, 95.54337456271064, 127.13601854947743, -33.58135823257839, 9.916504577306155, -16.717878379758808, -58.51148889033467, 47.314487854172135, 195.00930979023124, 25.23406974900049, 71.13479277656091, -62.39638107825046, -80.01771784312672, 113.52082656482206, -20.710638589071976, -40.419365111248524, 53.549395694441124, -64.22474994862777, -90.98925899550329, -31.0431333496765, 117.2202325540005, 106.92520177218502, -68.24011725775031, -67.50485294244261, -62.34762997961691, -2.640517262615615, 74.80246468203381, 100.50405150201807, -71.41110359641651, -156.7515321988176, -64.57592264946048, -13.712730333396943, -141.4664284578401, -48.96693529012219, -43.27025764195925, -36.90460020652081, 76.44878197082852, 17.971833242704363, 49.66355871069083, -5.006584163286019, -26.934753392887604, -107.91923926744329, -62.29469248609524, 51.14766787472634, -59.733874674381596, -13.512401586352999, 121.34691864579143, -47.74949801228224, 87.78223927886631, 51.44717772277359, -4.302839687272625, 34.61804284830245, -15.14153406268941, -68.68830022321089, -11.99686979288045, -48.26607251289326, -26.189070183392737, 43.432787429433425, -14.778494721285936, 86.47156456545389, 48.316659952922954, -1.7139782985138414, 24.00397749210923, 23.396177772726087, -111.42354456388121, -65.22471951755057, -63.85556539799488], [66.0880429336098, -45.17212156818054, -105.12413981843598, 44.63574009536861, 83.91329669709366, 138.70590110087508, 104.33480906733615, 89.75255628184297, 41.29269263147958, -2.9048008759721986, 835.2657832673544, 76.05631962331464, -149.803372965863, 94.72240012792632, 47.87431730885516, -38.81495596580524, -53.31661086172269, -73.576891962408, 22.325144415430863, 37.81752866372158, -0.30782927666257354, -81.15720667465672, -47.79075565032003, 28.445174647008503, 27.238201752621574, 17.17415741088276, -42.82708484790782, 30.609965403695778, 10.542982128405804, 81.55073260105854, 38.96471571374022, -150.49273316228778, 43.73725027513858, -38.43060281631813, -9.716939575493372, 13.922035409740054, 74.70631237621136, 52.27314286476869, 25.05206263636958, -17.106833596314846, -24.353869898540136, -27.26811419246095, 123.54843119893344, -63.254396998503935, -68.68745615523505, -9.247212078381109, -1.2394655865124948, 21.942318759208202, 48.645447813625175, -49.2597244648492, -32.95983352813194, -6.497738585463844, 102.11076315994144, 10.051192883027381, 27.814271944466697, -109.91353808725181, 60.82720680311464, 49.514492619675686, 114.53317732864218, -23.063018937062424, -40.57246841619103, 98.98693426992004, 45.60711043969278, -14.750284094299081, 38.97510539173003, -78.48351271156551, 38.35329715810513, 13.001669480588214, 142.48978740681088, 0.07576200172542327, 106.30671818610577, -101.54847819919557, -91.49890093639803, -40.547503971616436, -102.8183102836548, 48.27687240022413, 38.96512581574615, -111.29636468365211, -14.308205259878465, -14.056861994133147, -35.37759773006676, -53.83888458292635, 27.439240114060226, -70.64871016456279, -27.423321748207584, 33.964585137098084, 166.39666074156756, 108.91058496393045, -12.596978409625027, 96.10422601453291, 10.032364338371536, 4.629959263825524, -86.35641080160357, 105.1398330424413, -82.88745291353618, 103.67947473203988, 71.28125164182465, 174.58223334944302, 16.84587828117924, 90.47813193643447], [-47.33045465317875, -6.7057955880443, 59.63488984186122, 79.97827524023113, 68.70345913539754, 81.52628749771169, -5.907408853484624, -116.95719192706974, -80.93164710653825, 103.0555828977157, 76.05631962331464, 923.5834310575306, 30.717433013412435, 65.53176747311795, -118.9454651422605, 22.51698573655957, -51.83107997797265, 16.07767300805065, -73.1560123913229, -45.23788353442861, -62.629362978691304, -11.349608687896811, 46.4569050772959, -28.35803895876169, -75.20875043327638, -7.732341818255475, 27.716452685196824, 105.10507686147618, -10.60339923827852, -7.030356131429081, -72.15739754920074, -106.80541295291096, -71.84253062712135, -94.93131879270312, -180.31970516161712, 24.710532603456496, 44.4918374678351, 55.06066624183102, 54.372110632961316, 7.701818186762875, -63.917204515517795, -22.94716477565898, 16.281854162838105, 17.459330476053, -148.9607493945288, -139.99490912452373, -39.44753649656446, 23.532618200687473, 70.93170051415666, 52.26768059492725, 53.02597191718237, -42.04099390776374, 7.255092849635492, -0.9659916759247242, 4.542454655315736, -101.97623723273874, -1.3761163056872447, -60.16353187987834, -55.09461413753407, 11.321388579809582, 16.844546932588713, 23.199604091533942, -86.80442286681588, 32.40871176585207, -69.46972323302045, -83.60268320637927, -8.710790978648829, 50.34685933038894, 32.65978558035583, 64.79122544458122, -46.55286930287034, 71.2805332632288, 165.02142397952292, -66.1264678103204, -84.54264943485497, 131.89320166759234, 31.402427803925626, -74.89403489765031, -128.9920182169382, 94.97586220188533, 96.88904183320567, -41.69217595700618, -58.36609803212829, 96.83046671259079, 5.8494424599497785, -107.35627175716711, 33.29123317362325, 4.11083659581784, -96.44567836421368, -92.00850473978201, 2.689995396113356, 80.0474790519669, 29.265803344349877, 39.12773496469234, -133.59104072228374, 62.627528971751104, -232.17822065726924, -25.584921156353357, -62.802035044514916, 19.44949601344107], [-22.560892314511428, -78.87221844903702, -25.58236724421955, 13.408325132910898, -19.807757343376448, 50.93207138508097, -134.12911416236003, 36.36399556264627, 40.09489452147083, -71.81522007407109, -149.803372965863, 30.717433013412435, 981.9209276428455, 67.57358649113328, -40.50256000354222, 93.0004652092843, 56.825784985620025, 67.73818529672609, -63.887676589332415, 12.872730930917397, 65.84387646937125, 131.14354858755445, -69.418007733587, -7.533736044966706, -124.00606828949924, -12.84997530588474, 37.696884269470644, -74.89004402968827, -41.1783998093687, -74.88911857392195, 17.377232888620657, -73.97346849703503, -25.429575943897596, 13.067113071646396, 19.381374303155894, 91.7766486429378, -44.594963116562056, 40.05582993497397, 101.37102331969236, 224.73873664158143, 0.8157883401909796, -89.12456107506227, 84.99972126116828, -123.10432056492354, -157.3155684254177, -106.15034298616102, -3.9830421179644917, 140.67207533330568, -127.7829495392132, -12.752765568774137, 22.74886183968467, 113.71648479899224, -19.360924079963596, -30.75979938518358, -62.457658926759244, 40.609543304571694, -27.648160179974766, -14.226678840069606, 66.87156058224217, -34.14370860867884, 119.48222244169975, 3.6512822225157824, -104.94072317037893, -100.46591180325439, -20.3351989394713, 111.3795854985844, 39.3119887193183, 110.07482706700333, 24.000345247368106, -87.90778551273357, 56.49107701088487, 54.27005209619638, 24.509961072198262, -128.0069469222459, 64.52656693327904, 36.69617061375866, 23.73738491968773, 85.4299272287202, -8.513018908650732, -33.732425819229015, -90.73130972811774, 11.273706994824662, 123.13391768970726, -6.856636768718837, 28.2361943640237, -71.26533121839586, -61.08816052810046, 121.43089916853661, -5.964858685508531, 24.11240506027071, -111.7892577811072, -89.66219226891441, 17.48834439088241, -65.84093507391799, 65.66049173326425, -22.753580904618424, 208.6250437332311, 136.39766779559446, -65.39047482570626, 146.76858283048836], [-34.44360032740698, -21.417513454133456, 72.30596355184272, -31.551674200923266, 92.73646437604688, 21.51603006273084, -41.82558193671392, -14.77683401797339, -19.777904685343497, 19.213868954405786, 94.72240012792632, 65.53176747311795, 67.57358649113328, 1015.964442353694, 76.5410716346443, 50.41091317977237, 34.89742430711252, 67.21746551577822, 101.58438614843719, 41.59047592776269, -161.16302310084532, -23.66876754635644, 40.14321624054063, -2.379991249859288, 88.01776216068383, -3.835318329262599, 5.424363026607899, -75.16152251139495, -33.10736004122955, -72.62234078384351, -63.178715769682675, -4.048526547362184, -35.89599889656293, -83.70311390408992, 31.729095980101487, -68.16175172666452, -23.935683209789644, 19.273896589989825, 113.51989380920264, -57.166674278924845, 47.470339441060766, -188.53916806855787, 110.00643511580583, -11.86251998578802, 81.1952879945192, 42.559620921609145, -204.38851376616364, 40.413075484980496, 104.72305396091781, 61.97414730911909, -117.31637064254673, -8.01800765980192, 38.83331824284882, 1.145012288122143, -78.66218324850749, -16.341553391102394, 74.51622116438938, -44.00834510813285, 7.209967109350576, -40.612053669014685, -112.16457901662667, 253.4989098522782, -10.729145171892535, 28.533695090287775, 180.22960122181246, 33.29487004609773, 5.686378389735012, -111.65169078648431, 158.73405450000277, 2.2296114010463812, 12.785310012280602, -6.957437500503436, -8.489801755017304, -20.229897465488346, 42.3670659735502, 129.30139337813884, 56.328984959219056, -105.90659482310834, -7.888911690731955, 39.49373453941526, 30.348547376569194, -37.5784586385573, -44.77892227309713, 7.446735920337704, -160.6921218438038, 57.696803161846724, -33.51469960602848, 148.06508169984576, 42.98148188457364, 28.80282459120375, 58.32241101659539, -162.6792141085418, -158.52332284992514, 8.7213640811296, 63.08930418841255, -54.96758827809505, -8.885715593884838, -41.80955851490881, -34.87519224104054, 43.98793995328785], [-3.866407704073477, -43.15129671894605, -69.18912731897261, -20.47252493830878, -51.9853616625066, -24.48016050829895, -86.42669856318876, -7.22528756747276, -52.77957784094506, 37.10301056896719, 47.87431730885516, -118.9454651422605, -40.50256000354222, 76.5410716346443, 878.8291072310797, -118.79528945044284, -26.288256174952966, -84.31006077761137, 50.40199245123261, -15.13417943312047, -104.45789981388066, -16.85336125325825, 83.79520186568124, -53.63703548041437, -28.5904966858785, -116.2294029637496, -159.12996344299793, -73.94763516414204, -47.254089197642, -71.63554990845593, 33.03624479966078, 138.66463948214903, 9.653449563368834, 32.368900593031555, 40.20926993863671, -39.64201112025675, -36.96206746168176, 16.371749804656318, 42.14226089287551, -152.6045397685451, -36.0181752124811, 77.55624231341079, 63.29303507374265, -37.59534139484969, 107.42546519270367, -61.61243420259649, -60.79988602576692, 64.47653945231977, -72.16093866660661, -45.227050269725574, 16.973175027658037, -108.600401649814, 69.58902962977082, 1.7736982610469552, -44.088899457096446, -56.55042888209949, 11.229651909711864, -23.852786452686864, 94.50318058417467, 99.01625178294789, -3.8944033148796007, -19.1458702136754, 13.638632319215493, 33.86284568538205, -50.82743319123263, 17.85908747038135, -36.79001312277965, -67.76747189855189, 17.520945946660074, 25.592648627211048, 31.58283451948125, -69.37776360857521, 8.076903677267437, -122.30081214886302, 6.086964046523812, -71.4869600741265, 106.48827255133857, -83.53621508831657, 17.13284891669481, 111.88885909104913, 108.56336925455835, 9.584104386899774, 24.95310768614219, -77.92259155453779, -21.477357334998235, -21.394230849338456, -33.66698842750789, -9.534735457693259, -15.89196436262226, -56.396594552816715, 2.167984740614064, 99.96713469857919, 34.80404877443252, -11.699884220536397, 73.67406006839607, -17.403259966983384, 24.849192380114516, -80.88873721431145, 29.60047751133013, 26.064700907326493], [-107.24624620146959, 49.034376211832004, 56.28786456632814, 120.07095647909648, -22.69448616918666, 23.708411616943927, -138.00975749398938, -7.952983888075694, -20.521256753464822, -39.92656435139561, -38.81495596580524, 22.51698573655957, 93.0004652092843, 50.41091317977237, -118.79528945044284, 743.314894501291, -19.97541787321296, 65.19683161907776, 60.462847081697674, -27.820314642068386, 17.151336573587752, -4.907913221153597, -25.33249004770939, 56.32074913598371, -118.92730401084623, 78.00999899171495, 72.33850077270844, 29.404750517761723, 44.03100785333772, 75.82053042417655, -100.6742205206294, -26.38036042883922, 101.90828385602514, -30.40583382603106, 58.722347968355116, 14.88487342510305, -7.999521251530229, 63.8413547607269, 4.699481904860428, -33.388797974118745, 63.15376456251627, 50.8566002703063, -116.09396250285934, -40.35951654134772, 8.67672365882889, 21.870106238962016, -0.5103669592167475, 10.647172792659251, -11.740934910936225, 25.56501400029276, 33.511465166094894, 72.43024743831538, -93.71369757693404, -7.548608469519077, -139.7020033423302, 7.52207819667742, -150.0083320536883, -158.45371612669206, -16.941242937363853, 128.41774489848103, -29.54544307263788, 84.89222367522142, -55.26638424849201, -49.530357958702545, 11.043677298053346, -35.49168846038032, -63.223179550890784, -16.356869109554548, -132.93085827166388, -4.656533204649304, -27.37739906512998, 55.68421694346148, -38.00769778575178, -18.02803159962176, -7.573677468122849, 94.10495619065038, -5.466731651867353, 41.357377424994716, 27.730076921890074, -149.8617432364314, 22.028180826876696, -23.326280696541367, -35.7256944618543, -142.1803687078517, 12.102826297380572, -56.5588929137601, 39.856038656095, 61.66349428456054, -59.81992421663272, -83.34005781569482, -40.40139623262384, 50.27452357869532, -99.17059436927491, -21.320893441631156, 100.34613166405013, 95.0806197480977, 67.00371755273038, -24.184260836371433, 14.00491184225328, 27.588758710357684], [156.22230438644013, 20.64356882098713, 38.1786937869818, 33.12079514169494, 39.21899010135329, -11.563943721836981, -91.91386667833093, 106.9691867055633, 133.0412678790448, 84.69512161040942, -53.31661086172269, -51.83107997797265, 56.825784985620025, 34.89742430711252, -26.288256174952966, -19.97541787321296, 897.5239243850217, 71.608666125318, -38.83884926788662, -73.86740818046904, 17.231554652515936, -19.40437077681898, -29.259363063383912, 7.348506939971189, 1.159198334310527, -18.067111153525502, 131.64992232659878, -52.521580240552915, -37.211906813475004, 160.0356402658189, 39.90915041695816, -34.41721202543693, -33.09391598586362, -66.660364535519, 172.87804743350807, 149.56579369585177, 74.80015361417757, -147.54051831686408, -26.998722645912846, -2.689395731808212, -26.653554280521337, 131.96347408009925, 106.46802798088873, -70.93264861913666, 45.0366981761096, 27.659011148123962, 43.93957515636221, -32.147567151612876, 43.744352402255544, -14.799492865761371, 147.94320781984268, 44.76332009903566, 88.5723166716926, 32.39242259976866, -92.42167057512171, -24.510988152695454, 92.58740684447385, 26.394977441891413, 20.364313350908557, -27.60462844612539, -75.70711508322866, 43.80714296511985, 20.292675436743405, -44.46268367368302, 34.39644101830708, 96.6226256920667, -34.15087331428141, 12.214945106428784, -104.00757361510013, -3.0579321146763156, 104.40251848281316, 139.86840961123508, 98.61992007288681, 55.63738316303927, -92.43654266420783, 16.850078950222564, -101.05908453729721, 44.24561304316067, 93.01519139080202, 118.7057185715855, 8.060640088306918, -92.67819414878852, 81.14624256045347, -17.399270425341083, -104.34236087657274, 26.390418172866127, -64.86140155392677, 19.27137979060036, -56.11607777203207, 36.551260252755085, -19.97730591151637, -129.18527204309626, 15.201140147074183, -54.96700887800965, 7.873536823243285, 91.97194552252685, -39.069760449232035, -7.968988273892424, 1.3235272010208066, 54.026486568789885], [-25.644695352741575, 39.515378780565236, -1.8615973225962452, -8.202830809768939, -15.400339847615635, -169.90626087292168, 26.19355171385596, 6.06465171116888, -81.55183162707807, -47.82668823632843, -73.576891962408, 16.07767300805065, 67.73818529672609, 67.21746551577822, -84.31006077761137, 65.19683161907776, 71.608666125318, 961.7621131202587, 3.8621607184849265, -97.02407498868642, 27.694871834712725, 16.65676034863872, 38.58008016492141, 28.429883269426, 64.92624985704911, 87.20541311433128, 102.9918446142483, -8.280236797935519, -13.430789082124592, -107.74098394997363, -72.38760948254101, 44.909711733363515, -85.82565559682493, 16.788968329924728, 113.071584230915, 160.81199364799917, 15.09813471591231, 154.71235329668087, -32.73351681768285, 85.71168199979255, -30.237016061733648, 9.444835314472037, -103.17804938721866, 134.3248993272764, -36.28836339089928, -28.607452223071974, 71.1914565588554, 17.819589199003836, 111.1155463275722, 1.2961108668391115, 24.093451725465144, 78.50336580889842, 85.2438994435685, -41.493961464101865, -81.937098997418, -90.22853740238564, -39.45267941837013, 8.861110546630774, 49.06271636166719, 18.82166822385307, -65.34955124269267, 45.24842816653746, -45.27913226352989, -30.328913498732245, 148.96089288243127, -134.84839636775652, 157.3958841208917, -34.12793677078388, 129.2184654841345, 30.35131282606686, 81.67577497212935, 109.07818580996341, -68.81979127437194, -22.63189935444173, 29.59207410501534, -41.53839631064243, -131.3885568304718, 51.65592346442629, 41.35857347185598, 72.30191540545198, 15.34106149678219, 90.11061695730864, -61.419120256366526, -42.58213768761181, -74.27597782520792, 7.0503267252603035, -129.07822112250776, -65.15899616021105, 80.48137336320613, -58.28205266235323, -7.123015891556795, -9.18533537962749, -81.68718736218135, 13.261860308422632, -26.942228910311073, -26.606189978700844, 73.1579676324132, 72.3679360496279, 29.295264975116353, 32.2315722868499], [32.806506152034395, -98.34567716106827, 29.62078673473172, -47.20768836035287, -2.027350228661315, -41.87201628896051, -15.53821196608751, -53.47496095914809, -58.155940253689515, 17.723140280956464, 22.325144415430863, -73.1560123913229, -63.887676589332415, 101.58438614843719, 50.40199245123261, 60.462847081697674, -38.83884926788662, 3.8621607184849265, 893.9018701508461, -14.002498526428262, 15.076807072917731, 89.15694791375253, -32.78889341699978, -11.703955754105968, -100.91148730435087, 40.64674968051667, 55.997334695175844, 69.88371402756869, 19.753536987004196, -12.996363878114922, -45.35384944847232, -52.89634055773456, 13.501217258885507, 65.12992754277903, -85.8778510297548, -36.653958137577, 41.282871557804995, -46.76365323016835, -73.3228813470886, -64.23424450073391, 25.793386305202873, 27.514236933093834, 17.824005417034932, -123.8924783814651, 151.8264039458138, 163.74976054995614, -9.57997159448949, -6.561281192243335, -115.57353988711799, -92.22882489257508, -86.55674737021411, -121.7711767077038, 132.68244407992108, -98.76927636627005, -27.015513989201555, 14.732224155577834, 39.117670874445615, 13.265385827757312, 124.2528929745621, -28.508129792497865, 22.140078555202603, -98.98934788803375, 36.06168911104367, -133.90869490671494, 98.11082578734782, 13.423490309269006, -14.362010931493325, -90.44943175439359, -27.727081807321145, 65.61479160719665, -157.92979282173147, 100.16885012619223, 4.632342998102166, -143.42962010427962, 8.534413806110107, 29.877770447137387, 69.61388338116237, 143.44023235860087, -75.09178863922293, -1.0775813971631802, -69.68642860497756, -16.37603241512159, -160.43556500606266, -66.46513871474828, -93.40900889421145, 11.736114096055505, 122.43136057768193, 16.2341055016841, 159.00382226274692, 16.075051388162684, -95.59103210443675, 151.28539002061947, -86.72005918959218, 71.48202358194668, 113.8706137751287, -14.680189245035487, 77.2613896190646, 22.444541793884014, -34.42649813876392, -11.018328563487355], [34.582278451505886, -26.725911625735066, 18.19714474674186, -5.306796638989246, -66.13410457728001, 102.63775986852217, 32.7353728707052, 36.08001804211538, -1.4987542548867685, -34.90953623638882, 37.81752866372158, -45.23788353442861, 12.872730930917397, 41.59047592776269, -15.13417943312047, -27.820314642068386, -73.86740818046904, -97.02407498868642, -14.002498526428262, 725.2636018953856, 1.877794940650505, 59.867499542056834, -52.43638260527107, -3.5218390974941665, -141.0311881178579, 84.69275551096908, 68.27569428785671, -96.44919739677219, -37.474497721494544, 103.09033748302124, -24.56868788688428, 1.5294156142581528, 70.27847695417151, -99.26306948345106, -63.651340748607154, -4.479186748108946, -140.98979184837128, -24.573196799051644, -46.626874504817756, 56.90813787164605, -19.474893699670737, 16.43474098373233, -11.329402784738209, 36.063298299851496, -109.85693801819637, -53.552166199992506, -2.1137743876286628, -141.92642277829597, 81.001779751971, -39.27894429432575, 103.45470705916519, 89.87752182614915, 62.674762840937774, -142.41709304335606, 1.9140119382612524, 62.84475784358326, 90.1407040312863, -43.59621890892609, -138.34744617638697, 110.51229177705797, 63.3124454373414, -53.17536873651754, 9.852413348830854, -62.48444367362594, 38.46877004217014, -36.32691316214324, 63.472429517967825, -99.24662857607984, -27.191311652736243, 68.34142129425, -92.72685649731463, -104.70901573103264, -96.02641369504882, -33.85046634410085, -47.030457280730495, -44.12569654698025, -25.1252663143085, -104.96840024868631, -19.04071093529422, -138.23051793997797, -55.81876714549378, -58.27140518362251, -135.65130040924805, 41.63198863534263, 7.292619216810713, -42.086369318014924, 120.8969215396052, 23.49051779392137, -57.76293303113563, 97.32056916158308, 113.54749247769702, -19.029709701302355, -19.025120138033795, 19.47999540077914, 60.31698099274644, -22.418946757587868, 35.814894784637126, 66.84744719899567, -33.95537572307776, 92.4622637220937], [-35.65034532914706, 81.5158870081721, -37.03091106183678, -30.555172337734508, 120.76412514126216, 18.928543395859176, -54.8099148116023, -33.26104141010491, 54.152249784860025, -17.37904469791941, -0.30782927666257354, -62.629362978691304, 65.84387646937125, -161.16302310084532, -104.45789981388066, 17.151336573